LOCATION: 
SYSTEM SERIAL: HKZA
TIMESTAMP (ISO-8601) UTC,WindDir004m deg,WindDir030m deg,WindDir040m deg,WindDir040m_ref deg,WindDir060m deg,WindDir080m deg,WindDir100m deg,WindDir120m deg,WindDir140m deg,WindDir160m deg,WindDir180m deg,WindDir200m deg,WindGust004m m/s,WindSpeed004m m/s,WindSpeed030mh m/s,WindSpeed040mh m/s,WindSpeed040m_refh m/s,WindSpeed060mh m/s,WindSpeed080mh m/s,WindSpeed100mh m/s,WindSpeed120mh m/s,WindSpeed140mh m/s,WindSpeed160mh m/s,WindSpeed180mh m/s,WindSpeed200mh m/s,TI 030m,TI 040m,TI 040m ref,TI 060m,TI 080m,TI 100m,TI 120m,TI 140m,TI 160m,TI 180m,TI 200m
2016-12-25T00:00:00Z,234.49219,246.79688,243.98438,245.74219,242.92969,246.44531,249.96094,241.52344,242.22656,246.44531,249.60938,247.85156,13.94531,9.96094,15.0,15.46875,15.11719,16.58203,16.93359,16.52344,16.93359,17.22656,17.57813,18.10547,18.22266,0.15625,0.117188,0.140381,0.112305,0.117188,0.112305,0.096436,0.10376,0.119629,0.12207,0.10498
2016-12-25T00:10:00Z,236.25,242.22656,244.6875,241.17188,245.39063,246.44531,244.6875,246.44531,245.39063,246.79688,248.55469,247.5,14.53125,9.96094,15.35156,15.29297,15.05859,16.17188,16.81641,16.69922,17.22656,17.57813,17.98828,18.39844,17.98828,0.13916,0.158691,0.114746,0.13916,0.100098,0.111084,0.133057,0.129395,0.109863,0.101318,0.113525
2016-12-25T00:20:00Z,238.00781,242.22656,242.57813,241.875,244.6875,243.63281,245.39063,249.96094,246.79688,247.85156,253.125,246.09375,14.53125,10.07813,14.41406,15.0,14.76563,15.76172,16.40625,17.34375,17.57813,18.22266,18.39844,17.8125,18.10547,0.136719,0.109863,0.123291,0.123291,0.131836,0.123291,0.093994,0.079346,0.119629,0.119629,0.10376
2016-12-25T00:30:00Z,237.30469,244.6875,248.55469,246.09375,248.20313,249.25781,246.09375,246.79688,246.44531,250.3125,245.74219,254.17969,13.59375,10.01953,14.0625,14.70703,15.11719,15.64453,15.70313,16.34766,16.75781,17.40234,17.92969,18.69141,18.51563,0.10498,0.097656,0.12085,0.106201,0.128174,0.111084,0.130615,0.108643,0.090332,0.08667,0.10498
2016-12-25T00:40:00Z,238.71094,246.79688,243.98438,246.09375,249.60938,244.6875,247.14844,247.85156,248.55469,249.25781,258.04688,249.60938,14.0625,9.84375,14.41406,14.82422,14.64844,15.46875,15.99609,16.75781,17.87109,17.92969,18.39844,18.45703,17.69531,0.124512,0.113525,0.101318,0.113525,0.097656,0.100098,0.115967,0.10376,0.089111,0.106201,0.12207
2016-12-25T00:50:00Z,239.41406,250.66406,248.20313,248.20313,247.14844,248.55469,247.14844,248.55469,249.25781,243.63281,248.55469,247.14844,13.94531,9.84375,14.70703,14.94141,15.23438,15.29297,15.99609,16.28906,16.34766,16.46484,17.40234,17.63672,18.39844,0.115967,0.089111,0.125732,0.123291,0.129395,0.096436,0.100098,0.112305,0.095215,0.102539,0.109863
2016-12-25T01:00:00Z,240.11719,249.25781,247.14844,249.60938,246.79688,250.3125,247.85156,248.55469,246.09375,251.71875,251.01563,254.17969,13.59375,9.49219,14.29688,14.35547,14.88281,15.17578,15.99609,16.17188,16.93359,17.40234,17.69531,17.8125,18.04688,0.125732,0.145264,0.10376,0.102539,0.10376,0.124512,0.134277,0.117188,0.107422,0.118408,0.100098
2016-12-25T01:10:00Z,243.28125,251.36719,245.03906,252.77344,248.90625,249.96094,252.07031,249.25781,250.66406,254.17969,254.17969,252.77344,15.05859,9.60938,13.82813,14.47266,14.0625,14.64844,15.76172,15.99609,16.11328,16.69922,17.57813,17.75391,18.04688,0.159912,0.135498,0.125732,0.114746,0.133057,0.128174,0.107422,0.111084,0.10376,0.090332,0.133057
2016-12-25T01:20:00Z,240.11719,249.96094,247.14844,251.36719,246.79688,251.01563,247.85156,248.90625,247.14844,250.3125,249.25781,253.125,12.59766,9.31641,13.41797,13.88672,13.71094,14.41406,14.82422,15.64453,15.87891,16.17188,16.75781,16.93359,17.28516,0.107422,0.131836,0.111084,0.102539,0.108643,0.124512,0.112305,0.08667,0.100098,0.108643,0.092773
2016-12-25T01:30:00Z,238.35938,243.98438,247.85156,247.14844,243.63281,246.09375,242.92969,247.85156,247.85156,248.55469,249.96094,247.85156,12.71484,8.61328,13.71094,14.35547,14.29688,15.0,15.29297,16.23047,16.75781,16.52344,16.75781,17.46094,17.87109,0.126953,0.106201,0.092773,0.129395,0.106201,0.112305,0.113525,0.113525,0.093994,0.115967,0.12207
2016-12-25T01:40:00Z,236.60156,242.92969,241.875,243.28125,242.22656,245.39063,249.25781,244.6875,250.66406,249.25781,246.79688,245.74219,13.125,9.49219,13.94531,14.23828,14.94141,15.0,15.64453,16.34766,16.875,16.58203,16.58203,17.34375,17.8125,0.125732,0.123291,0.117188,0.12207,0.12085,0.115967,0.150146,0.111084,0.112305,0.107422,0.119629
2016-12-25T01:50:00Z,234.49219,246.79688,245.74219,244.6875,247.14844,242.57813,245.39063,243.28125,251.01563,243.98438,248.20313,249.25781,13.47656,9.49219,13.88672,14.0625,14.00391,14.53125,15.05859,15.9375,16.69922,16.69922,17.69531,17.75391,17.98828,0.125732,0.131836,0.130615,0.135498,0.093994,0.124512,0.109863,0.090332,0.113525,0.098877,0.109863
2016-12-25T02:00:00Z,236.25,246.09375,243.63281,241.17188,244.33594,247.14844,246.79688,244.6875,244.6875,247.14844,243.98438,248.20313,12.53906,9.375,13.18359,13.65234,13.76953,14.82422,15.70313,15.9375,16.05469,16.81641,17.40234,17.75391,17.75391,0.144043,0.129395,0.163574,0.135498,0.142822,0.112305,0.124512,0.129395,0.118408,0.117188,0.112305
2016-12-25T02:10:00Z,234.84375,238.35938,242.92969,242.57813,240.46875,245.03906,242.22656,241.17188,247.14844,245.03906,242.57813,245.74219,13.30078,9.43359,12.89063,13.59375,13.35938,14.47266,14.94141,15.05859,15.87891,16.11328,17.10938,17.57813,18.10547,0.109863,0.115967,0.115967,0.08667,0.12085,0.135498,0.117188,0.147705,0.113525,0.102539,0.097656
2016-12-25T02:20:00Z,232.38281,240.11719,243.98438,239.41406,239.41406,237.65625,240.11719,236.25,244.33594,241.52344,241.52344,246.79688,13.125,9.19922,12.59766,13.06641,13.24219,14.0625,14.64844,15.23438,16.11328,16.46484,16.46484,16.69922,16.52344,0.126953,0.137939,0.125732,0.111084,0.098877,0.090332,0.087891,0.089111,0.095215,0.118408,0.117188
2016-12-25T02:30:00Z,229.57031,238.35938,238.00781,235.89844,235.19531,234.84375,241.52344,238.71094,240.82031,239.41406,243.28125,240.82031,12.30469,9.31641,12.53906,12.94922,13.35938,13.47656,14.76563,15.17578,15.58594,15.82031,16.64063,16.46484,16.99219,0.135498,0.118408,0.126953,0.108643,0.115967,0.102539,0.151367,0.147705,0.096436,0.109863,0.159912
2016-12-25T02:40:00Z,228.16406,236.95313,238.71094,242.22656,241.52344,241.52344,237.30469,237.30469,239.0625,237.65625,240.46875,243.63281,12.07031,9.08203,13.24219,14.0625,13.125,14.0625,14.47266,14.94141,16.05469,16.46484,16.875,17.22656,17.10938,0.145264,0.109863,0.109863,0.147705,0.119629,0.111084,0.10498,0.112305,0.129395,0.112305,0.10498
2016-12-25T02:50:00Z,229.57031,235.89844,234.49219,236.60156,239.0625,241.52344,239.76563,231.67969,237.30469,242.22656,246.44531,239.41406,13.00781,9.66797,13.06641,14.29688,13.30078,14.58984,15.11719,15.41016,15.9375,16.75781,17.28516,17.92969,17.8125,0.124512,0.167236,0.125732,0.169678,0.097656,0.113525,0.131836,0.100098,0.10498,0.078125,0.101318
2016-12-25T03:00:00Z,229.21875,238.71094,235.89844,234.49219,238.00781,237.30469,238.71094,232.73438,242.57813,242.57813,235.19531,237.30469,13.30078,10.13672,13.41797,14.41406,14.17969,14.47266,14.88281,15.76172,16.40625,16.28906,16.58203,17.28516,17.98828,0.098877,0.129395,0.097656,0.145264,0.123291,0.133057,0.115967,0.12085,0.123291,0.109863,0.142822
2016-12-25T03:10:00Z,228.16406,235.89844,240.46875,234.49219,232.73438,236.60156,238.35938,234.14063,235.54688,237.30469,237.65625,236.60156,12.94922,10.3125,13.53516,13.88672,14.29688,15.35156,16.28906,16.05469,15.99609,17.05078,17.57813,17.69531,18.22266,0.12085,0.155029,0.130615,0.125732,0.115967,0.095215,0.125732,0.117188,0.107422,0.10498,0.113525
2016-12-25T03:20:00Z,227.46094,234.84375,232.73438,238.35938,236.95313,234.84375,232.38281,234.84375,240.11719,238.35938,233.78906,239.0625,13.41797,10.72266,13.94531,14.88281,14.41406,14.88281,15.52734,16.40625,17.57813,17.22656,17.28516,17.63672,17.69531,0.137939,0.126953,0.118408,0.141602,0.100098,0.107422,0.142822,0.130615,0.124512,0.136719,0.147705
2016-12-25T03:30:00Z,228.16406,229.21875,234.84375,228.16406,233.08594,233.08594,234.84375,234.49219,238.35938,234.14063,236.25,235.19531,13.41797,10.66406,13.65234,14.12109,13.76953,14.64844,15.76172,15.82031,15.99609,16.28906,17.34375,17.57813,17.40234,0.148926,0.131836,0.137939,0.136719,0.126953,0.145264,0.158691,0.098877,0.119629,0.119629,0.106201
2016-12-25T03:40:00Z,225.35156,233.08594,233.4375,230.625,229.21875,231.32813,229.57031,227.8125,235.89844,234.84375,235.19531,243.28125,14.12109,10.60547,13.88672,13.82813,14.64844,14.53125,15.11719,16.11328,16.64063,17.10938,16.81641,18.22266,19.39453,0.118408,0.142822,0.124512,0.140381,0.124512,0.12085,0.135498,0.129395,0.161133,0.123291,0.096436
2016-12-25T03:50:00Z,223.94531,231.67969,230.625,229.21875,228.86719,232.03125,230.27344,232.03125,232.03125,238.00781,236.95313,236.60156,13.06641,10.72266,13.35938,13.71094,13.65234,14.47266,14.94141,15.23438,16.17188,17.10938,17.28516,17.57813,17.40234,0.144043,0.134277,0.140381,0.144043,0.106201,0.119629,0.123291,0.12085,0.112305,0.12085,0.108643
2016-12-25T04:00:00Z,225.0,231.67969,233.4375,228.16406,235.19531,230.27344,234.49219,237.65625,235.54688,235.19531,237.30469,238.71094,13.82813,10.3125,12.83203,12.94922,13.47656,13.65234,15.17578,15.99609,16.11328,16.40625,17.22656,17.40234,18.57422,0.145264,0.12207,0.108643,0.124512,0.106201,0.119629,0.114746,0.107422,0.084229,0.113525,0.107422
2016-12-25T04:10:00Z,228.51563,236.25,236.95313,238.71094,244.6875,241.875,238.71094,241.52344,240.11719,242.92969,235.54688,243.63281,13.00781,10.13672,13.125,13.47656,13.41797,14.53125,14.94141,15.87891,15.99609,16.81641,17.34375,17.63672,17.98828,0.147705,0.130615,0.129395,0.112305,0.115967,0.123291,0.109863,0.119629,0.13916,0.095215,0.12085
2016-12-25T04:20:00Z,235.89844,241.875,243.28125,241.17188,238.35938,241.875,242.92969,240.82031,239.41406,247.14844,245.74219,243.98438,13.00781,10.42969,13.53516,13.88672,13.71094,14.58984,15.41016,15.58594,16.28906,16.69922,17.51953,17.75391,18.57422,0.125732,0.126953,0.136719,0.111084,0.114746,0.10376,0.114746,0.130615,0.10376,0.090332,0.112305
2016-12-25T04:30:00Z,237.30469,235.19531,243.98438,239.0625,238.35938,241.875,239.76563,244.6875,245.74219,247.5,241.875,247.14844,13.65234,10.60547,13.18359,13.76953,13.30078,14.58984,15.17578,15.76172,16.05469,16.99219,16.99219,17.51953,18.69141,0.115967,0.113525,0.146484,0.100098,0.102539,0.130615,0.119629,0.109863,0.12207,0.090332,0.124512
2016-12-25T04:40:00Z,236.95313,243.98438,241.52344,239.41406,242.22656,241.17188,242.57813,247.5,249.25781,246.79688,245.03906,248.90625,14.35547,10.25391,13.35938,14.12109,13.88672,14.35547,15.70313,16.46484,17.05078,17.16797,17.22656,17.22656,19.21875,0.102539,0.135498,0.081787,0.130615,0.12207,0.101318,0.113525,0.106201,0.117188,0.118408,0.10498
2016-12-25T04:50:00Z,241.17188,243.63281,248.20313,242.57813,243.28125,247.5,246.09375,249.25781,246.44531,247.5,249.25781,257.34375,12.94922,10.13672,13.76953,14.0625,14.17969,15.0,16.05469,16.46484,16.64063,16.93359,18.04688,18.80859,20.09766,0.135498,0.174561,0.142822,0.136719,0.129395,0.136719,0.118408,0.113525,0.100098,0.141602,0.117188
2016-12-25T05:00:00Z,242.92969,249.60938,247.14844,247.14844,252.42188,252.77344,251.71875,255.23438,248.55469,255.58594,254.88281,261.5625,13.65234,10.78125,13.65234,14.00391,13.82813,15.17578,15.87891,16.64063,16.69922,17.57813,18.33984,18.45703,19.57031,0.113525,0.124512,0.133057,0.114746,0.112305,0.113525,0.119629,0.095215,0.10376,0.106201,0.106201
2016-12-25T05:10:00Z,248.55469,255.9375,251.71875,249.96094,255.58594,249.60938,252.77344,254.88281,257.34375,248.55469,255.58594,261.91406,13.88672,10.42969,13.00781,13.76953,13.47656,14.35547,14.70703,15.76172,16.34766,16.34766,16.58203,17.57813,18.86719,0.128174,0.115967,0.107422,0.113525,0.12085,0.091553,0.109863,0.098877,0.098877,0.117188,0.108643
2016-12-25T05:20:00Z,249.25781,251.01563,249.96094,252.07031,253.47656,252.77344,253.125,253.125,251.01563,254.53125,251.36719,266.13281,12.12891,9.84375,13.47656,13.82813,13.65234,14.64844,15.23438,15.70313,15.64453,16.46484,16.69922,18.16406,19.10156,0.126953,0.112305,0.13916,0.12085,0.100098,0.113525,0.090332,0.095215,0.10376,0.123291,0.126953
2016-12-25T05:30:00Z,248.90625,249.25781,256.99219,253.125,252.07031,252.42188,249.96094,255.58594,255.58594,256.99219,258.75,261.91406,12.42188,9.78516,13.30078,13.71094,13.41797,13.94531,14.41406,15.70313,16.40625,16.875,16.99219,17.51953,18.28125,0.134277,0.119629,0.126953,0.106201,0.129395,0.119629,0.117188,0.114746,0.097656,0.112305,0.119629
2016-12-25T05:40:00Z,249.25781,253.82813,253.47656,248.55469,254.53125,255.9375,253.125,253.47656,255.58594,258.04688,256.64063,261.5625,12.89063,9.96094,13.06641,13.53516,13.71094,14.53125,15.05859,15.46875,15.99609,16.93359,17.8125,18.16406,18.69141,0.12207,0.12085,0.108643,0.111084,0.10376,0.124512,0.125732,0.095215,0.093994,0.112305,0.10376
2016-12-25T05:50:00Z,248.20313,253.125,257.69531,255.23438,257.69531,256.28906,258.39844,261.5625,256.99219,258.75,262.26563,266.13281,12.24609,9.66797,12.83203,13.35938,13.47656,14.12109,14.94141,15.23438,15.70313,16.58203,17.46094,17.8125,18.10547,0.109863,0.118408,0.114746,0.095215,0.073242,0.102539,0.109863,0.128174,0.111084,0.114746,0.10498
2016-12-25T06:00:00Z,249.60938,251.71875,252.42188,255.9375,256.64063,253.125,255.23438,256.28906,256.64063,257.69531,261.91406,263.32031,12.71484,9.31641,11.83594,12.42188,12.48047,12.94922,13.76953,14.58984,15.11719,15.41016,16.40625,16.93359,17.40234,0.12207,0.10498,0.12085,0.097656,0.098877,0.107422,0.090332,0.112305,0.107422,0.101318,0.097656
2016-12-25T06:10:00Z,247.85156,247.5,252.07031,248.90625,251.01563,253.82813,256.28906,253.82813,255.58594,260.85938,260.15625,260.85938,11.95313,8.90625,12.71484,13.71094,13.18359,14.53125,14.88281,15.41016,16.05469,16.40625,16.93359,17.22656,18.51563,0.123291,0.150146,0.109863,0.102539,0.106201,0.095215,0.087891,0.114746,0.100098,0.129395,0.129395
2016-12-25T06:20:00Z,247.14844,251.71875,258.75,252.42188,253.82813,253.47656,256.28906,252.07031,254.17969,256.64063,259.80469,259.45313,12.83203,9.55078,12.83203,13.30078,13.41797,13.76953,14.82422,15.46875,16.17188,16.75781,17.46094,17.87109,18.22266,0.162354,0.134277,0.150146,0.119629,0.133057,0.111084,0.101318,0.113525,0.109863,0.096436,0.100098
2016-12-25T06:30:00Z,248.90625,256.64063,251.71875,255.23438,255.58594,255.58594,256.28906,256.28906,259.45313,259.45313,265.42969,263.67188,13.00781,9.60938,12.65625,13.53516,13.06641,14.58984,15.17578,15.64453,16.17188,16.69922,17.63672,17.87109,18.10547,0.12085,0.125732,0.17334,0.129395,0.114746,0.117188,0.087891,0.08667,0.107422,0.108643,0.107422
2016-12-25T06:40:00Z,251.01563,251.01563,256.28906,259.80469,258.04688,255.9375,258.75,256.64063,260.50781,261.21094,264.72656,264.02344,12.71484,10.01953,12.77344,13.59375,12.83203,13.88672,14.29688,15.17578,15.52734,15.87891,15.99609,17.05078,17.51953,0.124512,0.126953,0.123291,0.10498,0.10376,0.10376,0.079346,0.112305,0.100098,0.12085,0.125732
2016-12-25T06:50:00Z,251.71875,253.125,256.64063,258.75,254.17969,254.53125,256.64063,255.23438,256.64063,262.26563,265.07813,263.67188,11.77734,9.375,12.89063,13.24219,13.24219,13.76953,14.47266,15.05859,15.41016,16.69922,17.16797,17.22656,17.69531,0.125732,0.12207,0.109863,0.136719,0.12207,0.091553,0.113525,0.119629,0.107422,0.10376,0.111084
2016-12-25T07:00:00Z,249.96094,252.42188,252.07031,250.66406,253.47656,254.53125,254.53125,254.53125,256.64063,258.75,259.10156,265.42969,12.1875,9.375,12.53906,13.06641,13.24219,14.0625,14.29688,15.11719,15.70313,16.11328,16.58203,17.63672,18.22266,0.140381,0.141602,0.098877,0.12207,0.092773,0.126953,0.111084,0.093994,0.096436,0.096436,0.112305
2016-12-25T07:10:00Z,246.09375,251.71875,251.01563,249.96094,250.3125,252.07031,253.82813,252.07031,255.58594,256.28906,259.80469,265.07813,12.59766,9.43359,12.94922,13.30078,13.59375,14.00391,14.47266,14.94141,15.58594,16.23047,16.69922,17.46094,17.92969,0.096436,0.108643,0.101318,0.076904,0.101318,0.080566,0.079346,0.076904,0.108643,0.10376,0.100098
2016-12-25T07:20:00Z,245.39063,252.77344,253.82813,253.47656,254.88281,254.17969,250.66406,255.9375,256.99219,260.85938,265.42969,268.24219,11.77734,9.375,12.77344,12.94922,13.30078,13.65234,13.94531,14.58984,15.05859,15.76172,16.23047,17.40234,17.87109,0.128174,0.140381,0.117188,0.125732,0.08667,0.133057,0.10498,0.08667,0.100098,0.111084,0.111084
2016-12-25T07:30:00Z,248.20313,253.82813,253.82813,248.90625,253.125,252.07031,255.9375,255.23438,254.88281,253.82813,269.64844,269.29688,12.42188,9.31641,11.89453,12.36328,12.42188,13.06641,13.76953,13.88672,14.35547,15.35156,16.23047,16.64063,17.16797,0.129395,0.095215,0.12207,0.106201,0.130615,0.100098,0.12085,0.115967,0.095215,0.107422,0.098877
2016-12-25T07:40:00Z,247.85156,253.47656,249.96094,252.42188,253.82813,254.53125,254.88281,255.23438,259.10156,259.80469,266.83594,270.35156,11.30859,8.78906,11.30859,11.71875,11.95313,12.71484,13.41797,14.0625,14.17969,14.82422,15.35156,16.58203,16.81641,0.113525,0.140381,0.124512,0.12207,0.114746,0.108643,0.111084,0.098877,0.106201,0.095215,0.096436
2016-12-25T07:50:00Z,249.25781,248.90625,252.42188,249.60938,253.82813,248.55469,253.125,252.07031,254.17969,264.72656,267.1875,266.13281,11.07422,8.55469,11.13281,11.66016,11.54297,12.12891,12.94922,14.00391,14.70703,15.52734,15.82031,16.52344,17.10938,0.134277,0.115967,0.140381,0.112305,0.141602,0.124512,0.093994,0.124512,0.095215,0.12207,0.098877
2016-12-25T08:00:00Z,243.63281,245.39063,249.25781,248.20313,249.60938,247.85156,253.47656,254.53125,253.82813,256.64063,262.96875,269.29688,11.07422,8.37891,11.25,11.89453,11.66016,12.77344,13.65234,14.47266,14.82422,15.70313,16.64063,17.40234,17.28516,0.166016,0.164795,0.168457,0.128174,0.119629,0.098877,0.131836,0.131836,0.140381,0.10376,0.119629
2016-12-25T08:10:00Z,242.92969,247.5,247.5,243.98438,243.98438,248.90625,247.14844,253.47656,252.77344,255.23438,261.5625,267.53906,11.54297,8.67188,12.71484,13.00781,13.18359,13.82813,14.53125,15.0,14.64844,15.05859,15.82031,17.10938,17.87109,0.115967,0.134277,0.096436,0.100098,0.125732,0.137939,0.115967,0.118408,0.118408,0.098877,0.115967
2016-12-25T08:20:00Z,240.46875,243.28125,238.35938,242.57813,243.98438,244.6875,245.74219,245.39063,244.33594,247.85156,251.71875,260.50781,12.53906,9.60938,11.36719,11.83594,11.71875,12.30469,12.83203,13.06641,13.53516,13.88672,15.0,16.28906,17.10938,0.126953,0.137939,0.158691,0.124512,0.141602,0.109863,0.097656,0.136719,0.12085,0.128174,0.106201
2016-12-25T08:30:00Z,238.71094,238.71094,243.98438,240.11719,243.28125,242.57813,243.98438,246.09375,243.63281,247.85156,255.58594,263.32031,11.36719,8.20313,10.83984,11.42578,10.78125,12.36328,12.77344,13.24219,13.94531,14.58984,15.35156,16.28906,17.22656,0.159912,0.146484,0.205078,0.130615,0.144043,0.142822,0.124512,0.087891,0.12207,0.097656,0.097656
2016-12-25T08:40:00Z,236.95313,241.875,239.76563,247.14844,243.98438,245.39063,239.76563,244.33594,245.03906,251.36719,254.88281,261.5625,11.19141,8.67188,12.83203,13.125,13.18359,13.94531,14.12109,14.58984,15.05859,15.41016,16.11328,16.875,18.16406,0.140381,0.12207,0.107422,0.111084,0.146484,0.119629,0.091553,0.137939,0.111084,0.10376,0.108643
2016-12-25T08:50:00Z,237.30469,238.00781,238.00781,237.65625,240.46875,241.875,242.92969,243.63281,241.875,245.39063,254.88281,257.69531,13.125,9.96094,11.71875,12.07031,12.42188,12.65625,13.47656,14.00391,14.41406,14.76563,15.82031,16.52344,17.34375,0.130615,0.106201,0.136719,0.12207,0.111084,0.100098,0.107422,0.10498,0.089111,0.13916,0.112305
2016-12-25T09:00:00Z,232.73438,240.82031,235.89844,237.30469,233.4375,243.28125,241.52344,242.22656,241.875,246.44531,251.01563,256.28906,11.30859,8.96484,11.30859,12.07031,11.83594,13.24219,13.88672,14.0625,14.47266,15.29297,15.82031,16.81641,17.51953,0.133057,0.134277,0.133057,0.114746,0.142822,0.136719,0.137939,0.10376,0.112305,0.101318,0.131836
2016-12-25T09:10:00Z,232.03125,235.54688,236.25,236.95313,235.89844,238.35938,238.71094,244.6875,246.44531,241.17188,254.88281,255.9375,11.95313,8.84766,11.83594,12.59766,12.53906,13.30078,14.41406,14.76563,15.23438,15.58594,16.17188,17.05078,17.87109,0.169678,0.133057,0.180664,0.130615,0.137939,0.12085,0.10376,0.128174,0.100098,0.126953,0.155029
2016-12-25T09:20:00Z,230.625,234.49219,233.4375,234.14063,233.08594,237.30469,236.60156,243.28125,240.46875,244.33594,246.79688,252.77344,12.59766,9.78516,12.89063,13.18359,13.125,13.82813,14.35547,15.35156,15.70313,16.17188,16.58203,16.99219,17.92969,0.135498,0.128174,0.10376,0.108643,0.118408,0.151367,0.133057,0.109863,0.129395,0.118408,0.12085
2016-12-25T09:30:00Z,228.86719,234.14063,235.54688,233.08594,235.89844,239.76563,235.89844,239.41406,240.11719,241.52344,245.74219,246.09375,12.30469,9.31641,12.59766,12.83203,12.65625,13.65234,14.00391,14.47266,15.0,15.29297,15.87891,17.10938,18.45703,0.135498,0.123291,0.107422,0.084229,0.117188,0.10498,0.111084,0.10498,0.134277,0.147705,0.114746
2016-12-25T09:40:00Z,227.8125,239.41406,234.14063,234.84375,239.41406,237.65625,238.71094,235.19531,238.00781,243.28125,246.44531,251.36719,12.07031,9.375,12.48047,13.125,13.06641,13.41797,13.65234,14.17969,15.23438,16.46484,17.75391,19.10156,19.62891,0.12207,0.118408,0.12085,0.126953,0.124512,0.128174,0.115967,0.087891,0.093994,0.117188,0.12207
2016-12-25T09:50:00Z,227.10938,235.89844,232.38281,231.67969,234.84375,236.25,235.89844,239.76563,240.82031,246.79688,248.90625,247.5,12.36328,9.49219,12.36328,12.94922,13.125,13.82813,14.82422,15.35156,16.05469,16.69922,17.22656,18.51563,19.27734,0.129395,0.133057,0.12085,0.130615,0.114746,0.12207,0.095215,0.095215,0.096436,0.124512,0.13916
2016-12-25T10:00:00Z,225.35156,233.4375,233.08594,236.25,238.35938,234.14063,234.49219,240.82031,238.71094,246.09375,245.74219,251.36719,11.95313,9.375,13.125,13.88672,13.125,14.94141,15.17578,15.87891,16.05469,16.81641,17.98828,18.98438,19.62891,0.133057,0.098877,0.134277,0.090332,0.102539,0.097656,0.124512,0.128174,0.136719,0.111084,0.133057
2016-12-25T10:10:00Z,228.86719,236.95313,239.41406,239.41406,238.35938,246.09375,240.82031,240.11719,243.28125,247.85156,254.17969,247.5,12.83203,9.375,13.82813,14.64844,14.00391,15.46875,15.35156,15.23438,15.87891,16.875,18.51563,18.51563,19.33594,0.135498,0.148926,0.151367,0.10376,0.100098,0.115967,0.090332,0.098877,0.107422,0.101318,0.102539
2016-12-25T10:20:00Z,233.4375,239.76563,245.03906,239.0625,240.82031,240.46875,241.875,242.92969,242.22656,251.36719,252.77344,252.77344,12.94922,9.19922,13.00781,13.65234,13.35938,14.58984,15.23438,15.82031,16.28906,17.10938,18.98438,19.92188,20.27344,0.125732,0.12207,0.12085,0.144043,0.102539,0.141602,0.131836,0.128174,0.114746,0.102539,0.10376
2016-12-25T10:30:00Z,233.08594,240.82031,242.92969,243.63281,245.39063,241.17188,243.98438,244.33594,250.66406,253.82813,252.07031,247.14844,13.47656,9.14063,13.24219,14.12109,13.88672,14.64844,15.29297,15.46875,17.16797,18.33984,18.86719,18.98438,19.39453,0.147705,0.106201,0.114746,0.098877,0.108643,0.119629,0.115967,0.111084,0.101318,0.126953,0.12085
2016-12-25T10:40:00Z,232.03125,238.71094,243.28125,233.78906,241.875,239.41406,244.33594,239.41406,245.03906,251.71875,251.71875,252.07031,11.83594,8.67188,13.41797,13.88672,14.12109,14.64844,15.41016,16.28906,16.52344,18.39844,19.6875,19.74609,18.92578,0.12085,0.140381,0.135498,0.118408,0.12085,0.118408,0.114746,0.133057,0.093994,0.079346,0.114746
2016-12-25T10:50:00Z,229.92188,242.22656,238.71094,236.60156,235.19531,243.28125,240.11719,246.79688,247.5,252.77344,246.79688,251.71875,13.30078,9.31641,13.76953,14.17969,14.29688,15.41016,16.05469,16.99219,17.40234,18.98438,18.98438,19.45313,19.86328,0.124512,0.112305,0.100098,0.091553,0.12207,0.10376,0.10376,0.109863,0.123291,0.102539,0.098877
2016-12-25T11:00:00Z,229.57031,239.76563,239.41406,238.00781,241.17188,236.95313,239.41406,239.41406,242.22656,249.25781,249.96094,244.33594,12.48047,9.375,13.65234,14.35547,14.17969,14.64844,15.05859,15.99609,18.10547,19.04297,19.80469,19.33594,19.74609,0.135498,0.107422,0.118408,0.092773,0.109863,0.118408,0.123291,0.119629,0.101318,0.092773,0.087891
2016-12-25T11:10:00Z,226.75781,238.00781,235.19531,236.25,240.82031,240.46875,241.875,247.85156,244.6875,243.98438,245.03906,247.5,13.06641,9.49219,13.30078,14.0625,13.88672,15.35156,15.87891,15.9375,17.75391,17.92969,19.86328,19.92188,21.09375,0.119629,0.111084,0.118408,0.098877,0.102539,0.106201,0.118408,0.134277,0.10498,0.106201,0.084229
2016-12-25T11:20:00Z,227.46094,233.4375,234.14063,232.38281,232.03125,235.89844,240.82031,242.22656,246.79688,246.79688,243.98438,249.60938,12.48047,8.67188,14.82422,15.35156,15.17578,16.875,18.22266,18.63281,19.74609,20.50781,20.80078,21.38672,22.20703,0.150146,0.146484,0.150146,0.119629,0.10498,0.12207,0.109863,0.106201,0.085449,0.12085,0.101318
2016-12-25T11:30:00Z,226.40625,233.78906,234.14063,233.08594,233.4375,236.60156,239.76563,247.5,244.6875,242.92969,246.09375,244.33594,14.00391,10.13672,15.76172,16.81641,16.40625,17.28516,18.04688,19.10156,20.50781,20.74219,21.50391,21.67969,22.03125,0.128174,0.112305,0.112305,0.102539,0.119629,0.107422,0.080566,0.115967,0.093994,0.081787,0.070801
2016-12-25T11:40:00Z,223.59375,229.57031,230.97656,232.38281,238.00781,232.38281,238.71094,240.11719,241.17188,244.6875,245.39063,244.6875,14.53125,10.37109,14.94141,16.05469,15.82031,17.10938,18.33984,19.27734,20.27344,21.67969,22.20703,22.79297,22.55859,0.114746,0.098877,0.10376,0.097656,0.092773,0.079346,0.100098,0.107422,0.10498,0.10376,0.081787
2016-12-25T11:50:00Z,221.83594,234.14063,228.16406,233.78906,235.54688,238.00781,236.60156,239.0625,243.63281,248.55469,243.28125,250.66406,14.00391,10.3125,15.52734,16.40625,16.11328,17.8125,18.69141,18.92578,20.68359,21.73828,21.38672,21.79688,21.73828,0.091553,0.100098,0.113525,0.107422,0.100098,0.10498,0.10376,0.125732,0.085449,0.100098,0.100098
2016-12-25T12:00:00Z,221.48438,233.08594,226.05469,231.67969,232.38281,234.49219,232.73438,230.97656,239.0625,242.22656,247.14844,248.20313,14.82422,10.3125,15.41016,16.64063,16.23047,17.05078,18.16406,18.63281,19.6875,20.27344,21.26953,21.38672,21.91406,0.112305,0.107422,0.106201,0.112305,0.12085,0.111084,0.080566,0.081787,0.117188,0.123291,0.100098
2016-12-25T12:10:00Z,221.48438,227.46094,233.4375,234.14063,229.92188,233.78906,230.97656,233.78906,235.19531,236.60156,239.0625,241.52344,14.70703,10.3125,15.58594,16.11328,15.9375,16.81641,17.8125,18.16406,18.92578,19.74609,20.09766,20.85938,21.79688,0.084229,0.115967,0.075684,0.124512,0.096436,0.090332,0.10498,0.108643,0.10498,0.101318,0.106201
2016-12-25T12:20:00Z,221.83594,229.92188,229.92188,228.86719,228.51563,233.4375,234.84375,230.27344,235.19531,236.60156,249.60938,265.78125,13.82813,9.84375,14.53125,15.23438,15.64453,16.11328,17.10938,17.87109,18.69141,19.27734,20.21484,21.38672,21.32813,0.107422,0.115967,0.107422,0.140381,0.134277,0.087891,0.101318,0.095215,0.100098,0.068359,0.087891
2016-12-25T12:30:00Z,219.375,229.57031,232.03125,232.03125,227.10938,230.27344,233.08594,234.84375,232.38281,252.42188,259.10156,258.75,13.53516,9.84375,15.17578,15.58594,15.70313,16.75781,17.16797,18.16406,18.51563,20.33203,21.44531,20.91797,20.44922,0.093994,0.109863,0.109863,0.10498,0.119629,0.101318,0.092773,0.096436,0.108643,0.10376,0.102539
2016-12-25T12:40:00Z,221.13281,227.10938,227.46094,222.53906,228.51563,229.21875,232.73438,239.41406,241.875,248.20313,248.55469,253.125,14.00391,9.90234,15.17578,15.9375,15.52734,16.99219,17.87109,18.10547,18.80859,19.21875,20.33203,20.91797,21.15234,0.092773,0.10498,0.092773,0.134277,0.12207,0.109863,0.133057,0.147705,0.129395,0.10498,0.108643
2016-12-25T12:50:00Z,216.91406,223.94531,225.0,223.24219,226.05469,231.67969,226.05469,229.21875,235.19531,241.52344,242.57813,250.3125,14.64844,9.96094,14.00391,14.70703,14.29688,15.46875,15.58594,17.05078,17.57813,18.45703,19.86328,20.39063,20.80078,0.147705,0.114746,0.12207,0.090332,0.10498,0.128174,0.112305,0.114746,0.097656,0.093994,0.070801
2016-12-25T13:00:00Z,214.10156,220.78125,224.64844,221.13281,223.24219,226.05469,229.57031,228.51563,234.84375,241.875,248.20313,252.42188,14.35547,9.66797,13.18359,14.12109,13.24219,15.0,15.58594,16.69922,17.8125,18.98438,19.92188,20.03906,20.44922,0.102539,0.118408,0.123291,0.136719,0.111084,0.109863,0.091553,0.096436,0.093994,0.090332,0.10498
2016-12-25T13:10:00Z,217.61719,229.92188,231.32813,232.38281,227.8125,230.97656,231.32813,237.65625,241.17188,247.14844,251.71875,253.125,12.53906,8.96484,13.71094,14.35547,14.23828,15.52734,16.40625,16.99219,17.75391,18.98438,20.09766,20.21484,20.39063,0.111084,0.113525,0.12085,0.115967,0.114746,0.097656,0.095215,0.128174,0.090332,0.111084,0.117188
2016-12-25T13:20:00Z,219.02344,228.86719,228.86719,234.14063,228.86719,229.92188,229.21875,229.57031,234.14063,242.57813,247.5,252.07031,13.65234,9.49219,14.0625,14.53125,14.64844,14.58984,15.17578,16.05469,17.05078,17.69531,18.57422,19.57031,20.44922,0.108643,0.126953,0.100098,0.093994,0.10498,0.087891,0.079346,0.112305,0.125732,0.130615,0.115967
2016-12-25T13:30:00Z,222.89063,222.53906,224.29688,228.86719,225.70313,228.86719,228.16406,231.67969,233.4375,233.08594,248.20313,255.9375,12.59766,9.08203,13.94531,14.47266,14.41406,15.35156,16.34766,16.99219,17.16797,17.92969,19.57031,21.21094,21.03516,0.108643,0.124512,0.114746,0.109863,0.129395,0.10498,0.124512,0.091553,0.119629,0.100098,0.092773
2016-12-25T13:40:00Z,214.45313,223.94531,226.75781,224.64844,229.21875,227.46094,232.03125,230.625,237.65625,241.17188,251.01563,257.34375,12.89063,9.55078,13.41797,14.0625,14.12109,15.41016,16.28906,16.69922,17.46094,18.63281,19.86328,19.92188,20.33203,0.135498,0.118408,0.169678,0.111084,0.100098,0.123291,0.101318,0.10376,0.124512,0.111084,0.08667
2016-12-25T13:50:00Z,216.5625,226.05469,224.29688,224.29688,228.16406,229.21875,229.57031,231.32813,233.08594,241.875,257.34375,256.28906,12.65625,9.19922,14.29688,15.05859,14.88281,16.05469,16.99219,17.75391,18.45703,19.27734,20.44922,20.21484,19.92188,0.159912,0.102539,0.146484,0.123291,0.114746,0.147705,0.142822,0.123291,0.111084,0.102539,0.108643
2016-12-25T14:00:00Z,217.61719,227.10938,226.40625,228.51563,227.8125,229.92188,233.4375,231.32813,237.30469,248.90625,255.9375,256.99219,14.53125,10.01953,13.71094,14.58984,14.53125,15.99609,16.17188,16.58203,17.69531,19.21875,19.80469,20.27344,19.86328,0.102539,0.117188,0.148926,0.135498,0.111084,0.12207,0.144043,0.130615,0.084229,0.117188,0.098877
2016-12-25T14:10:00Z,216.5625,220.07813,219.72656,221.83594,222.89063,226.40625,221.83594,224.64844,230.625,243.98438,249.96094,254.88281,11.66016,8.84766,12.53906,13.35938,12.94922,14.17969,14.76563,15.64453,16.64063,17.51953,19.86328,20.56641,20.625,0.136719,0.12207,0.118408,0.134277,0.101318,0.098877,0.124512,0.090332,0.12085,0.097656,0.101318
2016-12-25T14:20:00Z,211.99219,220.42969,220.42969,220.78125,221.83594,221.83594,224.29688,225.0,227.8125,235.19531,244.6875,253.125,12.59766,8.96484,13.47656,14.12109,14.58984,15.05859,15.82031,16.69922,17.40234,17.87109,19.6875,20.625,21.15234,0.129395,0.12085,0.128174,0.135498,0.130615,0.126953,0.128174,0.112305,0.084229,0.100098,0.078125
2016-12-25T14:30:00Z,209.17969,216.91406,216.21094,217.96875,219.375,219.375,217.26563,219.72656,228.16406,227.8125,237.30469,248.55469,13.35938,9.72656,14.0625,14.94141,14.70703,15.82031,17.05078,18.10547,18.45703,18.69141,18.98438,20.625,20.91797,0.123291,0.147705,0.125732,0.15625,0.097656,0.117188,0.124512,0.117188,0.109863,0.12207,0.112305
2016-12-25T14:40:00Z,207.77344,215.85938,215.50781,216.5625,216.21094,221.83594,222.89063,220.42969,219.02344,226.75781,241.17188,249.25781,12.89063,9.84375,14.17969,14.76563,14.23828,15.9375,16.46484,16.69922,17.46094,18.92578,20.03906,20.91797,20.85938,0.10498,0.126953,0.117188,0.115967,0.150146,0.112305,0.152588,0.151367,0.102539,0.107422,0.123291
2016-12-25T14:50:00Z,207.77344,216.91406,217.61719,217.96875,216.21094,220.78125,217.96875,218.67188,225.0,226.40625,226.75781,227.8125,12.59766,9.90234,13.65234,14.23828,14.12109,15.23438,15.9375,16.75781,17.87109,18.45703,18.86719,19.57031,19.74609,0.112305,0.098877,0.130615,0.118408,0.115967,0.115967,0.098877,0.101318,0.10498,0.100098,0.095215
2016-12-25T15:00:00Z,210.58594,216.5625,217.61719,216.5625,214.10156,219.375,220.07813,221.13281,220.78125,227.46094,225.0,227.8125,13.76953,10.37109,14.0625,14.64844,14.53125,15.9375,16.34766,16.58203,17.40234,18.16406,18.33984,19.57031,19.6875,0.113525,0.083008,0.145264,0.097656,0.107422,0.114746,0.100098,0.117188,0.085449,0.107422,0.113525
2016-12-25T15:10:00Z,207.77344,211.28906,214.10156,215.50781,215.15625,220.07813,218.32031,221.13281,223.59375,226.75781,223.24219,230.27344,14.47266,10.83984,14.53125,15.35156,15.41016,15.99609,16.99219,17.8125,18.69141,18.69141,18.86719,19.16016,20.44922,0.150146,0.137939,0.12085,0.133057,0.100098,0.112305,0.098877,0.134277,0.129395,0.147705,0.12085
2016-12-25T15:20:00Z,207.07031,215.15625,216.21094,217.96875,214.45313,213.04688,220.07813,222.53906,223.94531,228.16406,227.8125,238.71094,13.94531,10.78125,14.00391,14.53125,14.53125,15.58594,16.64063,17.75391,18.45703,18.51563,18.92578,19.62891,21.50391,0.151367,0.133057,0.130615,0.136719,0.114746,0.134277,0.106201,0.107422,0.137939,0.13916,0.12207
2016-12-25T15:30:00Z,208.125,216.5625,219.02344,219.02344,216.21094,224.64844,223.94531,224.29688,224.29688,227.10938,237.30469,243.63281,13.65234,10.54688,14.00391,15.0,14.35547,16.46484,17.22656,17.75391,17.57813,18.28125,19.92188,20.97656,21.97266,0.12085,0.134277,0.100098,0.12207,0.100098,0.115967,0.126953,0.133057,0.125732,0.136719,0.115967
2016-12-25T15:40:00Z,209.53125,216.5625,218.32031,220.78125,219.02344,220.78125,220.07813,226.05469,230.27344,227.10938,228.86719,234.49219,13.76953,10.3125,13.71094,14.41406,14.64844,15.58594,16.875,17.98828,19.16016,18.51563,18.28125,19.74609,21.26953,0.129395,0.137939,0.134277,0.136719,0.118408,0.113525,0.115967,0.125732,0.153809,0.123291,0.10498
2016-12-25T15:50:00Z,211.28906,216.91406,216.21094,217.26563,224.29688,222.1875,223.24219,225.70313,229.21875,229.92188,231.32813,235.89844,13.35938,10.3125,14.47266,15.41016,15.05859,16.40625,17.34375,18.22266,18.92578,19.21875,19.6875,20.33203,21.50391,0.106201,0.153809,0.108643,0.10498,0.102539,0.109863,0.114746,0.12085,0.107422,0.109863,0.141602
2016-12-25T16:00:00Z,210.58594,217.96875,215.50781,218.67188,221.48438,218.32031,221.48438,221.48438,226.05469,228.51563,228.16406,228.51563,14.00391,10.78125,14.12109,14.88281,14.70703,15.0,16.34766,17.34375,18.39844,18.86719,19.16016,19.45313,20.21484,0.10376,0.112305,0.130615,0.114746,0.130615,0.108643,0.113525,0.145264,0.102539,0.119629,0.126953
2016-12-25T16:10:00Z,206.71875,215.85938,215.15625,213.39844,211.28906,217.96875,218.32031,215.50781,221.13281,227.8125,223.24219,228.51563,13.24219,10.48828,12.89063,13.59375,13.65234,15.46875,16.17188,16.875,17.40234,18.45703,18.51563,19.27734,19.27734,0.142822,0.123291,0.130615,0.093994,0.083008,0.085449,0.085449,0.095215,0.087891,0.124512,0.117188
2016-12-25T16:20:00Z,206.01563,215.15625,214.80469,213.75,217.26563,217.61719,220.78125,222.1875,220.78125,221.48438,224.29688,225.70313,12.83203,10.01953,13.88672,14.76563,14.47266,15.58594,16.28906,17.28516,17.75391,17.98828,18.57422,18.98438,19.27734,0.117188,0.125732,0.12085,0.111084,0.134277,0.109863,0.12207,0.124512,0.109863,0.128174,0.112305
2016-12-25T16:30:00Z,206.36719,216.91406,215.15625,213.75,218.32031,218.32031,219.02344,221.48438,224.64844,224.29688,222.89063,228.16406,13.00781,10.25391,12.77344,13.41797,13.59375,14.88281,16.11328,16.99219,17.63672,18.28125,18.92578,20.15625,19.92188,0.150146,0.134277,0.137939,0.109863,0.131836,0.093994,0.130615,0.117188,0.115967,0.102539,0.109863
2016-12-25T16:40:00Z,207.42188,213.75,216.91406,216.21094,220.42969,219.02344,217.26563,222.53906,226.05469,226.05469,226.40625,225.0,13.30078,9.84375,14.70703,15.05859,14.94141,15.70313,15.99609,17.46094,18.33984,18.57422,19.27734,19.74609,20.625,0.114746,0.109863,0.133057,0.115967,0.130615,0.133057,0.117188,0.113525,0.113525,0.115967,0.135498
2016-12-25T16:50:00Z,209.17969,220.07813,217.96875,220.42969,217.61719,222.53906,218.32031,224.64844,223.94531,228.16406,227.46094,229.21875,14.00391,11.13281,15.17578,15.64453,15.58594,16.75781,17.51953,18.69141,19.16016,19.51172,19.62891,19.92188,20.15625,0.124512,0.124512,0.114746,0.142822,0.133057,0.101318,0.096436,0.129395,0.107422,0.109863,0.125732
2016-12-25T17:00:00Z,212.34375,216.91406,222.53906,215.50781,221.83594,222.53906,223.24219,222.53906,226.05469,224.29688,231.32813,225.70313,14.29688,11.48438,15.11719,15.9375,15.23438,16.52344,16.875,17.40234,18.51563,18.98438,19.45313,19.45313,19.80469,0.128174,0.107422,0.130615,0.114746,0.109863,0.144043,0.130615,0.106201,0.13916,0.118408,0.114746
2016-12-25T17:10:00Z,214.10156,219.02344,222.53906,221.13281,221.83594,220.78125,224.64844,223.94531,223.94531,226.75781,228.16406,221.83594,14.17969,11.07422,13.88672,14.17969,14.64844,15.05859,16.34766,17.22656,18.45703,19.04297,19.16016,19.39453,20.21484,0.118408,0.125732,0.109863,0.12085,0.130615,0.136719,0.133057,0.117188,0.133057,0.101318,0.118408
2016-12-25T17:20:00Z,214.10156,217.61719,220.78125,213.75,222.1875,224.29688,221.48438,222.1875,225.70313,221.13281,226.05469,231.32813,13.53516,10.78125,14.94141,15.9375,15.58594,16.64063,16.99219,17.40234,18.22266,19.27734,20.68359,20.91797,20.91797,0.141602,0.133057,0.129395,0.113525,0.108643,0.125732,0.115967,0.124512,0.109863,0.12207,0.10376
2016-12-25T17:30:00Z,213.04688,220.07813,217.96875,216.5625,223.59375,223.94531,221.48438,226.40625,228.51563,225.35156,227.46094,231.32813,15.46875,11.30859,14.76563,15.99609,15.52734,16.75781,17.57813,17.98828,18.80859,19.45313,20.33203,20.625,21.15234,0.169678,0.117188,0.141602,0.112305,0.112305,0.134277,0.126953,0.114746,0.100098,0.108643,0.107422
2016-12-25T17:40:00Z,214.45313,219.02344,224.29688,222.89063,223.94531,222.89063,219.72656,227.8125,230.625,228.86719,230.625,226.75781,14.82422,11.77734,14.17969,14.35547,14.47266,15.23438,16.28906,18.04688,18.63281,19.39453,19.80469,20.09766,20.44922,0.155029,0.129395,0.147705,0.133057,0.08667,0.114746,0.107422,0.090332,0.097656,0.102539,0.10498
2016-12-25T17:50:00Z,219.02344,229.21875,229.57031,226.75781,229.57031,228.16406,228.16406,231.32813,231.32813,228.86719,230.27344,236.25,13.06641,10.54688,13.82813,14.47266,14.70703,15.41016,17.05078,17.57813,18.33984,18.69141,19.62891,20.56641,21.15234,0.13916,0.136719,0.109863,0.115967,0.106201,0.079346,0.107422,0.106201,0.084229,0.119629,0.117188
2016-12-25T18:00:00Z,221.48438,227.46094,226.05469,224.29688,227.8125,227.8125,226.40625,233.78906,232.73438,237.30469,232.03125,236.25,13.71094,10.83984,14.47266,14.88281,15.05859,16.17188,16.93359,17.87109,19.39453,20.09766,20.21484,20.625,21.32813,0.131836,0.106201,0.12207,0.083008,0.102539,0.087891,0.123291,0.12085,0.119629,0.114746,0.108643
2016-12-25T18:10:00Z,222.1875,226.40625,232.38281,230.27344,228.51563,226.40625,233.78906,233.4375,232.03125,236.95313,237.30469,237.30469,13.35938,10.54688,14.35547,15.0,15.11719,16.17188,16.46484,17.92969,18.51563,19.6875,21.03516,21.62109,21.38672,0.084229,0.112305,0.102539,0.124512,0.126953,0.125732,0.10498,0.115967,0.106201,0.107422,0.101318
2016-12-25T18:20:00Z,228.16406,231.32813,232.73438,232.73438,234.14063,233.4375,237.65625,239.0625,240.11719,239.41406,235.19531,238.00781,13.59375,10.83984,14.64844,15.35156,15.0,16.11328,16.69922,17.46094,17.98828,18.86719,19.21875,19.6875,19.57031,0.10498,0.097656,0.10376,0.118408,0.111084,0.076904,0.107422,0.097656,0.10376,0.10498,0.090332
2016-12-25T18:30:00Z,229.92188,235.89844,230.97656,234.84375,235.54688,232.03125,234.84375,238.00781,235.89844,236.25,236.60156,243.28125,13.82813,10.60547,14.17969,14.94141,15.17578,16.69922,17.57813,18.45703,18.80859,19.74609,20.27344,21.26953,21.32813,0.130615,0.107422,0.130615,0.119629,0.10376,0.101318,0.119629,0.118408,0.095215,0.101318,0.109863
2016-12-25T18:40:00Z,228.86719,234.14063,235.54688,234.49219,232.73438,235.19531,234.84375,239.76563,242.92969,236.95313,240.11719,241.17188,14.76563,11.30859,15.0,15.52734,15.70313,16.875,17.57813,18.92578,19.57031,20.80078,20.68359,21.32813,21.32813,0.125732,0.093994,0.102539,0.106201,0.128174,0.12085,0.101318,0.128174,0.111084,0.108643,0.126953
2016-12-25T18:50:00Z,231.67969,237.65625,238.35938,233.08594,239.0625,233.4375,235.54688,241.52344,235.54688,239.0625,239.41406,243.98438,14.47266,11.42578,15.41016,16.05469,16.28906,17.10938,18.28125,19.51172,19.86328,20.09766,21.38672,21.38672,21.67969,0.109863,0.102539,0.12207,0.089111,0.12085,0.112305,0.093994,0.073242,0.093994,0.108643,0.106201
2016-12-25T19:00:00Z,232.03125,238.00781,232.73438,236.25,234.49219,234.84375,236.60156,235.54688,238.35938,238.71094,241.52344,239.41406,15.64453,11.30859,14.12109,14.94141,15.11719,16.34766,17.10938,18.28125,19.21875,20.21484,20.21484,20.50781,20.80078,0.08667,0.117188,0.12207,0.08667,0.106201,0.115967,0.109863,0.095215,0.102539,0.111084,0.115967
2016-12-25T19:10:00Z,229.57031,229.57031,234.14063,233.08594,237.65625,231.32813,232.03125,238.71094,233.78906,235.89844,238.00781,238.71094,13.76953,10.66406,14.58984,15.41016,15.46875,16.05469,17.34375,18.75,19.27734,19.62891,20.09766,20.44922,21.21094,0.124512,0.129395,0.117188,0.128174,0.115967,0.100098,0.080566,0.090332,0.10376,0.107422,0.124512
2016-12-25T19:20:00Z,227.10938,228.16406,233.4375,228.86719,229.57031,236.60156,234.49219,235.19531,234.49219,240.46875,243.28125,240.46875,14.35547,10.78125,14.70703,15.52734,15.23438,16.64063,17.22656,18.10547,18.69141,19.92188,20.44922,20.44922,20.09766,0.129395,0.101318,0.137939,0.10376,0.087891,0.080566,0.097656,0.113525,0.118408,0.090332,0.102539
2016-12-25T19:30:00Z,227.10938,229.57031,231.67969,231.67969,229.92188,235.19531,234.14063,235.89844,240.11719,238.35938,238.00781,239.0625,13.47656,10.48828,13.30078,13.65234,13.71094,15.23438,15.99609,16.75781,17.28516,17.92969,18.80859,19.39453,19.62891,0.130615,0.073242,0.109863,0.093994,0.107422,0.106201,0.090332,0.097656,0.097656,0.092773,0.101318
2016-12-25T19:40:00Z,226.75781,231.67969,229.21875,228.51563,231.32813,235.89844,232.73438,231.67969,236.25,236.60156,238.71094,238.00781,12.59766,9.96094,13.30078,13.76953,14.12109,14.47266,15.82031,16.52344,17.92969,18.33984,18.63281,18.98438,19.80469,0.096436,0.10498,0.117188,0.129395,0.113525,0.093994,0.074463,0.106201,0.089111,0.087891,0.090332
2016-12-25T19:50:00Z,224.64844,225.70313,230.97656,232.73438,228.86719,233.08594,229.92188,234.84375,233.4375,238.71094,237.30469,234.84375,12.83203,9.72656,12.89063,13.00781,13.30078,14.00391,15.0,16.34766,16.875,17.16797,17.63672,18.33984,19.21875,0.125732,0.133057,0.134277,0.107422,0.097656,0.092773,0.108643,0.10376,0.107422,0.126953,0.109863
2016-12-25T20:00:00Z,225.70313,227.8125,228.16406,230.625,232.73438,234.14063,229.92188,233.08594,236.25,236.25,234.84375,239.0625,13.35938,9.72656,13.53516,14.29688,13.94531,15.29297,15.82031,16.81641,17.28516,17.40234,17.8125,18.51563,18.57422,0.093994,0.108643,0.117188,0.117188,0.097656,0.123291,0.096436,0.097656,0.13916,0.126953,0.092773
2016-12-25T20:10:00Z,225.0,226.75781,229.57031,230.27344,230.27344,230.625,231.67969,234.14063,234.14063,232.03125,239.41406,241.17188,12.94922,9.96094,13.06641,13.71094,13.88672,14.58984,15.52734,16.46484,17.51953,18.39844,19.21875,19.6875,19.86328,0.142822,0.126953,0.111084,0.137939,0.123291,0.100098,0.107422,0.123291,0.092773,0.097656,0.096436
2016-12-25T20:20:00Z,224.29688,226.05469,225.0,229.92188,227.46094,231.32813,230.625,228.86719,236.95313,230.625,233.4375,234.49219,14.00391,10.48828,14.17969,14.70703,14.82422,15.58594,16.93359,17.51953,18.45703,18.57422,19.39453,20.15625,20.74219,0.107422,0.134277,0.102539,0.100098,0.097656,0.123291,0.084229,0.074463,0.08667,0.076904,0.08667
2016-12-25T20:30:00Z,223.24219,229.57031,228.16406,227.10938,227.8125,232.73438,227.46094,230.97656,236.95313,235.54688,236.25,233.4375,13.76953,10.95703,13.71094,14.88281,14.53125,16.23047,16.81641,18.04688,18.86719,18.86719,18.86719,19.57031,20.97656,0.141602,0.118408,0.123291,0.136719,0.125732,0.12207,0.111084,0.12085,0.117188,0.112305,0.101318
2016-12-25T20:40:00Z,224.64844,232.03125,225.35156,233.08594,229.21875,232.03125,235.54688,231.67969,235.54688,236.25,233.78906,231.32813,14.12109,11.01563,14.29688,15.35156,14.94141,16.34766,17.22656,18.22266,18.92578,19.10156,19.39453,19.92188,20.68359,0.140381,0.119629,0.135498,0.106201,0.107422,0.095215,0.102539,0.089111,0.106201,0.108643,0.096436
2016-12-25T20:50:00Z,223.59375,232.03125,230.625,231.32813,230.625,230.625,233.08594,230.27344,230.27344,236.25,238.35938,233.08594,14.12109,11.01563,13.41797,14.00391,14.17969,14.76563,16.28906,17.05078,18.51563,19.27734,19.62891,20.39063,19.98047,0.142822,0.136719,0.125732,0.117188,0.117188,0.100098,0.123291,0.097656,0.090332,0.119629,0.123291
2016-12-25T21:00:00Z,224.29688,230.27344,230.97656,227.8125,230.27344,227.10938,229.57031,234.14063,235.89844,233.08594,233.4375,236.25,14.35547,10.89844,14.70703,15.29297,15.11719,15.58594,17.22656,18.16406,18.92578,18.51563,19.86328,20.97656,20.97656,0.106201,0.133057,0.10498,0.12085,0.085449,0.08667,0.134277,0.117188,0.12085,0.130615,0.131836
2016-12-25T21:10:00Z,224.64844,225.35156,233.08594,228.51563,228.86719,232.03125,230.97656,230.97656,233.78906,230.27344,235.19531,234.14063,14.12109,11.25,15.05859,15.64453,15.64453,16.28906,18.04688,18.98438,19.45313,19.98047,21.15234,21.79688,21.32813,0.136719,0.13916,0.131836,0.108643,0.091553,0.114746,0.113525,0.130615,0.10376,0.102539,0.115967
2016-12-25T21:20:00Z,222.89063,231.32813,229.21875,230.97656,228.86719,230.97656,229.92188,235.19531,233.08594,230.625,232.03125,239.0625,14.88281,11.66016,15.35156,15.99609,16.34766,17.34375,18.28125,18.80859,19.27734,19.86328,21.03516,22.14844,22.14844,0.111084,0.113525,0.097656,0.096436,0.102539,0.102539,0.123291,0.147705,0.112305,0.12085,0.119629
2016-12-25T21:30:00Z,224.29688,227.10938,228.16406,228.51563,229.57031,230.97656,229.92188,232.03125,236.95313,232.38281,238.35938,232.03125,15.17578,12.01172,15.76172,16.64063,15.87891,17.57813,18.28125,18.75,19.86328,20.625,21.50391,21.73828,21.32813,0.145264,0.117188,0.114746,0.12085,0.109863,0.106201,0.085449,0.108643,0.12085,0.087891,0.130615
2016-12-25T21:40:00Z,222.1875,227.10938,228.16406,224.29688,232.03125,232.73438,232.03125,230.625,229.92188,232.38281,236.60156,230.27344,15.17578,11.89453,15.11719,16.34766,15.87891,17.10938,17.57813,18.39844,19.6875,20.44922,20.85938,21.09375,21.38672,0.131836,0.095215,0.115967,0.107422,0.097656,0.113525,0.123291,0.107422,0.113525,0.114746,0.131836
2016-12-25T21:50:00Z,222.1875,225.0,223.24219,226.05469,222.89063,227.10938,232.38281,228.86719,233.78906,230.97656,233.08594,228.51563,15.23438,11.54297,14.53125,15.46875,15.9375,16.93359,17.8125,18.75,19.45313,20.15625,20.44922,21.38672,22.38281,0.125732,0.123291,0.130615,0.095215,0.090332,0.125732,0.118408,0.111084,0.109863,0.101318,0.108643
2016-12-25T22:00:00Z,221.13281,231.67969,230.97656,228.86719,231.67969,230.97656,234.49219,230.27344,231.67969,239.41406,234.49219,237.65625,15.23438,11.36719,15.76172,16.11328,16.23047,16.875,18.28125,18.75,19.62891,20.21484,20.85938,21.26953,21.38672,0.134277,0.096436,0.101318,0.100098,0.10498,0.12207,0.091553,0.102539,0.112305,0.10498,0.084229
2016-12-25T22:10:00Z,224.29688,235.54688,231.32813,229.21875,229.21875,232.73438,231.67969,234.84375,231.32813,233.08594,234.49219,235.54688,15.82031,11.60156,14.76563,15.35156,15.9375,16.64063,18.33984,18.63281,19.39453,20.27344,21.21094,21.5625,21.85547,0.100098,0.125732,0.089111,0.133057,0.118408,0.128174,0.117188,0.107422,0.096436,0.134277,0.113525
2016-12-25T22:20:00Z,224.29688,230.97656,230.27344,234.14063,229.57031,234.84375,233.78906,232.03125,236.60156,237.65625,234.49219,235.89844,15.29297,11.89453,16.64063,17.05078,17.22656,18.22266,19.04297,20.50781,21.38672,22.61719,22.44141,22.14844,22.26563,0.117188,0.118408,0.134277,0.111084,0.133057,0.095215,0.097656,0.091553,0.133057,0.114746,0.109863
2016-12-25T22:30:00Z,224.64844,226.75781,232.73438,233.4375,230.27344,230.625,234.49219,235.19531,238.71094,237.30469,234.49219,238.35938,17.28516,12.59766,16.23047,17.16797,16.93359,18.28125,19.57031,21.09375,21.32813,21.26953,21.44531,22.67578,22.91016,0.136719,0.115967,0.150146,0.107422,0.095215,0.107422,0.10498,0.112305,0.108643,0.089111,0.112305
2016-12-25T22:40:00Z,223.59375,230.625,232.03125,228.51563,230.27344,230.27344,230.97656,234.14063,235.54688,233.08594,235.54688,236.95313,15.76172,12.36328,16.17188,16.93359,17.05078,18.28125,19.45313,20.33203,21.67969,21.91406,23.02734,24.02344,24.72656,0.136719,0.13916,0.123291,0.123291,0.098877,0.141602,0.140381,0.123291,0.115967,0.093994,0.102539
2016-12-25T22:50:00Z,223.24219,227.10938,232.38281,225.0,228.51563,231.67969,230.97656,234.49219,232.73438,232.03125,245.39063,248.90625,17.28516,12.77344,16.93359,17.51953,17.57813,18.57422,19.62891,20.56641,21.5625,22.03125,23.32031,24.375,24.78516,0.096436,0.118408,0.093994,0.12085,0.098877,0.12207,0.095215,0.101318,0.083008,0.087891,0.079346
2016-12-25T23:00:00Z,220.78125,226.40625,226.05469,223.59375,225.35156,227.46094,229.92188,226.75781,226.40625,229.21875,234.14063,240.11719,15.29297,11.83594,15.11719,15.9375,16.17188,17.63672,18.75,19.39453,20.27344,20.80078,21.97266,22.79297,23.20313,0.12207,0.109863,0.126953,0.109863,0.100098,0.091553,0.084229,0.085449,0.091553,0.080566,0.085449
2016-12-25T23:10:00Z,216.5625,223.24219,224.64844,221.13281,227.46094,223.94531,225.70313,229.21875,227.10938,228.51563,236.60156,233.4375,15.35156,12.1875,16.58203,17.22656,17.05078,17.92969,19.04297,19.74609,20.44922,21.21094,21.50391,21.97266,22.55859,0.117188,0.095215,0.093994,0.12085,0.111084,0.102539,0.091553,0.126953,0.08667,0.098877,0.087891
2016-12-25T23:20:00Z,214.10156,225.35156,222.89063,218.67188,225.70313,225.35156,226.75781,228.51563,227.10938,228.51563,227.8125,227.10938,16.05469,12.07031,15.46875,16.52344,16.40625,17.57813,18.39844,19.21875,19.98047,20.74219,21.09375,21.5625,21.73828,0.10498,0.101318,0.131836,0.101318,0.097656,0.098877,0.10376,0.096436,0.111084,0.089111,0.108643
2016-12-25T23:30:00Z,216.91406,225.35156,225.0,225.35156,224.29688,224.64844,226.05469,224.29688,229.92188,230.625,225.70313,230.27344,15.35156,11.42578,16.17188,16.64063,17.05078,17.69531,19.27734,20.03906,20.09766,21.44531,22.26563,22.67578,22.79297,0.119629,0.117188,0.108643,0.100098,0.095215,0.100098,0.100098,0.097656,0.096436,0.095215,0.097656
2016-12-25T23:40:00Z,215.15625,216.21094,221.83594,220.42969,219.375,220.78125,221.48438,224.64844,225.70313,228.16406,223.94531,230.625,16.46484,12.12891,15.87891,16.34766,16.46484,17.51953,18.92578,19.80469,20.85938,21.85547,22.20703,22.20703,22.32422,0.119629,0.090332,0.148926,0.115967,0.096436,0.08667,0.101318,0.085449,0.12085,0.107422,0.096436
2016-12-25T23:50:00Z,212.69531,222.89063,223.94531,220.78125,220.42969,220.78125,226.40625,224.64844,227.8125,223.94531,230.27344,226.40625,15.23438,11.89453,15.9375,16.58203,16.93359,17.51953,18.92578,19.86328,21.03516,21.03516,21.44531,21.79688,22.26563,0.136719,0.118408,0.113525,0.112305,0.113525,0.087891,0.075684,0.087891,0.111084,0.091553,0.080566
