LOCATION: 
SYSTEM SERIAL: HKZA
TIMESTAMP (ISO-8601) UTC,WindDir004m deg,WindDir030m deg,WindDir040m deg,WindDir040m_ref deg,WindDir060m deg,WindDir080m deg,WindDir100m deg,WindDir120m deg,WindDir140m deg,WindDir160m deg,WindDir180m deg,WindDir200m deg,WindGust004m m/s,WindSpeed004m m/s,WindSpeed030mh m/s,WindSpeed040mh m/s,WindSpeed040m_refh m/s,WindSpeed060mh m/s,WindSpeed080mh m/s,WindSpeed100mh m/s,WindSpeed120mh m/s,WindSpeed140mh m/s,WindSpeed160mh m/s,WindSpeed180mh m/s,WindSpeed200mh m/s,TI 030m,TI 040m,TI 040m ref,TI 060m,TI 080m,TI 100m,TI 120m,TI 140m,TI 160m,TI 180m,TI 200m
2016-08-21T00:00:00Z,221.13281,219.02344,217.61719,221.48438,221.83594,225.0,226.75781,224.29688,225.35156,227.10938,227.10938,227.46094,16.17188,12.24609,14.64844,15.23438,14.76563,15.52734,15.70313,16.17188,16.64063,16.875,16.69922,16.875,17.34375,0.140381,0.19165,0.126953,0.189209,0.20752,0.150146,0.148926,0.137939,0.128174,0.115967,0.123291
2016-08-21T00:10:00Z,223.24219,222.89063,220.78125,221.48438,220.78125,218.32031,219.02344,220.07813,224.29688,223.59375,221.13281,222.53906,15.58594,11.36719,14.70703,15.29297,14.88281,15.52734,16.23047,17.05078,16.99219,17.63672,17.22656,17.28516,17.75391,0.163574,0.12207,0.131836,0.136719,0.114746,0.159912,0.152588,0.128174,0.129395,0.124512,0.108643
2016-08-21T00:20:00Z,219.72656,222.89063,225.35156,223.24219,225.70313,222.1875,221.48438,224.29688,221.13281,222.53906,223.24219,223.59375,15.87891,12.07031,16.34766,16.11328,17.10938,15.99609,16.28906,17.05078,16.875,17.16797,17.57813,18.28125,18.10547,0.200195,0.20752,0.218506,0.200195,0.24292,0.192871,0.152588,0.157471,0.163574,0.169678,0.135498
2016-08-21T00:30:00Z,225.35156,230.27344,228.86719,229.21875,229.57031,227.10938,229.21875,228.86719,228.86719,229.57031,232.73438,227.10938,16.81641,12.71484,16.52344,17.16797,17.22656,17.8125,18.28125,18.16406,17.87109,18.28125,17.69531,18.57422,18.10547,0.131836,0.109863,0.141602,0.124512,0.142822,0.164795,0.134277,0.114746,0.126953,0.12085,0.084229
2016-08-21T00:40:00Z,227.8125,230.97656,226.40625,227.10938,223.59375,226.05469,226.05469,228.51563,225.0,226.05469,228.16406,227.8125,16.875,13.24219,15.82031,15.99609,16.05469,16.34766,16.99219,17.28516,17.63672,18.39844,18.45703,17.69531,18.10547,0.134277,0.12207,0.15625,0.111084,0.153809,0.161133,0.164795,0.124512,0.151367,0.131836,0.100098
2016-08-21T00:50:00Z,227.46094,225.0,226.05469,227.46094,227.8125,228.16406,225.35156,225.70313,226.05469,228.51563,228.51563,227.46094,15.58594,12.36328,15.58594,16.34766,16.11328,16.58203,16.52344,16.58203,16.93359,17.87109,18.57422,17.75391,17.51953,0.142822,0.153809,0.128174,0.129395,0.141602,0.114746,0.109863,0.141602,0.124512,0.115967,0.126953
2016-08-21T01:00:00Z,226.05469,227.10938,222.1875,230.97656,221.48438,225.35156,226.40625,223.24219,225.70313,227.8125,225.70313,227.8125,15.64453,12.42188,15.0,15.99609,15.70313,17.16797,17.51953,17.69531,17.92969,17.8125,18.51563,18.92578,18.39844,0.136719,0.177002,0.15625,0.151367,0.112305,0.137939,0.134277,0.142822,0.130615,0.135498,0.129395
2016-08-21T01:10:00Z,227.46094,231.32813,228.86719,232.73438,227.46094,225.35156,226.75781,226.40625,226.75781,228.16406,228.16406,232.03125,16.875,13.18359,16.11328,16.58203,17.16797,17.16797,17.69531,17.22656,17.8125,17.87109,17.75391,17.69531,18.04688,0.115967,0.137939,0.145264,0.133057,0.112305,0.12207,0.130615,0.136719,0.129395,0.131836,0.119629
2016-08-21T01:20:00Z,229.57031,229.57031,231.32813,227.10938,230.625,226.40625,227.46094,227.46094,226.05469,226.75781,228.51563,228.51563,16.17188,12.89063,15.99609,16.17188,15.82031,17.16797,17.22656,16.99219,17.28516,17.98828,17.98828,18.33984,18.57422,0.15625,0.12085,0.153809,0.137939,0.130615,0.159912,0.161133,0.130615,0.146484,0.123291,0.102539
2016-08-21T01:30:00Z,226.75781,220.78125,222.1875,223.94531,226.75781,223.94531,224.64844,227.46094,230.27344,224.29688,227.10938,228.86719,16.64063,12.65625,16.23047,16.28906,15.87891,16.99219,17.63672,18.33984,17.16797,17.10938,17.28516,17.69531,17.75391,0.141602,0.145264,0.112305,0.125732,0.134277,0.129395,0.129395,0.12085,0.136719,0.140381,0.141602
2016-08-21T01:40:00Z,225.35156,223.94531,223.94531,227.8125,226.05469,221.83594,222.1875,223.24219,227.10938,230.27344,229.57031,231.32813,16.58203,12.77344,15.70313,16.34766,16.23047,16.40625,17.16797,16.99219,17.63672,18.33984,17.87109,17.34375,17.16797,0.170898,0.126953,0.145264,0.158691,0.117188,0.167236,0.115967,0.117188,0.131836,0.141602,0.13916
2016-08-21T01:50:00Z,223.59375,223.59375,227.46094,225.70313,223.94531,224.64844,227.8125,223.24219,226.05469,227.46094,222.1875,228.16406,15.9375,12.59766,15.76172,15.70313,16.11328,16.75781,17.22656,17.10938,16.875,16.875,17.16797,17.34375,17.05078,0.091553,0.13916,0.109863,0.097656,0.147705,0.119629,0.118408,0.201416,0.126953,0.155029,0.10376
2016-08-21T02:00:00Z,226.75781,226.05469,223.59375,222.89063,223.94531,225.35156,225.35156,227.10938,226.75781,227.46094,227.10938,229.21875,16.875,12.53906,15.76172,16.17188,15.9375,15.76172,15.9375,17.05078,17.05078,16.52344,17.05078,17.57813,17.40234,0.128174,0.112305,0.119629,0.118408,0.124512,0.141602,0.112305,0.101318,0.107422,0.113525,0.078125
2016-08-21T02:10:00Z,226.05469,233.4375,226.05469,235.89844,229.92188,232.73438,231.32813,228.51563,229.92188,229.21875,228.86719,231.32813,16.34766,12.42188,15.46875,15.87891,15.99609,16.28906,16.40625,16.17188,16.34766,16.75781,17.28516,16.69922,17.22656,0.113525,0.131836,0.128174,0.100098,0.112305,0.136719,0.111084,0.111084,0.10376,0.078125,0.102539
2016-08-21T02:20:00Z,232.38281,231.32813,230.625,235.19531,233.4375,229.92188,231.32813,232.73438,236.60156,231.32813,233.78906,234.84375,16.34766,12.42188,15.35156,15.87891,15.99609,16.58203,16.46484,17.22656,16.58203,16.40625,16.75781,16.64063,16.69922,0.135498,0.126953,0.126953,0.095215,0.129395,0.117188,0.108643,0.134277,0.117188,0.136719,0.102539
2016-08-21T02:30:00Z,230.97656,235.54688,228.51563,235.19531,232.03125,233.4375,235.54688,237.65625,233.78906,233.08594,232.73438,234.84375,15.11719,12.42188,14.29688,15.23438,15.52734,15.41016,15.41016,15.29297,16.11328,15.76172,15.82031,15.35156,15.58594,0.108643,0.108643,0.111084,0.114746,0.10376,0.070801,0.10498,0.111084,0.101318,0.158691,0.084229
2016-08-21T02:40:00Z,234.49219,231.67969,234.14063,228.86719,238.00781,234.84375,228.16406,230.27344,232.03125,234.14063,236.25,233.78906,14.58984,11.89453,14.82422,15.46875,15.35156,15.87891,16.23047,16.23047,15.87891,15.76172,16.52344,16.46484,16.28906,0.101318,0.119629,0.12207,0.084229,0.097656,0.100098,0.065918,0.096436,0.092773,0.098877,0.083008
2016-08-21T02:50:00Z,232.73438,233.78906,233.08594,232.38281,231.67969,235.54688,235.54688,232.38281,232.03125,233.78906,236.95313,232.03125,14.88281,12.07031,14.82422,14.88281,14.53125,15.23438,15.0,15.11719,15.87891,15.35156,16.17188,16.17188,16.28906,0.097656,0.097656,0.101318,0.102539,0.101318,0.135498,0.112305,0.090332,0.097656,0.101318,0.096436
2016-08-21T03:00:00Z,233.78906,238.71094,231.67969,234.14063,235.89844,239.0625,232.73438,235.19531,238.35938,235.54688,238.71094,234.84375,14.64844,11.71875,14.88281,15.0,15.0,15.64453,15.17578,15.29297,15.70313,15.64453,15.99609,15.99609,16.17188,0.115967,0.123291,0.126953,0.102539,0.114746,0.084229,0.087891,0.10498,0.096436,0.079346,0.097656
2016-08-21T03:10:00Z,235.19531,234.14063,232.73438,233.08594,230.27344,236.25,232.03125,234.14063,237.65625,232.38281,236.60156,232.73438,15.46875,12.48047,14.53125,15.05859,14.82422,15.52734,15.41016,15.82031,16.05469,15.64453,16.05469,15.70313,16.17188,0.095215,0.10376,0.102539,0.08667,0.106201,0.096436,0.090332,0.079346,0.100098,0.084229,0.070801
2016-08-21T03:20:00Z,231.32813,229.57031,230.625,230.27344,229.57031,232.38281,228.16406,228.16406,230.97656,233.78906,232.73438,231.67969,14.94141,12.12891,14.82422,15.52734,15.35156,15.46875,15.70313,15.52734,15.11719,15.41016,15.70313,15.35156,15.46875,0.073242,0.073242,0.097656,0.073242,0.097656,0.100098,0.081787,0.08667,0.083008,0.090332,0.102539
2016-08-21T03:30:00Z,230.27344,237.65625,237.30469,237.30469,240.82031,238.71094,233.08594,235.54688,239.0625,236.25,238.71094,239.0625,15.05859,12.12891,14.23828,14.82422,14.82422,15.0,15.23438,15.29297,15.52734,15.58594,15.46875,15.35156,15.70313,0.107422,0.10376,0.112305,0.080566,0.10376,0.080566,0.096436,0.097656,0.096436,0.093994,0.089111
2016-08-21T03:40:00Z,234.84375,235.54688,236.95313,241.17188,233.78906,235.54688,235.54688,237.30469,240.82031,236.95313,235.19531,233.78906,15.0,12.01172,13.76953,13.94531,13.82813,14.35547,14.41406,14.53125,15.0,15.41016,14.70703,14.88281,15.0,0.106201,0.102539,0.111084,0.12207,0.092773,0.092773,0.064697,0.075684,0.102539,0.084229,0.076904
2016-08-21T03:50:00Z,234.49219,238.71094,239.41406,239.0625,233.08594,237.30469,238.00781,236.60156,234.14063,236.95313,238.35938,236.25,14.47266,11.42578,13.82813,14.23828,14.53125,14.76563,15.23438,15.29297,15.41016,15.23438,15.46875,15.23438,14.82422,0.107422,0.113525,0.093994,0.109863,0.119629,0.098877,0.102539,0.08667,0.100098,0.089111,0.090332
2016-08-21T04:00:00Z,234.14063,238.00781,233.78906,237.30469,239.76563,233.08594,236.60156,238.00781,236.95313,234.84375,236.25,236.60156,14.23828,11.89453,14.47266,14.82422,15.0,15.05859,14.94141,14.82422,15.23438,15.29297,15.58594,15.23438,15.23438,0.093994,0.092773,0.087891,0.08667,0.10498,0.08667,0.095215,0.070801,0.098877,0.119629,0.102539
2016-08-21T04:10:00Z,234.49219,236.60156,237.30469,233.78906,239.0625,233.4375,234.14063,233.08594,238.35938,240.82031,238.35938,236.25,15.23438,12.01172,14.35547,14.70703,14.82422,15.23438,14.94141,15.46875,15.35156,15.58594,15.35156,15.99609,15.35156,0.081787,0.106201,0.100098,0.134277,0.126953,0.111084,0.107422,0.072021,0.090332,0.113525,0.095215
2016-08-21T04:20:00Z,233.78906,228.16406,229.92188,226.75781,234.14063,233.78906,234.49219,234.14063,233.78906,236.25,236.95313,235.54688,14.0625,12.24609,14.29688,14.64844,14.47266,14.76563,14.82422,14.64844,15.0,15.29297,15.23438,15.87891,15.9375,0.133057,0.142822,0.134277,0.161133,0.12207,0.150146,0.101318,0.075684,0.095215,0.098877,0.102539
2016-08-21T04:30:00Z,230.27344,232.38281,237.65625,230.27344,236.60156,233.78906,232.38281,230.97656,234.84375,236.95313,232.38281,234.49219,14.88281,11.77734,13.47656,13.41797,13.47656,14.17969,14.12109,14.58984,14.53125,14.88281,14.47266,15.0,15.58594,0.101318,0.129395,0.111084,0.117188,0.096436,0.098877,0.064697,0.08667,0.10376,0.079346,0.092773
2016-08-21T04:40:00Z,230.97656,232.03125,231.32813,237.30469,233.78906,231.67969,236.60156,237.30469,230.97656,237.30469,236.95313,237.65625,14.23828,11.25,14.17969,15.0,14.88281,15.58594,15.87891,16.23047,16.23047,16.17188,16.875,16.28906,16.28906,0.129395,0.085449,0.117188,0.097656,0.097656,0.108643,0.119629,0.112305,0.115967,0.092773,0.107422
2016-08-21T04:50:00Z,232.38281,238.71094,233.08594,240.11719,230.97656,227.10938,232.73438,241.52344,238.71094,231.32813,226.40625,231.67969,15.58594,12.36328,14.29688,14.64844,15.11719,15.0,15.11719,15.23438,15.52734,15.23438,15.29297,16.11328,16.28906,0.123291,0.093994,0.124512,0.142822,0.114746,0.114746,0.081787,0.12085,0.096436,0.095215,0.090332
2016-08-21T05:00:00Z,232.38281,235.89844,237.65625,233.78906,238.00781,236.25,236.95313,236.25,235.19531,236.95313,235.89844,235.54688,14.70703,11.83594,13.30078,14.29688,13.41797,14.00391,13.88672,15.0,15.23438,15.35156,15.46875,14.82422,15.35156,0.107422,0.129395,0.146484,0.108643,0.131836,0.126953,0.123291,0.142822,0.102539,0.128174,0.113525
2016-08-21T05:10:00Z,234.14063,232.38281,233.08594,234.49219,233.08594,236.60156,238.00781,236.25,232.38281,232.38281,229.92188,234.49219,14.35547,11.19141,13.88672,14.41406,14.47266,14.76563,14.88281,14.58984,14.58984,14.94141,15.0,15.23438,15.29297,0.141602,0.130615,0.142822,0.123291,0.144043,0.133057,0.112305,0.106201,0.095215,0.085449,0.074463
2016-08-21T05:20:00Z,229.92188,234.84375,243.98438,240.46875,243.28125,244.6875,241.52344,244.6875,243.98438,242.57813,247.14844,243.63281,16.75781,11.83594,14.41406,14.76563,14.58984,15.05859,14.94141,15.11719,15.52734,15.17578,15.82031,16.81641,17.28516,0.177002,0.157471,0.162354,0.141602,0.123291,0.162354,0.150146,0.128174,0.119629,0.133057,0.10498
2016-08-21T05:30:00Z,244.33594,246.09375,246.09375,246.09375,242.22656,240.11719,246.44531,252.77344,249.60938,247.85156,249.60938,250.66406,16.75781,12.83203,13.71094,13.76953,13.76953,14.00391,14.88281,14.94141,14.64844,14.82422,15.29297,14.64844,14.64844,0.136719,0.140381,0.125732,0.126953,0.145264,0.130615,0.107422,0.113525,0.111084,0.129395,0.083008
2016-08-21T05:40:00Z,241.52344,242.22656,243.28125,251.71875,246.79688,247.85156,251.01563,249.96094,246.44531,248.55469,242.57813,244.6875,13.65234,10.95703,12.48047,12.71484,12.65625,12.77344,13.41797,13.71094,13.53516,14.00391,13.88672,14.00391,14.00391,0.133057,0.128174,0.135498,0.133057,0.145264,0.137939,0.140381,0.114746,0.097656,0.089111,0.135498
2016-08-21T05:50:00Z,249.60938,256.99219,259.80469,258.75,259.10156,259.45313,256.28906,253.82813,258.04688,253.125,258.75,258.39844,14.17969,10.60547,13.65234,13.76953,14.17969,14.53125,15.11719,14.64844,15.11719,14.94141,14.94141,15.0,15.0,0.130615,0.130615,0.125732,0.112305,0.114746,0.115967,0.093994,0.092773,0.08667,0.111084,0.114746
2016-08-21T06:00:00Z,255.9375,258.75,252.42188,254.88281,256.64063,251.71875,259.10156,258.75,258.75,256.28906,252.77344,259.45313,14.88281,11.66016,14.12109,14.53125,14.53125,13.94531,14.88281,14.70703,14.70703,15.05859,14.76563,14.82422,14.82422,0.162354,0.150146,0.140381,0.123291,0.098877,0.108643,0.093994,0.078125,0.12207,0.107422,0.112305
2016-08-21T06:10:00Z,254.17969,258.04688,258.75,256.99219,257.69531,257.34375,253.47656,252.42188,258.04688,254.17969,257.69531,259.10156,14.23828,11.19141,11.66016,11.66016,11.60156,11.66016,12.01172,11.95313,12.94922,12.53906,12.65625,13.18359,12.71484,0.150146,0.158691,0.135498,0.130615,0.157471,0.115967,0.135498,0.124512,0.12085,0.157471,0.117188
2016-08-21T06:20:00Z,254.53125,253.125,255.23438,252.07031,253.125,258.39844,259.10156,251.71875,259.45313,257.34375,256.28906,248.55469,12.42188,9.375,13.125,12.65625,13.53516,12.83203,13.24219,13.30078,13.59375,13.76953,13.82813,13.88672,14.0625,0.161133,0.168457,0.162354,0.19165,0.184326,0.19165,0.161133,0.19165,0.180664,0.196533,0.115967
2016-08-21T06:30:00Z,257.69531,255.9375,260.50781,256.64063,258.04688,258.39844,258.04688,256.28906,255.58594,260.50781,256.99219,249.25781,14.70703,10.89844,12.48047,12.12891,12.36328,12.89063,13.35938,14.00391,14.29688,14.17969,13.76953,14.23828,14.23828,0.187988,0.157471,0.206299,0.164795,0.172119,0.181885,0.142822,0.129395,0.150146,0.164795,0.158691
2016-08-21T06:40:00Z,253.47656,241.52344,246.44531,251.36719,246.09375,250.3125,248.90625,249.96094,251.71875,248.90625,249.60938,254.88281,15.82031,11.07422,15.0,14.41406,15.64453,15.0,15.46875,15.99609,16.23047,16.46484,16.23047,16.28906,16.23047,0.115967,0.128174,0.12085,0.157471,0.095215,0.10376,0.151367,0.101318,0.109863,0.124512,0.087891
2016-08-21T06:50:00Z,245.74219,252.77344,252.77344,251.36719,251.36719,247.85156,250.3125,253.125,250.66406,252.42188,252.77344,249.60938,14.35547,11.60156,14.00391,13.82813,14.23828,14.12109,14.94141,15.23438,15.11719,15.17578,15.35156,15.41016,15.29297,0.162354,0.146484,0.135498,0.114746,0.102539,0.118408,0.128174,0.111084,0.137939,0.117188,0.117188
2016-08-21T07:00:00Z,250.66406,257.69531,256.64063,256.99219,258.39844,256.28906,253.47656,249.96094,253.82813,254.53125,255.9375,254.53125,15.76172,11.42578,14.35547,14.35547,14.23828,14.29688,15.11719,15.05859,15.52734,15.82031,15.05859,14.53125,15.0,0.147705,0.126953,0.145264,0.161133,0.159912,0.155029,0.137939,0.131836,0.126953,0.144043,0.151367
2016-08-21T07:10:00Z,256.99219,262.26563,259.80469,259.80469,260.85938,259.80469,262.61719,262.26563,258.04688,260.85938,261.21094,257.34375,15.05859,11.36719,14.41406,15.05859,14.70703,15.52734,16.28906,16.34766,15.9375,16.17188,15.99609,15.99609,15.9375,0.161133,0.164795,0.169678,0.158691,0.141602,0.129395,0.146484,0.147705,0.10498,0.10498,0.126953
2016-08-21T07:20:00Z,261.5625,257.69531,258.75,255.9375,264.02344,260.85938,259.10156,254.88281,255.58594,257.69531,258.04688,258.39844,15.0,11.25,12.89063,12.94922,12.77344,13.65234,13.59375,14.12109,14.17969,13.94531,14.23828,15.11719,15.0,0.17334,0.17334,0.205078,0.146484,0.155029,0.178223,0.15625,0.164795,0.161133,0.145264,0.144043
2016-08-21T07:30:00Z,256.28906,254.53125,255.23438,256.64063,256.64063,255.58594,256.99219,256.28906,254.88281,258.75,260.85938,259.80469,15.23438,10.83984,13.41797,14.00391,13.88672,14.76563,15.0,15.29297,15.35156,15.82031,16.05469,16.11328,16.875,0.163574,0.145264,0.15625,0.119629,0.166016,0.129395,0.134277,0.141602,0.095215,0.135498,0.117188
2016-08-21T07:40:00Z,258.39844,258.75,259.10156,258.75,255.58594,257.34375,262.26563,259.45313,260.85938,260.15625,258.04688,257.69531,14.58984,11.48438,14.00391,14.00391,14.53125,14.23828,15.17578,15.17578,15.41016,15.17578,14.76563,14.35547,14.88281,0.117188,0.168457,0.134277,0.148926,0.140381,0.15625,0.133057,0.141602,0.117188,0.142822,0.089111
2016-08-21T07:50:00Z,259.10156,259.45313,257.34375,258.75,259.10156,257.69531,259.45313,257.69531,255.23438,256.28906,259.45313,260.15625,14.88281,10.89844,13.41797,13.35938,13.53516,13.65234,13.88672,13.76953,14.70703,14.70703,14.76563,14.29688,14.58984,0.146484,0.17334,0.166016,0.142822,0.163574,0.12207,0.125732,0.098877,0.106201,0.131836,0.12207
2016-08-21T08:00:00Z,255.9375,248.90625,249.60938,253.82813,248.90625,248.90625,251.36719,255.23438,255.23438,254.88281,256.99219,253.82813,14.23828,10.83984,12.83203,13.47656,12.77344,13.71094,13.65234,13.65234,14.00391,13.76953,14.17969,13.88672,13.53516,0.117188,0.126953,0.180664,0.125732,0.119629,0.113525,0.113525,0.10376,0.096436,0.131836,0.141602
2016-08-21T08:10:00Z,254.53125,264.72656,266.48438,260.85938,262.61719,262.96875,264.375,263.32031,261.21094,263.32031,263.67188,260.50781,13.88672,10.42969,12.24609,12.53906,12.48047,12.59766,12.94922,12.89063,12.83203,14.23828,14.35547,13.76953,14.12109,0.114746,0.129395,0.140381,0.169678,0.17334,0.163574,0.133057,0.133057,0.144043,0.135498,0.130615
2016-08-21T08:20:00Z,264.375,257.69531,259.80469,256.99219,261.21094,266.48438,262.61719,266.13281,264.02344,258.75,261.5625,259.80469,13.00781,9.84375,12.59766,12.77344,12.83203,13.30078,13.94531,13.59375,13.76953,13.71094,14.12109,13.82813,14.0625,0.134277,0.134277,0.140381,0.137939,0.113525,0.124512,0.137939,0.114746,0.164795,0.148926,0.107422
2016-08-21T08:30:00Z,261.91406,264.72656,265.07813,263.32031,265.07813,270.35156,266.83594,262.96875,259.10156,259.80469,262.96875,263.32031,12.71484,10.19531,12.1875,12.53906,12.59766,12.53906,12.83203,12.83203,13.125,13.88672,13.76953,13.88672,13.35938,0.184326,0.155029,0.163574,0.162354,0.163574,0.130615,0.107422,0.125732,0.095215,0.113525,0.136719
2016-08-21T08:40:00Z,265.07813,262.96875,263.67188,262.96875,266.13281,263.32031,267.53906,263.67188,265.42969,267.53906,267.89063,271.75781,12.30469,9.78516,13.125,13.35938,13.30078,13.82813,13.76953,13.94531,13.94531,14.12109,13.71094,14.12109,14.0625,0.130615,0.098877,0.133057,0.10376,0.119629,0.10498,0.118408,0.080566,0.144043,0.111084,0.102539
2016-08-21T08:50:00Z,264.72656,265.07813,266.13281,265.07813,266.48438,271.05469,260.85938,264.72656,267.53906,266.48438,270.35156,268.94531,13.30078,10.54688,12.24609,12.94922,12.48047,13.35938,13.71094,13.76953,13.41797,13.88672,13.53516,13.24219,13.35938,0.135498,0.146484,0.15625,0.134277,0.112305,0.12207,0.133057,0.126953,0.115967,0.129395,0.098877
2016-08-21T09:00:00Z,267.1875,265.78125,266.48438,267.89063,266.83594,268.24219,265.07813,272.8125,270.35156,271.05469,267.89063,268.59375,13.53516,10.3125,13.41797,13.41797,13.125,13.65234,13.82813,14.47266,14.23828,14.12109,13.65234,13.82813,14.35547,0.142822,0.131836,0.140381,0.137939,0.125732,0.10498,0.10498,0.145264,0.145264,0.125732,0.111084
2016-08-21T09:10:00Z,267.89063,266.13281,264.72656,269.64844,268.94531,268.24219,268.24219,272.46094,270.0,268.59375,271.75781,273.86719,13.59375,10.48828,12.36328,12.77344,12.48047,12.94922,13.59375,14.0625,14.0625,13.94531,13.94531,14.12109,14.00391,0.136719,0.162354,0.147705,0.140381,0.130615,0.112305,0.097656,0.109863,0.112305,0.150146,0.147705
2016-08-21T09:20:00Z,269.29688,270.70313,265.78125,258.04688,270.35156,272.10938,271.40625,269.64844,273.16406,271.05469,270.0,270.70313,13.06641,10.3125,13.35938,13.24219,13.125,13.59375,13.41797,13.76953,13.82813,13.76953,13.41797,13.71094,14.00391,0.102539,0.12207,0.137939,0.106201,0.115967,0.112305,0.102539,0.101318,0.091553,0.087891,0.098877
2016-08-21T09:30:00Z,270.0,267.53906,269.64844,272.46094,269.64844,268.94531,268.59375,268.59375,274.21875,274.57031,275.27344,276.67969,12.65625,10.25391,12.24609,12.24609,12.1875,12.71484,13.24219,13.00781,12.48047,12.53906,13.125,13.18359,13.18359,0.170898,0.153809,0.136719,0.101318,0.106201,0.126953,0.109863,0.134277,0.117188,0.118408,0.12207
2016-08-21T09:40:00Z,269.64844,274.57031,271.75781,273.16406,272.10938,266.83594,267.89063,270.0,269.64844,269.64844,269.64844,272.46094,12.01172,9.78516,12.07031,12.71484,12.53906,12.59766,12.65625,13.00781,12.71484,12.77344,12.77344,12.77344,13.125,0.13916,0.133057,0.141602,0.109863,0.107422,0.12207,0.095215,0.117188,0.134277,0.114746,0.112305
2016-08-21T09:50:00Z,266.48438,273.16406,276.32813,270.35156,273.16406,266.48438,271.75781,269.64844,271.75781,267.1875,269.29688,268.24219,12.36328,9.66797,12.36328,12.1875,12.53906,11.95313,12.07031,12.71484,12.77344,12.65625,12.89063,12.65625,12.71484,0.135498,0.108643,0.101318,0.124512,0.114746,0.125732,0.095215,0.118408,0.087891,0.102539,0.107422
2016-08-21T10:00:00Z,271.75781,268.59375,267.53906,271.05469,269.29688,268.59375,269.64844,272.10938,268.59375,268.59375,273.86719,272.46094,12.59766,9.96094,12.12891,12.48047,12.65625,13.06641,13.06641,13.06641,12.83203,12.48047,12.89063,13.18359,12.89063,0.151367,0.12207,0.158691,0.125732,0.118408,0.12085,0.113525,0.123291,0.124512,0.091553,0.083008
2016-08-21T10:10:00Z,265.07813,271.40625,272.46094,274.57031,270.70313,270.0,272.8125,274.21875,267.89063,270.0,272.8125,272.10938,13.06641,9.66797,11.60156,11.77734,11.77734,12.24609,12.53906,12.01172,12.07031,11.95313,12.30469,12.30469,12.59766,0.142822,0.128174,0.115967,0.12085,0.08667,0.10376,0.111084,0.148926,0.125732,0.137939,0.091553
2016-08-21T10:20:00Z,271.05469,273.86719,274.21875,273.51563,271.05469,270.35156,271.40625,269.29688,272.10938,270.35156,270.0,267.89063,11.66016,9.19922,10.78125,10.83984,10.95703,11.25,11.36719,11.71875,11.30859,11.48438,11.30859,11.66016,12.30469,0.152588,0.151367,0.142822,0.15625,0.124512,0.111084,0.119629,0.111084,0.136719,0.129395,0.106201
2016-08-21T10:30:00Z,267.53906,274.92188,270.0,271.75781,270.35156,268.59375,270.35156,268.59375,269.64844,271.05469,272.10938,273.86719,11.36719,8.37891,11.48438,11.19141,11.48438,11.83594,12.07031,11.89453,11.66016,11.66016,11.95313,11.95313,12.12891,0.137939,0.119629,0.159912,0.113525,0.096436,0.108643,0.102539,0.148926,0.12085,0.137939,0.113525
2016-08-21T10:40:00Z,268.94531,273.86719,265.78125,273.16406,270.70313,270.70313,270.70313,272.8125,269.64844,271.75781,267.89063,269.64844,12.24609,9.31641,11.36719,11.30859,11.54297,11.66016,11.95313,12.12891,12.01172,12.36328,12.30469,12.48047,12.24609,0.118408,0.145264,0.136719,0.118408,0.136719,0.091553,0.106201,0.118408,0.112305,0.123291,0.108643
2016-08-21T10:50:00Z,269.29688,263.67188,272.8125,270.35156,270.70313,272.10938,274.92188,270.0,269.29688,272.8125,270.35156,273.16406,11.54297,9.31641,11.71875,12.01172,11.95313,11.83594,11.71875,11.83594,11.95313,12.1875,11.83594,11.30859,11.60156,0.150146,0.113525,0.142822,0.10498,0.108643,0.117188,0.136719,0.096436,0.112305,0.125732,0.133057
2016-08-21T11:00:00Z,267.89063,273.86719,273.51563,269.64844,276.32813,271.75781,269.29688,265.78125,266.83594,270.70313,273.86719,272.10938,11.66016,9.25781,11.07422,11.25,11.25,11.42578,11.36719,11.36719,11.30859,11.36719,11.77734,11.71875,11.48438,0.133057,0.089111,0.118408,0.109863,0.128174,0.140381,0.133057,0.135498,0.129395,0.10376,0.113525
2016-08-21T11:10:00Z,267.89063,268.94531,270.35156,266.83594,268.59375,267.1875,266.48438,265.07813,266.83594,264.02344,264.375,266.83594,11.42578,8.73047,10.25391,10.54688,10.48828,11.07422,11.19141,10.95703,10.89844,10.83984,10.83984,11.19141,11.66016,0.128174,0.15625,0.124512,0.133057,0.136719,0.085449,0.129395,0.115967,0.136719,0.129395,0.119629
2016-08-21T11:20:00Z,262.96875,262.96875,264.375,267.89063,264.375,263.67188,266.13281,263.32031,263.32031,267.89063,266.48438,268.59375,10.89844,8.55469,10.95703,11.07422,10.54688,10.89844,11.25,11.36719,11.54297,11.25,11.25,11.54297,11.77734,0.153809,0.12085,0.109863,0.12085,0.136719,0.12207,0.12085,0.095215,0.10376,0.090332,0.10498
2016-08-21T11:30:00Z,261.5625,260.15625,262.61719,259.10156,261.21094,266.48438,264.375,262.26563,262.96875,262.61719,262.61719,264.375,11.42578,8.61328,10.42969,10.83984,10.83984,10.89844,11.01563,11.30859,11.30859,11.42578,11.13281,11.66016,11.66016,0.126953,0.113525,0.12085,0.119629,0.130615,0.106201,0.097656,0.106201,0.100098,0.109863,0.080566
2016-08-21T11:40:00Z,258.75,265.42969,263.67188,262.26563,260.50781,262.61719,260.50781,262.96875,261.91406,263.32031,263.67188,264.02344,11.30859,8.67188,10.78125,10.83984,10.66406,10.72266,11.36719,11.30859,11.42578,10.95703,11.42578,11.36719,11.42578,0.134277,0.150146,0.091553,0.125732,0.10376,0.124512,0.115967,0.092773,0.096436,0.115967,0.10376
2016-08-21T11:50:00Z,258.75,259.45313,262.26563,266.48438,258.75,261.91406,260.50781,257.69531,261.5625,263.67188,261.91406,265.07813,11.42578,8.67188,10.95703,11.07422,11.36719,11.13281,11.71875,11.71875,11.48438,11.77734,12.01172,11.89453,11.42578,0.113525,0.130615,0.117188,0.096436,0.115967,0.092773,0.090332,0.112305,0.093994,0.109863,0.135498
2016-08-21T12:00:00Z,258.75,261.5625,258.75,264.375,261.91406,260.50781,259.80469,264.375,264.02344,265.07813,264.375,264.72656,12.07031,8.90625,11.36719,11.42578,11.25,11.60156,11.25,11.77734,11.48438,11.71875,11.83594,12.1875,11.83594,0.128174,0.119629,0.12085,0.115967,0.115967,0.111084,0.129395,0.114746,0.134277,0.134277,0.109863
2016-08-21T12:10:00Z,260.85938,259.10156,261.21094,261.91406,260.50781,263.67188,259.80469,260.85938,260.15625,262.96875,262.26563,266.83594,11.42578,9.31641,11.07422,11.60156,11.13281,11.54297,11.77734,11.71875,11.83594,11.83594,11.89453,12.12891,12.01172,0.133057,0.12085,0.137939,0.134277,0.12207,0.118408,0.113525,0.118408,0.123291,0.128174,0.091553
2016-08-21T12:20:00Z,259.45313,259.10156,260.85938,260.15625,259.80469,261.21094,262.61719,263.67188,262.61719,262.26563,265.42969,262.61719,11.30859,8.90625,10.37109,10.89844,11.01563,11.54297,11.36719,11.13281,11.48438,11.25,11.48438,11.60156,11.89453,0.130615,0.150146,0.124512,0.146484,0.124512,0.129395,0.125732,0.124512,0.146484,0.136719,0.12207
2016-08-21T12:30:00Z,258.75,264.72656,259.80469,259.80469,257.34375,256.64063,257.69531,262.96875,259.45313,267.53906,269.29688,266.48438,10.66406,8.67188,10.78125,10.95703,11.13281,10.83984,11.01563,11.60156,11.77734,11.48438,11.36719,11.25,11.54297,0.148926,0.111084,0.126953,0.129395,0.117188,0.102539,0.106201,0.097656,0.084229,0.100098,0.102539
2016-08-21T12:40:00Z,261.91406,259.10156,264.02344,259.80469,261.5625,261.5625,260.85938,263.32031,264.375,265.07813,261.91406,262.96875,11.25,8.84766,10.48828,10.95703,10.83984,10.83984,11.25,11.42578,11.54297,11.30859,11.19141,11.01563,10.95703,0.119629,0.109863,0.130615,0.109863,0.111084,0.129395,0.102539,0.134277,0.106201,0.135498,0.111084
2016-08-21T12:50:00Z,259.80469,258.39844,258.75,257.69531,259.80469,259.45313,260.50781,261.5625,260.50781,259.10156,259.45313,259.45313,10.60547,8.61328,10.66406,11.19141,10.83984,11.19141,11.13281,11.25,11.07422,11.25,11.19141,10.83984,11.13281,0.111084,0.117188,0.13916,0.133057,0.124512,0.133057,0.112305,0.115967,0.101318,0.119629,0.111084
2016-08-21T13:00:00Z,255.9375,257.34375,256.99219,256.99219,254.88281,256.64063,255.23438,253.125,256.64063,255.58594,258.39844,260.15625,10.95703,9.02344,10.60547,10.54688,10.72266,10.78125,11.13281,11.25,11.36719,11.48438,11.36719,11.54297,11.54297,0.119629,0.12207,0.129395,0.174561,0.126953,0.097656,0.113525,0.145264,0.125732,0.151367,0.118408
2016-08-21T13:10:00Z,253.47656,252.77344,255.23438,255.9375,257.34375,256.28906,253.82813,255.58594,258.04688,259.45313,260.85938,259.10156,11.01563,8.49609,10.95703,10.95703,11.19141,11.36719,11.13281,11.48438,11.77734,11.71875,11.42578,11.42578,11.42578,0.161133,0.117188,0.148926,0.129395,0.135498,0.152588,0.142822,0.114746,0.12207,0.137939,0.102539
2016-08-21T13:20:00Z,256.28906,253.47656,254.17969,257.69531,254.53125,260.85938,259.80469,254.17969,260.85938,261.5625,258.75,265.78125,10.83984,8.96484,11.13281,11.36719,11.36719,12.12891,12.59766,11.95313,11.60156,11.83594,12.24609,11.89453,12.07031,0.161133,0.133057,0.153809,0.115967,0.113525,0.117188,0.140381,0.123291,0.157471,0.125732,0.131836
2016-08-21T13:30:00Z,258.75,260.15625,260.15625,261.91406,262.26563,259.10156,259.80469,258.39844,258.39844,257.69531,257.34375,261.21094,11.54297,8.96484,11.42578,11.30859,11.77734,11.19141,11.42578,11.42578,11.89453,11.77734,11.60156,11.48438,12.36328,0.159912,0.164795,0.137939,0.151367,0.15625,0.114746,0.123291,0.152588,0.098877,0.111084,0.117188
2016-08-21T13:40:00Z,257.69531,254.88281,253.82813,260.50781,248.90625,253.47656,255.58594,256.99219,256.99219,256.99219,257.34375,256.64063,11.30859,8.96484,10.66406,10.72266,11.01563,11.13281,11.42578,11.60156,11.54297,11.71875,11.77734,11.83594,12.01172,0.134277,0.158691,0.157471,0.135498,0.141602,0.163574,0.148926,0.118408,0.166016,0.133057,0.108643
2016-08-21T13:50:00Z,257.69531,257.34375,258.75,258.39844,257.34375,256.99219,255.58594,255.58594,256.28906,254.88281,258.75,254.88281,11.19141,8.84766,11.25,11.60156,11.54297,11.77734,11.60156,12.01172,11.77734,11.95313,11.54297,11.25,11.36719,0.142822,0.140381,0.126953,0.146484,0.113525,0.106201,0.152588,0.115967,0.117188,0.111084,0.115967
2016-08-21T14:00:00Z,257.34375,252.07031,252.42188,254.17969,253.47656,253.125,252.07031,252.42188,252.77344,251.71875,253.125,254.17969,11.13281,9.14063,10.78125,11.07422,10.83984,11.71875,11.36719,11.25,11.19141,12.07031,11.95313,12.12891,12.1875,0.148926,0.126953,0.142822,0.111084,0.148926,0.163574,0.128174,0.135498,0.128174,0.119629,0.130615
2016-08-21T14:10:00Z,253.125,248.20313,251.01563,247.14844,250.3125,249.60938,249.25781,248.55469,252.42188,252.07031,251.01563,252.77344,10.95703,8.73047,10.83984,11.36719,10.95703,11.19141,11.19141,11.25,11.89453,11.71875,11.60156,11.25,11.66016,0.135498,0.128174,0.153809,0.12207,0.141602,0.136719,0.124512,0.129395,0.162354,0.164795,0.115967
2016-08-21T14:20:00Z,249.96094,251.36719,252.77344,251.71875,251.01563,252.07031,253.125,250.66406,247.85156,251.71875,253.125,250.66406,11.30859,8.49609,10.37109,10.54688,10.01953,10.60547,10.83984,10.95703,10.66406,11.13281,11.48438,11.42578,11.36719,0.098877,0.134277,0.163574,0.125732,0.13916,0.131836,0.142822,0.126953,0.142822,0.136719,0.111084
2016-08-21T14:30:00Z,249.60938,249.25781,247.5,249.60938,248.90625,250.66406,248.90625,252.42188,251.36719,249.25781,251.71875,251.36719,11.13281,8.90625,11.36719,11.30859,11.30859,11.89453,11.95313,11.95313,11.42578,11.71875,11.66016,12.01172,12.01172,0.128174,0.128174,0.118408,0.114746,0.146484,0.137939,0.092773,0.092773,0.129395,0.119629,0.147705
2016-08-21T14:40:00Z,248.55469,246.79688,248.20313,248.20313,245.03906,249.60938,246.79688,247.5,245.74219,247.85156,250.3125,248.20313,11.54297,9.14063,10.54688,11.01563,10.3125,11.25,10.89844,10.83984,10.60547,11.01563,11.19141,11.07422,11.48438,0.137939,0.114746,0.150146,0.131836,0.155029,0.130615,0.159912,0.098877,0.137939,0.140381,0.134277
2016-08-21T14:50:00Z,246.09375,242.92969,245.03906,243.28125,250.3125,244.6875,246.44531,245.39063,249.96094,249.96094,252.42188,249.96094,11.30859,8.61328,11.19141,11.36719,11.48438,11.36719,10.54688,11.30859,11.42578,11.48438,11.13281,11.07422,10.89844,0.137939,0.151367,0.144043,0.129395,0.129395,0.108643,0.100098,0.117188,0.128174,0.146484,0.130615
2016-08-21T15:00:00Z,245.03906,248.55469,248.55469,248.20313,249.25781,251.71875,251.01563,252.07031,251.36719,250.66406,250.3125,251.71875,11.60156,9.43359,12.07031,11.66016,11.54297,12.07031,11.83594,12.12891,11.66016,12.01172,11.83594,12.1875,11.71875,0.151367,0.118408,0.136719,0.123291,0.111084,0.142822,0.115967,0.081787,0.100098,0.095215,0.083008
2016-08-21T15:10:00Z,249.25781,248.55469,245.03906,248.20313,246.44531,245.03906,246.79688,243.98438,246.09375,247.5,250.3125,248.20313,11.30859,9.43359,10.60547,10.95703,11.54297,11.48438,12.01172,12.12891,12.07031,12.1875,12.07031,12.01172,12.36328,0.113525,0.107422,0.108643,0.106201,0.097656,0.090332,0.089111,0.140381,0.130615,0.114746,0.119629
2016-08-21T15:20:00Z,243.63281,245.03906,245.74219,243.28125,245.03906,244.6875,247.5,247.14844,248.90625,247.14844,245.74219,246.79688,11.42578,9.08203,11.54297,11.77734,11.54297,11.48438,11.95313,12.01172,12.1875,11.83594,12.07031,11.77734,12.24609,0.12207,0.126953,0.114746,0.111084,0.072021,0.125732,0.130615,0.113525,0.072021,0.087891,0.080566
2016-08-21T15:30:00Z,244.6875,246.09375,248.55469,244.33594,247.14844,244.6875,243.63281,246.44531,243.63281,249.25781,246.09375,245.39063,12.1875,9.84375,11.13281,11.01563,11.83594,11.42578,11.89453,11.89453,12.01172,11.89453,12.07031,12.01172,12.48047,0.108643,0.085449,0.096436,0.087891,0.10498,0.10498,0.114746,0.085449,0.096436,0.085449,0.102539
2016-08-21T15:40:00Z,243.98438,242.92969,243.98438,246.09375,242.57813,244.33594,247.85156,246.79688,243.28125,242.92969,244.33594,247.14844,11.42578,9.375,10.95703,11.07422,10.66406,11.19141,11.25,11.36719,11.83594,11.77734,11.89453,12.07031,12.07031,0.12207,0.092773,0.102539,0.109863,0.095215,0.090332,0.085449,0.090332,0.087891,0.08667,0.057373
2016-08-21T15:50:00Z,243.63281,245.03906,245.39063,243.98438,244.33594,243.63281,243.98438,243.63281,242.57813,246.44531,248.90625,247.14844,11.07422,9.25781,11.71875,11.30859,11.66016,11.66016,11.95313,12.12891,12.01172,12.48047,12.1875,12.24609,12.48047,0.090332,0.10376,0.112305,0.079346,0.10498,0.102539,0.108643,0.093994,0.098877,0.101318,0.092773
2016-08-21T16:00:00Z,241.875,244.33594,245.03906,245.74219,246.09375,241.52344,241.52344,245.39063,243.63281,248.20313,245.74219,245.03906,11.77734,9.60938,11.01563,11.07422,11.07422,11.71875,11.71875,11.77734,12.1875,12.01172,12.59766,12.59766,12.77344,0.12207,0.12085,0.108643,0.108643,0.109863,0.12085,0.097656,0.091553,0.083008,0.080566,0.079346
2016-08-21T16:10:00Z,242.57813,242.22656,243.28125,246.44531,243.63281,243.63281,243.63281,247.85156,247.85156,250.3125,246.44531,246.09375,11.30859,9.43359,10.37109,10.66406,10.48828,10.95703,11.42578,11.19141,11.36719,11.77734,11.95313,12.07031,12.07031,0.100098,0.107422,0.10376,0.085449,0.098877,0.092773,0.092773,0.074463,0.065918,0.091553,0.085449
2016-08-21T16:20:00Z,241.52344,237.30469,239.0625,243.28125,242.57813,239.76563,240.46875,243.28125,243.63281,242.57813,244.33594,241.52344,10.66406,8.78906,10.60547,11.13281,11.30859,11.36719,11.36719,11.60156,11.89453,12.12891,12.07031,12.07031,12.48047,0.106201,0.091553,0.075684,0.102539,0.109863,0.111084,0.092773,0.075684,0.081787,0.079346,0.092773
2016-08-21T16:30:00Z,238.71094,242.22656,240.46875,240.82031,242.22656,242.22656,242.22656,240.82031,245.74219,243.63281,243.63281,245.39063,11.48438,9.43359,11.83594,12.12891,12.30469,12.24609,12.77344,12.94922,13.30078,13.125,13.24219,13.18359,13.47656,0.089111,0.113525,0.084229,0.089111,0.125732,0.095215,0.092773,0.108643,0.109863,0.08667,0.06958
2016-08-21T16:40:00Z,239.41406,239.41406,241.875,241.17188,242.57813,244.33594,242.57813,239.41406,239.41406,242.57813,242.57813,243.63281,12.53906,10.19531,11.66016,12.24609,11.71875,12.30469,12.77344,12.65625,13.06641,13.47656,13.71094,13.53516,13.88672,0.134277,0.152588,0.12085,0.118408,0.098877,0.083008,0.100098,0.081787,0.100098,0.098877,0.106201
2016-08-21T16:50:00Z,240.11719,240.46875,240.46875,243.28125,241.17188,243.98438,242.92969,242.92969,242.92969,241.52344,245.39063,245.03906,11.89453,9.66797,11.54297,11.95313,11.66016,12.48047,12.59766,12.71484,13.06641,12.77344,13.30078,13.71094,14.00391,0.109863,0.097656,0.100098,0.096436,0.119629,0.092773,0.118408,0.08667,0.079346,0.101318,0.06958
2016-08-21T17:00:00Z,238.71094,236.95313,242.22656,241.17188,242.92969,242.92969,237.65625,241.52344,242.57813,244.33594,242.92969,243.63281,11.71875,9.72656,11.66016,12.01172,11.60156,12.01172,12.12891,12.77344,13.41797,13.35938,13.125,13.35938,13.71094,0.102539,0.114746,0.107422,0.087891,0.098877,0.08667,0.101318,0.081787,0.081787,0.080566,0.10498
2016-08-21T17:10:00Z,238.00781,240.82031,239.41406,240.82031,239.0625,241.52344,240.46875,243.98438,243.98438,239.76563,240.11719,242.57813,12.07031,9.78516,11.25,11.36719,11.60156,12.01172,12.1875,12.48047,13.06641,12.89063,12.89063,13.30078,13.30078,0.093994,0.080566,0.092773,0.079346,0.114746,0.087891,0.090332,0.117188,0.100098,0.093994,0.098877
2016-08-21T17:20:00Z,237.65625,239.41406,237.65625,237.30469,239.76563,240.46875,242.57813,242.57813,238.00781,241.875,242.22656,240.11719,11.42578,9.49219,11.36719,11.66016,11.89453,12.36328,12.42188,13.00781,13.24219,13.24219,13.41797,13.76953,13.76953,0.140381,0.128174,0.101318,0.117188,0.114746,0.111084,0.10376,0.107422,0.12207,0.093994,0.085449
2016-08-21T17:30:00Z,238.35938,240.11719,239.76563,241.17188,237.65625,242.57813,246.44531,243.63281,239.41406,241.17188,240.11719,243.63281,11.77734,9.72656,12.01172,12.48047,12.77344,12.89063,13.53516,13.47656,13.35938,13.47656,13.94531,14.23828,14.35547,0.091553,0.107422,0.096436,0.118408,0.115967,0.096436,0.101318,0.081787,0.090332,0.078125,0.109863
2016-08-21T17:40:00Z,238.00781,239.41406,240.11719,238.71094,239.41406,239.41406,239.41406,241.52344,239.0625,238.71094,242.57813,242.57813,12.07031,10.01953,12.1875,12.65625,12.36328,13.00781,13.18359,13.30078,13.24219,13.18359,13.88672,13.94531,14.00391,0.10498,0.124512,0.111084,0.111084,0.123291,0.113525,0.100098,0.113525,0.092773,0.111084,0.10498
2016-08-21T17:50:00Z,236.95313,240.46875,237.65625,241.17188,239.76563,239.0625,239.0625,239.41406,238.71094,239.41406,239.76563,243.63281,12.12891,10.01953,11.60156,12.12891,11.95313,12.59766,12.48047,13.35938,13.41797,13.41797,13.94531,13.94531,14.29688,0.101318,0.10376,0.100098,0.10376,0.131836,0.085449,0.10376,0.08667,0.102539,0.10376,0.115967
2016-08-21T18:00:00Z,237.65625,241.17188,237.65625,237.30469,242.92969,241.875,244.33594,243.98438,244.6875,246.09375,246.09375,246.79688,12.12891,9.90234,11.71875,12.07031,11.71875,12.42188,12.77344,12.83203,13.125,13.71094,13.65234,13.59375,13.88672,0.130615,0.113525,0.141602,0.081787,0.117188,0.109863,0.123291,0.109863,0.130615,0.101318,0.119629
2016-08-21T18:10:00Z,239.0625,239.76563,240.11719,241.52344,239.76563,243.98438,242.57813,241.52344,241.52344,245.03906,245.39063,243.98438,12.1875,9.43359,11.36719,11.36719,11.89453,12.24609,13.125,13.47656,13.35938,13.88672,14.12109,14.12109,14.23828,0.115967,0.100098,0.12207,0.113525,0.111084,0.10498,0.128174,0.113525,0.10498,0.106201,0.119629
2016-08-21T18:20:00Z,238.35938,238.71094,239.0625,237.30469,240.82031,239.41406,237.65625,240.46875,239.41406,242.57813,243.98438,242.57813,12.59766,9.66797,12.01172,12.07031,12.36328,12.42188,12.83203,13.125,14.00391,14.58984,14.53125,14.64844,14.64844,0.144043,0.115967,0.100098,0.109863,0.113525,0.112305,0.081787,0.081787,0.107422,0.092773,0.107422
2016-08-21T18:30:00Z,236.25,234.84375,237.65625,238.71094,236.25,237.65625,235.89844,239.76563,239.76563,243.98438,239.0625,237.30469,12.77344,10.01953,12.42188,12.71484,12.48047,13.30078,13.35938,13.65234,14.17969,14.29688,14.47266,14.58984,14.35547,0.12085,0.130615,0.130615,0.117188,0.12085,0.109863,0.107422,0.118408,0.119629,0.112305,0.109863
2016-08-21T18:40:00Z,234.84375,231.67969,234.84375,234.84375,235.19531,233.78906,234.84375,237.30469,236.95313,239.0625,239.76563,241.875,12.77344,10.07813,11.19141,11.89453,11.42578,11.95313,12.42188,12.83203,12.71484,12.77344,13.47656,13.94531,14.58984,0.135498,0.153809,0.093994,0.128174,0.152588,0.097656,0.101318,0.08667,0.100098,0.087891,0.10376
2016-08-21T18:50:00Z,232.73438,232.03125,236.25,235.19531,238.35938,236.95313,238.71094,240.11719,242.57813,243.28125,244.6875,243.63281,12.01172,9.55078,12.12891,12.71484,12.53906,12.77344,13.18359,13.53516,14.12109,14.70703,14.58984,15.11719,14.58984,0.140381,0.133057,0.131836,0.096436,0.130615,0.129395,0.108643,0.113525,0.118408,0.111084,0.098877
2016-08-21T19:00:00Z,235.89844,238.71094,236.95313,241.17188,238.71094,235.54688,236.25,237.65625,242.22656,244.33594,243.28125,243.28125,12.77344,9.90234,11.89453,12.01172,12.12891,12.71484,13.47656,13.88672,13.94531,14.41406,14.53125,14.94141,15.76172,0.113525,0.124512,0.12207,0.125732,0.113525,0.134277,0.114746,0.096436,0.107422,0.130615,0.113525
2016-08-21T19:10:00Z,236.25,240.11719,240.11719,240.11719,240.46875,242.22656,239.76563,242.22656,241.17188,239.0625,243.98438,244.6875,12.24609,9.84375,12.1875,12.42188,12.1875,12.65625,12.83203,13.53516,13.94531,14.00391,14.47266,14.88281,15.23438,0.155029,0.12207,0.130615,0.146484,0.090332,0.129395,0.123291,0.111084,0.126953,0.112305,0.129395
2016-08-21T19:20:00Z,236.95313,234.14063,234.49219,238.35938,237.30469,239.76563,238.71094,239.76563,243.63281,244.6875,243.63281,239.41406,12.36328,9.72656,11.36719,11.83594,11.60156,12.07031,12.71484,13.125,14.35547,14.53125,14.53125,14.41406,14.35547,0.158691,0.106201,0.128174,0.137939,0.129395,0.087891,0.108643,0.092773,0.117188,0.111084,0.109863
2016-08-21T19:30:00Z,235.54688,239.0625,241.875,236.95313,240.82031,242.57813,241.52344,241.17188,243.28125,243.63281,243.63281,242.22656,12.07031,9.49219,11.54297,11.54297,12.30469,11.83594,12.89063,13.65234,14.00391,14.47266,14.64844,14.94141,15.17578,0.106201,0.166016,0.115967,0.147705,0.126953,0.135498,0.130615,0.117188,0.111084,0.107422,0.108643
2016-08-21T19:40:00Z,236.95313,235.19531,236.25,234.49219,235.89844,238.35938,238.00781,239.76563,241.52344,244.33594,242.22656,242.22656,11.89453,9.49219,12.1875,12.42188,12.65625,12.65625,13.24219,13.88672,14.53125,14.82422,14.76563,14.94141,15.35156,0.140381,0.115967,0.129395,0.134277,0.10376,0.114746,0.109863,0.079346,0.10376,0.133057,0.128174
2016-08-21T19:50:00Z,234.84375,235.89844,232.38281,227.8125,238.00781,234.49219,235.89844,234.49219,232.38281,235.89844,233.78906,235.54688,12.07031,9.66797,11.66016,12.24609,12.30469,12.48047,12.53906,12.77344,13.35938,13.94531,13.88672,14.00391,14.00391,0.137939,0.114746,0.10376,0.12085,0.13916,0.148926,0.131836,0.098877,0.130615,0.151367,0.141602
2016-08-21T20:00:00Z,232.03125,236.95313,234.14063,236.60156,239.41406,238.00781,236.60156,234.49219,236.60156,236.25,240.11719,237.65625,11.89453,9.49219,11.54297,11.89453,11.71875,12.77344,12.89063,12.71484,13.00781,13.53516,14.41406,14.35547,14.88281,0.12207,0.129395,0.133057,0.113525,0.111084,0.112305,0.123291,0.128174,0.089111,0.113525,0.106201
2016-08-21T20:10:00Z,233.4375,234.84375,233.78906,230.625,235.89844,237.65625,235.54688,236.25,239.76563,240.82031,240.82031,242.22656,11.54297,9.31641,11.30859,11.66016,11.42578,11.83594,11.83594,12.53906,13.125,13.71094,12.89063,13.47656,13.94531,0.145264,0.155029,0.136719,0.133057,0.145264,0.140381,0.111084,0.118408,0.117188,0.091553,0.123291
2016-08-21T20:20:00Z,230.27344,228.51563,232.03125,232.73438,234.14063,233.78906,236.25,236.60156,236.60156,238.71094,236.95313,234.49219,11.01563,9.08203,10.89844,11.48438,11.60156,11.77734,12.12891,12.1875,12.65625,13.06641,13.53516,13.41797,13.94531,0.145264,0.133057,0.135498,0.113525,0.107422,0.126953,0.113525,0.125732,0.10376,0.098877,0.128174
2016-08-21T20:30:00Z,230.625,232.03125,232.38281,230.97656,234.14063,235.19531,235.54688,236.60156,237.65625,238.00781,239.76563,241.17188,11.48438,9.02344,10.95703,11.48438,11.13281,12.01172,12.24609,12.48047,12.65625,13.18359,13.53516,14.29688,13.82813,0.13916,0.114746,0.158691,0.108643,0.137939,0.109863,0.123291,0.126953,0.137939,0.098877,0.090332
2016-08-21T20:40:00Z,230.27344,233.08594,233.08594,231.32813,232.73438,232.73438,233.4375,234.49219,238.00781,236.25,238.35938,240.82031,10.89844,8.78906,11.25,11.30859,11.25,11.60156,11.66016,12.48047,13.06641,13.06641,12.94922,14.12109,13.71094,0.147705,0.111084,0.146484,0.172119,0.169678,0.151367,0.151367,0.129395,0.151367,0.123291,0.10498
2016-08-21T20:50:00Z,231.67969,232.03125,231.67969,233.78906,234.14063,233.4375,234.84375,234.14063,235.19531,236.60156,239.41406,238.00781,11.07422,8.78906,10.78125,12.12891,11.54297,12.48047,12.71484,12.65625,13.35938,13.88672,14.12109,13.71094,14.35547,0.146484,0.137939,0.163574,0.155029,0.113525,0.107422,0.068359,0.100098,0.101318,0.124512,0.112305
2016-08-21T21:00:00Z,232.03125,233.78906,233.4375,235.89844,234.14063,232.73438,234.49219,231.67969,232.03125,233.08594,236.25,237.65625,11.54297,9.14063,11.36719,11.77734,11.36719,12.48047,12.36328,12.53906,12.48047,13.41797,14.23828,14.53125,14.00391,0.135498,0.133057,0.126953,0.101318,0.126953,0.129395,0.118408,0.112305,0.113525,0.124512,0.123291
2016-08-21T21:10:00Z,231.67969,234.49219,234.84375,233.78906,234.14063,234.14063,234.14063,237.65625,238.00781,237.65625,235.19531,236.95313,10.95703,9.02344,11.13281,11.07422,11.71875,11.60156,12.48047,13.06641,13.35938,13.30078,13.30078,13.35938,14.23828,0.12085,0.126953,0.152588,0.106201,0.12207,0.106201,0.119629,0.101318,0.133057,0.140381,0.109863
2016-08-21T21:20:00Z,233.4375,233.4375,234.49219,232.73438,232.03125,234.84375,235.54688,237.30469,236.60156,235.19531,236.95313,236.25,11.77734,8.84766,10.78125,11.13281,11.48438,11.83594,12.48047,12.53906,12.83203,12.89063,13.06641,13.18359,14.00391,0.12085,0.130615,0.12207,0.124512,0.126953,0.117188,0.128174,0.115967,0.129395,0.126953,0.093994
2016-08-21T21:30:00Z,233.08594,232.73438,234.14063,233.08594,235.54688,234.49219,233.08594,233.08594,235.54688,233.08594,233.08594,236.95313,10.54688,8.37891,10.42969,11.19141,11.07422,11.60156,11.71875,11.95313,12.65625,12.83203,12.83203,13.125,13.82813,0.112305,0.114746,0.135498,0.12207,0.131836,0.097656,0.123291,0.130615,0.123291,0.108643,0.113525
2016-08-21T21:40:00Z,230.27344,229.92188,232.38281,233.4375,230.97656,234.84375,230.97656,229.92188,233.4375,234.14063,237.30469,238.00781,10.66406,8.73047,10.72266,10.95703,10.83984,11.30859,11.54297,11.89453,12.30469,12.83203,13.24219,13.35938,13.59375,0.136719,0.111084,0.134277,0.114746,0.112305,0.125732,0.12085,0.109863,0.076904,0.098877,0.073242
2016-08-21T21:50:00Z,229.57031,228.16406,228.51563,227.10938,229.92188,229.92188,229.21875,228.86719,235.19531,233.08594,231.67969,233.4375,10.66406,8.37891,10.3125,10.37109,10.54688,10.72266,11.01563,11.71875,12.30469,12.36328,12.36328,12.48047,13.00781,0.151367,0.130615,0.129395,0.10376,0.093994,0.102539,0.098877,0.113525,0.098877,0.126953,0.079346
2016-08-21T22:00:00Z,224.64844,228.51563,228.51563,227.10938,226.40625,226.40625,225.35156,227.10938,228.86719,229.92188,229.21875,232.03125,10.07813,8.20313,10.19531,10.37109,10.72266,10.83984,11.36719,11.48438,11.89453,12.12891,12.12891,12.1875,12.48047,0.097656,0.093994,0.119629,0.111084,0.148926,0.085449,0.131836,0.087891,0.10376,0.12207,0.092773
2016-08-21T22:10:00Z,223.59375,225.0,227.8125,227.10938,230.27344,230.27344,229.57031,225.0,228.16406,227.46094,229.57031,228.86719,10.95703,8.55469,10.60547,11.30859,11.07422,11.48438,11.89453,12.12891,12.42188,12.42188,12.83203,12.83203,13.30078,0.137939,0.083008,0.10376,0.093994,0.093994,0.079346,0.08667,0.100098,0.081787,0.092773,0.087891
2016-08-21T22:20:00Z,223.59375,229.57031,229.21875,231.67969,229.92188,228.16406,227.46094,227.10938,227.8125,228.51563,232.38281,232.03125,10.72266,8.90625,11.13281,11.36719,11.71875,12.1875,12.71484,13.06641,12.94922,13.06641,13.30078,13.53516,13.71094,0.106201,0.098877,0.107422,0.096436,0.090332,0.124512,0.12207,0.113525,0.106201,0.117188,0.101318
2016-08-21T22:30:00Z,225.35156,229.92188,232.03125,230.27344,229.92188,229.21875,229.57031,232.38281,232.03125,233.4375,232.38281,231.32813,11.54297,9.375,11.13281,11.54297,11.54297,12.07031,12.36328,12.71484,13.06641,13.35938,13.65234,13.59375,14.23828,0.128174,0.101318,0.128174,0.119629,0.124512,0.114746,0.096436,0.084229,0.087891,0.111084,0.087891
2016-08-21T22:40:00Z,226.75781,233.4375,233.78906,232.38281,232.73438,233.78906,234.49219,235.54688,233.78906,231.67969,235.54688,236.25,12.42188,9.55078,11.95313,12.42188,11.71875,13.00781,13.24219,13.53516,13.59375,13.53516,13.76953,14.0625,14.00391,0.125732,0.112305,0.136719,0.08667,0.08667,0.111084,0.092773,0.090332,0.102539,0.10498,0.089111
2016-08-21T22:50:00Z,228.51563,235.54688,233.78906,232.03125,234.49219,234.14063,233.08594,232.73438,229.92188,230.97656,232.73438,231.32813,12.36328,9.55078,11.30859,11.30859,11.89453,11.66016,11.95313,12.1875,12.65625,13.06641,13.41797,13.59375,13.76953,0.126953,0.118408,0.159912,0.097656,0.100098,0.091553,0.092773,0.090332,0.075684,0.090332,0.092773
2016-08-21T23:00:00Z,227.8125,233.78906,234.49219,233.4375,234.14063,238.71094,240.11719,241.17188,239.76563,238.71094,238.71094,233.4375,11.13281,8.90625,11.42578,11.77734,11.71875,12.36328,12.83203,12.65625,12.77344,13.06641,13.41797,13.47656,13.88672,0.133057,0.108643,0.126953,0.092773,0.098877,0.097656,0.089111,0.091553,0.117188,0.102539,0.084229
2016-08-21T23:10:00Z,232.73438,240.46875,236.95313,238.71094,236.25,238.35938,240.82031,238.00781,240.11719,240.82031,240.46875,239.41406,12.36328,9.25781,11.13281,11.30859,11.66016,11.71875,12.53906,12.59766,12.65625,13.06641,13.53516,13.59375,13.76953,0.113525,0.125732,0.109863,0.111084,0.117188,0.081787,0.095215,0.089111,0.111084,0.098877,0.085449
2016-08-21T23:20:00Z,231.67969,229.92188,232.73438,229.57031,233.78906,236.25,237.30469,235.89844,235.54688,236.60156,236.95313,238.71094,11.48438,9.375,11.13281,11.30859,11.30859,11.36719,11.77734,11.95313,12.07031,12.59766,13.125,12.77344,12.94922,0.10498,0.123291,0.108643,0.119629,0.092773,0.114746,0.115967,0.093994,0.079346,0.064697,0.075684
2016-08-21T23:30:00Z,228.86719,230.97656,232.73438,232.38281,233.78906,236.95313,238.00781,241.52344,242.22656,241.17188,244.6875,243.28125,10.78125,8.61328,10.83984,11.30859,11.30859,11.60156,11.83594,12.12891,12.42188,12.53906,13.18359,13.30078,13.53516,0.135498,0.137939,0.115967,0.119629,0.117188,0.106201,0.091553,0.10498,0.108643,0.113525,0.087891
2016-08-21T23:40:00Z,233.4375,234.84375,236.25,239.76563,235.19531,236.95313,238.71094,233.4375,236.60156,241.17188,240.11719,240.82031,11.13281,8.78906,11.25,11.54297,11.25,11.89453,11.89453,11.83594,12.42188,12.94922,12.77344,12.89063,12.94922,0.117188,0.114746,0.119629,0.101318,0.10376,0.098877,0.101318,0.084229,0.089111,0.10498,0.090332
2016-08-21T23:50:00Z,232.73438,239.41406,240.11719,239.0625,238.35938,235.54688,237.30469,235.89844,235.19531,237.65625,239.41406,241.875,11.30859,9.02344,11.48438,11.42578,11.42578,11.54297,12.1875,12.48047,12.36328,12.30469,12.71484,13.00781,13.125,0.126953,0.134277,0.136719,0.113525,0.107422,0.092773,0.10376,0.137939,0.100098,0.124512,0.090332