LOCATION: 
SYSTEM SERIAL: HKZA
TIMESTAMP (ISO-8601) UTC,WindDir004m deg,WindDir030m deg,WindDir040m deg,WindDir040m_ref deg,WindDir060m deg,WindDir080m deg,WindDir100m deg,WindDir120m deg,WindDir140m deg,WindDir160m deg,WindDir180m deg,WindDir200m deg,WindGust004m m/s,WindSpeed004m m/s,WindSpeed030mh m/s,WindSpeed040mh m/s,WindSpeed040m_refh m/s,WindSpeed060mh m/s,WindSpeed080mh m/s,WindSpeed100mh m/s,WindSpeed120mh m/s,WindSpeed140mh m/s,WindSpeed160mh m/s,WindSpeed180mh m/s,WindSpeed200mh m/s,TI 030m,TI 040m,TI 040m ref,TI 060m,TI 080m,TI 100m,TI 120m,TI 140m,TI 160m,TI 180m,TI 200m
2016-09-06T00:00:00Z,134.64844,142.03125,142.03125,142.03125,140.625,142.38281,142.03125,144.84375,144.49219,146.60156,150.46875,151.52344,5.50781,4.27734,4.98047,5.15625,5.03906,4.98047,4.98047,5.03906,5.15625,5.09766,5.15625,5.39063,5.44922,0.092773,0.15625,0.096436,0.091553,0.100098,0.078125,0.074463,0.147705,0.125732,0.092773,0.092773
2016-09-06T00:10:00Z,131.48438,136.05469,134.29688,137.10938,136.75781,136.40625,137.46094,139.92188,142.73438,144.49219,148.71094,151.17188,5.56641,4.57031,4.92188,4.98047,4.92188,5.15625,5.15625,5.03906,5.21484,5.27344,5.44922,5.625,5.625,0.084229,0.081787,0.093994,0.084229,0.081787,0.109863,0.113525,0.129395,0.074463,0.078125,0.098877
2016-09-06T00:20:00Z,126.21094,139.21875,138.51563,138.51563,139.57031,138.86719,137.8125,139.92188,140.27344,144.49219,146.95313,149.41406,5.44922,4.45313,5.09766,5.27344,5.33203,5.21484,5.15625,5.21484,5.44922,5.50781,5.85938,5.85938,6.03516,0.114746,0.106201,0.113525,0.108643,0.124512,0.10376,0.084229,0.085449,0.095215,0.109863,0.08667
2016-09-06T00:30:00Z,127.96875,134.64844,135.70313,135.35156,135.0,135.0,138.86719,138.51563,141.32813,144.14063,150.82031,149.0625,5.74219,4.92188,5.39063,5.39063,5.27344,5.27344,5.39063,5.68359,5.44922,5.80078,6.09375,6.21094,6.26953,0.108643,0.090332,0.111084,0.101318,0.089111,0.100098,0.098877,0.108643,0.102539,0.102539,0.113525
2016-09-06T00:40:00Z,125.85938,138.86719,137.10938,137.8125,139.57031,140.97656,142.73438,145.54688,146.60156,148.71094,151.52344,146.25,5.68359,4.86328,5.44922,5.39063,5.39063,5.56641,5.625,5.74219,6.09375,6.44531,6.5625,6.50391,6.21094,0.091553,0.095215,0.090332,0.092773,0.10376,0.091553,0.12207,0.091553,0.106201,0.096436,0.113525
2016-09-06T00:50:00Z,129.72656,139.57031,139.21875,140.97656,139.92188,141.67969,144.49219,144.84375,144.14063,150.82031,155.03906,131.83594,5.85938,4.86328,5.39063,5.50781,5.39063,5.56641,5.68359,5.68359,5.74219,5.91797,6.15234,6.09375,5.80078,0.113525,0.109863,0.115967,0.130615,0.136719,0.159912,0.170898,0.137939,0.15625,0.113525,0.150146
2016-09-06T01:00:00Z,133.24219,145.89844,143.78906,146.95313,144.49219,144.49219,147.30469,148.71094,150.11719,154.33594,163.125,150.82031,5.74219,4.92188,5.50781,5.50781,5.44922,5.50781,5.68359,5.74219,5.80078,6.03516,5.97656,6.26953,5.97656,0.10376,0.111084,0.12085,0.108643,0.111084,0.093994,0.083008,0.102539,0.126953,0.126953,0.118408
2016-09-06T01:10:00Z,137.46094,148.00781,148.35938,148.71094,150.11719,152.92969,157.14844,157.14844,156.79688,161.36719,158.20313,130.42969,6.03516,4.98047,5.625,5.74219,5.74219,5.74219,5.74219,5.74219,5.91797,5.74219,5.85938,6.09375,5.85938,0.076904,0.10376,0.095215,0.118408,0.091553,0.112305,0.128174,0.134277,0.170898,0.109863,0.185547
2016-09-06T01:20:00Z,138.51563,147.65625,148.35938,149.76563,155.03906,156.79688,160.66406,164.17969,157.5,157.5,168.39844,136.75781,5.85938,4.86328,5.15625,5.33203,5.21484,5.39063,5.44922,5.44922,5.56641,5.80078,5.97656,6.26953,5.97656,0.084229,0.089111,0.098877,0.109863,0.124512,0.12207,0.142822,0.148926,0.158691,0.12085,0.12085
2016-09-06T01:30:00Z,144.84375,163.125,164.88281,160.66406,163.125,167.34375,156.79688,166.28906,170.85938,171.91406,174.72656,178.24219,5.625,4.57031,5.27344,5.33203,5.27344,5.27344,5.33203,5.27344,5.68359,5.44922,5.85938,5.85938,5.85938,0.107422,0.133057,0.126953,0.151367,0.119629,0.163574,0.145264,0.19165,0.162354,0.184326,0.136719
2016-09-06T01:40:00Z,155.03906,159.25781,162.07031,162.07031,165.23438,168.39844,170.85938,173.67188,176.48438,170.50781,182.8125,177.1875,5.80078,4.74609,5.39063,5.68359,5.56641,5.74219,5.80078,5.91797,5.91797,5.91797,5.74219,5.85938,5.97656,0.119629,0.125732,0.111084,0.114746,0.113525,0.130615,0.153809,0.15625,0.187988,0.128174,0.157471
2016-09-06T01:50:00Z,155.03906,168.04688,168.75,166.64063,169.45313,172.61719,176.48438,179.29688,181.75781,176.83594,175.78125,181.40625,5.74219,4.80469,5.27344,5.44922,5.625,5.85938,6.09375,6.09375,6.15234,6.21094,6.03516,6.21094,5.91797,0.115967,0.10498,0.130615,0.115967,0.092773,0.123291,0.112305,0.129395,0.109863,0.098877,0.125732
2016-09-06T02:00:00Z,158.20313,174.02344,172.96875,173.67188,176.83594,179.29688,181.40625,184.57031,185.27344,183.16406,181.40625,184.21875,5.625,4.74609,5.33203,5.56641,5.50781,5.80078,5.80078,5.97656,6.26953,6.32813,6.32813,6.26953,6.09375,0.10376,0.115967,0.123291,0.136719,0.111084,0.117188,0.115967,0.100098,0.12207,0.083008,0.096436
2016-09-06T02:10:00Z,165.9375,174.375,175.42969,175.78125,178.59375,182.8125,183.86719,187.73438,189.14063,188.4375,191.60156,190.19531,6.21094,5.03906,5.56641,5.56641,5.56641,5.74219,5.85938,6.26953,6.38672,6.5625,6.38672,6.32813,6.21094,0.115967,0.114746,0.089111,0.118408,0.115967,0.073242,0.10498,0.090332,0.106201,0.108643,0.095215
2016-09-06T02:20:00Z,164.17969,181.40625,180.35156,181.75781,182.8125,185.97656,187.03125,189.14063,191.25,195.11719,194.41406,196.875,5.91797,4.74609,5.09766,5.44922,5.50781,5.80078,5.85938,6.15234,6.44531,6.5625,6.5625,6.32813,6.26953,0.140381,0.085449,0.118408,0.113525,0.102539,0.087891,0.079346,0.08667,0.074463,0.076904,0.091553
2016-09-06T02:30:00Z,171.21094,188.4375,186.67969,189.14063,190.89844,190.54688,189.84375,188.4375,194.41406,193.35938,192.65625,192.30469,5.74219,4.62891,5.44922,5.625,5.50781,5.74219,5.97656,5.97656,6.32813,6.32813,6.44531,6.38672,6.44531,0.093994,0.137939,0.114746,0.115967,0.114746,0.134277,0.075684,0.109863,0.092773,0.096436,0.068359
2016-09-06T02:40:00Z,182.46094,193.35938,190.89844,192.30469,191.60156,191.60156,193.00781,194.41406,194.0625,193.71094,194.0625,194.76563,6.03516,4.98047,5.625,5.68359,5.68359,5.97656,5.91797,5.85938,5.74219,5.85938,5.74219,5.91797,5.97656,0.081787,0.12085,0.144043,0.123291,0.101318,0.091553,0.115967,0.114746,0.092773,0.115967,0.10498
2016-09-06T02:50:00Z,185.625,195.46875,196.17188,195.82031,195.46875,195.11719,195.11719,193.71094,195.11719,194.0625,193.00781,193.71094,6.03516,4.92188,6.03516,6.03516,5.97656,5.85938,6.03516,5.97656,6.03516,5.91797,5.97656,5.91797,6.09375,0.12207,0.109863,0.134277,0.130615,0.123291,0.106201,0.125732,0.096436,0.12085,0.13916,0.113525
2016-09-06T03:00:00Z,189.84375,196.52344,195.46875,194.0625,195.11719,198.28125,197.57813,197.92969,196.52344,197.22656,196.875,195.11719,6.32813,5.27344,5.68359,6.03516,6.03516,6.26953,6.15234,6.09375,5.80078,6.03516,5.97656,6.09375,6.09375,0.145264,0.131836,0.135498,0.172119,0.117188,0.125732,0.135498,0.151367,0.126953,0.112305,0.128174
2016-09-06T03:10:00Z,191.60156,197.57813,201.44531,200.03906,199.6875,200.74219,201.09375,202.14844,205.3125,201.09375,201.44531,201.44531,6.50391,5.27344,5.85938,5.91797,5.74219,5.85938,5.85938,6.03516,6.21094,6.03516,6.09375,6.15234,6.38672,0.128174,0.136719,0.108643,0.129395,0.101318,0.130615,0.117188,0.124512,0.13916,0.114746,0.131836
2016-09-06T03:20:00Z,192.65625,195.46875,195.82031,193.71094,199.6875,199.33594,197.92969,198.98438,199.6875,197.57813,198.28125,198.63281,6.5625,5.09766,5.74219,5.91797,5.625,5.80078,5.68359,5.91797,5.91797,5.80078,5.85938,5.80078,6.03516,0.15625,0.12207,0.167236,0.113525,0.117188,0.153809,0.133057,0.098877,0.123291,0.129395,0.129395
2016-09-06T03:30:00Z,189.49219,192.65625,191.95313,192.30469,195.11719,196.17188,195.11719,193.71094,194.0625,195.11719,197.22656,196.17188,6.32813,5.09766,5.85938,5.97656,5.80078,6.03516,5.97656,5.74219,5.91797,6.03516,5.85938,5.85938,5.80078,0.136719,0.134277,0.162354,0.079346,0.108643,0.136719,0.12207,0.106201,0.093994,0.107422,0.080566
2016-09-06T03:40:00Z,186.67969,187.38281,187.38281,188.08594,189.49219,191.60156,192.30469,193.00781,193.00781,192.65625,192.65625,195.11719,5.97656,4.98047,5.80078,5.85938,5.85938,5.85938,5.97656,5.80078,5.97656,5.85938,5.85938,5.91797,5.85938,0.12207,0.135498,0.130615,0.129395,0.097656,0.096436,0.109863,0.123291,0.092773,0.083008,0.137939
2016-09-06T03:50:00Z,187.38281,193.35938,194.76563,194.0625,193.35938,193.00781,192.65625,193.00781,193.35938,194.0625,194.0625,194.76563,6.03516,5.27344,6.21094,6.21094,6.32813,6.26953,5.97656,6.21094,6.09375,6.21094,6.09375,6.09375,6.15234,0.10498,0.119629,0.108643,0.096436,0.10376,0.119629,0.106201,0.12207,0.093994,0.101318,0.093994
2016-09-06T04:00:00Z,189.14063,194.0625,194.76563,194.41406,195.46875,196.17188,197.57813,195.82031,194.76563,196.17188,193.00781,195.11719,6.5625,5.44922,6.03516,6.15234,6.09375,6.15234,6.21094,6.03516,6.15234,6.03516,5.97656,5.91797,6.26953,0.097656,0.095215,0.073242,0.096436,0.130615,0.125732,0.109863,0.100098,0.095215,0.137939,0.093994
2016-09-06T04:10:00Z,191.60156,193.00781,190.89844,192.65625,193.35938,197.22656,195.46875,192.30469,193.71094,196.52344,193.35938,193.35938,6.26953,5.33203,5.97656,5.80078,6.03516,6.15234,6.15234,5.85938,5.97656,6.09375,6.21094,5.80078,6.15234,0.115967,0.137939,0.111084,0.102539,0.119629,0.12085,0.123291,0.097656,0.107422,0.113525,0.10376
2016-09-06T04:20:00Z,189.84375,191.95313,191.95313,191.95313,192.30469,193.00781,191.25,191.95313,192.65625,190.89844,190.89844,192.30469,6.32813,5.27344,6.26953,6.21094,6.03516,6.21094,5.91797,6.15234,6.38672,6.26953,6.09375,6.26953,6.21094,0.102539,0.145264,0.12207,0.133057,0.141602,0.142822,0.115967,0.107422,0.147705,0.133057,0.157471
2016-09-06T04:30:00Z,191.25,188.78906,193.00781,191.95313,191.95313,190.19531,189.14063,189.84375,188.4375,188.4375,186.32813,187.73438,6.26953,5.27344,5.97656,6.03516,5.74219,5.80078,6.03516,5.85938,5.74219,5.68359,5.80078,5.97656,5.74219,0.167236,0.128174,0.177002,0.10376,0.112305,0.131836,0.129395,0.137939,0.129395,0.123291,0.108643
2016-09-06T04:40:00Z,185.27344,186.32813,188.4375,189.84375,186.67969,189.49219,189.14063,189.14063,188.4375,188.08594,187.73438,188.78906,5.91797,5.09766,5.85938,5.68359,5.80078,5.80078,6.03516,5.74219,5.80078,5.80078,5.68359,5.74219,5.85938,0.146484,0.151367,0.10498,0.157471,0.125732,0.124512,0.119629,0.142822,0.118408,0.129395,0.123291
2016-09-06T04:50:00Z,186.32813,187.03125,188.08594,188.08594,191.25,190.54688,189.84375,191.60156,187.03125,188.78906,186.67969,188.4375,5.97656,5.03906,5.50781,5.91797,5.80078,5.85938,5.80078,5.91797,5.74219,5.91797,5.85938,5.80078,5.56641,0.133057,0.113525,0.131836,0.128174,0.113525,0.12085,0.126953,0.119629,0.145264,0.098877,0.148926
2016-09-06T05:00:00Z,185.27344,188.08594,187.73438,189.49219,187.73438,187.73438,185.27344,187.38281,187.38281,190.19531,188.78906,187.38281,5.91797,5.09766,5.68359,5.625,5.56641,5.97656,5.91797,5.68359,5.68359,5.91797,5.91797,5.68359,5.50781,0.19043,0.174561,0.130615,0.119629,0.142822,0.125732,0.113525,0.124512,0.159912,0.151367,0.130615
2016-09-06T05:10:00Z,184.92188,191.60156,189.84375,188.78906,191.60156,186.67969,186.32813,188.08594,188.4375,187.03125,188.08594,187.38281,5.85938,5.09766,5.85938,5.85938,6.03516,5.97656,5.80078,5.80078,6.15234,6.03516,5.74219,5.97656,6.03516,0.146484,0.108643,0.113525,0.123291,0.170898,0.123291,0.130615,0.133057,0.097656,0.137939,0.114746
2016-09-06T05:20:00Z,187.38281,194.41406,192.30469,190.89844,195.11719,190.19531,190.19531,191.25,190.89844,193.00781,186.32813,187.03125,5.97656,5.21484,5.68359,6.09375,5.85938,6.03516,5.97656,6.03516,5.80078,6.15234,6.03516,5.91797,5.91797,0.183105,0.155029,0.163574,0.140381,0.157471,0.102539,0.117188,0.142822,0.124512,0.15625,0.137939
2016-09-06T05:30:00Z,185.97656,187.03125,188.78906,184.92188,189.14063,187.38281,187.38281,187.03125,187.73438,186.32813,187.03125,188.78906,6.32813,5.09766,5.97656,6.03516,5.68359,5.74219,6.09375,6.15234,5.85938,5.91797,6.03516,5.97656,6.03516,0.112305,0.13916,0.13916,0.113525,0.079346,0.098877,0.145264,0.135498,0.153809,0.081787,0.080566
2016-09-06T05:40:00Z,189.84375,200.39063,195.11719,197.92969,195.11719,193.35938,193.00781,193.35938,193.35938,192.30469,190.89844,194.76563,6.15234,5.15625,5.68359,5.85938,5.91797,5.85938,6.09375,5.85938,5.91797,5.91797,6.03516,6.21094,6.09375,0.152588,0.168457,0.157471,0.148926,0.112305,0.137939,0.155029,0.135498,0.107422,0.119629,0.109863
2016-09-06T05:50:00Z,195.82031,199.33594,195.82031,198.28125,198.28125,194.76563,194.0625,190.54688,191.95313,192.30469,192.30469,193.71094,6.26953,5.09766,5.44922,5.74219,5.56641,6.03516,5.97656,6.09375,5.625,6.03516,5.91797,5.85938,5.91797,0.126953,0.148926,0.10498,0.131836,0.135498,0.137939,0.123291,0.141602,0.161133,0.135498,0.12207
2016-09-06T06:00:00Z,192.30469,192.65625,187.73438,193.71094,191.25,190.19531,192.30469,190.54688,191.25,193.00781,193.00781,195.11719,5.91797,4.98047,5.68359,5.80078,5.85938,6.09375,5.85938,5.74219,5.74219,5.97656,5.56641,5.74219,6.03516,0.118408,0.146484,0.10498,0.146484,0.128174,0.137939,0.130615,0.148926,0.15625,0.125732,0.124512
2016-09-06T06:10:00Z,190.54688,193.35938,190.54688,194.41406,195.11719,195.11719,198.98438,198.98438,201.44531,201.09375,200.74219,201.09375,6.09375,5.15625,5.56641,5.74219,5.625,6.03516,5.85938,5.91797,5.85938,6.15234,5.74219,6.15234,6.32813,0.150146,0.117188,0.112305,0.135498,0.142822,0.15625,0.166016,0.119629,0.151367,0.137939,0.12085
2016-09-06T06:20:00Z,193.35938,194.76563,193.71094,192.30469,192.65625,197.92969,199.33594,200.03906,199.33594,201.44531,203.90625,203.20313,5.85938,4.80469,5.50781,5.50781,5.56641,5.56641,5.80078,5.80078,5.74219,5.625,5.97656,5.91797,5.80078,0.150146,0.108643,0.147705,0.117188,0.146484,0.145264,0.12085,0.129395,0.136719,0.141602,0.12085
2016-09-06T06:30:00Z,189.49219,193.00781,192.30469,191.25,195.46875,194.41406,194.76563,200.03906,199.6875,201.44531,197.57813,200.39063,6.26953,4.80469,5.85938,5.91797,5.80078,5.91797,5.68359,5.91797,5.80078,5.85938,6.03516,5.85938,5.91797,0.130615,0.126953,0.140381,0.128174,0.163574,0.111084,0.17334,0.115967,0.111084,0.141602,0.108643
2016-09-06T06:40:00Z,192.30469,200.03906,200.39063,198.63281,202.14844,199.6875,196.875,196.875,196.875,198.28125,197.92969,198.63281,6.03516,5.09766,5.68359,5.91797,5.68359,5.80078,5.80078,5.80078,5.85938,6.09375,6.09375,5.85938,6.09375,0.137939,0.125732,0.15625,0.135498,0.155029,0.151367,0.123291,0.123291,0.10376,0.136719,0.136719
2016-09-06T06:50:00Z,194.76563,195.46875,196.52344,196.52344,194.0625,197.92969,194.76563,199.6875,196.875,198.98438,200.74219,198.98438,6.21094,5.09766,5.91797,5.74219,5.85938,5.91797,5.85938,5.85938,5.85938,6.09375,6.21094,5.80078,5.85938,0.129395,0.136719,0.144043,0.100098,0.142822,0.162354,0.137939,0.147705,0.133057,0.169678,0.113525
2016-09-06T07:00:00Z,191.25,194.41406,192.65625,193.71094,193.71094,195.46875,195.46875,194.0625,194.76563,196.52344,196.875,197.92969,5.85938,4.92188,6.09375,5.68359,5.85938,5.97656,5.97656,5.91797,6.15234,6.03516,6.09375,5.97656,5.97656,0.167236,0.126953,0.125732,0.147705,0.142822,0.134277,0.159912,0.141602,0.123291,0.13916,0.106201
2016-09-06T07:10:00Z,188.08594,186.67969,188.4375,186.32813,187.73438,189.84375,192.30469,189.14063,193.35938,193.00781,193.35938,194.76563,6.09375,5.21484,5.80078,5.68359,5.91797,5.91797,5.80078,5.97656,5.68359,5.85938,5.97656,6.03516,5.74219,0.135498,0.100098,0.12085,0.123291,0.133057,0.136719,0.13916,0.12085,0.15625,0.125732,0.096436
2016-09-06T07:20:00Z,182.8125,186.32813,188.08594,189.49219,192.30469,193.35938,190.19531,193.00781,194.0625,195.11719,191.95313,195.11719,6.09375,4.98047,5.91797,5.74219,5.85938,6.03516,5.91797,5.85938,6.03516,6.09375,5.85938,5.80078,5.85938,0.202637,0.124512,0.151367,0.136719,0.141602,0.125732,0.137939,0.111084,0.13916,0.203857,0.124512
2016-09-06T07:30:00Z,189.14063,196.17188,195.46875,195.82031,195.11719,195.82031,196.875,200.03906,197.22656,201.79688,201.09375,200.03906,5.97656,4.98047,5.85938,5.97656,6.15234,5.97656,6.15234,6.15234,6.03516,6.32813,6.21094,6.09375,6.09375,0.144043,0.119629,0.126953,0.140381,0.130615,0.141602,0.151367,0.107422,0.107422,0.124512,0.125732
2016-09-06T07:40:00Z,191.60156,194.41406,195.82031,193.71094,199.33594,198.98438,202.5,200.39063,203.90625,206.01563,201.79688,204.60938,6.38672,5.33203,5.68359,6.03516,5.97656,6.09375,6.03516,6.26953,6.21094,6.50391,6.44531,6.44531,6.21094,0.145264,0.117188,0.129395,0.107422,0.111084,0.13916,0.130615,0.115967,0.108643,0.155029,0.125732
2016-09-06T07:50:00Z,190.54688,194.41406,198.28125,195.11719,199.6875,196.52344,198.98438,197.57813,200.74219,201.09375,200.74219,201.09375,6.09375,5.09766,5.80078,5.80078,5.80078,5.97656,5.97656,5.97656,6.38672,6.38672,6.32813,6.62109,6.67969,0.158691,0.131836,0.142822,0.151367,0.10498,0.158691,0.106201,0.153809,0.146484,0.140381,0.130615
2016-09-06T08:00:00Z,190.54688,191.60156,198.28125,192.65625,195.11719,197.57813,194.76563,197.92969,197.22656,198.98438,197.57813,195.82031,6.50391,4.98047,6.15234,6.03516,5.85938,6.32813,6.03516,6.09375,6.32813,6.21094,6.15234,6.15234,6.21094,0.133057,0.157471,0.163574,0.131836,0.157471,0.117188,0.137939,0.134277,0.12085,0.15625,0.128174
2016-09-06T08:10:00Z,189.49219,190.19531,192.65625,192.30469,192.65625,192.30469,191.25,193.35938,191.60156,194.41406,196.875,193.71094,6.21094,5.09766,5.85938,5.97656,5.85938,5.97656,5.91797,6.03516,5.68359,6.03516,5.91797,5.97656,5.85938,0.169678,0.106201,0.114746,0.119629,0.147705,0.112305,0.148926,0.218506,0.12207,0.129395,0.131836
2016-09-06T08:20:00Z,189.49219,190.19531,189.49219,190.19531,194.0625,195.82031,194.76563,194.76563,196.875,198.98438,198.28125,197.57813,5.91797,4.86328,5.80078,5.97656,5.56641,5.85938,5.85938,5.85938,5.80078,5.97656,5.85938,6.09375,5.85938,0.13916,0.114746,0.158691,0.134277,0.163574,0.102539,0.150146,0.137939,0.126953,0.134277,0.167236
2016-09-06T08:30:00Z,183.86719,184.21875,183.16406,180.70313,184.21875,183.51563,183.86719,186.67969,186.67969,188.08594,189.14063,190.19531,6.38672,5.09766,6.5625,6.50391,6.38672,6.26953,6.50391,6.38672,6.50391,6.50391,6.50391,6.62109,6.21094,0.134277,0.106201,0.109863,0.131836,0.125732,0.113525,0.144043,0.144043,0.113525,0.106201,0.140381
2016-09-06T08:40:00Z,179.29688,181.05469,183.51563,183.16406,184.21875,186.32813,185.97656,187.73438,190.54688,189.84375,190.19531,193.35938,6.67969,5.68359,6.32813,6.50391,6.09375,6.44531,6.44531,6.44531,6.44531,6.26953,6.21094,6.44531,6.32813,0.151367,0.118408,0.148926,0.130615,0.146484,0.130615,0.136719,0.159912,0.128174,0.168457,0.10376
2016-09-06T08:50:00Z,181.40625,184.21875,186.67969,187.73438,187.38281,188.4375,188.4375,188.78906,191.95313,194.0625,194.76563,195.46875,6.91406,5.33203,6.03516,6.32813,5.97656,6.38672,6.21094,6.15234,6.32813,6.32813,6.26953,6.26953,6.38672,0.15625,0.134277,0.137939,0.12207,0.163574,0.150146,0.150146,0.128174,0.124512,0.152588,0.133057
2016-09-06T09:00:00Z,183.86719,191.25,190.54688,190.89844,191.95313,193.71094,190.19531,193.71094,193.71094,192.65625,196.17188,197.22656,6.38672,5.33203,6.21094,6.50391,6.5625,6.5625,6.32813,6.15234,6.26953,6.5625,6.38672,6.62109,6.21094,0.151367,0.142822,0.137939,0.125732,0.137939,0.141602,0.129395,0.151367,0.113525,0.142822,0.101318
2016-09-06T09:10:00Z,185.625,185.97656,188.4375,188.4375,189.84375,193.71094,191.60156,193.00781,191.60156,195.11719,196.17188,197.92969,6.73828,5.33203,6.32813,6.38672,6.03516,6.50391,6.26953,6.03516,6.03516,6.15234,6.44531,6.32813,6.21094,0.148926,0.130615,0.151367,0.129395,0.147705,0.141602,0.148926,0.153809,0.12207,0.12085,0.152588
2016-09-06T09:20:00Z,184.92188,187.38281,190.89844,193.00781,192.30469,195.82031,193.71094,194.76563,194.76563,197.92969,196.875,199.6875,6.38672,5.03906,5.85938,6.15234,6.03516,6.38672,6.09375,6.26953,5.97656,6.32813,6.21094,6.21094,6.21094,0.153809,0.129395,0.115967,0.125732,0.147705,0.15625,0.146484,0.128174,0.130615,0.142822,0.177002
2016-09-06T09:30:00Z,186.67969,190.89844,190.89844,187.03125,193.71094,192.30469,193.35938,191.60156,194.0625,197.22656,196.17188,197.92969,6.09375,5.09766,5.97656,6.26953,6.21094,6.03516,5.80078,5.80078,6.09375,6.26953,6.21094,6.38672,5.74219,0.163574,0.134277,0.135498,0.150146,0.187988,0.144043,0.151367,0.146484,0.12207,0.140381,0.118408
2016-09-06T09:40:00Z,186.67969,192.30469,193.35938,191.25,191.25,194.76563,191.25,192.65625,191.25,194.41406,192.65625,191.60156,6.5625,5.09766,6.21094,6.21094,6.15234,6.15234,6.32813,6.44531,6.15234,6.62109,6.32813,6.32813,5.97656,0.123291,0.150146,0.153809,0.17334,0.112305,0.162354,0.158691,0.112305,0.147705,0.150146,0.141602
2016-09-06T09:50:00Z,188.4375,188.4375,189.49219,189.49219,189.84375,189.84375,190.54688,190.19531,192.65625,188.4375,187.03125,185.97656,6.62109,5.21484,6.15234,5.97656,6.09375,6.21094,6.38672,6.50391,6.50391,6.15234,6.21094,6.44531,6.32813,0.194092,0.107422,0.150146,0.161133,0.096436,0.10376,0.119629,0.144043,0.090332,0.147705,0.150146
2016-09-06T10:00:00Z,181.40625,188.4375,188.78906,188.08594,185.97656,185.97656,187.38281,187.03125,186.32813,187.03125,186.67969,188.08594,6.62109,5.44922,5.91797,6.21094,6.21094,6.09375,6.32813,6.32813,6.38672,6.32813,6.50391,6.44531,6.38672,0.10376,0.112305,0.097656,0.123291,0.13916,0.119629,0.106201,0.098877,0.079346,0.12207,0.117188
2016-09-06T10:10:00Z,176.13281,182.46094,182.10938,181.05469,184.57031,182.46094,182.46094,184.21875,184.21875,183.16406,183.86719,182.10938,6.44531,5.21484,6.03516,6.44531,6.26953,6.32813,6.38672,6.44531,6.50391,6.62109,6.62109,6.62109,6.5625,0.119629,0.126953,0.102539,0.093994,0.108643,0.114746,0.101318,0.109863,0.08667,0.12085,0.118408
2016-09-06T10:20:00Z,181.75781,193.35938,193.00781,192.65625,193.71094,193.71094,194.0625,192.65625,192.30469,189.49219,188.4375,189.14063,6.5625,5.27344,6.03516,6.21094,6.15234,6.32813,6.38672,6.5625,6.5625,6.62109,6.44531,6.73828,6.73828,0.125732,0.097656,0.097656,0.134277,0.114746,0.125732,0.115967,0.10498,0.10376,0.101318,0.10498
2016-09-06T10:30:00Z,191.95313,202.85156,200.03906,203.55469,194.76563,193.00781,188.78906,190.19531,189.14063,190.89844,191.60156,194.76563,6.09375,5.03906,5.80078,5.74219,5.85938,5.85938,5.97656,5.97656,6.21094,6.21094,6.32813,6.44531,6.44531,0.112305,0.111084,0.085449,0.085449,0.089111,0.085449,0.087891,0.106201,0.12207,0.093994,0.118408
2016-09-06T10:40:00Z,192.30469,197.92969,199.6875,196.52344,196.875,197.22656,194.41406,193.00781,192.65625,191.25,191.25,189.84375,5.91797,4.6875,5.97656,5.80078,5.91797,5.80078,5.68359,5.97656,6.15234,6.38672,6.32813,6.32813,6.32813,0.108643,0.119629,0.111084,0.111084,0.093994,0.081787,0.12207,0.124512,0.140381,0.101318,0.10498
2016-09-06T10:50:00Z,188.08594,202.14844,198.63281,196.875,195.46875,195.46875,195.11719,194.0625,194.41406,193.00781,194.76563,193.00781,6.09375,4.6875,5.97656,6.03516,6.09375,6.03516,6.03516,5.91797,5.91797,6.15234,6.50391,6.44531,6.32813,0.106201,0.10376,0.091553,0.097656,0.098877,0.10498,0.092773,0.08667,0.084229,0.109863,0.102539
2016-09-06T11:00:00Z,191.60156,195.46875,196.52344,196.875,198.63281,199.6875,197.57813,199.33594,195.46875,195.46875,194.76563,193.00781,6.15234,4.86328,5.68359,5.68359,5.68359,5.80078,5.85938,5.85938,6.03516,6.09375,6.32813,6.21094,6.21094,0.128174,0.13916,0.131836,0.108643,0.108643,0.117188,0.12085,0.112305,0.108643,0.115967,0.06958
2016-09-06T11:10:00Z,192.65625,197.92969,199.33594,198.98438,196.875,199.33594,197.92969,196.52344,196.875,198.28125,196.875,195.46875,6.15234,4.98047,6.03516,6.03516,6.09375,6.21094,6.26953,6.44531,6.62109,6.67969,6.5625,6.5625,6.62109,0.093994,0.102539,0.118408,0.084229,0.10376,0.090332,0.070801,0.087891,0.078125,0.093994,0.113525
2016-09-06T11:20:00Z,191.95313,197.92969,199.6875,196.52344,197.92969,197.22656,198.28125,197.22656,195.46875,197.92969,196.875,199.33594,6.91406,5.09766,5.68359,5.80078,5.625,5.68359,6.03516,6.21094,6.32813,6.62109,6.5625,6.79688,6.5625,0.109863,0.106201,0.113525,0.089111,0.090332,0.096436,0.102539,0.093994,0.098877,0.085449,0.090332
2016-09-06T11:30:00Z,193.00781,198.98438,198.28125,200.39063,198.28125,201.09375,197.92969,201.44531,199.33594,198.63281,196.875,197.92969,5.80078,4.51172,5.625,5.80078,5.74219,5.91797,6.03516,6.03516,6.03516,6.15234,6.21094,6.32813,6.32813,0.113525,0.089111,0.12085,0.098877,0.112305,0.102539,0.093994,0.117188,0.102539,0.090332,0.096436
2016-09-06T11:40:00Z,187.73438,192.30469,194.76563,193.71094,194.41406,193.35938,192.30469,191.60156,190.19531,188.08594,189.84375,189.49219,6.03516,4.86328,5.56641,5.80078,5.80078,5.85938,6.21094,6.38672,6.5625,6.62109,6.91406,6.85547,6.85547,0.100098,0.109863,0.084229,0.087891,0.080566,0.095215,0.08667,0.083008,0.107422,0.093994,0.090332
2016-09-06T11:50:00Z,183.16406,190.54688,189.49219,192.30469,190.54688,188.78906,187.38281,188.78906,187.73438,186.32813,187.38281,187.73438,6.15234,4.92188,5.74219,5.68359,5.97656,5.85938,6.21094,6.62109,6.97266,7.08984,6.97266,7.03125,7.14844,0.101318,0.128174,0.130615,0.080566,0.095215,0.091553,0.102539,0.114746,0.072021,0.089111,0.091553
2016-09-06T12:00:00Z,180.0,194.41406,194.76563,195.11719,192.65625,190.89844,192.30469,188.78906,187.73438,187.38281,189.49219,187.38281,6.09375,4.57031,5.39063,5.50781,5.56641,5.85938,6.26953,6.44531,6.67969,6.85547,6.91406,6.91406,7.08984,0.140381,0.130615,0.12085,0.119629,0.12085,0.108643,0.119629,0.112305,0.115967,0.100098,0.100098
2016-09-06T12:10:00Z,185.97656,203.55469,204.96094,201.44531,200.03906,196.52344,189.84375,188.08594,186.67969,185.27344,185.27344,189.14063,5.68359,4.45313,5.33203,5.50781,5.33203,5.50781,5.97656,6.32813,6.32813,6.50391,6.26953,6.62109,6.73828,0.092773,0.076904,0.091553,0.075684,0.095215,0.080566,0.129395,0.090332,0.08667,0.080566,0.081787
2016-09-06T12:20:00Z,184.92188,193.35938,195.11719,194.41406,192.30469,190.89844,189.49219,190.54688,188.4375,187.03125,184.21875,186.32813,5.74219,4.21875,4.92188,5.09766,5.09766,5.15625,5.80078,6.21094,6.50391,6.5625,6.32813,6.44531,6.67969,0.124512,0.112305,0.124512,0.12085,0.095215,0.064697,0.101318,0.093994,0.078125,0.111084,0.089111
2016-09-06T12:30:00Z,177.53906,182.46094,182.46094,184.57031,184.92188,186.67969,187.38281,188.4375,188.08594,189.84375,185.625,183.86719,5.39063,4.04297,5.27344,5.44922,5.44922,5.74219,6.21094,6.38672,6.62109,6.44531,6.62109,6.50391,6.97266,0.102539,0.137939,0.125732,0.079346,0.100098,0.130615,0.073242,0.219727,0.129395,0.085449,0.19165
2016-09-06T12:40:00Z,172.26563,182.46094,183.86719,185.625,185.27344,182.10938,178.24219,178.24219,178.59375,181.05469,185.27344,186.32813,6.03516,4.10156,5.03906,5.27344,5.15625,5.74219,6.38672,6.21094,6.21094,6.32813,5.68359,5.625,5.27344,0.123291,0.119629,0.135498,0.151367,0.078125,0.080566,0.115967,0.12207,0.233154,0.240479,0.262451
2016-09-06T12:50:00Z,171.21094,181.40625,181.75781,182.8125,186.67969,186.67969,186.67969,187.38281,188.08594,228.51563,166.64063,188.08594,5.39063,4.16016,5.09766,5.625,5.39063,6.09375,6.32813,6.21094,6.38672,5.74219,3.86719,3.75,3.75,0.097656,0.078125,0.070801,0.090332,0.096436,0.072021,0.093994,0.167236,0.184326,0.097656,0.091553
2016-09-06T13:00:00Z,172.26563,189.49219,190.54688,189.14063,190.19531,191.25,190.19531,187.73438,186.67969,214.45313,227.46094,226.40625,5.27344,4.21875,5.09766,5.15625,5.15625,5.85938,6.09375,6.21094,6.15234,6.09375,4.86328,4.51172,4.45313,0.111084,0.096436,0.095215,0.090332,0.073242,0.061035,0.114746,0.087891,0.322266,0.335693,0.321045
2016-09-06T13:10:00Z,180.35156,188.4375,188.4375,189.14063,191.60156,193.35938,191.95313,191.95313,190.89844,191.60156,197.57813,198.98438,5.03906,3.98438,4.74609,5.03906,4.86328,5.74219,5.91797,6.09375,5.97656,6.09375,5.03906,4.45313,4.33594,0.107422,0.119629,0.10376,0.112305,0.073242,0.101318,0.083008,0.072021,0.301514,0.377197,0.389404
2016-09-06T13:20:00Z,185.625,198.28125,198.28125,198.28125,200.74219,199.33594,199.6875,193.71094,198.28125,196.875,220.42969,215.85938,4.39453,3.28125,4.21875,4.51172,4.27734,4.86328,5.15625,5.39063,5.56641,5.56641,5.21484,4.16016,3.80859,0.107422,0.151367,0.147705,0.150146,0.108643,0.118408,0.078125,0.078125,0.185547,0.402832,0.41626
2016-09-06T13:30:00Z,195.82031,201.09375,200.74219,201.09375,200.74219,201.44531,203.20313,200.39063,200.39063,199.6875,215.85938,101.60156,3.75,2.8125,3.69141,4.16016,4.04297,4.57031,5.03906,5.44922,5.44922,5.56641,5.39063,3.51563,2.40234,0.096436,0.087891,0.091553,0.095215,0.097656,0.076904,0.091553,0.096436,0.144043,0.390625,0.366211
2016-09-06T13:40:00Z,191.60156,197.57813,197.92969,199.33594,198.63281,198.63281,202.14844,199.6875,199.33594,200.39063,198.63281,198.63281,3.63281,2.87109,3.69141,3.98438,3.98438,4.51172,5.15625,5.44922,5.44922,5.44922,5.44922,5.27344,4.27734,0.096436,0.081787,0.131836,0.070801,0.074463,0.078125,0.090332,0.074463,0.078125,0.142822,0.321045
2016-09-06T13:50:00Z,185.27344,190.19531,194.41406,195.11719,196.52344,197.57813,194.76563,195.11719,191.25,195.46875,191.95313,193.35938,3.51563,2.75391,3.63281,3.92578,3.92578,4.39453,4.92188,5.03906,5.33203,5.33203,5.39063,5.21484,4.27734,0.115967,0.078125,0.101318,0.068359,0.130615,0.118408,0.076904,0.092773,0.070801,0.089111,0.317383
2016-09-06T14:00:00Z,185.27344,198.98438,201.79688,199.6875,200.03906,201.79688,202.5,202.14844,200.74219,198.98438,196.875,195.82031,3.28125,2.57813,3.45703,3.80859,3.86719,4.21875,4.62891,4.86328,4.92188,5.09766,5.15625,5.15625,5.21484,0.091553,0.114746,0.115967,0.117188,0.089111,0.080566,0.08667,0.089111,0.061035,0.076904,0.084229
2016-09-06T14:10:00Z,184.57031,190.89844,194.41406,192.65625,196.52344,198.28125,195.46875,198.98438,197.92969,196.875,196.875,193.00781,3.16406,2.40234,3.28125,3.57422,3.57422,3.92578,4.27734,4.74609,4.92188,5.09766,5.09766,5.15625,5.33203,0.12207,0.102539,0.090332,0.102539,0.096436,0.101318,0.070801,0.093994,0.113525,0.089111,0.087891
2016-09-06T14:20:00Z,182.46094,201.09375,201.79688,196.17188,202.14844,203.20313,202.85156,207.42188,198.28125,206.01563,202.14844,198.98438,2.92969,2.22656,3.04688,3.16406,3.22266,3.69141,3.98438,4.39453,4.62891,4.98047,4.98047,5.15625,5.09766,0.119629,0.130615,0.093994,0.106201,0.062256,0.095215,0.087891,0.075684,0.098877,0.078125,0.072021
2016-09-06T14:30:00Z,194.0625,205.66406,207.42188,209.88281,207.42188,210.23438,208.47656,212.69531,213.04688,210.58594,210.23438,207.42188,2.63672,1.99219,2.57813,2.8125,2.87109,3.28125,3.75,4.27734,4.62891,4.92188,4.92188,4.98047,5.03906,0.162354,0.164795,0.134277,0.113525,0.115967,0.087891,0.085449,0.118408,0.06958,0.080566,0.08667
2016-09-06T14:40:00Z,196.52344,202.14844,202.85156,206.01563,206.71875,209.88281,212.34375,211.28906,209.17969,213.04688,208.82813,205.3125,2.22656,1.58203,2.40234,2.75391,2.69531,3.22266,3.86719,4.39453,4.74609,4.98047,4.86328,4.98047,4.6875,0.140381,0.089111,0.129395,0.087891,0.080566,0.128174,0.100098,0.10376,0.073242,0.097656,0.10498
2016-09-06T14:50:00Z,195.46875,202.85156,200.39063,201.09375,197.22656,206.71875,204.60938,209.53125,206.36719,208.82813,199.6875,206.71875,2.22656,1.52344,2.28516,2.51953,2.51953,3.33984,3.92578,4.57031,4.80469,4.6875,4.74609,4.6875,4.57031,0.19043,0.118408,0.08667,0.137939,0.087891,0.068359,0.068359,0.107422,0.078125,0.075684,0.101318
2016-09-06T15:00:00Z,185.27344,195.11719,196.17188,195.82031,199.33594,200.03906,204.96094,205.3125,202.14844,202.85156,204.60938,202.85156,2.69531,1.875,2.63672,3.10547,3.10547,3.75,4.51172,4.74609,4.74609,4.74609,4.62891,4.62891,4.57031,0.129395,0.115967,0.117188,0.126953,0.089111,0.089111,0.073242,0.092773,0.091553,0.06958,0.092773
2016-09-06T15:10:00Z,178.24219,187.03125,195.11719,197.22656,196.875,206.36719,202.85156,203.55469,202.5,204.60938,202.14844,201.09375,2.51953,1.875,2.40234,2.87109,2.8125,3.57422,4.21875,4.62891,4.74609,4.80469,4.62891,4.62891,4.51172,0.117188,0.117188,0.100098,0.100098,0.090332,0.096436,0.092773,0.085449,0.098877,0.087891,0.109863
2016-09-06T15:20:00Z,187.38281,203.55469,207.42188,204.60938,209.53125,210.9375,211.99219,214.45313,216.21094,211.99219,208.47656,205.66406,2.46094,1.64063,2.22656,2.69531,2.69531,3.39844,4.16016,4.80469,5.03906,4.86328,4.74609,4.57031,4.27734,0.148926,0.111084,0.12207,0.109863,0.072021,0.059814,0.085449,0.092773,0.118408,0.118408,0.098877
2016-09-06T15:30:00Z,202.14844,204.25781,210.9375,206.71875,208.47656,214.45313,221.13281,211.28906,215.50781,212.69531,213.04688,209.17969,1.99219,1.34766,1.99219,2.46094,2.28516,2.98828,3.98438,4.51172,4.45313,4.45313,4.45313,4.39453,4.04297,0.175781,0.172119,0.155029,0.162354,0.074463,0.109863,0.085449,0.065918,0.085449,0.079346,0.180664
2016-09-06T15:40:00Z,191.60156,202.5,196.52344,208.125,207.07031,184.92188,204.60938,190.19531,217.26563,260.50781,210.58594,176.13281,1.58203,0.99609,1.46484,1.81641,1.81641,2.28516,3.10547,3.69141,4.21875,4.39453,4.57031,4.21875,3.63281,0.223389,0.181885,0.172119,0.201416,0.146484,0.108643,0.096436,0.08667,0.107422,0.095215,0.263672
2016-09-06T15:50:00Z,175.07813,189.84375,273.51563,198.28125,133.94531,220.78125,225.0,191.95313,116.01563,118.125,190.54688,188.78906,1.58203,1.05469,1.52344,1.875,1.875,2.51953,3.22266,3.92578,4.27734,4.33594,4.21875,3.75,2.46094,0.200195,0.218506,0.144043,0.142822,0.157471,0.096436,0.074463,0.095215,0.085449,0.157471,0.323486
2016-09-06T16:00:00Z,170.85938,192.30469,192.30469,188.4375,195.11719,200.03906,193.00781,183.86719,189.14063,196.52344,181.40625,180.70313,1.64063,1.23047,1.875,2.28516,2.10938,3.04688,3.98438,4.27734,4.33594,4.21875,4.27734,3.22266,2.34375,0.183105,0.129395,0.162354,0.10498,0.109863,0.117188,0.083008,0.12085,0.10498,0.314941,0.412598
2016-09-06T16:10:00Z,164.88281,162.42188,163.125,161.36719,181.05469,110.39063,212.34375,215.15625,211.99219,237.30469,225.0,127.26563,1.75781,1.28906,1.75781,1.93359,1.875,2.34375,3.22266,3.86719,4.16016,4.27734,4.27734,3.80859,2.34375,0.19165,0.130615,0.133057,0.137939,0.147705,0.102539,0.097656,0.098877,0.12085,0.222168,0.301514
2016-09-06T16:20:00Z,142.38281,156.79688,164.53125,161.71875,166.28906,203.55469,229.21875,207.42188,207.42188,209.17969,208.47656,245.03906,2.63672,1.81641,2.22656,2.10938,2.22656,2.34375,3.16406,3.86719,4.21875,4.45313,4.57031,4.21875,2.34375,0.175781,0.163574,0.17334,0.198975,0.24292,0.162354,0.089111,0.067139,0.090332,0.118408,0.357666
2016-09-06T16:30:00Z,157.85156,178.94531,186.32813,180.70313,193.71094,196.52344,190.19531,196.52344,193.71094,198.28125,180.35156,170.50781,2.46094,1.875,2.40234,2.69531,2.57813,3.57422,4.16016,4.45313,4.45313,4.39453,4.33594,3.69141,2.92969,0.128174,0.146484,0.155029,0.113525,0.092773,0.079346,0.078125,0.090332,0.080566,0.258789,0.302734
2016-09-06T16:40:00Z,173.32031,181.05469,191.95313,185.625,195.82031,195.46875,198.63281,200.74219,199.6875,197.22656,188.08594,93.51563,2.34375,1.69922,2.34375,2.63672,2.63672,3.33984,3.86719,4.04297,4.27734,4.27734,4.21875,3.33984,2.16797,0.12207,0.147705,0.131836,0.087891,0.075684,0.084229,0.074463,0.093994,0.109863,0.268555,0.317383
2016-09-06T16:50:00Z,157.14844,165.9375,174.72656,171.91406,127.26563,163.125,201.79688,163.47656,184.92188,174.72656,158.20313,147.30469,2.05078,1.52344,2.8125,3.10547,2.98828,3.51563,3.98438,3.98438,4.16016,4.16016,3.92578,3.69141,3.33984,0.140381,0.102539,0.123291,0.085449,0.064697,0.058594,0.072021,0.080566,0.078125,0.175781,0.263672
2016-09-06T17:00:00Z,140.97656,163.82813,166.99219,165.9375,174.72656,234.49219,206.01563,170.15625,165.23438,159.96094,158.55469,214.80469,2.51953,1.93359,3.10547,3.28125,3.28125,3.63281,3.92578,4.10156,4.10156,4.10156,4.10156,4.10156,3.98438,0.123291,0.10498,0.134277,0.087891,0.081787,0.065918,0.05127,0.059814,0.06958,0.072021,0.062256
2016-09-06T17:10:00Z,155.39063,175.07813,179.64844,178.94531,181.75781,191.25,188.78906,189.14063,184.57031,183.86719,181.40625,184.21875,2.69531,1.99219,3.45703,3.57422,3.57422,3.92578,4.21875,4.27734,4.33594,4.27734,4.27734,4.27734,4.33594,0.08667,0.108643,0.059814,0.076904,0.05249,0.041504,0.075684,0.048828,0.064697,0.073242,0.05249
2016-09-06T17:20:00Z,163.82813,176.83594,178.24219,180.35156,183.51563,188.78906,187.03125,184.21875,183.86719,183.16406,183.16406,183.51563,3.22266,2.57813,3.51563,3.63281,3.69141,4.10156,4.10156,4.33594,4.39453,4.39453,4.39453,4.33594,4.27734,0.098877,0.090332,0.083008,0.177002,0.064697,0.059814,0.064697,0.064697,0.057373,0.06958,0.076904
2016-09-06T17:30:00Z,162.42188,176.13281,180.0,178.94531,185.97656,187.03125,185.27344,185.625,186.67969,184.57031,181.75781,180.0,2.92969,2.28516,3.28125,3.45703,3.39844,3.86719,3.98438,4.21875,4.39453,4.27734,4.27734,4.27734,4.33594,0.08667,0.076904,0.078125,0.072021,0.070801,0.054932,0.045166,0.072021,0.064697,0.062256,0.062256
2016-09-06T17:40:00Z,163.125,178.94531,184.21875,183.16406,191.60156,194.0625,196.52344,195.46875,193.35938,189.14063,187.38281,186.67969,2.51953,2.16797,3.22266,3.51563,3.45703,3.92578,4.21875,4.33594,4.33594,4.39453,4.33594,4.33594,4.21875,0.062256,0.080566,0.065918,0.05127,0.053711,0.081787,0.075684,0.053711,0.092773,0.109863,0.084229
2016-09-06T17:50:00Z,168.75,182.8125,188.4375,188.78906,191.95313,195.11719,197.92969,185.97656,191.95313,191.95313,191.25,187.03125,2.10938,1.875,3.16406,3.57422,3.51563,3.98438,4.21875,4.27734,4.21875,4.39453,4.21875,4.16016,4.21875,0.097656,0.059814,0.085449,0.070801,0.078125,0.068359,0.074463,0.068359,0.080566,0.075684,0.070801
2016-09-06T18:00:00Z,166.28906,183.86719,191.60156,189.14063,186.67969,198.98438,196.52344,195.11719,193.00781,187.03125,189.84375,179.29688,2.22656,1.99219,3.33984,3.69141,3.63281,4.10156,4.21875,4.27734,4.27734,4.10156,4.21875,4.10156,4.10156,0.081787,0.078125,0.083008,0.06958,0.070801,0.067139,0.072021,0.08667,0.06958,0.092773,0.075684
2016-09-06T18:10:00Z,163.47656,183.16406,185.625,183.51563,193.00781,182.8125,182.46094,181.40625,176.48438,180.35156,176.48438,165.58594,2.40234,2.10938,3.33984,3.75,3.75,4.04297,3.92578,3.92578,3.86719,3.86719,3.75,3.80859,3.75,0.06958,0.068359,0.064697,0.080566,0.073242,0.079346,0.087891,0.08667,0.111084,0.113525,0.144043
2016-09-06T18:20:00Z,158.20313,179.29688,178.24219,181.05469,181.75781,181.75781,173.67188,163.82813,167.69531,169.45313,169.45313,170.15625,2.63672,2.10938,3.33984,3.63281,3.63281,3.63281,3.51563,3.57422,3.80859,3.69141,3.86719,3.92578,3.80859,0.097656,0.087891,0.089111,0.125732,0.114746,0.097656,0.174561,0.083008,0.117188,0.098877,0.145264
2016-09-06T18:30:00Z,160.66406,180.35156,182.8125,181.40625,178.94531,173.67188,169.80469,164.53125,171.21094,167.69531,166.28906,169.10156,2.16797,1.81641,3.33984,3.39844,3.39844,3.28125,3.22266,3.45703,3.57422,3.63281,3.75,3.75,3.75,0.092773,0.08667,0.089111,0.083008,0.093994,0.096436,0.107422,0.087891,0.117188,0.106201,0.113525
2016-09-06T18:40:00Z,157.14844,178.94531,177.1875,178.59375,172.96875,167.34375,166.99219,164.17969,165.9375,164.17969,166.64063,168.75,2.22656,1.875,3.10547,3.22266,3.33984,3.22266,3.33984,3.39844,3.51563,3.57422,3.63281,3.80859,3.75,0.089111,0.078125,0.13916,0.090332,0.095215,0.075684,0.115967,0.092773,0.111084,0.097656,0.098877
2016-09-06T18:50:00Z,154.6875,176.13281,172.61719,172.96875,170.15625,167.34375,166.64063,165.23438,166.99219,165.9375,164.17969,165.9375,2.05078,1.69922,2.98828,3.04688,3.10547,3.04688,3.16406,3.51563,3.69141,3.92578,3.98438,4.10156,3.80859,0.073242,0.064697,0.068359,0.067139,0.08667,0.087891,0.078125,0.065918,0.087891,0.056152,0.13916
2016-09-06T19:00:00Z,158.20313,171.21094,166.28906,165.23438,162.77344,163.47656,163.125,163.125,159.60938,157.85156,156.44531,158.90625,2.16797,1.81641,2.63672,2.69531,2.63672,2.92969,3.22266,3.69141,3.92578,4.10156,4.16016,4.16016,3.92578,0.146484,0.170898,0.119629,0.095215,0.102539,0.074463,0.081787,0.056152,0.059814,0.074463,0.091553
2016-09-06T19:10:00Z,142.73438,160.3125,160.3125,159.96094,158.90625,160.3125,158.90625,158.20313,156.09375,155.03906,153.28125,152.57813,1.81641,1.64063,2.63672,2.51953,2.57813,2.92969,3.45703,3.92578,4.16016,4.16016,4.10156,4.10156,3.98438,0.32959,0.100098,0.123291,0.169678,0.083008,0.093994,0.06958,0.081787,0.064697,0.072021,0.101318
2016-09-06T19:20:00Z,138.16406,152.57813,154.33594,154.6875,155.74219,156.09375,155.74219,153.98438,151.52344,150.11719,151.52344,151.17188,2.22656,1.875,3.04688,3.33984,3.33984,3.92578,4.27734,4.39453,4.33594,4.16016,4.21875,4.21875,4.16016,0.152588,0.090332,0.097656,0.075684,0.041504,0.067139,0.097656,0.092773,0.100098,0.092773,0.097656
2016-09-06T19:30:00Z,137.8125,152.92969,157.14844,158.55469,158.20313,156.44531,153.28125,153.28125,150.11719,151.17188,150.46875,151.52344,2.22656,1.875,2.87109,3.28125,3.33984,3.98438,4.27734,4.27734,4.10156,4.16016,4.04297,4.16016,3.75,0.145264,0.129395,0.091553,0.085449,0.072021,0.072021,0.075684,0.064697,0.113525,0.12207,0.101318
2016-09-06T19:40:00Z,151.875,173.67188,166.99219,175.78125,168.39844,165.9375,164.17969,162.42188,161.71875,158.55469,158.55469,162.77344,1.93359,1.05469,2.46094,3.10547,2.87109,3.57422,3.86719,3.92578,3.92578,3.86719,3.80859,3.75,3.63281,0.090332,0.408936,0.093994,0.059814,0.078125,0.068359,0.062256,0.061035,0.090332,0.111084,0.119629
2016-09-06T19:50:00Z,211.64063,187.03125,198.28125,190.19531,183.86719,170.15625,172.26563,171.21094,173.32031,166.64063,169.45313,164.53125,1.34766,0.76172,2.22656,2.46094,2.46094,2.98828,3.39844,3.69141,3.57422,3.51563,3.45703,3.39844,3.33984,0.181885,0.157471,0.146484,0.115967,0.112305,0.070801,0.073242,0.064697,0.096436,0.078125,0.085449
2016-09-06T20:00:00Z,258.04688,166.28906,179.64844,173.67188,170.50781,167.69531,165.23438,166.99219,164.88281,163.125,162.07031,163.82813,1.28906,0.76172,2.46094,2.63672,2.22656,2.87109,3.28125,3.45703,3.57422,3.51563,3.45703,3.45703,3.39844,0.606689,0.390625,0.20874,0.070801,0.076904,0.047607,0.072021,0.072021,0.075684,0.062256,0.091553
2016-09-06T20:10:00Z,244.6875,262.96875,187.38281,184.57031,180.0,321.67969,166.99219,155.03906,164.88281,201.79688,156.44531,331.52344,0.9375,0.64453,2.28516,2.57813,2.51953,2.98828,3.39844,3.63281,3.69141,3.69141,3.51563,3.57422,3.39844,0.152588,0.133057,0.179443,0.106201,0.063477,0.067139,0.067139,0.054932,0.118408,0.10376,0.080566
2016-09-06T20:20:00Z,167.69531,166.99219,166.99219,165.23438,165.9375,164.17969,164.17969,162.07031,162.77344,159.60938,158.20313,158.90625,1.05469,0.64453,2.69531,2.98828,3.04688,3.39844,3.86719,3.92578,3.86719,3.75,3.69141,3.63281,3.57422,0.102539,0.067139,0.128174,0.076904,0.065918,0.074463,0.064697,0.076904,0.073242,0.084229,0.081787
2016-09-06T20:30:00Z,142.38281,165.9375,164.17969,164.88281,164.53125,166.28906,164.17969,163.82813,162.07031,160.3125,159.96094,157.14844,1.05469,0.82031,2.75391,3.04688,3.04688,3.39844,3.75,4.04297,4.04297,4.04297,3.86719,3.92578,3.75,0.096436,0.067139,0.083008,0.067139,0.083008,0.053711,0.048828,0.05249,0.046387,0.041504,0.083008
2016-09-06T20:40:00Z,165.23438,170.85938,174.02344,175.07813,170.85938,168.39844,166.28906,164.88281,164.17969,162.77344,163.125,161.71875,1.40625,1.05469,2.75391,2.98828,3.10547,3.39844,3.92578,4.16016,4.21875,4.16016,4.04297,3.98438,3.80859,0.081787,0.070801,0.196533,0.072021,0.05127,0.061035,0.05127,0.047607,0.045166,0.045166,0.05249
2016-09-06T20:50:00Z,159.25781,172.61719,169.45313,170.15625,162.42188,156.79688,156.09375,158.55469,158.90625,159.96094,158.55469,159.60938,1.69922,1.40625,3.04688,3.22266,3.22266,3.51563,3.80859,4.10156,4.21875,4.16016,4.04297,4.04297,3.92578,0.095215,0.064697,0.073242,0.053711,0.068359,0.039063,0.040283,0.039063,0.050049,0.046387,0.05127
2016-09-06T21:00:00Z,181.40625,182.8125,179.64844,178.59375,167.69531,159.60938,160.66406,161.71875,163.47656,162.77344,163.125,161.71875,1.75781,1.46484,3.10547,3.16406,3.16406,3.39844,3.75,3.86719,3.92578,3.92578,3.86719,3.92578,3.75,0.107422,0.06958,0.054932,0.067139,0.065918,0.046387,0.053711,0.042725,0.048828,0.064697,0.05249
2016-09-06T21:10:00Z,186.32813,187.38281,184.21875,185.625,170.50781,166.64063,166.99219,165.9375,165.9375,165.23438,165.58594,165.58594,2.05078,1.75781,2.98828,3.04688,2.98828,3.28125,3.63281,3.75,3.86719,3.86719,3.86719,3.80859,3.80859,0.047607,0.117188,0.063477,0.065918,0.054932,0.048828,0.047607,0.036621,0.043945,0.046387,0.061035
2016-09-06T21:20:00Z,185.27344,179.29688,176.83594,175.42969,169.80469,167.69531,164.17969,164.17969,164.53125,164.53125,163.125,162.42188,2.28516,1.58203,2.92969,3.16406,3.04688,3.45703,3.75,3.98438,4.16016,4.16016,3.98438,3.92578,3.86719,0.061035,0.075684,0.062256,0.062256,0.042725,0.05127,0.040283,0.063477,0.043945,0.040283,0.075684
2016-09-06T21:30:00Z,194.0625,194.41406,185.625,188.4375,179.64844,172.96875,170.85938,171.21094,169.80469,170.15625,170.85938,170.85938,1.81641,1.46484,2.63672,2.87109,2.75391,3.28125,3.92578,4.16016,4.10156,3.98438,3.92578,3.86719,3.80859,0.061035,0.214844,0.081787,0.072021,0.047607,0.037842,0.047607,0.048828,0.058594,0.063477,0.050049
2016-09-06T21:40:00Z,203.90625,186.32813,180.70313,182.10938,176.13281,168.39844,163.82813,158.55469,156.09375,158.90625,162.07031,164.17969,1.875,1.46484,3.10547,3.33984,3.28125,3.57422,3.98438,4.33594,4.39453,4.51172,4.51172,4.51172,4.39453,0.10376,0.123291,0.119629,0.124512,0.085449,0.056152,0.064697,0.085449,0.074463,0.089111,0.096436
2016-09-06T21:50:00Z,178.24219,172.26563,171.21094,169.80469,167.34375,163.47656,159.96094,159.60938,162.42188,164.17969,165.9375,166.99219,2.51953,1.75781,3.57422,3.69141,3.75,4.04297,4.10156,4.21875,4.45313,4.57031,4.57031,4.57031,4.51172,0.054932,0.063477,0.057373,0.063477,0.047607,0.037842,0.0354,0.039063,0.053711,0.042725,0.045166
2016-09-06T22:00:00Z,170.50781,169.80469,171.5625,171.5625,172.61719,171.5625,170.50781,169.80469,170.15625,171.91406,173.32031,174.375,2.28516,1.52344,3.22266,3.51563,3.51563,3.92578,3.98438,4.04297,4.10156,4.16016,4.27734,4.27734,4.21875,0.047607,0.042725,0.042725,0.041504,0.056152,0.047607,0.043945,0.045166,0.047607,0.053711,0.046387
2016-09-06T22:10:00Z,146.60156,164.17969,167.69531,150.82031,170.15625,171.21094,170.50781,169.10156,172.61719,156.44531,172.61719,171.21094,1.40625,0.9375,2.98828,3.39844,3.33984,3.63281,3.63281,3.80859,3.98438,4.04297,4.04297,3.98438,3.98438,0.078125,0.101318,0.076904,0.048828,0.048828,0.048828,0.041504,0.050049,0.040283,0.061035,0.05249
2016-09-06T22:20:00Z,146.95313,171.91406,175.42969,175.42969,173.32031,175.07813,176.13281,177.89063,181.05469,178.59375,182.10938,179.64844,1.93359,1.40625,3.45703,3.69141,3.63281,3.80859,3.86719,3.92578,4.04297,4.04297,3.98438,4.04297,4.04297,0.048828,0.039063,0.047607,0.045166,0.047607,0.063477,0.039063,0.047607,0.05127,0.041504,0.063477
2016-09-06T22:30:00Z,148.00781,170.15625,176.48438,176.83594,174.02344,178.24219,173.67188,182.10938,169.80469,169.80469,178.59375,177.1875,1.93359,1.69922,3.22266,3.45703,3.45703,3.75,3.80859,3.80859,3.80859,4.04297,3.98438,3.92578,3.92578,0.072021,0.059814,0.061035,0.041504,0.057373,0.046387,0.036621,0.170898,0.062256,0.054932,0.054932
2016-09-06T22:40:00Z,144.49219,165.9375,170.50781,172.61719,170.85938,167.69531,118.82813,236.25,204.96094,194.0625,196.875,220.78125,2.34375,1.75781,3.16406,3.45703,3.45703,3.80859,3.98438,3.86719,3.98438,4.04297,4.16016,4.16016,4.16016,0.053711,0.0354,0.046387,0.043945,0.053711,0.053711,0.062256,0.050049,0.05249,0.053711,0.054932
2016-09-06T22:50:00Z,143.4375,164.53125,168.04688,168.39844,172.61719,172.96875,177.53906,173.67188,174.02344,175.78125,172.26563,138.16406,2.87109,2.16797,3.57422,3.75,3.75,4.04297,4.10156,4.16016,4.16016,4.16016,4.21875,4.21875,4.21875,0.092773,0.058594,0.074463,0.06958,0.075684,0.065918,0.063477,0.043945,0.05127,0.05249,0.058594
2016-09-06T23:00:00Z,144.49219,168.04688,172.26563,173.67188,172.96875,174.02344,173.32031,176.48438,177.53906,177.1875,176.48438,176.83594,3.10547,2.34375,3.80859,4.10156,4.10156,4.21875,4.33594,4.33594,4.33594,4.33594,4.27734,4.27734,4.27734,0.058594,0.053711,0.058594,0.039063,0.043945,0.053711,0.057373,0.059814,0.062256,0.048828,0.06958
2016-09-06T23:10:00Z,138.86719,162.07031,164.17969,164.17969,165.58594,169.10156,174.02344,171.91406,168.04688,75.58594,210.58594,79.45313,2.69531,2.34375,3.98438,4.21875,4.21875,4.21875,4.27734,4.39453,4.33594,4.39453,4.27734,4.45313,4.39453,0.057373,0.062256,0.056152,0.025635,0.030518,0.037842,0.042725,0.046387,0.076904,0.074463,0.078125
2016-09-06T23:20:00Z,136.75781,156.09375,158.90625,157.85156,159.60938,162.42188,165.9375,156.44531,169.10156,167.69531,172.61719,160.3125,3.04688,2.46094,4.33594,4.57031,4.57031,4.62891,4.45313,4.45313,4.45313,4.27734,4.27734,4.33594,4.33594,0.047607,0.061035,0.054932,0.065918,0.064697,0.056152,0.046387,0.062256,0.074463,0.05127,0.061035
2016-09-06T23:30:00Z,130.42969,149.41406,152.92969,153.63281,156.79688,156.79688,159.25781,145.54688,111.44531,79.80469,129.02344,55.54688,2.98828,2.46094,4.10156,4.39453,4.33594,4.39453,4.21875,4.10156,3.98438,4.04297,3.92578,4.04297,3.92578,0.059814,0.057373,0.072021,0.093994,0.074463,0.145264,0.126953,0.484619,0.141602,0.129395,0.125732
2016-09-06T23:40:00Z,124.10156,143.78906,146.25,145.89844,140.625,132.53906,130.42969,105.46875,23.55469,44.29688,36.91406,65.03906,2.87109,2.22656,3.51563,3.39844,3.51563,3.33984,2.92969,3.28125,3.39844,3.51563,3.45703,3.39844,3.33984,0.148926,0.213623,0.167236,0.378418,0.303955,0.300293,0.432129,0.55542,0.306396,0.371094,0.206299
2016-09-06T23:50:00Z,113.55469,142.03125,146.25,145.89844,139.92188,132.89063,101.60156,58.71094,46.40625,190.89844,31.28906,22.5,2.28516,1.69922,3.45703,3.45703,3.45703,3.22266,3.10547,3.39844,3.16406,3.16406,3.10547,3.10547,3.04688,0.152588,0.20752,0.200195,0.289307,0.380859,0.396729,0.266113,0.340576,0.280762,0.267334,0.252686
