LOCATION: 
SYSTEM SERIAL: HKZA
TIMESTAMP (ISO-8601) UTC,WindDir004m deg,WindDir030m deg,WindDir040m deg,WindDir040m_ref deg,WindDir060m deg,WindDir080m deg,WindDir100m deg,WindDir120m deg,WindDir140m deg,WindDir160m deg,WindDir180m deg,WindDir200m deg,WindGust004m m/s,WindSpeed004m m/s,WindSpeed030mh m/s,WindSpeed040mh m/s,WindSpeed040m_refh m/s,WindSpeed060mh m/s,WindSpeed080mh m/s,WindSpeed100mh m/s,WindSpeed120mh m/s,WindSpeed140mh m/s,WindSpeed160mh m/s,WindSpeed180mh m/s,WindSpeed200mh m/s,TI 030m,TI 040m,TI 040m ref,TI 060m,TI 080m,TI 100m,TI 120m,TI 140m,TI 160m,TI 180m,TI 200m
2016-11-29T00:00:00Z,109.33594,114.60938,117.42188,112.5,114.60938,115.66406,116.36719,116.36719,118.82813,113.90625,115.3125,112.5,8.78906,5.33203,7.91016,8.20313,8.02734,7.73438,8.02734,8.20313,7.91016,8.14453,7.85156,7.96875,7.79297,0.185547,0.142822,0.130615,0.192871,0.19165,0.166016,0.178223,0.142822,0.174561,0.180664,0.172119
2016-11-29T00:10:00Z,109.33594,114.96094,116.01563,116.36719,117.07031,116.71875,117.77344,113.90625,116.01563,114.25781,112.14844,112.85156,9.49219,5.97656,8.02734,7.79297,7.85156,8.08594,7.85156,7.91016,7.67578,8.08594,7.73438,8.20313,7.91016,0.13916,0.15625,0.136719,0.134277,0.134277,0.145264,0.128174,0.147705,0.147705,0.166016,0.140381
2016-11-29T00:20:00Z,106.875,114.25781,116.71875,116.71875,112.14844,113.20313,114.25781,115.66406,114.96094,117.42188,113.20313,111.44531,8.49609,6.32813,8.20313,8.14453,8.4375,7.96875,7.91016,8.4375,8.37891,8.67188,7.79297,7.96875,8.08594,0.150146,0.13916,0.125732,0.145264,0.145264,0.13916,0.134277,0.140381,0.169678,0.155029,0.155029
2016-11-29T00:30:00Z,105.82031,113.55469,113.20313,113.90625,116.36719,116.01563,112.85156,118.125,110.03906,114.25781,112.14844,114.25781,9.19922,6.97266,7.96875,8.32031,8.20313,8.14453,8.32031,8.08594,8.20313,7.85156,8.20313,8.02734,8.26172,0.162354,0.162354,0.125732,0.141602,0.159912,0.161133,0.130615,0.175781,0.13916,0.115967,0.142822
2016-11-29T00:40:00Z,108.98438,113.55469,114.25781,113.55469,116.01563,116.36719,112.14844,113.20313,113.55469,112.14844,114.60938,112.85156,9.43359,7.55859,8.20313,8.55469,8.4375,8.08594,8.08594,7.96875,8.4375,8.20313,8.49609,8.32031,8.37891,0.141602,0.131836,0.146484,0.12207,0.177002,0.128174,0.133057,0.161133,0.109863,0.144043,0.170898
2016-11-29T00:50:00Z,108.28125,112.85156,115.66406,113.20313,113.55469,112.5,112.5,112.85156,114.96094,113.90625,116.01563,114.25781,9.25781,7.38281,7.5,7.73438,7.61719,7.5,7.67578,7.55859,7.85156,7.73438,7.79297,7.73438,7.73438,0.15625,0.141602,0.142822,0.147705,0.150146,0.129395,0.130615,0.141602,0.108643,0.130615,0.148926
2016-11-29T01:00:00Z,112.14844,115.66406,118.125,116.71875,115.66406,115.3125,110.74219,113.90625,115.66406,116.01563,115.3125,112.85156,8.96484,7.03125,7.55859,7.67578,8.14453,7.5,7.67578,7.91016,7.85156,8.02734,7.85156,7.61719,7.67578,0.144043,0.15625,0.126953,0.13916,0.130615,0.133057,0.131836,0.151367,0.137939,0.107422,0.085449
2016-11-29T01:10:00Z,112.85156,114.96094,114.96094,116.71875,114.60938,114.60938,116.71875,115.3125,113.90625,113.55469,111.79688,113.90625,9.02344,7.08984,7.96875,7.85156,7.91016,7.79297,7.91016,7.85156,7.91016,7.67578,7.85156,7.73438,7.73438,0.12207,0.12207,0.131836,0.130615,0.125732,0.101318,0.113525,0.130615,0.129395,0.10376,0.125732
2016-11-29T01:20:00Z,112.85156,125.15625,124.10156,125.15625,125.15625,119.53125,124.10156,121.99219,119.17969,121.28906,120.9375,121.99219,8.90625,7.14844,7.67578,7.67578,7.61719,7.5,7.55859,7.85156,7.96875,7.85156,7.61719,7.61719,7.61719,0.140381,0.125732,0.12085,0.129395,0.119629,0.141602,0.12207,0.125732,0.146484,0.119629,0.128174
2016-11-29T01:30:00Z,123.39844,120.58594,119.53125,119.53125,118.125,119.53125,119.17969,117.07031,121.64063,119.17969,119.53125,120.58594,9.25781,6.97266,7.32422,7.32422,7.5,7.91016,7.79297,7.55859,7.79297,7.61719,7.85156,7.67578,7.61719,0.172119,0.137939,0.163574,0.114746,0.167236,0.163574,0.109863,0.159912,0.135498,0.162354,0.12085
2016-11-29T01:40:00Z,117.07031,121.28906,125.50781,123.39844,120.23438,122.34375,122.34375,118.125,117.07031,118.125,118.47656,120.23438,8.55469,6.67969,7.73438,7.96875,7.73438,7.61719,8.02734,7.79297,7.61719,7.96875,7.79297,7.55859,7.5,0.142822,0.185547,0.140381,0.174561,0.12207,0.144043,0.150146,0.141602,0.114746,0.148926,0.174561
2016-11-29T01:50:00Z,118.82813,125.50781,123.04688,119.53125,120.23438,122.34375,117.77344,119.88281,118.47656,118.82813,116.36719,116.36719,8.84766,7.03125,7.55859,7.91016,8.02734,7.79297,7.61719,7.79297,7.96875,7.85156,7.91016,7.96875,7.67578,0.19043,0.134277,0.163574,0.186768,0.106201,0.114746,0.095215,0.158691,0.141602,0.135498,0.140381
2016-11-29T02:00:00Z,116.71875,126.21094,125.15625,126.21094,126.5625,126.91406,126.21094,128.67188,128.32031,125.85938,124.80469,121.64063,8.61328,6.79688,7.96875,8.14453,7.96875,8.14453,8.20313,7.96875,8.14453,8.02734,7.96875,8.20313,7.91016,0.133057,0.162354,0.12207,0.185547,0.151367,0.194092,0.140381,0.163574,0.164795,0.167236,0.170898
2016-11-29T02:10:00Z,125.85938,126.21094,127.61719,128.32031,126.21094,128.32031,125.50781,124.10156,125.85938,126.21094,125.15625,125.50781,9.14063,7.14844,7.91016,8.08594,7.96875,8.14453,8.14453,7.67578,8.02734,7.96875,8.14453,8.14453,7.96875,0.131836,0.128174,0.123291,0.142822,0.135498,0.13916,0.148926,0.157471,0.12207,0.124512,0.10376
2016-11-29T02:20:00Z,123.04688,127.26563,126.21094,127.26563,126.5625,123.75,123.75,126.5625,125.15625,125.15625,123.75,126.5625,9.49219,7.14844,7.5,7.73438,7.73438,7.61719,7.67578,7.91016,7.96875,7.91016,7.67578,7.67578,7.61719,0.174561,0.125732,0.128174,0.117188,0.157471,0.144043,0.142822,0.150146,0.144043,0.109863,0.128174
2016-11-29T02:30:00Z,124.80469,125.15625,126.91406,128.32031,127.61719,127.26563,128.67188,127.61719,128.67188,127.61719,128.32031,130.42969,8.67188,7.08984,7.67578,7.73438,7.73438,7.91016,7.91016,7.73438,7.79297,7.67578,7.96875,7.96875,7.61719,0.145264,0.141602,0.145264,0.133057,0.150146,0.128174,0.114746,0.151367,0.114746,0.135498,0.125732
2016-11-29T02:40:00Z,126.21094,130.78125,133.24219,133.24219,130.78125,131.48438,131.13281,129.72656,131.83594,129.72656,130.78125,130.42969,9.14063,7.20703,7.55859,7.79297,7.61719,7.91016,7.85156,7.73438,7.61719,7.85156,7.73438,7.67578,7.73438,0.170898,0.10498,0.12085,0.111084,0.130615,0.12085,0.129395,0.135498,0.097656,0.142822,0.141602
2016-11-29T02:50:00Z,130.42969,135.35156,136.40625,135.0,132.1875,132.89063,131.83594,131.83594,132.53906,134.29688,133.94531,133.59375,8.78906,7.08984,7.32422,7.26563,7.14844,7.5,7.14844,7.08984,7.26563,7.20703,7.20703,7.20703,7.08984,0.130615,0.129395,0.145264,0.106201,0.130615,0.134277,0.136719,0.128174,0.131836,0.133057,0.083008
2016-11-29T03:00:00Z,132.53906,133.24219,132.53906,131.48438,131.83594,135.0,129.02344,134.29688,130.42969,129.02344,126.5625,131.13281,8.78906,6.79688,6.62109,6.50391,7.08984,6.85547,7.03125,6.73828,6.79688,6.85547,6.85547,7.32422,6.85547,0.166016,0.168457,0.151367,0.146484,0.161133,0.184326,0.179443,0.147705,0.162354,0.19165,0.141602
2016-11-29T03:10:00Z,130.78125,131.48438,132.1875,133.24219,133.59375,131.48438,134.64844,134.29688,135.0,136.40625,135.70313,139.57031,8.37891,6.38672,6.85547,6.79688,6.73828,6.67969,6.91406,6.5625,6.85547,6.91406,6.67969,6.62109,6.67969,0.196533,0.175781,0.129395,0.144043,0.167236,0.196533,0.135498,0.133057,0.136719,0.118408,0.091553
2016-11-29T03:20:00Z,128.32031,131.13281,135.0,133.59375,132.53906,134.29688,133.94531,134.64844,135.0,139.21875,135.35156,137.8125,7.5,6.03516,6.50391,6.5625,6.5625,6.44531,6.44531,6.26953,6.62109,6.5625,6.62109,6.73828,6.62109,0.150146,0.153809,0.146484,0.169678,0.115967,0.131836,0.087891,0.115967,0.112305,0.093994,0.119629
2016-11-29T03:30:00Z,131.13281,132.89063,136.05469,137.10938,133.59375,135.35156,132.89063,136.05469,138.51563,138.51563,140.27344,138.86719,8.02734,5.97656,6.32813,6.32813,6.32813,6.32813,6.32813,6.32813,6.21094,6.21094,6.21094,6.09375,6.26953,0.137939,0.090332,0.140381,0.133057,0.145264,0.129395,0.134277,0.112305,0.119629,0.128174,0.119629
2016-11-29T03:40:00Z,131.48438,133.94531,140.97656,138.16406,137.10938,137.8125,137.8125,140.625,136.40625,138.51563,138.16406,139.92188,7.79297,5.80078,5.91797,5.91797,5.91797,5.91797,6.03516,6.03516,5.91797,5.80078,5.91797,6.09375,5.97656,0.133057,0.141602,0.19043,0.109863,0.141602,0.162354,0.128174,0.117188,0.135498,0.133057,0.114746
2016-11-29T03:50:00Z,133.59375,138.51563,139.92188,138.86719,137.46094,140.625,136.75781,140.27344,138.16406,137.46094,138.16406,138.16406,7.08984,5.625,5.85938,5.97656,5.85938,5.97656,6.03516,5.68359,5.97656,5.85938,5.80078,5.85938,5.85938,0.142822,0.128174,0.118408,0.155029,0.119629,0.158691,0.124512,0.114746,0.129395,0.141602,0.106201
2016-11-29T04:00:00Z,134.64844,136.05469,135.70313,136.75781,142.03125,138.51563,138.86719,139.92188,140.27344,140.625,140.97656,142.38281,7.03125,5.625,5.85938,5.74219,5.85938,5.68359,5.68359,5.80078,5.74219,5.39063,5.50781,5.625,5.68359,0.115967,0.131836,0.142822,0.155029,0.167236,0.133057,0.123291,0.141602,0.164795,0.12085,0.100098
2016-11-29T04:10:00Z,135.0,139.21875,138.86719,138.51563,137.10938,138.86719,141.32813,142.73438,141.67969,138.86719,138.51563,134.64844,7.03125,5.44922,5.74219,5.80078,5.97656,5.74219,6.03516,6.15234,5.91797,5.625,5.68359,5.68359,5.97656,0.161133,0.181885,0.166016,0.167236,0.174561,0.172119,0.185547,0.19165,0.184326,0.151367,0.185547
2016-11-29T04:20:00Z,134.29688,136.40625,140.97656,139.57031,137.10938,139.21875,139.21875,138.86719,142.03125,138.86719,141.67969,137.46094,7.08984,5.44922,5.625,5.625,5.56641,5.85938,5.625,5.625,5.56641,5.80078,5.74219,5.85938,5.74219,0.142822,0.137939,0.131836,0.256348,0.150146,0.133057,0.164795,0.203857,0.115967,0.153809,0.12085
2016-11-29T04:30:00Z,137.10938,142.38281,141.32813,144.84375,142.38281,138.51563,135.35156,139.21875,136.75781,136.40625,140.27344,140.27344,6.79688,5.33203,5.15625,5.15625,5.09766,5.39063,5.27344,5.33203,5.15625,5.15625,5.33203,5.21484,5.27344,0.169678,0.184326,0.211182,0.113525,0.151367,0.169678,0.172119,0.174561,0.148926,0.126953,0.150146
2016-11-29T04:40:00Z,137.10938,137.46094,137.46094,139.92188,140.27344,142.03125,138.51563,142.73438,141.32813,138.86719,138.86719,141.32813,6.26953,4.74609,4.98047,5.03906,4.98047,4.98047,5.21484,5.27344,5.09766,5.03906,5.09766,5.15625,5.03906,0.151367,0.150146,0.133057,0.175781,0.158691,0.141602,0.131836,0.148926,0.134277,0.130615,0.108643
2016-11-29T04:50:00Z,137.46094,140.27344,139.21875,142.03125,137.46094,140.97656,142.73438,139.57031,139.92188,139.57031,143.08594,141.67969,6.32813,4.86328,5.15625,5.03906,5.09766,5.21484,5.15625,5.09766,4.92188,5.21484,5.27344,5.33203,5.03906,0.159912,0.155029,0.146484,0.19165,0.155029,0.17334,0.177002,0.181885,0.151367,0.150146,0.145264
2016-11-29T05:00:00Z,135.70313,139.21875,141.67969,137.46094,139.92188,139.92188,141.67969,138.16406,143.08594,141.67969,143.4375,143.08594,6.44531,4.86328,5.21484,5.09766,4.98047,5.03906,4.98047,4.92188,4.92188,4.86328,5.03906,4.92188,4.80469,0.162354,0.153809,0.185547,0.169678,0.164795,0.147705,0.166016,0.144043,0.150146,0.130615,0.137939
2016-11-29T05:10:00Z,133.94531,145.89844,140.97656,141.32813,144.49219,147.65625,145.19531,141.32813,148.71094,145.89844,145.89844,146.95313,6.38672,4.74609,4.6875,4.6875,4.62891,4.92188,4.62891,4.57031,4.6875,4.80469,4.6875,4.6875,4.6875,0.201416,0.175781,0.198975,0.194092,0.209961,0.216064,0.186768,0.141602,0.194092,0.164795,0.180664
2016-11-29T05:20:00Z,138.16406,142.73438,141.67969,143.08594,142.03125,143.4375,144.14063,142.38281,144.84375,145.89844,147.30469,143.78906,5.74219,4.16016,4.39453,4.57031,4.51172,4.57031,4.33594,4.62891,4.45313,4.57031,4.57031,4.51172,4.33594,0.178223,0.209961,0.214844,0.187988,0.157471,0.169678,0.162354,0.17334,0.168457,0.148926,0.135498
2016-11-29T05:30:00Z,137.8125,142.03125,143.08594,143.78906,144.49219,146.60156,145.19531,145.19531,144.84375,147.65625,150.11719,151.17188,5.50781,3.98438,3.86719,3.92578,3.75,4.21875,3.86719,3.98438,3.86719,4.10156,4.04297,4.21875,3.86719,0.178223,0.22583,0.218506,0.151367,0.19165,0.214844,0.167236,0.194092,0.20874,0.164795,0.163574
2016-11-29T05:40:00Z,133.24219,144.14063,147.30469,144.49219,144.49219,148.71094,146.95313,150.46875,148.00781,151.17188,147.65625,149.0625,5.15625,3.69141,4.04297,4.10156,4.21875,4.04297,3.98438,4.04297,4.27734,4.04297,4.04297,3.98438,4.16016,0.194092,0.159912,0.184326,0.15625,0.192871,0.189209,0.159912,0.214844,0.180664,0.152588,0.128174
2016-11-29T05:50:00Z,138.51563,153.28125,151.52344,153.63281,150.46875,156.09375,152.22656,152.92969,153.98438,154.33594,156.09375,153.28125,4.98047,3.57422,4.04297,3.86719,3.92578,4.16016,4.16016,4.16016,4.04297,4.10156,3.98438,4.21875,3.98438,0.178223,0.197754,0.177002,0.20874,0.172119,0.17334,0.167236,0.166016,0.20874,0.179443,0.174561
2016-11-29T06:00:00Z,148.71094,150.46875,151.17188,150.82031,151.52344,152.22656,147.30469,151.875,150.11719,151.17188,150.11719,150.46875,5.15625,3.51563,3.80859,3.92578,4.10156,3.63281,3.92578,3.80859,3.92578,3.63281,3.80859,3.63281,3.75,0.230713,0.170898,0.185547,0.227051,0.196533,0.147705,0.167236,0.194092,0.158691,0.175781,0.167236
2016-11-29T06:10:00Z,146.95313,155.03906,154.33594,154.33594,154.33594,153.63281,155.39063,153.63281,150.46875,148.71094,151.875,151.52344,4.62891,3.16406,3.86719,4.10156,4.04297,4.16016,4.10156,3.98438,4.10156,3.98438,4.10156,4.04297,4.10156,0.19165,0.172119,0.175781,0.177002,0.214844,0.195313,0.19165,0.187988,0.174561,0.178223,0.159912
2016-11-29T06:20:00Z,145.54688,144.14063,145.19531,146.95313,144.49219,147.30469,143.78906,146.25,149.41406,150.82031,149.76563,149.0625,4.86328,3.04688,3.75,3.86719,3.80859,3.69141,3.75,3.75,3.92578,3.80859,3.80859,3.63281,3.80859,0.175781,0.180664,0.179443,0.209961,0.209961,0.19043,0.146484,0.159912,0.133057,0.15625,0.152588
2016-11-29T06:30:00Z,148.71094,157.85156,155.74219,154.6875,156.09375,152.92969,151.875,154.6875,152.22656,156.09375,154.6875,156.44531,4.45313,2.8125,3.33984,3.33984,3.28125,3.28125,3.16406,3.22266,3.28125,3.33984,3.22266,3.16406,2.98828,0.19165,0.194092,0.222168,0.172119,0.177002,0.20752,0.228271,0.168457,0.147705,0.172119,0.186768
2016-11-29T06:40:00Z,155.74219,159.60938,159.60938,161.71875,159.60938,158.90625,157.14844,156.79688,159.60938,156.79688,155.03906,155.39063,4.62891,3.04688,3.45703,3.57422,3.57422,3.51563,3.57422,3.57422,3.69141,3.69141,3.51563,3.51563,3.57422,0.228271,0.200195,0.19043,0.213623,0.194092,0.195313,0.228271,0.203857,0.20874,0.177002,0.202637
2016-11-29T06:50:00Z,153.28125,159.96094,162.07031,164.88281,162.07031,164.53125,160.66406,165.58594,163.47656,163.47656,160.66406,163.125,4.6875,3.16406,3.51563,3.63281,3.51563,3.57422,3.51563,3.57422,3.57422,3.51563,3.39844,3.33984,3.39844,0.218506,0.20752,0.230713,0.185547,0.217285,0.147705,0.224609,0.166016,0.168457,0.185547,0.180664
2016-11-29T07:00:00Z,159.96094,158.55469,158.20313,162.42188,158.55469,158.90625,158.20313,157.85156,159.25781,158.90625,159.96094,161.71875,5.21484,3.16406,3.45703,3.63281,3.63281,3.57422,3.69141,3.63281,3.57422,3.69141,3.69141,3.51563,3.63281,0.213623,0.166016,0.175781,0.172119,0.13916,0.20752,0.151367,0.162354,0.134277,0.152588,0.161133
2016-11-29T07:10:00Z,151.875,156.09375,155.03906,158.55469,157.85156,156.44531,159.96094,158.20313,158.90625,158.90625,159.96094,163.82813,4.86328,3.39844,3.69141,3.63281,3.69141,3.80859,3.86719,3.92578,3.69141,3.69141,3.75,3.75,3.57422,0.192871,0.213623,0.222168,0.223389,0.192871,0.185547,0.197754,0.194092,0.181885,0.148926,0.161133
2016-11-29T07:20:00Z,150.82031,162.77344,161.71875,161.01563,162.07031,160.3125,163.82813,162.07031,159.60938,162.42188,161.36719,159.96094,4.80469,3.33984,3.51563,3.33984,3.51563,3.51563,3.45703,3.57422,3.28125,3.45703,3.10547,3.28125,3.22266,0.168457,0.178223,0.168457,0.179443,0.192871,0.178223,0.233154,0.214844,0.20752,0.189209,0.187988
2016-11-29T07:30:00Z,157.5,152.57813,150.46875,152.22656,153.63281,152.92969,151.17188,155.03906,154.33594,157.14844,154.33594,153.28125,4.51172,3.22266,3.45703,3.63281,3.51563,3.63281,3.45703,3.63281,3.57422,3.45703,3.39844,3.39844,3.33984,0.169678,0.205078,0.15625,0.168457,0.19043,0.170898,0.19043,0.168457,0.201416,0.172119,0.168457
2016-11-29T07:40:00Z,143.4375,156.44531,158.20313,155.74219,156.44531,157.14844,159.25781,157.85156,156.44531,161.36719,158.20313,162.42188,4.6875,3.16406,3.39844,3.33984,3.33984,3.33984,3.33984,3.45703,3.33984,3.33984,3.16406,3.33984,3.16406,0.151367,0.187988,0.206299,0.177002,0.206299,0.209961,0.194092,0.166016,0.197754,0.168457,0.167236
2016-11-29T07:50:00Z,151.17188,149.76563,148.00781,149.76563,147.30469,148.00781,150.11719,149.41406,149.41406,149.0625,151.17188,150.11719,4.21875,2.87109,3.51563,3.45703,3.45703,3.45703,3.28125,3.39844,3.22266,3.33984,3.16406,3.22266,2.98828,0.194092,0.15625,0.162354,0.157471,0.19165,0.179443,0.134277,0.163574,0.153809,0.172119,0.140381
2016-11-29T08:00:00Z,143.4375,155.74219,159.25781,157.5,162.77344,158.55469,156.79688,158.90625,151.52344,158.55469,155.39063,158.90625,4.6875,3.10547,3.51563,3.86719,3.69141,3.69141,3.75,3.75,3.80859,3.75,3.80859,3.51563,3.57422,0.168457,0.187988,0.147705,0.162354,0.13916,0.162354,0.175781,0.128174,0.197754,0.179443,0.158691
2016-11-29T08:10:00Z,147.30469,150.46875,155.39063,153.28125,156.09375,153.98438,151.875,155.03906,156.09375,155.39063,155.39063,152.22656,4.51172,3.22266,3.75,3.80859,3.75,3.75,3.57422,3.57422,3.57422,3.63281,3.28125,3.28125,3.22266,0.186768,0.133057,0.159912,0.186768,0.136719,0.172119,0.133057,0.142822,0.152588,0.134277,0.126953
2016-11-29T08:20:00Z,145.89844,150.82031,152.92969,152.92969,149.0625,150.11719,152.22656,150.46875,151.52344,148.35938,149.76563,149.76563,5.15625,3.51563,3.75,3.75,3.69141,3.75,3.69141,3.80859,3.69141,3.75,3.57422,3.63281,3.51563,0.189209,0.161133,0.164795,0.175781,0.186768,0.126953,0.155029,0.13916,0.162354,0.17334,0.147705
2016-11-29T08:30:00Z,144.84375,146.95313,147.65625,147.65625,149.0625,149.41406,149.41406,150.82031,150.82031,149.0625,153.98438,150.82031,4.98047,3.51563,3.45703,3.51563,3.45703,3.39844,3.33984,3.33984,3.33984,3.28125,3.33984,3.16406,3.10547,0.213623,0.196533,0.198975,0.198975,0.22583,0.200195,0.195313,0.224609,0.209961,0.19043,0.212402
2016-11-29T08:40:00Z,139.57031,151.52344,150.82031,152.57813,149.0625,149.76563,150.82031,152.92969,153.98438,151.17188,149.76563,149.76563,4.6875,3.22266,3.39844,3.33984,3.57422,3.69141,3.39844,3.51563,3.51563,3.39844,3.33984,3.33984,3.39844,0.172119,0.19043,0.153809,0.195313,0.19043,0.178223,0.174561,0.174561,0.186768,0.183105,0.158691
2016-11-29T08:50:00Z,145.19531,153.63281,154.6875,150.46875,152.92969,153.98438,153.28125,152.92969,156.44531,153.98438,153.28125,153.28125,4.39453,3.22266,3.45703,3.51563,3.45703,3.28125,3.39844,3.28125,3.33984,3.10547,2.98828,3.16406,3.04688,0.179443,0.174561,0.196533,0.198975,0.185547,0.136719,0.169678,0.172119,0.178223,0.164795,0.185547
2016-11-29T09:00:00Z,148.00781,159.96094,155.03906,159.60938,153.63281,152.57813,149.76563,149.0625,151.17188,153.63281,151.52344,151.875,4.39453,3.16406,3.16406,3.10547,3.04688,3.22266,3.10547,3.22266,3.22266,3.16406,3.10547,3.10547,2.98828,0.162354,0.201416,0.209961,0.184326,0.223389,0.175781,0.17334,0.198975,0.15625,0.174561,0.147705
2016-11-29T09:10:00Z,147.30469,155.39063,156.09375,157.14844,156.79688,156.44531,157.85156,157.5,155.74219,156.44531,156.09375,156.44531,4.16016,2.75391,3.33984,3.33984,3.28125,3.39844,3.33984,3.45703,3.28125,3.45703,3.16406,3.22266,3.22266,0.158691,0.194092,0.169678,0.167236,0.216064,0.17334,0.167236,0.148926,0.205078,0.177002,0.201416
2016-11-29T09:20:00Z,145.89844,149.76563,153.28125,152.92969,156.79688,159.25781,156.44531,157.14844,156.44531,157.85156,158.90625,158.55469,4.27734,3.04688,3.39844,3.39844,3.39844,3.45703,3.45703,3.33984,3.28125,3.39844,3.39844,3.22266,3.16406,0.201416,0.194092,0.196533,0.192871,0.19043,0.20874,0.206299,0.194092,0.162354,0.19165,0.170898
2016-11-29T09:30:00Z,140.625,148.71094,154.33594,152.57813,152.57813,153.28125,152.57813,151.875,152.57813,155.74219,154.6875,156.09375,4.62891,3.04688,3.28125,3.33984,3.33984,3.39844,3.45703,3.45703,3.33984,3.39844,3.33984,3.33984,3.16406,0.137939,0.180664,0.166016,0.163574,0.169678,0.180664,0.151367,0.126953,0.148926,0.216064,0.17334
2016-11-29T09:40:00Z,143.08594,152.22656,154.6875,155.74219,152.57813,152.92969,151.52344,151.52344,148.71094,147.30469,151.52344,149.41406,4.51172,3.16406,3.16406,3.28125,3.28125,3.22266,3.22266,3.28125,3.04688,3.16406,3.04688,3.16406,2.98828,0.192871,0.170898,0.183105,0.20752,0.200195,0.196533,0.197754,0.236816,0.192871,0.178223,0.189209
2016-11-29T09:50:00Z,146.60156,149.41406,148.00781,146.25,146.60156,145.89844,149.41406,145.19531,150.11719,146.25,149.0625,149.41406,4.21875,2.92969,3.39844,3.45703,3.28125,3.45703,3.39844,3.39844,3.39844,3.39844,3.28125,3.39844,3.28125,0.140381,0.177002,0.151367,0.167236,0.202637,0.151367,0.170898,0.177002,0.205078,0.135498,0.153809
2016-11-29T10:00:00Z,140.27344,148.71094,148.00781,149.0625,148.71094,146.95313,147.30469,148.00781,149.0625,149.41406,151.875,148.71094,4.45313,3.10547,3.16406,3.33984,3.22266,3.28125,3.22266,3.28125,3.22266,3.16406,3.22266,2.92969,2.98828,0.187988,0.197754,0.202637,0.197754,0.179443,0.164795,0.179443,0.151367,0.151367,0.157471,0.117188
2016-11-29T10:10:00Z,144.14063,149.41406,151.875,150.46875,153.98438,156.79688,152.22656,151.52344,152.92969,153.63281,152.22656,148.71094,4.45313,3.04688,2.87109,3.10547,3.16406,3.10547,3.04688,2.92969,3.04688,2.87109,2.87109,2.63672,2.8125,0.211182,0.184326,0.20874,0.205078,0.19043,0.209961,0.159912,0.15625,0.200195,0.201416,0.125732
2016-11-29T10:20:00Z,139.57031,142.73438,145.54688,142.38281,143.08594,142.38281,146.25,148.35938,146.25,148.35938,148.35938,152.57813,4.33594,2.69531,3.04688,3.04688,3.10547,3.16406,3.16406,3.16406,2.98828,2.92969,2.87109,2.87109,2.8125,0.150146,0.238037,0.196533,0.19165,0.19043,0.169678,0.233154,0.184326,0.177002,0.131836,0.15625
2016-11-29T10:30:00Z,135.70313,149.0625,149.41406,149.76563,151.17188,151.52344,147.65625,150.46875,148.71094,149.41406,147.65625,149.0625,3.98438,2.75391,3.04688,3.16406,3.28125,3.22266,3.28125,3.10547,3.39844,3.04688,3.16406,2.98828,3.04688,0.216064,0.172119,0.194092,0.195313,0.178223,0.168457,0.148926,0.195313,0.163574,0.123291,0.19043
2016-11-29T10:40:00Z,140.27344,149.76563,148.71094,150.11719,148.35938,149.76563,148.71094,148.00781,148.00781,149.0625,149.76563,146.25,4.10156,2.92969,3.10547,3.10547,3.16406,3.16406,3.22266,3.04688,3.16406,3.04688,3.10547,2.92969,2.87109,0.19043,0.192871,0.194092,0.206299,0.186768,0.174561,0.135498,0.158691,0.155029,0.142822,0.17334
2016-11-29T10:50:00Z,142.03125,143.08594,146.95313,147.30469,146.60156,149.41406,147.30469,149.0625,148.35938,149.0625,146.60156,150.46875,3.92578,2.69531,2.92969,2.92969,2.92969,3.04688,2.98828,3.10547,2.98828,2.98828,2.87109,2.87109,2.92969,0.166016,0.177002,0.172119,0.144043,0.152588,0.12207,0.153809,0.133057,0.145264,0.118408,0.128174
2016-11-29T11:00:00Z,140.27344,150.46875,150.46875,147.65625,145.89844,150.82031,146.25,150.11719,146.60156,148.71094,149.0625,152.22656,3.92578,2.75391,2.98828,3.10547,3.10547,3.04688,3.16406,2.87109,3.10547,2.8125,2.92969,2.69531,2.87109,0.147705,0.177002,0.17334,0.163574,0.185547,0.168457,0.161133,0.195313,0.155029,0.152588,0.148926
2016-11-29T11:10:00Z,139.92188,141.32813,141.32813,141.32813,142.03125,142.38281,143.4375,146.25,146.95313,149.0625,145.89844,151.52344,3.92578,2.69531,2.98828,2.98828,3.10547,2.98828,3.10547,2.92969,3.10547,2.87109,2.87109,2.69531,2.63672,0.192871,0.187988,0.170898,0.202637,0.153809,0.147705,0.162354,0.166016,0.178223,0.195313,0.153809
2016-11-29T11:20:00Z,141.32813,156.44531,160.3125,160.66406,160.66406,162.07031,157.14844,155.39063,152.92969,155.74219,151.52344,154.33594,4.04297,2.8125,3.10547,3.16406,3.22266,3.22266,3.22266,3.04688,3.16406,3.10547,2.92969,2.98828,2.92969,0.17334,0.20874,0.195313,0.147705,0.179443,0.189209,0.20752,0.169678,0.168457,0.158691,0.166016
2016-11-29T11:30:00Z,149.76563,156.79688,155.39063,156.09375,156.79688,156.79688,156.09375,157.85156,153.63281,152.92969,152.22656,153.63281,4.27734,2.98828,2.87109,2.8125,2.75391,2.8125,2.87109,2.8125,2.8125,2.69531,2.75391,2.75391,2.75391,0.164795,0.206299,0.201416,0.223389,0.19043,0.168457,0.198975,0.213623,0.166016,0.203857,0.187988
2016-11-29T11:40:00Z,151.17188,145.19531,150.46875,149.76563,149.0625,151.17188,148.00781,150.11719,153.28125,149.41406,150.82031,152.92969,3.75,2.40234,2.69531,2.75391,2.69531,2.75391,2.8125,2.69531,2.69531,2.51953,2.57813,2.46094,2.51953,0.196533,0.228271,0.189209,0.172119,0.211182,0.19043,0.163574,0.180664,0.180664,0.147705,0.164795
2016-11-29T11:50:00Z,140.625,143.78906,143.08594,139.92188,144.84375,144.49219,145.19531,150.46875,149.41406,153.28125,152.57813,155.39063,3.57422,2.40234,2.46094,2.40234,2.46094,2.46094,2.51953,2.46094,2.40234,2.40234,2.34375,2.40234,2.28516,0.266113,0.200195,0.224609,0.169678,0.200195,0.177002,0.205078,0.178223,0.161133,0.148926,0.197754
2016-11-29T12:00:00Z,135.0,141.32813,143.78906,147.65625,141.67969,146.95313,147.30469,142.73438,143.78906,143.78906,144.49219,143.4375,3.51563,2.16797,2.63672,2.63672,2.69531,2.8125,2.63672,2.63672,2.63672,2.51953,2.51953,2.34375,2.40234,0.194092,0.185547,0.219727,0.158691,0.135498,0.17334,0.168457,0.231934,0.195313,0.181885,0.161133
2016-11-29T12:10:00Z,142.73438,145.19531,144.14063,143.08594,148.00781,146.60156,145.89844,144.49219,144.14063,144.49219,143.4375,144.14063,3.39844,2.34375,2.69531,2.8125,2.75391,2.69531,2.75391,2.63672,2.51953,2.57813,2.51953,2.46094,2.40234,0.166016,0.162354,0.167236,0.198975,0.183105,0.178223,0.179443,0.181885,0.203857,0.223389,0.179443
2016-11-29T12:20:00Z,134.29688,138.16406,135.0,136.75781,138.16406,139.57031,137.46094,137.10938,136.75781,136.05469,140.27344,134.64844,3.45703,1.99219,2.92969,2.92969,2.98828,2.92969,2.98828,2.92969,2.92969,2.69531,2.8125,2.8125,2.69531,0.172119,0.181885,0.174561,0.177002,0.213623,0.229492,0.192871,0.194092,0.229492,0.223389,0.245361
2016-11-29T12:30:00Z,124.80469,132.53906,132.89063,130.07813,132.53906,133.24219,135.0,135.35156,136.05469,137.46094,137.8125,134.64844,3.80859,2.51953,2.98828,3.04688,2.98828,2.92969,2.92969,2.98828,2.92969,2.92969,2.75391,2.8125,2.75391,0.163574,0.15625,0.186768,0.142822,0.162354,0.137939,0.150146,0.162354,0.178223,0.152588,0.175781
2016-11-29T12:40:00Z,132.1875,136.40625,139.21875,136.05469,140.27344,136.75781,137.8125,137.10938,138.86719,138.51563,140.27344,138.51563,3.75,2.69531,3.04688,3.16406,2.98828,3.16406,2.98828,3.10547,3.04688,3.04688,2.8125,2.92969,2.98828,0.177002,0.153809,0.150146,0.170898,0.209961,0.167236,0.179443,0.140381,0.141602,0.155029,0.152588
2016-11-29T12:50:00Z,130.78125,137.10938,137.8125,136.75781,133.94531,136.05469,135.70313,139.21875,137.10938,137.8125,138.16406,139.21875,3.80859,2.75391,3.16406,3.10547,3.10547,3.22266,3.16406,3.10547,3.10547,3.10547,3.04688,3.04688,2.98828,0.142822,0.151367,0.163574,0.158691,0.170898,0.109863,0.147705,0.150146,0.123291,0.135498,0.13916
2016-11-29T13:00:00Z,136.75781,139.21875,140.625,142.73438,140.625,143.4375,143.78906,142.03125,142.73438,145.54688,141.32813,145.19531,3.98438,2.8125,3.16406,3.16406,3.04688,3.10547,3.16406,3.16406,3.04688,2.98828,3.04688,2.8125,2.98828,0.115967,0.17334,0.17334,0.178223,0.130615,0.126953,0.185547,0.163574,0.140381,0.150146,0.146484
2016-11-29T13:10:00Z,136.75781,142.38281,142.03125,144.14063,142.03125,144.49219,142.73438,143.4375,143.08594,144.14063,143.4375,143.78906,4.45313,2.98828,3.33984,3.39844,3.45703,3.33984,3.39844,3.28125,3.39844,3.22266,3.16406,3.10547,3.10547,0.144043,0.168457,0.141602,0.134277,0.155029,0.145264,0.118408,0.136719,0.125732,0.13916,0.134277
2016-11-29T13:20:00Z,141.32813,153.28125,150.82031,152.22656,152.92969,150.82031,150.46875,150.11719,148.71094,149.41406,148.35938,149.76563,4.21875,3.10547,3.16406,3.10547,3.28125,3.22266,3.28125,3.28125,3.16406,3.22266,2.98828,3.10547,2.98828,0.167236,0.146484,0.158691,0.134277,0.161133,0.134277,0.125732,0.129395,0.12085,0.168457,0.145264
2016-11-29T13:30:00Z,153.28125,154.6875,154.6875,151.17188,153.98438,152.57813,152.22656,153.63281,155.03906,154.33594,152.92969,153.28125,4.04297,2.92969,3.10547,3.10547,3.10547,3.16406,3.10547,3.22266,3.10547,3.10547,2.98828,2.98828,2.92969,0.153809,0.168457,0.19165,0.192871,0.158691,0.137939,0.130615,0.181885,0.187988,0.159912,0.130615
2016-11-29T13:40:00Z,148.71094,148.35938,147.65625,148.00781,150.46875,149.41406,151.17188,150.46875,152.22656,152.22656,151.875,153.98438,3.86719,2.75391,3.10547,2.98828,2.98828,3.04688,3.04688,2.92969,2.8125,2.87109,2.75391,2.69531,2.69531,0.196533,0.168457,0.212402,0.19165,0.13916,0.142822,0.147705,0.144043,0.147705,0.136719,0.158691
2016-11-29T13:50:00Z,146.60156,153.63281,157.14844,155.03906,157.14844,157.5,155.74219,156.09375,154.33594,153.98438,156.44531,155.39063,3.69141,2.63672,3.22266,3.22266,3.22266,3.16406,3.16406,3.22266,3.10547,3.16406,3.04688,3.04688,2.92969,0.163574,0.166016,0.157471,0.167236,0.157471,0.161133,0.133057,0.163574,0.137939,0.123291,0.111084
2016-11-29T14:00:00Z,154.6875,154.33594,155.03906,154.33594,155.39063,152.92969,154.33594,152.22656,155.03906,153.63281,153.98438,153.98438,3.98438,3.04688,3.04688,3.10547,3.04688,3.04688,3.16406,3.04688,2.98828,3.04688,2.87109,2.92969,2.98828,0.126953,0.152588,0.135498,0.142822,0.125732,0.097656,0.115967,0.107422,0.111084,0.123291,0.101318
2016-11-29T14:10:00Z,152.22656,154.6875,154.6875,154.6875,156.79688,156.79688,158.55469,157.5,161.01563,158.20313,159.60938,160.3125,3.80859,2.87109,3.04688,3.10547,2.98828,2.98828,3.04688,2.98828,2.98828,2.98828,2.92969,2.87109,2.92969,0.126953,0.134277,0.170898,0.167236,0.145264,0.148926,0.096436,0.117188,0.141602,0.108643,0.130615
2016-11-29T14:20:00Z,154.6875,164.88281,164.17969,163.125,162.42188,164.53125,164.53125,160.3125,162.07031,161.71875,163.125,161.36719,4.04297,2.8125,3.04688,3.10547,3.10547,3.04688,3.04688,3.04688,3.04688,2.92969,3.04688,3.04688,2.98828,0.136719,0.141602,0.13916,0.157471,0.145264,0.151367,0.13916,0.128174,0.106201,0.126953,0.106201
2016-11-29T14:30:00Z,159.25781,165.58594,163.82813,165.58594,164.17969,166.28906,167.69531,168.04688,166.28906,166.99219,166.99219,168.39844,4.16016,2.8125,2.98828,2.98828,2.98828,3.04688,2.98828,3.04688,2.92969,2.98828,2.98828,2.92969,2.98828,0.175781,0.163574,0.114746,0.189209,0.115967,0.131836,0.155029,0.114746,0.115967,0.141602,0.12085
2016-11-29T14:40:00Z,164.88281,168.75,167.69531,164.88281,168.39844,166.99219,168.04688,169.10156,172.61719,171.21094,173.32031,175.07813,4.16016,2.87109,3.16406,3.10547,3.04688,3.10547,3.10547,3.10547,3.04688,2.98828,2.98828,3.10547,3.04688,0.146484,0.126953,0.141602,0.141602,0.093994,0.112305,0.118408,0.083008,0.12207,0.124512,0.123291
2016-11-29T14:50:00Z,163.125,161.01563,162.07031,165.23438,162.42188,162.77344,163.82813,165.58594,166.99219,166.28906,167.69531,167.34375,3.92578,2.92969,3.04688,2.98828,2.98828,3.04688,3.10547,3.04688,3.04688,2.98828,3.04688,3.04688,3.10547,0.13916,0.144043,0.147705,0.126953,0.136719,0.12085,0.117188,0.129395,0.090332,0.106201,0.089111
2016-11-29T15:00:00Z,157.5,164.17969,168.39844,166.64063,169.10156,167.69531,168.75,169.10156,169.80469,170.85938,170.50781,172.26563,3.75,2.8125,2.98828,2.98828,2.92969,2.98828,3.10547,3.04688,3.04688,2.98828,2.87109,2.98828,2.98828,0.140381,0.157471,0.133057,0.153809,0.151367,0.152588,0.157471,0.145264,0.136719,0.123291,0.125732
2016-11-29T15:10:00Z,162.77344,166.99219,162.77344,165.9375,166.99219,165.23438,165.23438,165.9375,166.99219,164.88281,167.34375,166.64063,4.10156,2.75391,2.98828,3.10547,3.10547,3.22266,3.16406,3.16406,3.16406,3.16406,3.10547,3.22266,3.10547,0.19043,0.167236,0.15625,0.150146,0.152588,0.133057,0.130615,0.12085,0.119629,0.10498,0.10376
2016-11-29T15:20:00Z,160.66406,163.82813,162.07031,163.47656,164.53125,163.47656,165.9375,165.23438,165.9375,165.23438,167.69531,166.99219,4.57031,3.04688,3.28125,3.39844,3.39844,3.45703,3.51563,3.45703,3.51563,3.45703,3.57422,3.51563,3.45703,0.13916,0.133057,0.163574,0.150146,0.150146,0.155029,0.112305,0.141602,0.101318,0.118408,0.109863
2016-11-29T15:30:00Z,161.01563,161.71875,160.3125,162.07031,165.9375,164.53125,166.99219,167.34375,166.64063,170.85938,168.75,169.80469,4.33594,3.16406,3.51563,3.51563,3.45703,3.45703,3.51563,3.57422,3.51563,3.51563,3.51563,3.45703,3.51563,0.163574,0.162354,0.168457,0.172119,0.159912,0.169678,0.192871,0.170898,0.170898,0.17334,0.146484
2016-11-29T15:40:00Z,160.66406,172.61719,170.50781,170.50781,169.45313,168.39844,170.15625,169.45313,170.50781,169.45313,169.45313,168.75,4.57031,3.33984,3.45703,3.51563,3.51563,3.57422,3.57422,3.51563,3.51563,3.45703,3.45703,3.33984,3.33984,0.166016,0.140381,0.12207,0.128174,0.126953,0.13916,0.115967,0.12207,0.125732,0.101318,0.124512
2016-11-29T15:50:00Z,169.10156,177.89063,177.1875,179.64844,181.05469,178.59375,178.59375,178.94531,179.29688,179.29688,179.64844,180.70313,4.62891,3.45703,3.51563,3.51563,3.39844,3.63281,3.51563,3.63281,3.51563,3.57422,3.39844,3.51563,3.28125,0.135498,0.15625,0.140381,0.167236,0.162354,0.152588,0.125732,0.148926,0.164795,0.128174,0.162354
2016-11-29T16:00:00Z,174.72656,175.07813,176.48438,176.83594,175.07813,176.83594,174.375,176.83594,175.07813,176.48438,174.72656,175.42969,4.98047,3.45703,3.98438,4.04297,4.04297,4.04297,3.98438,3.86719,3.92578,3.80859,3.86719,3.80859,3.80859,0.113525,0.10376,0.126953,0.090332,0.117188,0.146484,0.118408,0.128174,0.08667,0.109863,0.10376
2016-11-29T16:10:00Z,172.26563,176.83594,177.53906,176.83594,176.48438,176.48438,177.1875,176.83594,174.72656,175.78125,175.78125,176.83594,5.03906,3.86719,4.10156,4.04297,4.16016,4.04297,4.16016,4.21875,4.16016,4.10156,4.04297,4.10156,3.98438,0.106201,0.10498,0.107422,0.095215,0.107422,0.093994,0.100098,0.112305,0.084229,0.076904,0.095215
2016-11-29T16:20:00Z,174.375,179.29688,180.0,179.64844,179.64844,180.35156,181.40625,181.75781,180.70313,181.40625,182.10938,180.35156,4.98047,3.92578,3.63281,3.69141,3.69141,3.69141,3.69141,3.69141,3.75,3.69141,3.63281,3.57422,3.57422,0.20874,0.19043,0.185547,0.168457,0.124512,0.13916,0.106201,0.141602,0.129395,0.124512,0.111084
2016-11-29T16:30:00Z,175.78125,181.75781,183.16406,182.8125,184.21875,185.97656,186.67969,190.19531,189.14063,190.19531,189.14063,192.65625,4.6875,3.33984,3.39844,3.39844,3.39844,3.45703,3.45703,3.45703,3.45703,3.39844,3.33984,3.39844,3.33984,0.167236,0.137939,0.153809,0.148926,0.151367,0.117188,0.129395,0.126953,0.158691,0.12207,0.130615
2016-11-29T16:40:00Z,177.89063,181.75781,183.86719,183.16406,181.40625,182.46094,183.51563,184.57031,185.97656,184.92188,184.92188,184.92188,4.51172,3.28125,3.80859,3.86719,3.86719,3.80859,3.92578,3.86719,3.98438,3.75,3.86719,3.75,3.80859,0.136719,0.148926,0.137939,0.167236,0.131836,0.137939,0.137939,0.115967,0.126953,0.098877,0.10376
2016-11-29T16:50:00Z,176.13281,177.1875,179.29688,176.48438,177.53906,178.24219,178.24219,177.89063,178.59375,178.24219,178.59375,178.94531,4.86328,3.69141,4.33594,4.33594,4.21875,4.33594,4.33594,4.27734,4.39453,4.33594,4.33594,4.27734,4.21875,0.125732,0.129395,0.112305,0.12207,0.12085,0.112305,0.10376,0.12207,0.111084,0.113525,0.112305
2016-11-29T17:00:00Z,172.61719,174.02344,174.375,175.07813,174.72656,173.67188,172.96875,172.96875,171.91406,175.07813,174.02344,175.42969,5.91797,4.21875,4.45313,4.57031,4.39453,4.45313,4.51172,4.45313,4.45313,4.39453,4.33594,4.21875,4.10156,0.107422,0.107422,0.097656,0.10376,0.097656,0.108643,0.091553,0.087891,0.091553,0.074463,0.072021
2016-11-29T17:10:00Z,171.21094,172.26563,173.32031,172.26563,173.32031,175.07813,173.67188,174.375,174.375,175.07813,174.72656,175.07813,5.68359,4.21875,4.21875,4.27734,4.21875,4.21875,4.27734,4.27734,4.33594,4.33594,4.27734,4.16016,4.10156,0.112305,0.135498,0.130615,0.130615,0.10498,0.107422,0.095215,0.10376,0.089111,0.08667,0.098877
2016-11-29T17:20:00Z,170.15625,175.78125,176.83594,177.89063,177.89063,178.94531,179.29688,178.94531,177.89063,179.29688,180.35156,180.35156,5.44922,4.16016,4.62891,4.62891,4.62891,4.62891,4.6875,4.62891,4.57031,4.51172,4.51172,4.51172,4.45313,0.118408,0.133057,0.117188,0.096436,0.10376,0.092773,0.089111,0.102539,0.083008,0.092773,0.089111
2016-11-29T17:30:00Z,174.02344,176.83594,176.83594,178.59375,178.24219,178.94531,177.89063,178.94531,180.35156,180.70313,181.75781,182.46094,5.56641,4.39453,4.80469,4.86328,4.74609,4.86328,4.74609,4.86328,4.74609,4.74609,4.74609,4.6875,4.62891,0.107422,0.10376,0.111084,0.125732,0.112305,0.112305,0.10498,0.109863,0.095215,0.092773,0.079346
2016-11-29T17:40:00Z,171.5625,185.97656,186.32813,187.03125,187.38281,187.03125,187.03125,188.4375,189.14063,188.78906,188.78906,188.78906,5.80078,4.57031,4.39453,4.45313,4.45313,4.57031,4.57031,4.57031,4.51172,4.45313,4.51172,4.51172,4.45313,0.108643,0.117188,0.102539,0.126953,0.114746,0.12085,0.101318,0.085449,0.089111,0.078125,0.078125
2016-11-29T17:50:00Z,177.53906,185.27344,184.92188,185.625,187.73438,188.08594,189.14063,190.19531,190.89844,192.65625,194.0625,195.11719,5.33203,4.21875,4.21875,4.39453,4.39453,4.27734,4.27734,4.21875,4.16016,4.16016,4.21875,4.21875,4.10156,0.095215,0.095215,0.095215,0.092773,0.118408,0.137939,0.135498,0.135498,0.136719,0.075684,0.102539
2016-11-29T18:00:00Z,178.59375,189.49219,188.4375,187.73438,188.4375,190.54688,191.60156,192.65625,191.60156,192.30469,193.00781,193.35938,5.21484,4.10156,4.57031,4.62891,4.6875,4.62891,4.74609,4.6875,4.74609,4.57031,4.62891,4.62891,4.57031,0.097656,0.107422,0.117188,0.119629,0.128174,0.119629,0.113525,0.10498,0.098877,0.081787,0.096436
2016-11-29T18:10:00Z,181.75781,191.95313,192.30469,191.60156,191.95313,193.00781,191.95313,193.00781,196.17188,197.92969,196.875,197.57813,5.39063,4.39453,4.57031,4.51172,4.51172,4.45313,4.45313,4.51172,4.57031,4.51172,4.45313,4.33594,4.39453,0.098877,0.10498,0.12207,0.092773,0.125732,0.133057,0.12085,0.096436,0.112305,0.085449,0.081787
2016-11-29T18:20:00Z,183.86719,189.84375,191.95313,190.19531,191.25,192.65625,193.71094,193.00781,196.52344,196.52344,198.28125,200.39063,5.27344,4.04297,4.62891,4.74609,4.62891,4.62891,4.6875,4.51172,4.62891,4.51172,4.57031,4.51172,4.33594,0.119629,0.12207,0.12207,0.144043,0.119629,0.123291,0.118408,0.095215,0.107422,0.106201,0.083008
2016-11-29T18:30:00Z,184.57031,194.41406,193.35938,193.35938,193.35938,194.41406,195.46875,198.98438,198.63281,199.6875,200.03906,200.74219,5.74219,4.51172,4.6875,4.92188,4.80469,4.80469,4.86328,4.86328,4.80469,4.6875,4.74609,4.62891,4.62891,0.119629,0.123291,0.141602,0.133057,0.10498,0.107422,0.112305,0.111084,0.10376,0.102539,0.095215
2016-11-29T18:40:00Z,188.08594,201.09375,201.44531,202.5,202.5,204.25781,207.07031,208.82813,208.125,209.17969,210.23438,210.23438,5.80078,4.10156,4.04297,3.92578,3.86719,4.04297,4.04297,4.04297,4.16016,4.10156,4.10156,4.16016,4.10156,0.12085,0.124512,0.15625,0.112305,0.131836,0.114746,0.100098,0.123291,0.108643,0.093994,0.090332
2016-11-29T18:50:00Z,195.11719,208.125,208.47656,208.47656,209.53125,209.88281,208.47656,211.28906,212.34375,211.99219,213.39844,214.45313,4.62891,3.51563,3.98438,4.10156,4.21875,4.10156,4.04297,4.10156,4.04297,4.10156,4.04297,4.04297,3.98438,0.126953,0.147705,0.115967,0.100098,0.141602,0.136719,0.128174,0.093994,0.117188,0.108643,0.098877
2016-11-29T19:00:00Z,203.20313,222.53906,224.29688,222.89063,224.29688,223.24219,223.59375,225.35156,228.16406,229.57031,231.67969,230.27344,4.74609,3.57422,3.45703,3.33984,3.51563,3.51563,3.57422,3.57422,3.51563,3.45703,3.39844,3.39844,3.33984,0.13916,0.167236,0.137939,0.13916,0.12207,0.124512,0.114746,0.089111,0.108643,0.108643,0.070801
2016-11-29T19:10:00Z,216.91406,216.5625,216.5625,218.67188,217.61719,218.32031,220.42969,219.375,222.89063,234.84375,221.13281,226.05469,4.16016,3.04688,3.45703,3.45703,3.57422,3.57422,3.57422,3.57422,3.39844,3.45703,3.69141,3.57422,3.39844,0.228271,0.196533,0.212402,0.183105,0.179443,0.20752,0.175781,0.185547,0.666504,0.311279,0.157471
2016-11-29T19:20:00Z,210.23438,215.85938,214.80469,213.04688,224.29688,218.67188,219.72656,221.83594,206.01563,221.83594,214.80469,218.32031,4.6875,3.22266,3.33984,3.51563,3.51563,3.75,3.63281,3.75,3.92578,4.16016,4.10156,4.39453,3.92578,0.231934,0.214844,0.211182,0.216064,0.228271,0.174561,0.318604,0.444336,0.432129,0.483398,0.378418
2016-11-29T19:30:00Z,216.21094,232.73438,235.89844,230.625,232.73438,221.48438,232.38281,234.84375,228.16406,223.59375,230.27344,236.95313,4.21875,3.04688,2.92969,2.98828,2.92969,3.04688,3.39844,3.22266,3.39844,3.51563,3.51563,3.86719,4.04297,0.192871,0.255127,0.19043,0.203857,0.440674,0.196533,0.291748,0.357666,0.430908,0.456543,0.52002
2016-11-29T19:40:00Z,236.25,244.6875,250.3125,248.20313,251.01563,242.92969,241.17188,251.71875,245.74219,245.03906,249.25781,250.66406,4.04297,2.51953,2.87109,3.10547,2.92969,3.28125,3.10547,3.57422,3.57422,3.33984,3.45703,3.45703,3.63281,0.223389,0.229492,0.202637,0.352783,0.181885,0.354004,0.301514,0.255127,0.319824,0.198975,0.38208
2016-11-29T19:50:00Z,248.90625,256.64063,258.75,258.39844,257.69531,256.99219,265.78125,265.42969,264.375,256.99219,258.39844,262.96875,4.04297,2.69531,3.28125,3.45703,3.45703,3.28125,3.39844,3.69141,3.51563,3.33984,3.57422,3.39844,3.45703,0.198975,0.174561,0.24292,0.194092,0.192871,0.406494,0.223389,0.198975,0.401611,0.181885,0.152588
2016-11-29T20:00:00Z,248.55469,238.35938,239.0625,236.95313,240.82031,240.46875,239.76563,241.52344,242.57813,242.22656,241.17188,241.17188,4.51172,3.10547,3.39844,3.39844,3.33984,3.39844,3.39844,3.39844,3.45703,3.39844,3.39844,3.39844,3.57422,0.168457,0.133057,0.170898,0.137939,0.164795,0.12207,0.125732,0.13916,0.159912,0.130615,0.340576
2016-11-29T20:10:00Z,232.73438,246.44531,246.09375,243.98438,246.09375,246.79688,245.74219,248.55469,247.85156,249.60938,251.36719,251.01563,4.27734,3.04688,3.28125,3.45703,3.39844,3.39844,3.45703,3.45703,3.45703,3.33984,3.39844,3.28125,3.28125,0.153809,0.133057,0.153809,0.167236,0.15625,0.142822,0.126953,0.142822,0.126953,0.144043,0.124512
2016-11-29T20:20:00Z,243.98438,235.89844,235.89844,235.54688,233.4375,234.49219,232.03125,231.67969,232.73438,234.84375,234.84375,235.19531,5.09766,3.10547,3.63281,3.69141,3.69141,3.80859,3.75,3.80859,3.69141,3.75,3.57422,3.63281,3.57422,0.166016,0.147705,0.166016,0.140381,0.152588,0.135498,0.163574,0.115967,0.130615,0.125732,0.155029
2016-11-29T20:30:00Z,224.64844,232.73438,233.78906,232.03125,234.84375,234.84375,236.25,237.65625,240.11719,239.0625,239.41406,240.46875,5.03906,3.45703,3.57422,3.63281,3.57422,3.51563,3.57422,3.51563,3.57422,3.51563,3.39844,3.45703,3.39844,0.108643,0.144043,0.140381,0.152588,0.13916,0.148926,0.157471,0.158691,0.155029,0.128174,0.130615
2016-11-29T20:40:00Z,226.40625,220.42969,220.42969,223.24219,221.13281,221.13281,222.53906,222.53906,224.64844,225.0,227.10938,227.8125,4.62891,3.33984,3.80859,4.04297,4.04297,3.80859,3.98438,3.92578,3.98438,3.86719,3.92578,3.86719,3.86719,0.145264,0.117188,0.142822,0.137939,0.12085,0.131836,0.13916,0.107422,0.096436,0.111084,0.107422
2016-11-29T20:50:00Z,213.75,216.5625,214.45313,215.85938,217.61719,215.50781,220.42969,220.78125,221.13281,221.48438,221.83594,221.83594,5.50781,3.86719,4.33594,4.27734,4.39453,4.39453,4.39453,4.45313,4.39453,4.33594,4.39453,4.33594,4.27734,0.126953,0.153809,0.113525,0.150146,0.15625,0.148926,0.142822,0.12085,0.123291,0.109863,0.113525
2016-11-29T21:00:00Z,212.34375,222.89063,223.24219,223.24219,223.59375,224.29688,224.64844,223.59375,225.0,226.40625,229.21875,227.10938,5.15625,3.75,4.10156,4.10156,4.10156,4.16016,4.04297,4.16016,4.10156,4.10156,4.16016,4.04297,4.04297,0.146484,0.157471,0.150146,0.145264,0.124512,0.113525,0.134277,0.129395,0.130615,0.124512,0.118408
2016-11-29T21:10:00Z,222.53906,238.00781,239.0625,240.82031,239.76563,240.82031,238.00781,237.65625,240.46875,240.11719,239.41406,239.41406,5.15625,3.86719,3.92578,3.98438,3.98438,4.04297,4.04297,4.10156,4.16016,4.10156,4.10156,4.10156,4.10156,0.174561,0.129395,0.12085,0.161133,0.101318,0.140381,0.141602,0.192871,0.168457,0.146484,0.102539
2016-11-29T21:20:00Z,234.84375,236.60156,238.71094,237.30469,234.49219,238.00781,236.60156,240.11719,238.71094,240.11719,239.0625,242.92969,4.98047,3.69141,4.33594,4.21875,4.21875,4.33594,4.33594,4.33594,4.39453,4.33594,4.27734,4.33594,4.33594,0.147705,0.142822,0.140381,0.124512,0.13916,0.125732,0.128174,0.131836,0.124512,0.124512,0.111084
2016-11-29T21:30:00Z,232.73438,240.82031,241.875,242.92969,240.46875,243.28125,240.82031,244.33594,245.03906,245.03906,245.39063,246.79688,5.21484,3.98438,4.39453,4.39453,4.57031,4.33594,4.27734,4.39453,4.51172,4.33594,4.45313,4.27734,4.45313,0.181885,0.137939,0.136719,0.129395,0.13916,0.129395,0.150146,0.144043,0.134277,0.134277,0.134277
2016-11-29T21:40:00Z,236.60156,249.25781,250.3125,249.96094,248.55469,249.60938,250.3125,250.66406,252.77344,252.77344,253.47656,253.125,5.56641,4.04297,4.33594,4.27734,4.39453,4.39453,4.33594,4.45313,4.33594,4.33594,4.33594,4.39453,4.51172,0.141602,0.147705,0.117188,0.142822,0.166016,0.153809,0.129395,0.169678,0.141602,0.158691,0.106201
2016-11-29T21:50:00Z,242.92969,246.44531,245.03906,246.79688,246.09375,245.39063,249.96094,248.55469,249.25781,248.55469,248.90625,245.74219,5.80078,4.04297,4.39453,4.57031,4.62891,4.6875,4.86328,4.80469,4.92188,4.80469,4.86328,4.6875,4.86328,0.175781,0.178223,0.186768,0.155029,0.151367,0.157471,0.114746,0.13916,0.133057,0.147705,0.141602
2016-11-29T22:00:00Z,239.0625,248.90625,249.60938,251.01563,250.3125,249.25781,252.42188,252.07031,254.17969,255.23438,254.53125,256.64063,6.03516,4.33594,4.86328,4.80469,4.86328,4.86328,5.03906,5.09766,5.03906,5.15625,4.92188,5.09766,5.09766,0.159912,0.150146,0.145264,0.134277,0.130615,0.13916,0.137939,0.172119,0.113525,0.146484,0.12085
2016-11-29T22:10:00Z,243.28125,249.25781,251.01563,252.77344,253.125,251.71875,254.88281,254.17969,255.23438,252.42188,253.125,258.39844,6.09375,4.45313,4.74609,4.6875,4.74609,4.92188,4.98047,5.09766,4.86328,5.03906,4.92188,5.09766,5.03906,0.177002,0.164795,0.133057,0.118408,0.131836,0.126953,0.135498,0.118408,0.145264,0.108643,0.102539
2016-11-29T22:20:00Z,248.90625,248.20313,251.71875,250.3125,248.20313,252.07031,250.66406,252.07031,254.53125,254.17969,260.15625,255.9375,6.44531,4.21875,4.80469,4.6875,4.74609,4.86328,4.6875,4.80469,4.80469,5.03906,4.92188,4.80469,4.92188,0.152588,0.196533,0.152588,0.168457,0.159912,0.142822,0.130615,0.155029,0.152588,0.161133,0.129395
2016-11-29T22:30:00Z,237.30469,238.35938,238.00781,238.00781,238.71094,236.95313,236.95313,240.82031,239.41406,241.875,241.875,239.0625,6.32813,4.27734,5.27344,5.27344,5.44922,5.27344,5.27344,5.44922,5.50781,5.39063,5.44922,5.33203,5.33203,0.164795,0.164795,0.12085,0.158691,0.147705,0.157471,0.141602,0.168457,0.130615,0.157471,0.151367
2016-11-29T22:40:00Z,232.38281,240.82031,241.17188,241.17188,242.22656,240.46875,241.875,241.875,240.46875,241.875,243.63281,244.33594,7.14844,4.92188,5.44922,5.56641,5.625,5.39063,5.56641,5.39063,5.68359,5.50781,5.56641,5.56641,5.50781,0.145264,0.107422,0.163574,0.109863,0.153809,0.150146,0.152588,0.148926,0.151367,0.12207,0.126953
2016-11-29T22:50:00Z,234.84375,236.25,238.00781,240.82031,236.25,241.17188,239.41406,239.0625,242.22656,241.875,244.33594,245.03906,6.5625,5.03906,5.27344,5.39063,5.33203,5.50781,5.68359,5.625,5.56641,5.80078,5.91797,5.91797,5.85938,0.147705,0.13916,0.185547,0.140381,0.129395,0.123291,0.209961,0.162354,0.137939,0.125732,0.167236
2016-11-29T23:00:00Z,236.95313,249.96094,246.44531,245.39063,246.44531,247.85156,248.90625,249.25781,251.01563,249.60938,249.25781,251.01563,6.03516,4.86328,5.27344,5.33203,5.50781,5.44922,5.68359,5.625,5.50781,5.39063,5.625,5.50781,5.50781,0.113525,0.140381,0.115967,0.125732,0.186768,0.192871,0.164795,0.155029,0.153809,0.129395,0.137939
2016-11-29T23:10:00Z,243.28125,247.85156,250.3125,249.60938,249.25781,249.96094,247.5,249.25781,249.60938,248.90625,251.01563,251.71875,6.5625,4.86328,5.50781,5.50781,5.44922,5.68359,5.625,5.85938,5.625,5.625,5.625,5.74219,5.85938,0.153809,0.159912,0.202637,0.167236,0.17334,0.123291,0.158691,0.169678,0.17334,0.134277,0.12207
2016-11-29T23:20:00Z,238.71094,230.27344,234.49219,235.19531,236.25,229.92188,233.4375,235.89844,236.25,236.95313,235.89844,236.95313,6.73828,4.98047,6.26953,6.26953,6.21094,6.09375,6.26953,6.44531,6.5625,6.44531,6.21094,6.44531,6.21094,0.130615,0.12085,0.144043,0.146484,0.202637,0.150146,0.159912,0.134277,0.112305,0.135498,0.17334
2016-11-29T23:30:00Z,227.46094,241.875,243.63281,244.6875,245.03906,243.98438,242.57813,245.03906,246.09375,247.5,246.09375,249.60938,7.79297,5.80078,5.91797,5.91797,5.68359,5.91797,5.85938,6.15234,5.97656,6.38672,6.03516,6.21094,5.85938,0.131836,0.144043,0.13916,0.179443,0.202637,0.168457,0.197754,0.155029,0.203857,0.192871,0.200195
2016-11-29T23:40:00Z,243.63281,255.58594,255.9375,258.04688,253.82813,257.34375,253.125,256.28906,258.75,261.91406,257.34375,259.10156,7.08984,5.09766,5.68359,5.56641,5.56641,5.74219,5.44922,5.74219,5.91797,5.85938,5.625,5.56641,5.68359,0.113525,0.146484,0.126953,0.136719,0.15625,0.113525,0.140381,0.136719,0.15625,0.151367,0.172119
2016-11-29T23:50:00Z,252.07031,261.91406,260.15625,260.50781,261.91406,259.10156,262.61719,262.61719,264.02344,267.1875,267.53906,270.0,6.5625,4.92188,5.44922,5.50781,5.44922,5.56641,5.56641,5.68359,5.625,5.74219,5.80078,5.85938,5.74219,0.117188,0.12207,0.152588,0.096436,0.101318,0.166016,0.137939,0.124512,0.100098,0.096436,0.142822