LOCATION: 
SYSTEM SERIAL: HKZA
TIMESTAMP (ISO-8601) UTC,WindDir004m deg,WindDir030m deg,WindDir040m deg,WindDir040m_ref deg,WindDir060m deg,WindDir080m deg,WindDir100m deg,WindDir120m deg,WindDir140m deg,WindDir160m deg,WindDir180m deg,WindDir200m deg,WindGust004m m/s,WindSpeed004m m/s,WindSpeed030mh m/s,WindSpeed040mh m/s,WindSpeed040m_refh m/s,WindSpeed060mh m/s,WindSpeed080mh m/s,WindSpeed100mh m/s,WindSpeed120mh m/s,WindSpeed140mh m/s,WindSpeed160mh m/s,WindSpeed180mh m/s,WindSpeed200mh m/s,TI 030m,TI 040m,TI 040m ref,TI 060m,TI 080m,TI 100m,TI 120m,TI 140m,TI 160m,TI 180m,TI 200m
2016-08-27T00:00:00Z,44.29688,44.64844,47.46094,46.75781,49.21875,47.8125,47.8125,47.10938,47.46094,46.40625,47.10938,47.10938,6.26953,4.98047,5.85938,6.03516,5.97656,5.91797,5.97656,5.91797,6.21094,5.91797,6.15234,6.09375,6.03516,0.150146,0.109863,0.131836,0.117188,0.131836,0.124512,0.100098,0.091553,0.091553,0.12085,0.117188
2016-08-27T00:10:00Z,43.94531,52.38281,50.27344,50.27344,47.10938,49.57031,49.21875,47.8125,48.86719,47.10938,48.51563,48.86719,6.62109,5.44922,6.38672,6.44531,6.62109,6.32813,6.21094,6.32813,6.50391,6.5625,6.5625,6.73828,6.91406,0.126953,0.13916,0.12085,0.136719,0.140381,0.118408,0.108643,0.117188,0.108643,0.10376,0.145264
2016-08-27T00:20:00Z,42.89063,47.8125,49.21875,49.57031,49.92188,48.16406,48.16406,48.86719,49.92188,50.97656,49.92188,49.92188,6.79688,5.74219,6.50391,6.73828,6.62109,6.62109,6.67969,6.50391,6.67969,6.62109,6.5625,6.73828,6.67969,0.101318,0.155029,0.169678,0.10498,0.136719,0.161133,0.126953,0.12085,0.109863,0.124512,0.10376
2016-08-27T00:30:00Z,43.59375,50.97656,50.625,50.27344,49.21875,50.625,50.97656,53.78906,49.92188,52.03125,51.32813,51.32813,6.50391,5.15625,5.85938,6.21094,6.21094,6.44531,6.5625,6.44531,6.32813,6.32813,6.62109,6.50391,6.44531,0.130615,0.126953,0.129395,0.12085,0.137939,0.112305,0.130615,0.12085,0.114746,0.124512,0.158691
2016-08-27T00:40:00Z,47.8125,56.95313,55.54688,56.95313,57.30469,54.49219,56.25,56.25,54.84375,58.00781,54.14063,56.25,6.67969,5.625,6.62109,6.5625,6.73828,6.73828,6.79688,6.91406,6.85547,6.79688,6.73828,6.79688,6.73828,0.141602,0.144043,0.118408,0.134277,0.097656,0.130615,0.113525,0.124512,0.135498,0.183105,0.174561
2016-08-27T00:50:00Z,51.32813,56.25,56.60156,56.95313,57.30469,55.54688,54.84375,55.54688,55.54688,56.95313,57.30469,54.49219,7.32422,5.91797,6.85547,6.91406,6.97266,6.79688,6.67969,6.91406,6.91406,7.03125,6.91406,6.85547,7.03125,0.111084,0.128174,0.109863,0.128174,0.130615,0.145264,0.102539,0.112305,0.111084,0.137939,0.130615
2016-08-27T01:00:00Z,52.03125,54.84375,53.4375,54.84375,53.78906,55.19531,55.54688,55.19531,54.84375,57.30469,57.30469,58.71094,7.26563,5.91797,6.67969,6.91406,6.91406,7.03125,7.08984,6.91406,7.03125,7.14844,7.32422,7.32422,7.32422,0.128174,0.152588,0.134277,0.124512,0.134277,0.126953,0.10498,0.095215,0.111084,0.111084,0.102539
2016-08-27T01:10:00Z,47.10938,52.03125,52.03125,51.32813,50.97656,50.625,50.97656,50.625,52.73438,53.4375,53.08594,52.03125,7.5,6.09375,6.91406,6.97266,6.97266,7.08984,7.03125,7.14844,7.03125,7.20703,6.79688,7.20703,7.26563,0.129395,0.118408,0.153809,0.114746,0.111084,0.134277,0.133057,0.12207,0.119629,0.131836,0.159912
2016-08-27T01:20:00Z,45.35156,48.51563,49.57031,50.27344,50.27344,49.92188,52.38281,49.57031,50.625,51.32813,51.32813,50.97656,7.32422,5.91797,6.97266,6.85547,6.91406,7.08984,6.97266,7.08984,6.97266,7.38281,6.97266,7.08984,7.03125,0.183105,0.133057,0.142822,0.124512,0.135498,0.144043,0.150146,0.145264,0.141602,0.152588,0.209961
2016-08-27T01:30:00Z,46.40625,53.08594,50.625,53.08594,53.78906,52.73438,52.73438,52.03125,53.4375,53.08594,53.78906,54.49219,7.26563,5.97656,6.5625,6.67969,6.62109,6.91406,6.67969,6.73828,6.85547,7.08984,7.08984,7.32422,7.20703,0.155029,0.136719,0.153809,0.119629,0.133057,0.137939,0.13916,0.133057,0.150146,0.118408,0.114746
2016-08-27T01:40:00Z,48.51563,49.21875,50.27344,49.21875,53.08594,51.67969,50.625,51.32813,54.84375,57.65625,58.35938,58.00781,7.20703,5.91797,6.62109,6.67969,6.32813,6.85547,6.38672,6.50391,6.85547,7.26563,7.20703,6.85547,7.08984,0.10498,0.141602,0.128174,0.101318,0.136719,0.133057,0.151367,0.140381,0.111084,0.114746,0.128174
2016-08-27T01:50:00Z,49.57031,53.08594,53.78906,53.08594,53.78906,54.49219,55.89844,55.89844,60.11719,57.30469,60.82031,56.95313,7.5,5.85938,7.03125,7.20703,6.67969,6.79688,6.91406,6.85547,7.26563,7.14844,7.44141,7.61719,7.32422,0.159912,0.12207,0.183105,0.150146,0.140381,0.166016,0.177002,0.152588,0.130615,0.159912,0.13916
2016-08-27T02:00:00Z,53.78906,59.0625,57.65625,56.60156,57.30469,54.14063,54.49219,57.65625,60.82031,60.82031,60.82031,58.35938,7.73438,6.32813,7.32422,7.14844,7.38281,6.91406,7.32422,7.61719,7.67578,7.55859,7.61719,7.85156,8.4375,0.170898,0.148926,0.20752,0.161133,0.134277,0.128174,0.115967,0.197754,0.130615,0.126953,0.140381
2016-08-27T02:10:00Z,52.38281,60.11719,58.00781,59.41406,56.25,56.25,58.35938,60.46875,58.71094,61.52344,63.28125,62.22656,7.96875,6.44531,6.91406,7.08984,7.44141,7.14844,7.55859,7.67578,7.38281,7.44141,7.67578,7.61719,7.61719,0.13916,0.159912,0.183105,0.15625,0.097656,0.133057,0.096436,0.10498,0.115967,0.12207,0.107422
2016-08-27T02:20:00Z,57.65625,65.03906,66.44531,66.44531,66.09375,64.6875,66.44531,65.74219,63.63281,62.57813,62.92969,66.44531,8.02734,6.5625,7.32422,7.85156,7.96875,7.91016,8.26172,7.96875,7.61719,7.85156,8.02734,7.91016,8.26172,0.152588,0.12207,0.15625,0.119629,0.126953,0.133057,0.107422,0.145264,0.145264,0.100098,0.12207
2016-08-27T02:30:00Z,58.00781,61.52344,61.875,63.63281,60.46875,62.57813,65.39063,67.5,69.25781,68.20313,69.96094,68.90625,8.08594,6.85547,7.91016,7.85156,7.79297,7.85156,8.08594,8.02734,7.91016,7.91016,8.02734,8.37891,8.26172,0.166016,0.141602,0.141602,0.129395,0.10376,0.124512,0.141602,0.151367,0.118408,0.129395,0.112305
2016-08-27T02:40:00Z,57.30469,59.76563,61.17188,61.52344,62.22656,63.98438,65.39063,64.6875,66.44531,68.20313,68.20313,67.14844,8.67188,6.97266,8.02734,8.32031,8.26172,8.32031,8.4375,8.02734,8.20313,8.14453,8.37891,8.20313,8.20313,0.148926,0.142822,0.131836,0.113525,0.12085,0.126953,0.098877,0.144043,0.124512,0.085449,0.136719
2016-08-27T02:50:00Z,59.41406,61.875,62.92969,63.28125,65.03906,67.85156,68.20313,67.14844,67.85156,67.5,69.25781,70.3125,8.4375,7.38281,8.20313,8.4375,8.37891,8.49609,8.37891,8.14453,8.4375,8.49609,8.49609,8.73047,8.49609,0.10498,0.108643,0.114746,0.135498,0.155029,0.114746,0.098877,0.084229,0.085449,0.102539,0.089111
2016-08-27T03:00:00Z,60.11719,66.44531,67.5,67.14844,66.79688,65.39063,64.33594,66.09375,65.39063,65.74219,67.5,67.5,8.61328,7.32422,8.26172,8.55469,8.55469,8.4375,8.73047,8.67188,8.73047,8.32031,8.90625,8.55469,8.84766,0.135498,0.124512,0.130615,0.150146,0.123291,0.10376,0.118408,0.113525,0.101318,0.119629,0.124512
2016-08-27T03:10:00Z,56.95313,62.22656,61.52344,62.22656,62.57813,63.28125,62.22656,64.33594,61.875,65.74219,66.09375,67.5,8.55469,7.26563,8.08594,8.49609,8.37891,8.55469,8.49609,8.26172,8.20313,8.37891,8.55469,8.37891,8.37891,0.126953,0.10498,0.109863,0.111084,0.119629,0.102539,0.106201,0.102539,0.131836,0.114746,0.090332
2016-08-27T03:20:00Z,58.35938,65.03906,63.63281,62.92969,63.63281,62.22656,62.57813,62.22656,64.6875,63.28125,63.28125,63.28125,8.49609,7.08984,8.02734,8.20313,8.08594,8.14453,8.20313,8.4375,8.37891,8.32031,7.96875,8.32031,8.37891,0.123291,0.112305,0.141602,0.128174,0.117188,0.115967,0.135498,0.108643,0.10376,0.12207,0.109863
2016-08-27T03:30:00Z,60.11719,64.33594,62.22656,63.63281,62.92969,64.33594,65.03906,65.74219,61.875,63.63281,67.14844,67.5,8.49609,7.20703,8.08594,7.96875,8.20313,8.20313,8.26172,8.26172,8.20313,8.37891,8.37891,8.55469,8.4375,0.112305,0.117188,0.114746,0.098877,0.119629,0.131836,0.145264,0.10376,0.101318,0.087891,0.10498
2016-08-27T03:40:00Z,57.30469,62.22656,63.28125,62.22656,63.63281,63.28125,60.82031,61.17188,62.57813,63.98438,64.33594,65.03906,8.26172,7.20703,8.26172,8.20313,8.20313,8.14453,8.08594,8.08594,8.32031,8.37891,8.20313,8.08594,8.08594,0.125732,0.112305,0.12085,0.107422,0.108643,0.10376,0.113525,0.137939,0.107422,0.147705,0.074463
2016-08-27T03:50:00Z,58.00781,66.44531,65.74219,66.09375,66.79688,64.33594,66.44531,67.14844,66.44531,67.14844,68.20313,67.85156,8.61328,7.26563,8.08594,7.91016,8.02734,8.4375,7.96875,8.49609,8.08594,8.26172,8.26172,8.61328,8.61328,0.12207,0.12207,0.111084,0.096436,0.135498,0.084229,0.10498,0.124512,0.114746,0.126953,0.102539
2016-08-27T04:00:00Z,61.17188,64.6875,66.79688,66.09375,71.36719,68.20313,67.14844,67.85156,71.36719,71.36719,71.01563,72.42188,8.4375,7.14844,8.08594,8.20313,8.02734,8.08594,8.02734,8.37891,8.90625,9.02344,9.14063,9.19922,9.25781,0.076904,0.125732,0.136719,0.123291,0.136719,0.125732,0.098877,0.102539,0.117188,0.134277,0.12085
2016-08-27T04:10:00Z,64.6875,70.66406,68.20313,68.90625,72.07031,69.25781,71.01563,71.71875,73.47656,71.36719,73.47656,73.82813,8.37891,7.14844,7.96875,8.20313,8.20313,8.32031,8.14453,8.37891,8.55469,8.73047,8.96484,9.19922,9.375,0.079346,0.125732,0.101318,0.12207,0.113525,0.131836,0.114746,0.108643,0.079346,0.087891,0.091553
2016-08-27T04:20:00Z,63.98438,71.71875,71.01563,72.42188,71.36719,71.01563,71.36719,74.17969,73.47656,73.82813,73.47656,74.17969,8.84766,7.32422,8.37891,8.37891,8.49609,8.4375,8.32031,8.90625,9.02344,8.78906,8.67188,9.14063,9.66797,0.084229,0.097656,0.10498,0.079346,0.111084,0.093994,0.129395,0.115967,0.129395,0.114746,0.112305
2016-08-27T04:30:00Z,64.33594,68.20313,69.25781,68.55469,71.71875,71.01563,71.71875,72.42188,72.42188,74.88281,78.04688,76.99219,8.96484,7.55859,8.61328,8.61328,8.61328,8.4375,8.37891,8.4375,8.73047,8.84766,9.19922,8.84766,9.19922,0.118408,0.12085,0.10498,0.152588,0.10376,0.12085,0.123291,0.128174,0.108643,0.117188,0.080566
2016-08-27T04:40:00Z,62.92969,69.25781,70.66406,70.3125,71.36719,73.125,72.07031,73.125,72.07031,73.125,74.53125,76.64063,8.84766,7.55859,8.4375,8.49609,8.61328,8.73047,8.55469,8.4375,8.73047,8.67188,9.02344,9.14063,9.49219,0.111084,0.084229,0.12085,0.102539,0.098877,0.145264,0.111084,0.081787,0.108643,0.093994,0.089111
2016-08-27T04:50:00Z,67.5,75.58594,77.69531,76.99219,74.53125,76.99219,75.23438,76.99219,76.28906,79.45313,78.04688,79.10156,9.14063,7.5,8.78906,8.78906,8.90625,8.84766,8.90625,8.96484,9.19922,9.55078,9.43359,9.60938,9.90234,0.097656,0.123291,0.076904,0.131836,0.095215,0.080566,0.102539,0.107422,0.083008,0.102539,0.063477
2016-08-27T05:00:00Z,71.71875,79.80469,81.91406,78.75,84.375,82.96875,81.21094,82.26563,82.61719,85.07813,83.67188,81.91406,9.19922,7.79297,8.90625,8.84766,9.08203,8.67188,8.96484,8.84766,9.375,9.43359,9.375,9.14063,9.31641,0.101318,0.109863,0.119629,0.12085,0.076904,0.098877,0.10376,0.087891,0.081787,0.108643,0.090332
2016-08-27T05:10:00Z,75.58594,85.78125,83.32031,84.72656,84.02344,83.32031,82.26563,83.32031,86.13281,84.72656,86.13281,85.07813,9.08203,7.61719,8.61328,8.84766,9.14063,8.73047,8.90625,8.90625,9.08203,9.14063,9.02344,9.25781,9.55078,0.12207,0.109863,0.095215,0.12085,0.109863,0.131836,0.085449,0.092773,0.091553,0.101318,0.111084
2016-08-27T05:20:00Z,76.64063,83.67188,83.67188,84.375,84.02344,85.07813,86.48438,87.89063,86.83594,87.89063,87.89063,86.48438,8.84766,7.38281,8.02734,8.20313,8.37891,8.4375,8.61328,8.61328,8.78906,8.84766,8.61328,8.90625,8.96484,0.133057,0.126953,0.115967,0.097656,0.108643,0.111084,0.115967,0.117188,0.106201,0.093994,0.065918
2016-08-27T05:30:00Z,77.69531,84.375,84.72656,85.42969,83.67188,84.375,85.07813,85.42969,86.48438,86.83594,85.78125,86.13281,8.55469,7.14844,8.02734,8.14453,8.20313,7.85156,8.20313,8.26172,8.4375,8.37891,8.20313,8.37891,8.4375,0.114746,0.092773,0.117188,0.115967,0.087891,0.106201,0.108643,0.084229,0.102539,0.111084,0.113525
2016-08-27T05:40:00Z,77.69531,86.48438,85.42969,86.83594,85.07813,85.78125,86.13281,84.72656,84.02344,85.07813,84.375,85.42969,8.26172,6.79688,7.96875,8.02734,8.26172,8.08594,8.37891,8.32031,8.32031,8.32031,8.32031,8.73047,8.49609,0.095215,0.10376,0.147705,0.10498,0.108643,0.114746,0.130615,0.107422,0.072021,0.095215,0.084229
2016-08-27T05:50:00Z,78.04688,86.83594,84.72656,82.96875,84.375,85.78125,84.72656,85.78125,86.48438,86.48438,88.59375,87.89063,8.67188,7.14844,8.4375,8.55469,8.55469,8.61328,8.4375,8.14453,8.4375,8.73047,8.4375,8.49609,8.4375,0.133057,0.107422,0.118408,0.10498,0.118408,0.159912,0.092773,0.111084,0.106201,0.129395,0.126953
2016-08-27T06:00:00Z,79.10156,85.42969,85.78125,87.53906,85.78125,84.72656,82.96875,83.32031,84.02344,82.61719,84.72656,84.02344,8.67188,7.14844,7.61719,7.96875,7.55859,7.96875,7.91016,7.91016,8.02734,8.20313,8.14453,8.73047,8.61328,0.098877,0.097656,0.114746,0.135498,0.084229,0.109863,0.108643,0.108643,0.091553,0.115967,0.109863
2016-08-27T06:10:00Z,77.34375,84.02344,86.13281,84.375,87.89063,89.64844,87.1875,82.96875,84.72656,84.72656,79.80469,81.5625,8.02734,6.67969,7.55859,7.85156,7.32422,7.73438,7.5,7.55859,7.67578,7.79297,7.85156,7.96875,7.85156,0.141602,0.112305,0.159912,0.135498,0.123291,0.130615,0.13916,0.124512,0.133057,0.158691,0.093994
2016-08-27T06:20:00Z,82.96875,87.53906,86.13281,88.59375,87.1875,87.53906,87.53906,88.94531,88.59375,88.24219,87.89063,90.0,8.14453,6.73828,7.79297,7.55859,7.5,7.73438,7.73438,7.67578,7.91016,7.73438,7.55859,7.79297,8.26172,0.111084,0.12085,0.175781,0.124512,0.119629,0.124512,0.111084,0.109863,0.133057,0.125732,0.089111
2016-08-27T06:30:00Z,80.15625,86.83594,85.78125,86.48438,83.32031,86.13281,87.53906,89.64844,87.1875,88.59375,87.53906,84.375,8.84766,7.32422,8.37891,8.37891,8.73047,8.61328,8.96484,9.08203,9.08203,8.90625,9.02344,9.08203,9.375,0.126953,0.106201,0.148926,0.119629,0.134277,0.140381,0.140381,0.136719,0.092773,0.134277,0.078125
2016-08-27T06:40:00Z,79.80469,87.89063,87.1875,87.53906,87.53906,87.89063,86.48438,87.89063,90.70313,90.70313,89.29688,87.89063,9.55078,7.73438,8.84766,8.90625,9.02344,8.61328,8.96484,8.73047,9.02344,9.08203,8.90625,8.73047,9.19922,0.118408,0.130615,0.10376,0.148926,0.115967,0.109863,0.111084,0.136719,0.135498,0.124512,0.114746
2016-08-27T06:50:00Z,80.15625,89.29688,86.48438,89.64844,85.42969,85.07813,84.72656,85.07813,86.83594,88.24219,86.13281,87.89063,8.55469,7.08984,8.20313,7.96875,8.14453,8.26172,8.49609,8.32031,8.4375,8.4375,8.37891,8.55469,8.26172,0.111084,0.146484,0.147705,0.13916,0.134277,0.124512,0.131836,0.159912,0.137939,0.184326,0.112305
2016-08-27T07:00:00Z,77.34375,83.67188,80.85938,85.78125,81.5625,81.91406,83.67188,84.375,83.67188,87.53906,88.24219,90.35156,8.84766,7.32422,8.32031,8.32031,8.14453,8.84766,8.55469,8.67188,8.67188,8.84766,9.31641,9.49219,9.375,0.129395,0.119629,0.151367,0.129395,0.141602,0.115967,0.107422,0.119629,0.134277,0.118408,0.124512
2016-08-27T07:10:00Z,74.88281,80.15625,84.02344,84.375,84.02344,81.91406,81.21094,84.72656,84.02344,84.72656,82.96875,86.48438,8.67188,7.03125,8.02734,8.02734,8.02734,8.02734,8.08594,8.08594,8.55469,8.49609,8.84766,8.96484,9.31641,0.141602,0.124512,0.147705,0.170898,0.15625,0.17334,0.159912,0.157471,0.159912,0.113525,0.111084
2016-08-27T07:20:00Z,72.07031,80.15625,78.39844,79.80469,79.45313,80.50781,81.21094,79.80469,77.34375,79.45313,79.45313,80.50781,8.4375,6.85547,7.79297,7.91016,7.96875,8.08594,7.96875,7.85156,7.73438,8.26172,8.32031,8.73047,8.78906,0.113525,0.142822,0.112305,0.137939,0.135498,0.135498,0.130615,0.109863,0.10376,0.097656,0.092773
2016-08-27T07:30:00Z,72.42188,78.39844,78.04688,76.99219,78.04688,80.85938,79.80469,82.61719,80.15625,75.9375,78.39844,77.34375,7.91016,6.50391,7.61719,7.67578,7.61719,7.73438,7.85156,7.73438,7.73438,7.44141,7.96875,8.20313,8.73047,0.150146,0.119629,0.159912,0.161133,0.124512,0.12207,0.153809,0.195313,0.157471,0.145264,0.158691
2016-08-27T07:40:00Z,66.79688,74.88281,75.23438,74.88281,78.04688,74.53125,73.125,76.64063,78.75,80.50781,79.80469,79.10156,7.91016,6.26953,7.26563,7.5,7.08984,7.03125,6.91406,7.38281,7.55859,7.5,7.67578,8.14453,7.91016,0.161133,0.172119,0.128174,0.158691,0.162354,0.126953,0.161133,0.140381,0.175781,0.229492,0.167236
2016-08-27T07:50:00Z,71.01563,79.10156,80.15625,79.10156,81.21094,80.85938,80.50781,79.80469,80.85938,81.91406,79.10156,82.96875,8.26172,6.62109,7.91016,8.14453,7.96875,8.37891,8.32031,7.91016,8.02734,8.78906,8.4375,8.49609,8.55469,0.123291,0.128174,0.159912,0.146484,0.174561,0.133057,0.166016,0.12207,0.130615,0.150146,0.097656
2016-08-27T08:00:00Z,73.47656,84.375,80.15625,81.91406,80.50781,80.15625,82.96875,84.375,81.91406,82.61719,80.85938,81.5625,8.26172,6.91406,8.08594,8.14453,8.55469,8.37891,8.49609,8.14453,8.37891,8.26172,8.73047,8.55469,9.08203,0.150146,0.133057,0.102539,0.137939,0.178223,0.136719,0.158691,0.136719,0.109863,0.111084,0.136719
2016-08-27T08:10:00Z,67.85156,77.69531,76.28906,77.34375,76.99219,78.39844,78.04688,81.91406,80.15625,80.15625,79.80469,81.91406,8.96484,7.14844,8.67188,8.84766,8.67188,8.96484,9.08203,9.02344,8.96484,8.55469,8.49609,8.84766,8.55469,0.109863,0.125732,0.117188,0.130615,0.113525,0.087891,0.153809,0.153809,0.150146,0.111084,0.140381
2016-08-27T08:20:00Z,66.44531,73.82813,75.23438,74.88281,76.64063,75.58594,75.9375,74.88281,78.04688,79.45313,76.99219,79.45313,8.14453,6.97266,8.61328,8.67188,8.90625,8.61328,8.61328,8.78906,8.90625,8.84766,8.96484,9.02344,9.25781,0.125732,0.12207,0.119629,0.13916,0.109863,0.124512,0.125732,0.137939,0.147705,0.124512,0.095215
2016-08-27T08:30:00Z,65.74219,73.125,75.58594,75.23438,75.58594,77.34375,77.34375,77.69531,79.45313,82.26563,82.96875,82.61719,8.84766,7.14844,8.61328,8.96484,8.73047,8.96484,8.90625,9.02344,9.31641,9.55078,9.78516,9.66797,9.66797,0.126953,0.10376,0.107422,0.107422,0.113525,0.095215,0.129395,0.095215,0.095215,0.08667,0.093994
2016-08-27T08:40:00Z,70.66406,73.47656,75.23438,74.88281,75.9375,77.69531,82.26563,85.78125,87.89063,89.64844,88.59375,87.1875,8.37891,6.85547,8.4375,8.67188,8.78906,9.08203,9.19922,9.72656,9.60938,9.66797,9.55078,9.90234,9.96094,0.124512,0.152588,0.12207,0.117188,0.109863,0.12085,0.118408,0.12085,0.068359,0.090332,0.091553
2016-08-27T08:50:00Z,71.36719,78.75,78.75,76.99219,81.5625,81.21094,79.10156,79.80469,81.5625,79.80469,80.50781,78.39844,8.78906,6.97266,8.61328,8.78906,8.73047,9.25781,9.02344,9.19922,9.43359,9.72656,9.72656,9.72656,9.90234,0.117188,0.123291,0.117188,0.118408,0.118408,0.10376,0.095215,0.111084,0.087891,0.093994,0.087891
2016-08-27T09:00:00Z,67.5,74.88281,76.64063,78.04688,76.64063,77.34375,74.17969,76.64063,77.69531,79.10156,82.26563,81.21094,9.19922,7.26563,8.90625,9.25781,8.96484,9.08203,9.14063,9.31641,9.60938,10.01953,9.84375,9.90234,10.13672,0.12207,0.130615,0.098877,0.089111,0.08667,0.131836,0.108643,0.115967,0.12207,0.092773,0.124512
2016-08-27T09:10:00Z,67.85156,78.04688,81.91406,77.69531,78.39844,78.39844,75.9375,75.9375,73.47656,74.53125,79.10156,79.80469,8.49609,6.97266,8.14453,8.26172,8.32031,8.55469,9.02344,9.25781,9.25781,9.72656,9.96094,10.19531,10.3125,0.119629,0.102539,0.112305,0.100098,0.101318,0.107422,0.119629,0.085449,0.102539,0.100098,0.101318
2016-08-27T09:20:00Z,66.79688,73.47656,74.17969,73.125,75.9375,75.58594,73.47656,76.99219,75.58594,79.10156,78.75,81.5625,8.49609,7.03125,8.67188,8.96484,8.73047,9.19922,9.375,9.66797,9.78516,9.84375,10.07813,10.42969,10.66406,0.128174,0.10376,0.126953,0.131836,0.126953,0.091553,0.12207,0.142822,0.134277,0.108643,0.108643
2016-08-27T09:30:00Z,67.14844,73.125,72.42188,75.23438,72.42188,75.23438,76.64063,76.99219,77.69531,80.15625,79.45313,80.50781,8.73047,7.26563,8.78906,8.96484,8.84766,9.25781,9.66797,10.01953,10.3125,10.42969,10.37109,10.37109,10.66406,0.124512,0.107422,0.115967,0.124512,0.12085,0.091553,0.10376,0.096436,0.10376,0.090332,0.108643
2016-08-27T09:40:00Z,66.09375,71.71875,69.25781,73.125,71.36719,72.07031,75.9375,77.69531,79.10156,78.39844,79.45313,80.15625,9.375,7.14844,8.49609,8.90625,8.78906,9.72656,10.07813,10.3125,10.37109,10.48828,10.78125,11.01563,11.19141,0.102539,0.136719,0.118408,0.107422,0.098877,0.091553,0.098877,0.10376,0.091553,0.100098,0.109863
2016-08-27T09:50:00Z,65.39063,73.47656,76.28906,75.23438,75.23438,73.47656,74.53125,73.82813,74.17969,75.58594,77.69531,78.75,8.61328,7.03125,8.78906,9.14063,9.08203,9.60938,10.19531,10.37109,10.66406,10.95703,11.25,11.42578,11.36719,0.091553,0.093994,0.106201,0.095215,0.093994,0.111084,0.107422,0.084229,0.092773,0.092773,0.063477
2016-08-27T10:00:00Z,65.39063,72.42188,74.53125,73.125,72.77344,78.75,78.04688,78.04688,75.58594,72.07031,73.47656,75.58594,9.19922,7.14844,8.84766,9.49219,9.43359,10.42969,10.95703,10.95703,10.95703,11.19141,11.25,11.66016,11.60156,0.107422,0.107422,0.118408,0.084229,0.111084,0.12207,0.119629,0.12207,0.114746,0.084229,0.108643
2016-08-27T10:10:00Z,64.6875,72.07031,73.82813,73.47656,74.17969,71.71875,72.77344,75.23438,74.88281,77.69531,75.58594,77.34375,8.90625,7.26563,8.90625,9.14063,9.14063,9.60938,10.19531,10.72266,11.13281,11.30859,11.30859,11.36719,11.19141,0.10498,0.100098,0.098877,0.107422,0.093994,0.095215,0.081787,0.092773,0.101318,0.108643,0.108643
2016-08-27T10:20:00Z,62.57813,68.90625,69.96094,70.66406,71.36719,71.36719,73.82813,73.82813,77.34375,80.85938,78.39844,76.64063,8.37891,6.79688,8.61328,8.78906,8.96484,9.60938,10.01953,10.54688,10.78125,11.19141,11.30859,11.42578,11.48438,0.118408,0.119629,0.114746,0.096436,0.090332,0.074463,0.084229,0.123291,0.107422,0.100098,0.106201
2016-08-27T10:30:00Z,64.6875,70.66406,68.90625,70.3125,71.71875,74.88281,74.17969,73.125,76.64063,74.17969,78.04688,72.42188,8.73047,7.26563,9.375,9.90234,9.90234,10.60547,11.01563,10.89844,11.07422,11.48438,11.89453,11.77734,11.66016,0.102539,0.109863,0.095215,0.098877,0.090332,0.114746,0.087891,0.096436,0.10376,0.095215,0.112305
2016-08-27T10:40:00Z,63.28125,70.66406,72.07031,71.36719,73.125,72.07031,74.53125,73.82813,74.88281,73.82813,74.53125,77.34375,9.14063,7.03125,9.25781,9.72656,9.49219,10.25391,10.3125,10.83984,11.13281,11.60156,11.95313,11.77734,11.77734,0.109863,0.081787,0.083008,0.101318,0.109863,0.078125,0.097656,0.083008,0.090332,0.083008,0.115967
2016-08-27T10:50:00Z,61.17188,69.60938,67.85156,67.85156,67.5,69.96094,72.07031,72.77344,75.9375,73.47656,72.77344,74.17969,8.61328,6.97266,8.4375,9.25781,9.25781,9.55078,10.3125,10.95703,11.54297,11.89453,11.77734,12.48047,12.12891,0.10498,0.095215,0.130615,0.092773,0.114746,0.101318,0.08667,0.081787,0.10376,0.111084,0.085449
2016-08-27T11:00:00Z,58.35938,62.57813,67.85156,68.20313,69.25781,71.36719,70.66406,69.96094,70.3125,72.42188,74.53125,73.125,8.20313,6.62109,8.4375,8.78906,8.84766,9.55078,10.13672,10.60547,11.13281,11.60156,12.01172,12.24609,11.95313,0.142822,0.101318,0.10376,0.079346,0.090332,0.106201,0.076904,0.08667,0.113525,0.095215,0.10498
2016-08-27T11:10:00Z,56.95313,60.46875,60.82031,61.875,63.98438,66.09375,70.66406,72.07031,73.47656,72.07031,73.82813,71.36719,8.14453,6.73828,9.14063,9.49219,9.43359,10.01953,10.72266,11.07422,11.13281,11.42578,11.60156,11.83594,11.83594,0.106201,0.112305,0.087891,0.119629,0.101318,0.083008,0.090332,0.087891,0.087891,0.078125,0.084229
2016-08-27T11:20:00Z,58.00781,65.03906,64.6875,66.09375,65.03906,66.79688,69.60938,69.25781,71.36719,74.17969,75.23438,75.58594,8.90625,7.38281,9.375,9.96094,9.78516,10.66406,11.36719,11.48438,11.48438,11.89453,12.24609,12.30469,12.36328,0.115967,0.108643,0.151367,0.106201,0.10376,0.095215,0.107422,0.107422,0.118408,0.119629,0.102539
2016-08-27T11:30:00Z,58.00781,62.22656,63.98438,67.85156,63.98438,66.09375,64.6875,68.20313,70.66406,74.17969,70.3125,73.47656,9.19922,7.55859,9.72656,10.01953,9.90234,10.89844,11.19141,11.71875,12.30469,12.36328,12.77344,12.65625,12.59766,0.12085,0.10376,0.092773,0.123291,0.109863,0.101318,0.084229,0.113525,0.102539,0.075684,0.085449
2016-08-27T11:40:00Z,58.71094,63.98438,63.98438,69.25781,65.39063,67.5,69.60938,71.36719,71.36719,72.07031,71.01563,72.77344,9.60938,7.67578,9.66797,10.3125,10.37109,11.19141,12.12891,12.83203,12.77344,12.24609,12.24609,12.59766,12.53906,0.107422,0.125732,0.10376,0.100098,0.083008,0.100098,0.095215,0.101318,0.12207,0.140381,0.081787
2016-08-27T11:50:00Z,60.11719,62.57813,65.74219,62.92969,66.79688,69.25781,71.01563,73.47656,74.53125,73.82813,74.17969,72.42188,10.3125,8.20313,10.37109,10.89844,10.78125,11.54297,12.30469,12.83203,13.24219,13.125,13.06641,13.24219,12.71484,0.131836,0.166016,0.098877,0.133057,0.098877,0.100098,0.125732,0.109863,0.079346,0.102539,0.079346
2016-08-27T12:00:00Z,58.71094,65.03906,65.74219,65.74219,66.44531,66.79688,64.6875,68.55469,72.07031,72.42188,73.82813,73.82813,9.55078,7.85156,10.07813,10.60547,10.3125,11.13281,11.83594,12.48047,12.77344,12.89063,12.94922,12.77344,12.65625,0.102539,0.084229,0.131836,0.151367,0.108643,0.12207,0.102539,0.117188,0.130615,0.108643,0.108643
2016-08-27T12:10:00Z,57.30469,67.14844,66.09375,68.55469,68.20313,67.5,67.85156,67.14844,68.90625,66.44531,69.96094,73.125,9.66797,7.67578,9.96094,10.72266,10.42969,11.30859,12.24609,12.1875,12.59766,12.53906,12.59766,12.71484,12.94922,0.106201,0.118408,0.102539,0.089111,0.079346,0.098877,0.083008,0.136719,0.115967,0.102539,0.112305
2016-08-27T12:20:00Z,57.65625,63.98438,63.98438,64.6875,65.39063,67.85156,67.5,66.44531,68.20313,69.60938,74.17969,72.07031,9.02344,7.73438,10.13672,10.48828,10.54688,11.30859,12.1875,12.71484,13.24219,12.77344,13.30078,13.53516,13.125,0.128174,0.095215,0.109863,0.123291,0.087891,0.107422,0.085449,0.109863,0.133057,0.102539,0.101318
2016-08-27T12:30:00Z,58.00781,64.33594,67.5,63.98438,71.01563,72.07031,73.47656,72.42188,70.66406,70.3125,69.25781,68.90625,9.66797,7.91016,10.48828,11.13281,11.01563,11.60156,12.36328,12.77344,13.125,12.71484,13.125,13.35938,13.30078,0.130615,0.115967,0.126953,0.152588,0.087891,0.083008,0.10498,0.108643,0.096436,0.12085,0.097656
2016-08-27T12:40:00Z,57.65625,65.03906,66.79688,61.52344,68.20313,67.85156,67.5,70.3125,72.42188,72.07031,68.55469,65.74219,9.78516,8.20313,10.54688,11.07422,11.42578,11.77734,12.53906,13.125,13.65234,14.12109,13.35938,13.06641,13.00781,0.079346,0.107422,0.102539,0.140381,0.10498,0.10498,0.106201,0.106201,0.083008,0.089111,0.085449
2016-08-27T12:50:00Z,56.60156,66.44531,66.09375,63.63281,67.85156,68.20313,68.90625,66.79688,62.57813,66.79688,67.14844,68.90625,10.25391,8.32031,10.66406,11.42578,10.89844,12.53906,13.125,13.41797,13.76953,13.71094,13.88672,13.76953,13.76953,0.108643,0.10498,0.137939,0.092773,0.092773,0.096436,0.109863,0.10498,0.102539,0.123291,0.113525
2016-08-27T13:00:00Z,57.30469,66.44531,65.39063,63.98438,65.03906,64.6875,65.39063,67.85156,69.96094,71.36719,71.01563,69.96094,9.72656,8.02734,10.54688,11.13281,10.83984,11.89453,12.77344,13.71094,14.35547,14.00391,13.65234,13.41797,13.65234,0.117188,0.109863,0.10376,0.101318,0.10498,0.093994,0.115967,0.115967,0.10376,0.093994,0.12085
2016-08-27T13:10:00Z,57.30469,64.6875,65.74219,68.90625,66.79688,69.25781,65.39063,69.25781,69.96094,72.07031,74.17969,73.82813,10.19531,8.14453,10.78125,11.66016,11.25,12.59766,13.18359,13.41797,14.00391,14.00391,14.17969,13.82813,13.71094,0.102539,0.108643,0.131836,0.106201,0.107422,0.114746,0.109863,0.107422,0.106201,0.108643,0.093994
2016-08-27T13:20:00Z,58.35938,70.66406,69.25781,68.90625,69.60938,69.25781,67.85156,69.96094,69.96094,74.53125,73.47656,71.36719,10.19531,8.37891,10.83984,11.77734,11.19141,12.36328,13.06641,13.88672,13.94531,13.76953,14.12109,13.94531,13.82813,0.106201,0.102539,0.128174,0.092773,0.111084,0.113525,0.091553,0.125732,0.112305,0.115967,0.109863
2016-08-27T13:30:00Z,61.52344,69.25781,71.36719,69.25781,73.125,69.96094,71.71875,71.36719,73.125,75.23438,73.82813,71.01563,9.66797,8.14453,10.72266,11.42578,10.89844,12.1875,13.18359,13.47656,13.94531,14.23828,13.76953,13.41797,13.82813,0.12085,0.100098,0.076904,0.129395,0.098877,0.093994,0.112305,0.08667,0.097656,0.106201,0.096436
2016-08-27T13:40:00Z,58.71094,70.3125,71.36719,69.60938,71.36719,71.36719,71.71875,71.36719,72.42188,73.125,73.82813,74.17969,10.13672,8.14453,11.30859,11.71875,11.71875,12.24609,13.00781,13.06641,13.88672,13.94531,13.65234,13.53516,13.41797,0.112305,0.114746,0.130615,0.108643,0.10498,0.102539,0.113525,0.114746,0.109863,0.134277,0.125732
2016-08-27T13:50:00Z,59.41406,67.14844,68.55469,66.79688,68.55469,72.07031,73.47656,73.47656,72.07031,71.71875,73.125,72.42188,10.07813,8.26172,10.72266,11.60156,11.25,12.83203,13.41797,13.82813,13.53516,13.53516,14.00391,14.17969,14.00391,0.12207,0.129395,0.124512,0.095215,0.080566,0.107422,0.12207,0.107422,0.112305,0.136719,0.118408
2016-08-27T14:00:00Z,57.65625,66.44531,68.20313,65.03906,67.85156,69.96094,70.66406,72.77344,73.47656,72.42188,68.20313,71.71875,10.37109,8.20313,10.83984,11.07422,10.78125,12.42188,13.24219,14.23828,14.58984,14.23828,13.94531,14.00391,14.47266,0.136719,0.135498,0.150146,0.147705,0.115967,0.080566,0.109863,0.140381,0.133057,0.131836,0.136719
2016-08-27T14:10:00Z,56.60156,63.98438,64.33594,67.85156,66.44531,68.90625,69.60938,72.42188,72.07031,72.42188,71.01563,71.71875,10.07813,8.14453,10.3125,11.01563,10.83984,12.30469,13.30078,14.12109,14.23828,14.23828,13.76953,14.41406,14.58984,0.119629,0.144043,0.157471,0.134277,0.096436,0.117188,0.117188,0.108643,0.140381,0.151367,0.12085
2016-08-27T14:20:00Z,54.84375,66.09375,64.33594,64.33594,65.39063,67.14844,67.5,66.44531,68.20313,68.20313,69.96094,68.90625,9.84375,8.08594,11.07422,11.54297,11.54297,12.48047,13.125,14.17969,14.0625,14.47266,14.0625,14.70703,14.82422,0.096436,0.123291,0.109863,0.145264,0.140381,0.150146,0.166016,0.129395,0.151367,0.148926,0.147705
2016-08-27T14:30:00Z,55.89844,61.52344,63.28125,65.39063,62.92969,63.28125,66.79688,67.14844,68.90625,68.90625,70.66406,72.07031,10.48828,8.32031,10.37109,11.01563,10.42969,12.30469,13.30078,14.35547,14.64844,14.64844,14.94141,15.0,15.29297,0.162354,0.144043,0.168457,0.129395,0.130615,0.112305,0.115967,0.13916,0.123291,0.115967,0.12207
2016-08-27T14:40:00Z,54.14063,59.0625,60.46875,62.92969,63.98438,64.6875,69.25781,68.90625,69.25781,69.96094,69.60938,72.42188,10.25391,8.20313,10.48828,11.36719,10.78125,12.48047,13.41797,13.88672,14.41406,14.64844,15.29297,15.35156,15.41016,0.146484,0.10376,0.098877,0.089111,0.107422,0.102539,0.123291,0.114746,0.117188,0.12085,0.10498
2016-08-27T14:50:00Z,56.25,63.63281,66.44531,64.33594,64.6875,68.55469,69.96094,69.96094,68.90625,69.25781,68.20313,71.01563,10.13672,8.26172,10.72266,11.42578,11.36719,12.42188,13.24219,14.0625,14.23828,14.35547,14.53125,14.64844,14.41406,0.123291,0.135498,0.113525,0.128174,0.123291,0.118408,0.128174,0.170898,0.109863,0.111084,0.112305
2016-08-27T15:00:00Z,57.65625,64.33594,67.14844,63.98438,68.55469,68.90625,69.60938,67.5,67.85156,69.60938,69.96094,69.25781,10.25391,8.4375,11.36719,12.07031,11.36719,12.83203,13.71094,14.41406,14.23828,14.58984,15.11719,15.17578,14.47266,0.151367,0.141602,0.136719,0.12207,0.107422,0.098877,0.106201,0.108643,0.100098,0.113525,0.111084
2016-08-27T15:10:00Z,57.30469,66.79688,66.44531,67.5,69.25781,70.3125,71.36719,71.36719,68.90625,67.85156,70.3125,70.66406,11.36719,8.32031,10.78125,11.48438,11.42578,13.00781,13.76953,14.58984,14.64844,15.0,15.46875,15.87891,15.46875,0.128174,0.093994,0.106201,0.093994,0.087891,0.096436,0.097656,0.101318,0.106201,0.107422,0.106201
2016-08-27T15:20:00Z,58.00781,67.14844,68.55469,66.09375,69.60938,69.60938,73.47656,72.77344,71.36719,73.47656,72.42188,73.125,9.90234,8.14453,10.95703,11.77734,11.25,12.77344,13.59375,14.41406,14.82422,15.0,15.41016,15.99609,15.87891,0.108643,0.089111,0.118408,0.093994,0.130615,0.114746,0.114746,0.129395,0.106201,0.102539,0.095215
2016-08-27T15:30:00Z,60.82031,69.96094,68.90625,69.96094,72.07031,71.71875,72.77344,72.07031,75.23438,75.9375,75.9375,74.88281,10.25391,8.55469,11.42578,12.48047,11.77734,13.35938,13.82813,14.64844,15.05859,15.46875,15.35156,15.11719,15.70313,0.102539,0.106201,0.096436,0.106201,0.10498,0.112305,0.126953,0.091553,0.106201,0.089111,0.08667
2016-08-27T15:40:00Z,63.98438,69.60938,71.01563,73.82813,71.71875,72.77344,74.53125,76.64063,75.58594,75.58594,76.64063,77.34375,10.66406,8.73047,11.36719,12.36328,11.54297,13.06641,14.12109,14.94141,15.64453,15.76172,15.64453,15.76172,15.70313,0.090332,0.092773,0.146484,0.131836,0.097656,0.111084,0.131836,0.08667,0.126953,0.126953,0.102539
2016-08-27T15:50:00Z,61.52344,68.90625,69.96094,68.20313,73.47656,73.125,72.77344,74.88281,74.53125,75.23438,75.23438,77.69531,9.84375,8.37891,10.78125,11.36719,11.19141,12.53906,13.59375,14.29688,15.17578,15.58594,15.64453,15.41016,15.17578,0.136719,0.141602,0.081787,0.112305,0.109863,0.096436,0.091553,0.113525,0.097656,0.107422,0.093994
2016-08-27T16:00:00Z,63.28125,72.77344,70.66406,73.125,72.07031,73.47656,75.9375,75.23438,75.58594,77.34375,75.9375,78.39844,10.07813,8.4375,11.36719,11.89453,12.24609,13.125,14.64844,14.82422,14.88281,15.11719,14.94141,14.76563,14.58984,0.10498,0.095215,0.090332,0.091553,0.091553,0.095215,0.100098,0.106201,0.102539,0.115967,0.080566
2016-08-27T16:10:00Z,66.44531,73.125,74.53125,74.88281,75.23438,76.64063,78.04688,79.80469,79.10156,78.04688,80.50781,81.5625,10.54688,8.4375,11.19141,12.12891,11.71875,12.77344,13.82813,14.12109,14.53125,14.47266,14.70703,14.94141,14.58984,0.10376,0.113525,0.08667,0.100098,0.092773,0.102539,0.081787,0.08667,0.081787,0.100098,0.093994
2016-08-27T16:20:00Z,69.25781,78.75,78.75,79.10156,79.10156,79.10156,80.15625,78.75,80.50781,81.5625,84.02344,85.07813,9.72656,8.08594,10.89844,11.54297,11.30859,12.42188,13.76953,14.29688,14.35547,14.47266,14.53125,14.64844,14.70703,0.12085,0.096436,0.093994,0.111084,0.079346,0.083008,0.096436,0.097656,0.114746,0.10376,0.063477
2016-08-27T16:30:00Z,72.77344,82.26563,81.5625,81.5625,81.21094,81.91406,83.67188,84.02344,86.13281,85.78125,85.78125,85.78125,10.25391,8.26172,11.13281,11.83594,12.01172,12.94922,13.71094,14.41406,14.29688,14.17969,14.0625,14.23828,14.35547,0.097656,0.083008,0.112305,0.10376,0.089111,0.072021,0.06958,0.100098,0.078125,0.080566,0.092773
2016-08-27T16:40:00Z,72.42188,81.5625,81.21094,81.21094,83.67188,85.07813,86.83594,85.42969,87.1875,88.59375,88.59375,91.05469,10.13672,8.49609,11.95313,12.71484,12.65625,13.76953,14.23828,14.29688,14.76563,14.82422,14.64844,14.58984,14.47266,0.08667,0.08667,0.096436,0.076904,0.08667,0.085449,0.073242,0.102539,0.065918,0.078125,0.081787
2016-08-27T16:50:00Z,71.36719,81.21094,81.5625,82.26563,83.32031,87.1875,86.48438,87.89063,89.29688,89.64844,90.0,91.75781,10.13672,8.32031,11.19141,11.89453,11.95313,13.47656,14.29688,14.64844,15.05859,14.82422,14.53125,14.82422,14.88281,0.101318,0.098877,0.109863,0.091553,0.079346,0.078125,0.095215,0.075684,0.098877,0.090332,0.078125
2016-08-27T17:00:00Z,71.01563,82.26563,81.91406,81.91406,84.72656,85.78125,87.1875,88.94531,90.0,90.35156,88.94531,87.89063,10.25391,7.91016,9.96094,11.01563,10.95703,12.1875,13.59375,13.88672,14.12109,13.35938,13.47656,13.47656,13.59375,0.155029,0.135498,0.123291,0.100098,0.13916,0.092773,0.095215,0.083008,0.107422,0.10498,0.083008
2016-08-27T17:10:00Z,69.96094,80.15625,80.85938,80.50781,84.02344,87.1875,86.83594,90.0,86.13281,89.64844,90.0,89.29688,9.84375,7.5,9.96094,10.78125,10.89844,12.30469,13.125,13.35938,13.82813,13.59375,14.00391,14.23828,14.0625,0.179443,0.141602,0.129395,0.113525,0.134277,0.092773,0.089111,0.106201,0.089111,0.10498,0.085449
2016-08-27T17:20:00Z,68.20313,77.34375,80.15625,79.45313,84.02344,85.07813,86.48438,86.83594,87.89063,86.83594,86.13281,87.53906,8.26172,6.44531,9.55078,10.48828,10.01953,11.83594,12.53906,12.94922,13.06641,13.24219,13.125,13.30078,13.06641,0.10376,0.090332,0.115967,0.08667,0.108643,0.100098,0.092773,0.119629,0.119629,0.087891,0.093994
2016-08-27T17:30:00Z,67.5,80.15625,80.85938,81.21094,83.32031,86.13281,85.78125,87.1875,85.42969,87.53906,87.89063,88.24219,7.79297,6.32813,9.31641,10.13672,10.42969,11.48438,12.48047,12.94922,13.125,13.125,13.35938,13.35938,12.89063,0.245361,0.168457,0.216064,0.151367,0.145264,0.118408,0.10498,0.134277,0.108643,0.101318,0.12085
2016-08-27T17:40:00Z,70.66406,80.85938,81.91406,84.72656,84.72656,85.07813,87.89063,90.0,90.0,88.94531,89.64844,90.35156,11.30859,8.78906,11.25,11.71875,11.83594,12.77344,13.125,13.24219,13.125,13.125,13.35938,13.53516,13.82813,0.150146,0.124512,0.133057,0.089111,0.080566,0.075684,0.064697,0.091553,0.101318,0.112305,0.101318
2016-08-27T17:50:00Z,66.09375,75.23438,78.75,80.50781,82.96875,82.26563,83.67188,87.1875,88.59375,89.64844,87.1875,89.64844,8.61328,6.85547,8.84766,9.90234,9.43359,10.83984,11.83594,12.59766,12.59766,12.83203,12.1875,12.71484,12.71484,0.093994,0.090332,0.093994,0.102539,0.10376,0.074463,0.108643,0.091553,0.093994,0.075684,0.097656
2016-08-27T18:00:00Z,71.71875,82.96875,86.13281,84.375,89.64844,88.24219,91.40625,93.16406,94.92188,96.67969,96.32813,95.97656,6.91406,5.56641,7.79297,8.73047,8.49609,9.90234,10.83984,12.01172,12.01172,11.77734,11.89453,12.24609,12.24609,0.091553,0.078125,0.098877,0.075684,0.078125,0.079346,0.081787,0.102539,0.112305,0.093994,0.080566
2016-08-27T18:10:00Z,78.39844,86.83594,89.64844,89.64844,91.40625,93.86719,95.97656,97.73438,97.73438,97.03125,98.4375,97.73438,6.62109,5.33203,7.85156,8.49609,8.4375,10.01953,10.95703,10.72266,11.07422,11.42578,11.66016,11.77734,11.54297,0.119629,0.08667,0.076904,0.080566,0.095215,0.10376,0.100098,0.098877,0.102539,0.098877,0.084229
2016-08-27T18:20:00Z,77.34375,89.29688,89.64844,90.0,94.57031,95.625,95.625,97.73438,99.49219,100.54688,103.35938,100.54688,5.74219,4.86328,7.38281,8.02734,7.85156,9.43359,10.07813,10.3125,10.72266,11.30859,11.30859,11.25,11.30859,0.113525,0.097656,0.111084,0.081787,0.087891,0.084229,0.075684,0.078125,0.095215,0.084229,0.095215
2016-08-27T18:30:00Z,80.50781,93.51563,95.97656,98.08594,96.32813,100.89844,99.49219,103.00781,99.14063,103.00781,104.76563,101.95313,5.68359,4.80469,7.32422,8.02734,8.02734,9.25781,10.3125,10.83984,11.01563,11.13281,11.36719,11.48438,11.83594,0.118408,0.092773,0.101318,0.084229,0.06958,0.092773,0.097656,0.072021,0.106201,0.093994,0.090332
2016-08-27T18:40:00Z,84.72656,98.78906,99.49219,96.67969,103.71094,104.76563,105.46875,104.41406,106.52344,105.46875,104.41406,103.35938,5.85938,4.92188,7.55859,8.49609,8.49609,9.78516,10.42969,10.54688,11.07422,11.19141,11.42578,11.60156,11.66016,0.087891,0.092773,0.087891,0.092773,0.061035,0.081787,0.097656,0.074463,0.067139,0.070801,0.109863
2016-08-27T18:50:00Z,84.72656,100.89844,104.41406,102.30469,104.0625,107.92969,106.875,107.92969,106.52344,104.76563,106.52344,108.63281,5.80078,4.80469,7.67578,8.61328,8.61328,9.55078,10.01953,10.66406,10.72266,10.89844,11.36719,11.66016,11.77734,0.109863,0.075684,0.101318,0.084229,0.095215,0.075684,0.072021,0.076904,0.092773,0.080566,0.081787
2016-08-27T19:00:00Z,88.59375,102.30469,105.11719,104.41406,107.92969,105.82031,104.76563,108.28125,107.92969,108.28125,110.74219,110.39063,5.44922,4.57031,7.44141,8.61328,8.37891,9.49219,10.07813,10.37109,10.66406,10.54688,10.72266,11.01563,11.36719,0.096436,0.08667,0.084229,0.092773,0.092773,0.070801,0.097656,0.078125,0.08667,0.095215,0.084229
2016-08-27T19:10:00Z,91.40625,106.52344,104.76563,105.82031,105.11719,106.52344,107.57813,109.33594,112.5,111.79688,113.90625,114.25781,5.15625,4.33594,7.67578,8.32031,8.61328,9.43359,9.78516,9.84375,10.37109,10.54688,10.83984,10.72266,11.48438,0.100098,0.065918,0.085449,0.08667,0.072021,0.08667,0.06958,0.092773,0.090332,0.095215,0.067139
2016-08-27T19:20:00Z,93.51563,104.41406,104.76563,104.76563,110.03906,110.74219,111.44531,112.5,112.85156,113.20313,113.55469,116.71875,5.27344,4.45313,7.44141,8.4375,8.67188,9.14063,9.66797,10.13672,10.13672,10.37109,10.72266,11.60156,12.1875,0.079346,0.089111,0.06958,0.093994,0.084229,0.093994,0.06958,0.08667,0.092773,0.073242,0.089111
2016-08-27T19:30:00Z,92.10938,104.76563,108.98438,106.52344,110.74219,111.44531,113.20313,112.5,114.25781,113.20313,118.82813,116.01563,5.27344,4.51172,7.91016,8.37891,8.14453,8.90625,9.375,9.96094,10.42969,10.66406,10.95703,11.83594,12.24609,0.076904,0.092773,0.095215,0.092773,0.100098,0.091553,0.089111,0.08667,0.097656,0.102539,0.096436
2016-08-27T19:40:00Z,94.92188,111.44531,113.55469,113.90625,116.71875,114.96094,114.25781,114.25781,117.07031,117.07031,120.9375,121.64063,5.15625,4.33594,7.44141,8.08594,8.02734,8.55469,9.19922,9.78516,10.66406,10.95703,11.30859,11.30859,11.89453,0.102539,0.118408,0.111084,0.100098,0.093994,0.12207,0.074463,0.067139,0.075684,0.081787,0.076904
2016-08-27T19:50:00Z,101.25,117.42188,118.47656,118.47656,120.58594,120.58594,118.82813,119.17969,119.88281,121.99219,127.61719,127.26563,5.33203,4.33594,7.79297,8.61328,8.20313,9.14063,9.84375,10.37109,11.07422,11.54297,11.66016,11.60156,11.95313,0.090332,0.059814,0.084229,0.092773,0.100098,0.063477,0.079346,0.089111,0.100098,0.098877,0.087891
2016-08-27T20:00:00Z,107.57813,120.23438,120.9375,121.28906,121.64063,119.88281,120.23438,120.23438,124.80469,124.80469,130.78125,132.89063,5.39063,4.39453,7.67578,8.49609,8.37891,9.49219,10.13672,10.60547,11.25,11.83594,12.01172,12.36328,12.30469,0.076904,0.078125,0.08667,0.079346,0.092773,0.08667,0.072021,0.079346,0.091553,0.092773,0.074463
2016-08-27T20:10:00Z,108.28125,119.88281,118.47656,119.17969,118.82813,118.47656,123.39844,127.96875,129.72656,132.89063,136.05469,135.70313,6.67969,4.92188,8.26172,8.67188,8.90625,9.84375,10.60547,11.25,11.19141,11.42578,11.83594,12.48047,12.65625,0.118408,0.119629,0.117188,0.095215,0.061035,0.084229,0.095215,0.078125,0.076904,0.097656,0.076904
2016-08-27T20:20:00Z,107.22656,118.47656,117.77344,119.17969,119.88281,120.23438,122.34375,123.39844,128.67188,130.42969,133.94531,130.78125,5.50781,4.45313,7.32422,8.32031,8.26172,9.84375,9.78516,10.07813,10.37109,10.66406,10.95703,11.60156,12.24609,0.058594,0.074463,0.078125,0.079346,0.074463,0.073242,0.072021,0.059814,0.063477,0.089111,0.076904
2016-08-27T20:30:00Z,105.46875,118.125,118.47656,117.07031,119.88281,123.04688,125.50781,126.91406,131.13281,132.1875,132.53906,134.29688,4.98047,4.33594,6.97266,7.96875,7.85156,9.19922,9.19922,9.25781,9.66797,10.19531,10.78125,11.30859,11.83594,0.087891,0.074463,0.089111,0.08667,0.079346,0.063477,0.083008,0.065918,0.062256,0.059814,0.073242
2016-08-27T20:40:00Z,115.3125,123.04688,121.99219,121.99219,121.99219,123.39844,126.21094,129.375,131.83594,132.89063,134.64844,136.40625,5.50781,4.33594,7.14844,7.61719,7.44141,8.55469,9.25781,9.49219,9.90234,10.48828,10.78125,11.19141,11.54297,0.12085,0.115967,0.114746,0.106201,0.080566,0.096436,0.092773,0.117188,0.106201,0.107422,0.092773
2016-08-27T20:50:00Z,113.55469,121.64063,122.34375,118.82813,124.45313,125.85938,129.02344,132.1875,131.13281,130.42969,131.13281,133.94531,6.62109,5.03906,7.20703,7.67578,7.67578,8.32031,8.90625,9.84375,10.72266,11.01563,11.19141,11.48438,11.71875,0.117188,0.10376,0.114746,0.10376,0.090332,0.076904,0.095215,0.080566,0.085449,0.090332,0.074463
2016-08-27T21:00:00Z,139.92188,129.02344,126.91406,125.85938,124.10156,126.91406,130.07813,133.59375,135.0,134.29688,136.40625,137.46094,5.21484,3.57422,5.39063,5.97656,5.97656,6.79688,7.44141,8.14453,9.31641,9.78516,10.25391,10.48828,10.48828,0.170898,0.114746,0.095215,0.109863,0.119629,0.078125,0.072021,0.080566,0.081787,0.091553,0.091553
2016-08-27T21:10:00Z,132.89063,121.28906,121.28906,118.125,123.04688,124.80469,129.02344,130.42969,133.24219,135.35156,137.46094,138.86719,4.21875,2.63672,5.80078,6.38672,6.26953,7.32422,8.14453,8.90625,9.60938,10.07813,10.48828,10.72266,11.01563,0.228271,0.163574,0.203857,0.119629,0.137939,0.148926,0.112305,0.10376,0.084229,0.12085,0.119629
2016-08-27T21:20:00Z,120.58594,132.1875,139.21875,133.94531,126.91406,133.94531,126.5625,137.46094,140.625,141.32813,138.16406,140.97656,7.79297,4.04297,5.80078,6.21094,6.21094,6.32813,6.73828,7.26563,7.85156,8.4375,9.19922,9.375,9.66797,0.432129,0.435791,0.426025,0.496826,0.522461,0.546875,0.496826,0.467529,0.373535,0.332031,0.274658
2016-08-27T21:30:00Z,238.00781,239.41406,220.78125,242.57813,217.61719,242.57813,110.03906,242.22656,215.85938,191.95313,92.46094,157.14844,7.08984,2.28516,3.45703,3.57422,3.63281,3.80859,3.86719,4.04297,4.27734,4.51172,5.15625,5.91797,6.32813,0.39917,0.338135,0.369873,0.380859,0.389404,0.478516,0.460205,0.506592,0.471191,0.424805,0.373535
2016-08-27T21:40:00Z,129.72656,133.24219,133.94531,134.64844,141.32813,140.97656,143.78906,152.22656,144.84375,131.83594,61.17188,200.39063,7.85156,3.75,6.03516,6.09375,6.32813,6.03516,6.38672,6.62109,7.03125,7.5,7.79297,8.02734,8.26172,0.367432,0.351563,0.349121,0.395508,0.402832,0.380859,0.340576,0.263672,0.241699,0.194092,0.141602
2016-08-27T21:50:00Z,133.24219,143.4375,142.03125,144.14063,145.19531,146.95313,150.11719,154.6875,159.25781,160.3125,170.50781,174.375,8.55469,5.80078,7.38281,7.55859,7.61719,7.79297,8.32031,8.32031,8.61328,9.02344,9.14063,8.90625,8.61328,0.133057,0.131836,0.123291,0.119629,0.106201,0.123291,0.113525,0.114746,0.117188,0.12207,0.111084
2016-08-27T22:00:00Z,142.03125,140.27344,142.38281,142.03125,146.95313,152.57813,157.5,164.88281,166.64063,159.25781,164.88281,170.15625,6.85547,5.15625,6.67969,6.97266,6.91406,7.44141,7.79297,8.08594,8.37891,8.4375,8.55469,8.49609,8.61328,0.124512,0.076904,0.131836,0.124512,0.12207,0.100098,0.076904,0.12207,0.095215,0.101318,0.10376
2016-08-27T22:10:00Z,146.25,143.78906,144.49219,143.78906,146.25,151.52344,161.71875,165.58594,165.58594,178.24219,165.9375,227.10938,5.85938,4.45313,5.74219,6.21094,6.38672,6.67969,7.32422,7.55859,7.55859,7.67578,7.91016,8.02734,8.02734,0.113525,0.079346,0.078125,0.098877,0.076904,0.089111,0.098877,0.109863,0.085449,0.079346,0.078125
2016-08-27T22:20:00Z,150.82031,139.57031,141.67969,139.92188,144.84375,146.60156,154.33594,161.71875,170.15625,175.07813,177.1875,177.1875,4.86328,3.63281,5.74219,6.09375,5.91797,6.5625,7.26563,7.91016,8.20313,8.14453,8.37891,8.32031,8.32031,0.10498,0.089111,0.10376,0.113525,0.106201,0.093994,0.074463,0.059814,0.085449,0.057373,0.065918
2016-08-27T22:30:00Z,138.16406,139.57031,140.625,141.67969,142.73438,148.71094,156.44531,164.17969,166.28906,143.4375,169.45313,200.03906,4.51172,3.98438,6.03516,6.26953,6.26953,7.03125,7.79297,8.4375,8.49609,8.55469,8.55469,8.61328,8.78906,0.062256,0.054932,0.059814,0.061035,0.08667,0.061035,0.054932,0.064697,0.061035,0.046387,0.053711
2016-08-27T22:40:00Z,137.10938,142.03125,142.38281,142.03125,149.76563,158.55469,164.17969,168.39844,144.49219,90.35156,195.46875,201.09375,4.62891,4.04297,6.26953,6.67969,6.67969,7.61719,7.96875,8.32031,8.55469,8.55469,8.55469,8.67188,8.90625,0.070801,0.062256,0.073242,0.050049,0.057373,0.054932,0.05249,0.056152,0.043945,0.05249,0.062256
2016-08-27T22:50:00Z,139.21875,140.97656,143.78906,144.49219,152.57813,163.82813,170.85938,172.61719,170.50781,200.03906,196.52344,213.04688,4.51172,4.10156,6.91406,7.32422,7.20703,7.79297,8.14453,8.49609,8.55469,8.73047,8.84766,9.08203,9.02344,0.065918,0.048828,0.073242,0.046387,0.053711,0.043945,0.058594,0.05249,0.056152,0.05127,0.05127
2016-08-27T23:00:00Z,144.49219,150.46875,153.98438,154.33594,162.07031,169.45313,172.26563,180.0,161.71875,175.07813,121.28906,206.36719,4.92188,4.33594,7.20703,7.32422,7.44141,8.02734,8.4375,8.67188,8.73047,8.96484,9.02344,9.25781,9.19922,0.054932,0.058594,0.058594,0.05127,0.047607,0.05249,0.054932,0.058594,0.048828,0.047607,0.050049
2016-08-27T23:10:00Z,151.875,160.3125,164.53125,163.82813,165.58594,169.80469,174.72656,180.0,181.05469,184.21875,240.11719,210.58594,4.86328,4.16016,6.67969,7.26563,7.20703,8.37891,9.02344,9.08203,9.14063,9.31641,9.375,9.31641,9.25781,0.042725,0.050049,0.042725,0.059814,0.058594,0.063477,0.064697,0.05249,0.041504,0.061035,0.058594
2016-08-27T23:20:00Z,159.25781,163.47656,161.36719,161.36719,163.82813,170.50781,177.1875,182.10938,185.27344,182.8125,146.95313,143.4375,5.15625,4.21875,7.20703,8.02734,7.96875,9.14063,9.31641,9.19922,9.14063,9.375,9.49219,9.66797,9.66797,0.067139,0.076904,0.067139,0.06958,0.05127,0.053711,0.040283,0.042725,0.05127,0.056152,0.041504
2016-08-27T23:30:00Z,176.13281,170.50781,170.15625,168.39844,169.45313,175.78125,181.40625,187.03125,194.0625,201.79688,204.60938,206.36719,4.92188,4.10156,7.14844,8.20313,8.14453,9.31641,9.43359,9.375,9.31641,9.72656,10.25391,10.25391,10.25391,0.065918,0.065918,0.05249,0.05127,0.065918,0.045166,0.067139,0.098877,0.072021,0.050049,0.050049
2016-08-27T23:40:00Z,181.40625,179.64844,177.89063,177.1875,180.70313,188.78906,196.17188,202.14844,206.01563,208.47656,209.88281,211.64063,5.27344,4.62891,7.85156,8.67188,8.61328,9.49219,9.55078,9.84375,10.07813,10.25391,10.37109,10.42969,10.25391,0.079346,0.074463,0.075684,0.058594,0.053711,0.042725,0.063477,0.047607,0.054932,0.063477,0.054932
2016-08-27T23:50:00Z,201.09375,193.71094,191.25,190.54688,191.25,197.22656,202.14844,206.36719,209.53125,212.69531,214.10156,217.61719,5.15625,4.27734,6.44531,7.20703,7.26563,8.61328,9.43359,9.66797,9.90234,10.13672,9.96094,10.01953,10.01953,0.128174,0.131836,0.115967,0.101318,0.073242,0.084229,0.068359,0.074463,0.062256,0.081787,0.063477
