LOCATION: 
SYSTEM SERIAL: HKZA
TIMESTAMP (ISO-8601) UTC,WindDir004m deg,WindDir030m deg,WindDir040m deg,WindDir040m_ref deg,WindDir060m deg,WindDir080m deg,WindDir100m deg,WindDir120m deg,WindDir140m deg,WindDir160m deg,WindDir180m deg,WindDir200m deg,WindGust004m m/s,WindSpeed004m m/s,WindSpeed030mh m/s,WindSpeed040mh m/s,WindSpeed040m_refh m/s,WindSpeed060mh m/s,WindSpeed080mh m/s,WindSpeed100mh m/s,WindSpeed120mh m/s,WindSpeed140mh m/s,WindSpeed160mh m/s,WindSpeed180mh m/s,WindSpeed200mh m/s,TI 030m,TI 040m,TI 040m ref,TI 060m,TI 080m,TI 100m,TI 120m,TI 140m,TI 160m,TI 180m,TI 200m
2016-10-03T00:00:00Z,315.0,323.08594,318.51563,319.92188,322.03125,322.38281,320.625,316.05469,319.21875,315.35156,312.1875,311.83594,16.69922,12.1875,15.35156,15.64453,15.64453,15.82031,15.64453,15.87891,15.70313,15.35156,15.35156,15.9375,16.23047,0.111084,0.133057,0.128174,0.140381,0.12207,0.117188,0.12085,0.155029,0.133057,0.131836,0.123291
2016-10-03T00:10:00Z,314.29688,320.625,315.35156,324.14063,315.35156,318.51563,318.16406,314.29688,319.57031,315.70313,318.51563,322.73438,15.70313,12.77344,14.64844,15.82031,14.88281,16.17188,15.9375,15.17578,15.41016,15.70313,16.17188,15.9375,16.69922,0.147705,0.128174,0.114746,0.162354,0.141602,0.151367,0.12085,0.114746,0.155029,0.135498,0.144043
2016-10-03T00:20:00Z,315.0,317.10938,319.21875,316.40625,313.94531,321.67969,320.625,319.21875,316.05469,318.86719,320.27344,323.78906,15.11719,11.83594,15.0,15.35156,14.88281,14.88281,15.23438,15.0,15.23438,15.35156,15.41016,15.11719,15.11719,0.097656,0.136719,0.124512,0.148926,0.128174,0.118408,0.118408,0.126953,0.137939,0.148926,0.137939
2016-10-03T00:30:00Z,315.0,316.05469,316.40625,318.16406,319.21875,318.51563,316.40625,324.14063,320.27344,322.38281,318.16406,321.67969,14.70703,11.25,14.47266,14.29688,13.94531,14.12109,14.17969,14.70703,14.47266,14.53125,15.11719,15.9375,15.87891,0.118408,0.129395,0.172119,0.178223,0.17334,0.200195,0.145264,0.172119,0.170898,0.198975,0.194092
2016-10-03T00:40:00Z,321.32813,324.14063,326.60156,324.14063,319.21875,323.4375,321.67969,323.78906,327.30469,327.65625,324.49219,323.4375,15.9375,12.48047,14.94141,15.58594,15.82031,16.17188,16.64063,16.34766,16.69922,16.34766,16.23047,16.23047,16.23047,0.128174,0.118408,0.101318,0.130615,0.100098,0.119629,0.128174,0.117188,0.125732,0.157471,0.112305
2016-10-03T00:50:00Z,320.27344,320.27344,325.19531,320.625,324.49219,323.78906,321.67969,322.73438,320.97656,323.78906,323.78906,320.27344,15.29297,12.42188,15.58594,15.41016,15.76172,15.46875,15.46875,16.17188,16.28906,15.52734,15.70313,16.28906,16.28906,0.123291,0.098877,0.129395,0.125732,0.151367,0.13916,0.148926,0.142822,0.095215,0.129395,0.150146
2016-10-03T01:00:00Z,317.46094,318.16406,319.57031,322.38281,323.4375,320.625,326.60156,321.67969,321.67969,318.86719,317.10938,326.60156,15.87891,12.12891,14.53125,14.88281,14.70703,15.0,15.23438,15.82031,15.64453,15.70313,15.76172,15.87891,16.28906,0.126953,0.118408,0.123291,0.124512,0.119629,0.146484,0.147705,0.162354,0.113525,0.135498,0.158691
2016-10-03T01:10:00Z,318.16406,320.97656,319.92188,318.51563,318.16406,322.38281,325.19531,320.625,325.89844,326.25,324.84375,324.49219,15.05859,11.77734,14.35547,14.29688,14.53125,15.29297,15.70313,15.58594,15.41016,15.64453,15.82031,15.99609,16.05469,0.112305,0.126953,0.108643,0.128174,0.140381,0.151367,0.128174,0.114746,0.137939,0.137939,0.108643
2016-10-03T01:20:00Z,322.38281,323.78906,322.73438,323.4375,320.625,322.03125,324.14063,326.25,320.97656,323.78906,320.27344,323.08594,16.34766,12.07031,14.94141,14.76563,14.76563,15.11719,15.58594,16.05469,15.99609,15.58594,15.23438,16.28906,16.05469,0.113525,0.112305,0.166016,0.113525,0.108643,0.15625,0.145264,0.147705,0.163574,0.106201,0.152588
2016-10-03T01:30:00Z,320.97656,318.86719,321.67969,316.05469,320.27344,323.08594,325.54688,321.32813,319.57031,320.97656,324.14063,325.89844,15.11719,11.83594,14.35547,15.41016,15.29297,15.29297,15.46875,15.58594,14.82422,15.46875,15.52734,15.9375,15.70313,0.097656,0.131836,0.137939,0.128174,0.136719,0.146484,0.096436,0.12085,0.12207,0.178223,0.131836
2016-10-03T01:40:00Z,319.92188,319.92188,319.21875,319.57031,317.46094,320.27344,316.05469,319.92188,318.86719,319.21875,321.32813,324.14063,15.0,12.07031,14.70703,14.76563,15.05859,15.05859,15.23438,15.46875,15.87891,15.87891,15.52734,15.41016,15.29297,0.123291,0.097656,0.125732,0.142822,0.146484,0.112305,0.144043,0.153809,0.119629,0.158691,0.125732
2016-10-03T01:50:00Z,312.53906,316.05469,317.46094,320.27344,314.64844,318.86719,318.86719,310.07813,318.16406,317.10938,321.32813,320.97656,14.29688,11.13281,12.83203,13.125,12.94922,13.06641,13.47656,13.88672,14.35547,14.12109,13.76953,14.12109,14.41406,0.13916,0.159912,0.117188,0.124512,0.10376,0.114746,0.177002,0.19165,0.135498,0.146484,0.170898
2016-10-03T02:00:00Z,327.30469,330.82031,330.82031,329.0625,332.57813,329.41406,333.63281,332.57813,330.11719,332.22656,332.57813,330.11719,14.70703,11.36719,13.65234,13.65234,14.00391,14.12109,14.29688,14.12109,14.12109,14.12109,14.35547,14.17969,14.70703,0.106201,0.109863,0.125732,0.117188,0.123291,0.164795,0.141602,0.13916,0.140381,0.136719,0.15625
2016-10-03T02:10:00Z,328.00781,327.30469,325.54688,326.95313,330.11719,323.78906,327.30469,324.84375,326.25,331.17188,328.00781,327.65625,14.17969,11.01563,13.00781,13.41797,13.30078,13.88672,13.59375,13.47656,14.0625,14.58984,14.41406,14.17969,13.76953,0.123291,0.126953,0.115967,0.118408,0.134277,0.129395,0.135498,0.128174,0.147705,0.161133,0.169678
2016-10-03T02:20:00Z,323.4375,321.32813,320.97656,320.97656,319.92188,325.19531,323.78906,322.03125,323.78906,323.4375,324.14063,324.49219,14.76563,11.42578,13.94531,14.58984,14.00391,14.58984,14.41406,14.70703,14.88281,14.58984,14.35547,14.82422,14.41406,0.117188,0.087891,0.12085,0.12207,0.12207,0.112305,0.118408,0.133057,0.152588,0.145264,0.142822
2016-10-03T02:30:00Z,323.78906,320.27344,317.46094,326.95313,324.84375,323.78906,327.30469,322.73438,325.19531,330.11719,322.73438,327.30469,14.12109,11.19141,13.125,14.23828,13.125,14.29688,13.82813,13.59375,13.59375,13.47656,13.76953,14.23828,14.41406,0.126953,0.087891,0.114746,0.140381,0.128174,0.140381,0.157471,0.131836,0.106201,0.125732,0.12207
2016-10-03T02:40:00Z,325.54688,324.84375,331.17188,325.19531,322.73438,325.19531,324.14063,325.54688,327.30469,332.92969,323.78906,324.14063,13.35938,10.83984,13.59375,13.24219,14.17969,13.06641,13.35938,13.71094,14.53125,14.70703,14.00391,14.0625,14.41406,0.137939,0.137939,0.119629,0.101318,0.133057,0.153809,0.135498,0.141602,0.147705,0.134277,0.144043
2016-10-03T02:50:00Z,323.08594,321.67969,322.38281,321.32813,317.8125,321.32813,323.78906,329.0625,329.76563,324.84375,319.92188,319.57031,15.35156,11.36719,13.18359,13.94531,13.59375,13.71094,14.47266,14.29688,14.58984,14.0625,14.17969,14.53125,14.94141,0.124512,0.113525,0.12207,0.146484,0.117188,0.109863,0.100098,0.125732,0.106201,0.135498,0.108643
2016-10-03T03:00:00Z,318.86719,317.10938,317.46094,323.4375,319.92188,315.0,324.84375,323.78906,323.08594,324.14063,323.08594,316.75781,14.64844,11.42578,14.12109,13.88672,14.53125,13.94531,14.23828,14.53125,14.00391,14.17969,14.76563,14.82422,14.35547,0.093994,0.128174,0.134277,0.142822,0.125732,0.115967,0.107422,0.145264,0.147705,0.128174,0.118408
2016-10-03T03:10:00Z,323.08594,320.97656,327.65625,326.60156,322.73438,325.89844,321.67969,320.625,322.73438,325.89844,328.35938,323.78906,14.76563,11.42578,12.71484,13.00781,12.89063,13.18359,13.53516,14.00391,13.88672,13.82813,13.41797,13.82813,13.94531,0.134277,0.136719,0.135498,0.125732,0.123291,0.090332,0.12207,0.12207,0.140381,0.101318,0.112305
2016-10-03T03:20:00Z,320.625,324.14063,320.97656,325.54688,321.67969,322.73438,322.38281,325.19531,327.65625,326.25,323.08594,326.25,12.94922,10.25391,11.54297,11.71875,11.54297,12.01172,11.83594,12.07031,12.42188,12.48047,12.24609,12.1875,12.1875,0.131836,0.131836,0.115967,0.098877,0.108643,0.118408,0.113525,0.124512,0.172119,0.130615,0.155029
2016-10-03T03:30:00Z,320.625,331.17188,328.00781,317.8125,321.32813,319.21875,320.97656,321.32813,326.25,323.78906,331.52344,328.35938,14.12109,10.13672,12.01172,12.07031,12.24609,11.89453,12.42188,12.53906,12.71484,12.42188,12.89063,13.24219,12.65625,0.142822,0.131836,0.119629,0.142822,0.124512,0.123291,0.114746,0.172119,0.186768,0.15625,0.159912
2016-10-03T03:40:00Z,327.30469,333.98438,338.90625,336.09375,337.5,340.3125,333.98438,335.74219,336.09375,339.60938,343.125,344.17969,12.42188,9.66797,11.54297,11.83594,11.54297,11.83594,12.01172,11.89453,12.1875,12.53906,12.65625,12.59766,12.1875,0.10498,0.085449,0.117188,0.10498,0.135498,0.10376,0.148926,0.141602,0.124512,0.141602,0.135498
2016-10-03T03:50:00Z,338.55469,339.60938,338.55469,337.5,349.45313,341.71875,344.88281,340.66406,342.42188,348.39844,345.9375,338.55469,13.41797,10.48828,12.12891,12.77344,12.77344,12.94922,12.89063,13.24219,13.59375,13.47656,13.00781,13.24219,13.06641,0.098877,0.112305,0.119629,0.111084,0.107422,0.128174,0.114746,0.113525,0.111084,0.159912,0.153809
2016-10-03T04:00:00Z,343.125,349.80469,349.10156,350.15625,350.15625,343.125,346.28906,345.23438,345.9375,343.47656,341.36719,341.71875,13.30078,10.48828,12.42188,12.12891,12.83203,12.59766,12.83203,13.06641,13.18359,13.18359,13.24219,13.24219,13.47656,0.118408,0.126953,0.129395,0.10498,0.15625,0.147705,0.098877,0.133057,0.152588,0.141602,0.152588
2016-10-03T04:10:00Z,343.47656,347.69531,345.23438,346.99219,345.23438,344.17969,347.69531,343.47656,345.23438,345.23438,345.23438,346.99219,13.35938,10.60547,12.30469,12.30469,12.53906,13.06641,13.30078,13.35938,13.65234,12.94922,13.18359,13.30078,13.35938,0.125732,0.117188,0.101318,0.133057,0.125732,0.102539,0.108643,0.112305,0.134277,0.096436,0.126953
2016-10-03T04:20:00Z,340.66406,338.90625,341.71875,339.96094,340.3125,341.36719,341.36719,341.36719,349.80469,348.04688,350.15625,341.71875,13.24219,10.25391,12.07031,11.95313,12.36328,12.07031,12.71484,12.71484,12.83203,13.06641,13.00781,12.59766,13.125,0.102539,0.100098,0.107422,0.111084,0.117188,0.124512,0.128174,0.133057,0.13916,0.134277,0.146484
2016-10-03T04:30:00Z,343.82813,346.64063,343.47656,345.58594,344.88281,344.53125,344.53125,346.64063,345.58594,348.75,346.99219,351.5625,13.82813,10.42969,12.48047,12.59766,12.53906,12.53906,12.59766,12.53906,12.59766,13.18359,13.125,13.18359,12.59766,0.083008,0.106201,0.100098,0.095215,0.097656,0.12207,0.119629,0.106201,0.123291,0.140381,0.118408
2016-10-03T04:40:00Z,346.64063,350.85938,347.69531,354.02344,352.61719,347.34375,350.50781,354.72656,350.15625,349.80469,346.64063,348.75,13.18359,10.3125,11.95313,12.59766,12.53906,12.48047,12.94922,13.24219,13.35938,12.77344,12.77344,13.18359,13.59375,0.101318,0.108643,0.115967,0.12085,0.107422,0.128174,0.112305,0.145264,0.10498,0.137939,0.13916
2016-10-03T04:50:00Z,344.53125,346.28906,348.75,348.39844,344.53125,347.69531,348.75,345.9375,347.69531,345.23438,343.47656,345.58594,12.71484,9.55078,11.66016,11.83594,12.1875,12.07031,12.36328,12.1875,12.71484,12.53906,12.30469,12.53906,12.59766,0.091553,0.100098,0.111084,0.10498,0.114746,0.091553,0.112305,0.096436,0.10376,0.091553,0.113525
2016-10-03T05:00:00Z,343.82813,345.9375,347.34375,344.53125,344.53125,346.64063,346.99219,344.53125,344.17969,341.01563,344.17969,343.125,12.65625,9.90234,11.95313,12.24609,12.07031,12.30469,12.24609,12.07031,12.01172,12.42188,12.36328,12.30469,12.71484,0.08667,0.10498,0.125732,0.093994,0.131836,0.102539,0.126953,0.140381,0.140381,0.134277,0.130615
2016-10-03T05:10:00Z,339.25781,338.90625,336.79688,339.25781,338.90625,342.77344,338.55469,336.79688,337.85156,340.3125,339.25781,336.09375,12.48047,9.78516,11.89453,12.53906,11.83594,12.71484,12.53906,12.1875,12.30469,12.77344,12.83203,12.12891,12.1875,0.147705,0.158691,0.107422,0.112305,0.137939,0.148926,0.115967,0.113525,0.133057,0.13916,0.140381
2016-10-03T05:20:00Z,338.90625,341.01563,342.77344,339.60938,343.47656,338.20313,340.3125,339.25781,345.23438,344.17969,342.42188,340.3125,12.59766,10.60547,12.59766,13.00781,13.00781,12.89063,13.06641,13.125,13.24219,13.35938,13.24219,12.94922,12.65625,0.107422,0.113525,0.114746,0.107422,0.10498,0.134277,0.097656,0.135498,0.137939,0.133057,0.114746
2016-10-03T05:30:00Z,343.47656,346.28906,346.99219,346.28906,344.53125,347.34375,344.88281,344.53125,344.17969,347.34375,343.47656,346.99219,13.125,9.90234,11.48438,11.54297,11.71875,11.83594,11.95313,11.95313,12.12891,12.53906,12.36328,12.48047,12.77344,0.136719,0.10498,0.137939,0.133057,0.140381,0.133057,0.111084,0.134277,0.137939,0.13916,0.136719
2016-10-03T05:40:00Z,346.99219,349.45313,344.88281,345.9375,344.17969,349.10156,344.53125,344.53125,343.47656,350.15625,344.88281,348.39844,12.48047,9.72656,11.89453,11.83594,11.60156,12.36328,12.42188,12.01172,11.77734,12.01172,12.36328,12.59766,12.65625,0.097656,0.125732,0.109863,0.177002,0.147705,0.123291,0.133057,0.12085,0.167236,0.129395,0.137939
2016-10-03T05:50:00Z,344.17969,342.77344,343.47656,343.82813,343.82813,347.34375,349.10156,348.39844,349.10156,346.64063,346.99219,345.23438,12.77344,10.13672,12.07031,12.36328,12.36328,12.42188,12.83203,12.59766,12.24609,12.24609,12.65625,12.77344,12.65625,0.10376,0.096436,0.087891,0.084229,0.135498,0.115967,0.12207,0.100098,0.12207,0.128174,0.126953
2016-10-03T06:00:00Z,347.34375,348.75,346.28906,344.88281,343.82813,342.77344,346.28906,348.39844,350.15625,348.04688,351.21094,351.21094,13.18359,10.54688,12.59766,12.30469,13.06641,12.36328,12.48047,13.24219,13.41797,12.89063,12.65625,12.71484,12.83203,0.10498,0.109863,0.117188,0.134277,0.117188,0.118408,0.101318,0.108643,0.136719,0.130615,0.112305
2016-10-03T06:10:00Z,348.04688,351.91406,352.96875,347.69531,355.07813,356.83594,354.72656,355.07813,351.21094,348.04688,346.99219,350.50781,12.01172,9.72656,11.25,11.66016,11.13281,11.71875,11.89453,12.30469,12.01172,11.95313,12.24609,12.1875,12.48047,0.118408,0.134277,0.129395,0.137939,0.128174,0.135498,0.118408,0.12085,0.126953,0.129395,0.142822
2016-10-03T06:20:00Z,349.45313,352.96875,350.50781,351.5625,349.45313,352.61719,349.80469,352.96875,351.91406,353.67188,354.72656,356.83594,12.36328,9.78516,11.19141,11.66016,11.54297,12.01172,12.07031,12.07031,12.01172,12.30469,12.36328,12.53906,12.48047,0.130615,0.115967,0.101318,0.107422,0.107422,0.111084,0.12207,0.144043,0.144043,0.157471,0.161133
2016-10-03T06:30:00Z,356.13281,355.78125,356.48438,358.24219,359.29688,0.35156,2.10938,2.46094,1.40625,3.86719,1.75781,1.40625,12.65625,10.01953,11.36719,11.95313,11.89453,12.24609,12.30469,12.07031,12.07031,12.30469,12.53906,12.1875,12.07031,0.118408,0.136719,0.125732,0.118408,0.141602,0.133057,0.141602,0.145264,0.136719,0.152588,0.109863
2016-10-03T06:40:00Z,5.97656,11.25,9.14063,12.65625,10.19531,11.95313,9.49219,11.95313,11.25,10.89844,9.84375,8.4375,11.54297,9.19922,10.54688,10.72266,10.66406,11.60156,11.60156,11.54297,11.42578,11.71875,11.66016,11.71875,11.89453,0.097656,0.101318,0.10376,0.128174,0.142822,0.111084,0.155029,0.142822,0.15625,0.130615,0.108643
2016-10-03T06:50:00Z,4.92188,4.92188,7.03125,7.03125,5.27344,6.32813,5.625,7.38281,8.4375,8.4375,10.54688,11.95313,11.07422,8.67188,9.43359,9.84375,9.66797,10.42969,10.37109,10.48828,10.13672,10.42969,10.72266,10.95703,11.07422,0.115967,0.115967,0.158691,0.137939,0.158691,0.152588,0.13916,0.134277,0.126953,0.148926,0.142822
2016-10-03T07:00:00Z,8.78906,15.46875,16.17188,14.41406,16.52344,16.52344,17.92969,17.22656,14.41406,14.76563,12.30469,10.89844,10.60547,8.14453,9.66797,9.96094,10.19531,10.37109,10.60547,10.66406,10.60547,10.54688,10.66406,10.3125,10.83984,0.141602,0.19043,0.142822,0.136719,0.13916,0.150146,0.15625,0.169678,0.15625,0.180664,0.174561
2016-10-03T07:10:00Z,8.4375,10.54688,11.25,8.78906,12.65625,14.76563,11.60156,14.0625,11.95313,10.19531,10.54688,8.08594,10.54688,8.37891,9.96094,10.13672,9.72656,10.60547,10.42969,10.48828,10.42969,10.37109,10.37109,10.72266,10.42969,0.166016,0.101318,0.178223,0.177002,0.101318,0.123291,0.119629,0.137939,0.142822,0.133057,0.162354
2016-10-03T07:20:00Z,6.32813,7.03125,9.14063,7.38281,12.65625,10.54688,6.67969,9.84375,11.95313,11.95313,15.46875,14.76563,10.3125,8.20313,9.90234,9.90234,9.72656,10.07813,9.84375,9.84375,10.07813,10.60547,10.48828,10.01953,10.42969,0.115967,0.144043,0.144043,0.111084,0.146484,0.155029,0.167236,0.162354,0.141602,0.174561,0.133057
2016-10-03T07:30:00Z,1.75781,8.08594,9.84375,7.38281,9.84375,6.32813,5.97656,7.73438,6.67969,8.08594,7.73438,6.67969,10.48828,8.73047,10.25391,10.48828,10.01953,10.01953,10.37109,10.60547,10.95703,10.72266,10.72266,10.78125,10.54688,0.134277,0.150146,0.134277,0.109863,0.15625,0.119629,0.177002,0.128174,0.123291,0.159912,0.141602
2016-10-03T07:40:00Z,3.51563,6.32813,4.92188,7.38281,11.95313,10.54688,9.49219,16.52344,14.0625,14.0625,13.71094,5.97656,10.89844,7.91016,9.14063,9.31641,9.08203,9.78516,10.01953,9.66797,9.55078,9.375,9.55078,9.375,9.43359,0.166016,0.157471,0.135498,0.151367,0.179443,0.150146,0.140381,0.184326,0.161133,0.168457,0.124512
2016-10-03T07:50:00Z,359.64844,358.94531,2.8125,1.05469,3.86719,4.92188,4.21875,7.03125,7.03125,8.78906,8.4375,7.38281,10.25391,7.79297,9.25781,9.49219,9.375,9.90234,9.72656,9.25781,9.08203,9.31641,9.49219,9.375,9.375,0.151367,0.137939,0.123291,0.12085,0.135498,0.128174,0.134277,0.123291,0.123291,0.126953,0.12085
2016-10-03T08:00:00Z,3.51563,12.65625,14.41406,9.49219,11.25,8.78906,14.0625,8.08594,11.60156,9.49219,8.08594,9.84375,9.60938,7.79297,8.96484,9.08203,8.90625,9.19922,9.55078,9.49219,9.14063,9.14063,8.90625,9.19922,9.25781,0.101318,0.134277,0.159912,0.125732,0.147705,0.112305,0.130615,0.089111,0.145264,0.113525,0.125732
2016-10-03T08:10:00Z,10.19531,16.875,11.25,15.46875,10.54688,14.41406,14.0625,15.46875,14.41406,11.95313,13.00781,11.60156,9.84375,7.67578,9.14063,8.96484,9.49219,9.25781,9.72656,9.55078,9.72656,9.49219,9.25781,9.02344,9.96094,0.136719,0.155029,0.144043,0.10498,0.135498,0.137939,0.114746,0.113525,0.146484,0.142822,0.123291
2016-10-03T08:20:00Z,9.84375,12.65625,17.57813,16.17188,13.00781,13.35938,13.71094,13.00781,11.60156,11.95313,12.30469,16.17188,9.60938,7.44141,8.20313,8.20313,8.49609,8.73047,8.61328,8.4375,8.55469,8.32031,8.67188,8.73047,8.90625,0.10376,0.10498,0.123291,0.159912,0.167236,0.152588,0.148926,0.133057,0.152588,0.13916,0.123291
2016-10-03T08:30:00Z,1.75781,7.38281,8.08594,6.67969,5.27344,8.08594,8.08594,11.95313,7.03125,9.84375,10.19531,9.84375,9.43359,7.38281,8.49609,8.49609,8.67188,8.49609,8.67188,8.84766,8.84766,8.78906,8.96484,8.67188,9.02344,0.106201,0.113525,0.128174,0.096436,0.111084,0.123291,0.140381,0.140381,0.135498,0.168457,0.13916
2016-10-03T08:40:00Z,2.10938,7.73438,4.57031,9.14063,7.73438,5.97656,5.625,4.92188,7.03125,7.38281,8.08594,4.21875,9.66797,7.26563,8.26172,8.26172,8.73047,8.55469,8.49609,8.73047,8.84766,8.96484,8.67188,8.73047,8.61328,0.130615,0.12085,0.108643,0.098877,0.109863,0.134277,0.129395,0.102539,0.134277,0.123291,0.129395
2016-10-03T08:50:00Z,7.38281,6.67969,10.89844,8.78906,15.46875,14.0625,13.00781,8.78906,10.19531,10.89844,12.30469,11.25,9.43359,7.32422,8.02734,8.37891,8.49609,8.78906,8.4375,8.78906,8.73047,8.84766,8.4375,8.84766,8.78906,0.125732,0.113525,0.106201,0.118408,0.135498,0.125732,0.118408,0.137939,0.128174,0.134277,0.150146
2016-10-03T09:00:00Z,9.14063,15.11719,10.54688,15.82031,13.35938,12.30469,11.60156,10.89844,11.95313,11.25,12.30469,11.25,9.25781,7.38281,8.08594,8.73047,8.55469,8.73047,8.49609,8.73047,8.61328,8.73047,8.96484,8.84766,8.73047,0.131836,0.101318,0.118408,0.136719,0.12085,0.117188,0.102539,0.151367,0.145264,0.130615,0.107422
2016-10-03T09:10:00Z,8.08594,11.25,15.11719,15.46875,14.41406,13.71094,15.46875,17.92969,14.0625,17.92969,15.46875,14.41406,9.72656,7.61719,8.37891,8.78906,8.67188,8.78906,9.31641,9.25781,9.14063,9.08203,8.78906,9.14063,9.19922,0.141602,0.128174,0.070801,0.155029,0.096436,0.108643,0.115967,0.107422,0.129395,0.172119,0.133057
2016-10-03T09:20:00Z,9.49219,14.76563,9.84375,13.71094,12.65625,12.30469,11.95313,14.0625,15.11719,13.35938,12.65625,10.54688,9.19922,7.32422,8.61328,8.55469,8.49609,8.37891,8.73047,8.84766,8.78906,8.49609,8.67188,8.78906,8.55469,0.091553,0.114746,0.107422,0.107422,0.115967,0.100098,0.118408,0.137939,0.130615,0.117188,0.125732
2016-10-03T09:30:00Z,8.4375,15.46875,16.17188,16.875,16.17188,13.00781,18.28125,15.11719,18.63281,17.22656,15.82031,13.71094,9.19922,7.32422,8.32031,8.26172,8.49609,8.4375,8.26172,8.26172,8.37891,8.37891,8.49609,8.49609,8.32031,0.097656,0.084229,0.115967,0.100098,0.095215,0.108643,0.095215,0.085449,0.140381,0.133057,0.108643
2016-10-03T09:40:00Z,10.89844,15.46875,14.0625,10.54688,15.46875,12.30469,12.65625,8.78906,11.95313,10.89844,12.30469,8.08594,8.32031,6.67969,7.67578,7.73438,7.38281,7.85156,7.5,7.73438,7.79297,7.96875,7.61719,7.91016,8.14453,0.112305,0.109863,0.10376,0.085449,0.125732,0.108643,0.117188,0.098877,0.096436,0.093994,0.158691
2016-10-03T09:50:00Z,358.24219,359.64844,4.21875,3.51563,359.64844,2.46094,4.21875,3.51563,1.40625,359.29688,0.35156,0.35156,9.31641,7.26563,8.14453,8.55469,8.20313,8.49609,8.49609,8.14453,8.32031,8.84766,8.55469,8.61328,8.26172,0.151367,0.102539,0.108643,0.119629,0.159912,0.125732,0.151367,0.114746,0.135498,0.108643,0.151367
2016-10-03T10:10:00Z,352.61719,356.13281,355.78125,357.53906,357.89063,357.53906,357.1875,356.13281,357.53906,356.48438,358.94531,359.64844,8.32031,6.85547,7.20703,7.38281,7.5,7.5,7.85156,7.61719,7.91016,7.85156,7.44141,7.85156,7.91016,0.114746,0.095215,0.076904,0.101318,0.089111,0.101318,0.084229,0.119629,0.114746,0.126953,0.098877
2016-10-03T10:20:00Z,354.72656,359.29688,6.67969,0.35156,6.32813,3.16406,7.03125,4.21875,6.67969,4.21875,5.27344,4.57031,7.73438,6.03516,6.97266,6.91406,6.62109,6.79688,6.85547,7.20703,6.85547,7.08984,6.73828,6.85547,6.97266,0.13916,0.133057,0.130615,0.117188,0.115967,0.130615,0.118408,0.131836,0.129395,0.112305,0.112305
2016-10-03T10:30:00Z,357.1875,359.64844,2.8125,1.05469,2.8125,359.64844,359.64844,2.46094,358.94531,2.46094,0.35156,2.8125,7.55859,5.74219,6.85547,6.79688,6.73828,6.79688,7.03125,6.91406,6.79688,6.97266,6.97266,6.97266,7.03125,0.10498,0.135498,0.108643,0.130615,0.112305,0.10376,0.13916,0.152588,0.12085,0.144043,0.148926
2016-10-03T10:50:00Z,359.64844,1.40625,0.35156,359.64844,0.35156,1.05469,2.10938,2.46094,2.46094,359.29688,359.64844,358.94531,7.61719,5.68359,6.97266,7.03125,7.20703,7.20703,7.73438,7.85156,8.14453,8.26172,8.14453,8.14453,8.55469,0.12085,0.152588,0.124512,0.142822,0.134277,0.158691,0.124512,0.142822,0.158691,0.183105,0.169678
2016-10-03T11:00:00Z,347.69531,357.53906,357.89063,355.42969,357.89063,356.83594,356.48438,357.89063,358.59375,357.1875,355.42969,359.29688,8.67188,7.03125,8.37891,8.37891,8.32031,8.4375,8.61328,8.49609,8.61328,8.73047,8.90625,9.02344,9.02344,0.153809,0.106201,0.12207,0.123291,0.106201,0.119629,0.125732,0.114746,0.126953,0.13916,0.118408
2016-10-03T11:10:00Z,359.64844,0.70313,7.03125,8.08594,4.92188,0.70313,7.73438,10.19531,7.03125,5.97656,2.10938,7.38281,9.25781,7.38281,8.61328,8.55469,8.67188,8.4375,9.08203,9.02344,8.96484,8.49609,9.14063,9.19922,9.25781,0.112305,0.10498,0.106201,0.12085,0.144043,0.098877,0.111084,0.115967,0.12207,0.101318,0.147705
2016-10-03T11:20:00Z,0.35156,6.67969,7.73438,5.27344,7.03125,1.75781,3.16406,5.27344,4.21875,7.73438,4.92188,5.97656,9.49219,7.73438,9.49219,9.43359,9.49219,9.19922,9.31641,9.375,9.25781,9.60938,9.60938,9.49219,9.375,0.098877,0.109863,0.137939,0.144043,0.108643,0.102539,0.114746,0.130615,0.10376,0.10376,0.117188
2016-10-03T11:30:00Z,355.42969,2.8125,2.10938,4.57031,1.05469,1.75781,4.57031,3.86719,1.05469,2.10938,3.86719,5.27344,9.49219,7.61719,8.20313,8.49609,8.32031,8.61328,8.49609,8.67188,8.73047,8.55469,8.55469,8.90625,8.90625,0.129395,0.12085,0.10498,0.150146,0.163574,0.126953,0.126953,0.12207,0.144043,0.150146,0.112305
2016-10-03T11:50:00Z,2.46094,5.625,8.4375,11.25,5.625,10.89844,7.03125,9.84375,7.73438,10.19531,11.95313,12.65625,8.37891,6.73828,7.91016,8.26172,7.79297,8.4375,8.32031,8.14453,8.14453,8.32031,8.61328,8.32031,8.32031,0.130615,0.150146,0.128174,0.128174,0.145264,0.128174,0.145264,0.117188,0.13916,0.126953,0.134277
2016-10-03T12:00:00Z,9.49219,14.0625,15.11719,14.0625,16.17188,17.57813,13.71094,17.92969,14.76563,12.65625,14.41406,12.30469,8.37891,6.44531,7.55859,7.5,7.32422,7.44141,7.5,7.44141,7.44141,7.38281,7.67578,7.55859,7.44141,0.152588,0.125732,0.111084,0.151367,0.146484,0.113525,0.144043,0.076904,0.115967,0.134277,0.146484
2016-10-03T12:10:00Z,9.14063,16.875,15.82031,16.52344,16.17188,12.30469,12.30469,13.35938,14.41406,18.63281,14.0625,14.76563,8.26172,6.21094,7.14844,7.26563,7.26563,7.26563,7.32422,7.67578,7.73438,8.26172,7.73438,7.55859,7.91016,0.133057,0.141602,0.137939,0.119629,0.141602,0.142822,0.089111,0.128174,0.137939,0.124512,0.175781
2016-10-03T12:20:00Z,9.49219,17.57813,16.52344,13.00781,18.63281,16.875,14.0625,17.57813,16.17188,15.11719,14.76563,13.00781,9.14063,7.08984,8.55469,8.37891,8.4375,8.55469,8.49609,8.73047,8.78906,8.55469,8.61328,8.73047,8.67188,0.106201,0.111084,0.113525,0.111084,0.089111,0.108643,0.093994,0.108643,0.130615,0.148926,0.146484
2016-10-03T12:30:00Z,7.73438,12.30469,14.0625,12.30469,13.71094,14.41406,11.25,12.65625,16.17188,19.6875,16.875,16.875,10.19531,7.73438,9.55078,9.49219,9.25781,9.49219,9.19922,9.43359,9.66797,9.60938,9.31641,9.25781,9.31641,0.102539,0.111084,0.133057,0.162354,0.131836,0.13916,0.130615,0.126953,0.142822,0.167236,0.162354
2016-10-03T12:40:00Z,15.82031,19.6875,22.14844,24.25781,20.74219,24.60938,23.55469,25.3125,22.85156,24.96094,23.55469,24.25781,9.84375,7.91016,9.19922,9.19922,8.84766,9.08203,9.375,9.25781,9.43359,8.96484,9.14063,8.90625,9.02344,0.123291,0.106201,0.130615,0.152588,0.118408,0.114746,0.12207,0.129395,0.118408,0.145264,0.146484
2016-10-03T12:50:00Z,18.63281,25.66406,26.71875,25.66406,26.71875,27.07031,22.5,20.03906,21.44531,22.5,25.66406,22.14844,9.84375,7.5,8.55469,8.96484,8.26172,8.67188,8.49609,8.67188,8.84766,8.90625,9.02344,9.14063,8.84766,0.144043,0.107422,0.08667,0.124512,0.12085,0.141602,0.126953,0.146484,0.155029,0.114746,0.158691
2016-10-03T13:00:00Z,19.6875,25.66406,24.60938,25.66406,26.71875,25.66406,24.96094,22.14844,21.79688,20.74219,20.03906,19.6875,10.25391,6.91406,7.67578,7.96875,8.02734,8.20313,8.20313,8.02734,8.55469,8.32031,8.14453,8.20313,8.4375,0.168457,0.133057,0.142822,0.124512,0.142822,0.155029,0.125732,0.141602,0.119629,0.136719,0.145264
2016-10-03T13:10:00Z,18.28125,23.55469,24.25781,25.66406,25.3125,26.01563,27.07031,26.36719,27.77344,27.07031,24.25781,24.96094,8.90625,7.44141,8.96484,9.02344,8.61328,9.02344,8.90625,8.55469,8.96484,9.14063,9.02344,8.67188,9.19922,0.155029,0.164795,0.136719,0.097656,0.167236,0.113525,0.126953,0.126953,0.124512,0.141602,0.091553
2016-10-03T13:20:00Z,19.33594,25.3125,25.3125,22.14844,22.5,22.85156,24.25781,27.42188,29.53125,27.07031,22.14844,25.3125,9.14063,7.44141,8.90625,8.49609,8.84766,8.73047,9.14063,9.25781,9.49219,8.78906,8.96484,9.31641,9.55078,0.12085,0.133057,0.162354,0.179443,0.102539,0.115967,0.147705,0.164795,0.151367,0.189209,0.164795
2016-10-03T13:30:00Z,15.11719,22.14844,22.5,23.20313,24.25781,21.09375,22.14844,22.85156,22.5,23.20313,22.5,23.90625,9.66797,7.79297,8.67188,9.08203,8.78906,9.02344,9.08203,9.31641,9.375,9.49219,9.66797,9.19922,9.66797,0.129395,0.129395,0.126953,0.131836,0.118408,0.148926,0.147705,0.13916,0.107422,0.168457,0.130615
2016-10-03T13:40:00Z,17.92969,29.17969,28.47656,29.53125,26.71875,24.60938,25.66406,28.125,25.3125,26.01563,28.47656,26.71875,9.72656,7.79297,9.25781,8.67188,9.375,9.14063,9.49219,9.66797,9.31641,9.19922,9.49219,9.55078,9.90234,0.145264,0.151367,0.13916,0.141602,0.113525,0.097656,0.151367,0.150146,0.119629,0.114746,0.117188
2016-10-03T13:50:00Z,23.20313,30.9375,30.58594,28.82813,29.88281,29.17969,28.82813,26.36719,27.07031,29.17969,28.125,26.36719,10.19531,8.20313,9.55078,9.84375,9.96094,9.72656,9.84375,9.90234,9.78516,9.96094,9.66797,9.49219,9.78516,0.130615,0.166016,0.096436,0.135498,0.128174,0.115967,0.129395,0.130615,0.126953,0.145264,0.130615
2016-10-03T14:00:00Z,24.96094,35.85938,35.15625,36.5625,35.15625,29.53125,32.34375,31.28906,31.99219,34.10156,30.9375,31.99219,10.07813,8.14453,9.49219,9.72656,9.78516,9.72656,9.66797,9.78516,9.84375,10.19531,9.72656,9.84375,10.07813,0.100098,0.15625,0.101318,0.119629,0.112305,0.136719,0.129395,0.142822,0.144043,0.15625,0.168457
2016-10-03T14:10:00Z,27.07031,33.39844,31.64063,33.04688,31.99219,33.39844,35.15625,33.75,33.39844,30.9375,30.23438,33.39844,10.25391,8.02734,9.19922,9.14063,9.19922,9.375,9.60938,9.25781,9.55078,9.49219,9.43359,9.78516,9.96094,0.115967,0.159912,0.126953,0.119629,0.161133,0.150146,0.130615,0.169678,0.150146,0.157471,0.169678
2016-10-03T14:20:00Z,31.99219,35.85938,34.80469,35.50781,34.80469,32.69531,33.75,33.04688,32.69531,32.34375,31.64063,34.45313,10.48828,7.96875,9.43359,9.60938,9.72656,9.78516,9.60938,9.84375,10.01953,10.07813,9.90234,9.72656,10.13672,0.107422,0.115967,0.118408,0.111084,0.12085,0.134277,0.114746,0.133057,0.136719,0.150146,0.12085
2016-10-03T14:30:00Z,31.99219,34.10156,33.39844,39.02344,32.69531,31.99219,34.45313,35.85938,35.50781,34.10156,35.85938,36.91406,10.07813,7.79297,8.73047,8.90625,9.02344,9.25781,9.49219,9.60938,9.31641,9.49219,9.72656,9.90234,9.84375,0.113525,0.129395,0.134277,0.126953,0.129395,0.130615,0.125732,0.107422,0.145264,0.163574,0.125732
2016-10-03T14:40:00Z,32.34375,36.5625,34.10156,35.50781,33.39844,33.39844,32.34375,32.69531,30.23438,29.17969,33.39844,32.69531,10.07813,7.79297,8.73047,8.78906,9.02344,9.08203,9.14063,9.14063,9.14063,9.14063,9.31641,9.19922,9.08203,0.119629,0.109863,0.148926,0.129395,0.133057,0.161133,0.131836,0.111084,0.128174,0.142822,0.12207
2016-10-03T14:50:00Z,34.45313,35.15625,33.04688,36.5625,34.10156,33.75,35.50781,34.80469,35.85938,36.5625,36.5625,36.21094,10.37109,7.79297,9.02344,9.14063,9.08203,9.14063,9.25781,9.375,9.43359,9.55078,9.375,9.31641,9.14063,0.115967,0.076904,0.115967,0.091553,0.144043,0.142822,0.115967,0.125732,0.129395,0.150146,0.117188
2016-10-03T15:00:00Z,32.34375,38.32031,35.85938,36.21094,32.69531,33.39844,32.69531,30.9375,30.9375,34.10156,34.45313,35.15625,9.96094,7.85156,9.14063,9.14063,9.14063,9.25781,9.14063,9.08203,9.25781,9.375,9.43359,9.31641,9.43359,0.092773,0.090332,0.114746,0.101318,0.093994,0.096436,0.098877,0.117188,0.109863,0.089111,0.126953
2016-10-03T15:10:00Z,33.75,39.72656,36.91406,37.96875,35.15625,41.13281,40.78125,40.07813,39.72656,37.96875,37.26563,32.69531,9.375,7.26563,8.55469,8.61328,8.84766,8.67188,8.84766,8.61328,8.90625,9.19922,8.90625,8.73047,8.84766,0.092773,0.096436,0.107422,0.10498,0.107422,0.119629,0.109863,0.109863,0.085449,0.128174,0.115967
2016-10-03T15:20:00Z,34.45313,38.67188,37.26563,35.50781,37.61719,37.96875,36.5625,37.61719,37.61719,39.02344,39.02344,39.375,9.19922,7.03125,8.02734,8.14453,7.91016,8.26172,8.14453,8.08594,8.08594,8.4375,8.20313,8.20313,8.02734,0.106201,0.117188,0.090332,0.08667,0.098877,0.102539,0.117188,0.102539,0.109863,0.126953,0.131836
2016-10-03T15:30:00Z,33.75,35.15625,35.15625,31.99219,36.5625,39.375,37.61719,39.72656,37.96875,39.02344,37.61719,36.21094,8.55469,6.85547,7.79297,7.79297,7.85156,8.02734,7.96875,7.96875,7.91016,7.96875,8.20313,7.96875,7.96875,0.102539,0.111084,0.096436,0.119629,0.128174,0.140381,0.113525,0.126953,0.119629,0.090332,0.107422
2016-10-03T15:40:00Z,31.64063,38.67188,33.75,32.69531,30.23438,33.04688,29.88281,32.34375,29.53125,30.58594,30.23438,33.39844,8.73047,6.91406,7.96875,8.14453,8.4375,8.20313,8.32031,8.32031,8.32031,8.37891,8.26172,8.37891,8.20313,0.123291,0.109863,0.135498,0.10376,0.118408,0.089111,0.10376,0.129395,0.119629,0.124512,0.107422
2016-10-03T15:50:00Z,29.53125,34.80469,34.80469,35.15625,29.17969,29.53125,29.53125,29.17969,32.34375,29.53125,30.58594,34.45313,9.49219,7.26563,8.49609,8.32031,8.61328,8.55469,8.90625,9.02344,9.08203,9.14063,8.96484,9.02344,9.08203,0.091553,0.100098,0.113525,0.093994,0.134277,0.114746,0.123291,0.083008,0.128174,0.148926,0.123291
2016-10-03T16:00:00Z,28.47656,32.69531,28.47656,30.9375,30.9375,30.9375,30.23438,29.53125,32.34375,36.21094,35.50781,35.50781,9.84375,7.61719,9.25781,9.31641,9.375,9.31641,9.43359,9.375,9.72656,9.66797,9.78516,9.66797,9.43359,0.118408,0.134277,0.096436,0.111084,0.131836,0.130615,0.118408,0.124512,0.144043,0.137939,0.112305
2016-10-03T16:10:00Z,31.28906,33.75,35.50781,33.04688,34.80469,34.10156,35.15625,36.91406,39.02344,37.61719,39.72656,35.50781,10.19531,7.85156,9.66797,9.66797,9.60938,9.66797,9.78516,9.96094,9.90234,10.07813,10.07813,10.19531,10.3125,0.087891,0.096436,0.078125,0.102539,0.083008,0.096436,0.100098,0.100098,0.112305,0.108643,0.125732
2016-10-03T16:20:00Z,33.39844,38.67188,38.67188,34.45313,37.96875,39.72656,40.07813,39.02344,37.96875,36.5625,35.85938,36.21094,10.3125,8.20313,9.43359,9.55078,9.84375,9.72656,9.72656,10.13672,10.25391,10.01953,10.13672,10.07813,10.19531,0.134277,0.097656,0.12085,0.091553,0.067139,0.123291,0.131836,0.12085,0.123291,0.141602,0.114746
2016-10-03T16:30:00Z,33.39844,32.69531,34.45313,33.39844,38.32031,41.48438,46.05469,43.59375,42.1875,40.42969,37.61719,31.28906,10.54688,8.26172,10.01953,10.3125,9.96094,10.48828,10.54688,10.42969,10.66406,10.48828,10.3125,10.3125,10.25391,0.091553,0.118408,0.097656,0.133057,0.117188,0.10498,0.111084,0.092773,0.119629,0.131836,0.098877
2016-10-03T16:40:00Z,36.5625,39.02344,37.26563,43.24219,33.75,36.91406,35.15625,31.99219,40.78125,43.94531,42.53906,46.40625,10.37109,8.26172,9.43359,9.78516,9.90234,10.07813,10.07813,10.01953,10.19531,10.13672,10.01953,10.07813,10.3125,0.092773,0.092773,0.085449,0.123291,0.085449,0.114746,0.107422,0.106201,0.10376,0.12207,0.10376
2016-10-03T16:50:00Z,34.10156,41.13281,41.13281,40.42969,41.83594,42.53906,43.24219,42.1875,44.29688,42.1875,43.24219,42.89063,10.25391,8.02734,8.96484,9.14063,9.19922,9.25781,9.60938,9.78516,9.84375,9.49219,9.49219,9.60938,9.66797,0.147705,0.109863,0.124512,0.118408,0.119629,0.10376,0.093994,0.089111,0.140381,0.134277,0.145264
2016-10-03T17:00:00Z,40.42969,46.40625,44.29688,48.51563,43.24219,38.67188,40.42969,44.29688,43.94531,46.40625,46.05469,45.0,9.72656,7.55859,8.90625,9.19922,9.375,9.25781,9.49219,9.84375,9.96094,9.66797,9.78516,9.78516,9.96094,0.106201,0.114746,0.114746,0.128174,0.124512,0.108643,0.095215,0.115967,0.130615,0.135498,0.108643
2016-10-03T17:10:00Z,37.26563,47.10938,45.35156,42.1875,44.64844,45.70313,43.94531,43.94531,45.70313,44.64844,43.94531,45.35156,9.90234,8.20313,9.60938,9.60938,9.78516,9.55078,9.55078,9.90234,9.84375,10.01953,9.60938,9.55078,9.375,0.100098,0.107422,0.113525,0.119629,0.10498,0.097656,0.102539,0.146484,0.126953,0.145264,0.15625
2016-10-03T17:20:00Z,36.5625,44.64844,42.89063,43.59375,41.83594,41.48438,43.59375,40.78125,43.94531,40.07813,42.53906,40.78125,10.07813,7.73438,9.08203,9.19922,9.31641,9.02344,9.08203,9.25781,9.55078,9.43359,9.25781,9.25781,9.25781,0.128174,0.10498,0.109863,0.157471,0.123291,0.106201,0.115967,0.113525,0.133057,0.111084,0.147705
2016-10-03T17:30:00Z,38.32031,40.07813,40.42969,41.13281,42.1875,42.1875,43.94531,39.72656,43.59375,42.53906,42.1875,41.48438,9.84375,8.02734,8.61328,8.61328,8.84766,9.19922,9.14063,9.19922,9.14063,9.375,9.14063,9.14063,9.25781,0.136719,0.133057,0.125732,0.117188,0.098877,0.115967,0.135498,0.142822,0.145264,0.141602,0.12207
2016-10-03T17:40:00Z,33.75,40.07813,39.375,42.1875,33.39844,34.45313,37.61719,39.02344,40.42969,37.96875,37.96875,35.50781,9.31641,7.26563,8.4375,8.26172,8.49609,8.96484,9.25781,9.55078,9.375,8.96484,9.14063,9.25781,9.43359,0.112305,0.183105,0.137939,0.174561,0.141602,0.140381,0.155029,0.174561,0.141602,0.140381,0.147705
2016-10-03T17:50:00Z,39.02344,46.40625,45.35156,48.51563,45.70313,46.40625,43.24219,44.29688,45.35156,43.59375,45.70313,46.05469,10.13672,7.96875,9.43359,9.72656,9.49219,9.60938,9.49219,9.84375,10.07813,9.78516,9.90234,10.3125,10.19531,0.111084,0.10498,0.130615,0.148926,0.108643,0.128174,0.146484,0.114746,0.114746,0.101318,0.13916
2016-10-03T18:00:00Z,39.02344,42.1875,42.1875,45.35156,43.24219,42.1875,46.05469,48.86719,45.70313,45.0,45.35156,46.05469,10.37109,8.14453,9.55078,9.84375,9.90234,9.84375,10.13672,10.13672,9.96094,9.66797,9.60938,9.90234,9.96094,0.100098,0.113525,0.131836,0.129395,0.118408,0.118408,0.128174,0.133057,0.15625,0.185547,0.167236
2016-10-03T18:10:00Z,39.375,49.92188,47.46094,49.21875,47.8125,49.57031,47.46094,48.51563,47.8125,47.46094,50.27344,49.21875,10.37109,8.08594,9.60938,10.01953,9.90234,10.01953,10.19531,10.3125,10.25391,10.13672,10.54688,10.3125,10.37109,0.134277,0.131836,0.119629,0.137939,0.135498,0.102539,0.118408,0.107422,0.10498,0.133057,0.147705
2016-10-03T18:20:00Z,46.05469,51.67969,51.32813,48.86719,55.19531,50.625,51.32813,49.57031,49.57031,49.57031,49.92188,49.92188,10.54688,8.49609,9.96094,9.96094,10.25391,10.07813,10.3125,9.96094,10.25391,10.48828,10.60547,10.60547,10.54688,0.117188,0.150146,0.163574,0.130615,0.102539,0.148926,0.124512,0.128174,0.166016,0.140381,0.15625
2016-10-03T18:30:00Z,41.83594,48.51563,47.46094,48.16406,46.05469,43.24219,43.94531,43.94531,44.29688,45.35156,46.05469,47.8125,10.78125,8.32031,10.42969,10.72266,10.37109,10.54688,10.66406,10.78125,10.78125,11.13281,10.78125,10.66406,10.78125,0.125732,0.141602,0.15625,0.128174,0.128174,0.124512,0.10498,0.174561,0.115967,0.158691,0.170898
2016-10-03T18:40:00Z,39.02344,48.51563,48.51563,48.16406,46.40625,48.16406,45.70313,44.29688,46.75781,46.40625,49.21875,46.05469,10.95703,8.84766,10.72266,10.48828,10.54688,10.48828,10.60547,10.42969,10.54688,10.89844,10.78125,10.78125,10.60547,0.133057,0.113525,0.123291,0.128174,0.117188,0.13916,0.140381,0.146484,0.141602,0.118408,0.142822
2016-10-03T18:50:00Z,42.1875,51.67969,53.08594,50.27344,52.73438,52.03125,50.97656,49.21875,48.86719,50.27344,53.08594,50.97656,10.60547,8.67188,10.78125,10.48828,10.54688,10.42969,10.3125,10.48828,10.72266,11.25,11.07422,10.72266,10.42969,0.147705,0.161133,0.126953,0.174561,0.162354,0.157471,0.168457,0.148926,0.137939,0.128174,0.147705
2016-10-03T19:00:00Z,50.625,59.41406,60.11719,58.71094,58.00781,55.54688,57.30469,56.25,55.54688,53.78906,57.65625,54.49219,11.30859,9.55078,11.25,10.89844,11.66016,10.89844,10.95703,11.25,11.25,11.77734,11.54297,10.83984,11.07422,0.131836,0.147705,0.164795,0.150146,0.124512,0.128174,0.147705,0.170898,0.129395,0.148926,0.150146
2016-10-03T19:10:00Z,47.8125,52.38281,54.14063,50.97656,54.14063,57.30469,59.41406,56.95313,55.89844,50.97656,51.32813,53.08594,11.48438,9.375,11.01563,11.25,11.07422,11.42578,11.77734,11.83594,11.19141,11.25,11.83594,11.77734,11.36719,0.153809,0.130615,0.151367,0.186768,0.140381,0.123291,0.113525,0.123291,0.142822,0.123291,0.112305
2016-10-03T19:20:00Z,43.24219,49.57031,52.73438,52.73438,51.32813,51.32813,54.49219,53.78906,52.03125,52.38281,50.625,52.38281,11.36719,8.84766,10.66406,10.42969,10.83984,11.01563,11.13281,10.95703,10.78125,10.42969,10.89844,10.72266,11.13281,0.126953,0.142822,0.152588,0.152588,0.148926,0.115967,0.135498,0.152588,0.155029,0.164795,0.169678
2016-10-03T19:30:00Z,46.75781,55.89844,56.95313,57.30469,57.65625,56.25,51.67969,52.38281,51.32813,52.38281,54.14063,55.19531,11.42578,8.90625,10.54688,10.78125,10.95703,10.78125,10.89844,10.48828,10.89844,11.13281,11.42578,11.25,11.54297,0.12085,0.112305,0.146484,0.093994,0.118408,0.136719,0.124512,0.109863,0.129395,0.152588,0.150146
2016-10-03T19:40:00Z,47.8125,51.32813,52.03125,53.08594,51.67969,52.73438,49.92188,52.73438,52.38281,57.30469,58.35938,57.30469,11.83594,9.25781,11.30859,11.36719,10.89844,11.13281,11.48438,11.42578,11.71875,11.89453,12.12891,11.66016,11.30859,0.145264,0.12207,0.130615,0.141602,0.161133,0.168457,0.137939,0.161133,0.174561,0.126953,0.137939
2016-10-03T19:50:00Z,45.0,54.14063,56.95313,51.67969,54.14063,52.73438,52.73438,54.49219,55.54688,55.19531,54.14063,52.73438,11.54297,9.49219,11.89453,11.95313,11.89453,11.25,11.71875,12.12891,12.36328,12.24609,11.77734,12.1875,11.89453,0.129395,0.148926,0.148926,0.133057,0.15625,0.15625,0.158691,0.184326,0.19043,0.141602,0.089111
2016-10-03T20:00:00Z,48.51563,54.49219,55.19531,54.49219,57.65625,57.65625,56.95313,59.76563,62.92969,59.0625,56.60156,55.19531,11.77734,9.84375,11.77734,11.83594,11.48438,11.66016,12.01172,12.07031,12.53906,12.30469,11.77734,11.54297,12.30469,0.124512,0.10376,0.10376,0.140381,0.13916,0.114746,0.114746,0.13916,0.125732,0.129395,0.114746
2016-10-03T20:10:00Z,52.03125,55.54688,58.71094,54.14063,58.71094,57.30469,55.54688,56.60156,55.54688,55.54688,52.73438,53.08594,12.30469,9.72656,12.48047,12.36328,12.36328,12.12891,12.1875,12.53906,12.77344,12.65625,13.18359,12.83203,12.89063,0.102539,0.136719,0.107422,0.135498,0.130615,0.172119,0.12207,0.133057,0.124512,0.129395,0.12085
2016-10-03T20:20:00Z,48.86719,54.49219,60.46875,53.4375,56.60156,56.95313,56.60156,57.30469,56.60156,58.71094,56.95313,57.30469,13.41797,10.83984,13.125,13.41797,12.94922,12.59766,13.00781,13.00781,13.59375,13.47656,13.18359,13.125,13.35938,0.123291,0.167236,0.117188,0.135498,0.135498,0.134277,0.135498,0.141602,0.158691,0.175781,0.163574
2016-10-03T20:30:00Z,46.05469,52.38281,53.78906,51.67969,52.38281,53.4375,53.08594,54.84375,54.49219,51.67969,52.03125,52.73438,12.48047,9.90234,11.77734,11.77734,11.83594,11.95313,12.48047,12.77344,12.24609,11.95313,12.53906,12.65625,12.36328,0.145264,0.12207,0.137939,0.142822,0.096436,0.153809,0.137939,0.126953,0.162354,0.115967,0.148926
2016-10-03T20:40:00Z,50.27344,55.89844,61.875,58.35938,63.63281,61.52344,61.52344,61.52344,61.52344,57.30469,63.63281,61.875,12.48047,10.01953,12.36328,12.48047,12.07031,12.42188,12.36328,12.36328,12.53906,12.48047,12.07031,12.48047,12.30469,0.123291,0.109863,0.107422,0.131836,0.146484,0.137939,0.117188,0.113525,0.107422,0.101318,0.128174
2016-10-03T20:50:00Z,52.73438,57.30469,61.52344,61.875,58.35938,58.71094,57.65625,56.95313,59.0625,58.71094,57.30469,59.41406,12.12891,9.90234,10.83984,11.13281,10.66406,11.19141,11.48438,11.71875,11.71875,11.66016,11.60156,11.89453,11.77734,0.140381,0.117188,0.109863,0.10376,0.118408,0.091553,0.153809,0.125732,0.153809,0.155029,0.106201
2016-10-03T21:00:00Z,53.78906,61.52344,63.28125,61.17188,66.09375,65.39063,61.52344,61.17188,62.92969,65.39063,63.98438,62.57813,13.06641,10.19531,12.01172,12.36328,11.71875,12.42188,12.24609,12.48047,12.65625,12.83203,12.48047,12.36328,12.53906,0.135498,0.162354,0.118408,0.118408,0.102539,0.124512,0.112305,0.135498,0.134277,0.145264,0.131836
2016-10-03T21:10:00Z,52.03125,59.41406,58.35938,63.98438,60.46875,61.875,59.41406,60.11719,60.82031,60.46875,61.17188,62.92969,12.59766,10.42969,11.95313,12.01172,11.95313,12.30469,12.30469,12.24609,12.24609,12.59766,12.42188,12.12891,12.53906,0.137939,0.118408,0.089111,0.108643,0.114746,0.126953,0.137939,0.115967,0.10376,0.125732,0.129395
2016-10-03T21:20:00Z,52.03125,58.00781,59.41406,58.35938,61.52344,61.17188,62.22656,57.30469,56.25,60.46875,61.17188,60.82031,12.48047,10.37109,11.95313,11.89453,11.66016,12.01172,12.36328,12.42188,12.30469,11.89453,12.24609,12.1875,12.24609,0.10498,0.117188,0.101318,0.111084,0.098877,0.109863,0.102539,0.111084,0.106201,0.093994,0.10376
2016-10-03T21:30:00Z,57.30469,66.09375,66.44531,70.66406,65.74219,67.14844,67.85156,67.85156,68.55469,67.85156,63.98438,68.55469,12.53906,10.3125,11.83594,12.24609,12.24609,12.12891,12.30469,12.30469,12.36328,12.30469,12.24609,12.42188,12.83203,0.101318,0.073242,0.12085,0.101318,0.111084,0.097656,0.098877,0.076904,0.126953,0.109863,0.112305
2016-10-03T21:40:00Z,59.0625,62.22656,71.01563,66.44531,69.60938,69.25781,66.79688,70.66406,69.25781,68.20313,67.5,66.44531,13.00781,10.54688,11.89453,12.48047,11.83594,12.48047,12.77344,12.36328,12.83203,12.42188,12.59766,12.53906,12.71484,0.096436,0.10376,0.112305,0.134277,0.091553,0.101318,0.126953,0.087891,0.125732,0.141602,0.10376
2016-10-03T21:50:00Z,64.33594,68.55469,71.01563,71.01563,72.42188,74.53125,73.125,70.3125,73.125,71.71875,73.125,74.53125,13.18359,10.83984,13.06641,13.125,12.71484,13.00781,12.89063,12.65625,12.77344,12.77344,13.06641,12.94922,12.89063,0.124512,0.130615,0.119629,0.115967,0.107422,0.113525,0.145264,0.08667,0.080566,0.101318,0.129395
2016-10-03T22:00:00Z,65.39063,72.77344,74.53125,72.42188,74.53125,71.36719,74.17969,73.82813,72.77344,75.23438,75.9375,74.17969,12.83203,10.72266,12.36328,12.30469,12.71484,12.07031,12.59766,12.42188,12.59766,12.59766,12.77344,12.48047,12.48047,0.111084,0.142822,0.146484,0.119629,0.128174,0.108643,0.130615,0.146484,0.128174,0.10376,0.112305
2016-10-03T22:10:00Z,61.52344,69.96094,73.82813,71.71875,68.90625,71.36719,72.07031,72.77344,70.3125,68.90625,73.47656,69.60938,12.89063,10.37109,11.95313,12.01172,12.48047,13.00781,12.83203,12.71484,12.65625,12.48047,12.65625,13.125,13.06641,0.10376,0.10376,0.102539,0.089111,0.111084,0.102539,0.098877,0.119629,0.130615,0.125732,0.118408
2016-10-03T22:20:00Z,60.82031,68.90625,67.5,69.25781,70.3125,67.5,68.90625,68.90625,66.44531,67.14844,68.20313,73.125,12.77344,10.72266,12.48047,12.42188,12.30469,12.53906,12.59766,12.65625,12.89063,12.83203,12.83203,12.30469,13.18359,0.112305,0.109863,0.123291,0.112305,0.123291,0.092773,0.10376,0.100098,0.085449,0.111084,0.12207
2016-10-03T22:30:00Z,62.57813,72.07031,76.64063,73.47656,71.36719,72.42188,71.71875,72.07031,71.36719,71.36719,73.47656,71.71875,12.42188,10.42969,11.71875,11.71875,12.01172,12.65625,12.42188,12.12891,12.36328,12.59766,12.42188,12.42188,12.1875,0.118408,0.10376,0.101318,0.102539,0.080566,0.141602,0.12207,0.119629,0.130615,0.109863,0.146484
2016-10-03T22:40:00Z,65.39063,71.71875,73.125,75.23438,68.55469,70.3125,73.47656,75.9375,73.82813,70.66406,69.60938,74.88281,13.18359,10.19531,11.25,11.83594,11.36719,11.89453,11.66016,12.07031,12.1875,11.89453,11.71875,11.83594,12.1875,0.111084,0.096436,0.100098,0.115967,0.098877,0.124512,0.117188,0.100098,0.114746,0.125732,0.161133
2016-10-03T22:50:00Z,63.63281,69.96094,74.88281,72.77344,76.28906,76.64063,72.42188,75.23438,75.23438,76.64063,76.99219,73.125,12.24609,10.13672,11.60156,11.36719,11.25,11.30859,11.60156,11.60156,11.83594,11.77734,11.54297,11.71875,11.77734,0.090332,0.114746,0.093994,0.141602,0.118408,0.098877,0.10498,0.12085,0.150146,0.137939,0.102539
2016-10-03T23:00:00Z,67.85156,78.75,78.75,78.04688,78.39844,78.04688,80.50781,75.23438,80.15625,76.28906,78.75,75.58594,11.71875,9.375,10.78125,11.07422,11.07422,11.25,11.48438,11.30859,11.13281,11.07422,10.95703,11.36719,11.66016,0.117188,0.130615,0.118408,0.119629,0.106201,0.155029,0.152588,0.141602,0.133057,0.141602,0.147705
2016-10-03T23:10:00Z,72.42188,78.04688,80.85938,81.21094,81.91406,80.50781,79.80469,78.75,78.75,80.50781,81.21094,79.45313,11.71875,9.60938,10.66406,11.07422,10.60547,10.72266,10.83984,11.30859,11.07422,11.01563,11.13281,10.95703,10.89844,0.13916,0.137939,0.12207,0.117188,0.124512,0.10376,0.133057,0.102539,0.095215,0.144043,0.118408
2016-10-03T23:20:00Z,71.01563,77.34375,78.75,80.50781,79.10156,77.69531,77.69531,80.50781,79.45313,80.50781,76.28906,77.69531,11.25,9.25781,10.95703,11.13281,11.19141,10.95703,11.07422,11.25,11.19141,11.25,10.78125,11.13281,11.13281,0.130615,0.118408,0.131836,0.10376,0.108643,0.129395,0.146484,0.135498,0.153809,0.13916,0.12085
2016-10-03T23:30:00Z,74.17969,81.5625,82.26563,84.375,81.5625,84.02344,84.375,80.50781,82.26563,81.91406,81.91406,84.02344,12.65625,9.96094,11.48438,11.83594,11.36719,11.71875,11.95313,11.83594,11.95313,12.01172,12.42188,12.01172,11.95313,0.087891,0.114746,0.100098,0.096436,0.109863,0.130615,0.101318,0.113525,0.13916,0.147705,0.134277
2016-10-03T23:40:00Z,74.53125,81.21094,84.375,77.34375,80.85938,78.39844,79.10156,81.5625,82.61719,80.50781,82.26563,84.375,11.89453,9.14063,10.42969,10.42969,10.01953,10.3125,10.83984,10.54688,10.60547,10.19531,10.54688,11.01563,10.60547,0.140381,0.130615,0.106201,0.137939,0.129395,0.10376,0.118408,0.125732,0.118408,0.140381,0.131836
2016-10-03T23:50:00Z,71.71875,80.50781,76.28906,75.9375,78.39844,80.15625,78.04688,84.375,82.26563,78.04688,80.50781,82.26563,10.83984,8.61328,9.66797,10.01953,10.07813,10.13672,10.13672,10.13672,10.3125,10.07813,10.19531,10.19531,10.66406,0.118408,0.155029,0.111084,0.137939,0.12085,0.137939,0.115967,0.134277,0.133057,0.117188,0.108643