LOCATION: 
SYSTEM SERIAL: HKZA
TIMESTAMP (ISO-8601) UTC,WindDir004m deg,WindDir030m deg,WindDir040m deg,WindDir040m_ref deg,WindDir060m deg,WindDir080m deg,WindDir100m deg,WindDir120m deg,WindDir140m deg,WindDir160m deg,WindDir180m deg,WindDir200m deg,WindGust004m m/s,WindSpeed004m m/s,WindSpeed030mh m/s,WindSpeed040mh m/s,WindSpeed040m_refh m/s,WindSpeed060mh m/s,WindSpeed080mh m/s,WindSpeed100mh m/s,WindSpeed120mh m/s,WindSpeed140mh m/s,WindSpeed160mh m/s,WindSpeed180mh m/s,WindSpeed200mh m/s,TI 030m,TI 040m,TI 040m ref,TI 060m,TI 080m,TI 100m,TI 120m,TI 140m,TI 160m,TI 180m,TI 200m
2016-09-08T00:00:00Z,87.89063,98.78906,100.89844,101.60156,106.17188,110.03906,116.01563,118.82813,121.28906,124.10156,116.36719,172.96875,4.04297,3.33984,5.27344,5.80078,5.74219,6.32813,7.32422,8.26172,8.20313,8.08594,8.20313,8.4375,8.32031,0.087891,0.06958,0.079346,0.06958,0.054932,0.068359,0.061035,0.058594,0.056152,0.061035,0.062256
2016-09-08T00:10:00Z,87.1875,96.67969,100.19531,101.25,106.17188,110.03906,114.96094,120.58594,118.47656,137.10938,136.05469,148.71094,4.39453,3.69141,5.50781,5.85938,5.80078,6.5625,7.55859,7.96875,8.08594,8.02734,8.26172,8.4375,8.55469,0.064697,0.056152,0.06958,0.073242,0.036621,0.053711,0.064697,0.078125,0.067139,0.063477,0.047607
2016-09-08T00:20:00Z,85.78125,100.89844,104.76563,104.41406,108.63281,111.09375,118.47656,116.36719,121.99219,117.77344,5.625,142.03125,4.16016,3.51563,5.33203,5.80078,5.85938,6.67969,7.38281,7.79297,7.85156,8.20313,8.37891,8.49609,8.49609,0.068359,0.05249,0.050049,0.056152,0.063477,0.057373,0.050049,0.05127,0.057373,0.053711,0.05127
2016-09-08T00:30:00Z,86.48438,100.89844,104.0625,104.0625,110.03906,114.25781,121.28906,123.75,114.96094,141.67969,142.38281,138.51563,4.33594,3.69141,5.56641,6.03516,5.91797,6.67969,7.5,7.79297,8.08594,8.73047,9.14063,8.96484,8.90625,0.073242,0.047607,0.057373,0.056152,0.036621,0.074463,0.05249,0.056152,0.054932,0.048828,0.05127
2016-09-08T00:40:00Z,88.24219,105.11719,107.57813,107.57813,112.5,116.01563,121.28906,106.17188,166.28906,142.38281,149.0625,144.49219,4.33594,3.57422,5.15625,5.74219,5.68359,6.5625,7.20703,7.44141,7.73438,8.55469,8.78906,8.84766,8.84766,0.048828,0.048828,0.064697,0.048828,0.063477,0.062256,0.056152,0.059814,0.059814,0.062256,0.056152
2016-09-08T00:50:00Z,85.07813,98.08594,102.65625,100.54688,108.28125,113.55469,118.47656,115.3125,136.40625,141.32813,136.75781,137.8125,4.62891,3.86719,5.625,6.15234,6.15234,6.91406,7.73438,7.96875,8.02734,8.96484,9.08203,9.19922,9.08203,0.079346,0.062256,0.061035,0.047607,0.053711,0.048828,0.048828,0.050049,0.041504,0.054932,0.063477
2016-09-08T01:00:00Z,85.42969,99.14063,101.95313,102.30469,106.52344,110.39063,116.36719,120.9375,112.5,145.19531,141.67969,143.4375,4.62891,3.92578,5.56641,5.97656,5.91797,6.79688,7.44141,7.85156,7.85156,8.73047,9.25781,9.25781,9.49219,0.068359,0.075684,0.054932,0.062256,0.059814,0.047607,0.053711,0.046387,0.046387,0.046387,0.054932
2016-09-08T01:10:00Z,87.1875,97.73438,100.19531,99.84375,103.71094,107.22656,114.25781,121.99219,123.75,141.32813,149.41406,140.625,5.50781,4.45313,6.26953,6.67969,6.62109,7.08984,7.5,7.85156,7.96875,8.73047,9.55078,9.375,9.25781,0.084229,0.072021,0.080566,0.057373,0.046387,0.054932,0.062256,0.047607,0.05249,0.059814,0.056152
2016-09-08T01:20:00Z,90.70313,99.84375,101.60156,101.25,105.46875,110.74219,117.42188,125.15625,17.57813,18.98438,153.28125,169.45313,5.91797,5.09766,6.26953,6.50391,6.50391,7.14844,7.38281,7.67578,8.37891,9.25781,9.72656,9.55078,9.49219,0.107422,0.106201,0.089111,0.076904,0.058594,0.053711,0.048828,0.0354,0.043945,0.056152,0.057373
2016-09-08T01:30:00Z,90.0,97.73438,100.89844,98.78906,106.17188,113.90625,121.99219,151.52344,52.03125,162.07031,145.54688,10.54688,5.33203,4.51172,5.85938,6.09375,6.09375,6.62109,7.03125,7.61719,8.73047,9.55078,9.66797,9.55078,9.55078,0.068359,0.078125,0.068359,0.070801,0.062256,0.046387,0.057373,0.045166,0.045166,0.056152,0.037842
2016-09-08T01:40:00Z,89.64844,99.14063,103.35938,102.30469,110.39063,116.36719,124.10156,126.21094,154.6875,121.64063,144.14063,149.41406,5.50781,4.62891,5.97656,6.26953,6.15234,6.67969,7.03125,7.79297,8.73047,9.72656,9.72656,9.78516,9.72656,0.073242,0.062256,0.054932,0.057373,0.061035,0.046387,0.058594,0.05127,0.05249,0.059814,0.037842
2016-09-08T01:50:00Z,92.46094,102.30469,103.35938,104.41406,108.98438,117.07031,123.39844,126.91406,65.74219,166.99219,148.35938,144.49219,5.44922,4.6875,6.09375,6.38672,6.50391,7.03125,7.44141,8.14453,8.78906,9.96094,9.90234,9.72656,9.49219,0.065918,0.073242,0.057373,0.058594,0.050049,0.041504,0.05127,0.061035,0.05127,0.058594,0.041504
2016-09-08T02:00:00Z,91.05469,100.89844,104.0625,102.65625,110.03906,116.71875,121.28906,125.85938,148.00781,140.27344,146.25,154.33594,5.80078,4.92188,6.26953,6.5625,6.50391,7.08984,7.55859,8.20313,9.19922,10.19531,9.84375,9.25781,8.96484,0.080566,0.067139,0.059814,0.063477,0.048828,0.05127,0.059814,0.056152,0.050049,0.059814,0.068359
2016-09-08T02:10:00Z,90.70313,103.35938,105.46875,105.46875,111.09375,116.01563,121.28906,126.21094,133.24219,162.77344,147.30469,144.14063,5.91797,4.98047,6.21094,6.62109,6.5625,7.14844,7.73438,8.37891,9.08203,10.01953,9.78516,9.25781,9.14063,0.081787,0.078125,0.064697,0.061035,0.063477,0.056152,0.046387,0.053711,0.059814,0.056152,0.048828
2016-09-08T02:20:00Z,95.27344,108.28125,110.39063,109.6875,113.90625,118.82813,123.75,126.5625,53.78906,59.41406,151.875,149.76563,6.03516,4.98047,6.21094,6.5625,6.73828,7.14844,7.79297,8.32031,9.02344,9.78516,9.90234,9.55078,9.25781,0.079346,0.074463,0.063477,0.074463,0.045166,0.048828,0.050049,0.046387,0.050049,0.048828,0.061035
2016-09-08T02:30:00Z,96.67969,110.39063,111.79688,111.44531,114.96094,119.88281,127.61719,136.05469,158.55469,161.36719,149.0625,148.71094,5.97656,5.03906,6.38672,6.62109,6.79688,7.38281,8.14453,8.67188,9.31641,9.49219,9.375,9.14063,9.14063,0.054932,0.06958,0.065918,0.063477,0.059814,0.068359,0.046387,0.053711,0.057373,0.061035,0.05127
2016-09-08T02:40:00Z,101.25,108.63281,111.44531,112.14844,116.36719,122.34375,126.91406,132.53906,137.46094,164.17969,132.89063,161.01563,6.44531,5.39063,6.73828,7.20703,7.08984,7.79297,8.32031,8.84766,9.84375,9.66797,9.60938,9.43359,9.43359,0.078125,0.041504,0.079346,0.061035,0.062256,0.057373,0.06958,0.059814,0.059814,0.05127,0.062256
2016-09-08T02:50:00Z,101.95313,113.55469,113.55469,115.3125,119.53125,124.80469,131.83594,138.16406,117.42188,60.11719,71.71875,123.04688,6.50391,5.39063,6.62109,6.97266,6.79688,7.44141,7.96875,8.61328,9.55078,9.60938,9.60938,9.375,9.31641,0.06958,0.06958,0.067139,0.065918,0.067139,0.059814,0.057373,0.06958,0.050049,0.063477,0.070801
2016-09-08T03:00:00Z,106.52344,117.42188,118.125,119.17969,121.99219,128.67188,133.24219,142.38281,141.67969,140.97656,140.625,139.57031,6.32813,5.21484,6.5625,6.91406,6.91406,7.44141,8.02734,8.61328,9.43359,9.55078,9.78516,9.66797,9.43359,0.075684,0.074463,0.089111,0.067139,0.072021,0.057373,0.068359,0.056152,0.058594,0.062256,0.064697
2016-09-08T03:10:00Z,109.33594,118.47656,120.9375,119.88281,125.85938,130.07813,136.40625,142.03125,160.3125,139.92188,139.21875,133.59375,6.21094,5.15625,6.44531,6.79688,6.50391,7.08984,7.55859,8.37891,9.375,9.49219,9.375,9.43359,9.31641,0.101318,0.092773,0.091553,0.062256,0.076904,0.056152,0.058594,0.083008,0.072021,0.075684,0.06958
2016-09-08T03:20:00Z,110.39063,120.9375,124.45313,121.64063,128.67188,134.29688,140.97656,144.49219,33.75,186.67969,167.69531,73.125,6.32813,5.21484,5.97656,6.38672,6.32813,6.79688,7.44141,8.14453,9.08203,9.31641,9.19922,9.19922,9.02344,0.106201,0.05127,0.063477,0.085449,0.073242,0.078125,0.075684,0.056152,0.068359,0.076904,0.068359
2016-09-08T03:30:00Z,113.90625,124.45313,128.32031,126.5625,131.13281,135.70313,143.4375,149.76563,177.1875,175.42969,145.19531,179.29688,6.03516,4.92188,6.09375,6.21094,6.26953,6.73828,7.44141,8.20313,8.90625,9.43359,9.25781,9.08203,8.90625,0.068359,0.091553,0.118408,0.074463,0.070801,0.054932,0.079346,0.079346,0.073242,0.092773,0.057373
2016-09-08T03:40:00Z,118.125,128.67188,130.07813,129.02344,133.94531,138.51563,142.38281,140.27344,137.10938,175.78125,133.59375,152.57813,6.32813,5.15625,6.09375,6.38672,6.50391,7.03125,7.20703,8.02734,8.78906,9.25781,9.02344,8.84766,8.78906,0.108643,0.10498,0.075684,0.098877,0.108643,0.067139,0.072021,0.092773,0.080566,0.063477,0.068359
2016-09-08T03:50:00Z,120.58594,130.78125,132.53906,132.89063,133.94531,136.05469,145.54688,154.33594,56.60156,111.09375,156.09375,145.54688,7.14844,5.21484,6.38672,6.5625,6.21094,6.85547,7.5,8.08594,8.61328,8.84766,8.96484,8.96484,8.90625,0.126953,0.128174,0.124512,0.123291,0.083008,0.091553,0.097656,0.078125,0.083008,0.107422,0.114746
2016-09-08T04:00:00Z,123.75,134.64844,134.64844,135.0,135.0,140.97656,148.71094,149.76563,143.4375,142.03125,157.14844,130.78125,6.62109,5.625,6.38672,6.62109,6.67969,7.03125,7.38281,7.96875,8.67188,9.08203,8.90625,8.78906,8.90625,0.101318,0.12207,0.128174,0.089111,0.090332,0.15625,0.106201,0.089111,0.097656,0.118408,0.100098
2016-09-08T04:10:00Z,125.15625,132.1875,135.0,133.94531,137.46094,142.03125,146.60156,153.28125,162.42188,112.85156,146.95313,186.67969,7.08984,5.74219,6.5625,6.79688,6.50391,7.08984,7.32422,8.02734,8.78906,9.08203,9.19922,8.96484,8.96484,0.098877,0.12207,0.112305,0.128174,0.100098,0.089111,0.074463,0.063477,0.076904,0.091553,0.100098
2016-09-08T04:20:00Z,124.80469,131.48438,133.24219,138.51563,137.10938,142.38281,150.46875,144.14063,143.4375,66.79688,182.8125,178.94531,6.62109,5.56641,6.26953,6.50391,6.44531,6.97266,7.32422,7.96875,8.37891,8.84766,9.14063,8.73047,8.32031,0.130615,0.159912,0.130615,0.096436,0.10498,0.112305,0.100098,0.119629,0.061035,0.119629,0.117188
2016-09-08T04:30:00Z,123.75,136.75781,138.86719,136.05469,143.08594,147.65625,151.52344,158.20313,141.32813,134.64844,142.03125,203.20313,6.38672,5.39063,6.44531,6.50391,6.5625,7.14844,7.79297,7.96875,8.37891,8.4375,8.73047,8.32031,7.85156,0.118408,0.150146,0.100098,0.098877,0.12085,0.073242,0.085449,0.108643,0.112305,0.112305,0.107422
2016-09-08T04:40:00Z,127.26563,136.05469,136.05469,136.40625,139.57031,144.49219,150.46875,153.63281,178.94531,186.32813,183.16406,182.46094,6.38672,5.33203,6.38672,6.5625,6.73828,6.62109,7.73438,8.14453,8.67188,8.49609,8.37891,8.08594,7.91016,0.112305,0.12085,0.092773,0.147705,0.12207,0.106201,0.079346,0.085449,0.096436,0.091553,0.084229
2016-09-08T04:50:00Z,127.26563,133.59375,135.35156,136.40625,138.16406,140.27344,150.11719,158.55469,195.11719,132.1875,123.39844,78.39844,6.50391,5.39063,6.32813,6.26953,6.26953,6.73828,7.32422,8.08594,8.55469,8.55469,8.61328,8.32031,8.02734,0.102539,0.129395,0.170898,0.096436,0.074463,0.078125,0.095215,0.096436,0.10498,0.107422,0.10376
2016-09-08T05:00:00Z,126.91406,136.05469,137.10938,137.46094,140.27344,142.73438,157.14844,159.96094,160.3125,136.75781,152.57813,193.35938,6.32813,5.33203,5.97656,6.32813,6.09375,6.73828,7.32422,7.91016,8.49609,8.4375,8.37891,8.08594,8.02734,0.10498,0.106201,0.108643,0.12085,0.091553,0.075684,0.090332,0.06958,0.079346,0.085449,0.10498
2016-09-08T05:10:00Z,130.78125,136.75781,139.21875,138.51563,141.67969,150.82031,162.07031,166.64063,37.96875,209.88281,187.38281,197.92969,6.44531,5.44922,6.26953,6.26953,6.5625,6.79688,7.44141,8.4375,8.73047,8.55469,8.4375,8.14453,7.91016,0.123291,0.152588,0.098877,0.095215,0.08667,0.058594,0.058594,0.083008,0.067139,0.075684,0.092773
2016-09-08T05:20:00Z,131.48438,139.92188,141.67969,142.73438,145.54688,154.33594,163.125,166.28906,122.34375,190.19531,191.60156,190.54688,6.5625,5.68359,6.32813,6.38672,6.44531,6.91406,7.61719,8.32031,8.49609,8.55469,8.49609,8.49609,8.55469,0.101318,0.078125,0.140381,0.089111,0.108643,0.070801,0.063477,0.050049,0.062256,0.072021,0.056152
2016-09-08T05:30:00Z,134.64844,142.38281,143.4375,141.32813,148.35938,155.39063,165.9375,166.64063,87.53906,197.92969,189.14063,193.35938,6.26953,5.50781,6.03516,6.09375,6.21094,6.32813,7.08984,7.96875,8.20313,8.49609,8.78906,8.49609,8.32031,0.129395,0.102539,0.097656,0.085449,0.06958,0.054932,0.061035,0.068359,0.061035,0.070801,0.062256
2016-09-08T05:40:00Z,137.46094,142.03125,143.78906,143.78906,150.46875,158.20313,161.01563,163.125,98.78906,211.64063,200.39063,198.63281,6.03516,5.33203,5.80078,5.91797,6.03516,6.38672,7.14844,7.85156,8.08594,8.37891,8.37891,8.55469,8.37891,0.070801,0.089111,0.108643,0.080566,0.059814,0.073242,0.096436,0.108643,0.124512,0.083008,0.08667
2016-09-08T05:50:00Z,140.27344,147.65625,148.00781,146.25,153.63281,159.60938,166.99219,173.32031,137.10938,207.07031,56.60156,202.85156,6.09375,5.15625,5.625,5.80078,5.91797,6.32813,6.91406,7.73438,8.26172,8.32031,8.49609,8.61328,8.32031,0.096436,0.065918,0.075684,0.095215,0.089111,0.06958,0.05249,0.08667,0.080566,0.097656,0.083008
2016-09-08T06:00:00Z,142.03125,146.95313,150.46875,150.82031,158.90625,162.07031,169.45313,173.32031,225.0,207.07031,208.82813,206.71875,5.625,4.80469,5.39063,5.625,5.44922,5.85938,6.5625,7.5,8.20313,8.14453,8.26172,8.37891,8.20313,0.093994,0.06958,0.108643,0.080566,0.091553,0.076904,0.074463,0.10498,0.095215,0.129395,0.10376
2016-09-08T06:10:00Z,142.38281,151.875,152.22656,152.92969,156.44531,161.01563,163.82813,173.32031,137.8125,63.63281,209.88281,202.5,5.44922,4.80469,5.56641,5.74219,5.625,5.91797,6.91406,7.32422,8.08594,8.02734,7.96875,7.91016,7.91016,0.083008,0.081787,0.083008,0.078125,0.091553,0.113525,0.095215,0.135498,0.113525,0.10376,0.095215
2016-09-08T06:20:00Z,146.25,153.63281,155.39063,152.92969,157.85156,159.96094,166.99219,176.48438,178.59375,177.1875,209.17969,206.01563,5.625,4.80469,5.68359,5.85938,5.56641,6.15234,6.50391,7.14844,7.96875,7.96875,8.08594,7.79297,7.44141,0.072021,0.080566,0.06958,0.093994,0.058594,0.100098,0.061035,0.056152,0.08667,0.046387,0.068359
2016-09-08T06:30:00Z,150.11719,154.6875,156.79688,156.79688,156.79688,160.3125,168.04688,177.53906,182.46094,174.375,206.01563,208.47656,6.44531,5.27344,6.21094,6.21094,6.15234,6.21094,6.50391,6.97266,7.61719,7.79297,7.79297,7.5,6.91406,0.068359,0.063477,0.050049,0.065918,0.058594,0.057373,0.05127,0.050049,0.065918,0.057373,0.062256
2016-09-08T06:40:00Z,153.28125,157.85156,162.77344,160.66406,164.17969,165.58594,169.80469,180.0,185.27344,181.40625,63.98438,211.28906,6.09375,5.27344,5.85938,5.85938,5.74219,6.09375,6.26953,6.91406,7.61719,7.85156,7.79297,7.73438,7.5,0.118408,0.097656,0.068359,0.073242,0.097656,0.065918,0.043945,0.067139,0.065918,0.061035,0.093994
2016-09-08T06:50:00Z,158.20313,166.28906,166.99219,165.58594,167.69531,169.80469,176.13281,181.75781,191.25,191.60156,178.59375,215.85938,6.09375,5.03906,5.56641,5.56641,5.74219,5.80078,6.38672,7.14844,7.73438,8.08594,8.14453,8.14453,7.79297,0.097656,0.076904,0.080566,0.073242,0.076904,0.072021,0.062256,0.070801,0.070801,0.087891,0.089111
2016-09-08T07:00:00Z,161.01563,166.99219,168.39844,167.69531,171.5625,174.02344,177.89063,185.27344,191.60156,196.17188,187.38281,220.42969,6.50391,5.15625,5.625,5.85938,5.74219,6.09375,6.44531,7.20703,7.79297,8.26172,8.20313,7.61719,6.44531,0.075684,0.089111,0.087891,0.08667,0.084229,0.057373,0.047607,0.054932,0.064697,0.148926,0.177002
2016-09-08T07:10:00Z,163.47656,171.91406,173.32031,174.375,173.67188,176.48438,178.94531,187.73438,194.76563,193.00781,200.03906,176.13281,6.15234,5.03906,5.74219,5.97656,5.85938,6.21094,6.44531,6.97266,7.67578,7.73438,7.61719,7.5,6.50391,0.075684,0.090332,0.091553,0.067139,0.072021,0.075684,0.068359,0.079346,0.06958,0.090332,0.12207
2016-09-08T07:20:00Z,167.34375,173.67188,175.78125,173.32031,174.72656,176.83594,181.75781,189.14063,193.00781,195.46875,191.25,246.79688,5.97656,5.03906,5.85938,5.74219,5.85938,6.09375,6.73828,7.44141,7.61719,7.61719,7.44141,6.21094,5.39063,0.090332,0.145264,0.098877,0.073242,0.063477,0.056152,0.085449,0.081787,0.062256,0.157471,0.162354
2016-09-08T07:30:00Z,168.04688,174.02344,173.32031,175.07813,177.53906,178.59375,184.21875,187.73438,188.78906,192.65625,196.17188,226.05469,6.32813,5.15625,5.91797,6.26953,5.97656,6.5625,7.14844,7.61719,7.61719,7.44141,7.03125,5.56641,4.51172,0.075684,0.131836,0.095215,0.080566,0.058594,0.06958,0.078125,0.065918,0.080566,0.153809,0.114746
2016-09-08T07:40:00Z,167.34375,170.50781,174.72656,174.72656,175.78125,182.10938,185.27344,189.49219,195.46875,194.76563,170.15625,86.83594,6.32813,5.27344,6.26953,6.38672,6.15234,6.91406,7.67578,7.73438,7.08984,6.73828,5.21484,4.16016,3.98438,0.098877,0.084229,0.112305,0.081787,0.10376,0.083008,0.075684,0.10498,0.246582,0.20752,0.087891
2016-09-08T07:50:00Z,164.17969,172.26563,173.32031,172.26563,176.48438,182.46094,186.32813,189.84375,190.54688,193.35938,184.21875,188.08594,6.09375,4.98047,5.74219,5.80078,5.91797,6.44531,7.03125,7.08984,6.79688,5.91797,4.57031,3.98438,3.80859,0.109863,0.076904,0.084229,0.092773,0.115967,0.092773,0.098877,0.131836,0.212402,0.15625,0.109863
2016-09-08T08:00:00Z,176.83594,185.27344,187.03125,187.38281,187.03125,191.60156,194.76563,198.98438,198.63281,202.5,207.07031,205.3125,5.68359,4.57031,5.50781,5.85938,5.85938,6.44531,7.14844,7.20703,6.79688,6.38672,5.27344,4.33594,4.16016,0.106201,0.10498,0.087891,0.090332,0.076904,0.091553,0.098877,0.13916,0.189209,0.128174,0.152588
2016-09-08T08:10:00Z,181.75781,192.65625,191.95313,193.00781,193.71094,195.82031,200.03906,202.85156,204.25781,203.55469,200.74219,207.77344,5.91797,4.74609,6.03516,6.15234,6.21094,6.97266,7.55859,7.67578,7.26563,6.91406,5.97656,4.62891,4.04297,0.115967,0.10376,0.108643,0.101318,0.08667,0.089111,0.070801,0.106201,0.222168,0.206299,0.102539
2016-09-08T08:20:00Z,194.0625,199.33594,200.74219,197.92969,200.39063,201.79688,203.55469,206.71875,209.53125,209.53125,209.17969,217.26563,6.67969,5.50781,6.62109,6.67969,6.85547,6.85547,7.38281,7.61719,7.67578,7.14844,6.67969,5.68359,4.80469,0.079346,0.097656,0.090332,0.081787,0.091553,0.097656,0.084229,0.134277,0.212402,0.251465,0.187988
2016-09-08T08:30:00Z,192.65625,194.0625,194.0625,195.11719,198.28125,199.33594,204.60938,208.47656,211.99219,216.21094,217.96875,223.59375,6.15234,5.33203,5.91797,6.26953,6.21094,6.62109,6.91406,7.26563,7.08984,6.44531,5.625,5.15625,4.86328,0.092773,0.078125,0.090332,0.095215,0.079346,0.102539,0.118408,0.17334,0.131836,0.12085,0.12207
2016-09-08T08:40:00Z,190.19531,195.11719,197.22656,196.17188,197.92969,202.5,207.77344,214.10156,222.53906,222.53906,221.83594,220.07813,6.32813,5.09766,6.15234,6.15234,6.21094,6.44531,6.73828,6.62109,5.85938,5.21484,4.80469,4.80469,4.86328,0.093994,0.150146,0.098877,0.079346,0.098877,0.144043,0.144043,0.123291,0.130615,0.092773,0.109863
2016-09-08T08:50:00Z,189.14063,195.82031,195.11719,196.52344,200.03906,207.42188,215.50781,209.17969,202.85156,214.10156,200.39063,220.07813,6.21094,4.80469,5.625,5.97656,5.85938,6.38672,6.26953,5.33203,4.80469,4.62891,4.74609,4.86328,4.6875,0.118408,0.111084,0.08667,0.10498,0.100098,0.142822,0.12207,0.115967,0.12085,0.115967,0.113525
2016-09-08T09:00:00Z,195.82031,200.74219,201.09375,202.85156,203.20313,209.53125,213.04688,218.32031,227.46094,226.75781,225.70313,225.0,5.74219,4.74609,5.74219,6.21094,6.03516,6.50391,6.91406,6.44531,6.03516,5.27344,5.27344,5.21484,5.39063,0.101318,0.083008,0.111084,0.118408,0.12085,0.144043,0.211182,0.166016,0.109863,0.129395,0.106201
2016-09-08T09:10:00Z,197.22656,200.03906,199.33594,202.14844,202.14844,208.47656,215.85938,217.26563,224.29688,229.57031,223.94531,225.70313,5.91797,4.74609,5.56641,5.85938,5.625,6.15234,6.38672,6.32813,5.97656,5.56641,5.56641,5.50781,5.39063,0.091553,0.130615,0.10498,0.129395,0.109863,0.133057,0.135498,0.134277,0.119629,0.079346,0.123291
2016-09-08T09:20:00Z,194.0625,196.52344,199.33594,196.875,204.25781,215.85938,220.78125,225.35156,221.83594,217.61719,214.10156,220.42969,5.97656,4.6875,5.33203,5.56641,5.68359,5.97656,5.91797,5.27344,5.33203,5.21484,5.44922,5.15625,4.92188,0.113525,0.101318,0.10498,0.10376,0.148926,0.125732,0.100098,0.128174,0.128174,0.134277,0.140381
2016-09-08T09:30:00Z,196.17188,203.90625,206.71875,205.66406,214.80469,220.07813,221.83594,224.64844,223.94531,223.24219,225.70313,223.24219,5.56641,4.57031,6.03516,6.09375,5.91797,6.09375,5.56641,5.50781,5.68359,5.74219,5.74219,5.39063,5.27344,0.115967,0.075684,0.147705,0.111084,0.134277,0.117188,0.092773,0.091553,0.107422,0.130615,0.128174
2016-09-08T09:40:00Z,198.28125,203.55469,204.60938,204.60938,211.28906,214.10156,219.72656,223.24219,227.46094,228.16406,231.32813,227.46094,5.85938,4.92188,5.85938,5.91797,6.09375,6.09375,6.03516,6.21094,6.38672,6.32813,6.26953,5.97656,5.68359,0.114746,0.108643,0.115967,0.128174,0.137939,0.128174,0.114746,0.090332,0.111084,0.115967,0.107422
2016-09-08T09:50:00Z,197.92969,201.09375,202.85156,201.09375,203.90625,208.125,214.10156,221.48438,225.35156,228.16406,230.27344,226.75781,5.56641,4.51172,5.625,5.74219,5.625,5.97656,6.09375,6.50391,6.85547,6.79688,6.62109,6.32813,6.21094,0.091553,0.102539,0.124512,0.113525,0.12085,0.123291,0.095215,0.10498,0.119629,0.10376,0.096436
2016-09-08T10:00:00Z,199.33594,201.79688,202.85156,203.55469,207.07031,209.53125,219.02344,225.70313,230.97656,229.21875,227.10938,230.97656,5.74219,4.62891,5.50781,5.74219,5.68359,5.97656,6.44531,6.73828,6.73828,6.62109,6.50391,6.32813,5.97656,0.129395,0.107422,0.125732,0.090332,0.083008,0.113525,0.068359,0.095215,0.126953,0.128174,0.118408
2016-09-08T10:10:00Z,197.22656,203.55469,201.44531,202.85156,204.60938,207.42188,211.28906,217.96875,224.29688,225.0,210.23438,230.27344,5.39063,4.45313,5.03906,5.09766,5.21484,5.625,6.15234,6.62109,6.79688,6.67969,6.79688,6.85547,7.03125,0.119629,0.12207,0.100098,0.114746,0.147705,0.10498,0.095215,0.125732,0.153809,0.145264,0.097656
2016-09-08T10:40:00Z,199.33594,203.90625,204.96094,204.25781,205.3125,209.53125,212.69531,217.96875,220.42969,225.35156,227.8125,229.57031,4.98047,4.10156,5.09766,5.33203,5.44922,5.625,6.26953,6.38672,6.67969,6.73828,6.91406,6.67969,6.62109,0.114746,0.133057,0.119629,0.085449,0.133057,0.111084,0.101318,0.087891,0.101318,0.078125,0.109863
2016-09-08T10:50:00Z,203.20313,210.23438,210.23438,207.77344,210.23438,211.28906,214.80469,219.02344,220.42969,224.64844,228.16406,229.57031,5.15625,4.10156,5.15625,5.09766,5.21484,5.44922,6.03516,6.38672,6.73828,6.79688,7.03125,7.03125,7.03125,0.130615,0.117188,0.087891,0.112305,0.080566,0.06958,0.081787,0.079346,0.081787,0.102539,0.097656
2016-09-08T11:00:00Z,199.6875,204.25781,207.07031,204.96094,207.77344,210.58594,211.28906,212.34375,214.45313,221.48438,223.94531,227.46094,5.44922,4.21875,5.27344,5.50781,5.27344,5.74219,6.03516,6.21094,6.32813,6.79688,6.97266,6.91406,6.91406,0.111084,0.092773,0.10498,0.085449,0.089111,0.080566,0.102539,0.076904,0.081787,0.093994,0.078125
2016-09-08T11:10:00Z,201.09375,207.42188,206.01563,206.36719,207.07031,210.23438,210.58594,214.45313,215.85938,220.07813,225.0,230.97656,5.39063,4.27734,5.21484,5.56641,5.50781,5.91797,6.09375,6.38672,6.44531,6.73828,6.73828,7.03125,6.73828,0.095215,0.097656,0.102539,0.083008,0.065918,0.075684,0.095215,0.067139,0.065918,0.089111,0.097656
2016-09-08T11:20:00Z,202.85156,208.82813,209.53125,207.77344,209.17969,208.47656,210.58594,215.15625,219.375,223.94531,230.27344,233.08594,5.39063,4.27734,5.39063,5.56641,5.50781,5.74219,6.03516,6.5625,6.50391,6.50391,6.38672,6.5625,6.5625,0.10498,0.106201,0.12085,0.123291,0.090332,0.083008,0.092773,0.100098,0.072021,0.08667,0.076904
2016-09-08T11:30:00Z,201.79688,206.01563,206.71875,206.36719,209.53125,211.64063,215.15625,222.53906,225.35156,228.51563,229.92188,233.08594,5.27344,4.33594,5.21484,5.44922,5.15625,5.74219,5.97656,6.44531,6.44531,6.44531,6.50391,6.73828,6.5625,0.13916,0.106201,0.126953,0.102539,0.092773,0.096436,0.079346,0.125732,0.126953,0.136719,0.128174
2016-09-08T11:40:00Z,203.20313,212.34375,210.23438,210.23438,211.28906,211.28906,215.50781,216.5625,220.78125,222.89063,228.86719,229.57031,5.80078,4.62891,5.74219,5.97656,6.15234,6.32813,6.85547,7.26563,7.38281,7.38281,7.44141,7.14844,7.03125,0.096436,0.126953,0.113525,0.140381,0.12207,0.093994,0.107422,0.101318,0.091553,0.092773,0.097656
2016-09-08T11:50:00Z,202.14844,208.47656,210.23438,208.47656,208.47656,209.88281,212.34375,214.45313,216.5625,221.13281,226.40625,226.75781,5.97656,4.74609,5.80078,5.91797,5.85938,6.44531,6.97266,7.14844,7.26563,7.26563,7.20703,6.62109,6.62109,0.114746,0.111084,0.114746,0.093994,0.085449,0.097656,0.091553,0.081787,0.108643,0.137939,0.109863
2016-09-08T12:00:00Z,197.57813,207.42188,208.125,208.125,205.66406,209.88281,202.85156,211.99219,213.04688,216.5625,217.61719,226.40625,6.09375,4.80469,6.09375,6.26953,6.21094,6.79688,7.20703,7.67578,7.55859,6.97266,6.50391,6.79688,6.85547,0.12085,0.108643,0.118408,0.124512,0.091553,0.12207,0.10498,0.102539,0.135498,0.087891,0.098877
2016-09-08T12:10:00Z,197.22656,203.20313,207.07031,208.125,207.77344,210.23438,212.34375,216.21094,217.61719,216.21094,222.1875,215.85938,6.09375,5.03906,6.32813,6.26953,6.26953,6.91406,7.14844,7.20703,7.38281,7.20703,6.97266,6.85547,6.73828,0.117188,0.112305,0.12085,0.106201,0.10376,0.108643,0.090332,0.13916,0.108643,0.108643,0.106201
2016-09-08T12:20:00Z,201.44531,209.17969,210.58594,210.23438,210.23438,211.28906,213.39844,216.91406,219.72656,225.0,225.0,224.29688,6.73828,5.56641,6.62109,6.79688,6.85547,7.14844,7.44141,7.85156,7.91016,7.79297,7.5,6.97266,6.85547,0.109863,0.115967,0.101318,0.125732,0.070801,0.101318,0.12207,0.098877,0.146484,0.100098,0.098877
2016-09-08T12:30:00Z,202.5,210.58594,211.99219,210.58594,212.69531,214.80469,214.10156,219.02344,221.48438,224.64844,228.16406,223.24219,6.44531,5.27344,6.62109,6.62109,6.73828,6.97266,7.55859,8.02734,8.37891,8.32031,8.14453,7.73438,7.67578,0.107422,0.106201,0.106201,0.08667,0.062256,0.10376,0.125732,0.112305,0.085449,0.081787,0.12207
2016-09-08T12:40:00Z,202.5,210.23438,209.88281,210.58594,211.28906,214.10156,216.5625,220.42969,217.96875,220.42969,218.32031,223.94531,7.14844,5.68359,6.85547,7.08984,6.91406,7.79297,8.32031,8.90625,8.84766,8.49609,8.20313,8.55469,8.37891,0.126953,0.117188,0.114746,0.108643,0.087891,0.070801,0.100098,0.095215,0.118408,0.085449,0.095215
2016-09-08T12:50:00Z,203.90625,215.15625,216.5625,215.50781,216.21094,215.85938,219.72656,222.1875,227.10938,227.8125,227.46094,227.10938,6.85547,5.56641,6.91406,7.14844,7.5,7.67578,8.4375,8.96484,9.375,9.49219,9.43359,9.43359,9.84375,0.129395,0.141602,0.089111,0.092773,0.102539,0.107422,0.087891,0.108643,0.089111,0.113525,0.108643
2016-09-08T13:00:00Z,207.07031,214.80469,216.21094,215.15625,215.85938,221.13281,225.0,228.86719,230.97656,233.08594,230.97656,229.57031,6.91406,5.74219,7.14844,7.20703,7.32422,7.96875,8.37891,8.84766,9.14063,9.43359,9.55078,9.78516,9.66797,0.10498,0.146484,0.119629,0.083008,0.096436,0.102539,0.092773,0.074463,0.074463,0.06958,0.065918
2016-09-08T13:10:00Z,209.17969,220.07813,220.42969,221.13281,221.83594,224.29688,230.97656,234.14063,234.14063,233.08594,235.89844,234.49219,6.85547,5.39063,6.67969,6.85547,7.03125,7.73438,8.49609,9.08203,9.25781,9.375,9.49219,9.55078,9.55078,0.090332,0.098877,0.112305,0.10498,0.109863,0.090332,0.057373,0.083008,0.080566,0.067139,0.075684
2016-09-08T13:20:00Z,211.64063,220.07813,220.78125,220.78125,223.59375,226.05469,228.51563,229.92188,229.92188,230.27344,226.75781,230.625,6.91406,5.50781,7.26563,7.61719,7.73438,8.20313,8.78906,9.14063,9.43359,9.55078,9.66797,10.19531,10.42969,0.108643,0.107422,0.093994,0.089111,0.097656,0.097656,0.079346,0.078125,0.089111,0.081787,0.092773
2016-09-08T13:30:00Z,211.64063,221.48438,219.02344,221.83594,221.13281,222.53906,222.53906,227.10938,228.16406,227.8125,229.21875,228.16406,7.38281,5.97656,7.14844,7.44141,7.55859,7.96875,8.4375,8.73047,9.19922,8.96484,9.49219,9.90234,10.60547,0.091553,0.092773,0.091553,0.106201,0.101318,0.089111,0.095215,0.093994,0.096436,0.118408,0.095215
2016-09-08T13:40:00Z,211.64063,221.83594,222.53906,223.59375,222.89063,225.70313,226.75781,227.46094,226.05469,230.27344,229.92188,232.38281,7.14844,5.80078,7.38281,7.61719,7.44141,8.20313,8.4375,8.61328,8.78906,9.14063,9.55078,9.66797,9.66797,0.12085,0.114746,0.095215,0.108643,0.111084,0.10498,0.097656,0.08667,0.08667,0.101318,0.097656
2016-09-08T13:50:00Z,219.02344,229.92188,229.92188,230.27344,231.67969,231.32813,231.32813,229.57031,229.92188,230.97656,230.97656,232.38281,7.73438,6.03516,7.5,7.79297,7.79297,8.32031,8.61328,8.61328,8.84766,9.14063,9.49219,9.60938,9.43359,0.145264,0.12207,0.118408,0.101318,0.090332,0.128174,0.114746,0.081787,0.101318,0.081787,0.097656
2016-09-08T14:00:00Z,221.48438,228.86719,229.57031,228.51563,230.27344,228.51563,230.97656,232.38281,232.73438,230.27344,233.4375,235.89844,7.61719,5.85938,7.08984,7.20703,7.32422,7.61719,7.91016,8.73047,8.67188,9.02344,9.55078,10.25391,10.3125,0.136719,0.135498,0.12207,0.102539,0.085449,0.095215,0.084229,0.083008,0.100098,0.074463,0.118408
2016-09-08T14:10:00Z,218.67188,227.46094,227.8125,225.35156,228.16406,229.92188,232.03125,234.14063,233.78906,239.76563,238.35938,239.41406,6.67969,5.21484,6.62109,6.97266,6.79688,7.38281,8.08594,8.61328,9.14063,9.60938,10.25391,11.19141,12.1875,0.093994,0.126953,0.118408,0.111084,0.098877,0.084229,0.098877,0.111084,0.076904,0.079346,0.124512
2016-09-08T14:20:00Z,218.32031,228.51563,227.10938,230.625,227.46094,229.92188,231.32813,234.49219,236.25,233.4375,235.54688,237.65625,7.5,5.74219,6.91406,7.38281,7.44141,8.02734,8.84766,9.55078,9.90234,10.19531,10.83984,11.71875,12.48047,0.098877,0.119629,0.095215,0.112305,0.096436,0.093994,0.089111,0.096436,0.115967,0.089111,0.091553
2016-09-08T14:30:00Z,224.64844,236.60156,236.60156,234.84375,237.65625,233.4375,236.60156,233.4375,238.35938,238.35938,240.82031,241.17188,8.61328,6.44531,8.73047,8.4375,8.78906,8.55469,8.90625,9.25781,9.84375,10.13672,10.3125,10.42969,10.89844,0.136719,0.148926,0.118408,0.135498,0.115967,0.155029,0.081787,0.107422,0.12085,0.10376,0.090332
2016-09-08T14:40:00Z,227.10938,232.03125,233.08594,230.625,232.73438,232.03125,233.78906,232.73438,233.78906,233.78906,237.30469,239.76563,9.19922,7.20703,8.73047,9.08203,8.90625,8.96484,9.25781,9.55078,9.25781,9.78516,10.01953,10.19531,10.01953,0.133057,0.125732,0.100098,0.134277,0.129395,0.107422,0.113525,0.093994,0.115967,0.092773,0.10376
2016-09-08T14:50:00Z,230.27344,232.38281,232.73438,231.32813,232.38281,234.49219,233.78906,235.19531,235.89844,235.54688,236.60156,236.60156,9.08203,7.38281,8.49609,8.78906,8.78906,8.96484,9.08203,9.31641,9.72656,9.72656,9.72656,9.90234,10.01953,0.158691,0.133057,0.152588,0.167236,0.136719,0.111084,0.115967,0.117188,0.102539,0.100098,0.095215
2016-09-08T15:00:00Z,230.625,233.08594,231.32813,233.4375,232.73438,232.73438,234.84375,234.84375,234.49219,234.49219,236.25,238.00781,10.25391,7.38281,9.19922,9.375,9.55078,9.84375,10.25391,10.42969,10.25391,10.60547,10.95703,11.36719,11.30859,0.137939,0.147705,0.142822,0.142822,0.130615,0.115967,0.125732,0.131836,0.126953,0.141602,0.167236
2016-09-08T15:10:00Z,233.78906,233.78906,234.14063,235.54688,233.78906,235.89844,235.54688,234.49219,235.54688,235.89844,237.65625,238.71094,9.78516,7.79297,9.78516,10.01953,9.84375,10.48828,10.37109,10.60547,10.83984,11.30859,11.42578,11.71875,11.54297,0.155029,0.146484,0.140381,0.098877,0.128174,0.130615,0.102539,0.106201,0.124512,0.13916,0.114746
2016-09-08T15:20:00Z,233.08594,233.4375,234.49219,234.14063,233.78906,236.60156,236.60156,238.35938,237.30469,238.35938,240.46875,244.33594,10.3125,7.73438,8.90625,9.08203,8.73047,9.43359,9.96094,9.84375,10.01953,10.25391,10.78125,11.36719,11.30859,0.153809,0.128174,0.150146,0.119629,0.113525,0.164795,0.15625,0.124512,0.114746,0.126953,0.137939
2016-09-08T15:30:00Z,235.54688,235.19531,235.54688,234.49219,235.19531,237.30469,238.71094,239.76563,240.11719,240.82031,243.63281,242.57813,9.08203,7.5,9.25781,9.02344,9.49219,9.96094,10.37109,10.78125,10.83984,11.25,11.60156,11.66016,12.01172,0.161133,0.144043,0.135498,0.107422,0.095215,0.119629,0.097656,0.093994,0.113525,0.100098,0.126953
2016-09-08T15:40:00Z,235.54688,236.25,235.54688,235.89844,235.19531,235.19531,235.89844,237.65625,238.35938,239.76563,243.63281,247.14844,9.375,7.55859,9.08203,9.08203,9.43359,9.78516,10.37109,11.13281,11.42578,11.83594,12.07031,12.12891,12.01172,0.153809,0.157471,0.152588,0.141602,0.125732,0.12085,0.090332,0.113525,0.10498,0.134277,0.163574
2016-09-08T15:50:00Z,232.38281,234.49219,234.14063,233.78906,234.49219,235.19531,235.19531,239.41406,239.0625,240.46875,241.17188,243.98438,9.375,7.61719,9.43359,9.78516,9.66797,10.13672,10.78125,11.36719,11.89453,11.95313,11.95313,12.1875,12.42188,0.129395,0.126953,0.141602,0.133057,0.123291,0.113525,0.10498,0.106201,0.12207,0.109863,0.109863
2016-09-08T16:00:00Z,232.73438,234.14063,233.78906,233.4375,233.08594,237.30469,236.95313,236.25,236.60156,235.89844,238.71094,239.41406,9.375,7.67578,9.49219,9.72656,9.96094,10.66406,11.07422,11.48438,11.71875,12.48047,12.77344,13.00781,13.47656,0.134277,0.128174,0.144043,0.141602,0.12207,0.12085,0.151367,0.136719,0.125732,0.119629,0.136719
2016-09-08T16:10:00Z,234.49219,234.14063,235.54688,237.65625,236.25,236.95313,237.30469,237.65625,240.82031,240.46875,240.46875,245.03906,10.37109,8.4375,11.07422,11.19141,11.01563,11.54297,11.89453,12.53906,13.00781,13.18359,13.76953,14.41406,13.94531,0.107422,0.124512,0.146484,0.141602,0.108643,0.12207,0.133057,0.133057,0.150146,0.126953,0.123291
2016-09-08T16:20:00Z,238.00781,239.41406,239.0625,238.35938,240.46875,240.46875,240.11719,241.875,242.22656,243.98438,245.39063,245.74219,10.54688,8.55469,10.66406,10.89844,10.95703,11.48438,11.66016,12.1875,13.00781,12.94922,13.65234,14.00391,13.94531,0.12085,0.112305,0.131836,0.162354,0.133057,0.117188,0.106201,0.115967,0.106201,0.106201,0.095215
2016-09-08T16:30:00Z,240.11719,241.52344,241.52344,239.76563,241.52344,240.82031,242.22656,246.44531,247.85156,248.55469,247.14844,246.44531,11.13281,9.14063,11.19141,11.25,11.48438,11.71875,12.59766,13.00781,13.76953,13.82813,14.17969,14.23828,14.94141,0.125732,0.111084,0.108643,0.145264,0.119629,0.089111,0.108643,0.096436,0.097656,0.146484,0.118408
2016-09-08T16:40:00Z,239.0625,242.22656,241.17188,242.92969,239.76563,241.17188,241.875,242.92969,244.6875,246.09375,247.14844,249.25781,10.37109,8.37891,10.07813,10.72266,10.60547,11.25,12.01172,12.53906,13.00781,12.94922,13.47656,14.35547,15.23438,0.128174,0.087891,0.117188,0.12085,0.129395,0.129395,0.12207,0.125732,0.119629,0.091553,0.097656
2016-09-08T16:50:00Z,239.0625,240.82031,242.57813,241.875,242.92969,243.63281,243.98438,242.57813,239.76563,243.63281,243.28125,243.98438,9.78516,8.08594,10.01953,10.37109,10.19531,11.01563,11.36719,11.60156,12.48047,12.89063,13.30078,13.65234,13.82813,0.117188,0.115967,0.148926,0.123291,0.101318,0.12085,0.090332,0.096436,0.093994,0.119629,0.091553
2016-09-08T17:00:00Z,236.60156,238.35938,239.41406,235.54688,237.65625,236.25,235.19531,236.25,236.25,238.71094,240.82031,239.41406,10.25391,8.55469,10.78125,11.01563,11.13281,10.83984,11.36719,12.01172,12.83203,13.41797,13.82813,13.35938,13.35938,0.08667,0.114746,0.081787,0.112305,0.092773,0.098877,0.111084,0.083008,0.100098,0.10498,0.081787
2016-09-08T17:10:00Z,235.19531,237.30469,236.25,234.84375,238.00781,237.30469,236.95313,238.35938,238.71094,241.17188,242.57813,245.39063,11.19141,9.02344,10.83984,11.42578,11.36719,12.07031,12.36328,13.06641,13.30078,13.82813,13.71094,14.29688,15.11719,0.125732,0.125732,0.148926,0.109863,0.101318,0.101318,0.091553,0.12207,0.114746,0.096436,0.079346
2016-09-08T17:20:00Z,235.89844,236.95313,239.76563,237.30469,236.25,236.25,236.25,236.95313,240.82031,243.28125,243.98438,245.39063,11.89453,9.66797,11.48438,11.83594,12.1875,12.07031,13.06641,13.82813,14.35547,14.0625,14.41406,14.82422,15.23438,0.114746,0.133057,0.083008,0.090332,0.10498,0.114746,0.089111,0.087891,0.093994,0.072021,0.095215
2016-09-08T17:30:00Z,237.30469,238.71094,240.46875,242.57813,240.46875,239.41406,239.76563,241.52344,241.52344,245.39063,246.44531,249.60938,11.71875,9.55078,11.60156,11.89453,12.07031,12.30469,13.24219,13.59375,14.23828,14.53125,14.70703,14.58984,15.29297,0.087891,0.106201,0.114746,0.117188,0.10376,0.089111,0.089111,0.087891,0.111084,0.102539,0.097656
2016-09-08T17:40:00Z,237.65625,238.71094,237.30469,236.25,237.65625,239.41406,240.82031,242.57813,243.98438,243.63281,246.79688,249.60938,12.53906,9.78516,11.13281,11.54297,11.83594,12.36328,12.94922,13.59375,13.65234,14.29688,14.00391,15.05859,15.23438,0.108643,0.115967,0.119629,0.107422,0.119629,0.117188,0.112305,0.109863,0.111084,0.090332,0.08667
2016-09-08T17:50:00Z,236.25,240.11719,239.76563,238.00781,239.76563,240.46875,243.98438,240.82031,241.875,247.85156,247.5,247.85156,11.19141,9.08203,11.42578,11.89453,11.19141,12.24609,12.48047,12.07031,13.00781,13.71094,14.47266,14.35547,14.64844,0.100098,0.113525,0.106201,0.102539,0.090332,0.133057,0.100098,0.109863,0.113525,0.113525,0.087891
2016-09-08T18:00:00Z,236.95313,239.41406,241.52344,237.65625,240.11719,239.41406,241.52344,244.6875,247.5,247.5,247.85156,249.25781,10.95703,9.14063,11.13281,11.42578,11.54297,11.66016,12.89063,13.35938,14.17969,14.12109,14.12109,14.64844,14.94141,0.12085,0.074463,0.12207,0.109863,0.097656,0.109863,0.083008,0.075684,0.093994,0.096436,0.072021
2016-09-08T18:10:00Z,238.35938,240.82031,240.46875,240.46875,243.28125,242.92969,242.22656,246.09375,246.09375,249.25781,246.09375,250.66406,11.07422,9.14063,11.07422,11.66016,11.54297,12.30469,12.53906,13.18359,13.59375,14.29688,13.88672,14.12109,14.35547,0.092773,0.093994,0.136719,0.098877,0.075684,0.089111,0.08667,0.075684,0.098877,0.113525,0.117188
2016-09-08T18:20:00Z,239.41406,240.82031,240.82031,240.82031,242.92969,243.98438,243.28125,247.14844,248.55469,252.07031,252.07031,254.88281,11.36719,9.19922,10.95703,11.77734,11.48438,12.36328,12.71484,12.94922,13.30078,13.76953,14.35547,14.17969,14.58984,0.102539,0.098877,0.101318,0.109863,0.090332,0.095215,0.084229,0.101318,0.12085,0.112305,0.106201
2016-09-08T18:30:00Z,241.875,245.39063,243.98438,245.03906,242.57813,247.14844,249.25781,254.17969,252.77344,252.77344,258.39844,257.34375,11.36719,8.96484,10.48828,10.89844,11.13281,11.89453,12.42188,12.77344,12.94922,13.00781,13.82813,13.76953,14.41406,0.125732,0.107422,0.097656,0.090332,0.078125,0.090332,0.085449,0.098877,0.102539,0.087891,0.101318
2016-09-08T18:40:00Z,241.17188,245.39063,242.57813,243.98438,244.33594,244.33594,247.14844,249.60938,255.23438,256.64063,255.58594,256.99219,11.30859,8.78906,10.48828,11.42578,10.83984,11.60156,12.12891,12.36328,12.59766,13.35938,12.89063,13.18359,13.47656,0.113525,0.123291,0.133057,0.111084,0.128174,0.112305,0.133057,0.101318,0.108643,0.112305,0.107422
2016-09-08T18:50:00Z,245.39063,246.09375,245.74219,249.60938,248.90625,252.42188,252.77344,250.3125,253.47656,254.88281,255.9375,260.15625,10.60547,8.32031,9.84375,9.96094,10.13672,10.66406,11.19141,11.01563,11.54297,12.12891,12.42188,12.65625,12.71484,0.101318,0.13916,0.095215,0.129395,0.100098,0.098877,0.108643,0.114746,0.107422,0.107422,0.084229
2016-09-08T19:00:00Z,247.14844,251.36719,251.01563,252.42188,251.01563,252.07031,253.82813,256.64063,257.34375,260.50781,259.10156,262.96875,9.90234,7.85156,9.25781,9.49219,9.78516,10.01953,10.37109,10.95703,11.48438,11.60156,11.66016,11.89453,12.30469,0.140381,0.142822,0.123291,0.109863,0.12207,0.119629,0.08667,0.091553,0.10376,0.095215,0.097656
2016-09-08T19:10:00Z,251.36719,253.125,255.58594,252.77344,258.04688,257.34375,258.75,262.26563,263.32031,266.13281,266.13281,267.1875,8.78906,7.38281,9.02344,9.25781,9.31641,9.72656,10.25391,10.83984,11.54297,11.77734,11.54297,11.71875,12.07031,0.118408,0.097656,0.10376,0.117188,0.118408,0.114746,0.089111,0.10498,0.091553,0.098877,0.08667
2016-09-08T19:20:00Z,255.9375,258.39844,259.45313,259.45313,263.67188,263.67188,263.32031,266.13281,270.0,270.0,272.46094,274.21875,8.49609,7.08984,8.67188,9.31641,9.08203,9.55078,9.78516,10.13672,10.60547,10.72266,10.54688,10.78125,10.89844,0.147705,0.080566,0.141602,0.107422,0.10498,0.109863,0.083008,0.111084,0.114746,0.10376,0.128174
2016-09-08T19:30:00Z,257.34375,263.32031,260.15625,261.91406,266.83594,264.72656,264.72656,268.94531,268.59375,272.46094,273.86719,273.86719,9.43359,7.03125,8.20313,8.67188,8.61328,9.31641,9.31641,9.60938,9.43359,9.72656,9.90234,9.66797,9.60938,0.163574,0.135498,0.130615,0.135498,0.140381,0.119629,0.123291,0.130615,0.148926,0.111084,0.114746
2016-09-08T19:40:00Z,259.80469,263.32031,264.375,266.83594,261.5625,266.13281,267.1875,271.40625,270.70313,268.94531,270.70313,272.10938,7.91016,6.26953,7.14844,7.38281,7.20703,7.73438,8.08594,8.61328,8.73047,8.49609,8.55469,8.78906,9.19922,0.133057,0.128174,0.133057,0.118408,0.12207,0.12207,0.137939,0.133057,0.089111,0.135498,0.125732
2016-09-08T19:50:00Z,257.69531,256.64063,257.69531,258.75,259.80469,260.15625,261.91406,264.72656,266.83594,269.64844,270.35156,271.40625,7.61719,6.26953,7.55859,7.73438,7.79297,7.85156,7.85156,8.02734,8.67188,8.67188,8.37891,8.49609,8.61328,0.133057,0.10498,0.145264,0.124512,0.119629,0.098877,0.092773,0.115967,0.125732,0.117188,0.115967
2016-09-08T20:00:00Z,255.58594,259.45313,258.39844,257.69531,259.45313,258.39844,260.50781,262.96875,262.61719,262.96875,265.42969,267.1875,8.20313,6.09375,7.32422,7.61719,7.38281,7.91016,8.37891,8.26172,8.32031,8.26172,8.26172,8.67188,8.32031,0.130615,0.084229,0.126953,0.145264,0.100098,0.140381,0.123291,0.10498,0.119629,0.106201,0.08667
2016-09-08T20:10:00Z,256.28906,259.10156,256.99219,255.9375,256.28906,254.88281,262.26563,261.21094,263.32031,264.02344,261.91406,267.89063,7.85156,5.97656,7.26563,7.32422,7.08984,7.61719,7.91016,8.02734,8.14453,8.32031,8.26172,8.37891,8.14453,0.134277,0.12207,0.133057,0.100098,0.115967,0.112305,0.123291,0.141602,0.095215,0.115967,0.135498
2016-09-08T20:20:00Z,256.28906,258.04688,255.9375,257.34375,258.04688,258.39844,261.21094,262.61719,264.02344,265.42969,267.89063,265.07813,7.14844,5.91797,7.03125,6.97266,7.03125,7.20703,7.44141,7.61719,7.5,7.91016,8.02734,7.91016,7.85156,0.155029,0.15625,0.095215,0.117188,0.111084,0.112305,0.131836,0.10376,0.124512,0.118408,0.106201
2016-09-08T20:30:00Z,255.23438,258.75,257.34375,259.80469,258.39844,255.58594,262.26563,262.61719,261.91406,265.42969,268.59375,266.83594,6.62109,5.44922,6.15234,6.50391,6.38672,6.5625,6.79688,6.91406,7.20703,7.38281,7.61719,7.38281,7.5,0.125732,0.13916,0.118408,0.108643,0.095215,0.114746,0.095215,0.106201,0.097656,0.093994,0.089111
2016-09-08T20:40:00Z,257.69531,262.96875,262.96875,261.5625,266.48438,263.32031,262.26563,260.85938,262.96875,265.42969,266.83594,268.24219,7.5,5.03906,5.74219,5.80078,5.97656,5.97656,5.91797,6.03516,6.67969,6.91406,7.08984,6.97266,6.97266,0.166016,0.153809,0.157471,0.130615,0.10498,0.170898,0.178223,0.113525,0.142822,0.129395,0.097656
2016-09-08T20:50:00Z,259.45313,260.85938,265.07813,264.375,268.94531,267.89063,267.53906,266.13281,267.53906,266.13281,268.94531,268.24219,5.15625,4.16016,4.86328,4.98047,4.92188,5.39063,5.74219,5.97656,6.26953,6.44531,6.67969,6.79688,6.73828,0.12085,0.136719,0.119629,0.123291,0.136719,0.137939,0.101318,0.095215,0.117188,0.130615,0.085449
2016-09-08T21:00:00Z,260.50781,264.02344,265.42969,266.13281,264.375,263.32031,265.42969,263.67188,268.94531,270.0,268.94531,268.94531,5.56641,4.16016,5.56641,5.56641,5.68359,6.09375,6.38672,6.85547,7.08984,7.38281,6.97266,7.14844,7.03125,0.146484,0.184326,0.184326,0.159912,0.130615,0.108643,0.102539,0.135498,0.128174,0.119629,0.113525
2016-09-08T21:10:00Z,261.91406,267.53906,265.07813,267.53906,266.83594,268.59375,272.8125,276.32813,277.03125,276.67969,273.51563,276.67969,6.32813,4.92188,5.74219,5.80078,5.97656,6.09375,6.73828,6.73828,6.97266,6.97266,6.91406,6.73828,6.67969,0.146484,0.126953,0.134277,0.150146,0.114746,0.078125,0.131836,0.137939,0.107422,0.108643,0.137939
2016-09-08T21:20:00Z,263.67188,265.42969,266.13281,267.1875,267.53906,268.59375,270.0,272.8125,272.8125,275.97656,276.67969,279.14063,5.97656,4.62891,5.33203,5.33203,5.56641,5.68359,5.97656,6.03516,6.26953,6.15234,6.21094,6.21094,6.26953,0.12207,0.129395,0.126953,0.15625,0.146484,0.119629,0.136719,0.135498,0.118408,0.128174,0.115967
2016-09-08T21:30:00Z,263.32031,263.67188,265.78125,265.78125,266.83594,266.48438,264.375,266.48438,268.94531,268.59375,274.21875,273.16406,5.09766,4.04297,4.98047,5.21484,4.98047,5.21484,5.27344,5.80078,5.97656,6.21094,6.15234,6.09375,6.26953,0.114746,0.151367,0.145264,0.146484,0.161133,0.125732,0.115967,0.118408,0.124512,0.115967,0.117188
2016-09-08T21:40:00Z,256.28906,253.82813,255.58594,254.88281,256.99219,258.75,256.64063,259.80469,262.26563,264.02344,265.42969,267.89063,5.68359,4.51172,5.80078,6.09375,5.97656,6.26953,6.21094,6.62109,6.73828,7.03125,6.97266,7.08984,6.85547,0.12085,0.131836,0.101318,0.130615,0.135498,0.150146,0.102539,0.137939,0.109863,0.075684,0.118408
2016-09-08T21:50:00Z,253.47656,250.66406,254.53125,254.53125,256.64063,257.69531,259.80469,255.58594,265.42969,264.72656,266.83594,266.83594,5.91797,4.57031,5.68359,5.85938,5.85938,6.15234,6.32813,6.44531,6.91406,6.85547,7.03125,6.91406,6.67969,0.135498,0.10376,0.150146,0.118408,0.107422,0.109863,0.12085,0.096436,0.123291,0.147705,0.128174
2016-09-08T22:00:00Z,256.64063,259.80469,260.50781,260.85938,260.15625,262.61719,267.53906,266.48438,267.1875,268.94531,270.0,273.86719,6.09375,4.98047,5.85938,6.15234,6.03516,6.62109,6.79688,6.73828,6.85547,6.85547,6.97266,7.32422,7.5,0.130615,0.137939,0.146484,0.12207,0.114746,0.12085,0.091553,0.130615,0.109863,0.10498,0.111084
2016-09-08T22:10:00Z,256.28906,250.3125,258.04688,253.125,257.69531,261.5625,263.67188,266.83594,268.94531,274.57031,274.92188,275.97656,6.26953,5.15625,6.32813,6.38672,6.03516,6.50391,6.85547,6.85547,7.03125,6.97266,6.97266,7.14844,7.32422,0.112305,0.10498,0.15625,0.106201,0.151367,0.085449,0.109863,0.131836,0.145264,0.115967,0.124512
2016-09-08T22:20:00Z,252.07031,253.82813,253.82813,253.47656,257.69531,258.39844,262.96875,267.53906,269.29688,273.86719,270.0,277.73438,6.15234,4.92188,6.15234,6.44531,6.32813,6.50391,6.79688,6.97266,6.85547,6.62109,6.67969,6.67969,6.85547,0.144043,0.12207,0.111084,0.150146,0.112305,0.079346,0.13916,0.097656,0.113525,0.083008,0.096436
2016-09-08T22:30:00Z,252.77344,255.58594,256.28906,259.10156,260.15625,264.72656,267.53906,271.05469,272.8125,275.625,278.78906,256.99219,6.21094,5.03906,5.68359,6.21094,6.03516,6.67969,6.79688,6.85547,6.79688,6.67969,6.85547,6.97266,7.20703,0.113525,0.107422,0.13916,0.128174,0.102539,0.084229,0.101318,0.089111,0.097656,0.111084,0.097656
2016-09-08T22:40:00Z,253.82813,255.58594,258.39844,258.39844,261.5625,262.61719,265.78125,267.89063,272.8125,269.64844,275.97656,275.27344,5.56641,4.39453,5.33203,5.56641,5.39063,5.74219,6.15234,6.21094,6.15234,5.85938,6.21094,6.15234,6.5625,0.117188,0.130615,0.112305,0.142822,0.126953,0.101318,0.083008,0.111084,0.109863,0.109863,0.06958
2016-09-08T22:50:00Z,258.39844,261.91406,265.07813,262.61719,264.02344,265.42969,267.53906,273.86719,273.51563,279.14063,278.4375,277.03125,5.33203,4.21875,4.92188,5.03906,5.21484,5.21484,5.68359,5.85938,5.97656,5.91797,5.85938,6.15234,6.21094,0.12207,0.101318,0.12207,0.161133,0.115967,0.12207,0.079346,0.101318,0.128174,0.097656,0.106201
2016-09-08T23:00:00Z,261.21094,262.26563,265.78125,263.67188,263.32031,266.13281,269.29688,271.05469,274.57031,276.67969,277.03125,279.49219,4.98047,4.04297,4.86328,4.98047,5.15625,5.50781,5.85938,6.09375,6.09375,6.03516,6.09375,6.09375,6.44531,0.172119,0.13916,0.12207,0.115967,0.095215,0.10498,0.089111,0.111084,0.080566,0.128174,0.101318
2016-09-08T23:10:00Z,260.15625,261.91406,261.91406,260.85938,263.32031,264.375,265.42969,266.83594,268.59375,270.35156,267.89063,273.16406,5.44922,4.45313,5.50781,5.44922,5.50781,5.56641,5.85938,6.03516,6.21094,5.97656,6.21094,6.21094,6.38672,0.12085,0.090332,0.089111,0.111084,0.100098,0.098877,0.118408,0.131836,0.119629,0.133057,0.109863
2016-09-08T23:20:00Z,258.04688,258.04688,258.75,260.15625,260.85938,260.50781,260.85938,263.32031,265.07813,264.72656,269.29688,271.75781,6.21094,3.98438,4.62891,4.62891,4.6875,5.09766,5.15625,5.33203,5.44922,5.625,5.91797,6.03516,5.91797,0.13916,0.125732,0.157471,0.111084,0.115967,0.12085,0.124512,0.112305,0.109863,0.089111,0.074463
2016-09-08T23:30:00Z,258.75,260.50781,264.72656,266.83594,264.375,268.94531,268.59375,271.05469,271.40625,272.8125,273.86719,274.21875,5.44922,3.92578,5.09766,5.33203,5.21484,5.625,5.74219,5.74219,5.80078,6.03516,6.03516,6.32813,6.15234,0.131836,0.126953,0.089111,0.095215,0.111084,0.089111,0.108643,0.113525,0.102539,0.117188,0.065918
2016-09-08T23:40:00Z,261.21094,265.42969,264.375,266.83594,267.53906,267.1875,270.0,269.64844,271.40625,270.70313,274.57031,275.625,5.56641,4.21875,5.15625,5.09766,5.15625,5.33203,5.44922,5.68359,5.625,5.74219,5.80078,5.85938,5.85938,0.144043,0.115967,0.119629,0.100098,0.117188,0.113525,0.102539,0.125732,0.115967,0.106201,0.100098
2016-09-08T23:50:00Z,259.80469,266.83594,264.72656,267.89063,266.48438,267.53906,268.94531,270.35156,273.86719,273.86719,275.27344,275.625,5.50781,4.27734,5.21484,5.27344,5.39063,5.625,5.74219,5.97656,5.97656,6.03516,5.80078,5.91797,6.15234,0.095215,0.126953,0.119629,0.118408,0.10498,0.126953,0.109863,0.107422,0.153809,0.118408,0.10376