LOCATION: 
SYSTEM SERIAL: HKZA
TIMESTAMP (ISO-8601) UTC,WindDir004m deg,WindDir030m deg,WindDir040m deg,WindDir040m_ref deg,WindDir060m deg,WindDir080m deg,WindDir100m deg,WindDir120m deg,WindDir140m deg,WindDir160m deg,WindDir180m deg,WindDir200m deg,WindGust004m m/s,WindSpeed004m m/s,WindSpeed030mh m/s,WindSpeed040mh m/s,WindSpeed040m_refh m/s,WindSpeed060mh m/s,WindSpeed080mh m/s,WindSpeed100mh m/s,WindSpeed120mh m/s,WindSpeed140mh m/s,WindSpeed160mh m/s,WindSpeed180mh m/s,WindSpeed200mh m/s,TI 030m,TI 040m,TI 040m ref,TI 060m,TI 080m,TI 100m,TI 120m,TI 140m,TI 160m,TI 180m,TI 200m
2016-11-03T00:00:00Z,332.92969,335.39063,336.09375,335.39063,335.39063,334.33594,335.03906,335.74219,336.79688,337.85156,341.36719,340.66406,9.31641,7.14844,7.73438,7.61719,7.67578,7.96875,7.96875,8.08594,7.96875,8.37891,8.32031,8.37891,8.26172,0.189209,0.186768,0.205078,0.159912,0.180664,0.19043,0.15625,0.15625,0.137939,0.123291,0.140381
2016-11-03T00:10:00Z,331.52344,344.88281,341.71875,343.125,339.25781,342.77344,342.42188,342.42188,342.07031,342.42188,340.66406,338.55469,10.42969,6.5625,7.38281,7.38281,7.38281,7.61719,7.61719,7.61719,7.67578,7.73438,7.85156,7.73438,8.02734,0.129395,0.134277,0.12207,0.131836,0.12207,0.151367,0.13916,0.114746,0.147705,0.150146,0.119629
2016-11-03T00:20:00Z,338.90625,335.03906,337.5,338.20313,336.79688,337.14844,336.09375,335.03906,336.44531,337.85156,335.03906,338.55469,8.49609,6.62109,8.20313,8.37891,8.14453,8.67188,8.67188,8.73047,8.73047,8.73047,8.49609,8.84766,8.55469,0.133057,0.130615,0.150146,0.128174,0.108643,0.101318,0.10498,0.131836,0.159912,0.126953,0.113525
2016-11-03T00:30:00Z,332.92969,328.71094,338.20313,338.20313,333.63281,337.14844,333.98438,337.5,333.63281,334.6875,336.09375,337.14844,9.25781,7.5,8.78906,8.78906,8.49609,8.73047,8.61328,8.67188,8.61328,8.90625,9.08203,9.14063,9.19922,0.124512,0.142822,0.141602,0.157471,0.137939,0.141602,0.133057,0.140381,0.115967,0.15625,0.142822
2016-11-03T00:40:00Z,331.17188,336.79688,339.25781,336.44531,333.98438,337.14844,336.79688,338.55469,335.39063,336.44531,333.98438,337.85156,10.01953,7.61719,8.49609,8.26172,8.84766,8.61328,8.73047,8.73047,8.4375,8.61328,8.84766,8.84766,8.73047,0.167236,0.135498,0.129395,0.137939,0.134277,0.144043,0.158691,0.148926,0.133057,0.126953,0.147705
2016-11-03T00:50:00Z,333.98438,342.07031,340.66406,345.23438,338.20313,342.77344,337.14844,338.20313,335.03906,341.71875,338.20313,340.66406,9.60938,7.20703,8.55469,8.67188,8.96484,8.84766,8.67188,8.73047,8.73047,9.14063,8.67188,8.55469,8.55469,0.155029,0.162354,0.125732,0.140381,0.157471,0.114746,0.128174,0.136719,0.128174,0.130615,0.13916
2016-11-03T01:00:00Z,336.79688,345.23438,345.9375,347.69531,344.53125,346.99219,342.07031,337.5,340.3125,333.63281,338.55469,337.5,10.48828,8.08594,8.67188,9.02344,8.96484,8.90625,8.78906,8.26172,8.55469,8.37891,8.4375,8.08594,8.37891,0.196533,0.187988,0.219727,0.192871,0.168457,0.15625,0.147705,0.114746,0.130615,0.169678,0.150146
2016-11-03T01:10:00Z,342.07031,357.1875,354.02344,357.1875,355.07813,349.80469,351.91406,348.39844,348.04688,344.53125,346.64063,339.96094,12.07031,7.96875,7.20703,7.26563,7.44141,7.26563,7.5,7.61719,7.79297,8.20313,8.32031,8.14453,8.61328,0.372314,0.429688,0.415039,0.369873,0.358887,0.268555,0.227051,0.19165,0.198975,0.216064,0.202637
2016-11-03T01:20:00Z,352.96875,334.33594,335.74219,336.09375,337.14844,333.28125,336.44531,332.57813,335.74219,331.52344,334.33594,335.03906,11.66016,5.27344,7.61719,7.79297,7.67578,8.26172,8.20313,8.55469,8.37891,8.4375,8.73047,9.14063,8.90625,0.202637,0.203857,0.186768,0.170898,0.118408,0.163574,0.150146,0.194092,0.145264,0.152588,0.141602
2016-11-03T01:30:00Z,330.46875,329.0625,332.92969,330.82031,332.57813,329.41406,330.82031,330.82031,335.39063,331.875,335.39063,332.92969,10.19531,7.26563,10.37109,9.96094,10.48828,10.01953,9.72656,9.90234,10.66406,10.48828,9.84375,9.90234,10.07813,0.148926,0.142822,0.146484,0.150146,0.12085,0.133057,0.108643,0.118408,0.135498,0.119629,0.112305
2016-11-03T01:40:00Z,325.19531,323.4375,325.54688,322.03125,326.60156,326.95313,325.19531,329.0625,328.35938,328.35938,330.11719,331.52344,10.78125,8.67188,9.08203,9.19922,8.96484,8.90625,8.90625,9.14063,9.19922,8.96484,9.14063,9.08203,9.08203,0.125732,0.125732,0.13916,0.150146,0.159912,0.142822,0.115967,0.151367,0.13916,0.136719,0.10376
2016-11-03T01:50:00Z,320.97656,326.25,327.65625,328.00781,325.19531,328.00781,328.71094,329.41406,330.46875,332.22656,332.92969,331.875,10.54688,7.85156,8.32031,8.55469,8.37891,8.49609,8.73047,8.49609,8.73047,8.90625,8.73047,8.4375,8.14453,0.142822,0.125732,0.163574,0.112305,0.112305,0.114746,0.137939,0.126953,0.098877,0.145264,0.123291
2016-11-03T02:00:00Z,322.73438,332.92969,326.95313,331.17188,326.25,330.46875,329.0625,332.57813,332.22656,329.0625,330.46875,328.71094,9.55078,7.61719,7.85156,7.73438,7.91016,8.14453,7.96875,8.32031,8.20313,8.26172,8.02734,8.32031,8.55469,0.169678,0.158691,0.150146,0.123291,0.150146,0.152588,0.10498,0.152588,0.151367,0.146484,0.148926
2016-11-03T02:10:00Z,325.19531,331.17188,334.6875,336.79688,331.52344,335.03906,330.82031,332.57813,331.52344,336.79688,330.46875,330.46875,9.14063,6.97266,8.02734,8.14453,8.37891,8.49609,8.55469,8.61328,8.49609,8.49609,8.55469,8.61328,8.37891,0.170898,0.131836,0.140381,0.123291,0.150146,0.144043,0.146484,0.130615,0.148926,0.158691,0.152588
2016-11-03T02:20:00Z,326.25,334.6875,332.57813,331.52344,332.57813,333.28125,332.57813,329.41406,335.74219,329.0625,331.52344,330.46875,9.49219,7.20703,8.26172,8.20313,8.37891,8.20313,8.32031,8.49609,8.61328,8.4375,8.49609,8.32031,8.73047,0.118408,0.151367,0.152588,0.153809,0.135498,0.162354,0.148926,0.144043,0.142822,0.144043,0.151367
2016-11-03T02:30:00Z,326.25,332.92969,332.22656,332.92969,332.57813,331.875,333.28125,331.875,332.57813,331.875,333.98438,330.46875,8.67188,6.44531,8.20313,8.26172,8.20313,8.49609,8.4375,8.49609,8.4375,8.55469,8.32031,8.49609,8.26172,0.161133,0.140381,0.150146,0.113525,0.146484,0.134277,0.129395,0.167236,0.162354,0.133057,0.140381
2016-11-03T02:40:00Z,325.89844,331.52344,331.17188,334.6875,331.17188,332.92969,329.0625,330.46875,329.76563,328.35938,328.00781,331.52344,8.61328,6.09375,7.79297,7.85156,7.79297,7.73438,7.79297,7.96875,7.96875,7.73438,8.02734,8.37891,8.32031,0.157471,0.145264,0.178223,0.148926,0.093994,0.130615,0.179443,0.131836,0.12207,0.129395,0.142822
2016-11-03T02:50:00Z,330.11719,335.39063,335.74219,335.39063,335.74219,329.76563,333.63281,330.46875,332.22656,333.98438,330.46875,327.30469,8.49609,5.50781,7.5,7.5,7.67578,7.55859,7.67578,7.91016,7.85156,7.85156,7.5,7.61719,7.85156,0.150146,0.145264,0.159912,0.131836,0.153809,0.141602,0.161133,0.144043,0.13916,0.174561,0.136719
2016-11-03T03:00:00Z,331.52344,326.60156,327.30469,327.30469,328.00781,329.41406,328.00781,323.78906,325.19531,325.19531,326.95313,324.49219,9.49219,6.44531,8.37891,8.32031,8.32031,8.14453,8.26172,8.08594,7.91016,7.85156,7.67578,7.79297,7.91016,0.155029,0.145264,0.148926,0.128174,0.128174,0.180664,0.161133,0.134277,0.162354,0.130615,0.144043
2016-11-03T03:10:00Z,323.08594,323.4375,318.86719,319.21875,320.97656,323.4375,322.73438,326.25,325.54688,321.67969,324.84375,327.65625,9.55078,6.91406,6.73828,6.91406,6.85547,7.20703,7.03125,7.08984,6.85547,6.79688,7.03125,7.32422,7.08984,0.174561,0.144043,0.15625,0.137939,0.125732,0.109863,0.133057,0.111084,0.146484,0.10498,0.114746
2016-11-03T03:20:00Z,316.75781,317.46094,329.0625,326.25,320.97656,327.30469,319.21875,320.27344,324.14063,319.21875,323.4375,323.08594,8.14453,6.21094,6.67969,6.50391,6.50391,6.5625,6.67969,6.5625,6.73828,6.85547,6.91406,6.85547,6.73828,0.109863,0.178223,0.163574,0.150146,0.141602,0.133057,0.179443,0.177002,0.161133,0.137939,0.124512
2016-11-03T03:30:00Z,315.70313,322.38281,323.4375,323.08594,322.03125,324.84375,324.14063,323.78906,329.0625,323.4375,326.60156,326.25,7.67578,5.91797,6.5625,6.32813,6.5625,6.62109,6.62109,6.91406,6.91406,7.03125,6.67969,7.03125,6.97266,0.146484,0.124512,0.12207,0.109863,0.150146,0.151367,0.115967,0.151367,0.147705,0.128174,0.17334
2016-11-03T03:40:00Z,318.16406,324.84375,324.14063,325.54688,324.14063,321.32813,324.14063,325.89844,326.25,325.19531,322.03125,323.08594,7.44141,5.85938,6.44531,6.5625,6.44531,6.62109,6.73828,7.03125,6.73828,6.79688,6.62109,6.91406,6.73828,0.144043,0.151367,0.10376,0.136719,0.177002,0.123291,0.13916,0.148926,0.141602,0.115967,0.147705
2016-11-03T03:50:00Z,319.21875,320.27344,320.625,319.92188,318.16406,321.67969,322.73438,318.86719,319.57031,320.625,321.67969,322.38281,7.44141,5.74219,6.73828,6.85547,6.73828,6.97266,7.03125,6.91406,6.91406,6.97266,7.03125,6.91406,6.85547,0.168457,0.151367,0.183105,0.123291,0.113525,0.137939,0.169678,0.12207,0.10376,0.126953,0.141602
2016-11-03T04:00:00Z,313.59375,316.75781,318.86719,318.86719,318.51563,318.86719,319.21875,319.57031,317.10938,318.86719,318.16406,319.57031,8.08594,6.21094,7.44141,7.67578,7.5,7.67578,7.85156,7.91016,7.85156,7.55859,7.55859,7.79297,7.73438,0.159912,0.114746,0.125732,0.152588,0.148926,0.108643,0.114746,0.157471,0.136719,0.123291,0.12085
2016-11-03T04:10:00Z,310.42969,309.375,312.1875,309.375,313.24219,310.78125,315.35156,312.53906,306.91406,310.42969,312.1875,311.48438,8.96484,6.79688,7.67578,7.79297,7.67578,7.73438,7.91016,7.85156,7.85156,8.02734,8.02734,8.08594,7.73438,0.133057,0.150146,0.140381,0.170898,0.134277,0.140381,0.150146,0.129395,0.142822,0.148926,0.155029
2016-11-03T04:20:00Z,307.61719,312.1875,310.78125,314.64844,313.24219,313.59375,315.70313,312.53906,312.1875,312.1875,311.83594,313.94531,8.78906,6.97266,7.08984,7.26563,7.38281,7.61719,7.55859,7.67578,7.44141,7.5,7.32422,7.61719,7.55859,0.169678,0.170898,0.183105,0.167236,0.130615,0.133057,0.147705,0.15625,0.158691,0.152588,0.130615
2016-11-03T04:30:00Z,307.26563,313.24219,312.1875,317.46094,313.59375,315.70313,315.35156,317.46094,313.24219,315.70313,317.46094,318.86719,8.73047,6.44531,6.97266,6.91406,7.14844,6.91406,7.14844,7.14844,7.03125,7.14844,7.26563,7.26563,6.97266,0.129395,0.106201,0.10498,0.142822,0.106201,0.162354,0.153809,0.151367,0.131836,0.109863,0.148926
2016-11-03T04:40:00Z,307.26563,314.29688,317.8125,318.86719,320.97656,320.27344,316.05469,318.86719,319.21875,319.57031,322.73438,319.92188,8.37891,6.32813,7.08984,7.14844,6.91406,7.03125,6.91406,7.08984,7.26563,7.20703,7.20703,7.03125,7.03125,0.117188,0.119629,0.107422,0.163574,0.152588,0.130615,0.148926,0.179443,0.125732,0.124512,0.145264
2016-11-03T04:50:00Z,312.89063,322.03125,321.32813,320.97656,319.21875,316.75781,321.67969,319.57031,320.27344,319.92188,319.57031,320.625,8.08594,6.09375,8.02734,7.85156,8.14453,7.85156,8.14453,8.08594,7.96875,7.91016,7.79297,7.5,7.73438,0.238037,0.233154,0.251465,0.214844,0.216064,0.236816,0.187988,0.192871,0.206299,0.218506,0.211182
2016-11-03T05:00:00Z,312.89063,324.49219,327.30469,322.73438,323.78906,323.4375,325.89844,325.19531,323.4375,331.52344,321.32813,325.19531,10.95703,6.85547,6.5625,6.50391,6.50391,6.5625,6.73828,6.73828,6.44531,6.62109,6.38672,5.97656,6.50391,0.240479,0.236816,0.258789,0.251465,0.211182,0.211182,0.19043,0.184326,0.172119,0.256348,0.180664
2016-11-03T05:10:00Z,320.625,331.52344,329.0625,330.46875,329.76563,324.84375,325.19531,325.54688,321.67969,319.92188,318.86719,320.625,7.85156,5.625,6.38672,6.38672,6.32813,6.38672,6.26953,6.15234,6.32813,6.67969,6.38672,6.73828,6.67969,0.146484,0.174561,0.198975,0.170898,0.175781,0.155029,0.145264,0.147705,0.153809,0.137939,0.091553
2016-11-03T05:20:00Z,326.25,326.95313,325.89844,323.4375,328.35938,327.30469,322.73438,318.51563,324.84375,315.70313,321.32813,320.625,7.38281,5.56641,5.68359,5.97656,5.56641,5.80078,5.80078,5.85938,6.03516,6.15234,6.44531,6.79688,6.67969,0.170898,0.19165,0.217285,0.186768,0.200195,0.174561,0.157471,0.187988,0.130615,0.126953,0.145264
2016-11-03T05:30:00Z,319.21875,325.54688,325.54688,324.14063,323.78906,324.14063,325.19531,329.41406,323.4375,323.4375,324.84375,322.73438,7.20703,5.15625,5.85938,5.85938,5.97656,5.80078,6.15234,6.15234,6.21094,6.21094,6.50391,6.44531,6.32813,0.133057,0.167236,0.152588,0.150146,0.128174,0.163574,0.129395,0.133057,0.133057,0.115967,0.134277
2016-11-03T05:40:00Z,320.27344,319.57031,321.32813,320.625,317.8125,318.51563,322.03125,322.03125,319.92188,319.92188,318.51563,320.27344,7.44141,5.33203,6.15234,6.38672,6.21094,6.62109,6.67969,6.5625,6.50391,6.44531,6.62109,6.62109,6.62109,0.174561,0.13916,0.17334,0.140381,0.168457,0.150146,0.147705,0.184326,0.168457,0.145264,0.159912
2016-11-03T05:50:00Z,312.89063,325.19531,324.49219,319.92188,326.25,323.08594,322.38281,322.73438,325.19531,328.00781,320.625,317.8125,7.32422,5.68359,6.32813,5.97656,6.32813,6.03516,5.97656,6.03516,6.5625,6.50391,6.21094,6.09375,6.15234,0.124512,0.111084,0.144043,0.153809,0.147705,0.135498,0.125732,0.111084,0.146484,0.135498,0.147705
2016-11-03T06:00:00Z,318.16406,333.98438,332.22656,332.92969,333.98438,329.76563,325.19531,330.11719,328.35938,328.35938,328.71094,326.25,7.91016,5.21484,5.33203,5.39063,5.39063,5.15625,5.03906,5.15625,5.33203,5.33203,5.39063,5.09766,5.03906,0.161133,0.163574,0.162354,0.168457,0.163574,0.187988,0.161133,0.169678,0.155029,0.134277,0.153809
2016-11-03T06:10:00Z,329.76563,335.74219,335.39063,334.6875,330.82031,330.46875,328.35938,330.11719,326.60156,328.71094,330.11719,328.00781,6.50391,4.6875,5.03906,4.98047,4.98047,4.74609,4.80469,4.80469,4.80469,4.92188,4.80469,4.86328,5.03906,0.144043,0.15625,0.142822,0.163574,0.186768,0.178223,0.189209,0.163574,0.151367,0.185547,0.162354
2016-11-03T06:20:00Z,328.35938,329.76563,335.03906,333.63281,331.875,329.76563,330.11719,330.82031,331.17188,328.00781,325.89844,329.0625,5.97656,4.45313,5.33203,5.44922,5.21484,5.50781,5.68359,5.44922,5.56641,5.39063,5.50781,5.68359,5.68359,0.153809,0.17334,0.163574,0.141602,0.184326,0.184326,0.167236,0.170898,0.178223,0.140381,0.145264
2016-11-03T06:30:00Z,326.25,329.0625,328.35938,324.14063,325.89844,326.25,328.35938,325.89844,325.54688,327.30469,329.0625,330.11719,7.32422,4.92188,6.91406,7.03125,6.91406,6.85547,6.79688,6.73828,6.79688,7.03125,6.79688,6.91406,6.62109,0.240479,0.181885,0.194092,0.20874,0.178223,0.202637,0.19165,0.17334,0.155029,0.157471,0.164795
2016-11-03T06:40:00Z,319.21875,303.39844,303.39844,305.15625,309.02344,312.53906,312.89063,317.46094,322.73438,317.8125,321.67969,315.35156,8.37891,6.09375,4.45313,4.27734,4.27734,4.27734,4.21875,4.27734,4.62891,4.6875,4.92188,4.86328,5.27344,0.307617,0.36377,0.328369,0.321045,0.323486,0.26123,0.275879,0.24292,0.239258,0.231934,0.197754
2016-11-03T06:50:00Z,292.5,315.70313,315.0,318.86719,319.21875,317.8125,320.27344,320.27344,320.27344,323.08594,322.38281,323.4375,6.5625,3.86719,3.80859,3.69141,3.98438,3.92578,4.04297,4.27734,4.39453,4.39453,4.62891,4.80469,4.74609,0.150146,0.196533,0.213623,0.203857,0.128174,0.179443,0.151367,0.113525,0.12085,0.136719,0.093994
2016-11-03T07:00:00Z,312.1875,321.32813,318.86719,316.40625,323.4375,316.75781,315.70313,317.8125,316.40625,320.27344,320.27344,320.625,4.80469,3.33984,3.75,3.86719,3.86719,3.80859,3.98438,4.04297,4.33594,4.39453,4.6875,4.57031,5.09766,0.163574,0.172119,0.159912,0.205078,0.174561,0.172119,0.13916,0.148926,0.172119,0.185547,0.179443
2016-11-03T07:10:00Z,313.94531,312.1875,315.35156,315.35156,318.16406,317.46094,314.64844,316.05469,318.86719,318.86719,315.70313,316.40625,5.50781,3.39844,4.92188,5.09766,4.92188,5.33203,5.21484,5.39063,5.39063,5.50781,5.56641,5.85938,5.80078,0.142822,0.198975,0.152588,0.169678,0.157471,0.17334,0.150146,0.145264,0.140381,0.159912,0.159912
2016-11-03T07:20:00Z,312.89063,312.1875,316.75781,314.29688,312.1875,316.75781,312.1875,315.0,314.64844,313.24219,311.48438,312.1875,6.26953,4.62891,5.09766,5.09766,5.09766,4.98047,5.21484,5.33203,5.33203,5.44922,5.44922,5.74219,5.85938,0.180664,0.200195,0.19165,0.159912,0.184326,0.141602,0.196533,0.170898,0.137939,0.115967,0.162354
2016-11-03T07:30:00Z,313.59375,322.03125,326.25,322.03125,324.84375,323.08594,324.49219,324.84375,322.38281,325.89844,322.03125,319.92188,6.5625,4.45313,5.50781,5.33203,5.44922,5.625,5.44922,5.625,5.56641,5.56641,5.39063,5.50781,5.56641,0.126953,0.151367,0.150146,0.142822,0.162354,0.145264,0.145264,0.130615,0.150146,0.159912,0.180664
2016-11-03T07:40:00Z,323.78906,324.14063,326.60156,325.19531,322.38281,325.19531,320.97656,326.60156,326.25,323.08594,319.57031,320.625,6.15234,3.98438,4.92188,5.21484,5.03906,5.09766,5.09766,5.39063,5.33203,5.33203,5.27344,5.39063,5.50781,0.180664,0.148926,0.166016,0.187988,0.177002,0.155029,0.186768,0.145264,0.166016,0.22583,0.179443
2016-11-03T07:50:00Z,319.21875,313.24219,313.94531,311.48438,309.375,311.48438,311.13281,311.13281,312.89063,308.67188,311.13281,311.83594,6.15234,3.92578,5.09766,5.15625,5.21484,5.27344,5.39063,5.44922,5.21484,5.21484,5.39063,5.44922,5.44922,0.153809,0.15625,0.177002,0.150146,0.175781,0.141602,0.157471,0.183105,0.118408,0.129395,0.123291
2016-11-03T08:00:00Z,305.85938,312.53906,317.10938,321.67969,315.0,315.70313,313.94531,317.10938,316.40625,318.86719,315.0,318.16406,5.74219,4.04297,5.03906,4.98047,4.86328,5.21484,4.92188,5.27344,5.03906,5.15625,4.98047,5.33203,4.98047,0.147705,0.162354,0.157471,0.180664,0.164795,0.159912,0.166016,0.164795,0.175781,0.145264,0.12085
2016-11-03T08:10:00Z,310.07813,319.57031,319.21875,319.57031,315.0,319.57031,319.21875,317.8125,319.57031,316.40625,318.86719,320.27344,5.74219,4.16016,4.74609,4.51172,4.62891,4.57031,4.62891,4.74609,4.57031,4.6875,4.57031,4.74609,4.57031,0.136719,0.130615,0.150146,0.178223,0.202637,0.212402,0.159912,0.150146,0.17334,0.137939,0.181885
2016-11-03T08:20:00Z,315.70313,320.27344,322.38281,317.8125,320.97656,324.14063,322.38281,320.27344,320.625,321.32813,326.25,320.625,5.74219,4.33594,4.6875,4.6875,4.62891,4.57031,4.45313,4.51172,4.6875,4.74609,4.74609,4.74609,4.62891,0.158691,0.178223,0.162354,0.179443,0.198975,0.167236,0.169678,0.184326,0.184326,0.158691,0.148926
2016-11-03T08:30:00Z,315.70313,317.46094,318.16406,318.16406,317.46094,317.46094,317.46094,319.57031,320.27344,318.16406,319.92188,317.46094,5.97656,4.27734,5.09766,5.03906,5.15625,4.92188,5.09766,5.21484,5.44922,5.33203,5.27344,5.21484,5.27344,0.174561,0.162354,0.119629,0.162354,0.172119,0.186768,0.151367,0.158691,0.180664,0.174561,0.162354
2016-11-03T08:40:00Z,311.13281,315.70313,315.70313,315.70313,316.75781,317.10938,316.05469,315.70313,319.57031,318.86719,317.10938,320.625,5.97656,4.39453,4.51172,4.51172,4.6875,4.57031,4.6875,4.6875,4.80469,4.92188,4.74609,4.86328,4.62891,0.203857,0.194092,0.185547,0.197754,0.169678,0.202637,0.213623,0.20874,0.214844,0.195313,0.170898
2016-11-03T08:50:00Z,312.89063,319.57031,320.97656,318.86719,316.40625,319.57031,318.86719,319.92188,318.51563,317.8125,320.97656,318.16406,5.97656,4.10156,4.45313,4.45313,4.57031,4.62891,4.62891,4.74609,4.74609,4.86328,4.86328,4.62891,4.6875,0.152588,0.194092,0.169678,0.170898,0.151367,0.170898,0.187988,0.161133,0.151367,0.178223,0.17334
2016-11-03T09:00:00Z,318.86719,309.375,312.1875,310.42969,308.67188,311.48438,310.78125,312.89063,309.02344,313.24219,312.53906,312.1875,5.33203,4.10156,3.63281,3.92578,3.92578,3.80859,3.98438,4.10156,3.92578,4.21875,3.98438,3.98438,4.10156,0.201416,0.177002,0.161133,0.15625,0.19043,0.198975,0.181885,0.203857,0.218506,0.213623,0.168457
2016-11-03T09:10:00Z,305.15625,309.02344,311.48438,311.13281,311.48438,311.13281,309.375,310.42969,313.59375,312.89063,311.48438,310.07813,4.39453,3.28125,4.27734,4.27734,4.21875,4.33594,4.10156,4.33594,4.45313,4.33594,4.16016,4.21875,4.33594,0.209961,0.213623,0.197754,0.175781,0.178223,0.216064,0.20874,0.198975,0.178223,0.214844,0.196533
2016-11-03T09:20:00Z,307.96875,312.89063,308.67188,314.29688,313.59375,310.78125,310.42969,311.48438,309.375,311.48438,311.83594,309.72656,5.27344,3.63281,3.98438,4.10156,4.16016,4.10156,4.10156,4.04297,3.98438,4.04297,4.10156,4.16016,3.98438,0.200195,0.185547,0.20874,0.206299,0.197754,0.185547,0.153809,0.217285,0.213623,0.178223,0.217285
2016-11-03T09:30:00Z,306.5625,286.875,294.96094,292.14844,289.6875,293.20313,290.03906,291.09375,290.39063,296.71875,294.96094,298.125,4.98047,3.63281,3.69141,3.69141,3.57422,3.57422,3.63281,3.57422,3.86719,3.92578,3.92578,3.80859,3.69141,0.203857,0.187988,0.157471,0.187988,0.196533,0.222168,0.170898,0.157471,0.151367,0.151367,0.185547
2016-11-03T09:40:00Z,287.22656,288.28125,290.39063,291.09375,288.63281,291.09375,291.09375,290.03906,286.52344,288.98438,291.09375,293.20313,4.80469,3.04688,3.57422,3.69141,3.69141,3.75,3.75,3.69141,3.69141,3.63281,3.86719,3.69141,3.80859,0.212402,0.159912,0.146484,0.153809,0.189209,0.205078,0.151367,0.150146,0.170898,0.200195,0.166016
2016-11-03T09:50:00Z,285.11719,297.07031,299.17969,298.82813,299.53125,301.64063,296.36719,298.47656,296.36719,295.3125,296.36719,299.88281,3.98438,2.92969,3.45703,3.63281,3.45703,3.51563,3.69141,3.51563,3.86719,3.69141,3.75,3.86719,3.86719,0.234375,0.231934,0.245361,0.235596,0.192871,0.273438,0.212402,0.24292,0.203857,0.196533,0.205078
2016-11-03T10:00:00Z,295.66406,292.14844,288.63281,291.79688,290.74219,293.20313,291.09375,294.60938,294.25781,293.55469,293.90625,296.36719,4.57031,3.16406,3.57422,3.69141,3.63281,3.86719,3.75,3.86719,3.86719,3.92578,3.75,3.92578,3.80859,0.19165,0.219727,0.219727,0.180664,0.159912,0.195313,0.162354,0.169678,0.19165,0.194092,0.197754
2016-11-03T10:10:00Z,285.82031,286.875,282.30469,284.76563,285.82031,286.17188,288.63281,286.17188,279.84375,283.71094,284.0625,281.95313,4.45313,3.22266,4.16016,4.33594,4.21875,4.45313,4.45313,4.33594,4.45313,4.6875,4.45313,4.51172,4.45313,0.209961,0.19043,0.211182,0.178223,0.180664,0.161133,0.183105,0.177002,0.200195,0.19043,0.205078
2016-11-03T10:20:00Z,277.73438,280.19531,280.54688,277.38281,277.73438,281.60156,278.08594,280.19531,280.19531,279.84375,282.65625,282.30469,5.27344,3.86719,5.625,5.39063,5.50781,5.74219,5.68359,5.68359,5.68359,5.625,5.68359,5.68359,5.44922,0.19043,0.217285,0.201416,0.20874,0.200195,0.214844,0.195313,0.217285,0.192871,0.194092,0.158691
2016-11-03T10:30:00Z,274.57031,283.35938,281.95313,283.00781,284.76563,283.00781,286.17188,282.65625,285.82031,285.46875,284.41406,282.30469,7.44141,5.21484,7.08984,7.08984,7.20703,7.08984,7.32422,7.14844,7.14844,7.32422,6.79688,6.91406,6.44531,0.111084,0.118408,0.12085,0.128174,0.101318,0.108643,0.108643,0.124512,0.114746,0.146484,0.151367
2016-11-03T10:40:00Z,278.08594,283.71094,283.71094,283.71094,282.65625,282.30469,284.0625,282.30469,282.30469,284.0625,279.49219,279.49219,7.5,6.26953,7.32422,7.20703,7.38281,7.38281,7.20703,7.03125,7.08984,7.08984,6.91406,6.79688,6.73828,0.119629,0.112305,0.108643,0.111084,0.123291,0.102539,0.118408,0.096436,0.092773,0.111084,0.12085
2016-11-03T10:50:00Z,277.73438,271.05469,272.46094,271.75781,274.21875,270.70313,274.92188,273.51563,273.51563,272.8125,277.38281,275.27344,7.55859,6.26953,6.67969,6.67969,6.67969,6.73828,6.79688,6.73828,6.38672,6.38672,6.15234,6.38672,5.97656,0.162354,0.097656,0.162354,0.133057,0.124512,0.135498,0.107422,0.126953,0.136719,0.113525,0.169678
2016-11-03T11:00:00Z,265.07813,264.375,261.91406,263.32031,258.39844,262.96875,259.45313,262.26563,262.96875,268.24219,267.1875,270.70313,7.79297,5.91797,6.79688,6.67969,7.08984,7.03125,6.62109,6.67969,6.67969,6.44531,6.03516,5.85938,5.74219,0.13916,0.147705,0.108643,0.12207,0.13916,0.145264,0.131836,0.164795,0.13916,0.146484,0.128174
2016-11-03T11:10:00Z,254.88281,252.07031,256.28906,254.53125,251.01563,251.71875,253.82813,252.77344,255.58594,252.77344,253.125,254.17969,7.73438,6.21094,6.79688,6.5625,6.44531,6.26953,6.32813,6.21094,5.85938,5.74219,5.33203,5.27344,5.03906,0.153809,0.123291,0.180664,0.151367,0.145264,0.174561,0.230713,0.187988,0.192871,0.174561,0.152588
2016-11-03T11:20:00Z,247.5,242.92969,246.44531,245.03906,241.17188,238.35938,238.71094,239.76563,242.57813,242.92969,247.85156,254.53125,7.5,5.91797,5.91797,5.21484,5.44922,5.27344,5.09766,4.92188,4.92188,4.6875,4.6875,4.80469,4.62891,0.174561,0.194092,0.123291,0.219727,0.147705,0.144043,0.117188,0.144043,0.140381,0.141602,0.131836
2016-11-03T11:30:00Z,238.00781,240.11719,235.54688,237.65625,242.22656,243.98438,245.74219,246.79688,247.5,252.07031,259.10156,264.72656,6.32813,4.92188,4.45313,4.04297,4.10156,4.04297,4.10156,4.04297,4.04297,3.98438,4.16016,4.21875,3.98438,0.22583,0.214844,0.228271,0.269775,0.201416,0.167236,0.202637,0.135498,0.163574,0.163574,0.24292
2016-11-03T11:40:00Z,236.60156,229.21875,231.32813,231.32813,228.86719,235.89844,238.71094,243.98438,253.47656,260.50781,258.04688,262.96875,4.74609,3.39844,2.51953,2.75391,2.69531,2.57813,2.57813,2.75391,3.39844,3.57422,3.98438,4.27734,4.51172,0.24292,0.24292,0.273438,0.281982,0.163574,0.245361,0.249023,0.241699,0.222168,0.198975,0.178223
2016-11-03T11:50:00Z,226.40625,218.32031,215.85938,219.72656,220.42969,223.94531,233.08594,243.28125,248.20313,255.23438,256.28906,259.80469,3.63281,2.10938,2.40234,2.16797,2.28516,2.46094,2.28516,2.69531,2.98828,3.45703,3.80859,4.10156,4.57031,0.222168,0.224609,0.231934,0.198975,0.194092,0.20752,0.152588,0.142822,0.175781,0.12085,0.163574
2016-11-03T12:00:00Z,208.82813,225.35156,228.51563,233.08594,235.54688,237.65625,249.25781,252.77344,260.50781,260.85938,268.24219,266.83594,2.98828,1.99219,2.28516,2.46094,2.34375,2.63672,2.87109,3.28125,3.86719,4.80469,5.74219,6.38672,6.44531,0.229492,0.167236,0.231934,0.249023,0.17334,0.213623,0.222168,0.327148,0.281982,0.279541,0.238037
2016-11-03T12:10:00Z,222.1875,240.46875,238.71094,234.14063,241.17188,246.79688,246.09375,252.77344,257.34375,264.02344,263.32031,265.78125,3.04688,1.99219,3.10547,3.10547,3.04688,3.39844,3.57422,4.16016,4.92188,5.21484,6.15234,5.97656,6.32813,0.294189,0.339355,0.26001,0.317383,0.252686,0.270996,0.251465,0.220947,0.270996,0.303955,0.205078
2016-11-03T12:20:00Z,235.19531,267.89063,269.29688,270.0,267.53906,267.89063,266.48438,267.89063,267.53906,272.10938,263.67188,268.59375,4.98047,2.87109,6.38672,6.26953,6.32813,6.62109,6.91406,6.97266,7.14844,7.14844,7.38281,7.08984,7.26563,0.283203,0.269775,0.301514,0.272217,0.24292,0.244141,0.218506,0.184326,0.195313,0.206299,0.157471
2016-11-03T12:30:00Z,263.67188,269.29688,271.75781,268.59375,269.64844,268.59375,270.70313,269.29688,267.1875,270.70313,266.48438,266.83594,8.4375,5.85938,7.61719,7.85156,7.85156,7.61719,7.73438,7.67578,7.91016,8.20313,8.08594,7.91016,7.91016,0.142822,0.152588,0.10498,0.145264,0.134277,0.119629,0.147705,0.117188,0.180664,0.141602,0.148926
2016-11-03T12:40:00Z,264.375,272.10938,270.70313,270.70313,275.27344,271.40625,271.75781,274.21875,272.10938,269.29688,271.40625,267.89063,8.49609,6.5625,7.91016,8.26172,8.37891,8.37891,8.4375,8.20313,8.37891,8.08594,8.32031,8.20313,8.4375,0.131836,0.13916,0.130615,0.146484,0.15625,0.170898,0.146484,0.148926,0.145264,0.112305,0.137939
2016-11-03T12:50:00Z,268.59375,270.0,271.75781,274.57031,272.8125,272.10938,272.10938,268.24219,267.1875,268.59375,268.94531,267.89063,8.78906,6.97266,8.55469,8.84766,8.96484,8.96484,8.96484,8.90625,8.84766,9.08203,9.08203,9.31641,9.25781,0.130615,0.140381,0.133057,0.100098,0.131836,0.145264,0.157471,0.142822,0.141602,0.126953,0.13916
2016-11-03T13:00:00Z,267.89063,269.29688,265.07813,273.16406,271.05469,268.24219,270.35156,268.59375,271.05469,271.05469,270.0,270.35156,9.72656,7.5,8.61328,9.02344,8.96484,8.96484,9.02344,9.14063,9.14063,9.14063,9.25781,8.78906,9.02344,0.148926,0.136719,0.163574,0.129395,0.124512,0.134277,0.125732,0.130615,0.114746,0.112305,0.141602
2016-11-03T13:10:00Z,266.48438,266.83594,270.70313,268.59375,267.1875,268.24219,265.78125,267.53906,269.64844,265.78125,268.94531,266.83594,9.08203,7.20703,8.96484,8.55469,9.19922,8.73047,9.08203,9.19922,9.14063,9.375,9.08203,9.14063,9.25781,0.123291,0.137939,0.125732,0.17334,0.140381,0.136719,0.148926,0.12085,0.142822,0.113525,0.151367
2016-11-03T13:20:00Z,261.91406,266.83594,263.67188,263.32031,261.21094,266.83594,265.42969,268.94531,268.24219,264.375,264.02344,267.53906,9.49219,7.44141,8.61328,8.84766,8.67188,9.31641,9.60938,9.55078,9.19922,8.84766,8.90625,9.19922,9.25781,0.152588,0.144043,0.148926,0.108643,0.12207,0.140381,0.117188,0.135498,0.159912,0.100098,0.118408
2016-11-03T13:30:00Z,264.02344,264.72656,265.42969,262.61719,259.80469,263.32031,262.96875,261.21094,261.21094,258.75,261.5625,260.50781,9.25781,7.5,8.32031,8.55469,8.61328,8.73047,8.96484,8.67188,8.73047,8.73047,9.14063,9.02344,8.78906,0.102539,0.123291,0.128174,0.098877,0.119629,0.115967,0.163574,0.146484,0.158691,0.124512,0.142822
2016-11-03T13:40:00Z,261.5625,265.42969,265.07813,264.72656,264.375,260.15625,259.80469,265.07813,261.5625,260.85938,261.21094,260.50781,9.31641,7.44141,8.49609,8.55469,8.61328,8.61328,8.55469,8.78906,9.02344,8.61328,8.61328,8.73047,8.90625,0.137939,0.145264,0.134277,0.128174,0.150146,0.111084,0.125732,0.161133,0.163574,0.118408,0.137939
2016-11-03T13:50:00Z,260.85938,258.75,262.26563,264.72656,260.15625,257.69531,256.64063,263.32031,259.80469,258.75,255.9375,259.10156,9.60938,7.61719,8.4375,8.49609,8.84766,8.4375,8.90625,8.96484,9.08203,8.61328,8.67188,8.96484,9.19922,0.125732,0.126953,0.125732,0.118408,0.133057,0.113525,0.107422,0.131836,0.131836,0.118408,0.107422
2016-11-03T14:00:00Z,254.88281,256.99219,259.80469,261.91406,257.34375,256.99219,262.26563,259.45313,258.39844,262.96875,255.9375,258.75,9.49219,7.55859,9.08203,8.96484,8.84766,9.02344,9.31641,9.25781,9.43359,9.49219,9.43359,9.375,9.14063,0.164795,0.147705,0.161133,0.164795,0.151367,0.147705,0.162354,0.106201,0.124512,0.147705,0.126953
2016-11-03T14:10:00Z,256.64063,262.61719,263.67188,263.67188,262.61719,259.10156,263.32031,261.21094,262.61719,256.64063,260.85938,257.69531,10.07813,7.96875,8.78906,9.14063,8.90625,9.08203,9.49219,9.31641,9.19922,9.375,9.49219,9.55078,9.49219,0.150146,0.146484,0.119629,0.164795,0.166016,0.163574,0.170898,0.166016,0.133057,0.13916,0.166016
2016-11-03T14:20:00Z,256.99219,253.82813,253.82813,258.04688,256.64063,251.71875,254.88281,255.23438,256.64063,254.53125,253.82813,253.82813,9.96094,7.85156,8.73047,8.78906,8.78906,8.96484,8.90625,8.78906,9.08203,9.31641,8.96484,8.96484,8.73047,0.145264,0.180664,0.153809,0.168457,0.162354,0.133057,0.135498,0.129395,0.141602,0.174561,0.198975
2016-11-03T14:30:00Z,249.96094,253.125,258.39844,255.23438,255.9375,254.88281,256.99219,257.34375,254.88281,255.58594,255.9375,253.47656,9.375,7.20703,8.84766,8.61328,8.78906,8.84766,9.14063,9.02344,9.02344,8.96484,8.96484,8.78906,9.19922,0.13916,0.123291,0.13916,0.148926,0.126953,0.129395,0.129395,0.150146,0.141602,0.142822,0.126953
2016-11-03T14:40:00Z,249.25781,251.71875,258.04688,253.47656,257.34375,251.36719,255.9375,252.77344,255.23438,253.125,254.88281,250.66406,10.13672,7.20703,9.25781,9.31641,9.49219,9.43359,9.31641,9.375,9.43359,9.19922,9.43359,9.31641,9.25781,0.158691,0.151367,0.145264,0.124512,0.135498,0.112305,0.150146,0.135498,0.133057,0.131836,0.142822
2016-11-03T14:50:00Z,245.74219,259.10156,258.39844,253.47656,252.42188,251.71875,259.10156,252.07031,255.58594,252.07031,252.42188,255.58594,10.37109,7.20703,8.61328,8.4375,8.55469,8.73047,8.96484,9.25781,8.90625,8.90625,8.90625,9.19922,9.08203,0.162354,0.159912,0.167236,0.129395,0.129395,0.124512,0.166016,0.15625,0.136719,0.163574,0.166016
2016-11-03T15:00:00Z,247.85156,248.55469,249.25781,249.60938,248.90625,245.39063,252.77344,242.92969,248.55469,242.57813,248.90625,247.85156,10.07813,6.26953,8.26172,8.67188,8.67188,8.61328,8.73047,8.4375,8.73047,8.90625,9.14063,9.02344,8.78906,0.177002,0.133057,0.161133,0.144043,0.15625,0.157471,0.134277,0.140381,0.144043,0.135498,0.17334
2016-11-03T15:10:00Z,240.82031,250.66406,251.36719,250.66406,248.90625,247.5,253.125,248.90625,250.3125,252.42188,251.01563,249.96094,8.90625,6.09375,8.55469,8.49609,8.61328,8.4375,8.73047,8.67188,8.90625,8.96484,8.78906,8.67188,9.02344,0.124512,0.167236,0.145264,0.158691,0.135498,0.126953,0.124512,0.147705,0.166016,0.147705,0.15625
2016-11-03T15:20:00Z,245.74219,252.42188,251.71875,252.77344,258.75,254.17969,251.36719,254.17969,254.17969,256.64063,257.34375,253.82813,8.73047,5.50781,8.08594,8.32031,8.20313,8.14453,8.32031,8.32031,8.67188,8.55469,8.73047,8.67188,8.4375,0.125732,0.109863,0.134277,0.108643,0.128174,0.146484,0.106201,0.134277,0.164795,0.15625,0.137939
2016-11-03T15:30:00Z,249.25781,252.07031,252.42188,249.60938,249.96094,252.07031,252.42188,252.77344,251.71875,252.42188,251.36719,250.3125,8.49609,5.09766,8.26172,8.14453,8.14453,8.08594,8.08594,8.32031,8.32031,8.55469,8.4375,8.26172,8.26172,0.128174,0.124512,0.147705,0.124512,0.129395,0.131836,0.12085,0.112305,0.109863,0.136719,0.12085
2016-11-03T15:40:00Z,245.74219,251.01563,255.23438,251.71875,251.71875,253.82813,253.82813,252.42188,252.07031,252.07031,254.53125,254.53125,7.55859,5.03906,8.55469,8.4375,8.26172,8.49609,8.4375,8.37891,8.55469,8.4375,8.4375,8.49609,8.67188,0.126953,0.123291,0.144043,0.131836,0.123291,0.10376,0.125732,0.135498,0.114746,0.101318,0.091553
2016-11-03T15:50:00Z,252.42188,248.55469,248.55469,250.3125,249.25781,244.6875,248.90625,249.25781,245.39063,245.74219,247.85156,247.85156,8.20313,5.09766,8.84766,8.96484,8.84766,8.78906,9.02344,9.14063,9.25781,9.02344,9.25781,9.14063,9.31641,0.117188,0.164795,0.126953,0.144043,0.130615,0.130615,0.125732,0.135498,0.148926,0.117188,0.129395
2016-11-03T16:00:00Z,248.90625,242.57813,246.79688,247.85156,242.57813,246.44531,250.66406,243.63281,245.39063,245.74219,239.76563,249.25781,7.91016,5.33203,9.02344,8.84766,9.14063,8.84766,9.02344,9.375,9.08203,9.14063,9.14063,9.49219,9.375,0.124512,0.119629,0.117188,0.113525,0.124512,0.079346,0.106201,0.087891,0.113525,0.091553,0.115967
2016-11-03T16:10:00Z,239.76563,238.71094,244.33594,240.46875,241.875,244.33594,239.76563,239.76563,239.0625,241.52344,237.65625,241.52344,8.78906,5.39063,9.02344,9.19922,9.14063,9.375,9.43359,9.25781,9.31641,9.31641,9.60938,9.55078,9.43359,0.108643,0.114746,0.102539,0.087891,0.108643,0.097656,0.10376,0.109863,0.095215,0.112305,0.135498
2016-11-03T16:20:00Z,234.84375,238.00781,242.22656,238.71094,241.17188,239.41406,240.11719,240.82031,239.41406,239.41406,235.54688,240.11719,8.96484,5.68359,9.55078,9.72656,9.60938,9.43359,9.375,9.72656,9.78516,9.72656,9.55078,9.72656,9.84375,0.126953,0.118408,0.146484,0.140381,0.102539,0.125732,0.093994,0.072021,0.089111,0.100098,0.109863
2016-11-03T16:30:00Z,233.08594,244.33594,242.92969,244.33594,244.33594,241.875,242.92969,243.28125,239.76563,243.63281,242.92969,242.57813,9.72656,6.03516,9.55078,9.66797,9.43359,9.66797,9.55078,9.60938,9.49219,9.72656,9.84375,9.60938,9.60938,0.113525,0.10498,0.134277,0.12207,0.119629,0.112305,0.129395,0.112305,0.137939,0.124512,0.13916
2016-11-03T16:40:00Z,242.22656,241.52344,236.95313,239.76563,239.76563,242.92969,239.76563,245.74219,239.41406,238.71094,239.76563,238.35938,9.25781,5.80078,8.73047,8.90625,8.96484,9.31641,9.19922,9.19922,8.96484,9.02344,9.66797,9.49219,9.66797,0.152588,0.130615,0.135498,0.124512,0.128174,0.115967,0.123291,0.136719,0.129395,0.144043,0.129395
2016-11-03T16:50:00Z,235.89844,236.95313,239.0625,236.25,235.89844,237.65625,240.46875,237.65625,240.11719,239.76563,235.19531,239.76563,8.78906,5.625,9.02344,8.90625,9.25781,9.08203,9.43359,9.49219,9.49219,9.25781,9.49219,9.14063,9.66797,0.101318,0.114746,0.107422,0.129395,0.147705,0.108643,0.112305,0.115967,0.12085,0.10376,0.142822
2016-11-03T17:00:00Z,233.4375,236.95313,241.17188,243.63281,240.46875,241.17188,241.17188,243.63281,243.63281,239.76563,238.35938,246.44531,9.66797,5.91797,10.19531,10.13672,10.13672,10.3125,10.54688,10.42969,10.37109,9.96094,10.19531,10.3125,10.42969,0.111084,0.108643,0.089111,0.098877,0.109863,0.10376,0.106201,0.125732,0.107422,0.100098,0.109863
2016-11-03T17:10:00Z,235.19531,229.57031,232.73438,233.08594,236.95313,231.32813,234.49219,240.11719,230.625,237.30469,233.08594,235.89844,10.25391,6.50391,9.84375,10.07813,10.07813,10.19531,10.25391,10.19531,10.25391,10.60547,10.54688,10.42969,10.72266,0.131836,0.140381,0.137939,0.124512,0.130615,0.124512,0.087891,0.100098,0.112305,0.095215,0.097656
2016-11-03T17:20:00Z,224.29688,238.00781,236.95313,235.89844,235.19531,238.71094,238.35938,238.00781,239.41406,241.17188,237.65625,235.89844,10.3125,6.97266,10.48828,10.48828,10.42969,10.54688,10.48828,10.60547,10.78125,10.78125,10.48828,10.60547,10.83984,0.117188,0.124512,0.113525,0.124512,0.085449,0.081787,0.092773,0.12085,0.10376,0.10376,0.089111
2016-11-03T17:30:00Z,232.38281,237.30469,237.30469,235.19531,238.00781,238.35938,236.60156,240.46875,237.30469,237.65625,241.17188,236.25,9.78516,6.50391,9.72656,9.72656,9.55078,9.96094,10.01953,10.19531,10.13672,10.37109,10.42969,10.25391,10.07813,0.134277,0.155029,0.159912,0.125732,0.141602,0.118408,0.113525,0.114746,0.111084,0.145264,0.124512
2016-11-03T17:40:00Z,233.08594,239.0625,237.65625,239.0625,239.76563,239.0625,238.35938,239.41406,239.0625,235.89844,239.0625,241.17188,9.375,6.15234,9.72656,9.78516,9.78516,9.96094,10.13672,10.19531,9.84375,10.19531,10.42969,10.72266,10.07813,0.161133,0.142822,0.12207,0.102539,0.112305,0.128174,0.123291,0.129395,0.112305,0.113525,0.117188
2016-11-03T17:50:00Z,232.73438,242.92969,242.22656,242.22656,240.11719,242.22656,241.52344,242.57813,240.11719,242.57813,239.0625,241.17188,9.43359,6.38672,9.78516,9.60938,10.01953,9.84375,9.96094,10.01953,10.3125,10.37109,10.48828,10.3125,10.13672,0.125732,0.129395,0.137939,0.145264,0.140381,0.119629,0.137939,0.134277,0.123291,0.157471,0.145264
2016-11-03T18:00:00Z,237.30469,241.875,236.60156,241.17188,239.0625,239.0625,238.71094,239.76563,241.875,240.46875,237.30469,240.11719,9.72656,6.32813,9.72656,10.25391,9.72656,10.37109,10.54688,10.48828,10.3125,10.42969,10.54688,10.60547,10.42969,0.158691,0.150146,0.150146,0.136719,0.135498,0.148926,0.113525,0.118408,0.141602,0.128174,0.15625
2016-11-03T18:10:00Z,232.38281,240.11719,238.35938,242.57813,240.46875,242.92969,244.6875,241.17188,242.57813,241.17188,239.76563,239.41406,10.48828,6.5625,9.55078,10.19531,9.84375,10.54688,10.42969,10.3125,10.37109,10.42969,10.3125,10.72266,10.66406,0.144043,0.141602,0.106201,0.119629,0.137939,0.118408,0.12207,0.141602,0.140381,0.142822,0.106201
2016-11-03T18:20:00Z,232.38281,239.76563,238.35938,237.65625,237.65625,238.71094,236.60156,238.00781,239.41406,240.46875,237.30469,240.11719,10.72266,7.03125,10.48828,10.37109,10.3125,10.66406,10.48828,11.13281,10.83984,10.89844,10.60547,11.25,10.95703,0.134277,0.146484,0.158691,0.151367,0.118408,0.098877,0.118408,0.118408,0.162354,0.113525,0.141602
2016-11-03T18:30:00Z,232.38281,233.08594,236.25,235.54688,237.65625,235.54688,236.25,234.14063,236.95313,234.49219,241.875,232.73438,9.90234,6.79688,10.48828,10.89844,10.42969,10.60547,11.30859,11.07422,11.13281,10.83984,11.01563,10.95703,11.07422,0.124512,0.134277,0.130615,0.145264,0.125732,0.118408,0.107422,0.12207,0.130615,0.113525,0.118408
2016-11-03T18:40:00Z,228.16406,238.35938,237.30469,240.11719,242.22656,240.11719,241.52344,237.30469,238.71094,239.0625,239.41406,239.41406,11.07422,7.08984,10.54688,10.95703,10.78125,11.25,11.36719,10.83984,11.30859,11.30859,11.19141,11.30859,11.01563,0.118408,0.128174,0.118408,0.123291,0.130615,0.115967,0.092773,0.10498,0.124512,0.145264,0.137939
2016-11-03T18:50:00Z,232.38281,233.78906,235.54688,234.14063,233.4375,235.19531,234.14063,237.65625,234.14063,232.38281,236.60156,234.49219,10.78125,7.14844,11.07422,10.89844,10.95703,10.95703,11.01563,11.07422,11.19141,10.95703,11.19141,11.54297,11.13281,0.115967,0.126953,0.152588,0.108643,0.109863,0.142822,0.119629,0.131836,0.130615,0.113525,0.12207
2016-11-03T19:00:00Z,227.8125,235.19531,238.71094,237.30469,237.30469,237.65625,238.00781,235.89844,241.52344,237.65625,238.00781,238.35938,11.13281,7.55859,9.60938,9.78516,9.78516,9.66797,10.01953,10.3125,10.25391,9.96094,10.01953,10.07813,10.19531,0.137939,0.13916,0.172119,0.115967,0.123291,0.142822,0.126953,0.146484,0.142822,0.128174,0.117188
2016-11-03T19:10:00Z,228.86719,240.11719,235.89844,236.25,237.30469,236.25,237.65625,239.0625,236.60156,237.30469,239.76563,239.41406,9.96094,6.79688,10.19531,10.60547,10.54688,10.60547,10.72266,10.78125,10.66406,11.01563,11.30859,11.01563,10.66406,0.123291,0.131836,0.141602,0.150146,0.145264,0.128174,0.124512,0.137939,0.123291,0.146484,0.141602
2016-11-03T19:20:00Z,230.97656,237.65625,239.41406,240.82031,238.71094,239.0625,239.41406,236.25,236.95313,238.71094,234.49219,237.65625,10.19531,7.14844,10.25391,10.3125,10.19531,10.42969,10.42969,10.78125,10.78125,11.19141,10.95703,11.13281,11.01563,0.155029,0.145264,0.128174,0.140381,0.153809,0.117188,0.123291,0.146484,0.115967,0.108643,0.145264
2016-11-03T19:30:00Z,232.38281,241.875,242.92969,246.79688,237.65625,242.22656,243.63281,241.52344,239.41406,242.57813,239.41406,238.71094,10.19531,7.03125,9.96094,10.19531,10.19531,10.83984,11.36719,11.01563,10.60547,10.95703,10.89844,10.89844,11.13281,0.119629,0.13916,0.131836,0.147705,0.136719,0.137939,0.136719,0.142822,0.164795,0.15625,0.141602
2016-11-03T19:40:00Z,235.89844,236.95313,236.25,241.52344,239.0625,239.41406,242.57813,239.76563,240.46875,240.82031,242.92969,241.17188,10.95703,7.5,11.01563,11.13281,11.07422,11.54297,11.89453,11.71875,11.60156,11.66016,11.71875,11.77734,11.83594,0.147705,0.153809,0.146484,0.133057,0.134277,0.163574,0.119629,0.151367,0.150146,0.137939,0.151367
2016-11-03T19:50:00Z,233.4375,245.74219,240.82031,239.0625,243.63281,243.28125,241.52344,241.17188,241.52344,242.22656,241.875,241.875,11.30859,8.20313,10.66406,10.83984,10.72266,10.95703,10.83984,11.07422,11.01563,11.07422,11.01563,10.66406,10.83984,0.144043,0.140381,0.140381,0.155029,0.170898,0.135498,0.12207,0.153809,0.096436,0.141602,0.12207
2016-11-03T20:00:00Z,235.19531,241.52344,239.76563,243.63281,240.46875,238.00781,239.0625,243.28125,239.41406,242.22656,240.46875,243.98438,10.37109,7.73438,11.19141,10.89844,11.25,11.42578,11.36719,11.66016,11.48438,11.30859,11.19141,11.54297,11.60156,0.137939,0.131836,0.135498,0.125732,0.146484,0.108643,0.109863,0.131836,0.126953,0.12207,0.136719
2016-11-03T20:10:00Z,231.67969,244.6875,241.52344,242.92969,243.98438,243.98438,243.98438,244.33594,246.79688,244.33594,241.17188,245.03906,11.60156,8.37891,9.84375,10.37109,10.25391,10.60547,10.95703,10.66406,10.60547,10.19531,10.42969,10.78125,10.78125,0.125732,0.152588,0.148926,0.147705,0.178223,0.142822,0.141602,0.174561,0.12207,0.123291,0.146484
2016-11-03T20:20:00Z,238.00781,244.6875,244.6875,247.5,245.39063,247.5,242.57813,246.44531,248.20313,247.14844,246.09375,243.98438,10.60547,8.14453,10.37109,10.37109,10.13672,10.3125,10.01953,10.48828,10.42969,10.37109,10.37109,10.37109,10.3125,0.131836,0.163574,0.13916,0.167236,0.114746,0.126953,0.117188,0.15625,0.145264,0.17334,0.147705
2016-11-03T20:30:00Z,238.35938,243.28125,244.6875,244.33594,243.63281,244.33594,245.03906,243.63281,241.875,238.35938,243.28125,241.52344,11.54297,8.02734,9.78516,9.375,9.43359,9.66797,9.66797,9.60938,9.90234,10.01953,10.13672,10.13672,10.13672,0.163574,0.177002,0.147705,0.144043,0.178223,0.142822,0.142822,0.114746,0.118408,0.095215,0.125732
2016-11-03T20:40:00Z,239.41406,243.63281,238.71094,241.52344,247.5,244.6875,239.0625,241.17188,239.41406,241.52344,240.46875,242.57813,10.48828,8.26172,9.84375,10.3125,9.84375,10.07813,9.90234,9.84375,10.19531,10.3125,10.3125,10.13672,10.19531,0.135498,0.153809,0.144043,0.150146,0.161133,0.159912,0.177002,0.109863,0.108643,0.133057,0.129395
2016-11-03T20:50:00Z,235.19531,238.71094,240.46875,240.46875,242.22656,239.41406,239.76563,241.875,238.00781,241.52344,239.76563,238.71094,10.78125,8.37891,9.19922,9.19922,9.25781,9.375,9.19922,9.25781,9.49219,9.66797,9.78516,10.07813,9.90234,0.145264,0.133057,0.153809,0.148926,0.126953,0.158691,0.131836,0.08667,0.12085,0.101318,0.124512
2016-11-03T21:00:00Z,235.54688,247.85156,248.55469,246.44531,248.20313,244.33594,250.66406,250.3125,248.55469,242.57813,253.82813,246.79688,9.96094,7.73438,9.19922,9.375,9.43359,9.49219,9.72656,9.375,9.84375,9.60938,9.66797,10.01953,9.96094,0.140381,0.175781,0.147705,0.157471,0.144043,0.133057,0.137939,0.153809,0.113525,0.144043,0.133057
2016-11-03T21:10:00Z,243.63281,226.05469,226.75781,228.86719,223.59375,229.57031,226.05469,225.35156,229.92188,227.46094,227.46094,232.73438,11.07422,8.26172,11.19141,11.25,11.07422,11.95313,11.83594,11.71875,11.83594,12.07031,11.42578,11.48438,11.01563,0.133057,0.153809,0.161133,0.13916,0.130615,0.137939,0.102539,0.134277,0.155029,0.155029,0.175781
2016-11-03T21:20:00Z,220.42969,217.96875,216.91406,221.13281,219.02344,222.1875,215.85938,219.02344,217.61719,222.89063,224.64844,222.1875,12.42188,9.78516,11.71875,12.01172,11.60156,12.36328,11.83594,12.07031,12.30469,12.83203,12.48047,11.83594,12.01172,0.163574,0.174561,0.136719,0.177002,0.147705,0.137939,0.130615,0.113525,0.12085,0.129395,0.128174
2016-11-03T21:30:00Z,215.50781,215.50781,213.75,214.80469,215.15625,220.78125,211.64063,219.02344,216.91406,217.26563,216.5625,224.29688,13.30078,9.84375,13.47656,13.35938,13.59375,13.82813,13.53516,14.0625,14.17969,14.12109,13.59375,13.88672,13.71094,0.123291,0.140381,0.109863,0.123291,0.133057,0.144043,0.111084,0.124512,0.118408,0.12085,0.12207
2016-11-03T21:40:00Z,211.99219,220.07813,220.42969,219.02344,216.21094,220.07813,221.83594,216.21094,222.1875,220.42969,222.89063,222.89063,13.24219,10.78125,12.65625,13.06641,12.83203,13.41797,13.82813,13.59375,13.94531,14.00391,14.12109,13.71094,13.65234,0.107422,0.147705,0.129395,0.142822,0.131836,0.140381,0.133057,0.115967,0.113525,0.109863,0.115967
2016-11-03T21:50:00Z,215.85938,214.80469,216.21094,216.91406,221.13281,219.72656,214.80469,221.13281,220.07813,218.32031,220.42969,222.1875,14.12109,10.42969,13.00781,13.53516,13.18359,13.76953,13.94531,14.29688,14.35547,14.12109,14.58984,14.35547,14.35547,0.142822,0.096436,0.163574,0.123291,0.114746,0.13916,0.133057,0.112305,0.151367,0.118408,0.134277
2016-11-03T22:00:00Z,214.45313,216.5625,217.61719,219.02344,218.67188,214.80469,217.61719,216.5625,216.5625,219.02344,213.39844,221.48438,14.35547,10.78125,14.29688,14.12109,14.64844,14.41406,14.35547,15.05859,14.82422,15.05859,14.58984,15.52734,14.94141,0.144043,0.151367,0.114746,0.164795,0.129395,0.130615,0.114746,0.136719,0.117188,0.124512,0.113525
2016-11-03T22:10:00Z,214.10156,223.59375,223.59375,221.48438,223.59375,219.72656,221.13281,222.1875,222.1875,220.78125,222.53906,226.40625,14.58984,11.19141,13.82813,13.71094,14.47266,13.76953,14.12109,14.29688,13.88672,14.29688,14.41406,14.76563,15.0,0.128174,0.145264,0.12207,0.12207,0.114746,0.12085,0.131836,0.111084,0.113525,0.085449,0.111084
2016-11-03T22:20:00Z,217.61719,220.07813,219.72656,223.24219,221.13281,220.42969,225.35156,223.94531,221.13281,224.29688,226.05469,224.64844,13.65234,11.07422,13.94531,13.94531,14.00391,14.17969,14.35547,14.17969,14.23828,14.12109,14.35547,14.47266,14.47266,0.12207,0.097656,0.098877,0.095215,0.119629,0.108643,0.114746,0.107422,0.124512,0.12085,0.119629
2016-11-03T22:30:00Z,217.61719,222.89063,222.1875,222.53906,221.83594,223.94531,226.05469,222.89063,225.0,226.75781,225.70313,226.40625,14.58984,10.95703,13.65234,13.71094,13.71094,13.82813,14.17969,14.29688,14.23828,14.35547,14.12109,14.0625,14.00391,0.12207,0.096436,0.12207,0.10376,0.095215,0.112305,0.123291,0.119629,0.131836,0.124512,0.124512
2016-11-03T22:40:00Z,219.02344,226.75781,223.59375,228.51563,225.70313,228.51563,226.75781,227.8125,224.64844,229.21875,228.51563,228.86719,14.00391,10.60547,13.59375,14.17969,13.65234,14.53125,14.23828,14.29688,14.47266,15.05859,14.76563,14.94141,15.17578,0.140381,0.115967,0.157471,0.109863,0.126953,0.113525,0.113525,0.118408,0.12085,0.124512,0.137939
2016-11-03T22:50:00Z,222.53906,226.75781,226.75781,226.75781,228.51563,229.57031,222.53906,222.89063,232.38281,229.92188,229.57031,223.24219,14.23828,11.19141,13.94531,14.12109,14.47266,14.23828,14.41406,14.94141,15.46875,14.76563,15.0,15.29297,15.58594,0.115967,0.109863,0.112305,0.12207,0.144043,0.134277,0.12207,0.113525,0.100098,0.107422,0.112305
2016-11-03T23:00:00Z,219.72656,219.375,218.32031,225.70313,222.53906,219.375,219.72656,220.78125,225.35156,220.78125,223.94531,223.59375,14.58984,11.13281,13.41797,13.76953,13.71094,13.88672,14.00391,13.94531,14.29688,13.88672,13.82813,14.17969,14.23828,0.115967,0.134277,0.130615,0.142822,0.125732,0.126953,0.100098,0.129395,0.114746,0.137939,0.12207
2016-11-03T23:10:00Z,214.80469,225.70313,225.70313,224.29688,225.0,227.10938,230.625,226.40625,225.70313,229.21875,227.46094,224.64844,14.23828,10.83984,12.65625,12.83203,12.77344,13.06641,13.41797,12.77344,13.18359,12.94922,13.30078,13.125,13.71094,0.115967,0.119629,0.137939,0.131836,0.145264,0.145264,0.134277,0.133057,0.117188,0.114746,0.112305
2016-11-03T23:20:00Z,221.83594,221.48438,222.1875,225.0,224.29688,227.10938,220.78125,222.89063,222.89063,227.8125,227.10938,221.48438,13.94531,10.3125,12.48047,12.71484,12.65625,13.125,13.125,13.53516,13.65234,13.41797,13.06641,13.06641,13.41797,0.150146,0.13916,0.129395,0.115967,0.129395,0.102539,0.111084,0.112305,0.100098,0.12085,0.112305
2016-11-03T23:30:00Z,218.67188,226.05469,223.24219,221.48438,221.83594,224.29688,221.48438,225.70313,226.75781,223.94531,225.0,226.40625,13.59375,10.25391,12.71484,12.53906,12.89063,12.89063,13.00781,12.94922,13.18359,13.24219,13.53516,13.47656,12.89063,0.126953,0.115967,0.135498,0.131836,0.12085,0.12085,0.134277,0.108643,0.117188,0.102539,0.142822
2016-11-03T23:40:00Z,218.67188,221.48438,222.89063,220.78125,222.53906,218.32031,225.70313,220.78125,225.35156,226.05469,223.94531,222.1875,13.41797,10.37109,13.24219,13.71094,13.24219,14.17969,14.29688,14.12109,14.00391,14.35547,14.23828,14.29688,14.53125,0.125732,0.12085,0.130615,0.130615,0.119629,0.134277,0.152588,0.115967,0.10498,0.10498,0.090332
2016-11-03T23:50:00Z,216.5625,223.24219,226.40625,226.05469,227.46094,224.64844,223.24219,225.70313,232.38281,229.92188,225.70313,225.35156,13.71094,10.95703,12.83203,13.30078,13.125,13.47656,13.76953,14.00391,14.17969,13.94531,13.82813,13.53516,13.65234,0.140381,0.129395,0.131836,0.141602,0.152588,0.124512,0.131836,0.124512,0.140381,0.134277,0.111084