LOCATION: 
SYSTEM SERIAL: HKZA
TIMESTAMP (ISO-8601) UTC,WindDir004m deg,WindDir030m deg,WindDir040m deg,WindDir040m_ref deg,WindDir060m deg,WindDir080m deg,WindDir100m deg,WindDir120m deg,WindDir140m deg,WindDir160m deg,WindDir180m deg,WindDir200m deg,WindGust004m m/s,WindSpeed004m m/s,WindSpeed030mh m/s,WindSpeed040mh m/s,WindSpeed040m_refh m/s,WindSpeed060mh m/s,WindSpeed080mh m/s,WindSpeed100mh m/s,WindSpeed120mh m/s,WindSpeed140mh m/s,WindSpeed160mh m/s,WindSpeed180mh m/s,WindSpeed200mh m/s,TI 030m,TI 040m,TI 040m ref,TI 060m,TI 080m,TI 100m,TI 120m,TI 140m,TI 160m,TI 180m,TI 200m
2016-10-05T00:00:00Z,88.24219,96.67969,98.08594,97.03125,96.67969,97.38281,95.97656,96.67969,97.73438,99.49219,97.03125,98.4375,16.17188,12.12891,13.82813,14.23828,14.41406,14.53125,14.88281,14.94141,15.11719,14.76563,15.17578,15.11719,15.41016,0.126953,0.137939,0.134277,0.15625,0.135498,0.106201,0.140381,0.13916,0.128174,0.128174,0.118408
2016-10-05T00:10:00Z,90.70313,93.86719,87.53906,90.35156,86.83594,86.83594,88.59375,84.02344,86.13281,89.64844,89.29688,90.70313,15.46875,12.30469,14.70703,14.88281,14.53125,14.64844,14.94141,15.0,15.52734,15.35156,15.29297,15.23438,15.23438,0.13916,0.134277,0.12085,0.15625,0.090332,0.114746,0.137939,0.136719,0.155029,0.135498,0.12207
2016-10-05T00:20:00Z,89.29688,88.59375,92.46094,93.86719,94.92188,95.625,97.03125,95.97656,94.21875,98.78906,99.14063,93.51563,14.88281,12.01172,14.47266,14.76563,14.47266,15.0,14.94141,14.94141,14.64844,15.0,15.23438,15.29297,15.17578,0.10376,0.157471,0.119629,0.168457,0.172119,0.145264,0.145264,0.161133,0.164795,0.147705,0.13916
2016-10-05T01:10:00Z,95.97656,107.57813,106.875,104.41406,104.0625,106.17188,106.875,106.875,105.11719,105.11719,104.0625,103.71094,14.88281,11.71875,13.59375,14.00391,13.76953,14.00391,14.35547,14.23828,13.82813,14.41406,14.17969,14.58984,14.53125,0.142822,0.144043,0.144043,0.089111,0.152588,0.148926,0.144043,0.148926,0.125732,0.136719,0.142822
2016-10-05T01:20:00Z,95.625,101.95313,103.71094,104.41406,103.00781,105.11719,103.71094,103.71094,104.76563,102.65625,104.41406,105.11719,14.17969,11.83594,13.76953,13.88672,13.76953,14.23828,14.23828,14.29688,14.53125,14.29688,14.17969,14.17969,14.70703,0.135498,0.151367,0.129395,0.130615,0.131836,0.114746,0.142822,0.123291,0.12085,0.145264,0.136719
2016-10-05T01:30:00Z,97.03125,105.82031,106.17188,105.82031,103.00781,104.76563,104.76563,107.22656,105.82031,106.52344,104.41406,107.22656,14.64844,11.42578,13.47656,13.30078,13.41797,13.71094,13.06641,13.71094,13.88672,13.59375,13.71094,14.0625,14.00391,0.150146,0.107422,0.141602,0.124512,0.128174,0.150146,0.157471,0.142822,0.117188,0.13916,0.140381
2016-10-05T01:40:00Z,95.97656,103.00781,104.41406,107.22656,104.41406,104.41406,103.35938,105.11719,104.41406,103.35938,105.11719,104.76563,14.17969,11.01563,12.53906,12.83203,12.36328,13.41797,13.41797,13.30078,13.94531,13.125,13.53516,14.00391,14.12109,0.145264,0.119629,0.159912,0.119629,0.091553,0.166016,0.147705,0.112305,0.15625,0.153809,0.148926
2016-10-05T01:50:00Z,95.97656,104.41406,103.35938,105.82031,107.92969,105.11719,107.22656,105.46875,101.95313,100.89844,102.30469,104.41406,13.76953,11.13281,12.83203,13.18359,12.89063,13.65234,13.53516,13.00781,13.30078,13.53516,13.30078,13.71094,13.59375,0.123291,0.137939,0.147705,0.163574,0.15625,0.124512,0.125732,0.13916,0.144043,0.134277,0.142822
2016-10-05T02:00:00Z,95.27344,104.76563,99.14063,102.30469,103.71094,100.54688,103.00781,104.41406,103.00781,106.52344,107.57813,104.76563,13.71094,11.13281,12.65625,12.94922,12.77344,13.06641,13.18359,13.24219,13.30078,13.41797,13.71094,13.82813,13.18359,0.134277,0.100098,0.126953,0.137939,0.126953,0.129395,0.131836,0.145264,0.111084,0.195313,0.200195
2016-10-05T02:10:00Z,94.92188,99.14063,101.25,103.71094,103.00781,105.46875,98.08594,102.65625,103.71094,102.65625,104.0625,104.0625,14.58984,11.25,13.125,13.65234,13.47656,13.35938,12.89063,13.35938,14.41406,13.71094,13.47656,13.53516,13.76953,0.135498,0.146484,0.13916,0.108643,0.158691,0.134277,0.135498,0.144043,0.118408,0.170898,0.150146
2016-10-05T02:20:00Z,94.92188,104.76563,103.71094,101.95313,108.28125,107.57813,106.17188,100.19531,101.60156,103.00781,101.25,100.19531,14.47266,11.71875,13.71094,14.23828,13.76953,13.82813,13.35938,13.53516,13.82813,14.64844,14.12109,13.88672,14.00391,0.167236,0.167236,0.162354,0.148926,0.145264,0.140381,0.13916,0.140381,0.142822,0.123291,0.144043
2016-10-05T02:30:00Z,95.27344,102.65625,103.71094,99.84375,105.11719,99.84375,103.35938,103.35938,103.00781,101.60156,102.65625,101.95313,14.0625,11.48438,13.59375,13.65234,13.59375,14.17969,13.82813,14.12109,14.41406,14.00391,14.12109,13.94531,14.23828,0.113525,0.129395,0.152588,0.133057,0.128174,0.112305,0.124512,0.145264,0.148926,0.163574,0.12207
2016-10-05T02:40:00Z,95.27344,104.0625,104.76563,102.30469,104.0625,103.35938,99.14063,104.76563,101.95313,103.35938,102.30469,103.00781,14.53125,11.36719,13.47656,13.30078,13.06641,13.71094,13.71094,14.12109,13.94531,14.47266,14.53125,14.0625,14.35547,0.153809,0.157471,0.125732,0.119629,0.148926,0.12207,0.144043,0.133057,0.203857,0.163574,0.159912
2016-10-05T03:00:00Z,98.08594,107.92969,104.0625,106.17188,102.65625,102.30469,101.95313,103.71094,104.41406,104.76563,105.46875,105.82031,14.53125,10.89844,12.59766,12.94922,12.94922,13.00781,13.24219,13.35938,13.41797,13.125,13.30078,12.94922,13.24219,0.124512,0.15625,0.19043,0.112305,0.108643,0.152588,0.186768,0.162354,0.169678,0.147705,0.131836
2016-10-05T03:10:00Z,101.95313,107.22656,109.6875,105.82031,107.57813,105.46875,107.22656,104.0625,104.0625,106.17188,107.57813,104.41406,13.53516,10.66406,12.77344,12.83203,13.125,12.59766,12.48047,12.71484,12.83203,13.18359,13.125,12.48047,12.77344,0.161133,0.164795,0.10376,0.140381,0.161133,0.147705,0.137939,0.167236,0.159912,0.113525,0.12085
2016-10-05T03:20:00Z,100.89844,104.0625,105.11719,103.35938,105.82031,106.52344,105.11719,101.25,103.35938,101.60156,101.95313,103.35938,12.65625,10.54688,12.30469,12.53906,12.30469,12.59766,13.06641,12.71484,12.53906,12.89063,13.35938,12.89063,12.94922,0.137939,0.125732,0.126953,0.128174,0.147705,0.128174,0.126953,0.111084,0.111084,0.142822,0.142822
2016-10-05T03:30:00Z,99.49219,100.89844,105.11719,103.00781,99.49219,99.14063,98.78906,96.67969,100.19531,105.82031,105.82031,104.0625,13.24219,10.60547,12.12891,12.36328,12.24609,12.59766,12.89063,13.41797,13.06641,13.18359,13.24219,12.71484,12.94922,0.098877,0.141602,0.117188,0.112305,0.126953,0.151367,0.180664,0.126953,0.112305,0.151367,0.162354
2016-10-05T03:40:00Z,96.32813,97.38281,99.49219,98.4375,101.60156,104.76563,101.95313,95.27344,98.4375,98.08594,95.27344,100.89844,13.35938,10.72266,12.12891,12.83203,12.12891,13.00781,13.125,12.94922,12.53906,13.18359,13.41797,13.30078,12.83203,0.108643,0.135498,0.108643,0.124512,0.118408,0.128174,0.107422,0.124512,0.118408,0.113525,0.152588
2016-10-05T03:50:00Z,95.27344,100.19531,98.08594,95.625,95.625,93.51563,94.92188,94.57031,94.57031,95.27344,97.38281,99.49219,13.76953,11.01563,12.89063,13.125,13.06641,13.125,13.30078,13.59375,13.18359,13.00781,13.125,13.65234,13.59375,0.126953,0.118408,0.108643,0.142822,0.108643,0.123291,0.168457,0.124512,0.124512,0.10376,0.108643
2016-10-05T04:00:00Z,94.21875,99.14063,96.67969,96.67969,98.4375,91.75781,94.57031,96.67969,97.73438,98.4375,99.14063,96.67969,14.29688,10.95703,12.59766,13.125,13.06641,13.06641,13.30078,13.65234,13.59375,13.06641,12.71484,13.24219,13.76953,0.101318,0.129395,0.145264,0.111084,0.141602,0.146484,0.115967,0.157471,0.137939,0.169678,0.106201
2016-10-05T04:10:00Z,95.27344,92.10938,96.32813,96.67969,97.38281,96.67969,95.625,101.60156,95.625,96.32813,96.32813,95.625,14.64844,11.36719,13.76953,14.12109,13.59375,14.0625,13.35938,13.59375,13.65234,13.71094,14.0625,13.71094,13.47656,0.152588,0.118408,0.115967,0.135498,0.119629,0.118408,0.179443,0.13916,0.115967,0.177002,0.130615
2016-10-05T04:20:00Z,97.38281,99.84375,103.00781,95.97656,100.54688,100.54688,104.0625,93.16406,96.32813,99.84375,99.14063,98.4375,14.00391,11.13281,13.18359,13.47656,13.35938,13.82813,13.41797,13.18359,13.53516,13.59375,13.59375,13.35938,13.76953,0.136719,0.130615,0.142822,0.136719,0.124512,0.136719,0.095215,0.100098,0.119629,0.15625,0.119629
2016-10-05T04:30:00Z,95.27344,97.03125,96.32813,100.19531,99.49219,98.4375,101.60156,101.60156,95.625,95.625,94.57031,94.92188,13.65234,10.89844,12.59766,12.71484,12.94922,13.18359,13.30078,13.24219,13.47656,13.06641,13.59375,13.76953,14.00391,0.119629,0.128174,0.107422,0.126953,0.115967,0.114746,0.148926,0.142822,0.118408,0.134277,0.113525
2016-10-05T04:40:00Z,96.67969,97.03125,99.14063,97.38281,95.27344,97.73438,99.49219,97.38281,100.54688,97.38281,96.32813,95.625,13.65234,10.42969,12.01172,12.53906,12.24609,12.71484,12.94922,12.94922,12.42188,12.71484,12.94922,12.59766,12.89063,0.128174,0.130615,0.114746,0.146484,0.151367,0.124512,0.111084,0.146484,0.152588,0.133057,0.141602
2016-10-05T04:50:00Z,97.38281,99.49219,100.89844,92.10938,99.49219,100.54688,99.84375,99.84375,98.08594,95.27344,98.78906,96.67969,13.94531,10.3125,12.24609,12.71484,12.71484,12.59766,12.24609,12.59766,12.71484,12.65625,12.53906,12.77344,12.83203,0.135498,0.131836,0.109863,0.098877,0.134277,0.115967,0.134277,0.107422,0.096436,0.141602,0.113525
2016-10-05T05:00:00Z,94.57031,92.8125,99.84375,94.92188,98.78906,99.84375,100.19531,98.4375,99.49219,98.08594,97.38281,96.67969,13.00781,10.37109,12.07031,12.1875,12.1875,12.53906,12.59766,12.59766,12.48047,12.83203,12.77344,12.89063,12.83203,0.12085,0.118408,0.141602,0.15625,0.135498,0.131836,0.12207,0.133057,0.130615,0.131836,0.125732
2016-10-05T05:10:00Z,97.03125,99.84375,100.54688,99.84375,94.21875,100.19531,102.30469,102.30469,99.49219,99.49219,98.08594,95.27344,13.24219,10.48828,13.125,12.77344,13.00781,12.71484,12.65625,12.53906,12.36328,12.42188,12.24609,12.24609,12.71484,0.130615,0.118408,0.172119,0.133057,0.148926,0.166016,0.140381,0.107422,0.118408,0.131836,0.123291
2016-10-05T05:20:00Z,96.67969,99.84375,99.84375,99.84375,99.84375,99.49219,91.75781,93.86719,97.38281,101.25,96.67969,98.4375,13.41797,10.54688,12.71484,12.71484,13.30078,12.42188,12.71484,12.94922,13.24219,12.48047,12.53906,12.65625,12.71484,0.117188,0.124512,0.119629,0.137939,0.124512,0.153809,0.111084,0.155029,0.148926,0.146484,0.107422
2016-10-05T05:30:00Z,94.21875,95.97656,99.84375,100.19531,98.78906,98.4375,94.21875,96.32813,91.75781,95.27344,96.67969,98.78906,13.06641,10.66406,12.77344,12.42188,12.59766,13.125,12.48047,12.77344,12.71484,12.65625,12.59766,12.83203,12.83203,0.117188,0.118408,0.12085,0.119629,0.12207,0.134277,0.150146,0.125732,0.194092,0.161133,0.135498
2016-10-05T05:40:00Z,92.8125,98.4375,97.38281,99.14063,95.625,96.67969,91.75781,93.51563,87.89063,89.29688,92.46094,88.24219,12.65625,10.3125,12.24609,12.1875,12.42188,12.65625,12.65625,12.83203,12.30469,12.1875,12.36328,12.71484,12.48047,0.13916,0.152588,0.137939,0.134277,0.163574,0.145264,0.129395,0.100098,0.133057,0.157471,0.131836
2016-10-05T05:50:00Z,92.8125,97.03125,93.51563,97.38281,97.03125,94.57031,94.57031,94.92188,95.27344,94.21875,94.21875,97.03125,13.06641,10.54688,12.30469,12.42188,12.36328,12.71484,13.06641,12.89063,12.65625,12.94922,12.71484,12.48047,12.83203,0.133057,0.10498,0.150146,0.150146,0.10376,0.129395,0.126953,0.129395,0.112305,0.102539,0.117188
2016-10-05T06:00:00Z,91.75781,96.32813,95.97656,94.92188,91.40625,96.67969,98.08594,95.97656,95.27344,97.73438,95.97656,91.05469,13.30078,10.89844,12.71484,13.06641,13.30078,12.89063,12.83203,13.06641,13.125,12.94922,13.18359,12.48047,13.00781,0.145264,0.111084,0.145264,0.146484,0.136719,0.161133,0.141602,0.124512,0.152588,0.159912,0.109863
2016-10-05T06:10:00Z,96.67969,100.19531,99.84375,100.89844,98.4375,99.84375,95.97656,97.38281,98.08594,97.73438,99.84375,98.78906,13.53516,11.13281,13.125,13.41797,13.24219,13.53516,13.41797,12.94922,13.59375,13.24219,13.47656,13.41797,13.24219,0.136719,0.142822,0.119629,0.129395,0.12085,0.142822,0.141602,0.167236,0.137939,0.123291,0.119629
2016-10-05T06:20:00Z,90.0,95.27344,95.625,91.05469,96.67969,97.03125,95.625,95.97656,92.10938,93.16406,90.0,90.0,13.71094,10.89844,12.89063,13.125,12.89063,13.125,13.59375,13.24219,13.35938,13.06641,13.30078,12.83203,13.18359,0.148926,0.141602,0.153809,0.161133,0.140381,0.119629,0.155029,0.155029,0.115967,0.126953,0.13916
2016-10-05T06:30:00Z,91.05469,95.97656,97.38281,95.27344,97.03125,98.4375,95.625,97.38281,94.21875,95.97656,95.27344,97.73438,14.70703,10.60547,12.24609,12.89063,12.30469,12.71484,12.83203,13.00781,13.47656,12.71484,13.35938,13.30078,13.125,0.13916,0.135498,0.158691,0.163574,0.131836,0.152588,0.13916,0.13916,0.134277,0.126953,0.13916
2016-10-05T06:40:00Z,94.92188,93.86719,97.73438,99.84375,96.67969,99.49219,99.14063,99.14063,95.625,99.49219,99.49219,100.19531,13.41797,10.66406,12.30469,12.83203,12.42188,13.35938,13.00781,12.77344,12.71484,12.65625,12.53906,12.30469,12.71484,0.146484,0.145264,0.146484,0.142822,0.131836,0.142822,0.100098,0.167236,0.129395,0.183105,0.13916
2016-10-05T06:50:00Z,86.83594,91.75781,91.40625,91.05469,97.03125,90.0,93.51563,93.16406,92.10938,90.0,91.05469,91.40625,14.0625,10.60547,11.95313,12.48047,12.42188,12.71484,12.71484,12.59766,12.36328,12.42188,13.00781,13.18359,12.71484,0.148926,0.125732,0.125732,0.133057,0.131836,0.123291,0.13916,0.124512,0.130615,0.12207,0.162354
2016-10-05T07:00:00Z,86.48438,93.16406,92.10938,89.64844,92.10938,91.40625,92.46094,90.70313,93.16406,94.92188,93.86719,94.92188,13.47656,10.72266,12.42188,12.94922,12.48047,12.89063,12.83203,12.59766,12.83203,12.94922,13.30078,12.83203,12.83203,0.118408,0.145264,0.136719,0.114746,0.158691,0.137939,0.118408,0.126953,0.114746,0.133057,0.146484
2016-10-05T07:10:00Z,85.07813,90.0,91.75781,90.0,92.46094,92.10938,93.51563,90.0,88.94531,90.0,91.40625,91.40625,13.30078,10.54688,12.65625,12.83203,12.65625,13.18359,13.18359,13.00781,12.59766,12.71484,13.125,12.94922,13.125,0.109863,0.130615,0.134277,0.166016,0.128174,0.142822,0.134277,0.175781,0.131836,0.135498,0.130615
2016-10-05T07:20:00Z,84.02344,86.48438,90.0,87.89063,88.59375,89.64844,92.10938,90.70313,91.05469,89.29688,88.59375,88.59375,13.24219,10.54688,12.77344,12.59766,12.71484,13.125,13.18359,13.30078,13.00781,13.06641,13.41797,13.18359,12.71484,0.135498,0.095215,0.114746,0.142822,0.098877,0.129395,0.163574,0.145264,0.153809,0.130615,0.150146
2016-10-05T07:30:00Z,81.5625,88.59375,87.1875,90.70313,89.64844,87.53906,87.89063,91.40625,92.10938,93.86719,92.10938,90.70313,13.94531,10.83984,12.59766,12.94922,12.48047,13.00781,13.41797,13.125,13.71094,13.94531,13.47656,12.94922,12.89063,0.131836,0.147705,0.131836,0.131836,0.15625,0.166016,0.140381,0.123291,0.125732,0.13916,0.125732
2016-10-05T07:40:00Z,84.02344,87.53906,88.59375,91.05469,86.48438,89.29688,88.24219,91.40625,89.64844,91.40625,93.86719,90.35156,13.59375,11.07422,12.71484,12.89063,12.83203,13.35938,13.65234,13.53516,13.30078,13.65234,13.71094,13.35938,13.00781,0.108643,0.114746,0.114746,0.12085,0.117188,0.137939,0.136719,0.134277,0.168457,0.162354,0.131836
2016-10-05T07:50:00Z,85.42969,90.70313,94.92188,89.64844,89.29688,94.21875,93.86719,94.21875,94.57031,91.05469,91.75781,92.10938,13.59375,11.19141,13.30078,13.47656,13.00781,13.18359,13.24219,13.18359,13.53516,13.41797,13.71094,13.47656,13.24219,0.133057,0.126953,0.128174,0.140381,0.158691,0.142822,0.13916,0.144043,0.150146,0.118408,0.135498
2016-10-05T08:00:00Z,84.72656,91.75781,91.05469,91.75781,91.40625,91.75781,91.05469,91.05469,93.86719,95.27344,93.51563,90.70313,13.65234,11.19141,12.83203,12.77344,12.89063,12.94922,13.125,12.94922,13.53516,13.65234,13.18359,13.06641,12.71484,0.131836,0.142822,0.117188,0.142822,0.144043,0.137939,0.144043,0.129395,0.147705,0.109863,0.119629
2016-10-05T08:10:00Z,85.42969,93.51563,91.05469,93.86719,92.8125,91.40625,90.0,87.89063,90.0,88.94531,89.64844,93.16406,13.65234,11.07422,12.89063,13.06641,13.18359,13.71094,13.71094,13.47656,13.30078,13.47656,13.47656,13.76953,14.29688,0.131836,0.141602,0.125732,0.152588,0.125732,0.163574,0.167236,0.141602,0.092773,0.142822,0.161133
2016-10-05T08:20:00Z,83.67188,87.1875,90.0,88.59375,91.05469,91.05469,89.29688,89.64844,91.05469,92.46094,92.8125,92.10938,13.76953,11.30859,13.76953,14.0625,13.41797,14.23828,13.65234,13.30078,13.125,13.41797,13.41797,13.41797,13.41797,0.133057,0.144043,0.107422,0.124512,0.124512,0.112305,0.087891,0.091553,0.131836,0.159912,0.087891
2016-10-05T08:30:00Z,82.96875,89.29688,91.05469,92.8125,91.75781,93.16406,91.40625,90.70313,88.94531,92.46094,92.8125,93.16406,14.00391,10.42969,12.01172,12.42188,11.83594,12.83203,12.65625,11.66016,11.89453,11.95313,12.94922,13.06641,12.65625,0.164795,0.142822,0.13916,0.170898,0.164795,0.161133,0.130615,0.142822,0.133057,0.146484,0.161133
2016-10-05T08:40:00Z,82.61719,91.75781,90.0,87.53906,90.35156,90.70313,88.94531,90.70313,91.75781,91.40625,90.0,89.29688,12.94922,10.07813,11.77734,11.66016,11.54297,11.71875,12.12891,12.07031,12.30469,12.30469,11.89453,11.89453,12.07031,0.155029,0.142822,0.147705,0.130615,0.157471,0.145264,0.153809,0.15625,0.130615,0.13916,0.17334
2016-10-05T08:50:00Z,78.75,87.1875,86.83594,85.42969,86.13281,84.72656,85.07813,85.42969,85.42969,88.24219,88.94531,91.75781,12.07031,10.01953,11.60156,11.83594,11.25,11.71875,12.12891,11.60156,11.71875,12.07031,11.77734,12.24609,12.24609,0.115967,0.108643,0.129395,0.112305,0.15625,0.131836,0.112305,0.126953,0.134277,0.161133,0.169678
2016-10-05T09:00:00Z,83.32031,91.75781,92.10938,92.46094,90.35156,90.0,91.75781,91.05469,93.16406,94.92188,90.0,92.46094,13.41797,10.3125,11.36719,11.36719,11.71875,11.83594,12.48047,12.36328,12.77344,12.59766,12.07031,11.89453,11.89453,0.180664,0.163574,0.158691,0.117188,0.145264,0.137939,0.112305,0.172119,0.146484,0.115967,0.111084
2016-10-05T09:10:00Z,87.53906,93.51563,95.625,94.21875,94.92188,93.51563,96.67969,95.27344,90.35156,92.10938,93.16406,93.51563,13.88672,10.72266,12.36328,12.59766,12.24609,12.42188,12.77344,12.59766,12.59766,12.48047,12.30469,12.65625,12.53906,0.141602,0.126953,0.148926,0.119629,0.115967,0.170898,0.140381,0.124512,0.150146,0.150146,0.152588
2016-10-05T09:20:00Z,84.375,92.46094,91.40625,93.16406,91.75781,94.21875,92.8125,93.16406,91.40625,90.35156,90.70313,90.70313,13.35938,10.54688,11.95313,11.89453,12.12891,12.36328,12.53906,12.42188,12.59766,12.65625,12.30469,12.36328,12.94922,0.184326,0.151367,0.13916,0.147705,0.118408,0.147705,0.177002,0.159912,0.166016,0.169678,0.175781
2016-10-05T09:30:00Z,87.89063,94.21875,97.73438,93.16406,93.16406,92.10938,96.32813,92.8125,93.51563,97.03125,97.38281,96.67969,13.71094,10.60547,11.83594,11.95313,12.01172,12.30469,12.24609,12.42188,12.12891,13.00781,13.125,12.83203,12.53906,0.12085,0.142822,0.113525,0.108643,0.134277,0.135498,0.158691,0.159912,0.15625,0.174561,0.151367
2016-10-05T09:40:00Z,87.89063,101.60156,94.57031,98.4375,96.67969,94.21875,94.57031,95.27344,95.625,96.32813,94.57031,90.70313,13.71094,10.89844,12.1875,12.01172,12.77344,12.30469,12.89063,13.30078,12.83203,12.1875,12.53906,12.94922,13.24219,0.109863,0.142822,0.123291,0.163574,0.13916,0.12085,0.130615,0.128174,0.146484,0.17334,0.141602
2016-10-05T09:50:00Z,81.5625,84.02344,87.89063,88.24219,88.59375,88.24219,90.70313,85.78125,88.94531,88.94531,90.70313,87.1875,13.18359,10.42969,11.66016,12.12891,11.71875,12.30469,12.53906,12.36328,12.48047,12.65625,12.77344,12.01172,12.48047,0.123291,0.126953,0.097656,0.142822,0.126953,0.102539,0.135498,0.152588,0.119629,0.168457,0.146484
2016-10-05T10:00:00Z,85.78125,92.46094,91.75781,92.46094,93.86719,89.64844,92.8125,86.48438,91.40625,94.57031,90.35156,91.40625,13.82813,10.95703,12.48047,12.65625,12.53906,12.71484,13.30078,12.71484,13.125,13.18359,13.00781,12.89063,12.83203,0.13916,0.134277,0.145264,0.128174,0.144043,0.119629,0.178223,0.159912,0.144043,0.133057,0.137939
2016-10-05T10:10:00Z,80.50781,87.89063,88.94531,87.1875,84.72656,88.24219,86.13281,88.24219,89.64844,88.59375,88.94531,91.05469,13.06641,10.48828,12.53906,12.24609,12.42188,12.12891,12.42188,12.36328,13.18359,13.00781,12.71484,12.48047,12.30469,0.123291,0.113525,0.109863,0.135498,0.129395,0.133057,0.152588,0.133057,0.128174,0.131836,0.13916
2016-10-05T10:20:00Z,86.13281,92.8125,92.46094,92.46094,92.10938,93.16406,92.8125,97.03125,92.8125,92.46094,92.8125,97.73438,14.47266,10.66406,12.12891,12.42188,12.36328,12.53906,12.83203,13.00781,13.41797,12.71484,12.71484,12.83203,13.06641,0.152588,0.126953,0.155029,0.136719,0.133057,0.151367,0.148926,0.146484,0.12207,0.15625,0.12207
2016-10-05T10:30:00Z,84.72656,90.70313,92.8125,94.92188,91.75781,94.92188,95.27344,97.03125,91.40625,92.46094,92.8125,98.08594,13.76953,11.25,12.83203,13.06641,13.30078,13.65234,13.47656,14.00391,13.59375,13.24219,13.35938,13.94531,14.00391,0.159912,0.128174,0.119629,0.17334,0.157471,0.134277,0.150146,0.144043,0.130615,0.161133,0.158691
2016-10-05T10:40:00Z,84.72656,91.75781,92.10938,91.05469,92.10938,90.0,93.51563,94.92188,94.92188,89.64844,92.46094,92.46094,14.47266,11.07422,12.36328,12.59766,13.125,12.89063,13.65234,13.65234,12.83203,12.94922,13.125,13.06641,13.41797,0.115967,0.172119,0.142822,0.137939,0.130615,0.125732,0.146484,0.166016,0.166016,0.162354,0.124512
2016-10-05T10:50:00Z,90.35156,94.57031,99.14063,99.14063,96.32813,93.86719,95.97656,93.86719,95.625,97.73438,95.97656,97.03125,13.88672,10.83984,12.24609,12.71484,12.65625,12.83203,12.77344,12.42188,12.77344,13.125,13.47656,13.24219,13.30078,0.126953,0.12207,0.129395,0.109863,0.115967,0.147705,0.135498,0.131836,0.147705,0.141602,0.141602
2016-10-05T11:00:00Z,90.0,100.89844,92.8125,97.38281,93.86719,93.51563,91.40625,93.86719,91.40625,94.92188,96.67969,91.40625,12.89063,10.42969,11.89453,11.95313,12.42188,12.48047,12.48047,12.36328,12.53906,12.65625,13.24219,12.77344,13.18359,0.131836,0.134277,0.114746,0.129395,0.117188,0.124512,0.123291,0.10498,0.148926,0.148926,0.144043
2016-10-05T11:10:00Z,86.48438,94.92188,96.67969,93.86719,98.08594,98.4375,94.57031,93.86719,97.03125,93.86719,94.21875,95.97656,13.88672,10.48828,12.01172,11.89453,12.07031,12.01172,12.1875,12.1875,12.30469,12.42188,12.30469,12.65625,12.53906,0.114746,0.136719,0.144043,0.123291,0.100098,0.140381,0.151367,0.183105,0.19043,0.163574,0.13916
2016-10-05T11:20:00Z,78.75,86.13281,86.48438,90.70313,87.89063,85.42969,89.29688,87.1875,89.29688,87.1875,87.53906,88.24219,13.35938,10.37109,11.71875,11.95313,12.01172,12.30469,12.36328,12.12891,11.60156,12.1875,12.48047,12.36328,12.59766,0.119629,0.222168,0.155029,0.147705,0.158691,0.150146,0.145264,0.130615,0.113525,0.135498,0.172119
2016-10-05T11:30:00Z,81.21094,87.89063,89.64844,84.02344,90.0,88.94531,85.42969,85.78125,89.29688,90.70313,91.75781,88.94531,13.47656,10.66406,12.53906,12.42188,12.65625,12.65625,12.30469,12.30469,13.00781,12.65625,12.71484,12.53906,12.59766,0.134277,0.119629,0.109863,0.146484,0.136719,0.164795,0.157471,0.142822,0.115967,0.128174,0.123291
2016-10-05T11:40:00Z,80.50781,91.05469,87.1875,90.35156,87.89063,87.1875,88.24219,84.375,89.64844,87.89063,87.89063,89.29688,13.47656,10.42969,11.83594,11.48438,12.42188,12.01172,11.89453,12.12891,12.65625,12.65625,12.1875,11.71875,12.12891,0.118408,0.150146,0.135498,0.133057,0.131836,0.158691,0.125732,0.135498,0.142822,0.158691,0.147705
2016-10-05T11:50:00Z,80.50781,86.48438,87.89063,85.78125,91.40625,86.48438,89.64844,90.35156,91.40625,86.83594,91.40625,90.70313,12.71484,10.3125,11.71875,12.01172,12.24609,11.89453,12.36328,12.42188,12.1875,11.77734,11.77734,11.71875,12.30469,0.166016,0.151367,0.119629,0.155029,0.111084,0.098877,0.150146,0.150146,0.112305,0.113525,0.12085
2016-10-05T12:00:00Z,82.26563,92.10938,88.59375,90.0,88.94531,87.89063,90.35156,90.35156,91.75781,92.8125,90.0,89.29688,13.59375,10.54688,12.07031,12.24609,12.1875,11.89453,11.66016,12.12891,13.00781,12.48047,12.12891,11.95313,12.83203,0.117188,0.164795,0.151367,0.141602,0.136719,0.163574,0.17334,0.128174,0.136719,0.141602,0.167236
2016-10-05T12:10:00Z,82.96875,88.24219,93.16406,92.8125,91.75781,91.40625,89.29688,94.92188,90.0,90.35156,94.57031,90.70313,13.24219,9.375,10.78125,10.54688,10.72266,10.60547,10.89844,10.78125,10.83984,11.07422,11.19141,11.07422,11.25,0.135498,0.17334,0.166016,0.17334,0.164795,0.137939,0.158691,0.150146,0.128174,0.153809,0.172119
2016-10-05T12:20:00Z,80.85938,89.64844,91.40625,87.89063,92.46094,93.51563,88.24219,90.0,90.35156,91.05469,90.35156,91.75781,11.89453,9.55078,11.01563,10.95703,11.13281,11.07422,10.89844,11.13281,11.01563,11.07422,11.13281,11.42578,11.54297,0.129395,0.106201,0.118408,0.145264,0.146484,0.133057,0.158691,0.159912,0.15625,0.158691,0.144043
2016-10-05T12:30:00Z,85.42969,93.16406,93.16406,92.8125,92.10938,93.16406,91.75781,90.70313,92.8125,93.16406,94.21875,95.27344,11.77734,9.25781,10.83984,10.89844,11.01563,10.48828,10.54688,10.72266,10.89844,10.89844,11.13281,11.36719,10.72266,0.142822,0.113525,0.136719,0.153809,0.152588,0.166016,0.155029,0.133057,0.142822,0.151367,0.168457
2016-10-05T12:40:00Z,85.42969,92.46094,91.40625,91.40625,94.92188,97.38281,97.03125,94.21875,92.10938,92.8125,89.64844,88.94531,10.78125,8.4375,9.31641,9.66797,9.55078,10.07813,9.90234,9.78516,9.66797,9.84375,9.66797,9.78516,9.90234,0.137939,0.144043,0.126953,0.163574,0.141602,0.163574,0.151367,0.158691,0.129395,0.151367,0.141602
2016-10-05T12:50:00Z,82.96875,90.0,88.94531,89.64844,90.0,90.0,89.29688,90.35156,93.16406,90.35156,90.0,92.46094,12.53906,8.4375,9.25781,9.66797,9.66797,9.78516,10.13672,10.01953,10.19531,10.25391,9.84375,9.84375,9.96094,0.184326,0.129395,0.135498,0.117188,0.158691,0.162354,0.111084,0.148926,0.145264,0.19165,0.195313
2016-10-05T13:00:00Z,70.3125,78.39844,77.69531,80.15625,77.69531,75.9375,71.36719,76.28906,78.04688,79.10156,80.15625,78.39844,10.83984,8.67188,9.55078,9.78516,9.96094,10.42969,10.07813,10.13672,10.54688,10.3125,9.84375,10.25391,10.66406,0.125732,0.126953,0.148926,0.157471,0.141602,0.137939,0.144043,0.167236,0.174561,0.128174,0.144043
2016-10-05T13:10:00Z,73.125,79.10156,78.04688,80.85938,79.10156,75.23438,80.15625,77.69531,79.45313,83.67188,81.5625,82.61719,11.54297,8.61328,9.72656,9.78516,9.90234,9.60938,10.3125,10.3125,10.25391,10.42969,10.37109,10.13672,10.19531,0.141602,0.159912,0.17334,0.125732,0.161133,0.166016,0.17334,0.15625,0.133057,0.184326,0.180664
2016-10-05T13:20:00Z,74.17969,80.15625,80.85938,81.5625,80.85938,85.78125,85.07813,81.91406,81.91406,81.91406,78.75,83.67188,11.54297,8.32031,9.55078,10.01953,9.90234,10.19531,10.25391,10.13672,10.01953,10.48828,10.66406,10.78125,10.42969,0.153809,0.155029,0.131836,0.174561,0.155029,0.133057,0.135498,0.19043,0.177002,0.131836,0.144043
2016-10-05T13:30:00Z,69.60938,78.39844,78.75,78.39844,79.10156,77.69531,79.45313,80.50781,80.15625,79.80469,80.50781,79.45313,10.89844,8.02734,9.49219,9.14063,9.31641,9.49219,9.60938,9.72656,9.375,9.49219,9.55078,9.49219,10.13672,0.145264,0.12207,0.128174,0.161133,0.157471,0.128174,0.135498,0.150146,0.163574,0.141602,0.141602
2016-10-05T13:40:00Z,65.74219,74.17969,72.77344,76.28906,74.53125,74.53125,76.64063,74.17969,76.99219,78.04688,76.99219,77.69531,11.36719,8.55469,9.60938,9.55078,9.55078,9.78516,9.96094,9.90234,10.01953,9.96094,9.60938,10.19531,10.37109,0.162354,0.179443,0.159912,0.153809,0.108643,0.130615,0.180664,0.203857,0.20874,0.196533,0.157471
2016-10-05T13:50:00Z,72.07031,78.39844,84.375,76.28906,82.96875,80.85938,78.75,77.69531,77.69531,82.26563,75.23438,76.99219,10.07813,7.79297,8.84766,9.19922,8.73047,8.90625,8.90625,8.96484,9.31641,9.55078,9.49219,9.375,9.14063,0.134277,0.129395,0.134277,0.148926,0.142822,0.150146,0.128174,0.152588,0.168457,0.198975,0.162354
2016-10-05T14:00:00Z,68.20313,78.04688,75.58594,76.99219,73.82813,74.53125,79.10156,79.10156,79.10156,83.32031,78.75,79.80469,10.37109,7.96875,9.14063,8.90625,9.49219,8.78906,9.49219,9.375,9.31641,9.43359,9.19922,9.25781,9.55078,0.137939,0.159912,0.136719,0.153809,0.159912,0.175781,0.19043,0.148926,0.177002,0.164795,0.157471
2016-10-05T14:10:00Z,65.74219,71.36719,75.58594,73.47656,72.42188,74.53125,73.47656,73.82813,74.53125,75.23438,76.28906,74.17969,10.78125,8.4375,9.78516,9.55078,10.07813,9.84375,10.13672,10.19531,10.42969,10.3125,9.96094,10.13672,9.96094,0.177002,0.125732,0.137939,0.111084,0.12085,0.147705,0.147705,0.166016,0.184326,0.19043,0.147705
2016-10-05T14:20:00Z,63.63281,72.42188,71.01563,72.42188,69.60938,74.53125,72.77344,76.64063,72.07031,74.17969,73.47656,69.96094,11.60156,8.61328,9.43359,9.90234,9.96094,10.19531,10.48828,10.54688,10.42969,10.3125,10.19531,10.48828,10.78125,0.184326,0.166016,0.194092,0.162354,0.15625,0.157471,0.145264,0.183105,0.17334,0.19165,0.161133
2016-10-05T14:30:00Z,67.5,74.88281,73.82813,74.88281,73.47656,73.47656,76.64063,76.28906,74.17969,74.88281,75.23438,74.17969,10.95703,8.78906,9.90234,10.13672,10.07813,10.72266,10.89844,10.60547,10.78125,10.83984,10.78125,10.83984,10.72266,0.144043,0.147705,0.13916,0.150146,0.131836,0.106201,0.135498,0.166016,0.157471,0.155029,0.157471
2016-10-05T14:40:00Z,67.14844,76.28906,71.71875,75.23438,72.77344,74.17969,73.47656,71.01563,74.53125,74.88281,74.88281,75.9375,11.13281,8.49609,9.84375,9.84375,9.84375,10.13672,10.07813,9.78516,10.19531,10.3125,10.48828,10.3125,10.48828,0.174561,0.22583,0.169678,0.178223,0.135498,0.145264,0.205078,0.169678,0.178223,0.145264,0.177002
2016-10-05T14:50:00Z,62.92969,71.71875,74.53125,73.125,68.20313,67.85156,68.20313,67.85156,69.60938,70.3125,68.55469,69.60938,11.13281,8.67188,10.13672,9.66797,10.07813,9.96094,10.3125,10.54688,10.48828,10.48828,10.19531,10.19531,10.78125,0.19043,0.141602,0.113525,0.137939,0.151367,0.164795,0.164795,0.161133,0.163574,0.135498,0.166016
2016-10-05T15:00:00Z,63.63281,73.82813,73.47656,73.47656,74.17969,74.53125,73.125,73.82813,72.77344,72.77344,74.53125,73.82813,11.95313,9.02344,10.25391,10.01953,10.60547,10.42969,10.60547,10.78125,11.19141,11.07422,11.36719,11.01563,11.36719,0.159912,0.161133,0.141602,0.140381,0.157471,0.130615,0.147705,0.117188,0.170898,0.174561,0.192871
2016-10-05T15:10:00Z,62.92969,69.96094,74.53125,72.07031,73.47656,74.88281,69.96094,66.44531,66.44531,69.60938,71.71875,74.17969,10.83984,8.67188,10.37109,10.42969,10.37109,10.37109,10.19531,10.42969,10.66406,10.72266,11.01563,10.54688,10.78125,0.136719,0.157471,0.144043,0.147705,0.146484,0.137939,0.189209,0.146484,0.157471,0.158691,0.148926
2016-10-05T15:20:00Z,65.74219,72.77344,74.17969,75.23438,73.82813,71.36719,77.34375,75.23438,72.07031,73.47656,71.71875,72.77344,11.95313,8.84766,10.07813,10.37109,10.42969,10.42969,11.07422,10.95703,11.30859,10.95703,11.13281,10.95703,10.95703,0.144043,0.146484,0.195313,0.163574,0.19165,0.198975,0.148926,0.151367,0.175781,0.153809,0.195313
2016-10-05T15:30:00Z,71.01563,81.21094,77.34375,80.85938,76.28906,78.75,77.69531,75.58594,75.23438,76.99219,75.9375,75.58594,11.95313,9.14063,10.25391,10.3125,10.66406,11.13281,11.01563,10.89844,11.25,11.13281,11.30859,10.95703,11.48438,0.12207,0.148926,0.179443,0.150146,0.172119,0.161133,0.155029,0.125732,0.126953,0.150146,0.158691
2016-10-05T15:40:00Z,65.74219,67.85156,72.77344,67.14844,72.42188,73.82813,75.9375,72.42188,74.17969,71.36719,70.3125,71.01563,13.06641,9.49219,11.36719,11.42578,11.36719,11.83594,12.12891,11.95313,12.1875,11.71875,11.71875,11.89453,12.01172,0.146484,0.145264,0.166016,0.128174,0.146484,0.130615,0.129395,0.184326,0.13916,0.159912,0.162354
2016-10-05T15:50:00Z,66.09375,71.01563,72.07031,70.3125,72.42188,72.77344,75.9375,73.47656,71.01563,68.90625,68.55469,67.85156,12.07031,9.43359,10.72266,10.66406,10.83984,11.13281,11.36719,11.42578,11.42578,11.07422,11.13281,11.13281,11.71875,0.150146,0.147705,0.125732,0.158691,0.133057,0.128174,0.113525,0.146484,0.136719,0.140381,0.166016
2016-10-05T16:00:00Z,61.52344,66.09375,67.85156,64.33594,65.39063,67.85156,66.79688,69.25781,69.25781,71.71875,71.36719,69.96094,12.89063,9.90234,11.60156,11.60156,11.95313,11.54297,11.60156,12.01172,12.24609,12.30469,12.1875,12.24609,12.24609,0.152588,0.119629,0.128174,0.130615,0.12085,0.130615,0.145264,0.175781,0.153809,0.147705,0.136719
2016-10-05T16:10:00Z,62.22656,60.46875,61.17188,62.57813,63.28125,63.63281,68.55469,70.3125,69.96094,73.82813,66.09375,66.09375,12.65625,9.84375,11.13281,11.30859,11.42578,11.66016,12.01172,12.1875,12.30469,12.01172,12.07031,12.30469,12.42188,0.125732,0.126953,0.158691,0.118408,0.146484,0.128174,0.118408,0.155029,0.19165,0.151367,0.162354
2016-10-05T16:20:00Z,67.5,70.3125,67.14844,71.01563,67.14844,67.85156,70.3125,67.85156,70.66406,70.3125,73.82813,72.77344,12.89063,10.13672,11.77734,11.71875,11.89453,11.95313,12.12891,12.1875,11.95313,12.36328,12.12891,12.01172,11.89453,0.141602,0.123291,0.137939,0.130615,0.118408,0.096436,0.115967,0.130615,0.12085,0.130615,0.114746
2016-10-05T16:30:00Z,63.98438,68.55469,70.66406,67.5,71.01563,70.3125,67.5,68.90625,65.03906,66.44531,65.74219,66.79688,12.77344,9.43359,10.95703,11.19141,10.95703,11.30859,11.71875,11.36719,11.83594,11.48438,11.48438,11.60156,11.42578,0.114746,0.126953,0.135498,0.126953,0.117188,0.150146,0.100098,0.106201,0.126953,0.170898,0.146484
2016-10-05T16:40:00Z,55.89844,58.35938,59.76563,56.95313,61.52344,61.52344,63.63281,62.22656,61.875,61.17188,67.14844,65.03906,12.24609,9.31641,10.60547,10.95703,10.95703,11.07422,11.13281,11.30859,11.25,11.54297,11.60156,11.42578,11.07422,0.140381,0.147705,0.155029,0.124512,0.145264,0.129395,0.130615,0.159912,0.151367,0.169678,0.129395
2016-10-05T16:50:00Z,64.6875,67.5,69.25781,70.3125,69.96094,70.66406,69.96094,67.85156,71.71875,67.85156,68.55469,69.60938,13.06641,9.31641,10.72266,11.13281,11.30859,11.48438,11.77734,11.66016,11.54297,11.48438,11.54297,11.95313,11.60156,0.129395,0.113525,0.142822,0.12207,0.142822,0.125732,0.113525,0.19165,0.179443,0.202637,0.145264
2016-10-05T17:00:00Z,63.98438,67.14844,67.5,66.44531,71.01563,67.14844,68.90625,67.5,70.66406,67.14844,66.79688,68.20313,12.30469,9.55078,10.72266,11.01563,11.07422,11.07422,11.25,11.48438,11.66016,11.89453,11.60156,11.60156,11.77734,0.167236,0.134277,0.151367,0.133057,0.131836,0.152588,0.155029,0.129395,0.134277,0.145264,0.12085
2016-10-05T17:10:00Z,70.3125,70.66406,77.34375,72.42188,72.77344,72.42188,77.69531,72.42188,71.01563,74.53125,71.36719,71.36719,12.01172,9.25781,11.19141,10.78125,10.89844,11.07422,11.48438,11.60156,11.13281,11.36719,11.42578,11.83594,11.60156,0.102539,0.113525,0.113525,0.109863,0.153809,0.141602,0.161133,0.158691,0.153809,0.12207,0.19165
2016-10-05T17:20:00Z,68.90625,73.125,71.71875,75.58594,73.125,74.17969,73.82813,72.42188,73.47656,73.47656,73.47656,68.55469,12.48047,9.43359,10.60547,11.01563,11.48438,11.30859,11.54297,11.54297,11.30859,11.30859,11.30859,11.30859,11.36719,0.148926,0.15625,0.167236,0.164795,0.179443,0.15625,0.167236,0.135498,0.144043,0.172119,0.155029
2016-10-05T17:30:00Z,76.28906,78.75,79.10156,76.99219,80.50781,79.10156,81.5625,76.99219,74.53125,73.125,72.77344,72.42188,12.59766,9.60938,11.30859,11.83594,11.36719,12.07031,11.71875,11.66016,11.77734,11.89453,12.12891,12.36328,11.60156,0.146484,0.134277,0.147705,0.150146,0.12207,0.119629,0.107422,0.102539,0.115967,0.145264,0.131836
2016-10-05T17:40:00Z,69.96094,73.82813,74.53125,73.125,73.82813,73.47656,75.23438,75.58594,78.39844,76.28906,72.77344,73.82813,12.30469,9.96094,11.36719,11.36719,12.01172,12.01172,12.24609,12.12891,12.12891,12.07031,12.12891,11.95313,12.48047,0.144043,0.140381,0.150146,0.135498,0.092773,0.147705,0.133057,0.10498,0.141602,0.140381,0.140381
2016-10-05T17:50:00Z,75.23438,83.67188,78.75,80.85938,84.375,81.5625,77.69531,78.39844,74.88281,74.88281,76.64063,74.53125,12.77344,9.96094,11.48438,11.48438,11.83594,11.54297,11.89453,11.77734,11.66016,12.24609,12.24609,12.07031,12.07031,0.137939,0.119629,0.128174,0.118408,0.130615,0.129395,0.124512,0.159912,0.161133,0.135498,0.130615
2016-10-05T18:00:00Z,66.44531,72.77344,73.125,73.82813,75.58594,74.88281,71.01563,68.20313,67.5,70.66406,68.55469,68.55469,12.48047,9.55078,11.60156,11.42578,11.66016,11.89453,11.66016,11.54297,11.89453,12.36328,12.42188,12.07031,12.01172,0.142822,0.131836,0.133057,0.13916,0.174561,0.180664,0.168457,0.12207,0.140381,0.125732,0.194092
2016-10-05T18:10:00Z,73.125,83.32031,81.21094,80.85938,80.50781,76.28906,76.64063,75.23438,73.82813,74.53125,74.53125,77.69531,14.53125,10.37109,12.07031,11.83594,12.1875,12.07031,12.24609,13.06641,12.94922,12.89063,12.65625,12.83203,12.65625,0.123291,0.111084,0.164795,0.162354,0.145264,0.164795,0.145264,0.163574,0.159912,0.151367,0.147705
2016-10-05T18:20:00Z,72.42188,75.9375,74.88281,77.69531,79.10156,81.21094,80.50781,79.45313,80.50781,78.04688,79.45313,80.85938,12.94922,10.3125,11.77734,12.42188,11.89453,12.89063,12.77344,12.24609,12.01172,12.36328,12.36328,12.94922,12.83203,0.131836,0.114746,0.150146,0.137939,0.153809,0.145264,0.12085,0.131836,0.114746,0.098877,0.117188
2016-10-05T18:30:00Z,71.71875,79.45313,81.91406,76.28906,79.10156,78.75,80.15625,79.80469,74.88281,75.9375,76.64063,76.99219,12.89063,9.60938,11.13281,11.30859,11.19141,11.48438,11.71875,11.60156,11.36719,11.54297,11.89453,12.12891,12.07031,0.140381,0.102539,0.142822,0.133057,0.166016,0.153809,0.142822,0.134277,0.142822,0.157471,0.147705
2016-10-05T18:40:00Z,67.85156,72.42188,74.53125,74.17969,72.42188,73.47656,70.3125,74.88281,75.23438,72.77344,75.23438,75.58594,13.47656,10.42969,12.1875,12.30469,12.1875,12.59766,12.77344,13.18359,12.71484,12.65625,12.77344,13.30078,13.18359,0.151367,0.158691,0.146484,0.146484,0.141602,0.161133,0.163574,0.153809,0.17334,0.167236,0.15625
2016-10-05T18:50:00Z,78.04688,85.78125,85.78125,85.78125,81.91406,81.91406,80.50781,77.69531,78.39844,81.21094,80.15625,82.26563,13.41797,10.83984,12.59766,12.94922,12.71484,13.35938,13.47656,13.82813,13.59375,13.53516,13.35938,13.24219,13.18359,0.129395,0.141602,0.151367,0.146484,0.135498,0.147705,0.153809,0.117188,0.130615,0.131836,0.170898
2016-10-05T19:00:00Z,75.58594,80.15625,82.96875,81.21094,82.96875,78.04688,83.67188,84.375,84.72656,85.42969,82.61719,82.61719,14.0625,10.78125,12.94922,13.24219,13.00781,13.18359,13.06641,13.71094,13.59375,13.24219,13.35938,12.89063,13.00781,0.136719,0.137939,0.130615,0.137939,0.128174,0.130615,0.123291,0.107422,0.107422,0.137939,0.130615
2016-10-05T19:10:00Z,74.88281,79.10156,80.15625,79.45313,82.26563,85.78125,83.67188,83.67188,81.5625,85.42969,86.48438,84.72656,12.59766,9.78516,11.83594,12.48047,11.71875,12.1875,12.30469,11.77734,12.42188,12.71484,13.00781,12.53906,12.59766,0.146484,0.145264,0.15625,0.157471,0.146484,0.185547,0.163574,0.133057,0.12207,0.13916,0.174561
2016-10-05T19:30:00Z,81.5625,86.83594,85.78125,86.48438,88.59375,85.78125,88.59375,85.42969,89.64844,88.59375,88.24219,89.64844,13.30078,9.90234,12.01172,12.1875,11.71875,12.30469,12.65625,12.77344,12.59766,12.36328,12.12891,12.36328,11.89453,0.155029,0.155029,0.13916,0.147705,0.130615,0.172119,0.155029,0.169678,0.172119,0.12207,0.15625
2016-10-05T19:40:00Z,76.64063,24.96094,19.6875,24.25781,29.17969,23.20313,21.44531,22.5,19.6875,29.17969,28.125,25.66406,12.77344,9.96094,12.07031,11.89453,12.01172,11.77734,11.95313,11.77734,12.24609,12.53906,12.12891,12.01172,11.54297,0.179443,0.166016,0.19043,0.131836,0.159912,0.148926,0.166016,0.177002,0.172119,0.172119,0.192871
2016-10-05T19:50:00Z,74.88281,45.70313,47.10938,46.05469,47.8125,47.10938,48.16406,47.8125,46.75781,48.51563,42.53906,36.21094,12.42188,9.55078,11.25,11.07422,10.95703,11.30859,11.60156,11.71875,11.83594,11.89453,11.30859,11.89453,12.24609,0.172119,0.198975,0.155029,0.155029,0.145264,0.123291,0.153809,0.163574,0.155029,0.159912,0.135498
2016-10-05T20:00:00Z,71.71875,81.21094,80.50781,80.15625,79.45313,78.04688,78.39844,78.75,80.85938,80.15625,75.9375,79.45313,12.77344,10.01953,11.83594,11.95313,12.30469,11.77734,12.1875,11.89453,12.24609,12.48047,12.30469,12.07031,12.12891,0.157471,0.152588,0.159912,0.158691,0.148926,0.131836,0.13916,0.133057,0.17334,0.155029,0.12085
2016-10-05T20:10:00Z,76.99219,82.26563,82.61719,84.02344,85.07813,84.72656,84.375,88.59375,86.48438,87.53906,84.375,84.375,13.06641,10.37109,12.36328,12.42188,12.36328,12.53906,12.24609,12.1875,12.77344,12.71484,12.59766,12.53906,12.36328,0.162354,0.147705,0.135498,0.153809,0.136719,0.17334,0.141602,0.145264,0.126953,0.134277,0.186768
2016-10-05T20:20:00Z,75.23438,86.83594,81.21094,86.13281,80.85938,82.96875,80.50781,84.02344,85.78125,82.26563,83.67188,84.02344,12.89063,9.72656,10.72266,10.89844,11.60156,11.71875,11.89453,12.1875,11.95313,11.60156,11.60156,12.12891,12.24609,0.131836,0.144043,0.189209,0.13916,0.150146,0.180664,0.150146,0.175781,0.178223,0.166016,0.19043
2016-10-05T20:30:00Z,74.53125,82.26563,79.80469,80.15625,82.61719,81.5625,83.67188,81.21094,83.67188,85.78125,81.91406,82.96875,12.83203,10.13672,11.60156,11.83594,11.71875,11.89453,12.12891,12.30469,12.30469,12.42188,12.36328,11.95313,12.30469,0.142822,0.140381,0.159912,0.174561,0.140381,0.134277,0.148926,0.130615,0.115967,0.137939,0.166016
2016-10-05T20:40:00Z,66.09375,75.9375,74.17969,76.28906,75.58594,75.58594,76.99219,74.88281,78.39844,75.23438,72.77344,75.23438,12.59766,9.96094,11.83594,11.60156,12.1875,11.66016,11.89453,12.36328,12.65625,11.95313,11.95313,12.30469,11.89453,0.150146,0.168457,0.195313,0.130615,0.153809,0.15625,0.147705,0.155029,0.169678,0.141602,0.152588
2016-10-05T20:50:00Z,70.66406,77.69531,76.64063,81.21094,75.58594,77.34375,74.53125,77.34375,78.39844,79.80469,79.45313,80.15625,13.59375,10.72266,11.77734,12.07031,12.1875,12.71484,13.00781,12.83203,12.71484,12.83203,12.65625,12.42188,12.24609,0.179443,0.166016,0.167236,0.159912,0.148926,0.124512,0.142822,0.172119,0.170898,0.146484,0.145264
2016-10-05T21:00:00Z,76.28906,87.53906,84.72656,85.42969,85.07813,83.32031,83.32031,80.15625,80.15625,84.375,80.85938,85.07813,13.06641,10.25391,11.83594,11.71875,12.01172,11.89453,12.42188,12.65625,13.06641,12.83203,12.48047,12.42188,12.48047,0.137939,0.152588,0.151367,0.147705,0.155029,0.124512,0.146484,0.157471,0.147705,0.141602,0.109863
2016-10-05T21:10:00Z,72.42188,83.32031,81.21094,82.96875,80.50781,76.28906,78.04688,77.69531,78.04688,79.80469,80.15625,78.75,13.59375,10.72266,12.36328,12.48047,12.77344,12.1875,12.48047,12.71484,12.89063,12.53906,13.125,13.00781,13.24219,0.162354,0.119629,0.106201,0.150146,0.133057,0.12085,0.155029,0.178223,0.148926,0.17334,0.161133
2016-10-05T21:20:00Z,70.3125,77.69531,79.80469,79.45313,79.45313,79.10156,75.9375,75.23438,75.9375,76.99219,76.64063,76.28906,13.30078,10.83984,12.1875,12.77344,12.59766,12.53906,12.53906,12.83203,12.71484,13.18359,12.65625,13.00781,12.94922,0.130615,0.155029,0.147705,0.135498,0.161133,0.134277,0.125732,0.147705,0.140381,0.12085,0.123291
2016-10-05T21:30:00Z,73.47656,84.72656,80.15625,81.5625,81.5625,81.91406,80.50781,79.10156,80.15625,77.69531,75.58594,78.39844,14.23828,10.78125,12.30469,12.59766,12.30469,13.41797,12.83203,13.06641,13.00781,12.24609,12.01172,12.83203,12.94922,0.150146,0.161133,0.146484,0.146484,0.141602,0.119629,0.179443,0.130615,0.124512,0.128174,0.123291
2016-10-05T21:40:00Z,71.01563,77.34375,77.69531,78.75,79.10156,81.5625,84.72656,82.61719,80.85938,77.69531,79.10156,79.10156,14.17969,11.07422,12.07031,12.48047,12.07031,13.47656,13.30078,12.94922,12.71484,12.48047,12.94922,13.18359,12.59766,0.130615,0.135498,0.118408,0.111084,0.125732,0.13916,0.109863,0.135498,0.166016,0.183105,0.15625
2016-10-05T21:50:00Z,72.42188,78.04688,77.34375,77.34375,78.75,77.34375,80.50781,76.64063,80.15625,79.80469,80.50781,81.5625,14.17969,11.01563,13.35938,13.18359,12.83203,12.89063,12.71484,13.125,13.59375,13.41797,12.65625,12.36328,13.18359,0.174561,0.114746,0.146484,0.172119,0.112305,0.128174,0.126953,0.111084,0.129395,0.125732,0.123291
2016-10-05T22:00:00Z,71.01563,82.61719,79.10156,76.99219,77.69531,79.45313,80.50781,77.34375,76.99219,78.39844,77.34375,78.04688,13.88672,11.19141,13.18359,12.83203,12.89063,12.94922,13.18359,13.30078,13.65234,13.53516,13.35938,12.71484,12.71484,0.112305,0.133057,0.12207,0.169678,0.136719,0.107422,0.10376,0.159912,0.12085,0.10498,0.12085
2016-10-05T22:10:00Z,73.47656,80.85938,79.45313,79.80469,81.5625,83.67188,77.69531,79.45313,82.26563,80.85938,84.02344,82.26563,13.47656,10.89844,12.30469,12.24609,12.42188,12.94922,12.77344,12.83203,12.89063,13.125,13.00781,13.06641,12.89063,0.117188,0.128174,0.135498,0.128174,0.159912,0.177002,0.142822,0.148926,0.161133,0.125732,0.137939
2016-10-05T22:20:00Z,72.77344,84.02344,81.5625,78.75,82.96875,79.10156,84.02344,82.26563,81.5625,80.50781,82.26563,83.67188,13.00781,10.37109,11.83594,12.1875,12.53906,12.24609,12.65625,12.83203,12.36328,12.83203,12.59766,12.59766,12.65625,0.170898,0.129395,0.112305,0.12207,0.125732,0.093994,0.095215,0.102539,0.135498,0.128174,0.13916
2016-10-05T22:30:00Z,72.07031,79.10156,81.21094,79.10156,83.32031,78.04688,76.64063,79.10156,83.67188,84.72656,77.34375,80.15625,13.82813,10.25391,11.42578,11.60156,11.54297,12.07031,11.89453,11.83594,12.1875,12.53906,12.12891,12.07031,12.12891,0.140381,0.118408,0.119629,0.133057,0.136719,0.13916,0.170898,0.137939,0.131836,0.106201,0.129395
2016-10-05T22:40:00Z,75.9375,82.61719,81.21094,80.50781,82.26563,84.375,80.85938,84.72656,84.72656,82.26563,84.02344,87.89063,11.95313,10.01953,11.54297,11.54297,11.60156,11.83594,11.89453,11.77734,11.89453,11.95313,11.77734,11.48438,11.71875,0.134277,0.147705,0.141602,0.150146,0.115967,0.130615,0.144043,0.13916,0.107422,0.135498,0.097656
2016-10-05T22:50:00Z,72.77344,79.45313,82.61719,82.26563,81.5625,80.85938,81.5625,77.34375,79.80469,81.91406,76.28906,81.5625,12.07031,9.66797,11.25,11.07422,11.07422,10.60547,11.19141,11.66016,11.60156,11.13281,10.95703,11.01563,11.71875,0.12207,0.145264,0.145264,0.158691,0.15625,0.150146,0.164795,0.161133,0.109863,0.102539,0.148926
2016-10-05T23:00:00Z,71.01563,74.53125,76.64063,74.53125,78.04688,78.04688,74.88281,74.17969,77.69531,78.04688,78.39844,76.28906,12.24609,9.43359,9.96094,10.3125,10.37109,10.37109,10.42969,10.19531,10.95703,11.01563,10.66406,11.01563,11.25,0.134277,0.125732,0.125732,0.146484,0.159912,0.126953,0.150146,0.137939,0.129395,0.115967,0.169678
2016-10-05T23:10:00Z,71.71875,79.80469,82.26563,79.80469,81.91406,81.21094,80.85938,83.32031,82.26563,79.10156,76.28906,81.5625,11.48438,9.31641,10.25391,10.54688,10.37109,10.60547,10.66406,11.07422,11.07422,10.89844,10.72266,10.83984,10.66406,0.140381,0.119629,0.134277,0.128174,0.109863,0.12207,0.146484,0.140381,0.162354,0.150146,0.134277
2016-10-05T23:20:00Z,78.75,79.45313,84.72656,83.32031,86.83594,83.67188,84.375,84.02344,82.96875,80.85938,90.0,87.1875,11.36719,9.31641,10.48828,10.42969,10.13672,10.66406,10.66406,10.72266,10.60547,10.42969,10.89844,10.78125,11.25,0.161133,0.117188,0.142822,0.175781,0.135498,0.124512,0.134277,0.10376,0.151367,0.136719,0.10376
2016-10-05T23:30:00Z,76.64063,84.72656,84.375,88.24219,82.61719,79.80469,86.13281,85.07813,84.375,84.02344,86.13281,83.67188,11.95313,9.55078,10.37109,10.54688,10.60547,10.66406,10.89844,11.07422,11.36719,11.19141,11.13281,10.83984,10.60547,0.098877,0.112305,0.142822,0.141602,0.152588,0.112305,0.135498,0.148926,0.152588,0.13916,0.134277
2016-10-05T23:40:00Z,77.34375,81.5625,86.13281,85.78125,83.67188,85.42969,85.07813,86.13281,84.375,82.96875,84.72656,85.42969,12.1875,9.49219,10.89844,11.42578,10.72266,11.19141,11.19141,11.01563,11.01563,10.42969,10.78125,11.42578,11.25,0.137939,0.123291,0.140381,0.129395,0.109863,0.123291,0.131836,0.111084,0.136719,0.170898,0.15625
2016-10-05T23:50:00Z,79.10156,86.48438,84.375,84.02344,83.67188,85.78125,84.72656,91.75781,85.07813,89.64844,86.48438,87.89063,12.42188,9.78516,10.95703,10.83984,11.01563,10.83984,10.72266,11.01563,11.42578,11.19141,11.19141,10.78125,11.30859,0.091553,0.119629,0.168457,0.128174,0.147705,0.136719,0.200195,0.159912,0.152588,0.162354,0.12085