LOCATION: 
SYSTEM SERIAL: HKZA
TIMESTAMP (ISO-8601) UTC,WindDir004m deg,WindDir030m deg,WindDir040m deg,WindDir040m_ref deg,WindDir060m deg,WindDir080m deg,WindDir100m deg,WindDir120m deg,WindDir140m deg,WindDir160m deg,WindDir180m deg,WindDir200m deg,WindGust004m m/s,WindSpeed004m m/s,WindSpeed030mh m/s,WindSpeed040mh m/s,WindSpeed040m_refh m/s,WindSpeed060mh m/s,WindSpeed080mh m/s,WindSpeed100mh m/s,WindSpeed120mh m/s,WindSpeed140mh m/s,WindSpeed160mh m/s,WindSpeed180mh m/s,WindSpeed200mh m/s,TI 030m,TI 040m,TI 040m ref,TI 060m,TI 080m,TI 100m,TI 120m,TI 140m,TI 160m,TI 180m,TI 200m
2017-04-21T00:00:00Z,237.65625,241.17188,241.875,245.03906,241.875,246.09375,247.5,248.20313,250.3125,254.17969,254.88281,258.75,7.38281,5.97656,6.97266,7.44141,7.55859,8.20313,8.4375,8.49609,8.73047,9.02344,9.19922,9.14063,9.25781,0.131836,0.140381,0.145264,0.111084,0.087891,0.108643,0.098877,0.101318,0.12207,0.101318,0.137939
2017-04-21T00:10:00Z,236.95313,240.11719,240.82031,244.33594,243.63281,245.74219,247.14844,250.3125,249.60938,252.07031,254.53125,256.64063,7.5,6.03516,7.08984,7.55859,7.14844,7.96875,8.37891,8.67188,8.4375,9.02344,9.375,9.55078,9.55078,0.140381,0.129395,0.117188,0.101318,0.125732,0.096436,0.128174,0.106201,0.089111,0.100098,0.12085
2017-04-21T00:20:00Z,238.35938,243.98438,246.09375,242.92969,242.92969,245.74219,245.39063,251.01563,254.17969,257.34375,263.32031,230.625,7.5,5.97656,7.38281,7.38281,7.55859,7.85156,8.26172,8.78906,9.14063,9.14063,8.90625,9.55078,8.73047,0.092773,0.137939,0.125732,0.126953,0.084229,0.100098,0.123291,0.091553,0.102539,0.128174,0.090332
2017-04-21T00:30:00Z,237.65625,242.92969,243.63281,242.57813,245.39063,246.44531,248.55469,251.36719,253.82813,254.88281,260.15625,253.125,7.03125,5.91797,7.14844,7.55859,7.44141,7.85156,8.26172,8.61328,8.55469,8.96484,9.14063,9.31641,9.25781,0.129395,0.124512,0.126953,0.101318,0.091553,0.106201,0.128174,0.098877,0.106201,0.128174,0.10376
2017-04-21T00:40:00Z,238.35938,243.28125,244.6875,242.22656,246.44531,249.25781,250.3125,251.01563,253.125,256.28906,258.75,259.80469,7.20703,5.97656,7.5,7.38281,7.38281,8.26172,8.26172,8.61328,8.73047,9.19922,9.19922,9.49219,8.96484,0.142822,0.141602,0.125732,0.133057,0.131836,0.112305,0.125732,0.134277,0.100098,0.111084,0.131836
2017-04-21T00:50:00Z,241.17188,244.33594,245.39063,245.39063,247.85156,251.36719,252.42188,257.34375,259.45313,258.75,263.67188,266.83594,7.44141,6.03516,7.44141,7.55859,7.44141,8.4375,8.4375,8.78906,8.73047,8.96484,8.90625,9.14063,9.08203,0.130615,0.125732,0.129395,0.117188,0.113525,0.112305,0.12085,0.151367,0.111084,0.112305,0.128174
2017-04-21T01:00:00Z,240.82031,244.33594,246.09375,245.74219,247.85156,251.36719,253.82813,258.04688,259.80469,264.72656,267.53906,270.35156,7.08984,5.97656,7.08984,7.55859,7.32422,8.02734,8.4375,8.67188,8.90625,8.96484,9.19922,9.08203,9.08203,0.146484,0.119629,0.109863,0.097656,0.097656,0.10498,0.108643,0.111084,0.095215,0.096436,0.109863
2017-04-21T01:10:00Z,240.46875,245.74219,247.85156,247.5,248.20313,247.85156,249.60938,255.23438,258.39844,261.91406,262.61719,269.29688,6.85547,5.80078,7.08984,7.55859,7.44141,7.85156,8.08594,8.49609,9.02344,8.84766,9.02344,9.25781,8.78906,0.124512,0.113525,0.108643,0.113525,0.123291,0.147705,0.093994,0.131836,0.095215,0.115967,0.163574
2017-04-21T01:20:00Z,240.82031,245.39063,247.5,247.85156,249.96094,252.77344,252.42188,255.58594,262.61719,267.1875,263.32031,274.57031,7.32422,6.03516,7.5,7.79297,7.73438,8.20313,8.02734,8.37891,8.78906,9.19922,8.61328,8.20313,8.20313,0.129395,0.107422,0.102539,0.101318,0.134277,0.107422,0.117188,0.112305,0.092773,0.119629,0.144043
2017-04-21T01:30:00Z,242.22656,246.09375,247.5,247.5,251.01563,254.17969,256.64063,259.10156,262.61719,266.83594,267.53906,269.64844,7.08984,5.80078,7.08984,7.44141,7.55859,8.14453,8.4375,8.61328,8.84766,9.14063,8.73047,8.90625,8.49609,0.15625,0.112305,0.100098,0.097656,0.118408,0.128174,0.102539,0.130615,0.118408,0.10376,0.113525
2017-04-21T01:40:00Z,243.63281,246.44531,247.5,249.60938,248.20313,253.47656,256.28906,264.02344,266.48438,267.89063,270.35156,276.67969,7.08984,5.80078,6.85547,7.14844,6.85547,7.67578,8.20313,8.55469,8.55469,8.73047,8.61328,8.78906,8.90625,0.135498,0.107422,0.113525,0.107422,0.133057,0.073242,0.083008,0.123291,0.113525,0.112305,0.10376
2017-04-21T01:50:00Z,243.98438,248.55469,251.01563,249.25781,253.125,256.64063,259.80469,266.83594,267.89063,276.67969,220.07813,332.22656,6.67969,5.50781,6.79688,7.20703,7.20703,7.5,7.91016,8.49609,8.73047,8.61328,8.49609,8.61328,8.55469,0.101318,0.085449,0.117188,0.12085,0.085449,0.123291,0.119629,0.093994,0.076904,0.093994,0.092773
2017-04-21T02:00:00Z,243.63281,246.44531,247.85156,248.55469,253.125,258.04688,265.42969,268.59375,268.24219,278.78906,263.67188,265.78125,6.38672,5.27344,6.67969,7.08984,6.97266,7.55859,8.02734,8.26172,8.32031,8.4375,8.73047,8.90625,8.61328,0.162354,0.089111,0.091553,0.074463,0.125732,0.101318,0.084229,0.10498,0.072021,0.078125,0.123291
2017-04-21T02:10:00Z,243.63281,250.3125,250.3125,251.71875,254.17969,259.10156,264.02344,268.59375,272.46094,262.26563,274.57031,259.80469,6.21094,5.09766,6.38672,6.91406,6.73828,7.55859,7.96875,7.91016,8.26172,8.61328,8.78906,8.78906,8.78906,0.091553,0.101318,0.08667,0.078125,0.076904,0.102539,0.101318,0.097656,0.106201,0.114746,0.093994
2017-04-21T02:20:00Z,246.09375,250.66406,252.42188,253.47656,256.28906,261.21094,269.29688,272.46094,273.16406,277.38281,267.1875,259.80469,5.80078,4.98047,5.80078,6.44531,6.32813,7.08984,7.55859,7.79297,8.20313,8.61328,8.90625,9.08203,8.96484,0.147705,0.119629,0.083008,0.089111,0.093994,0.084229,0.081787,0.074463,0.081787,0.073242,0.091553
2017-04-21T02:30:00Z,242.57813,250.66406,252.77344,252.77344,254.53125,258.75,260.15625,268.24219,271.75781,249.60938,239.0625,296.36719,5.74219,4.62891,6.03516,6.26953,6.44531,6.73828,7.20703,7.61719,8.02734,8.14453,8.26172,8.32031,8.49609,0.092773,0.130615,0.089111,0.10376,0.081787,0.093994,0.102539,0.126953,0.081787,0.073242,0.117188
2017-04-21T02:40:00Z,239.76563,247.14844,250.3125,249.60938,251.71875,258.04688,259.80469,268.24219,262.61719,231.32813,239.0625,309.72656,5.625,4.6875,6.32813,6.62109,6.67969,7.20703,7.5,8.02734,8.14453,8.61328,8.67188,8.67188,8.26172,0.107422,0.118408,0.130615,0.106201,0.080566,0.113525,0.095215,0.092773,0.10498,0.12207,0.098877
2017-04-21T02:50:00Z,245.74219,256.28906,258.04688,257.69531,265.07813,267.89063,265.78125,268.24219,273.16406,271.75781,177.89063,245.03906,5.74219,4.92188,6.32813,6.62109,6.73828,7.5,7.67578,7.85156,8.4375,8.78906,9.02344,9.08203,9.08203,0.084229,0.118408,0.125732,0.089111,0.089111,0.10376,0.087891,0.075684,0.079346,0.08667,0.080566
2017-04-21T03:00:00Z,244.6875,256.28906,259.10156,255.9375,263.32031,265.42969,268.59375,271.40625,272.8125,267.89063,245.03906,269.64844,5.56641,4.62891,6.26953,6.67969,6.62109,7.20703,7.73438,8.26172,8.67188,9.02344,9.25781,9.25781,9.08203,0.115967,0.075684,0.091553,0.083008,0.097656,0.08667,0.080566,0.073242,0.061035,0.084229,0.112305
2017-04-21T03:10:00Z,246.44531,255.58594,257.69531,255.9375,260.15625,267.1875,271.40625,270.70313,274.21875,271.05469,275.625,245.39063,5.97656,4.74609,6.03516,6.50391,6.62109,7.08984,7.79297,8.08594,8.61328,8.78906,9.31641,9.375,9.60938,0.129395,0.102539,0.081787,0.107422,0.092773,0.059814,0.085449,0.091553,0.058594,0.085449,0.078125
2017-04-21T03:20:00Z,247.5,259.45313,262.61719,263.67188,265.07813,268.94531,271.05469,280.19531,267.1875,314.64844,314.64844,315.0,5.68359,4.62891,6.03516,6.50391,6.26953,6.97266,7.32422,8.20313,8.55469,8.90625,9.375,9.60938,9.90234,0.125732,0.095215,0.111084,0.08667,0.076904,0.057373,0.06958,0.068359,0.075684,0.091553,0.075684
2017-04-21T03:30:00Z,251.36719,261.5625,265.07813,262.96875,269.29688,274.92188,278.4375,279.49219,253.82813,173.67188,245.74219,281.25,5.27344,4.27734,5.80078,6.09375,5.97656,6.67969,7.20703,7.73438,8.08594,8.55469,9.14063,9.31641,9.43359,0.065918,0.075684,0.075684,0.093994,0.080566,0.080566,0.076904,0.05249,0.064697,0.074463,0.073242
2017-04-21T03:40:00Z,252.77344,262.61719,264.375,263.32031,268.24219,271.75781,277.03125,268.94531,284.41406,273.86719,265.78125,276.32813,5.03906,4.27734,5.44922,6.09375,6.03516,6.79688,7.14844,7.44141,7.67578,7.67578,8.08594,8.37891,8.67188,0.115967,0.08667,0.101318,0.068359,0.057373,0.053711,0.080566,0.090332,0.092773,0.085449,0.085449
2017-04-21T03:50:00Z,243.28125,251.36719,253.82813,251.36719,261.21094,259.80469,266.13281,324.14063,153.98438,316.05469,266.13281,172.96875,4.98047,4.10156,5.68359,6.15234,6.03516,6.62109,7.03125,6.91406,7.03125,7.55859,7.73438,7.96875,8.14453,0.107422,0.089111,0.123291,0.08667,0.063477,0.06958,0.075684,0.068359,0.074463,0.079346,0.070801
2017-04-21T04:00:00Z,237.65625,254.17969,256.64063,255.9375,259.45313,266.13281,274.92188,309.72656,313.59375,256.64063,306.21094,251.71875,5.68359,4.21875,5.91797,6.26953,6.32813,6.79688,7.26563,7.55859,7.55859,7.61719,7.79297,8.02734,7.96875,0.073242,0.097656,0.095215,0.10498,0.089111,0.090332,0.10498,0.073242,0.076904,0.08667,0.084229
2017-04-21T04:10:00Z,245.03906,255.58594,258.39844,257.34375,263.32031,266.83594,270.35156,252.07031,328.35938,307.96875,326.95313,310.07813,5.27344,4.33594,5.74219,6.15234,6.15234,6.85547,7.26563,7.61719,7.79297,7.73438,7.73438,7.91016,7.91016,0.107422,0.080566,0.098877,0.081787,0.074463,0.076904,0.056152,0.072021,0.089111,0.067139,0.087891
2017-04-21T04:20:00Z,248.55469,261.21094,263.67188,260.85938,267.89063,274.21875,277.38281,280.89844,279.84375,285.46875,286.875,278.78906,5.27344,4.27734,5.44922,5.80078,5.91797,6.50391,6.85547,7.03125,7.44141,7.79297,7.91016,7.79297,7.85156,0.119629,0.107422,0.111084,0.108643,0.078125,0.074463,0.093994,0.078125,0.056152,0.079346,0.061035
2017-04-21T04:30:00Z,255.58594,265.42969,267.89063,264.375,270.0,272.8125,276.32813,280.89844,282.65625,284.41406,278.08594,291.09375,5.50781,4.16016,5.91797,6.26953,6.26953,6.5625,7.14844,7.5,7.96875,8.20313,8.55469,8.90625,8.78906,0.10498,0.084229,0.08667,0.090332,0.10498,0.085449,0.062256,0.064697,0.079346,0.059814,0.098877
2017-04-21T04:40:00Z,256.28906,268.94531,268.59375,271.05469,271.40625,277.73438,279.84375,284.0625,285.46875,290.03906,284.76563,280.89844,5.85938,4.62891,5.97656,6.32813,6.32813,7.03125,7.55859,7.85156,8.02734,8.61328,9.02344,9.14063,9.31641,0.079346,0.074463,0.10498,0.064697,0.089111,0.074463,0.073242,0.065918,0.068359,0.076904,0.083008
2017-04-21T04:50:00Z,259.10156,271.05469,273.51563,272.8125,275.97656,279.84375,283.35938,286.52344,286.52344,281.95313,246.09375,343.82813,5.44922,4.45313,5.91797,6.15234,6.03516,6.85547,7.26563,7.85156,8.20313,8.49609,8.73047,8.96484,8.90625,0.089111,0.081787,0.119629,0.070801,0.083008,0.061035,0.084229,0.100098,0.079346,0.076904,0.091553
2017-04-21T05:00:00Z,264.375,278.08594,279.49219,280.19531,280.89844,284.76563,285.11719,289.6875,292.85156,296.71875,297.77344,296.01563,5.625,4.51172,5.97656,6.50391,6.32813,6.97266,7.20703,7.85156,8.20313,8.49609,8.73047,8.78906,8.67188,0.091553,0.091553,0.081787,0.061035,0.102539,0.084229,0.053711,0.083008,0.068359,0.067139,0.085449
2017-04-21T05:10:00Z,267.89063,278.08594,279.84375,280.54688,282.65625,286.875,289.33594,291.79688,293.90625,298.125,298.125,296.71875,5.50781,4.45313,5.68359,5.97656,5.91797,6.62109,7.14844,7.5,7.79297,8.08594,8.4375,8.4375,8.32031,0.085449,0.090332,0.08667,0.089111,0.072021,0.085449,0.083008,0.057373,0.073242,0.087891,0.062256
2017-04-21T05:20:00Z,269.64844,276.32813,278.78906,278.78906,281.25,282.65625,283.35938,286.875,291.44531,295.3125,293.55469,299.17969,5.44922,4.10156,4.98047,5.33203,5.21484,5.97656,6.38672,6.91406,7.38281,7.44141,7.67578,7.85156,7.79297,0.119629,0.151367,0.125732,0.093994,0.087891,0.068359,0.083008,0.074463,0.087891,0.084229,0.063477
2017-04-21T05:30:00Z,265.07813,274.57031,278.4375,276.32813,282.65625,284.76563,285.82031,290.03906,291.09375,291.79688,291.09375,290.03906,4.98047,3.86719,5.33203,5.80078,5.80078,6.50391,6.79688,7.55859,8.08594,8.02734,7.85156,8.02734,8.08594,0.148926,0.106201,0.128174,0.113525,0.107422,0.107422,0.10498,0.095215,0.073242,0.097656,0.080566
2017-04-21T05:40:00Z,263.67188,272.8125,276.67969,274.57031,279.14063,283.00781,285.46875,290.03906,290.03906,286.875,288.63281,287.57813,5.33203,4.57031,5.625,6.03516,5.91797,6.5625,7.20703,7.79297,8.20313,8.20313,8.37891,8.08594,8.08594,0.128174,0.076904,0.10376,0.097656,0.106201,0.074463,0.062256,0.076904,0.091553,0.10498,0.100098
2017-04-21T05:50:00Z,259.10156,267.89063,268.94531,269.64844,272.8125,277.03125,276.32813,283.71094,287.57813,287.22656,288.98438,290.03906,5.21484,4.27734,5.74219,5.91797,5.80078,6.5625,7.08984,7.44141,7.91016,8.14453,8.49609,8.84766,8.67188,0.133057,0.10376,0.123291,0.084229,0.101318,0.058594,0.091553,0.106201,0.084229,0.085449,0.10376
2017-04-21T06:00:00Z,252.07031,261.21094,265.07813,267.1875,269.64844,273.51563,276.67969,284.76563,282.65625,262.61719,162.77344,315.70313,5.625,4.51172,5.68359,5.85938,5.80078,6.38672,6.73828,7.26563,7.44141,7.55859,8.20313,8.37891,8.4375,0.133057,0.072021,0.12207,0.092773,0.097656,0.064697,0.085449,0.095215,0.065918,0.074463,0.097656
2017-04-21T06:10:00Z,260.15625,272.10938,273.51563,272.8125,277.73438,280.19531,284.76563,283.71094,286.52344,280.89844,188.4375,343.82813,5.15625,4.33594,5.50781,5.91797,5.80078,6.38672,6.97266,7.38281,7.61719,7.85156,8.02734,8.32031,8.14453,0.093994,0.091553,0.072021,0.093994,0.064697,0.050049,0.068359,0.080566,0.092773,0.087891,0.084229
2017-04-21T06:20:00Z,253.47656,263.67188,268.24219,265.42969,268.94531,272.10938,271.75781,277.38281,281.25,281.95313,266.83594,267.1875,5.33203,4.33594,5.56641,5.68359,5.80078,5.97656,6.26953,6.85547,7.08984,7.26563,7.55859,7.61719,7.73438,0.113525,0.118408,0.096436,0.129395,0.109863,0.083008,0.078125,0.081787,0.078125,0.106201,0.067139
2017-04-21T06:30:00Z,252.77344,262.61719,262.61719,267.53906,270.35156,272.46094,275.27344,278.78906,278.78906,280.89844,281.25,279.49219,5.27344,4.27734,5.44922,5.85938,5.625,6.38672,6.5625,6.85547,7.14844,7.5,7.61719,7.85156,7.96875,0.142822,0.136719,0.117188,0.080566,0.091553,0.10376,0.078125,0.109863,0.081787,0.070801,0.096436
2017-04-21T06:40:00Z,255.9375,269.29688,270.0,270.70313,271.75781,273.86719,276.67969,278.78906,281.95313,281.60156,281.60156,288.98438,5.39063,4.33594,5.33203,5.56641,5.625,6.21094,6.62109,7.08984,7.20703,7.5,7.55859,7.85156,7.61719,0.12207,0.113525,0.111084,0.096436,0.114746,0.124512,0.074463,0.129395,0.111084,0.093994,0.108643
2017-04-21T06:50:00Z,266.13281,274.57031,274.21875,275.97656,278.4375,281.60156,285.11719,287.57813,287.57813,292.14844,291.09375,294.25781,5.74219,4.6875,5.91797,6.21094,6.32813,6.79688,7.14844,7.14844,7.73438,8.14453,8.26172,8.37891,8.32031,0.112305,0.118408,0.096436,0.075684,0.073242,0.117188,0.068359,0.062256,0.078125,0.085449,0.097656
2017-04-21T07:00:00Z,259.10156,265.07813,266.83594,269.29688,271.40625,274.92188,276.32813,280.89844,279.84375,285.46875,290.03906,281.95313,5.85938,4.80469,5.80078,6.26953,5.97656,6.67969,6.97266,7.20703,7.61719,7.73438,7.67578,7.55859,7.91016,0.124512,0.107422,0.093994,0.12085,0.062256,0.113525,0.083008,0.058594,0.098877,0.113525,0.090332
2017-04-21T07:10:00Z,258.04688,269.64844,269.29688,265.42969,271.40625,274.21875,279.49219,278.4375,285.46875,285.82031,273.51563,274.21875,5.625,4.62891,5.85938,5.97656,6.21094,6.21094,7.08984,7.08984,7.44141,7.38281,7.32422,7.38281,7.85156,0.115967,0.115967,0.106201,0.140381,0.095215,0.070801,0.089111,0.125732,0.083008,0.084229,0.133057
2017-04-21T07:20:00Z,255.58594,261.91406,267.1875,265.07813,270.70313,274.57031,275.97656,280.89844,283.35938,275.97656,271.05469,268.94531,5.68359,4.57031,5.80078,6.03516,5.85938,6.50391,6.62109,7.03125,7.08984,7.20703,7.38281,7.61719,7.5,0.10498,0.126953,0.106201,0.115967,0.097656,0.119629,0.129395,0.097656,0.10376,0.097656,0.112305
2017-04-21T07:30:00Z,258.39844,268.94531,271.75781,270.35156,274.57031,277.73438,281.95313,284.41406,287.57813,288.63281,290.74219,292.5,6.15234,4.86328,6.38672,6.73828,6.44531,7.03125,7.20703,7.44141,7.55859,7.85156,7.61719,8.02734,8.08594,0.140381,0.130615,0.111084,0.084229,0.102539,0.090332,0.10498,0.089111,0.10376,0.106201,0.091553
2017-04-21T07:40:00Z,265.42969,273.51563,273.86719,272.8125,277.03125,278.78906,283.71094,288.28125,291.09375,291.79688,296.01563,296.36719,6.5625,5.27344,6.50391,6.62109,6.67969,6.85547,7.26563,7.5,7.55859,7.61719,7.85156,7.96875,7.96875,0.123291,0.101318,0.12085,0.124512,0.12207,0.089111,0.074463,0.098877,0.080566,0.06958,0.115967
2017-04-21T07:50:00Z,264.02344,271.05469,271.75781,271.05469,275.625,277.38281,281.25,282.65625,282.65625,287.22656,288.28125,288.98438,5.91797,4.80469,5.85938,6.26953,6.15234,6.5625,6.91406,7.20703,7.32422,7.5,7.85156,8.02734,7.85156,0.123291,0.092773,0.087891,0.12207,0.087891,0.108643,0.125732,0.111084,0.100098,0.109863,0.092773
2017-04-21T08:00:00Z,268.94531,276.32813,280.54688,279.14063,280.89844,284.41406,286.875,289.6875,292.85156,296.71875,294.25781,296.01563,5.91797,4.92188,6.21094,6.38672,6.26953,6.79688,6.91406,7.44141,7.67578,8.08594,7.67578,7.73438,7.79297,0.150146,0.113525,0.136719,0.134277,0.135498,0.097656,0.131836,0.119629,0.090332,0.13916,0.126953
2017-04-21T11:10:00Z,264.375,271.40625,269.29688,270.70313,271.75781,275.625,278.78906,283.35938,285.11719,287.57813,288.28125,287.22656,6.91406,5.56641,6.62109,6.5625,6.73828,7.14844,7.44141,7.73438,7.85156,8.02734,8.49609,8.90625,9.31641,0.131836,0.124512,0.106201,0.093994,0.115967,0.107422,0.112305,0.118408,0.109863,0.119629,0.147705
2017-04-21T11:20:00Z,263.67188,269.64844,269.29688,270.70313,272.8125,275.97656,279.14063,282.65625,287.22656,291.09375,289.6875,286.52344,6.50391,5.44922,6.5625,6.97266,6.85547,7.32422,7.26563,7.5,7.79297,7.91016,8.20313,8.61328,8.02734,0.111084,0.124512,0.092773,0.109863,0.118408,0.107422,0.083008,0.101318,0.075684,0.117188,0.135498
2017-04-21T11:30:00Z,259.80469,266.48438,267.89063,266.48438,268.94531,271.40625,273.86719,275.27344,279.14063,284.41406,283.35938,283.35938,6.79688,5.56641,6.85547,6.85547,7.03125,7.14844,7.44141,7.73438,7.79297,8.08594,8.14453,8.78906,8.32031,0.137939,0.113525,0.118408,0.107422,0.091553,0.090332,0.101318,0.106201,0.107422,0.100098,0.145264
2017-04-21T11:40:00Z,258.04688,265.07813,263.67188,264.72656,262.61719,264.375,267.89063,270.70313,274.21875,276.32813,274.57031,273.86719,6.97266,5.80078,6.79688,7.03125,7.14844,7.38281,7.96875,8.32031,8.37891,8.32031,8.32031,8.32031,8.37891,0.146484,0.114746,0.075684,0.072021,0.114746,0.114746,0.100098,0.111084,0.102539,0.12207,0.144043
2017-04-21T11:50:00Z,257.34375,262.26563,261.91406,264.375,262.96875,264.375,267.53906,270.35156,275.97656,273.86719,273.51563,270.0,7.20703,6.09375,7.03125,7.5,7.38281,7.73438,7.96875,8.20313,8.08594,8.20313,8.02734,8.32031,8.08594,0.128174,0.108643,0.115967,0.109863,0.113525,0.093994,0.109863,0.097656,0.119629,0.113525,0.101318
2017-04-21T12:00:00Z,257.34375,262.61719,262.96875,263.67188,262.96875,264.02344,268.94531,272.10938,273.86719,275.27344,279.49219,273.86719,7.03125,5.74219,7.03125,7.32422,7.26563,7.5,8.14453,8.26172,8.08594,8.4375,8.32031,8.20313,8.08594,0.13916,0.097656,0.140381,0.140381,0.072021,0.111084,0.125732,0.12207,0.12207,0.131836,0.119629
2017-04-21T12:10:00Z,255.9375,258.75,259.10156,260.85938,261.21094,265.78125,267.1875,268.24219,272.46094,272.46094,272.46094,269.64844,7.44141,6.03516,7.14844,7.44141,7.26563,8.20313,8.08594,8.20313,8.20313,8.32031,8.26172,8.20313,8.61328,0.096436,0.130615,0.151367,0.113525,0.10498,0.098877,0.109863,0.125732,0.109863,0.123291,0.109863
2017-04-21T12:20:00Z,259.10156,261.91406,264.72656,262.26563,264.375,264.375,267.1875,270.70313,270.35156,273.51563,268.94531,272.10938,7.79297,6.38672,7.73438,7.91016,7.85156,7.85156,8.49609,8.73047,8.84766,8.73047,8.73047,8.78906,8.96484,0.123291,0.131836,0.140381,0.084229,0.10498,0.118408,0.107422,0.147705,0.10498,0.115967,0.131836
2017-04-21T12:30:00Z,258.75,262.26563,262.26563,262.26563,264.72656,268.59375,270.0,271.05469,272.46094,273.86719,273.86719,273.16406,7.73438,6.5625,7.61719,7.96875,7.85156,8.37891,8.73047,8.84766,9.14063,9.43359,9.66797,9.49219,9.25781,0.131836,0.115967,0.129395,0.108643,0.114746,0.125732,0.119629,0.112305,0.100098,0.095215,0.12207
2017-04-21T12:40:00Z,260.15625,263.67188,262.96875,262.96875,267.53906,265.78125,268.94531,270.0,272.46094,275.27344,275.97656,273.51563,8.26172,6.44531,7.67578,7.79297,7.96875,8.32031,8.32031,8.73047,8.96484,9.25781,9.55078,9.375,9.43359,0.163574,0.101318,0.108643,0.098877,0.12207,0.118408,0.093994,0.092773,0.111084,0.106201,0.075684
2017-04-21T12:50:00Z,262.96875,264.72656,269.64844,268.59375,270.35156,270.0,275.97656,273.86719,277.03125,278.4375,276.67969,277.38281,7.55859,6.44531,7.5,7.91016,7.91016,8.32031,8.67188,8.96484,9.14063,9.72656,9.31641,9.60938,9.60938,0.112305,0.129395,0.133057,0.133057,0.111084,0.133057,0.111084,0.101318,0.095215,0.100098,0.074463
2017-04-21T13:00:00Z,260.85938,264.72656,265.78125,263.32031,266.83594,269.29688,272.46094,271.75781,274.21875,275.27344,277.03125,275.97656,8.02734,6.62109,7.73438,7.96875,8.02734,8.37891,8.78906,8.67188,9.14063,9.31641,9.84375,9.84375,9.96094,0.107422,0.118408,0.119629,0.098877,0.140381,0.096436,0.102539,0.145264,0.085449,0.151367,0.126953
2017-04-21T13:10:00Z,259.45313,261.5625,263.32031,261.21094,266.13281,267.53906,271.40625,272.10938,274.21875,279.14063,279.49219,280.54688,8.02734,6.62109,7.85156,8.32031,8.08594,8.37891,9.08203,9.19922,9.43359,9.60938,10.13672,10.07813,10.48828,0.115967,0.134277,0.119629,0.128174,0.12207,0.126953,0.140381,0.093994,0.097656,0.117188,0.093994
2017-04-21T13:20:00Z,257.34375,260.85938,260.50781,261.91406,263.67188,264.72656,267.1875,269.64844,270.70313,273.51563,277.38281,274.92188,7.91016,6.5625,7.73438,8.08594,7.91016,8.61328,8.78906,9.19922,9.375,9.49219,10.07813,10.37109,10.48828,0.12207,0.114746,0.126953,0.096436,0.123291,0.10376,0.108643,0.096436,0.092773,0.115967,0.097656
2017-04-21T13:30:00Z,255.9375,259.80469,259.80469,259.45313,261.5625,261.91406,268.59375,270.35156,273.86719,275.97656,279.84375,280.54688,8.02734,6.44531,7.67578,7.85156,7.96875,8.37891,9.14063,9.14063,9.49219,9.84375,10.13672,10.48828,10.66406,0.123291,0.108643,0.130615,0.114746,0.098877,0.128174,0.111084,0.106201,0.084229,0.08667,0.098877
2017-04-21T13:40:00Z,257.34375,258.39844,259.10156,258.04688,261.5625,264.72656,267.1875,272.46094,273.16406,277.03125,281.25,283.35938,8.20313,6.50391,7.91016,8.4375,8.02734,8.90625,9.19922,9.90234,9.96094,10.13672,10.19531,10.54688,10.66406,0.162354,0.092773,0.117188,0.136719,0.109863,0.096436,0.142822,0.123291,0.079346,0.12207,0.115967
2017-04-21T13:50:00Z,260.50781,262.96875,263.67188,264.72656,265.07813,267.53906,267.89063,271.75781,274.92188,275.625,276.67969,279.49219,7.85156,6.21094,7.44141,7.85156,7.91016,8.49609,8.67188,9.49219,9.72656,9.90234,9.66797,10.07813,10.78125,0.114746,0.109863,0.134277,0.118408,0.141602,0.10498,0.087891,0.10376,0.102539,0.144043,0.089111
2017-04-21T14:00:00Z,260.50781,265.07813,265.42969,265.07813,264.02344,266.48438,269.29688,273.51563,274.57031,272.46094,280.54688,282.65625,7.38281,5.85938,7.14844,7.38281,7.38281,8.02734,8.78906,9.25781,9.25781,9.66797,9.96094,10.66406,10.60547,0.169678,0.100098,0.166016,0.10376,0.12085,0.100098,0.08667,0.117188,0.101318,0.111084,0.115967
2017-04-21T14:10:00Z,256.99219,260.50781,261.91406,260.15625,260.15625,263.67188,266.48438,270.35156,275.27344,280.19531,284.76563,273.51563,7.26563,5.85938,7.38281,7.5,7.85156,8.14453,8.73047,9.31641,9.49219,9.60938,9.49219,9.84375,10.78125,0.111084,0.137939,0.098877,0.126953,0.126953,0.12085,0.12085,0.114746,0.158691,0.097656,0.10376
2017-04-21T14:20:00Z,252.07031,259.45313,257.34375,257.69531,262.61719,262.61719,265.78125,267.89063,271.40625,274.92188,274.92188,262.26563,7.20703,5.68359,7.03125,7.73438,7.55859,8.37891,8.73047,9.25781,9.49219,9.55078,9.84375,10.78125,11.66016,0.118408,0.117188,0.123291,0.087891,0.098877,0.095215,0.093994,0.101318,0.10498,0.10376,0.10498
2017-04-21T14:30:00Z,252.77344,255.58594,259.10156,257.34375,260.85938,262.96875,265.78125,266.48438,270.70313,275.97656,277.38281,279.49219,7.20703,5.91797,7.44141,7.79297,8.02734,8.49609,8.96484,9.49219,10.01953,10.48828,10.3125,10.19531,11.19141,0.106201,0.135498,0.112305,0.10376,0.106201,0.107422,0.130615,0.114746,0.098877,0.114746,0.091553
2017-04-21T14:40:00Z,251.36719,259.10156,261.5625,260.85938,260.15625,262.96875,265.07813,270.35156,273.51563,274.92188,275.27344,271.05469,7.38281,6.03516,7.67578,7.67578,7.85156,8.4375,9.02344,9.72656,10.07813,10.54688,10.72266,10.66406,10.48828,0.112305,0.141602,0.123291,0.114746,0.101318,0.095215,0.112305,0.090332,0.095215,0.155029,0.10376
2017-04-21T14:50:00Z,253.47656,261.21094,260.15625,261.91406,263.67188,266.83594,269.29688,274.57031,276.32813,277.73438,271.05469,275.27344,7.26563,5.85938,7.32422,7.79297,7.91016,8.67188,9.49219,10.13672,10.42969,10.37109,10.37109,10.42969,10.72266,0.141602,0.137939,0.102539,0.108643,0.10376,0.084229,0.075684,0.090332,0.097656,0.124512,0.106201
2017-04-21T15:00:00Z,254.17969,259.80469,261.91406,262.61719,262.96875,267.1875,272.46094,274.21875,278.78906,279.84375,277.73438,277.38281,7.08984,5.97656,7.55859,7.91016,8.08594,8.73047,9.31641,10.07813,10.25391,10.25391,9.78516,10.07813,10.13672,0.085449,0.142822,0.093994,0.072021,0.106201,0.123291,0.117188,0.100098,0.102539,0.10498,0.079346
2017-04-21T15:10:00Z,254.17969,261.21094,261.91406,261.91406,264.72656,268.94531,273.16406,275.97656,277.38281,274.92188,277.38281,277.38281,7.14844,5.80078,7.5,7.91016,8.02734,8.78906,9.55078,10.37109,10.37109,10.13672,10.25391,10.42969,9.96094,0.096436,0.093994,0.119629,0.10376,0.090332,0.087891,0.093994,0.106201,0.107422,0.112305,0.112305
2017-04-21T15:20:00Z,253.125,261.5625,260.15625,262.61719,261.91406,263.67188,267.53906,269.29688,270.0,274.21875,274.57031,274.57031,6.67969,5.44922,7.26563,7.85156,7.79297,8.78906,9.25781,9.78516,10.01953,10.66406,10.54688,10.42969,10.48828,0.111084,0.133057,0.067139,0.10376,0.142822,0.118408,0.126953,0.131836,0.10376,0.08667,0.095215
2017-04-21T15:30:00Z,251.36719,260.50781,259.45313,260.15625,260.15625,263.67188,265.42969,270.70313,273.86719,268.24219,273.16406,272.46094,6.85547,5.21484,6.73828,7.32422,7.20703,8.02734,8.73047,9.55078,10.01953,10.37109,10.25391,10.13672,10.19531,0.107422,0.13916,0.097656,0.090332,0.083008,0.093994,0.10498,0.096436,0.097656,0.112305,0.10376
2017-04-21T15:40:00Z,246.44531,255.23438,254.88281,256.28906,259.10156,259.80469,264.02344,265.42969,271.40625,270.70313,275.97656,273.16406,6.85547,5.44922,7.14844,7.61719,7.55859,8.37891,9.08203,9.72656,10.42969,10.3125,10.25391,10.3125,10.01953,0.100098,0.10498,0.100098,0.10376,0.083008,0.079346,0.090332,0.085449,0.101318,0.102539,0.114746
2017-04-21T15:50:00Z,247.14844,254.88281,253.82813,256.28906,257.34375,262.96875,267.53906,269.64844,273.51563,272.46094,267.53906,257.34375,7.26563,5.625,7.26563,7.79297,7.96875,8.84766,9.60938,9.96094,9.96094,9.96094,9.96094,9.55078,9.66797,0.107422,0.128174,0.102539,0.106201,0.087891,0.081787,0.10498,0.063477,0.107422,0.111084,0.087891
2017-04-21T16:00:00Z,251.01563,258.75,259.45313,261.91406,261.5625,263.32031,265.42969,267.89063,270.0,271.40625,274.57031,264.02344,7.32422,5.91797,7.73438,8.14453,7.96875,8.90625,9.78516,10.42969,10.3125,9.96094,9.96094,10.42969,10.72266,0.093994,0.12207,0.073242,0.098877,0.102539,0.091553,0.12085,0.12207,0.097656,0.096436,0.092773
2017-04-21T16:10:00Z,249.96094,259.10156,260.50781,260.50781,261.5625,264.02344,264.375,269.29688,270.0,273.16406,275.625,273.16406,7.20703,5.74219,7.44141,8.14453,8.20313,8.96484,9.55078,10.19531,10.60547,10.72266,10.37109,10.54688,10.48828,0.109863,0.101318,0.097656,0.101318,0.089111,0.084229,0.090332,0.08667,0.096436,0.096436,0.076904
2017-04-21T16:20:00Z,250.66406,260.50781,263.32031,261.5625,264.72656,263.67188,267.53906,267.53906,268.59375,271.75781,275.27344,208.82813,6.73828,5.56641,7.08984,7.79297,7.32422,8.55469,9.43359,9.78516,9.84375,9.84375,10.48828,10.78125,11.01563,0.114746,0.08667,0.097656,0.068359,0.078125,0.061035,0.078125,0.136719,0.095215,0.08667,0.083008
2017-04-21T16:30:00Z,251.01563,259.80469,262.26563,260.15625,262.26563,266.83594,271.40625,270.70313,270.35156,275.97656,264.375,251.01563,7.38281,5.74219,7.44141,7.73438,7.73438,8.55469,9.31641,9.96094,10.3125,10.37109,10.60547,10.60547,10.60547,0.126953,0.08667,0.10376,0.074463,0.113525,0.079346,0.065918,0.109863,0.093994,0.090332,0.106201
2017-04-21T16:40:00Z,253.82813,263.67188,264.375,266.48438,265.42969,266.48438,267.89063,271.05469,274.57031,275.97656,280.19531,268.94531,7.38281,6.09375,7.79297,8.26172,8.26172,9.08203,9.49219,10.01953,10.19531,10.3125,10.54688,11.01563,10.72266,0.085449,0.097656,0.078125,0.081787,0.081787,0.096436,0.095215,0.070801,0.102539,0.085449,0.081787
2017-04-21T16:50:00Z,251.71875,256.99219,258.04688,258.39844,260.50781,266.83594,273.16406,277.03125,280.54688,272.8125,278.78906,227.46094,7.14844,5.91797,7.73438,8.14453,8.14453,9.25781,9.66797,9.78516,10.07813,10.42969,11.19141,11.30859,11.36719,0.102539,0.131836,0.100098,0.078125,0.079346,0.083008,0.06958,0.098877,0.093994,0.092773,0.084229
2017-04-21T17:00:00Z,251.01563,260.15625,264.72656,261.5625,265.42969,268.59375,272.10938,275.27344,274.92188,266.48438,272.8125,279.14063,6.85547,5.68359,7.5,8.08594,7.91016,8.78906,9.31641,9.84375,10.48828,10.78125,10.95703,11.13281,11.25,0.146484,0.126953,0.083008,0.10498,0.107422,0.084229,0.101318,0.095215,0.079346,0.074463,0.098877
2017-04-21T17:10:00Z,252.42188,264.02344,262.61719,264.375,261.5625,267.53906,266.83594,270.70313,275.27344,279.84375,272.8125,278.4375,7.5,6.03516,7.91016,8.32031,8.55469,9.02344,9.66797,9.66797,9.90234,10.66406,10.78125,11.01563,10.54688,0.135498,0.113525,0.080566,0.101318,0.097656,0.101318,0.070801,0.08667,0.090332,0.070801,0.08667
2017-04-21T17:20:00Z,251.36719,255.58594,256.99219,254.88281,262.61719,266.83594,267.53906,274.21875,275.27344,278.08594,281.95313,280.89844,7.44141,5.56641,7.14844,7.55859,7.5,8.32031,8.73047,9.375,9.66797,9.78516,10.07813,10.60547,10.89844,0.101318,0.10376,0.114746,0.12207,0.079346,0.073242,0.083008,0.085449,0.095215,0.08667,0.085449
2017-04-21T17:30:00Z,245.39063,257.34375,259.80469,256.99219,260.15625,265.42969,265.78125,268.94531,271.75781,273.16406,270.0,267.89063,6.85547,5.50781,7.26563,7.61719,7.79297,8.37891,8.78906,9.375,9.55078,9.84375,9.96094,10.48828,10.66406,0.087891,0.097656,0.112305,0.098877,0.080566,0.089111,0.115967,0.098877,0.079346,0.087891,0.074463
2017-04-21T17:40:00Z,243.28125,252.77344,254.88281,256.99219,260.15625,265.42969,265.78125,268.59375,273.51563,272.46094,273.86719,298.125,6.67969,5.56641,7.44141,7.67578,7.67578,8.67188,9.19922,9.14063,9.49219,10.01953,10.54688,10.78125,10.66406,0.109863,0.100098,0.108643,0.098877,0.078125,0.111084,0.081787,0.083008,0.098877,0.100098,0.081787
2017-04-21T17:50:00Z,243.98438,255.23438,256.64063,251.71875,258.75,262.26563,265.07813,271.75781,271.05469,253.125,271.40625,169.80469,6.62109,5.44922,7.14844,7.61719,7.55859,8.26172,8.78906,9.55078,9.84375,10.25391,10.48828,10.89844,11.01563,0.119629,0.100098,0.125732,0.118408,0.126953,0.096436,0.075684,0.084229,0.076904,0.085449,0.109863
2017-04-21T18:00:00Z,244.33594,252.42188,249.60938,256.28906,254.17969,261.5625,270.35156,267.53906,254.88281,266.13281,319.21875,317.10938,6.44531,5.21484,6.85547,7.5,7.5,8.49609,9.08203,9.72656,9.90234,10.37109,10.72266,11.07422,11.13281,0.130615,0.118408,0.101318,0.117188,0.107422,0.113525,0.090332,0.078125,0.078125,0.075684,0.100098
2017-04-21T18:10:00Z,245.03906,253.47656,255.58594,254.53125,259.45313,263.32031,271.05469,269.29688,277.38281,268.94531,274.92188,261.91406,6.62109,5.56641,7.26563,7.61719,7.67578,8.37891,9.02344,9.60938,9.78516,10.19531,10.83984,11.19141,11.13281,0.118408,0.118408,0.096436,0.10376,0.10376,0.075684,0.065918,0.072021,0.074463,0.078125,0.075684
2017-04-21T18:20:00Z,245.74219,254.88281,255.9375,254.17969,258.75,260.85938,268.24219,261.5625,270.35156,218.67188,213.39844,311.48438,6.79688,5.21484,7.14844,7.61719,7.44141,8.4375,8.96484,9.43359,9.96094,10.42969,10.60547,10.89844,11.07422,0.096436,0.124512,0.075684,0.090332,0.096436,0.102539,0.081787,0.068359,0.087891,0.083008,0.101318
2017-04-21T18:30:00Z,245.74219,258.04688,260.85938,256.28906,263.67188,267.1875,269.64844,275.27344,265.42969,163.125,157.85156,319.21875,6.62109,5.15625,7.26563,7.73438,7.67578,8.55469,8.84766,9.43359,10.19531,11.07422,11.42578,11.54297,11.48438,0.108643,0.100098,0.070801,0.096436,0.092773,0.111084,0.081787,0.114746,0.125732,0.089111,0.093994
2017-04-21T18:40:00Z,243.63281,252.77344,256.64063,256.64063,261.21094,264.72656,267.89063,268.94531,260.50781,332.92969,153.63281,325.89844,6.44531,5.21484,6.91406,7.5,7.5,8.26172,9.02344,9.72656,10.37109,11.07422,11.60156,11.60156,11.19141,0.087891,0.090332,0.091553,0.113525,0.125732,0.070801,0.097656,0.091553,0.084229,0.095215,0.081787
2017-04-21T18:50:00Z,242.92969,249.96094,256.28906,257.34375,256.99219,262.61719,263.32031,266.83594,258.75,262.96875,258.75,230.625,6.26953,5.15625,6.79688,7.26563,7.26563,8.26172,9.08203,9.60938,9.84375,10.48828,10.66406,10.95703,10.72266,0.084229,0.096436,0.115967,0.106201,0.084229,0.090332,0.10376,0.093994,0.10498,0.096436,0.092773
2017-04-21T19:00:00Z,244.33594,257.69531,259.45313,256.28906,262.26563,266.83594,268.24219,255.58594,268.94531,279.49219,265.42969,198.98438,6.21094,5.15625,7.08984,7.61719,7.32422,8.55469,9.19922,10.01953,10.42969,10.54688,10.48828,10.60547,10.54688,0.140381,0.087891,0.095215,0.059814,0.08667,0.081787,0.087891,0.109863,0.101318,0.062256,0.126953
2017-04-21T19:10:00Z,248.55469,262.26563,260.15625,261.91406,266.48438,271.75781,273.16406,275.97656,269.64844,272.46094,278.78906,241.52344,7.03125,5.68359,7.5,8.20313,8.37891,9.25781,9.96094,10.13672,10.78125,10.89844,10.72266,10.54688,10.89844,0.113525,0.098877,0.096436,0.108643,0.101318,0.113525,0.10498,0.090332,0.097656,0.10498,0.089111
2017-04-21T19:20:00Z,247.85156,259.45313,262.96875,258.39844,264.375,268.24219,270.35156,274.57031,273.86719,271.05469,262.61719,265.07813,6.85547,5.50781,7.67578,8.02734,8.26172,9.08203,9.90234,10.66406,11.19141,11.30859,11.01563,11.01563,10.95703,0.128174,0.074463,0.100098,0.109863,0.093994,0.062256,0.08667,0.075684,0.10376,0.097656,0.096436
2017-04-21T19:30:00Z,251.71875,261.91406,263.67188,265.07813,264.72656,270.0,275.625,278.78906,272.46094,274.92188,280.89844,261.21094,7.26563,5.74219,7.61719,8.20313,8.08594,9.08203,9.96094,10.60547,11.48438,11.71875,11.89453,11.95313,11.48438,0.129395,0.115967,0.073242,0.081787,0.095215,0.098877,0.078125,0.096436,0.102539,0.087891,0.125732
2017-04-21T19:40:00Z,252.77344,263.32031,262.96875,264.02344,266.48438,271.75781,274.21875,280.19531,276.67969,259.45313,269.29688,280.89844,6.62109,5.39063,7.38281,7.79297,7.85156,8.67188,9.84375,10.3125,11.07422,11.66016,11.77734,12.1875,12.1875,0.100098,0.091553,0.089111,0.084229,0.085449,0.087891,0.080566,0.093994,0.10498,0.096436,0.079346
2017-04-21T19:50:00Z,255.58594,264.72656,266.48438,266.48438,270.35156,272.46094,276.32813,281.95313,276.32813,277.03125,256.28906,192.30469,6.62109,5.625,7.79297,8.26172,8.26172,8.96484,9.96094,11.01563,11.48438,11.42578,11.71875,12.1875,12.36328,0.070801,0.111084,0.112305,0.089111,0.084229,0.092773,0.06958,0.098877,0.068359,0.091553,0.091553
2017-04-21T20:00:00Z,261.5625,270.70313,272.46094,271.75781,275.97656,279.49219,285.11719,287.22656,285.82031,289.6875,290.74219,291.44531,7.08984,5.80078,7.85156,8.37891,8.55469,9.49219,10.37109,11.36719,11.60156,12.24609,12.59766,12.71484,12.30469,0.092773,0.125732,0.117188,0.111084,0.095215,0.090332,0.10376,0.109863,0.083008,0.101318,0.109863
2017-04-21T20:10:00Z,265.78125,274.92188,277.73438,275.97656,284.41406,283.71094,287.92969,291.09375,292.14844,291.44531,293.20313,294.25781,8.14453,6.09375,8.55469,9.19922,9.08203,10.37109,10.66406,11.42578,12.12891,12.71484,13.00781,12.53906,12.24609,0.117188,0.167236,0.129395,0.147705,0.114746,0.128174,0.134277,0.106201,0.140381,0.136719,0.131836
2017-04-21T20:20:00Z,280.19531,287.57813,286.875,286.52344,290.39063,294.25781,294.96094,296.71875,298.125,298.47656,299.88281,300.9375,8.4375,6.38672,8.20313,8.78906,8.61328,9.49219,10.19531,10.66406,11.48438,12.36328,12.36328,12.48047,12.48047,0.12085,0.145264,0.170898,0.142822,0.124512,0.124512,0.108643,0.113525,0.119629,0.141602,0.109863
2017-04-21T20:30:00Z,285.11719,291.09375,287.92969,290.74219,291.79688,293.20313,294.60938,298.125,298.47656,301.28906,301.64063,302.34375,7.67578,5.85938,7.67578,8.08594,8.02734,8.78906,9.19922,10.07813,10.37109,10.89844,11.07422,11.48438,11.42578,0.123291,0.131836,0.109863,0.106201,0.114746,0.109863,0.12207,0.107422,0.108643,0.106201,0.124512
2017-04-21T20:40:00Z,288.98438,292.14844,294.96094,297.07031,297.42188,299.17969,302.34375,303.04688,303.39844,303.39844,302.69531,305.50781,8.84766,6.44531,8.08594,8.37891,8.26172,9.25781,9.90234,10.54688,10.37109,10.48828,10.95703,11.66016,11.60156,0.159912,0.144043,0.161133,0.137939,0.115967,0.108643,0.087891,0.118408,0.098877,0.117188,0.135498
2017-04-21T20:50:00Z,294.25781,300.58594,300.58594,297.42188,300.58594,300.9375,300.9375,300.58594,304.45313,303.75,303.75,303.75,8.32031,6.44531,8.26172,8.37891,8.32031,9.08203,9.14063,9.43359,9.90234,10.54688,10.48828,10.72266,10.78125,0.142822,0.134277,0.174561,0.15625,0.095215,0.123291,0.113525,0.089111,0.114746,0.108643,0.102539
2017-04-21T21:00:00Z,299.17969,302.69531,304.45313,304.10156,301.99219,305.85938,305.85938,306.91406,306.5625,309.02344,307.96875,310.42969,8.73047,6.62109,8.37891,8.78906,8.96484,9.31641,9.60938,10.19531,10.13672,10.42969,10.66406,10.83984,10.54688,0.124512,0.134277,0.128174,0.147705,0.135498,0.10376,0.114746,0.159912,0.115967,0.134277,0.159912
2017-04-21T21:10:00Z,297.42188,299.88281,300.23438,298.82813,301.99219,301.28906,301.28906,300.9375,305.15625,304.80469,308.67188,307.26563,8.02734,6.50391,8.55469,8.90625,8.4375,9.55078,9.31641,10.25391,10.66406,10.66406,10.66406,10.54688,10.89844,0.150146,0.12207,0.133057,0.117188,0.153809,0.074463,0.10498,0.087891,0.096436,0.128174,0.125732
2017-04-21T21:20:00Z,296.01563,295.3125,295.66406,295.3125,296.36719,303.39844,304.45313,307.96875,308.32031,309.72656,307.96875,309.72656,8.37891,6.5625,8.20313,8.78906,8.84766,9.55078,10.3125,10.37109,10.66406,10.42969,10.48828,10.3125,10.42969,0.147705,0.135498,0.162354,0.126953,0.130615,0.10498,0.131836,0.111084,0.123291,0.161133,0.10498
2017-04-21T21:30:00Z,296.36719,296.36719,299.17969,299.17969,299.88281,302.69531,305.85938,304.80469,307.61719,306.91406,306.21094,306.21094,7.44141,6.15234,7.91016,8.49609,8.32031,9.19922,9.49219,9.96094,10.25391,10.95703,10.60547,10.83984,10.78125,0.167236,0.119629,0.109863,0.126953,0.135498,0.101318,0.148926,0.102539,0.112305,0.144043,0.12207
2017-04-21T21:40:00Z,297.07031,300.9375,302.69531,300.23438,301.28906,299.53125,303.39844,302.69531,306.5625,304.80469,307.96875,306.91406,7.32422,5.91797,7.55859,7.91016,7.61719,8.14453,8.96484,9.25781,10.07813,10.19531,9.96094,10.13672,10.89844,0.162354,0.131836,0.161133,0.140381,0.129395,0.136719,0.12085,0.129395,0.124512,0.136719,0.130615
2017-04-21T21:50:00Z,293.90625,300.9375,299.88281,297.77344,300.9375,302.34375,303.39844,302.34375,303.39844,307.96875,310.42969,311.13281,6.79688,5.39063,6.67969,7.32422,7.14844,7.79297,8.4375,8.90625,9.14063,9.43359,9.72656,9.49219,9.55078,0.164795,0.113525,0.113525,0.112305,0.10376,0.089111,0.096436,0.089111,0.095215,0.093994,0.111084
2017-04-21T22:00:00Z,292.5,294.96094,292.85156,297.77344,296.01563,297.07031,297.77344,301.64063,300.9375,312.1875,310.42969,313.94531,6.38672,5.21484,6.67969,7.08984,6.97266,7.79297,8.02734,8.37891,9.19922,9.55078,9.72656,9.375,9.78516,0.098877,0.114746,0.114746,0.114746,0.098877,0.111084,0.125732,0.098877,0.109863,0.130615,0.130615
2017-04-21T22:10:00Z,292.5,295.66406,296.01563,295.66406,298.82813,301.99219,303.39844,315.35156,314.64844,313.59375,316.40625,318.16406,5.97656,4.86328,6.15234,6.44531,6.38672,7.32422,7.67578,8.49609,9.14063,9.02344,9.60938,9.02344,9.43359,0.137939,0.115967,0.136719,0.153809,0.119629,0.097656,0.107422,0.115967,0.107422,0.144043,0.097656
2017-04-21T22:20:00Z,294.96094,298.47656,301.28906,299.17969,301.64063,307.61719,310.42969,311.83594,318.86719,317.8125,319.92188,315.0,6.44531,4.74609,6.03516,6.38672,6.32813,7.08984,7.5,8.02734,8.37891,8.55469,8.61328,8.4375,8.61328,0.133057,0.101318,0.137939,0.162354,0.128174,0.144043,0.119629,0.113525,0.113525,0.131836,0.101318
2017-04-21T22:30:00Z,299.53125,297.77344,297.07031,299.53125,303.39844,305.15625,310.78125,314.29688,316.75781,322.03125,315.0,321.67969,6.21094,5.03906,6.03516,6.5625,6.44531,6.79688,7.20703,7.61719,7.91016,8.02734,7.79297,7.96875,8.26172,0.163574,0.123291,0.145264,0.130615,0.137939,0.134277,0.125732,0.123291,0.119629,0.096436,0.125732
2017-04-21T22:40:00Z,306.5625,310.78125,311.83594,309.375,306.5625,313.59375,316.05469,318.86719,322.38281,319.92188,326.60156,328.35938,6.32813,5.15625,6.32813,6.62109,6.73828,7.32422,7.44141,7.67578,7.61719,7.85156,7.61719,7.73438,7.44141,0.142822,0.095215,0.10376,0.117188,0.151367,0.123291,0.144043,0.115967,0.134277,0.141602,0.095215
2017-04-21T22:50:00Z,356.13281,356.83594,1.05469,358.24219,1.05469,359.64844,357.53906,359.64844,1.05469,0.70313,358.94531,356.13281,7.5,5.33203,6.73828,6.73828,6.5625,6.79688,6.91406,6.73828,7.03125,7.26563,7.08984,6.91406,6.85547,0.150146,0.106201,0.148926,0.098877,0.117188,0.150146,0.145264,0.141602,0.124512,0.169678,0.153809
2017-04-21T23:00:00Z,11.60156,14.76563,16.17188,15.11719,13.00781,11.95313,13.71094,8.78906,10.19531,11.60156,9.49219,9.14063,8.08594,6.32813,7.26563,7.26563,7.32422,7.32422,7.38281,7.5,7.5,7.61719,7.5,7.38281,7.20703,0.163574,0.144043,0.134277,0.142822,0.134277,0.129395,0.131836,0.145264,0.128174,0.12085,0.092773
2017-04-21T23:10:00Z,10.54688,12.30469,14.41406,11.60156,13.00781,15.11719,11.95313,13.35938,8.78906,12.65625,9.84375,8.08594,8.78906,6.38672,7.03125,7.03125,7.26563,7.32422,7.14844,7.20703,7.26563,7.08984,7.20703,7.5,7.03125,0.146484,0.123291,0.12207,0.111084,0.141602,0.12085,0.141602,0.119629,0.12085,0.124512,0.137939
2017-04-21T23:20:00Z,15.11719,13.71094,18.28125,14.76563,13.00781,13.35938,13.71094,16.875,16.875,13.71094,15.82031,16.17188,8.84766,7.32422,8.61328,8.26172,8.49609,8.37891,8.49609,8.78906,8.67188,8.37891,8.4375,8.67188,8.37891,0.118408,0.155029,0.134277,0.133057,0.147705,0.118408,0.098877,0.13916,0.12085,0.114746,0.106201
2017-04-21T23:30:00Z,13.00781,10.19531,10.19531,10.19531,11.25,11.95313,15.46875,16.17188,19.6875,17.92969,18.63281,14.0625,10.19531,6.97266,7.96875,7.61719,7.91016,7.91016,7.96875,8.20313,8.08594,8.08594,8.26172,8.14453,8.02734,0.15625,0.175781,0.144043,0.142822,0.158691,0.137939,0.172119,0.148926,0.114746,0.142822,0.126953
2017-04-21T23:40:00Z,13.35938,13.71094,16.875,14.76563,13.00781,15.46875,11.95313,15.82031,13.35938,17.57813,14.41406,17.92969,10.78125,8.20313,9.14063,9.375,9.14063,9.19922,9.31641,9.31641,9.43359,9.49219,9.31641,9.43359,9.72656,0.180664,0.135498,0.137939,0.144043,0.158691,0.134277,0.12207,0.128174,0.150146,0.184326,0.141602
2017-04-21T23:50:00Z,11.60156,11.25,15.46875,15.82031,11.60156,14.76563,14.41406,13.71094,12.30469,11.60156,12.65625,14.0625,11.60156,9.25781,10.3125,10.42969,10.48828,10.42969,10.66406,10.66406,10.72266,10.25391,9.78516,9.78516,10.13672,0.159912,0.157471,0.102539,0.158691,0.164795,0.140381,0.142822,0.141602,0.155029,0.157471,0.136719