LOCATION: 
SYSTEM SERIAL: HKZA
TIMESTAMP (ISO-8601) UTC,WindDir004m deg,WindDir030m deg,WindDir040m deg,WindDir040m_ref deg,WindDir060m deg,WindDir080m deg,WindDir100m deg,WindDir120m deg,WindDir140m deg,WindDir160m deg,WindDir180m deg,WindDir200m deg,WindGust004m m/s,WindSpeed004m m/s,WindSpeed030mh m/s,WindSpeed040mh m/s,WindSpeed040m_refh m/s,WindSpeed060mh m/s,WindSpeed080mh m/s,WindSpeed100mh m/s,WindSpeed120mh m/s,WindSpeed140mh m/s,WindSpeed160mh m/s,WindSpeed180mh m/s,WindSpeed200mh m/s,TI 030m,TI 040m,TI 040m ref,TI 060m,TI 080m,TI 100m,TI 120m,TI 140m,TI 160m,TI 180m,TI 200m
2017-08-01T00:00:00Z,204.96094,204.96094,207.07031,207.77344,207.77344,208.47656,207.42188,204.25781,207.77344,207.07031,204.60938,206.71875,5.50781,4.6875,4.6875,4.92188,4.80469,5.03906,5.09766,5.15625,5.21484,5.09766,5.15625,5.33203,5.39063,0.125732,0.114746,0.12085,0.102539,0.076904,0.114746,0.118408,0.097656,0.101318,0.108643,0.107422
2017-08-01T00:10:00Z,206.36719,209.88281,210.9375,210.58594,210.23438,211.64063,210.9375,209.88281,210.58594,210.23438,210.23438,213.39844,5.44922,4.33594,5.15625,5.03906,4.98047,5.27344,5.15625,5.15625,5.03906,5.15625,5.09766,5.21484,5.09766,0.135498,0.113525,0.12085,0.128174,0.113525,0.140381,0.097656,0.093994,0.093994,0.130615,0.072021
2017-08-01T00:20:00Z,210.9375,212.34375,212.69531,211.64063,213.75,213.39844,213.75,211.64063,211.64063,213.04688,213.75,214.80469,6.15234,4.62891,4.86328,5.03906,5.03906,5.09766,5.09766,4.98047,5.09766,5.27344,5.56641,5.39063,5.33203,0.137939,0.095215,0.118408,0.107422,0.109863,0.123291,0.081787,0.10376,0.107422,0.08667,0.091553
2017-08-01T00:30:00Z,206.71875,206.71875,206.36719,206.71875,204.96094,204.96094,208.125,207.77344,207.42188,206.36719,207.77344,208.47656,5.27344,4.39453,4.92188,5.15625,5.03906,5.03906,5.27344,5.27344,5.09766,4.98047,5.21484,5.33203,5.27344,0.124512,0.093994,0.124512,0.092773,0.12207,0.078125,0.129395,0.119629,0.090332,0.106201,0.096436
2017-08-01T00:40:00Z,207.07031,211.28906,213.39844,211.99219,213.39844,212.69531,213.04688,211.28906,211.99219,212.69531,213.04688,209.53125,5.625,4.57031,5.39063,5.44922,5.27344,5.33203,5.21484,5.44922,5.50781,5.50781,5.44922,5.33203,5.21484,0.114746,0.098877,0.115967,0.119629,0.128174,0.119629,0.092773,0.111084,0.081787,0.085449,0.101318
2017-08-01T00:50:00Z,211.28906,215.15625,214.10156,216.5625,215.15625,214.80469,214.80469,215.15625,213.04688,214.80469,213.75,216.5625,5.68359,4.74609,5.15625,5.27344,5.21484,5.27344,5.44922,5.27344,5.39063,5.33203,5.56641,5.44922,5.625,0.115967,0.125732,0.141602,0.093994,0.133057,0.119629,0.075684,0.102539,0.091553,0.080566,0.113525
2017-08-01T01:00:00Z,212.69531,216.91406,217.96875,219.02344,218.67188,217.61719,218.32031,219.02344,219.02344,219.02344,220.42969,218.67188,5.50781,4.57031,5.50781,5.44922,5.33203,5.39063,5.625,5.50781,5.56641,5.50781,5.56641,5.39063,5.44922,0.085449,0.100098,0.118408,0.114746,0.092773,0.102539,0.108643,0.080566,0.092773,0.123291,0.126953
2017-08-01T01:10:00Z,219.02344,224.29688,227.46094,226.40625,227.10938,227.10938,228.16406,227.10938,226.75781,228.51563,225.70313,229.21875,5.625,4.80469,5.15625,5.39063,5.15625,5.33203,5.39063,5.33203,5.39063,5.33203,5.39063,5.56641,5.39063,0.135498,0.125732,0.136719,0.085449,0.108643,0.142822,0.130615,0.118408,0.123291,0.119629,0.114746
2017-08-01T01:20:00Z,222.53906,217.26563,220.07813,221.13281,218.67188,217.26563,218.67188,218.67188,219.02344,217.96875,216.5625,216.21094,5.56641,4.62891,5.39063,5.21484,5.33203,5.39063,5.50781,5.625,5.50781,5.44922,5.44922,5.56641,5.68359,0.144043,0.146484,0.146484,0.131836,0.112305,0.137939,0.130615,0.159912,0.113525,0.10498,0.106201
2017-08-01T01:30:00Z,212.34375,211.28906,211.99219,212.69531,211.99219,211.99219,211.99219,211.64063,213.04688,213.04688,214.10156,213.04688,6.09375,4.98047,6.03516,5.91797,5.97656,5.97656,6.03516,6.09375,6.26953,6.26953,6.38672,6.26953,6.26953,0.095215,0.115967,0.096436,0.117188,0.126953,0.115967,0.10376,0.117188,0.123291,0.083008,0.10498
2017-08-01T01:40:00Z,209.17969,212.69531,214.80469,215.15625,214.10156,213.75,210.58594,214.10156,212.34375,211.64063,214.10156,211.99219,6.32813,5.21484,6.26953,6.26953,6.26953,6.26953,6.26953,6.44531,6.44531,6.38672,6.50391,6.50391,6.44531,0.123291,0.087891,0.117188,0.128174,0.131836,0.067139,0.102539,0.101318,0.106201,0.128174,0.092773
2017-08-01T01:50:00Z,210.23438,215.50781,215.85938,214.80469,215.50781,213.04688,213.75,213.04688,213.75,212.69531,216.5625,213.04688,6.5625,5.15625,6.44531,6.32813,6.32813,6.32813,6.32813,6.50391,6.38672,6.62109,6.73828,6.44531,6.44531,0.136719,0.098877,0.12085,0.101318,0.098877,0.109863,0.107422,0.126953,0.118408,0.115967,0.109863
2017-08-01T02:00:00Z,211.99219,217.61719,215.85938,217.96875,219.72656,217.96875,218.67188,217.96875,216.5625,217.96875,217.61719,216.5625,6.5625,5.44922,6.85547,6.97266,6.85547,6.97266,6.79688,6.67969,6.67969,6.73828,6.79688,6.91406,6.79688,0.107422,0.146484,0.123291,0.10498,0.095215,0.147705,0.089111,0.106201,0.150146,0.137939,0.108643
2017-08-01T02:10:00Z,214.80469,218.32031,218.67188,220.07813,220.78125,219.375,220.07813,220.78125,222.89063,216.91406,222.53906,219.02344,7.14844,5.625,6.21094,6.50391,6.5625,6.62109,6.79688,6.73828,6.85547,6.44531,6.79688,6.85547,7.08984,0.12085,0.142822,0.100098,0.146484,0.108643,0.128174,0.140381,0.130615,0.107422,0.128174,0.113525
2017-08-01T02:20:00Z,213.75,213.04688,214.10156,214.80469,213.39844,215.85938,214.80469,217.26563,214.45313,215.85938,214.45313,215.15625,6.73828,5.33203,6.50391,6.5625,6.67969,6.62109,6.73828,6.67969,6.62109,6.79688,6.5625,6.73828,6.73828,0.131836,0.100098,0.090332,0.126953,0.117188,0.100098,0.108643,0.130615,0.119629,0.089111,0.107422
2017-08-01T02:30:00Z,211.28906,227.46094,226.75781,227.10938,229.21875,226.75781,225.35156,227.46094,227.10938,226.75781,226.75781,225.35156,6.91406,5.80078,6.32813,6.62109,6.44531,6.50391,6.67969,6.67969,6.79688,6.62109,6.62109,6.67969,6.62109,0.12207,0.106201,0.109863,0.108643,0.100098,0.10498,0.118408,0.112305,0.108643,0.08667,0.089111
2017-08-01T02:40:00Z,225.70313,230.625,232.03125,229.21875,229.57031,231.32813,229.92188,234.14063,227.10938,227.46094,226.75781,227.8125,6.73828,5.50781,6.44531,6.38672,6.44531,6.62109,6.5625,6.62109,6.26953,6.32813,6.44531,6.5625,6.38672,0.148926,0.124512,0.13916,0.095215,0.10498,0.118408,0.101318,0.108643,0.097656,0.113525,0.092773
2017-08-01T02:50:00Z,226.75781,232.38281,229.92188,229.92188,233.4375,231.67969,228.86719,229.92188,234.84375,231.67969,229.21875,230.27344,6.79688,5.68359,6.03516,6.15234,6.21094,6.03516,6.03516,6.09375,6.38672,6.32813,6.21094,6.15234,6.15234,0.146484,0.106201,0.153809,0.112305,0.114746,0.123291,0.118408,0.113525,0.140381,0.12207,0.134277
2017-08-01T03:00:00Z,226.75781,236.60156,238.00781,239.76563,238.71094,235.19531,236.25,233.4375,231.67969,233.78906,233.08594,230.97656,6.62109,5.33203,5.97656,6.03516,6.15234,6.03516,6.21094,6.09375,6.26953,6.32813,6.32813,6.32813,6.09375,0.117188,0.097656,0.093994,0.111084,0.119629,0.089111,0.107422,0.134277,0.112305,0.101318,0.085449
2017-08-01T03:10:00Z,234.49219,241.17188,239.0625,241.875,241.17188,238.35938,238.71094,240.82031,238.00781,235.54688,235.89844,235.89844,6.32813,5.15625,6.03516,5.97656,6.09375,5.85938,6.21094,6.09375,6.03516,5.97656,6.21094,6.50391,6.26953,0.133057,0.155029,0.097656,0.126953,0.100098,0.128174,0.115967,0.124512,0.10376,0.101318,0.093994
2017-08-01T03:20:00Z,233.08594,239.0625,236.60156,236.60156,236.60156,239.76563,236.95313,235.19531,236.60156,237.65625,239.0625,235.19531,6.50391,5.27344,5.68359,5.85938,5.85938,5.85938,5.85938,5.68359,5.97656,5.97656,6.09375,5.97656,5.97656,0.146484,0.106201,0.131836,0.167236,0.126953,0.133057,0.150146,0.10376,0.097656,0.181885,0.129395
2017-08-01T03:30:00Z,235.54688,243.28125,243.98438,242.92969,242.92969,241.52344,238.00781,240.11719,237.30469,238.35938,239.0625,235.54688,6.73828,4.98047,5.56641,5.56641,5.50781,5.44922,5.39063,5.39063,5.39063,5.625,5.68359,5.68359,6.03516,0.118408,0.167236,0.155029,0.152588,0.151367,0.128174,0.150146,0.167236,0.113525,0.257568,0.258789
2017-08-01T03:40:00Z,235.19531,238.35938,240.11719,238.71094,240.82031,240.11719,236.60156,238.00781,236.60156,233.08594,235.19531,234.49219,5.85938,4.74609,5.39063,5.39063,5.33203,5.56641,5.44922,5.56641,5.44922,5.39063,5.44922,5.44922,5.39063,0.179443,0.131836,0.106201,0.137939,0.10498,0.118408,0.137939,0.13916,0.163574,0.126953,0.113525
2017-08-01T03:50:00Z,235.19531,239.0625,238.00781,239.76563,237.30469,238.35938,236.95313,239.76563,238.00781,239.76563,238.35938,236.60156,6.09375,4.98047,5.44922,5.625,5.68359,5.56641,5.68359,5.74219,5.74219,5.68359,5.625,5.625,5.625,0.125732,0.135498,0.112305,0.123291,0.109863,0.100098,0.130615,0.111084,0.100098,0.10376,0.118408
2017-08-01T04:00:00Z,234.14063,242.92969,242.22656,241.52344,240.11719,242.57813,239.41406,238.71094,236.95313,238.35938,239.76563,237.65625,6.32813,5.09766,5.625,5.74219,5.80078,5.80078,5.91797,5.80078,5.68359,5.80078,5.91797,5.85938,5.97656,0.129395,0.118408,0.131836,0.128174,0.12085,0.112305,0.112305,0.144043,0.095215,0.118408,0.131836
2017-08-01T04:10:00Z,235.19531,234.14063,239.41406,238.00781,238.71094,237.65625,238.00781,237.30469,239.41406,238.35938,235.54688,238.00781,6.26953,5.03906,5.50781,5.50781,5.44922,5.625,5.56641,5.50781,5.625,5.56641,5.50781,5.56641,5.56641,0.129395,0.115967,0.123291,0.133057,0.114746,0.118408,0.108643,0.12207,0.112305,0.085449,0.102539
2017-08-01T04:20:00Z,233.78906,241.52344,239.0625,242.92969,243.28125,242.22656,241.52344,237.30469,241.875,240.11719,240.11719,240.11719,6.09375,4.80469,5.39063,5.74219,5.56641,5.50781,5.56641,5.39063,5.68359,5.68359,5.625,5.44922,5.50781,0.119629,0.125732,0.135498,0.108643,0.085449,0.108643,0.098877,0.087891,0.113525,0.098877,0.131836
2017-08-01T04:30:00Z,238.71094,241.875,243.98438,242.22656,243.28125,244.33594,245.03906,242.92969,244.6875,242.92969,240.82031,241.875,5.91797,4.80469,5.50781,5.625,5.50781,5.74219,5.625,5.68359,5.80078,5.74219,5.625,5.625,5.74219,0.119629,0.10498,0.10498,0.112305,0.128174,0.131836,0.101318,0.12207,0.141602,0.106201,0.108643
2017-08-01T04:40:00Z,236.95313,244.6875,242.92969,243.98438,243.63281,242.22656,241.875,242.22656,243.63281,242.92969,241.875,239.41406,6.44531,5.15625,5.56641,5.50781,5.68359,5.50781,5.625,5.625,5.74219,5.50781,5.56641,5.44922,5.625,0.128174,0.10498,0.150146,0.107422,0.129395,0.131836,0.124512,0.158691,0.126953,0.113525,0.096436
2017-08-01T04:50:00Z,238.00781,236.95313,237.30469,238.35938,237.65625,236.60156,237.30469,235.89844,238.35938,235.19531,240.11719,235.54688,5.91797,4.6875,5.03906,5.27344,5.09766,5.27344,5.15625,5.27344,5.33203,5.33203,5.33203,5.21484,5.21484,0.108643,0.109863,0.117188,0.12085,0.106201,0.148926,0.098877,0.114746,0.129395,0.134277,0.123291
2017-08-01T05:00:00Z,233.78906,254.53125,249.96094,250.3125,250.66406,249.25781,253.47656,249.25781,249.60938,248.55469,248.90625,247.5,5.74219,4.57031,5.09766,5.15625,5.27344,5.27344,5.33203,5.21484,5.39063,5.39063,5.39063,5.33203,5.44922,0.147705,0.118408,0.129395,0.123291,0.100098,0.130615,0.100098,0.129395,0.097656,0.125732,0.129395
2017-08-01T05:10:00Z,245.03906,240.11719,241.875,240.46875,240.11719,240.11719,240.82031,242.92969,240.82031,241.52344,238.71094,240.11719,5.68359,4.45313,5.625,5.50781,5.56641,5.56641,5.56641,5.625,5.68359,5.68359,5.39063,5.56641,5.56641,0.124512,0.150146,0.126953,0.129395,0.135498,0.155029,0.111084,0.106201,0.128174,0.129395,0.102539
2017-08-01T05:20:00Z,233.4375,239.41406,238.00781,239.76563,240.11719,239.41406,241.52344,240.11719,241.17188,238.35938,240.46875,234.14063,6.26953,5.09766,5.68359,5.80078,5.74219,5.80078,5.91797,5.80078,5.91797,5.68359,5.74219,5.56641,5.80078,0.123291,0.128174,0.10376,0.081787,0.131836,0.115967,0.10376,0.112305,0.109863,0.119629,0.162354
2017-08-01T05:30:00Z,238.00781,244.6875,243.98438,246.44531,241.875,244.33594,248.20313,242.92969,238.71094,238.71094,240.46875,239.76563,6.50391,5.15625,5.50781,5.44922,5.56641,5.74219,6.03516,5.97656,5.80078,5.68359,6.03516,6.21094,6.09375,0.113525,0.13916,0.119629,0.118408,0.085449,0.10376,0.144043,0.12085,0.113525,0.12085,0.109863
2017-08-01T05:40:00Z,237.65625,245.03906,243.28125,245.39063,242.57813,246.09375,243.98438,243.98438,242.22656,242.22656,242.57813,241.875,6.21094,5.09766,5.80078,5.85938,5.97656,6.21094,6.09375,6.09375,6.09375,5.97656,5.97656,6.15234,6.15234,0.168457,0.140381,0.123291,0.130615,0.10498,0.12085,0.150146,0.128174,0.115967,0.153809,0.119629
2017-08-01T05:50:00Z,241.875,246.79688,245.39063,247.5,243.63281,249.60938,248.20313,248.20313,247.85156,246.44531,245.39063,246.09375,6.67969,5.15625,6.03516,5.97656,6.15234,6.38672,6.26953,6.26953,6.15234,6.15234,6.15234,6.38672,6.32813,0.124512,0.141602,0.131836,0.135498,0.148926,0.125732,0.112305,0.12207,0.113525,0.091553,0.08667
2017-08-01T06:00:00Z,242.22656,246.79688,248.90625,242.92969,245.39063,246.44531,245.74219,246.44531,246.09375,244.6875,247.14844,243.98438,6.67969,5.09766,6.15234,6.32813,6.15234,6.21094,6.38672,6.44531,6.73828,6.62109,6.5625,6.21094,6.44531,0.13916,0.141602,0.157471,0.123291,0.142822,0.125732,0.10376,0.130615,0.12085,0.141602,0.119629
2017-08-01T06:10:00Z,242.92969,246.09375,248.20313,247.85156,244.6875,250.66406,243.98438,250.66406,246.79688,248.55469,246.09375,246.44531,7.44141,5.56641,6.38672,6.26953,6.21094,6.44531,6.5625,6.50391,6.44531,6.38672,6.32813,6.5625,6.50391,0.140381,0.12207,0.144043,0.137939,0.109863,0.10498,0.129395,0.125732,0.113525,0.114746,0.091553
2017-08-01T06:20:00Z,245.39063,247.5,247.14844,246.44531,246.79688,248.20313,249.96094,248.55469,248.20313,247.85156,252.77344,249.60938,6.85547,5.44922,6.09375,6.32813,6.15234,6.21094,6.38672,6.26953,6.32813,6.26953,6.50391,6.50391,6.32813,0.129395,0.125732,0.147705,0.130615,0.12085,0.126953,0.130615,0.12207,0.123291,0.106201,0.115967
2017-08-01T06:30:00Z,246.09375,251.71875,252.42188,248.90625,252.07031,255.23438,251.01563,251.36719,254.17969,251.36719,252.42188,251.71875,6.79688,5.50781,6.03516,6.15234,6.21094,5.97656,6.03516,5.80078,6.09375,5.97656,6.15234,5.85938,5.97656,0.13916,0.136719,0.158691,0.152588,0.152588,0.17334,0.148926,0.144043,0.126953,0.129395,0.117188
2017-08-01T06:40:00Z,249.60938,251.36719,250.3125,248.90625,252.42188,251.36719,248.90625,249.60938,252.42188,251.01563,249.60938,254.17969,6.5625,5.33203,6.03516,6.15234,6.03516,6.09375,5.91797,6.09375,6.09375,6.09375,6.03516,6.09375,6.03516,0.167236,0.150146,0.123291,0.140381,0.141602,0.175781,0.135498,0.117188,0.153809,0.126953,0.137939
2017-08-01T06:50:00Z,245.74219,240.82031,243.98438,242.57813,242.22656,242.22656,240.82031,245.03906,243.63281,243.98438,243.28125,243.63281,6.50391,5.15625,6.09375,5.74219,5.97656,5.91797,5.91797,6.15234,6.03516,5.97656,6.03516,5.97656,5.97656,0.163574,0.202637,0.172119,0.147705,0.161133,0.134277,0.148926,0.197754,0.130615,0.118408,0.17334
2017-08-01T07:00:00Z,238.71094,248.90625,246.09375,248.90625,248.55469,247.85156,249.25781,247.14844,247.85156,251.01563,250.3125,249.96094,6.73828,5.625,5.85938,5.91797,6.03516,5.97656,6.32813,6.15234,6.09375,6.03516,6.09375,6.03516,6.09375,0.159912,0.155029,0.125732,0.180664,0.166016,0.161133,0.130615,0.131836,0.117188,0.175781,0.136719
2017-08-01T07:10:00Z,252.77344,248.90625,251.01563,252.42188,251.01563,253.47656,252.42188,254.17969,253.125,255.23438,256.64063,255.58594,6.62109,5.27344,5.68359,5.56641,5.39063,5.85938,5.625,5.68359,5.85938,5.97656,5.97656,5.74219,5.68359,0.133057,0.112305,0.172119,0.153809,0.169678,0.134277,0.146484,0.131836,0.126953,0.133057,0.141602
2017-08-01T07:20:00Z,243.63281,252.77344,249.60938,249.96094,248.55469,248.90625,253.47656,251.36719,249.25781,253.82813,249.60938,253.47656,6.15234,4.92188,5.15625,5.39063,5.44922,5.50781,5.85938,5.625,5.50781,5.56641,5.50781,5.56641,5.56641,0.157471,0.151367,0.15625,0.140381,0.111084,0.144043,0.114746,0.167236,0.157471,0.168457,0.10498
2017-08-01T07:30:00Z,246.79688,251.01563,249.25781,249.60938,251.01563,248.55469,252.77344,250.3125,249.60938,252.77344,254.88281,255.23438,6.26953,4.98047,4.98047,5.21484,5.09766,5.21484,5.33203,5.33203,5.21484,5.27344,5.33203,5.27344,4.98047,0.112305,0.126953,0.141602,0.093994,0.145264,0.128174,0.130615,0.128174,0.15625,0.114746,0.106201
2017-08-01T07:40:00Z,247.14844,251.71875,252.07031,253.125,251.36719,252.42188,251.01563,253.47656,252.07031,253.82813,254.17969,254.17969,5.91797,4.92188,5.39063,5.15625,5.50781,5.33203,5.625,5.625,5.50781,5.44922,5.27344,5.27344,5.33203,0.111084,0.151367,0.130615,0.146484,0.119629,0.119629,0.118408,0.140381,0.093994,0.131836,0.164795
2017-08-01T07:50:00Z,251.36719,253.82813,255.9375,257.34375,255.9375,256.99219,258.39844,256.64063,257.69531,256.28906,258.39844,258.39844,6.15234,4.86328,4.92188,5.15625,4.86328,5.09766,5.09766,4.86328,5.09766,5.03906,4.92188,5.15625,5.03906,0.152588,0.125732,0.159912,0.106201,0.125732,0.133057,0.10376,0.125732,0.157471,0.119629,0.124512
2017-08-01T08:00:00Z,248.20313,254.53125,251.71875,249.25781,254.88281,254.88281,255.58594,254.53125,256.28906,255.9375,255.23438,256.28906,5.80078,4.57031,4.80469,4.86328,4.80469,4.92188,4.92188,4.6875,4.74609,4.80469,4.80469,4.74609,4.86328,0.140381,0.146484,0.157471,0.158691,0.164795,0.152588,0.111084,0.123291,0.147705,0.137939,0.087891
2017-08-01T08:10:00Z,247.5,251.36719,252.42188,253.125,252.42188,252.42188,250.3125,251.71875,251.71875,251.71875,252.42188,254.53125,5.27344,4.27734,4.62891,4.74609,4.74609,4.62891,4.86328,4.80469,4.74609,4.86328,4.57031,4.6875,4.6875,0.161133,0.125732,0.169678,0.151367,0.158691,0.137939,0.170898,0.164795,0.129395,0.155029,0.142822
2017-08-01T08:20:00Z,247.14844,249.60938,249.60938,249.96094,249.60938,247.14844,249.96094,252.07031,251.01563,250.66406,251.71875,256.28906,5.27344,4.33594,4.39453,4.57031,4.39453,4.51172,4.6875,4.51172,4.62891,4.39453,4.51172,4.57031,4.62891,0.194092,0.142822,0.140381,0.175781,0.114746,0.164795,0.153809,0.212402,0.170898,0.147705,0.150146
2017-08-01T08:30:00Z,246.44531,246.79688,245.74219,246.09375,245.03906,246.79688,246.79688,249.96094,249.96094,250.3125,251.71875,251.36719,5.27344,3.92578,4.04297,4.04297,4.10156,4.04297,4.10156,4.16016,4.21875,4.10156,4.16016,4.10156,4.16016,0.144043,0.15625,0.148926,0.144043,0.12207,0.164795,0.203857,0.203857,0.174561,0.162354,0.185547
2017-08-01T08:40:00Z,242.92969,246.44531,246.09375,245.74219,243.28125,244.33594,246.09375,245.74219,245.74219,245.74219,247.14844,247.5,4.74609,3.69141,3.75,3.75,3.80859,3.80859,4.10156,3.98438,3.98438,3.80859,3.86719,3.80859,3.86719,0.150146,0.19043,0.164795,0.157471,0.181885,0.172119,0.177002,0.184326,0.168457,0.126953,0.163574
2017-08-01T08:50:00Z,241.17188,240.46875,242.22656,244.33594,242.22656,243.98438,245.39063,245.74219,245.74219,247.5,249.96094,249.25781,5.21484,3.51563,3.63281,3.57422,3.63281,3.69141,3.63281,3.57422,3.63281,3.63281,3.63281,3.63281,3.57422,0.205078,0.217285,0.196533,0.178223,0.180664,0.185547,0.189209,0.203857,0.195313,0.15625,0.157471
2017-08-01T09:00:00Z,235.54688,239.76563,241.17188,240.11719,241.17188,242.57813,241.875,244.6875,242.22656,245.39063,243.63281,244.6875,4.6875,3.57422,3.75,3.86719,3.75,3.80859,3.75,4.04297,3.75,3.92578,3.69141,3.75,3.57422,0.168457,0.148926,0.141602,0.134277,0.19165,0.140381,0.144043,0.194092,0.194092,0.146484,0.178223
2017-08-01T09:10:00Z,234.49219,239.76563,238.35938,240.46875,240.82031,238.00781,240.11719,240.82031,243.63281,239.41406,242.92969,241.17188,4.74609,3.63281,3.69141,3.63281,3.75,3.69141,3.57422,3.69141,3.75,3.69141,3.51563,3.63281,3.39844,0.100098,0.148926,0.12207,0.180664,0.163574,0.168457,0.175781,0.148926,0.167236,0.152588,0.162354
2017-08-01T09:20:00Z,235.19531,241.52344,243.28125,243.28125,243.28125,242.22656,243.63281,242.92969,245.03906,244.6875,246.09375,246.79688,4.92188,3.33984,3.45703,3.39844,3.51563,3.63281,3.57422,3.45703,3.51563,3.39844,3.33984,3.45703,3.39844,0.137939,0.124512,0.109863,0.128174,0.170898,0.13916,0.155029,0.184326,0.123291,0.158691,0.163574
2017-08-01T09:30:00Z,238.00781,237.30469,237.30469,239.41406,237.30469,238.71094,240.11719,237.30469,239.0625,243.98438,242.22656,242.22656,4.33594,3.28125,3.63281,3.86719,3.57422,3.63281,3.86719,3.63281,3.57422,3.69141,3.69141,3.45703,3.39844,0.155029,0.222168,0.179443,0.17334,0.163574,0.178223,0.162354,0.155029,0.152588,0.179443,0.170898
2017-08-01T09:40:00Z,233.08594,237.30469,232.03125,238.71094,237.30469,235.89844,236.25,236.95313,237.30469,236.60156,238.00781,239.76563,4.6875,3.51563,3.45703,3.75,3.69141,3.86719,3.69141,3.80859,3.63281,3.80859,3.63281,3.92578,3.63281,0.174561,0.281982,0.187988,0.153809,0.196533,0.123291,0.180664,0.152588,0.17334,0.148926,0.163574
2017-08-01T09:50:00Z,234.14063,234.49219,237.65625,234.49219,235.19531,234.84375,233.08594,232.38281,230.97656,234.84375,231.67969,235.54688,4.51172,3.45703,3.98438,3.92578,3.80859,3.86719,3.75,3.92578,3.69141,3.98438,3.86719,3.80859,3.57422,0.194092,0.128174,0.129395,0.187988,0.187988,0.228271,0.152588,0.20752,0.15625,0.222168,0.222168
2017-08-01T10:00:00Z,229.57031,231.32813,230.97656,230.97656,230.97656,230.27344,230.27344,230.625,230.97656,229.92188,229.57031,230.625,4.92188,3.75,4.21875,4.21875,4.33594,4.27734,4.33594,4.21875,4.45313,4.21875,4.27734,4.33594,4.21875,0.13916,0.134277,0.142822,0.186768,0.114746,0.146484,0.144043,0.134277,0.114746,0.140381,0.142822
2017-08-01T10:10:00Z,226.75781,232.38281,229.21875,230.625,229.57031,231.32813,228.16406,229.21875,229.21875,232.73438,230.97656,230.97656,5.09766,4.04297,4.21875,4.45313,4.39453,4.21875,4.33594,4.45313,4.45313,4.45313,4.39453,4.39453,4.39453,0.128174,0.118408,0.126953,0.137939,0.144043,0.10498,0.102539,0.119629,0.130615,0.108643,0.112305
2017-08-01T10:20:00Z,226.75781,225.70313,225.70313,225.70313,225.70313,226.05469,225.35156,226.05469,225.70313,227.10938,228.16406,226.75781,5.33203,4.21875,4.86328,4.98047,5.03906,5.09766,4.98047,4.86328,4.92188,4.98047,5.03906,4.98047,4.92188,0.102539,0.112305,0.126953,0.113525,0.134277,0.118408,0.123291,0.111084,0.101318,0.123291,0.111084
2017-08-01T10:30:00Z,224.64844,226.40625,226.05469,229.57031,227.10938,228.51563,227.8125,225.70313,226.75781,228.86719,229.21875,228.16406,5.91797,4.86328,5.85938,5.91797,5.85938,5.97656,5.85938,5.80078,5.80078,5.91797,5.85938,5.91797,5.74219,0.125732,0.090332,0.111084,0.091553,0.10498,0.111084,0.093994,0.115967,0.068359,0.100098,0.10498
2017-08-01T10:40:00Z,225.0,224.64844,226.75781,226.40625,227.46094,228.16406,227.8125,227.46094,227.46094,226.05469,227.8125,227.8125,6.67969,5.50781,5.91797,6.03516,5.97656,5.97656,5.97656,5.80078,5.91797,5.97656,6.03516,5.97656,6.03516,0.098877,0.08667,0.106201,0.089111,0.091553,0.079346,0.113525,0.081787,0.091553,0.119629,0.079346
2017-08-01T10:50:00Z,222.1875,225.0,224.29688,226.75781,227.46094,225.35156,225.35156,226.40625,225.35156,226.40625,225.70313,226.05469,6.32813,5.33203,6.03516,6.26953,6.15234,6.32813,6.26953,6.15234,6.26953,6.44531,6.26953,6.21094,6.21094,0.075684,0.087891,0.097656,0.080566,0.095215,0.112305,0.100098,0.107422,0.096436,0.093994,0.111084
2017-08-01T11:00:00Z,225.0,230.27344,232.38281,230.625,231.32813,231.67969,230.97656,228.51563,232.03125,230.625,230.27344,231.32813,6.73828,5.68359,6.26953,6.26953,6.26953,6.38672,6.26953,6.38672,6.38672,6.67969,6.50391,6.50391,6.26953,0.101318,0.10498,0.089111,0.111084,0.10498,0.10498,0.100098,0.081787,0.091553,0.100098,0.109863
2017-08-01T11:10:00Z,229.92188,233.08594,232.73438,232.73438,233.08594,233.78906,233.4375,232.03125,233.78906,231.67969,230.97656,231.67969,6.5625,5.56641,5.97656,5.97656,6.03516,5.97656,5.97656,6.03516,6.03516,6.03516,6.03516,6.09375,6.15234,0.109863,0.128174,0.093994,0.108643,0.131836,0.090332,0.093994,0.109863,0.115967,0.107422,0.093994
2017-08-01T11:20:00Z,232.03125,236.25,235.19531,236.95313,235.54688,236.60156,237.30469,234.84375,236.25,234.14063,235.54688,236.25,6.79688,5.27344,5.625,5.56641,5.56641,5.80078,5.68359,5.625,5.74219,5.68359,5.74219,5.85938,5.68359,0.113525,0.119629,0.142822,0.115967,0.092773,0.101318,0.108643,0.089111,0.095215,0.092773,0.098877
2017-08-01T11:30:00Z,235.89844,238.35938,239.0625,240.11719,236.60156,237.30469,238.71094,238.71094,240.82031,236.95313,238.00781,238.35938,5.97656,5.03906,5.21484,5.39063,5.33203,5.50781,5.56641,5.68359,5.625,5.50781,5.44922,5.625,5.625,0.10498,0.119629,0.117188,0.113525,0.125732,0.113525,0.096436,0.113525,0.072021,0.080566,0.081787
2017-08-01T11:40:00Z,237.30469,236.60156,239.0625,238.71094,238.00781,237.30469,235.89844,235.89844,233.08594,236.95313,236.25,234.84375,5.97656,4.98047,5.50781,5.50781,5.39063,5.44922,5.625,5.56641,5.39063,5.625,5.625,5.50781,5.44922,0.108643,0.097656,0.114746,0.146484,0.107422,0.10498,0.158691,0.108643,0.111084,0.118408,0.100098
2017-08-01T11:50:00Z,234.49219,239.41406,239.41406,236.95313,238.35938,237.30469,238.71094,240.11719,236.60156,237.30469,239.0625,234.84375,5.80078,5.09766,5.44922,5.74219,5.68359,5.625,5.74219,5.68359,5.85938,5.74219,5.80078,5.80078,5.74219,0.183105,0.217285,0.15625,0.142822,0.148926,0.145264,0.224609,0.159912,0.155029,0.169678,0.184326
2017-08-01T12:00:00Z,235.19531,238.71094,237.30469,235.89844,240.46875,235.19531,237.30469,238.71094,240.11719,238.35938,236.25,235.54688,6.26953,5.21484,5.91797,6.03516,5.85938,5.80078,5.91797,6.15234,5.91797,6.21094,5.80078,5.97656,5.80078,0.12085,0.126953,0.070801,0.12207,0.123291,0.109863,0.126953,0.123291,0.129395,0.164795,0.140381
2017-08-01T12:10:00Z,234.14063,236.95313,238.71094,236.60156,234.49219,237.30469,236.95313,236.95313,235.54688,239.41406,234.49219,236.60156,6.44531,5.21484,5.80078,5.50781,5.74219,5.56641,5.56641,5.56641,5.56641,5.56641,5.44922,5.56641,5.56641,0.092773,0.108643,0.10498,0.112305,0.157471,0.090332,0.108643,0.08667,0.129395,0.136719,0.091553
2017-08-01T12:20:00Z,234.14063,239.0625,240.11719,242.22656,240.82031,240.11719,239.0625,242.22656,241.52344,240.82031,237.30469,239.0625,5.97656,5.09766,5.44922,5.33203,5.39063,5.44922,5.39063,5.50781,5.44922,5.625,5.33203,5.44922,5.39063,0.123291,0.124512,0.091553,0.112305,0.147705,0.100098,0.101318,0.130615,0.106201,0.108643,0.10376
2017-08-01T12:30:00Z,238.71094,239.0625,238.00781,239.41406,237.65625,238.71094,235.54688,239.41406,239.41406,236.95313,236.25,235.89844,5.68359,4.6875,4.62891,4.80469,4.92188,4.86328,4.74609,4.80469,4.98047,4.80469,4.74609,4.74609,4.86328,0.096436,0.096436,0.151367,0.140381,0.141602,0.126953,0.134277,0.130615,0.135498,0.142822,0.151367
2017-08-01T12:40:00Z,233.78906,234.84375,232.73438,234.49219,233.78906,235.19531,235.54688,235.54688,230.625,228.86719,227.46094,230.27344,5.15625,4.27734,4.57031,4.62891,4.57031,4.98047,4.92188,4.80469,4.6875,4.62891,4.74609,4.86328,4.86328,0.158691,0.135498,0.161133,0.125732,0.115967,0.119629,0.118408,0.129395,0.13916,0.130615,0.115967
2017-08-01T12:50:00Z,227.8125,229.21875,230.625,228.86719,230.97656,230.625,230.27344,228.51563,227.10938,228.51563,228.51563,229.21875,5.27344,4.27734,4.57031,4.57031,4.51172,4.6875,4.51172,4.62891,4.33594,4.74609,4.57031,4.80469,4.57031,0.111084,0.113525,0.157471,0.169678,0.158691,0.126953,0.179443,0.113525,0.10498,0.135498,0.167236
2017-08-01T13:00:00Z,228.86719,220.78125,221.48438,221.83594,222.1875,222.1875,224.64844,223.59375,220.78125,222.1875,220.07813,221.83594,5.09766,4.21875,4.6875,4.74609,4.74609,4.86328,4.92188,4.86328,4.74609,4.80469,4.92188,4.86328,4.92188,0.175781,0.111084,0.161133,0.142822,0.107422,0.096436,0.151367,0.12207,0.135498,0.10498,0.117188
2017-08-01T13:10:00Z,213.04688,216.21094,219.72656,216.91406,216.91406,216.21094,217.26563,216.91406,215.85938,213.04688,214.45313,215.50781,5.625,4.45313,4.80469,4.86328,4.74609,4.92188,4.98047,4.98047,4.86328,4.98047,4.92188,5.03906,4.98047,0.148926,0.134277,0.168457,0.144043,0.117188,0.130615,0.146484,0.115967,0.125732,0.144043,0.12207
2017-08-01T13:20:00Z,217.61719,228.51563,229.21875,228.86719,228.86719,227.46094,227.10938,226.40625,225.35156,227.8125,225.70313,225.35156,5.33203,4.21875,4.80469,4.80469,4.86328,4.92188,4.80469,4.92188,4.86328,4.92188,4.86328,4.80469,4.80469,0.124512,0.129395,0.114746,0.144043,0.150146,0.147705,0.10376,0.162354,0.100098,0.107422,0.12085
2017-08-01T13:30:00Z,223.94531,222.1875,220.42969,220.42969,220.42969,218.32031,221.48438,220.78125,221.83594,219.72656,222.89063,222.1875,5.44922,4.33594,4.62891,4.57031,4.6875,4.57031,4.62891,4.80469,4.6875,4.6875,4.74609,4.80469,4.6875,0.13916,0.153809,0.114746,0.107422,0.12207,0.125732,0.091553,0.117188,0.140381,0.100098,0.123291
2017-08-01T13:40:00Z,218.32031,222.89063,225.0,221.48438,223.59375,225.0,222.53906,220.42969,221.13281,225.0,223.24219,222.89063,5.27344,4.39453,5.39063,5.39063,5.09766,5.21484,5.21484,5.03906,5.09766,5.33203,5.33203,5.09766,4.98047,0.107422,0.146484,0.145264,0.130615,0.141602,0.162354,0.124512,0.114746,0.148926,0.136719,0.112305
2017-08-01T13:50:00Z,217.61719,213.39844,215.15625,210.23438,212.69531,211.99219,210.58594,214.45313,213.04688,214.10156,213.04688,211.99219,6.09375,4.86328,5.44922,5.27344,5.50781,5.27344,5.27344,5.44922,5.39063,5.33203,5.27344,5.27344,5.39063,0.12207,0.117188,0.101318,0.125732,0.140381,0.142822,0.096436,0.10376,0.10498,0.109863,0.083008
2017-08-01T14:00:00Z,210.9375,216.91406,215.50781,214.80469,215.15625,217.61719,216.5625,219.02344,216.91406,217.96875,217.61719,218.67188,5.85938,4.74609,5.15625,5.15625,5.03906,5.44922,5.33203,5.39063,5.33203,5.39063,5.33203,5.50781,5.21484,0.13916,0.118408,0.10376,0.118408,0.10498,0.130615,0.145264,0.109863,0.109863,0.129395,0.081787
2017-08-01T14:10:00Z,215.50781,224.29688,226.05469,225.0,224.29688,226.40625,223.24219,224.29688,225.35156,223.24219,222.53906,223.94531,5.50781,4.51172,5.33203,5.27344,5.27344,5.33203,5.27344,5.44922,5.39063,5.44922,5.33203,5.39063,5.39063,0.128174,0.106201,0.095215,0.152588,0.111084,0.101318,0.142822,0.125732,0.106201,0.128174,0.12085
2017-08-01T14:20:00Z,222.53906,220.78125,225.35156,220.78125,221.48438,225.70313,226.05469,225.70313,223.59375,224.29688,225.35156,223.59375,5.80078,4.57031,5.44922,5.44922,5.21484,5.44922,5.44922,5.39063,5.21484,5.39063,5.56641,5.625,5.50781,0.118408,0.141602,0.125732,0.141602,0.117188,0.095215,0.137939,0.089111,0.100098,0.106201,0.095215
2017-08-01T14:30:00Z,218.32031,223.59375,224.29688,223.94531,225.70313,223.24219,224.29688,221.13281,222.53906,221.48438,225.35156,223.94531,6.03516,4.80469,5.39063,5.50781,5.33203,5.33203,5.33203,5.21484,5.39063,5.39063,5.56641,5.50781,5.21484,0.108643,0.111084,0.108643,0.144043,0.078125,0.145264,0.098877,0.091553,0.113525,0.125732,0.091553
2017-08-01T14:40:00Z,222.1875,223.59375,224.64844,226.40625,225.35156,223.59375,223.24219,223.94531,224.29688,222.89063,220.78125,221.48438,6.09375,4.74609,5.44922,5.39063,5.50781,5.50781,5.50781,5.44922,5.50781,5.50781,5.56641,5.68359,5.68359,0.13916,0.153809,0.126953,0.144043,0.112305,0.211182,0.152588,0.146484,0.106201,0.161133,0.123291
2017-08-01T14:50:00Z,219.375,226.05469,227.46094,226.40625,226.75781,227.10938,226.40625,224.29688,226.40625,226.75781,223.94531,226.40625,6.26953,5.09766,5.68359,5.80078,5.68359,5.68359,5.85938,5.68359,5.625,5.80078,5.68359,5.68359,5.68359,0.10376,0.115967,0.098877,0.141602,0.090332,0.095215,0.112305,0.081787,0.118408,0.090332,0.098877
2017-08-01T15:00:00Z,220.42969,219.02344,218.67188,220.07813,219.375,220.42969,222.89063,220.78125,222.89063,221.83594,222.89063,220.42969,6.50391,5.09766,5.74219,5.97656,6.03516,5.85938,5.91797,5.85938,5.91797,5.85938,5.91797,5.85938,5.85938,0.140381,0.12085,0.112305,0.113525,0.125732,0.134277,0.12207,0.108643,0.08667,0.124512,0.093994
2017-08-01T15:10:00Z,215.15625,221.48438,221.83594,221.48438,222.89063,219.72656,220.07813,222.1875,222.53906,221.13281,221.13281,221.83594,6.73828,5.44922,6.21094,6.03516,6.21094,6.26953,6.21094,6.32813,6.44531,6.26953,6.15234,6.26953,6.50391,0.123291,0.111084,0.084229,0.12207,0.137939,0.115967,0.107422,0.124512,0.112305,0.109863,0.131836
2017-08-01T15:20:00Z,219.72656,221.83594,223.59375,220.78125,225.0,223.59375,223.94531,223.94531,222.89063,222.53906,224.29688,224.29688,7.20703,5.74219,6.91406,7.03125,6.85547,6.73828,6.79688,6.67969,7.03125,6.85547,7.03125,6.85547,6.85547,0.112305,0.111084,0.135498,0.070801,0.108643,0.134277,0.083008,0.087891,0.095215,0.090332,0.095215
2017-08-01T15:30:00Z,220.42969,224.64844,221.48438,222.1875,224.29688,222.53906,223.24219,222.1875,223.94531,223.94531,222.1875,221.83594,7.55859,6.03516,6.5625,6.44531,6.5625,6.73828,6.62109,6.91406,6.73828,6.79688,6.73828,6.97266,6.85547,0.079346,0.12085,0.155029,0.093994,0.080566,0.10498,0.124512,0.095215,0.114746,0.091553,0.111084
2017-08-01T15:40:00Z,218.32031,222.53906,223.24219,220.78125,220.78125,221.13281,220.07813,223.94531,221.13281,221.48438,218.32031,220.42969,7.08984,5.80078,6.91406,6.97266,6.91406,7.03125,7.08984,7.44141,7.38281,7.26563,7.20703,7.44141,7.38281,0.12207,0.133057,0.144043,0.111084,0.135498,0.093994,0.10376,0.108643,0.118408,0.10376,0.12085
2017-08-01T15:50:00Z,220.07813,223.59375,222.89063,223.24219,222.89063,222.89063,219.375,220.78125,219.375,217.96875,218.67188,220.07813,7.85156,6.50391,6.85547,6.97266,6.97266,7.08984,7.08984,7.08984,7.08984,7.32422,7.26563,7.32422,7.14844,0.119629,0.125732,0.12207,0.126953,0.107422,0.124512,0.128174,0.087891,0.114746,0.101318,0.092773
2017-08-01T16:00:00Z,221.13281,219.375,222.1875,218.32031,219.375,221.13281,220.42969,220.78125,221.13281,220.07813,219.02344,219.375,7.79297,6.21094,7.26563,7.26563,7.03125,7.26563,7.08984,7.20703,7.08984,7.08984,6.91406,6.97266,7.03125,0.075684,0.081787,0.097656,0.076904,0.100098,0.098877,0.08667,0.078125,0.133057,0.083008,0.12207
2017-08-01T16:10:00Z,216.91406,221.83594,224.64844,220.78125,222.1875,221.48438,221.83594,220.07813,216.91406,216.21094,219.72656,220.78125,7.08984,6.03516,6.97266,6.50391,6.79688,6.67969,6.67969,6.50391,6.5625,6.85547,6.91406,6.91406,7.08984,0.170898,0.205078,0.158691,0.12085,0.145264,0.153809,0.133057,0.162354,0.167236,0.187988,0.159912
2017-08-01T16:20:00Z,218.32031,217.26563,216.91406,217.96875,215.50781,218.67188,216.21094,217.26563,215.85938,216.91406,214.45313,214.45313,6.79688,5.68359,6.50391,6.85547,6.62109,6.44531,6.44531,6.62109,6.38672,6.73828,6.44531,6.44531,6.73828,0.119629,0.168457,0.130615,0.150146,0.135498,0.162354,0.185547,0.115967,0.093994,0.134277,0.178223
2017-08-01T16:30:00Z,215.15625,212.69531,213.75,215.15625,214.10156,208.125,211.28906,212.34375,211.64063,212.69531,214.80469,214.80469,6.73828,5.68359,5.97656,6.21094,6.15234,6.09375,6.5625,6.5625,6.50391,6.32813,6.44531,6.79688,6.5625,0.114746,0.118408,0.084229,0.117188,0.196533,0.076904,0.092773,0.100098,0.058594,0.183105,0.096436
2017-08-01T16:40:00Z,209.53125,211.99219,211.99219,213.39844,212.34375,215.15625,213.04688,212.34375,213.75,214.80469,216.5625,215.85938,6.85547,5.50781,6.32813,6.38672,6.26953,6.5625,6.38672,6.38672,6.38672,6.50391,6.44531,6.5625,6.50391,0.117188,0.089111,0.089111,0.114746,0.063477,0.096436,0.081787,0.089111,0.128174,0.091553,0.08667
2017-08-01T16:50:00Z,214.80469,217.61719,215.15625,216.91406,214.45313,216.5625,217.96875,216.5625,217.96875,217.26563,216.5625,217.61719,6.62109,5.56641,6.21094,6.26953,6.32813,6.50391,6.5625,6.50391,6.5625,6.50391,6.5625,6.67969,6.91406,0.114746,0.126953,0.111084,0.100098,0.089111,0.10376,0.113525,0.084229,0.079346,0.111084,0.102539
2017-08-01T17:00:00Z,213.04688,217.26563,213.75,216.5625,215.50781,215.50781,217.26563,217.61719,218.32031,219.375,217.96875,217.61719,7.14844,5.68359,6.5625,6.50391,6.5625,6.97266,6.85547,7.14844,6.97266,7.03125,6.91406,6.91406,7.03125,0.13916,0.112305,0.12207,0.10376,0.098877,0.113525,0.124512,0.074463,0.091553,0.109863,0.096436
2017-08-01T17:10:00Z,214.10156,212.69531,213.39844,215.15625,215.15625,213.04688,215.15625,214.80469,216.5625,214.45313,217.26563,214.80469,6.85547,5.80078,7.03125,7.03125,6.97266,7.03125,7.03125,7.08984,7.08984,6.91406,6.97266,6.97266,7.20703,0.108643,0.115967,0.150146,0.12207,0.106201,0.10376,0.076904,0.076904,0.10376,0.106201,0.095215
2017-08-01T17:20:00Z,211.99219,217.96875,218.32031,218.32031,217.96875,217.96875,219.375,220.78125,222.53906,220.78125,221.13281,223.24219,7.38281,5.97656,6.79688,6.97266,6.91406,6.97266,7.08984,7.20703,7.03125,7.08984,6.97266,7.26563,7.03125,0.136719,0.101318,0.12085,0.146484,0.12085,0.135498,0.093994,0.074463,0.093994,0.114746,0.113525
2017-08-01T17:30:00Z,217.26563,216.5625,214.80469,213.75,218.32031,217.96875,217.96875,220.42969,221.48438,221.83594,224.29688,224.29688,7.73438,6.21094,7.38281,7.5,7.44141,7.38281,7.5,7.5,7.5,7.44141,7.61719,7.73438,7.79297,0.146484,0.115967,0.119629,0.155029,0.131836,0.08667,0.112305,0.115967,0.096436,0.123291,0.089111
2017-08-01T17:40:00Z,213.39844,218.67188,221.13281,220.07813,219.72656,216.91406,221.83594,224.29688,226.05469,225.70313,228.16406,229.92188,7.91016,6.44531,6.73828,6.73828,6.91406,6.67969,6.91406,7.20703,7.32422,7.38281,7.38281,7.91016,8.26172,0.142822,0.101318,0.129395,0.137939,0.101318,0.106201,0.118408,0.092773,0.10376,0.12207,0.108643
2017-08-01T17:50:00Z,216.5625,219.375,217.26563,217.61719,220.78125,222.1875,220.07813,223.24219,224.29688,224.29688,224.29688,228.51563,7.03125,5.91797,6.50391,6.85547,6.5625,7.03125,6.91406,7.03125,7.14844,7.38281,7.67578,7.91016,8.20313,0.112305,0.125732,0.128174,0.084229,0.113525,0.111084,0.112305,0.117188,0.114746,0.108643,0.106201
2017-08-01T18:00:00Z,216.21094,217.61719,217.26563,218.32031,218.67188,219.375,221.48438,222.1875,223.59375,225.70313,230.97656,235.19531,6.97266,5.625,6.44531,6.5625,6.44531,6.5625,6.62109,6.85547,6.97266,7.32422,7.61719,8.32031,8.61328,0.098877,0.131836,0.101318,0.102539,0.129395,0.119629,0.119629,0.114746,0.101318,0.134277,0.134277
2017-08-01T18:10:00Z,214.10156,219.02344,219.72656,217.61719,220.42969,221.13281,222.89063,224.29688,227.46094,229.92188,233.78906,236.25,6.79688,5.56641,6.50391,6.73828,6.62109,6.67969,6.73828,6.91406,7.14844,7.5,7.55859,8.49609,8.96484,0.108643,0.100098,0.12085,0.119629,0.133057,0.084229,0.108643,0.101318,0.095215,0.144043,0.12085
2017-08-01T18:20:00Z,215.15625,223.24219,225.70313,225.35156,226.05469,225.35156,229.21875,230.27344,233.78906,237.65625,239.0625,238.71094,6.85547,5.625,6.32813,6.38672,6.50391,6.44531,6.67969,7.26563,7.67578,8.37891,8.84766,9.02344,9.31641,0.115967,0.108643,0.096436,0.129395,0.097656,0.098877,0.119629,0.133057,0.113525,0.090332,0.064697
2017-08-01T18:30:00Z,220.42969,222.89063,224.29688,227.46094,226.05469,228.16406,230.625,232.73438,235.54688,240.46875,238.00781,236.95313,6.32813,5.15625,5.44922,5.68359,5.91797,6.15234,6.44531,7.32422,8.08594,8.84766,8.90625,8.90625,9.375,0.136719,0.125732,0.146484,0.131836,0.126953,0.118408,0.12207,0.102539,0.113525,0.117188,0.115967
2017-08-01T18:40:00Z,219.02344,221.48438,220.07813,220.42969,224.64844,226.40625,227.8125,233.4375,233.4375,237.30469,237.65625,238.35938,6.21094,4.80469,5.56641,5.68359,5.85938,6.15234,6.67969,7.38281,8.02734,8.67188,9.02344,8.84766,9.02344,0.113525,0.144043,0.097656,0.109863,0.10376,0.136719,0.155029,0.089111,0.089111,0.08667,0.072021
2017-08-01T18:50:00Z,213.04688,217.26563,222.1875,221.83594,221.83594,222.1875,227.46094,225.70313,226.75781,232.03125,232.38281,234.14063,5.85938,4.6875,5.625,5.74219,5.74219,5.91797,6.32813,6.62109,6.91406,7.32422,7.44141,7.96875,8.26172,0.169678,0.15625,0.134277,0.125732,0.123291,0.123291,0.13916,0.112305,0.10498,0.113525,0.112305
2017-08-01T19:00:00Z,218.32031,223.59375,220.78125,223.24219,223.24219,223.94531,223.24219,225.35156,224.29688,227.10938,227.46094,228.51563,6.85547,5.15625,6.21094,6.38672,6.50391,6.50391,6.50391,6.67969,6.79688,7.08984,7.5,7.61719,8.02734,0.153809,0.123291,0.136719,0.12207,0.08667,0.090332,0.124512,0.118408,0.126953,0.109863,0.107422
2017-08-01T19:10:00Z,220.78125,225.0,223.94531,225.0,223.24219,225.70313,227.46094,227.46094,228.16406,229.92188,229.92188,233.08594,7.38281,5.68359,6.79688,6.85547,7.08984,7.03125,7.5,7.67578,7.73438,7.96875,8.32031,8.4375,8.67188,0.153809,0.129395,0.179443,0.135498,0.151367,0.106201,0.150146,0.101318,0.114746,0.092773,0.144043
2017-08-01T19:20:00Z,216.91406,215.15625,215.85938,216.91406,216.21094,215.50781,217.96875,219.02344,221.13281,220.42969,223.94531,221.83594,7.5,6.03516,6.32813,6.67969,6.73828,6.67969,7.03125,6.91406,7.26563,7.38281,7.61719,7.73438,8.08594,0.111084,0.111084,0.128174,0.136719,0.133057,0.150146,0.111084,0.095215,0.125732,0.141602,0.119629
2017-08-01T19:30:00Z,211.28906,212.69531,210.58594,211.28906,213.39844,214.80469,213.75,218.32031,217.61719,217.26563,218.32031,220.78125,6.97266,5.625,6.26953,6.38672,6.09375,6.67969,6.50391,6.79688,6.73828,6.73828,7.03125,7.44141,7.5,0.115967,0.115967,0.125732,0.125732,0.107422,0.108643,0.111084,0.126953,0.125732,0.113525,0.101318
2017-08-01T19:40:00Z,210.23438,211.28906,213.39844,213.04688,214.45313,212.34375,218.32031,217.26563,218.32031,217.61719,219.02344,220.07813,6.62109,5.56641,6.15234,6.15234,6.21094,6.50391,6.50391,6.73828,6.62109,6.67969,6.85547,7.08984,7.08984,0.108643,0.100098,0.148926,0.101318,0.129395,0.124512,0.124512,0.096436,0.093994,0.129395,0.113525
2017-08-01T19:50:00Z,214.80469,223.59375,221.83594,224.29688,223.24219,222.53906,223.24219,223.59375,226.40625,223.59375,225.70313,223.94531,7.03125,5.56641,6.44531,6.5625,6.5625,6.79688,6.91406,6.67969,6.79688,6.85547,7.20703,7.20703,7.20703,0.153809,0.13916,0.150146,0.114746,0.174561,0.133057,0.151367,0.13916,0.093994,0.115967,0.107422
2017-08-01T20:00:00Z,220.07813,226.05469,226.75781,227.10938,225.0,226.05469,228.51563,230.27344,227.8125,229.21875,229.21875,228.86719,7.26563,5.85938,6.62109,6.97266,6.91406,6.91406,7.20703,7.38281,7.44141,7.20703,7.44141,7.44141,7.55859,0.10376,0.124512,0.130615,0.126953,0.076904,0.101318,0.111084,0.152588,0.12085,0.123291,0.107422
2017-08-01T20:10:00Z,227.46094,236.25,233.4375,236.60156,234.84375,235.19531,235.89844,235.54688,236.25,236.95313,236.95313,235.89844,7.55859,6.15234,7.14844,7.20703,7.5,7.38281,7.55859,7.73438,7.55859,7.61719,7.55859,7.67578,7.61719,0.131836,0.133057,0.107422,0.126953,0.106201,0.117188,0.112305,0.12207,0.095215,0.101318,0.128174
2017-08-01T20:20:00Z,232.03125,236.95313,236.95313,235.54688,237.30469,237.30469,238.35938,238.71094,237.65625,238.71094,238.35938,237.30469,7.5,6.32813,7.14844,7.14844,7.20703,7.14844,7.14844,7.26563,7.20703,7.20703,7.38281,7.44141,7.5,0.151367,0.133057,0.152588,0.111084,0.12085,0.12085,0.126953,0.114746,0.096436,0.106201,0.129395
2017-08-01T20:30:00Z,234.14063,237.65625,240.46875,237.65625,239.76563,240.46875,237.30469,237.65625,235.54688,238.35938,234.49219,235.54688,7.61719,6.15234,7.03125,6.97266,6.79688,6.91406,6.97266,7.08984,7.03125,7.38281,7.38281,7.20703,7.44141,0.133057,0.125732,0.161133,0.115967,0.146484,0.107422,0.12207,0.125732,0.089111,0.101318,0.151367
2017-08-01T20:40:00Z,233.78906,233.78906,234.14063,235.54688,232.73438,233.78906,233.08594,236.60156,235.54688,237.30469,235.89844,234.84375,7.5,6.26953,7.08984,6.97266,7.14844,7.38281,7.32422,7.38281,7.5,7.73438,7.67578,7.67578,7.79297,0.113525,0.10498,0.106201,0.109863,0.131836,0.106201,0.118408,0.084229,0.096436,0.140381,0.113525
2017-08-01T20:50:00Z,230.625,233.4375,233.08594,230.97656,232.38281,229.21875,229.92188,231.67969,232.03125,232.03125,230.97656,232.73438,7.79297,6.44531,7.20703,7.03125,7.14844,7.14844,7.14844,7.5,7.44141,7.55859,7.32422,7.55859,7.73438,0.169678,0.130615,0.144043,0.109863,0.135498,0.114746,0.12085,0.074463,0.091553,0.090332,0.106201
2017-08-01T21:00:00Z,226.40625,233.08594,234.14063,232.73438,233.78906,234.49219,231.67969,233.4375,232.03125,233.4375,233.08594,235.89844,7.96875,6.44531,7.79297,7.73438,7.96875,7.79297,7.85156,7.96875,8.26172,8.4375,8.55469,8.49609,8.78906,0.114746,0.123291,0.129395,0.145264,0.12207,0.12207,0.102539,0.10498,0.12085,0.117188,0.109863
2017-08-01T21:10:00Z,231.67969,229.92188,230.97656,230.97656,232.03125,231.32813,228.16406,229.92188,226.05469,228.16406,233.4375,230.625,8.32031,6.67969,6.85547,7.03125,6.91406,6.91406,6.97266,7.26563,7.44141,7.91016,8.20313,8.20313,8.08594,0.142822,0.148926,0.123291,0.117188,0.157471,0.137939,0.131836,0.113525,0.13916,0.10498,0.114746
2017-08-01T21:20:00Z,224.64844,221.83594,223.24219,223.24219,222.53906,222.53906,223.59375,222.53906,221.83594,223.94531,225.0,228.16406,7.26563,5.91797,6.73828,6.91406,6.73828,7.14844,7.08984,7.20703,7.26563,7.61719,7.61719,7.67578,7.55859,0.128174,0.112305,0.15625,0.133057,0.124512,0.113525,0.10376,0.137939,0.113525,0.128174,0.114746
2017-08-01T21:30:00Z,221.13281,222.1875,222.89063,222.89063,221.83594,218.67188,223.24219,221.48438,221.48438,222.53906,222.1875,220.42969,7.91016,6.15234,6.62109,6.67969,6.79688,6.62109,7.20703,7.32422,7.20703,7.20703,7.38281,7.38281,7.79297,0.106201,0.10498,0.119629,0.133057,0.115967,0.135498,0.137939,0.10498,0.117188,0.10498,0.106201
2017-08-01T21:40:00Z,219.375,220.07813,222.1875,220.07813,220.42969,220.78125,223.24219,223.59375,221.48438,225.0,225.35156,226.75781,7.61719,6.21094,6.97266,7.14844,7.14844,7.44141,7.55859,7.44141,7.5,7.55859,7.85156,7.79297,7.73438,0.152588,0.140381,0.113525,0.112305,0.125732,0.123291,0.114746,0.128174,0.130615,0.106201,0.097656
2017-08-01T21:50:00Z,218.32031,221.83594,220.78125,221.48438,220.78125,221.48438,221.83594,223.94531,223.94531,225.0,225.35156,227.8125,7.32422,6.03516,7.20703,7.20703,7.20703,7.14844,7.44141,7.38281,7.61719,7.55859,7.61719,7.55859,7.73438,0.134277,0.098877,0.125732,0.10498,0.119629,0.128174,0.096436,0.108643,0.124512,0.101318,0.114746
2017-08-01T22:00:00Z,219.72656,220.78125,221.83594,220.07813,219.72656,221.48438,222.89063,224.64844,226.40625,225.0,228.86719,229.92188,7.67578,6.32813,7.32422,7.44141,7.61719,7.38281,7.61719,7.61719,7.61719,7.73438,8.02734,8.14453,8.14453,0.133057,0.118408,0.12085,0.10376,0.106201,0.089111,0.102539,0.080566,0.100098,0.130615,0.089111
2017-08-01T22:10:00Z,219.02344,220.78125,220.07813,221.13281,221.83594,220.07813,219.375,220.42969,219.72656,223.59375,223.24219,225.0,7.73438,6.50391,7.14844,7.44141,7.38281,7.32422,7.55859,7.5,7.73438,7.85156,7.73438,7.91016,8.14453,0.107422,0.097656,0.10376,0.158691,0.107422,0.102539,0.115967,0.089111,0.090332,0.085449,0.098877
2017-08-01T22:20:00Z,214.80469,213.75,213.75,215.50781,215.50781,216.21094,215.85938,216.91406,219.375,221.48438,220.07813,221.83594,7.55859,6.50391,7.20703,7.20703,7.20703,7.61719,7.44141,7.5,7.67578,7.79297,7.85156,7.96875,8.08594,0.113525,0.093994,0.080566,0.091553,0.10498,0.079346,0.118408,0.096436,0.091553,0.124512,0.089111
2017-08-01T22:30:00Z,214.10156,216.5625,217.61719,215.85938,217.96875,218.67188,219.02344,217.26563,219.02344,223.59375,222.89063,224.64844,7.85156,6.26953,7.14844,7.03125,7.03125,7.26563,7.20703,7.14844,7.44141,7.73438,7.61719,7.67578,7.5,0.113525,0.089111,0.096436,0.119629,0.089111,0.123291,0.101318,0.108643,0.098877,0.107422,0.10498
2017-08-01T22:40:00Z,214.45313,219.02344,217.96875,218.32031,220.07813,219.375,221.83594,222.53906,224.29688,223.59375,225.0,227.8125,7.44141,6.21094,7.26563,7.20703,7.14844,7.38281,7.5,7.5,7.44141,7.55859,7.73438,8.14453,8.14453,0.083008,0.098877,0.112305,0.108643,0.096436,0.090332,0.118408,0.083008,0.087891,0.133057,0.079346
2017-08-01T22:50:00Z,217.26563,219.375,221.83594,223.24219,221.13281,221.48438,224.29688,223.94531,227.10938,225.0,227.46094,229.57031,7.96875,6.09375,6.73828,6.85547,6.73828,6.85547,7.32422,7.20703,7.5,7.38281,7.91016,7.96875,8.20313,0.12085,0.115967,0.129395,0.124512,0.106201,0.118408,0.101318,0.10498,0.083008,0.093994,0.096436
2017-08-01T23:00:00Z,219.02344,220.42969,218.67188,220.42969,221.13281,224.29688,222.53906,224.29688,222.53906,227.46094,229.21875,229.92188,6.85547,5.74219,6.32813,6.50391,6.44531,6.73828,6.79688,6.85547,6.97266,7.38281,7.67578,7.67578,7.73438,0.135498,0.136719,0.144043,0.115967,0.12207,0.114746,0.098877,0.112305,0.084229,0.123291,0.115967
2017-08-01T23:10:00Z,216.5625,212.69531,216.21094,217.61719,216.91406,217.96875,217.96875,220.42969,221.83594,222.53906,223.94531,224.29688,6.67969,5.50781,6.44531,6.67969,6.5625,6.79688,6.79688,6.85547,7.26563,7.14844,7.32422,7.26563,7.26563,0.118408,0.136719,0.109863,0.112305,0.081787,0.118408,0.107422,0.095215,0.114746,0.115967,0.135498
2017-08-01T23:20:00Z,212.34375,218.32031,215.50781,214.80469,215.50781,215.15625,218.32031,215.85938,216.91406,220.42969,220.07813,221.13281,6.85547,5.91797,6.67969,6.5625,6.67969,6.79688,7.03125,6.85547,6.67969,7.20703,7.26563,7.26563,7.03125,0.114746,0.100098,0.091553,0.112305,0.095215,0.112305,0.133057,0.072021,0.085449,0.115967,0.106201
2017-08-01T23:30:00Z,213.04688,218.67188,219.02344,216.5625,216.5625,217.96875,215.85938,219.72656,220.07813,221.48438,219.375,221.13281,7.03125,5.625,6.5625,6.5625,6.73828,6.62109,6.62109,6.97266,7.32422,6.97266,6.91406,7.20703,6.97266,0.112305,0.111084,0.137939,0.101318,0.101318,0.124512,0.095215,0.130615,0.133057,0.092773,0.125732
2017-08-01T23:40:00Z,215.15625,219.02344,215.50781,219.375,219.02344,216.91406,220.07813,220.07813,219.72656,219.02344,221.13281,223.24219,7.08984,5.68359,6.15234,6.21094,6.26953,6.44531,6.62109,6.73828,6.85547,6.79688,6.79688,7.08984,7.14844,0.12207,0.129395,0.097656,0.114746,0.090332,0.126953,0.109863,0.080566,0.107422,0.097656,0.087891
2017-08-01T23:50:00Z,216.5625,220.07813,220.42969,221.83594,219.72656,220.07813,221.83594,220.78125,221.13281,222.1875,221.13281,223.59375,6.85547,5.68359,6.38672,6.50391,6.62109,6.97266,6.97266,6.97266,7.08984,7.26563,7.08984,7.32422,7.26563,0.109863,0.137939,0.12085,0.085449,0.107422,0.102539,0.092773,0.092773,0.10376,0.10498,0.095215