LOCATION: 
SYSTEM SERIAL: HKZA
TIMESTAMP (ISO-8601) UTC,WindDir004m deg,WindDir030m deg,WindDir040m deg,WindDir040m_ref deg,WindDir060m deg,WindDir080m deg,WindDir100m deg,WindDir120m deg,WindDir140m deg,WindDir160m deg,WindDir180m deg,WindDir200m deg,WindGust004m m/s,WindSpeed004m m/s,WindSpeed030mh m/s,WindSpeed040mh m/s,WindSpeed040m_refh m/s,WindSpeed060mh m/s,WindSpeed080mh m/s,WindSpeed100mh m/s,WindSpeed120mh m/s,WindSpeed140mh m/s,WindSpeed160mh m/s,WindSpeed180mh m/s,WindSpeed200mh m/s,TI 030m,TI 040m,TI 040m ref,TI 060m,TI 080m,TI 100m,TI 120m,TI 140m,TI 160m,TI 180m,TI 200m
2017-09-06T00:00:00Z,222.1875,228.16406,225.35156,223.94531,226.05469,228.51563,226.75781,227.8125,226.75781,228.16406,226.40625,229.21875,10.48828,8.20313,9.60938,9.375,9.43359,9.66797,9.66797,10.37109,10.01953,10.19531,10.13672,10.25391,10.37109,0.140381,0.155029,0.125732,0.129395,0.126953,0.131836,0.134277,0.144043,0.111084,0.177002,0.128174
2017-09-06T00:10:00Z,223.24219,219.72656,222.1875,223.24219,225.70313,225.0,225.0,226.05469,228.86719,225.35156,226.75781,228.86719,9.08203,7.44141,8.61328,9.02344,8.73047,9.19922,9.43359,9.43359,9.49219,9.49219,9.55078,10.19531,10.19531,0.194092,0.164795,0.189209,0.131836,0.12207,0.148926,0.164795,0.147705,0.155029,0.144043,0.145264
2017-09-06T00:20:00Z,224.29688,226.40625,223.59375,226.40625,225.70313,229.57031,225.70313,231.32813,226.05469,227.46094,228.16406,228.51563,9.55078,7.73438,9.31641,9.43359,9.43359,9.72656,9.78516,10.25391,9.90234,10.07813,10.3125,10.01953,10.19531,0.166016,0.100098,0.124512,0.150146,0.126953,0.130615,0.113525,0.129395,0.141602,0.128174,0.114746
2017-09-06T00:30:00Z,221.83594,226.40625,227.8125,225.35156,223.24219,223.59375,226.40625,227.10938,226.05469,226.05469,228.51563,225.70313,9.84375,7.73438,9.25781,9.375,9.60938,9.72656,10.19531,10.3125,10.66406,10.42969,10.3125,10.48828,10.72266,0.126953,0.130615,0.12085,0.169678,0.128174,0.141602,0.113525,0.150146,0.140381,0.158691,0.101318
2017-09-06T00:40:00Z,224.64844,235.54688,236.95313,235.19531,232.03125,234.84375,233.4375,237.30469,238.00781,242.22656,239.0625,238.35938,11.25,8.49609,10.72266,10.72266,10.78125,10.66406,10.83984,10.83984,10.95703,11.13281,10.13672,10.07813,10.13672,0.129395,0.140381,0.114746,0.123291,0.10498,0.119629,0.128174,0.118408,0.187988,0.157471,0.189209
2017-09-06T00:50:00Z,234.84375,243.28125,246.44531,246.09375,244.33594,243.63281,250.66406,248.20313,249.60938,248.90625,248.90625,249.96094,10.89844,8.84766,10.13672,10.07813,10.19531,10.07813,10.48828,10.37109,10.66406,10.48828,10.3125,10.19531,10.3125,0.114746,0.115967,0.128174,0.134277,0.128174,0.142822,0.125732,0.095215,0.134277,0.133057,0.126953
2017-09-06T01:00:00Z,243.28125,247.85156,245.03906,243.63281,246.09375,245.39063,249.25781,243.98438,250.3125,246.79688,248.90625,250.66406,10.60547,8.55469,10.01953,10.13672,10.54688,9.96094,10.25391,10.13672,10.13672,9.72656,9.55078,9.72656,9.31641,0.148926,0.131836,0.146484,0.15625,0.163574,0.126953,0.15625,0.147705,0.134277,0.136719,0.162354
2017-09-06T01:10:00Z,240.46875,250.3125,248.55469,252.07031,255.58594,250.66406,254.53125,255.23438,258.39844,256.99219,255.9375,256.28906,10.66406,8.49609,9.19922,9.55078,9.43359,9.60938,9.60938,9.78516,9.96094,9.96094,9.78516,9.96094,9.96094,0.145264,0.141602,0.187988,0.150146,0.108643,0.128174,0.117188,0.111084,0.134277,0.119629,0.118408
2017-09-06T01:20:00Z,250.3125,256.28906,259.45313,256.28906,260.50781,255.23438,258.75,255.9375,259.10156,262.26563,260.85938,259.10156,10.19531,8.20313,9.66797,9.90234,9.66797,9.66797,9.60938,9.49219,9.78516,10.01953,10.19531,9.66797,9.60938,0.133057,0.146484,0.112305,0.117188,0.111084,0.152588,0.111084,0.10376,0.090332,0.085449,0.112305
2017-09-06T01:30:00Z,254.53125,252.77344,254.17969,254.88281,254.17969,252.77344,258.04688,255.58594,258.39844,256.99219,258.39844,260.15625,9.78516,8.08594,8.90625,9.08203,9.14063,9.43359,9.375,9.43359,9.19922,9.55078,9.31641,9.49219,9.31641,0.135498,0.141602,0.133057,0.095215,0.126953,0.130615,0.112305,0.093994,0.131836,0.097656,0.12085
2017-09-06T01:40:00Z,251.01563,258.04688,256.28906,256.28906,256.64063,255.9375,256.64063,255.58594,256.28906,262.61719,259.80469,259.80469,10.07813,8.02734,9.08203,9.375,9.49219,9.66797,9.49219,9.19922,9.60938,10.01953,9.78516,9.25781,9.60938,0.151367,0.141602,0.114746,0.118408,0.135498,0.159912,0.111084,0.112305,0.112305,0.145264,0.087891
2017-09-06T01:50:00Z,252.77344,257.34375,258.75,257.69531,255.9375,260.15625,255.58594,259.80469,261.21094,259.10156,259.10156,262.26563,9.90234,8.14453,8.90625,9.19922,9.49219,9.14063,9.25781,9.60938,10.01953,9.60938,9.78516,10.07813,9.90234,0.140381,0.148926,0.112305,0.159912,0.093994,0.118408,0.136719,0.108643,0.150146,0.140381,0.133057
2017-09-06T02:00:00Z,253.125,254.88281,255.23438,254.17969,255.9375,257.69531,259.45313,256.99219,257.34375,262.26563,262.61719,260.15625,9.78516,7.96875,9.19922,9.19922,9.31641,9.25781,9.55078,9.31641,9.31641,9.66797,9.66797,9.43359,9.60938,0.12207,0.137939,0.125732,0.153809,0.092773,0.131836,0.107422,0.141602,0.123291,0.126953,0.113525
2017-09-06T02:10:00Z,253.125,259.45313,260.50781,261.5625,262.96875,265.78125,261.5625,262.61719,265.07813,266.83594,265.78125,266.83594,10.48828,8.14453,10.3125,10.54688,9.96094,10.42969,10.60547,10.42969,10.60547,10.72266,10.54688,10.25391,10.19531,0.179443,0.152588,0.147705,0.15625,0.135498,0.115967,0.090332,0.126953,0.128174,0.10498,0.130615
2017-09-06T02:20:00Z,268.94531,287.92969,285.82031,288.63281,288.28125,293.20313,291.09375,287.92969,288.98438,287.57813,285.46875,287.22656,12.77344,9.49219,12.89063,12.77344,12.89063,12.94922,13.06641,12.77344,12.89063,13.00781,12.65625,12.36328,12.30469,0.118408,0.112305,0.107422,0.112305,0.126953,0.152588,0.153809,0.130615,0.163574,0.168457,0.161133
2017-09-06T02:30:00Z,287.92969,299.53125,297.77344,304.10156,300.9375,299.17969,302.34375,300.9375,301.64063,299.53125,298.82813,300.58594,14.29688,10.95703,13.35938,14.00391,13.47656,14.23828,14.41406,14.17969,14.00391,14.00391,13.88672,14.17969,13.88672,0.135498,0.095215,0.123291,0.109863,0.124512,0.101318,0.111084,0.113525,0.096436,0.091553,0.119629
2017-09-06T02:40:00Z,298.82813,302.34375,302.34375,302.69531,301.64063,307.26563,303.04688,300.23438,301.99219,299.53125,299.17969,298.82813,14.12109,11.71875,14.35547,14.64844,14.41406,15.11719,14.41406,14.00391,14.47266,14.58984,14.47266,14.53125,14.35547,0.136719,0.145264,0.144043,0.144043,0.145264,0.145264,0.119629,0.137939,0.134277,0.131836,0.133057
2017-09-06T02:50:00Z,299.53125,300.58594,299.53125,300.9375,301.64063,301.64063,303.75,301.28906,300.9375,301.99219,301.28906,300.58594,14.82422,11.66016,13.53516,14.00391,13.88672,14.47266,15.0,15.17578,14.29688,14.12109,14.64844,14.00391,14.0625,0.175781,0.15625,0.151367,0.144043,0.13916,0.131836,0.130615,0.128174,0.135498,0.126953,0.155029
2017-09-06T03:00:00Z,297.77344,304.10156,300.23438,303.39844,299.88281,301.64063,299.53125,305.85938,300.58594,301.28906,299.17969,304.80469,14.58984,11.66016,14.00391,13.82813,14.17969,14.64844,14.94141,15.35156,14.70703,14.58984,14.47266,15.11719,15.17578,0.129395,0.15625,0.137939,0.166016,0.153809,0.170898,0.147705,0.141602,0.181885,0.146484,0.144043
2017-09-06T03:10:00Z,295.66406,298.125,299.17969,298.82813,297.42188,298.125,303.04688,299.88281,298.82813,299.53125,301.64063,300.58594,14.94141,12.01172,14.0625,14.76563,14.64844,15.05859,15.76172,15.46875,15.0,14.88281,15.05859,15.11719,15.11719,0.141602,0.146484,0.155029,0.12207,0.129395,0.124512,0.146484,0.168457,0.136719,0.137939,0.144043
2017-09-06T03:20:00Z,296.01563,303.04688,301.64063,301.28906,305.15625,301.99219,303.75,304.80469,306.91406,299.53125,303.04688,296.01563,14.70703,12.07031,14.29688,14.94141,14.76563,15.35156,15.52734,15.64453,15.58594,14.70703,14.47266,15.29297,16.05469,0.172119,0.152588,0.112305,0.133057,0.155029,0.147705,0.129395,0.155029,0.131836,0.140381,0.125732
2017-09-06T03:30:00Z,297.42188,299.17969,295.3125,297.77344,296.36719,297.07031,299.88281,297.07031,298.125,297.77344,297.07031,301.64063,15.87891,12.48047,15.64453,15.46875,15.9375,15.82031,16.11328,16.40625,15.82031,15.23438,15.58594,16.05469,16.28906,0.126953,0.131836,0.136719,0.135498,0.098877,0.130615,0.140381,0.133057,0.13916,0.12207,0.123291
2017-09-06T03:40:00Z,293.55469,299.17969,297.07031,300.23438,296.71875,304.10156,298.47656,300.58594,303.39844,297.77344,297.77344,300.23438,15.82031,12.77344,16.23047,16.81641,16.28906,16.875,16.69922,16.69922,16.81641,16.34766,16.46484,16.93359,16.75781,0.13916,0.114746,0.157471,0.109863,0.119629,0.106201,0.093994,0.129395,0.147705,0.152588,0.135498
2017-09-06T03:50:00Z,297.07031,299.53125,299.17969,297.07031,299.53125,299.53125,294.96094,300.23438,302.34375,297.42188,303.75,297.77344,16.23047,13.30078,15.87891,15.70313,15.58594,16.34766,16.58203,17.22656,17.16797,16.75781,16.46484,16.05469,16.28906,0.146484,0.181885,0.124512,0.144043,0.148926,0.114746,0.119629,0.126953,0.137939,0.137939,0.147705
2017-09-06T04:00:00Z,296.36719,295.3125,294.60938,293.55469,294.96094,297.42188,296.71875,296.01563,297.07031,298.82813,305.85938,298.125,16.23047,12.89063,16.17188,15.76172,16.52344,16.58203,16.69922,16.11328,16.58203,17.34375,17.16797,16.46484,16.05469,0.169678,0.166016,0.126953,0.114746,0.15625,0.117188,0.133057,0.146484,0.142822,0.150146,0.128174
2017-09-06T04:10:00Z,292.5,294.96094,298.125,295.66406,300.58594,297.07031,298.47656,296.01563,299.53125,298.82813,298.82813,297.42188,16.58203,13.30078,15.82031,16.05469,15.58594,16.58203,16.52344,16.93359,17.10938,17.28516,16.64063,16.46484,16.28906,0.13916,0.12085,0.135498,0.141602,0.146484,0.136719,0.107422,0.097656,0.136719,0.107422,0.124512
2017-09-06T04:20:00Z,294.96094,297.42188,298.82813,296.71875,298.125,296.01563,299.53125,298.125,298.125,300.58594,298.47656,301.99219,16.28906,13.30078,15.05859,16.11328,15.58594,16.17188,16.40625,16.64063,16.69922,16.46484,16.40625,16.875,16.34766,0.170898,0.164795,0.133057,0.12207,0.130615,0.129395,0.108643,0.117188,0.113525,0.124512,0.117188
2017-09-06T04:30:00Z,295.3125,296.01563,297.07031,296.36719,297.77344,297.77344,294.96094,295.3125,296.71875,294.25781,294.25781,295.3125,15.05859,12.36328,15.0,15.46875,15.05859,15.41016,15.17578,14.88281,15.23438,15.11719,14.82422,15.46875,15.41016,0.137939,0.12207,0.162354,0.117188,0.124512,0.148926,0.102539,0.101318,0.168457,0.126953,0.108643
2017-09-06T04:40:00Z,294.96094,298.82813,294.60938,294.60938,290.03906,300.23438,293.20313,294.60938,295.3125,289.33594,292.14844,296.01563,15.11719,11.83594,14.47266,14.47266,14.82422,14.94141,15.11719,15.11719,14.53125,14.29688,14.94141,15.17578,15.29297,0.164795,0.137939,0.168457,0.134277,0.12085,0.125732,0.133057,0.150146,0.135498,0.126953,0.128174
2017-09-06T04:50:00Z,292.14844,297.07031,292.5,293.55469,295.3125,291.09375,302.34375,297.77344,289.6875,293.20313,302.69531,297.07031,15.41016,12.1875,14.41406,14.94141,15.05859,15.11719,15.35156,15.11719,14.88281,15.46875,15.9375,15.58594,15.11719,0.140381,0.147705,0.12207,0.150146,0.150146,0.162354,0.162354,0.130615,0.118408,0.119629,0.12085
2017-09-06T05:20:00Z,292.85156,291.09375,291.44531,289.6875,285.82031,291.79688,292.14844,287.57813,289.6875,288.98438,291.09375,292.85156,14.0625,11.30859,13.88672,14.58984,14.41406,14.94141,15.64453,15.17578,15.35156,16.05469,16.17188,15.9375,15.58594,0.125732,0.13916,0.10376,0.153809,0.089111,0.136719,0.141602,0.111084,0.126953,0.111084,0.111084
2017-09-06T05:30:00Z,286.52344,292.14844,287.92969,288.28125,287.92969,293.90625,293.20313,286.52344,294.25781,290.03906,287.92969,291.44531,15.29297,11.83594,15.41016,15.64453,15.76172,15.52734,15.05859,15.35156,16.05469,15.99609,15.52734,15.46875,16.05469,0.13916,0.153809,0.148926,0.134277,0.152588,0.142822,0.131836,0.135498,0.135498,0.153809,0.150146
2017-09-06T05:40:00Z,286.875,291.44531,287.22656,292.85156,292.85156,291.44531,289.6875,286.17188,293.20313,293.20313,289.33594,283.00781,15.05859,11.95313,13.82813,13.94531,14.00391,14.29688,14.58984,15.41016,15.58594,15.0,14.94141,14.70703,15.23438,0.140381,0.157471,0.117188,0.155029,0.147705,0.101318,0.117188,0.136719,0.109863,0.130615,0.10376
2017-09-06T05:50:00Z,288.63281,291.44531,289.33594,293.20313,291.44531,291.44531,292.14844,292.5,291.79688,287.92969,293.55469,293.90625,14.58984,11.36719,13.71094,14.35547,14.12109,14.64844,14.41406,14.76563,14.58984,14.58984,15.0,15.05859,15.0,0.142822,0.155029,0.125732,0.136719,0.129395,0.135498,0.12085,0.144043,0.136719,0.133057,0.140381
2017-09-06T06:00:00Z,286.52344,283.35938,280.89844,281.95313,281.25,280.89844,282.30469,281.25,280.54688,284.41406,274.57031,278.4375,13.94531,11.36719,13.94531,14.70703,14.82422,15.11719,14.94141,14.82422,15.11719,15.05859,14.23828,14.53125,15.41016,0.133057,0.123291,0.113525,0.093994,0.098877,0.137939,0.13916,0.118408,0.126953,0.10498,0.13916
2017-09-06T06:10:00Z,275.97656,280.54688,275.625,278.08594,281.95313,281.60156,283.71094,280.89844,280.54688,281.60156,283.71094,281.60156,15.70313,11.66016,14.29688,15.11719,14.58984,15.0,14.88281,14.70703,15.29297,15.41016,15.64453,15.52734,15.11719,0.131836,0.12085,0.108643,0.134277,0.101318,0.13916,0.12207,0.111084,0.115967,0.10376,0.117188
2017-09-06T06:20:00Z,277.03125,279.49219,280.19531,281.25,277.03125,280.89844,282.65625,279.49219,282.30469,278.78906,279.84375,281.60156,15.29297,12.07031,14.64844,15.11719,14.88281,15.58594,15.41016,15.35156,14.82422,14.64844,15.23438,15.64453,15.99609,0.118408,0.128174,0.135498,0.129395,0.135498,0.118408,0.117188,0.112305,0.108643,0.081787,0.10498
2017-09-06T06:30:00Z,275.27344,270.0,275.97656,275.97656,279.14063,274.57031,276.67969,274.92188,278.4375,278.08594,278.08594,273.51563,14.88281,12.01172,14.0625,14.47266,13.94531,14.47266,14.82422,14.23828,15.0,14.64844,14.70703,14.58984,14.35547,0.148926,0.126953,0.129395,0.142822,0.101318,0.142822,0.126953,0.131836,0.141602,0.130615,0.145264
2017-09-06T06:40:00Z,272.10938,278.78906,274.57031,274.57031,282.30469,275.97656,273.86719,273.16406,275.97656,278.4375,279.14063,280.54688,14.12109,11.48438,14.12109,13.88672,13.94531,13.76953,14.00391,14.35547,14.82422,15.17578,14.94141,14.64844,14.58984,0.133057,0.123291,0.140381,0.137939,0.115967,0.150146,0.131836,0.119629,0.119629,0.092773,0.135498
2017-09-06T06:50:00Z,275.27344,281.95313,280.54688,275.27344,279.14063,281.60156,279.14063,280.89844,279.84375,282.65625,279.14063,283.35938,14.47266,11.13281,14.17969,14.29688,14.35547,14.64844,14.17969,14.41406,14.64844,15.0,15.0,14.88281,15.52734,0.145264,0.145264,0.152588,0.140381,0.140381,0.135498,0.140381,0.119629,0.112305,0.13916,0.119629
2017-09-06T07:00:00Z,277.38281,283.00781,277.03125,282.30469,282.65625,284.0625,282.65625,277.03125,280.19531,281.25,284.41406,280.19531,15.05859,11.71875,13.30078,14.29688,13.88672,14.53125,15.05859,14.70703,14.88281,15.05859,15.58594,15.0,14.88281,0.131836,0.130615,0.112305,0.144043,0.137939,0.126953,0.101318,0.107422,0.137939,0.13916,0.106201
2017-09-06T07:10:00Z,278.08594,274.57031,277.73438,281.25,279.49219,280.19531,278.78906,278.08594,274.92188,282.65625,280.19531,284.41406,14.64844,11.66016,13.88672,14.23828,13.94531,14.58984,14.17969,14.0625,14.0625,14.76563,14.94141,14.41406,14.12109,0.13916,0.155029,0.161133,0.144043,0.129395,0.124512,0.108643,0.124512,0.128174,0.092773,0.126953
2017-09-06T07:20:00Z,275.27344,272.8125,273.51563,274.21875,274.21875,271.05469,274.92188,280.19531,272.10938,274.92188,277.73438,273.86719,13.59375,11.13281,13.18359,13.18359,13.65234,13.53516,13.71094,13.94531,14.23828,14.17969,14.12109,14.17969,13.88672,0.133057,0.142822,0.153809,0.146484,0.134277,0.101318,0.128174,0.109863,0.146484,0.145264,0.118408
2017-09-06T07:30:00Z,272.10938,276.67969,274.92188,280.19531,280.89844,277.38281,277.73438,275.27344,278.78906,278.4375,274.92188,279.14063,14.0625,11.13281,13.24219,13.65234,13.65234,13.82813,14.17969,14.41406,14.82422,14.53125,14.64844,14.94141,14.53125,0.148926,0.125732,0.157471,0.10498,0.117188,0.128174,0.111084,0.128174,0.10498,0.113525,0.125732
2017-09-06T07:40:00Z,274.21875,274.57031,271.40625,278.08594,275.27344,277.03125,275.625,274.21875,272.10938,273.51563,277.38281,276.67969,14.47266,11.07422,13.30078,14.0625,13.53516,14.53125,14.47266,14.0625,14.12109,13.76953,13.94531,14.41406,14.70703,0.092773,0.106201,0.12207,0.098877,0.117188,0.123291,0.147705,0.12085,0.093994,0.089111,0.123291
2017-09-06T07:50:00Z,272.10938,276.32813,275.625,275.27344,271.05469,273.51563,279.49219,278.08594,271.40625,279.49219,277.73438,275.27344,14.47266,11.48438,13.47656,13.71094,13.71094,14.35547,14.53125,14.23828,14.35547,14.82422,14.53125,14.35547,14.23828,0.142822,0.13916,0.166016,0.112305,0.135498,0.106201,0.148926,0.118408,0.095215,0.151367,0.147705
2017-09-06T08:00:00Z,275.27344,276.67969,276.67969,273.51563,279.14063,279.49219,275.97656,275.27344,280.54688,274.21875,278.78906,271.75781,13.88672,11.07422,13.71094,13.53516,13.71094,13.76953,13.71094,13.82813,13.88672,13.88672,13.88672,14.0625,13.94531,0.112305,0.089111,0.111084,0.119629,0.115967,0.097656,0.125732,0.109863,0.118408,0.093994,0.123291
2017-09-06T08:10:00Z,271.05469,277.03125,275.27344,277.38281,276.32813,274.92188,277.03125,274.92188,277.73438,279.84375,275.97656,277.73438,14.82422,10.42969,13.06641,13.59375,13.76953,14.29688,14.29688,14.00391,14.00391,14.23828,14.12109,13.94531,14.00391,0.115967,0.131836,0.135498,0.130615,0.113525,0.119629,0.133057,0.107422,0.10498,0.124512,0.114746
2017-09-06T08:20:00Z,278.08594,280.19531,286.17188,284.0625,280.89844,283.00781,282.30469,284.41406,284.76563,285.11719,280.19531,284.0625,15.17578,11.42578,14.0625,14.23828,14.00391,14.23828,14.12109,14.76563,15.05859,14.88281,14.53125,14.17969,14.47266,0.140381,0.128174,0.146484,0.123291,0.12085,0.096436,0.123291,0.128174,0.130615,0.168457,0.112305
2017-09-06T08:30:00Z,283.35938,283.71094,285.11719,282.30469,283.00781,284.41406,284.41406,283.00781,283.35938,288.28125,284.76563,281.95313,14.41406,11.07422,13.24219,13.41797,13.82813,13.30078,13.125,13.47656,13.94531,13.94531,13.88672,13.53516,13.94531,0.163574,0.142822,0.123291,0.133057,0.107422,0.10376,0.115967,0.113525,0.113525,0.08667,0.117188
2017-09-06T08:40:00Z,281.25,278.4375,285.11719,276.67969,279.49219,282.30469,280.89844,278.08594,277.03125,278.78906,282.65625,285.11719,13.65234,10.48828,12.59766,12.71484,12.94922,12.65625,12.83203,12.89063,13.125,13.47656,13.47656,13.41797,13.35938,0.118408,0.125732,0.125732,0.117188,0.118408,0.125732,0.118408,0.131836,0.108643,0.109863,0.142822
2017-09-06T08:50:00Z,276.32813,278.78906,274.92188,275.27344,278.4375,279.49219,275.97656,282.65625,280.89844,283.71094,280.54688,276.67969,12.94922,10.37109,13.00781,13.18359,13.125,13.35938,13.18359,13.30078,13.59375,13.65234,13.00781,12.94922,13.24219,0.131836,0.131836,0.111084,0.129395,0.15625,0.113525,0.107422,0.117188,0.115967,0.10376,0.112305
2017-09-06T09:00:00Z,278.78906,279.14063,281.95313,283.00781,276.67969,282.65625,282.65625,279.84375,286.52344,283.35938,281.25,285.46875,13.65234,10.48828,12.1875,12.07031,12.65625,12.36328,12.42188,12.89063,13.125,13.24219,13.125,13.06641,12.94922,0.147705,0.161133,0.135498,0.161133,0.137939,0.13916,0.114746,0.137939,0.134277,0.115967,0.130615
2017-09-06T09:10:00Z,282.30469,289.6875,289.6875,288.28125,289.33594,288.63281,289.6875,290.03906,286.52344,285.46875,284.76563,290.39063,14.29688,10.01953,12.12891,12.1875,12.42188,12.42188,12.36328,12.36328,12.30469,12.30469,12.53906,13.00781,12.59766,0.141602,0.109863,0.126953,0.089111,0.129395,0.137939,0.098877,0.112305,0.128174,0.129395,0.102539
2017-09-06T09:20:00Z,287.22656,285.46875,287.92969,288.28125,290.03906,287.92969,287.57813,288.98438,288.28125,283.35938,289.6875,287.57813,13.00781,9.84375,12.12891,12.1875,12.36328,12.36328,12.30469,12.48047,12.94922,13.125,13.24219,12.77344,12.77344,0.123291,0.115967,0.131836,0.12207,0.106201,0.12207,0.126953,0.119629,0.114746,0.085449,0.111084
2017-09-06T09:30:00Z,286.52344,287.92969,286.875,286.17188,285.82031,287.22656,292.14844,284.76563,287.57813,283.00781,288.98438,282.30469,13.00781,10.25391,12.36328,12.48047,12.48047,12.77344,12.77344,12.77344,12.89063,12.71484,12.83203,12.71484,12.94922,0.13916,0.123291,0.10498,0.111084,0.10498,0.101318,0.124512,0.117188,0.108643,0.146484,0.124512
2017-09-06T09:40:00Z,284.41406,283.71094,281.25,285.11719,280.89844,284.0625,285.82031,287.57813,288.98438,287.22656,286.17188,285.11719,13.18359,10.19531,12.42188,12.71484,12.94922,12.65625,13.06641,12.94922,13.00781,12.94922,13.24219,13.125,13.18359,0.144043,0.133057,0.124512,0.129395,0.125732,0.091553,0.097656,0.109863,0.101318,0.118408,0.108643
2017-09-06T09:50:00Z,280.89844,283.00781,280.89844,285.82031,286.17188,285.46875,281.95313,283.00781,288.98438,285.46875,285.11719,285.11719,13.30078,10.37109,11.95313,12.36328,12.01172,12.77344,12.89063,12.83203,13.06641,12.36328,12.59766,13.00781,13.47656,0.145264,0.119629,0.137939,0.130615,0.118408,0.128174,0.134277,0.084229,0.133057,0.100098,0.106201
2017-09-06T10:00:00Z,284.0625,285.11719,284.76563,284.0625,285.46875,287.22656,279.84375,283.00781,283.71094,284.41406,281.60156,284.76563,12.53906,10.07813,12.30469,12.1875,12.24609,12.24609,11.89453,12.12891,12.42188,12.42188,12.1875,12.30469,12.42188,0.142822,0.145264,0.109863,0.152588,0.144043,0.130615,0.111084,0.12085,0.096436,0.117188,0.123291
2017-09-06T10:10:00Z,281.25,281.95313,282.65625,282.65625,281.60156,281.95313,283.00781,281.95313,284.0625,281.25,285.82031,286.875,12.48047,9.72656,11.07422,11.13281,11.30859,11.30859,11.83594,11.54297,11.42578,11.30859,11.48438,11.66016,11.71875,0.166016,0.159912,0.161133,0.128174,0.135498,0.109863,0.136719,0.135498,0.117188,0.148926,0.12085
2017-09-06T10:20:00Z,279.49219,275.27344,277.73438,273.51563,282.30469,280.19531,279.14063,279.84375,279.84375,279.14063,279.84375,277.38281,11.60156,9.31641,11.48438,11.66016,11.30859,11.54297,11.77734,11.60156,11.71875,11.77734,12.12891,11.77734,11.89453,0.125732,0.129395,0.134277,0.131836,0.109863,0.089111,0.112305,0.123291,0.098877,0.109863,0.10498
2017-09-06T10:30:00Z,276.67969,280.19531,280.54688,281.25,281.60156,278.08594,280.89844,277.38281,275.625,277.03125,276.32813,279.14063,11.83594,9.02344,11.19141,11.66016,11.13281,11.77734,11.89453,11.89453,11.89453,11.89453,12.1875,12.01172,11.48438,0.144043,0.137939,0.147705,0.130615,0.15625,0.151367,0.12085,0.12085,0.10498,0.111084,0.126953
2017-09-06T10:40:00Z,278.08594,280.19531,277.38281,279.84375,279.84375,281.25,281.25,278.08594,275.625,276.67969,285.46875,279.49219,12.30469,9.60938,11.13281,11.54297,11.25,11.66016,11.83594,11.54297,11.71875,11.89453,12.1875,12.07031,12.24609,0.137939,0.119629,0.145264,0.131836,0.111084,0.111084,0.135498,0.150146,0.128174,0.107422,0.12085
2017-09-06T10:50:00Z,276.67969,283.35938,279.84375,278.08594,281.60156,275.625,277.38281,275.625,279.14063,276.67969,279.49219,278.78906,11.95313,9.43359,11.30859,11.36719,11.36719,11.30859,11.54297,11.66016,11.60156,11.60156,11.77734,11.77734,11.60156,0.102539,0.10498,0.114746,0.117188,0.155029,0.128174,0.123291,0.134277,0.134277,0.093994,0.10498
2017-09-06T11:00:00Z,274.57031,274.92188,273.16406,276.67969,277.73438,272.46094,275.97656,274.21875,273.51563,272.8125,271.40625,272.10938,11.83594,9.25781,10.48828,10.60547,10.42969,10.83984,10.66406,10.78125,10.83984,11.07422,11.01563,10.78125,11.01563,0.161133,0.123291,0.113525,0.118408,0.10498,0.141602,0.109863,0.147705,0.106201,0.114746,0.126953
2017-09-06T11:10:00Z,269.64844,275.27344,275.97656,274.92188,276.32813,274.92188,274.21875,275.27344,275.27344,274.57031,275.97656,270.35156,11.60156,9.02344,10.07813,10.13672,10.01953,10.19531,10.13672,10.37109,10.72266,10.78125,10.60547,10.72266,11.07422,0.162354,0.161133,0.123291,0.15625,0.115967,0.137939,0.087891,0.12085,0.133057,0.128174,0.095215
2017-09-06T11:20:00Z,272.8125,270.35156,275.97656,270.0,273.86719,267.53906,272.8125,273.16406,277.73438,272.8125,270.35156,272.46094,11.30859,8.37891,10.25391,10.25391,10.66406,10.37109,10.83984,10.95703,11.01563,10.89844,10.89844,10.89844,11.13281,0.106201,0.100098,0.113525,0.159912,0.147705,0.123291,0.141602,0.106201,0.134277,0.126953,0.126953
2017-09-06T11:30:00Z,270.35156,278.08594,273.16406,275.27344,275.625,267.53906,268.24219,271.75781,271.40625,275.27344,273.86719,273.86719,11.42578,8.67188,10.54688,10.78125,11.19141,10.66406,10.89844,10.95703,10.83984,11.48438,11.01563,10.78125,11.19141,0.157471,0.166016,0.144043,0.164795,0.179443,0.151367,0.136719,0.140381,0.125732,0.118408,0.12207
2017-09-06T11:40:00Z,267.89063,270.0,271.75781,268.59375,274.21875,272.8125,274.57031,274.92188,272.46094,273.51563,273.86719,272.46094,11.54297,9.66797,11.48438,11.66016,11.36719,11.89453,11.71875,11.77734,11.60156,12.24609,12.24609,12.01172,11.60156,0.144043,0.151367,0.123291,0.128174,0.146484,0.12085,0.13916,0.12085,0.135498,0.147705,0.147705
2017-09-06T11:50:00Z,271.75781,272.10938,272.8125,279.14063,277.73438,273.16406,276.32813,277.38281,273.86719,272.10938,276.67969,272.10938,12.01172,9.66797,12.01172,11.77734,12.07031,11.83594,12.07031,12.12891,12.07031,12.07031,12.24609,12.53906,12.59766,0.175781,0.141602,0.098877,0.125732,0.135498,0.098877,0.118408,0.151367,0.12085,0.107422,0.114746
2017-09-06T12:00:00Z,269.64844,270.0,274.92188,273.16406,270.70313,272.46094,277.03125,271.75781,270.35156,273.51563,271.40625,268.24219,12.42188,9.90234,11.13281,11.36719,11.30859,11.71875,11.89453,11.83594,11.83594,11.83594,11.89453,12.12891,12.36328,0.152588,0.131836,0.114746,0.15625,0.134277,0.130615,0.118408,0.151367,0.119629,0.111084,0.107422
2017-09-06T12:10:00Z,271.75781,279.14063,275.97656,280.89844,274.57031,278.08594,277.38281,278.4375,275.625,279.14063,276.32813,279.84375,13.06641,10.13672,11.66016,12.07031,11.89453,12.48047,12.07031,12.42188,12.30469,12.59766,12.89063,12.89063,12.48047,0.125732,0.131836,0.114746,0.124512,0.145264,0.13916,0.141602,0.141602,0.126953,0.131836,0.131836
2017-09-06T12:20:00Z,274.57031,279.49219,279.84375,277.03125,275.625,281.25,273.86719,276.67969,277.38281,275.27344,278.08594,278.78906,12.65625,10.25391,12.24609,12.1875,12.48047,12.83203,12.83203,12.77344,12.83203,13.18359,13.24219,13.06641,12.94922,0.109863,0.115967,0.151367,0.119629,0.128174,0.119629,0.126953,0.145264,0.124512,0.100098,0.107422
2017-09-06T12:30:00Z,274.92188,274.92188,269.29688,273.51563,273.16406,273.86719,273.51563,272.46094,270.0,278.08594,271.05469,274.21875,12.83203,10.25391,11.71875,12.12891,11.60156,12.36328,12.12891,12.48047,12.59766,12.48047,12.36328,12.83203,12.83203,0.151367,0.131836,0.163574,0.151367,0.137939,0.130615,0.125732,0.131836,0.144043,0.118408,0.125732
2017-09-06T12:40:00Z,269.29688,275.97656,279.49219,274.92188,278.4375,278.4375,275.27344,277.03125,272.10938,273.86719,273.51563,273.86719,11.95313,9.84375,11.54297,11.89453,11.48438,11.66016,11.71875,11.54297,11.60156,11.83594,11.71875,11.95313,11.77734,0.134277,0.118408,0.137939,0.117188,0.130615,0.115967,0.155029,0.111084,0.141602,0.141602,0.142822
2017-09-06T12:50:00Z,276.67969,280.89844,273.86719,281.60156,280.89844,279.84375,278.78906,278.08594,277.38281,275.625,273.86719,279.14063,11.36719,9.19922,10.66406,11.01563,11.01563,11.48438,11.54297,11.71875,11.42578,11.54297,11.71875,11.60156,11.83594,0.146484,0.125732,0.137939,0.10376,0.12085,0.164795,0.142822,0.111084,0.166016,0.112305,0.124512
2017-09-06T13:00:00Z,276.67969,280.54688,275.97656,278.78906,277.73438,276.67969,272.46094,275.27344,281.25,282.30469,274.57031,284.41406,12.30469,9.72656,11.77734,12.07031,11.95313,11.95313,11.66016,12.07031,12.59766,12.59766,12.30469,12.48047,12.12891,0.148926,0.12085,0.137939,0.151367,0.157471,0.148926,0.108643,0.141602,0.146484,0.142822,0.13916
2017-09-06T13:10:00Z,275.625,278.08594,278.4375,274.92188,275.625,280.19531,279.14063,277.03125,280.89844,277.03125,279.49219,278.78906,12.48047,9.78516,11.77734,12.12891,11.83594,12.30469,12.48047,12.48047,12.65625,12.65625,12.77344,12.59766,12.71484,0.150146,0.117188,0.153809,0.133057,0.137939,0.126953,0.124512,0.145264,0.150146,0.144043,0.166016
2017-09-06T13:20:00Z,275.625,277.73438,277.38281,275.97656,274.57031,273.86719,278.4375,273.51563,274.57031,277.73438,280.54688,271.75781,12.65625,10.07813,11.54297,12.12891,12.12891,11.83594,12.1875,12.30469,12.59766,12.42188,12.65625,12.48047,12.59766,0.125732,0.137939,0.135498,0.130615,0.118408,0.114746,0.12207,0.101318,0.117188,0.113525,0.126953
2017-09-06T13:30:00Z,273.86719,277.03125,275.97656,273.51563,275.625,274.92188,273.51563,278.78906,279.49219,276.67969,276.67969,279.84375,12.71484,10.13672,12.30469,12.12891,12.53906,12.24609,12.53906,12.48047,12.65625,12.1875,12.48047,12.59766,12.42188,0.124512,0.134277,0.115967,0.136719,0.135498,0.131836,0.133057,0.159912,0.137939,0.146484,0.125732
2017-09-06T13:40:00Z,274.57031,279.49219,280.19531,282.30469,278.4375,279.14063,279.84375,279.49219,279.14063,283.00781,279.49219,277.73438,13.06641,10.19531,11.83594,11.89453,11.89453,12.36328,12.12891,12.53906,12.24609,12.48047,11.95313,12.1875,12.30469,0.130615,0.150146,0.124512,0.12207,0.159912,0.148926,0.112305,0.125732,0.136719,0.135498,0.137939
2017-09-06T13:50:00Z,277.73438,284.41406,279.49219,281.95313,279.84375,276.32813,281.25,278.78906,277.73438,277.03125,275.625,279.84375,12.30469,9.72656,10.78125,11.19141,11.30859,11.30859,11.95313,11.95313,11.71875,11.42578,11.60156,12.24609,11.95313,0.145264,0.134277,0.091553,0.097656,0.095215,0.106201,0.115967,0.134277,0.157471,0.148926,0.106201
2017-09-06T14:00:00Z,275.625,272.8125,271.75781,271.05469,272.46094,274.57031,273.16406,271.40625,273.51563,275.625,270.0,274.92188,12.24609,9.78516,11.54297,11.42578,11.19141,11.71875,11.30859,11.25,11.83594,12.01172,11.71875,11.89453,12.01172,0.13916,0.131836,0.15625,0.151367,0.13916,0.125732,0.137939,0.130615,0.13916,0.152588,0.146484
2017-09-06T14:10:00Z,271.05469,277.38281,270.70313,277.73438,275.97656,272.8125,275.27344,280.19531,273.86719,277.03125,276.32813,277.03125,12.71484,9.66797,11.30859,11.66016,11.54297,11.66016,11.89453,12.12891,11.83594,11.60156,12.07031,11.66016,11.89453,0.131836,0.119629,0.128174,0.134277,0.142822,0.133057,0.128174,0.134277,0.12207,0.123291,0.092773
2017-09-06T14:20:00Z,272.8125,280.89844,278.78906,279.84375,282.30469,279.14063,281.25,282.65625,281.25,277.73438,278.78906,279.49219,12.42188,10.07813,11.95313,12.30469,12.36328,12.42188,12.30469,12.48047,12.36328,12.36328,12.53906,12.89063,12.71484,0.142822,0.163574,0.137939,0.153809,0.144043,0.128174,0.134277,0.12085,0.128174,0.123291,0.089111
2017-09-06T14:30:00Z,277.38281,280.54688,280.89844,278.08594,281.25,277.38281,282.30469,278.78906,279.14063,280.54688,278.78906,276.67969,12.89063,10.48828,12.77344,12.53906,12.65625,12.36328,12.71484,12.77344,12.71484,12.77344,12.53906,12.65625,12.65625,0.097656,0.136719,0.128174,0.12207,0.114746,0.134277,0.10376,0.125732,0.151367,0.102539,0.159912
2017-09-06T14:40:00Z,275.97656,280.54688,273.51563,277.38281,278.78906,276.67969,277.73438,278.4375,276.32813,277.73438,277.73438,280.54688,14.23828,10.78125,12.48047,12.12891,12.53906,12.71484,12.89063,12.65625,12.53906,12.71484,12.94922,13.30078,13.18359,0.133057,0.141602,0.131836,0.142822,0.126953,0.118408,0.135498,0.126953,0.098877,0.113525,0.098877
2017-09-06T14:50:00Z,273.16406,277.03125,273.51563,274.21875,271.40625,277.03125,271.75781,273.16406,278.4375,276.32813,275.625,271.05469,12.89063,10.37109,11.71875,11.60156,12.36328,12.24609,11.95313,12.36328,12.59766,12.65625,11.89453,11.95313,12.94922,0.128174,0.131836,0.135498,0.102539,0.119629,0.115967,0.12085,0.117188,0.128174,0.109863,0.124512
2017-09-06T15:00:00Z,269.29688,271.75781,273.86719,275.625,275.625,273.16406,271.75781,273.51563,274.57031,268.94531,273.51563,279.49219,12.53906,10.25391,10.89844,11.71875,11.01563,11.42578,11.60156,11.83594,11.66016,11.36719,11.77734,12.1875,11.95313,0.123291,0.130615,0.141602,0.157471,0.155029,0.117188,0.111084,0.095215,0.12085,0.130615,0.142822
2017-09-06T15:10:00Z,271.05469,275.625,276.32813,272.10938,273.51563,275.97656,274.92188,275.97656,279.84375,280.89844,278.78906,276.67969,11.54297,9.19922,10.83984,10.83984,10.72266,10.89844,11.48438,11.36719,11.42578,11.30859,11.60156,11.42578,11.66016,0.135498,0.141602,0.147705,0.167236,0.166016,0.147705,0.141602,0.126953,0.102539,0.141602,0.147705
2017-09-06T15:20:00Z,271.40625,275.97656,281.25,278.4375,281.60156,277.73438,277.73438,280.89844,281.25,279.84375,281.60156,283.35938,12.53906,9.96094,11.48438,11.71875,11.13281,11.71875,11.60156,11.30859,11.54297,11.71875,11.54297,11.60156,11.36719,0.140381,0.126953,0.124512,0.12207,0.141602,0.114746,0.117188,0.144043,0.100098,0.131836,0.141602
2017-09-06T15:30:00Z,277.73438,280.19531,279.84375,281.60156,278.4375,276.67969,280.19531,284.76563,281.25,282.65625,279.49219,283.71094,12.48047,9.25781,10.19531,10.07813,10.19531,10.66406,10.3125,10.66406,10.95703,10.48828,10.48828,11.07422,10.95703,0.167236,0.163574,0.175781,0.157471,0.159912,0.144043,0.144043,0.129395,0.131836,0.161133,0.144043
2017-09-06T15:40:00Z,275.97656,280.54688,284.41406,282.30469,282.30469,279.84375,282.30469,282.65625,279.14063,284.0625,283.71094,283.35938,11.48438,8.67188,9.49219,9.43359,9.49219,9.72656,9.55078,9.49219,9.55078,9.90234,9.78516,9.60938,9.55078,0.170898,0.147705,0.144043,0.136719,0.131836,0.148926,0.134277,0.144043,0.12207,0.101318,0.135498
2017-09-06T15:50:00Z,278.08594,283.00781,279.14063,283.00781,282.65625,279.49219,282.65625,282.30469,281.25,281.25,283.71094,281.25,10.72266,8.37891,9.43359,9.96094,9.78516,10.01953,10.48828,10.60547,10.3125,10.19531,10.25391,10.3125,10.25391,0.168457,0.106201,0.163574,0.123291,0.135498,0.130615,0.108643,0.148926,0.162354,0.114746,0.119629
2017-09-06T16:00:00Z,279.14063,283.35938,283.35938,285.11719,287.22656,285.46875,282.65625,281.95313,285.11719,287.92969,284.76563,283.71094,11.30859,8.37891,9.90234,10.07813,9.96094,9.78516,10.13672,10.13672,10.66406,10.72266,10.54688,10.60547,10.54688,0.194092,0.152588,0.179443,0.167236,0.10498,0.159912,0.168457,0.118408,0.148926,0.134277,0.133057
2017-09-06T16:10:00Z,281.25,283.71094,281.25,284.76563,285.82031,283.35938,287.22656,284.76563,285.82031,285.82031,286.52344,289.6875,11.66016,8.73047,9.90234,9.96094,10.07813,10.19531,10.13672,10.42969,10.3125,10.42969,10.25391,10.37109,10.66406,0.148926,0.131836,0.148926,0.115967,0.141602,0.130615,0.10376,0.134277,0.140381,0.155029,0.134277
2017-09-06T16:20:00Z,279.84375,287.57813,283.00781,286.52344,281.95313,286.17188,287.22656,284.76563,287.92969,285.82031,286.875,286.52344,10.83984,8.55469,9.78516,9.84375,10.25391,10.3125,10.60547,10.54688,10.66406,10.48828,10.3125,10.72266,10.89844,0.153809,0.129395,0.169678,0.147705,0.131836,0.129395,0.17334,0.161133,0.125732,0.140381,0.134277
2017-09-06T16:30:00Z,285.82031,290.74219,286.52344,287.57813,290.39063,290.39063,285.11719,287.22656,285.46875,288.98438,286.875,289.33594,11.77734,8.61328,9.72656,10.07813,10.01953,10.19531,10.13672,10.19531,10.54688,10.48828,10.66406,10.3125,10.60547,0.125732,0.137939,0.117188,0.12085,0.133057,0.13916,0.133057,0.140381,0.117188,0.141602,0.131836
2017-09-06T16:40:00Z,282.65625,278.4375,282.30469,284.41406,282.30469,281.95313,277.38281,280.19531,283.71094,283.71094,282.65625,282.30469,10.89844,8.61328,9.25781,9.31641,9.43359,9.55078,9.66797,9.43359,10.13672,10.01953,9.90234,9.78516,9.84375,0.130615,0.179443,0.183105,0.145264,0.162354,0.174561,0.141602,0.15625,0.155029,0.148926,0.150146
2017-09-06T16:50:00Z,271.40625,279.49219,279.49219,280.54688,283.35938,280.54688,277.38281,283.35938,284.76563,281.60156,282.30469,287.57813,10.19531,8.14453,9.90234,9.72656,9.96094,9.60938,9.55078,10.42969,10.42969,10.60547,10.3125,10.60547,10.66406,0.170898,0.129395,0.168457,0.170898,0.175781,0.166016,0.140381,0.162354,0.12085,0.181885,0.177002
2017-09-06T17:00:00Z,282.30469,292.14844,291.44531,292.14844,291.79688,294.60938,288.98438,293.90625,294.60938,291.79688,294.60938,293.20313,11.48438,9.14063,10.60547,11.01563,10.95703,11.13281,11.30859,11.19141,11.13281,10.95703,11.48438,11.71875,11.60156,0.155029,0.142822,0.148926,0.118408,0.135498,0.166016,0.098877,0.159912,0.13916,0.137939,0.152588
2017-09-06T17:10:00Z,289.33594,296.01563,293.90625,294.60938,290.03906,293.20313,293.90625,291.79688,294.60938,293.55469,293.90625,296.01563,11.77734,9.19922,10.25391,10.72266,10.78125,10.83984,11.19141,11.07422,11.60156,11.19141,11.54297,11.25,11.13281,0.157471,0.142822,0.15625,0.155029,0.142822,0.136719,0.137939,0.140381,0.126953,0.128174,0.157471
2017-09-06T17:20:00Z,294.96094,294.25781,295.3125,294.96094,293.20313,299.53125,296.71875,286.52344,289.33594,291.79688,293.55469,290.03906,12.12891,9.375,11.36719,11.71875,11.54297,11.83594,11.01563,10.83984,11.07422,11.48438,11.42578,11.07422,10.83984,0.126953,0.134277,0.133057,0.128174,0.130615,0.140381,0.123291,0.134277,0.141602,0.166016,0.142822
2017-09-06T17:30:00Z,287.22656,292.14844,290.39063,291.79688,291.79688,287.92969,291.79688,287.57813,289.33594,290.39063,288.98438,289.6875,12.36328,9.08203,8.90625,9.14063,9.375,9.31641,9.96094,10.01953,9.55078,9.90234,10.25391,10.48828,10.60547,0.144043,0.125732,0.142822,0.168457,0.145264,0.155029,0.163574,0.161133,0.140381,0.124512,0.140381
2017-09-06T17:40:00Z,290.74219,290.74219,295.66406,290.39063,291.09375,290.39063,287.22656,287.92969,292.5,291.79688,291.79688,286.17188,11.13281,8.20313,10.83984,10.54688,10.83984,10.89844,11.13281,11.30859,11.54297,11.30859,11.25,11.01563,11.36719,0.147705,0.141602,0.146484,0.145264,0.153809,0.15625,0.12085,0.167236,0.159912,0.157471,0.119629
2017-09-06T17:50:00Z,288.63281,291.09375,290.39063,290.03906,284.41406,289.33594,287.22656,289.33594,287.22656,293.55469,286.875,291.09375,12.07031,9.60938,10.54688,10.78125,11.01563,10.95703,11.19141,11.48438,11.54297,11.36719,11.60156,11.54297,11.36719,0.134277,0.146484,0.117188,0.142822,0.137939,0.119629,0.140381,0.137939,0.13916,0.130615,0.142822
2017-09-06T18:00:00Z,289.6875,291.44531,288.98438,287.92969,294.60938,292.14844,291.44531,290.74219,296.36719,292.85156,285.82031,293.20313,11.30859,9.02344,10.25391,10.60547,10.37109,10.78125,10.42969,10.95703,10.83984,10.54688,10.54688,10.78125,10.78125,0.155029,0.148926,0.097656,0.161133,0.148926,0.112305,0.152588,0.13916,0.15625,0.162354,0.113525
2017-09-06T18:10:00Z,291.09375,295.3125,293.55469,296.01563,295.3125,296.01563,298.82813,290.74219,296.36719,292.85156,292.5,290.39063,10.89844,8.37891,9.55078,9.72656,9.49219,10.01953,10.42969,10.07813,10.07813,10.19531,10.25391,10.3125,10.19531,0.134277,0.163574,0.13916,0.164795,0.163574,0.172119,0.133057,0.118408,0.109863,0.152588,0.124512
2017-09-06T18:20:00Z,289.6875,288.63281,295.66406,292.5,290.03906,288.63281,288.28125,290.39063,288.98438,288.28125,289.33594,289.33594,10.48828,8.49609,9.96094,10.07813,10.01953,10.25391,10.3125,10.37109,10.3125,10.60547,10.54688,10.89844,10.78125,0.187988,0.167236,0.136719,0.134277,0.144043,0.119629,0.148926,0.179443,0.146484,0.135498,0.151367
2017-09-06T18:30:00Z,288.63281,292.14844,292.14844,294.25781,294.25781,297.42188,295.66406,295.66406,296.36719,296.01563,298.47656,293.90625,10.72266,8.49609,10.48828,10.42969,10.66406,10.60547,11.01563,10.89844,10.95703,10.72266,10.83984,10.95703,10.66406,0.136719,0.155029,0.134277,0.114746,0.119629,0.146484,0.141602,0.163574,0.144043,0.123291,0.144043
2017-09-06T18:40:00Z,294.60938,292.14844,293.90625,291.44531,292.85156,292.85156,294.60938,294.60938,293.90625,295.66406,292.5,290.39063,11.01563,8.73047,10.25391,10.3125,10.42969,10.42969,10.83984,10.89844,10.89844,10.60547,10.95703,10.83984,11.13281,0.179443,0.164795,0.170898,0.148926,0.200195,0.185547,0.108643,0.158691,0.167236,0.159912,0.145264
2017-09-06T18:50:00Z,290.74219,297.77344,300.9375,293.20313,297.77344,299.17969,301.64063,295.3125,293.90625,299.53125,297.07031,296.01563,11.13281,8.49609,10.60547,10.60547,10.37109,10.83984,10.42969,10.13672,10.37109,10.48828,10.37109,10.42969,10.60547,0.151367,0.150146,0.148926,0.152588,0.130615,0.142822,0.131836,0.148926,0.142822,0.148926,0.131836
2017-09-06T19:00:00Z,297.77344,296.01563,297.77344,296.01563,298.47656,296.01563,296.71875,297.42188,297.42188,299.17969,292.14844,303.04688,10.48828,8.49609,9.43359,9.60938,9.49219,9.78516,10.01953,10.3125,9.96094,9.66797,9.72656,10.07813,10.13672,0.158691,0.163574,0.129395,0.147705,0.113525,0.130615,0.124512,0.146484,0.145264,0.147705,0.102539
2017-09-06T19:10:00Z,297.07031,305.85938,304.45313,309.375,305.15625,308.67188,306.91406,311.83594,303.39844,305.50781,307.61719,307.96875,10.48828,8.08594,9.375,9.25781,9.43359,9.90234,9.84375,10.01953,9.60938,9.60938,9.90234,9.90234,9.84375,0.150146,0.142822,0.144043,0.114746,0.129395,0.133057,0.10498,0.130615,0.137939,0.135498,0.134277
2017-09-06T19:20:00Z,304.45313,306.21094,307.61719,304.45313,302.69531,306.5625,301.64063,311.13281,305.50781,306.91406,304.45313,302.69531,10.42969,8.32031,9.375,9.375,9.66797,9.49219,9.55078,9.78516,10.07813,9.90234,9.55078,9.02344,9.55078,0.155029,0.155029,0.15625,0.111084,0.10376,0.114746,0.123291,0.136719,0.128174,0.10376,0.115967
2017-09-06T19:30:00Z,299.88281,304.45313,305.50781,302.69531,301.64063,302.34375,304.10156,301.99219,310.78125,297.42188,306.21094,302.34375,10.54688,8.20313,9.25781,9.25781,9.55078,9.375,9.72656,9.43359,9.72656,9.49219,9.66797,9.55078,9.78516,0.145264,0.13916,0.144043,0.177002,0.140381,0.130615,0.137939,0.129395,0.126953,0.164795,0.12207
2017-09-06T19:40:00Z,299.53125,301.64063,299.17969,300.23438,298.125,303.39844,299.53125,294.96094,298.82813,300.58594,296.36719,300.58594,9.90234,7.79297,8.73047,8.96484,8.84766,9.14063,8.84766,8.96484,8.90625,9.14063,9.19922,9.14063,9.19922,0.117188,0.128174,0.126953,0.112305,0.142822,0.080566,0.118408,0.111084,0.115967,0.106201,0.128174
2017-09-06T19:50:00Z,296.71875,292.5,291.09375,297.07031,298.82813,295.66406,292.5,292.85156,292.85156,298.125,294.60938,295.3125,10.37109,7.96875,8.90625,9.60938,8.90625,9.66797,9.31641,9.375,9.60938,10.01953,10.01953,9.90234,9.43359,0.172119,0.183105,0.177002,0.140381,0.130615,0.130615,0.133057,0.123291,0.123291,0.119629,0.126953
2017-09-06T20:00:00Z,292.5,294.25781,294.96094,297.42188,293.90625,296.71875,294.96094,292.5,292.14844,298.82813,292.5,297.07031,11.13281,8.32031,10.13672,10.3125,10.01953,10.3125,10.07813,10.07813,10.13672,10.48828,10.3125,10.42969,10.3125,0.117188,0.118408,0.119629,0.140381,0.131836,0.115967,0.137939,0.109863,0.133057,0.106201,0.115967
2017-09-06T20:10:00Z,295.3125,298.125,305.85938,302.69531,300.9375,303.39844,301.28906,300.9375,302.69531,299.53125,300.9375,302.34375,11.01563,8.49609,9.49219,9.31641,9.25781,9.72656,9.84375,9.78516,9.66797,9.90234,9.60938,9.66797,8.90625,0.153809,0.111084,0.157471,0.124512,0.12207,0.148926,0.135498,0.123291,0.153809,0.13916,0.164795
2017-09-06T20:20:00Z,301.28906,299.53125,296.36719,297.42188,296.36719,299.17969,295.3125,298.47656,298.47656,297.42188,296.01563,301.64063,10.07813,7.91016,9.43359,9.55078,9.60938,10.07813,9.90234,9.60938,9.66797,9.78516,9.84375,10.07813,9.96094,0.131836,0.155029,0.150146,0.126953,0.135498,0.175781,0.137939,0.10376,0.129395,0.112305,0.098877
2017-09-06T20:30:00Z,294.96094,298.47656,299.53125,298.82813,301.28906,300.58594,294.25781,301.28906,297.42188,294.96094,298.82813,298.125,10.42969,8.32031,9.66797,9.66797,9.84375,9.84375,9.90234,9.78516,9.90234,10.19531,10.19531,9.90234,9.96094,0.123291,0.123291,0.135498,0.126953,0.119629,0.112305,0.135498,0.124512,0.114746,0.111084,0.118408
2017-09-06T20:40:00Z,294.60938,290.39063,292.5,298.125,295.66406,291.09375,293.90625,292.85156,293.90625,289.6875,291.79688,293.55469,10.01953,8.20313,9.72656,9.84375,9.66797,10.07813,10.48828,10.19531,10.25391,10.13672,10.42969,10.60547,10.48828,0.128174,0.115967,0.112305,0.115967,0.128174,0.157471,0.117188,0.113525,0.129395,0.114746,0.090332
2017-09-06T21:00:00Z,299.53125,297.42188,296.01563,295.3125,297.42188,294.96094,295.66406,298.125,295.66406,297.07031,296.36719,296.71875,10.60547,8.55469,9.66797,9.84375,9.84375,10.07813,9.90234,10.3125,10.54688,10.25391,10.13672,10.42969,9.96094,0.119629,0.090332,0.142822,0.114746,0.112305,0.093994,0.114746,0.10498,0.08667,0.107422,0.113525
2017-09-06T21:10:00Z,292.5,288.63281,291.09375,293.20313,286.52344,291.44531,291.79688,292.14844,288.63281,292.5,293.90625,294.25781,10.3125,8.08594,9.14063,9.49219,9.19922,9.90234,9.84375,9.78516,9.72656,9.96094,10.07813,9.96094,9.90234,0.133057,0.133057,0.146484,0.124512,0.12085,0.144043,0.124512,0.111084,0.109863,0.096436,0.113525
2017-09-06T21:20:00Z,291.09375,293.90625,293.55469,295.66406,296.71875,293.20313,295.66406,298.82813,297.07031,290.03906,291.09375,299.17969,10.37109,8.26172,9.78516,10.01953,9.96094,10.19531,10.13672,10.3125,10.07813,10.01953,10.01953,10.3125,10.13672,0.145264,0.117188,0.100098,0.142822,0.115967,0.109863,0.129395,0.111084,0.114746,0.092773,0.098877
2017-09-06T21:30:00Z,297.42188,305.85938,305.85938,307.61719,306.5625,307.61719,300.58594,303.75,306.91406,304.10156,301.28906,308.32031,10.13672,8.14453,10.3125,10.3125,10.25391,10.60547,10.07813,10.25391,10.42969,10.66406,10.54688,10.89844,10.72266,0.145264,0.142822,0.140381,0.145264,0.159912,0.167236,0.134277,0.136719,0.135498,0.134277,0.147705
2017-09-06T22:10:00Z,293.20313,291.79688,292.85156,294.25781,294.60938,295.66406,292.85156,293.55469,295.66406,294.60938,291.79688,294.96094,10.66406,8.26172,9.55078,9.43359,9.55078,9.72656,9.96094,9.96094,10.13672,10.3125,10.19531,9.96094,9.84375,0.124512,0.124512,0.112305,0.115967,0.136719,0.131836,0.111084,0.133057,0.111084,0.135498,0.137939
2017-09-06T22:20:00Z,288.98438,290.03906,291.09375,286.52344,288.63281,290.39063,289.6875,291.79688,292.5,287.92969,293.55469,287.22656,10.13672,8.02734,9.43359,9.72656,9.60938,9.96094,9.78516,9.90234,10.25391,10.07813,10.13672,9.78516,9.78516,0.135498,0.130615,0.158691,0.142822,0.10498,0.118408,0.114746,0.131836,0.142822,0.140381,0.111084
2017-09-06T22:30:00Z,287.57813,289.6875,291.09375,294.60938,281.95313,291.44531,288.63281,287.22656,287.92969,284.76563,286.875,289.6875,10.89844,8.4375,9.78516,10.13672,9.96094,10.48828,10.60547,10.25391,10.37109,10.48828,10.42969,10.60547,10.60547,0.145264,0.12085,0.151367,0.097656,0.115967,0.115967,0.119629,0.107422,0.142822,0.135498,0.109863
2017-09-06T22:40:00Z,286.875,288.98438,291.79688,291.79688,290.03906,288.28125,287.22656,288.98438,291.09375,286.875,290.39063,293.90625,10.78125,8.61328,10.01953,10.19531,10.48828,10.25391,10.54688,10.54688,10.37109,10.48828,10.66406,10.54688,10.54688,0.125732,0.118408,0.119629,0.114746,0.133057,0.12085,0.128174,0.117188,0.095215,0.135498,0.108643
2017-09-06T22:50:00Z,289.6875,290.39063,291.09375,294.60938,291.79688,293.20313,289.6875,289.6875,295.66406,295.66406,293.55469,287.92969,11.01563,8.78906,9.72656,9.72656,9.78516,9.96094,9.78516,10.01953,10.13672,10.19531,9.78516,9.84375,10.19531,0.131836,0.152588,0.137939,0.12085,0.118408,0.102539,0.101318,0.117188,0.115967,0.111084,0.108643
2017-09-06T23:00:00Z,289.33594,291.79688,289.6875,291.09375,293.55469,288.98438,290.74219,287.22656,288.63281,294.25781,288.63281,286.875,10.95703,8.49609,9.84375,9.84375,9.84375,9.90234,9.60938,9.66797,10.13672,10.42969,9.90234,10.01953,10.25391,0.144043,0.15625,0.130615,0.136719,0.129395,0.102539,0.125732,0.10376,0.13916,0.112305,0.133057
2017-09-06T23:10:00Z,286.52344,285.82031,285.11719,285.82031,286.52344,290.39063,286.52344,289.33594,290.03906,288.98438,283.71094,286.52344,11.07422,8.26172,9.96094,9.78516,9.84375,10.19531,9.78516,10.01953,10.07813,9.90234,9.72656,10.07813,10.07813,0.179443,0.145264,0.155029,0.157471,0.15625,0.115967,0.157471,0.113525,0.125732,0.123291,0.131836
2017-09-06T23:20:00Z,285.46875,286.17188,288.98438,289.33594,291.44531,286.17188,286.52344,289.6875,291.09375,291.44531,288.98438,287.57813,10.54688,8.32031,9.78516,9.66797,9.66797,9.55078,10.07813,10.13672,9.96094,9.96094,10.01953,9.96094,10.01953,0.141602,0.123291,0.137939,0.162354,0.153809,0.10376,0.114746,0.128174,0.123291,0.10376,0.117188
2017-09-06T23:30:00Z,288.63281,285.46875,287.22656,295.3125,291.79688,286.17188,284.76563,285.82031,288.98438,285.82031,288.98438,282.30469,10.48828,8.49609,9.25781,9.55078,9.31641,9.60938,9.66797,9.55078,9.84375,9.84375,9.60938,9.55078,9.90234,0.134277,0.147705,0.151367,0.135498,0.125732,0.152588,0.134277,0.117188,0.106201,0.128174,0.12207
2017-09-06T23:40:00Z,278.4375,278.08594,278.78906,279.84375,280.89844,277.73438,279.84375,275.27344,279.84375,279.14063,277.03125,281.95313,10.25391,7.96875,9.375,9.60938,9.60938,10.01953,9.84375,9.96094,10.13672,10.25391,9.72656,9.90234,10.25391,0.129395,0.118408,0.118408,0.119629,0.12085,0.12085,0.125732,0.144043,0.152588,0.114746,0.150146
2017-09-06T23:50:00Z,275.27344,273.86719,278.78906,273.86719,278.4375,277.03125,276.67969,276.32813,278.4375,278.78906,279.84375,280.89844,10.54688,8.55469,10.13672,10.25391,10.01953,10.37109,10.54688,10.37109,10.42969,10.54688,10.83984,10.78125,9.96094,0.100098,0.161133,0.150146,0.131836,0.147705,0.166016,0.124512,0.118408,0.119629,0.153809,0.145264