LOCATION: 
SYSTEM SERIAL: HKZA
TIMESTAMP (ISO-8601) UTC,WindDir004m deg,WindDir030m deg,WindDir040m deg,WindDir040m_ref deg,WindDir060m deg,WindDir080m deg,WindDir100m deg,WindDir120m deg,WindDir140m deg,WindDir160m deg,WindDir180m deg,WindDir200m deg,WindGust004m m/s,WindSpeed004m m/s,WindSpeed030mh m/s,WindSpeed040mh m/s,WindSpeed040m_refh m/s,WindSpeed060mh m/s,WindSpeed080mh m/s,WindSpeed100mh m/s,WindSpeed120mh m/s,WindSpeed140mh m/s,WindSpeed160mh m/s,WindSpeed180mh m/s,WindSpeed200mh m/s,TI 030m,TI 040m,TI 040m ref,TI 060m,TI 080m,TI 100m,TI 120m,TI 140m,TI 160m,TI 180m,TI 200m
2017-09-30T00:00:00Z,291.44531,297.77344,292.85156,299.17969,294.25781,293.20313,295.3125,292.14844,290.39063,292.14844,286.52344,274.57031,6.38672,5.21484,5.27344,5.44922,5.56641,5.625,5.74219,5.625,5.50781,5.74219,5.625,6.03516,6.5625,0.134277,0.106201,0.133057,0.153809,0.106201,0.107422,0.111084,0.112305,0.13916,0.161133,0.147705
2017-09-30T00:10:00Z,292.5,294.60938,290.74219,292.85156,294.60938,290.39063,292.14844,288.28125,288.98438,284.41406,288.63281,283.35938,5.50781,4.51172,4.57031,4.45313,4.57031,4.74609,4.6875,4.57031,4.92188,4.98047,5.15625,5.15625,5.27344,0.144043,0.166016,0.115967,0.111084,0.152588,0.137939,0.155029,0.12085,0.119629,0.136719,0.141602
2017-09-30T00:20:00Z,286.52344,285.11719,280.54688,283.71094,281.95313,280.54688,279.49219,279.14063,277.03125,278.78906,271.05469,271.05469,5.27344,3.98438,3.98438,4.10156,4.10156,4.16016,4.27734,4.45313,4.45313,4.6875,4.74609,5.03906,5.33203,0.218506,0.164795,0.212402,0.17334,0.183105,0.213623,0.167236,0.124512,0.161133,0.172119,0.200195
2017-09-30T00:30:00Z,271.75781,274.57031,271.75781,274.92188,275.625,267.1875,271.40625,269.64844,270.0,264.02344,265.78125,263.32031,4.51172,3.28125,3.69141,4.04297,3.92578,3.86719,4.10156,4.21875,4.57031,4.39453,4.62891,4.86328,5.21484,0.168457,0.175781,0.181885,0.236816,0.200195,0.13916,0.164795,0.168457,0.183105,0.166016,0.151367
2017-09-30T00:40:00Z,268.94531,276.32813,271.75781,268.94531,267.53906,267.89063,269.64844,266.48438,262.61719,262.96875,261.21094,262.61719,4.80469,3.45703,3.39844,3.51563,3.69141,3.75,4.04297,4.04297,4.27734,4.33594,4.6875,4.57031,5.03906,0.162354,0.153809,0.170898,0.184326,0.150146,0.130615,0.161133,0.13916,0.155029,0.151367,0.153809
2017-09-30T00:50:00Z,270.35156,274.92188,276.32813,276.67969,273.86719,270.70313,270.0,270.0,273.51563,270.0,265.07813,266.48438,4.16016,3.10547,3.57422,3.69141,3.80859,3.86719,3.75,4.10156,4.51172,4.6875,5.09766,4.6875,5.39063,0.219727,0.26123,0.286865,0.302734,0.24292,0.270996,0.26001,0.255127,0.198975,0.224609,0.20874
2017-09-30T01:20:00Z,269.64844,283.71094,279.14063,282.30469,282.65625,281.95313,283.35938,280.54688,282.65625,277.38281,279.84375,270.35156,4.6875,3.10547,3.39844,3.51563,3.51563,3.51563,3.57422,3.80859,3.98438,4.21875,4.27734,4.45313,5.03906,0.196533,0.217285,0.202637,0.211182,0.175781,0.168457,0.164795,0.235596,0.117188,0.201416,0.450439
2017-09-30T01:30:00Z,295.3125,319.92188,316.05469,315.35156,312.89063,304.10156,305.50781,297.77344,308.32031,290.74219,285.82031,288.98438,3.80859,2.87109,3.04688,2.87109,2.87109,2.98828,3.10547,3.28125,3.16406,3.86719,3.75,4.33594,4.04297,0.206299,0.27832,0.250244,0.220947,0.253906,0.246582,0.245361,0.557861,0.354004,0.402832,0.336914
2017-09-30T01:40:00Z,327.65625,325.19531,322.03125,325.19531,321.32813,315.70313,316.75781,309.02344,309.02344,307.26563,305.50781,304.80469,3.33984,2.46094,2.63672,2.8125,2.57813,2.8125,2.92969,2.92969,2.92969,2.92969,3.16406,3.28125,3.45703,0.183105,0.157471,0.185547,0.206299,0.206299,0.218506,0.198975,0.223389,0.141602,0.166016,0.158691
2017-09-30T01:50:00Z,331.875,335.74219,333.98438,335.03906,333.28125,333.63281,329.0625,324.49219,311.13281,314.29688,311.83594,311.13281,3.39844,2.63672,2.57813,2.51953,2.51953,2.63672,2.57813,2.57813,2.57813,2.57813,2.87109,2.92969,3.04688,0.2771,0.302734,0.325928,0.219727,0.224609,0.223389,0.268555,0.192871,0.235596,0.26001,0.279541
2017-09-30T02:00:00Z,322.38281,306.5625,302.34375,302.69531,302.34375,291.09375,288.98438,287.22656,289.33594,286.875,284.41406,286.17188,2.63672,1.58203,1.93359,2.05078,1.99219,2.05078,2.46094,2.51953,2.8125,2.92969,3.28125,3.45703,3.75,0.266113,0.385742,0.344238,0.296631,0.289307,0.230713,0.235596,0.197754,0.198975,0.20752,0.150146
2017-09-30T02:10:00Z,292.85156,293.90625,290.39063,291.09375,291.09375,288.28125,288.98438,284.0625,285.82031,282.30469,285.46875,283.71094,3.28125,2.34375,2.75391,2.87109,2.8125,3.04688,3.28125,3.28125,3.57422,3.51563,3.86719,3.98438,4.04297,0.174561,0.135498,0.147705,0.164795,0.137939,0.144043,0.152588,0.169678,0.184326,0.15625,0.148926
2017-09-30T02:20:00Z,294.96094,294.25781,294.25781,292.85156,295.3125,293.55469,291.79688,293.55469,288.98438,292.14844,286.52344,291.79688,3.92578,2.75391,3.75,3.86719,3.86719,3.92578,3.98438,4.27734,4.21875,4.39453,4.39453,4.57031,4.51172,0.19043,0.222168,0.170898,0.284424,0.246582,0.231934,0.196533,0.280762,0.345459,0.322266,0.19043
2017-09-30T02:30:00Z,293.90625,304.10156,307.26563,310.07813,304.10156,308.67188,300.23438,304.10156,275.97656,283.35938,265.07813,313.59375,5.21484,3.86719,4.21875,4.27734,4.21875,4.45313,4.6875,4.74609,4.62891,6.44531,6.09375,6.62109,5.91797,0.203857,0.198975,0.17334,0.150146,0.175781,0.213623,0.220947,0.528564,0.490723,0.452881,0.3479
2017-09-30T02:40:00Z,307.96875,307.96875,305.85938,305.85938,306.21094,306.5625,300.23438,303.04688,297.42188,303.39844,298.47656,269.64844,5.91797,4.10156,4.27734,4.45313,4.39453,4.45313,4.33594,4.51172,4.33594,4.74609,5.44922,5.44922,6.15234,0.245361,0.192871,0.216064,0.19165,0.175781,0.200195,0.206299,0.228271,0.450439,0.444336,0.560303
2017-09-30T02:50:00Z,306.91406,302.34375,302.69531,302.69531,305.50781,306.5625,299.88281,300.58594,299.17969,300.23438,301.99219,298.47656,4.74609,3.75,4.33594,4.57031,4.51172,4.51172,4.6875,4.62891,4.86328,4.92188,5.15625,4.98047,4.92188,0.184326,0.220947,0.184326,0.231934,0.162354,0.228271,0.152588,0.267334,0.196533,0.224609,0.167236
2017-09-30T03:00:00Z,297.42188,300.58594,298.125,298.47656,299.53125,297.07031,300.9375,300.58594,303.04688,301.28906,302.69531,297.77344,7.38281,5.27344,6.91406,6.91406,7.03125,7.08984,7.08984,7.03125,7.03125,6.97266,6.97266,6.85547,6.91406,0.109863,0.101318,0.12207,0.10376,0.113525,0.106201,0.140381,0.093994,0.113525,0.168457,0.133057
2017-09-30T03:10:00Z,300.23438,301.28906,303.75,303.39844,303.39844,304.45313,301.64063,302.34375,305.15625,304.10156,303.04688,306.21094,7.44141,5.97656,6.21094,6.26953,6.32813,6.26953,6.38672,6.32813,6.26953,6.15234,6.15234,6.32813,6.32813,0.133057,0.089111,0.10498,0.136719,0.12085,0.100098,0.114746,0.125732,0.076904,0.123291,0.131836
2017-09-30T03:20:00Z,304.10156,305.50781,304.10156,301.28906,303.04688,302.34375,307.61719,306.21094,307.26563,308.67188,307.96875,307.96875,6.85547,5.625,5.80078,5.74219,6.03516,5.97656,6.15234,6.03516,6.03516,6.03516,6.03516,5.97656,6.09375,0.153809,0.123291,0.142822,0.150146,0.100098,0.113525,0.125732,0.115967,0.123291,0.115967,0.113525
2017-09-30T03:30:00Z,297.42188,304.10156,304.80469,302.34375,304.45313,303.04688,304.10156,300.58594,305.15625,303.39844,306.5625,303.39844,6.38672,5.15625,5.68359,5.97656,5.91797,5.68359,5.74219,5.625,5.85938,5.80078,5.74219,5.50781,5.44922,0.13916,0.131836,0.131836,0.134277,0.108643,0.12085,0.129395,0.123291,0.136719,0.148926,0.111084
2017-09-30T03:40:00Z,301.99219,302.34375,304.10156,301.99219,305.85938,303.75,304.80469,307.61719,304.10156,307.96875,306.91406,306.91406,6.32813,4.92188,4.80469,4.92188,4.86328,4.98047,4.92188,5.09766,4.92188,5.21484,4.98047,5.03906,4.98047,0.126953,0.12207,0.167236,0.135498,0.150146,0.123291,0.141602,0.151367,0.113525,0.166016,0.13916
2017-09-30T03:50:00Z,304.45313,304.10156,304.45313,301.99219,302.34375,305.85938,307.26563,300.23438,304.10156,301.64063,305.50781,304.10156,5.09766,4.10156,4.45313,4.39453,4.33594,4.74609,4.51172,4.51172,4.45313,4.51172,4.51172,4.51172,4.33594,0.084229,0.140381,0.150146,0.114746,0.106201,0.123291,0.084229,0.114746,0.12085,0.130615,0.128174
2017-09-30T04:00:00Z,304.80469,299.88281,303.75,303.75,305.50781,310.07813,304.80469,304.10156,306.21094,309.375,307.26563,307.26563,4.98047,3.98438,4.62891,4.51172,4.45313,4.62891,4.45313,4.39453,4.51172,4.57031,4.51172,4.39453,4.27734,0.144043,0.124512,0.118408,0.131836,0.124512,0.131836,0.119629,0.117188,0.137939,0.113525,0.159912
2017-09-30T04:10:00Z,303.39844,304.45313,307.96875,305.15625,306.91406,303.39844,304.80469,306.5625,308.32031,305.50781,308.32031,307.96875,4.86328,3.75,4.21875,4.21875,4.16016,4.16016,4.27734,4.45313,4.33594,4.27734,4.27734,4.39453,4.16016,0.128174,0.153809,0.135498,0.12207,0.150146,0.131836,0.153809,0.115967,0.12207,0.131836,0.12207
2017-09-30T04:20:00Z,305.15625,311.83594,310.42969,311.13281,310.07813,313.24219,312.53906,314.29688,313.24219,315.70313,314.64844,315.0,4.80469,3.80859,4.33594,4.33594,4.39453,4.33594,4.39453,4.51172,4.45313,4.45313,4.21875,4.33594,4.33594,0.142822,0.117188,0.097656,0.108643,0.10376,0.137939,0.12207,0.087891,0.074463,0.113525,0.109863
2017-09-30T04:30:00Z,313.94531,312.1875,311.83594,313.59375,313.94531,312.53906,313.94531,309.02344,313.94531,313.24219,312.53906,312.53906,5.15625,3.92578,4.33594,4.51172,4.45313,4.45313,4.45313,4.51172,4.57031,4.57031,4.45313,4.62891,4.45313,0.12085,0.153809,0.136719,0.164795,0.117188,0.13916,0.162354,0.112305,0.141602,0.109863,0.157471
2017-09-30T04:40:00Z,301.99219,300.58594,300.58594,300.58594,297.42188,301.64063,300.58594,303.04688,301.64063,304.45313,305.15625,305.50781,4.80469,3.63281,4.16016,4.16016,4.27734,4.21875,4.21875,4.33594,4.21875,4.21875,4.27734,4.10156,4.21875,0.153809,0.125732,0.12207,0.109863,0.130615,0.111084,0.115967,0.113525,0.123291,0.144043,0.115967
2017-09-30T04:50:00Z,298.47656,301.99219,301.28906,301.64063,301.99219,301.99219,303.75,301.64063,303.04688,301.64063,301.99219,300.23438,4.62891,3.57422,4.10156,4.10156,4.04297,4.21875,4.16016,4.27734,4.21875,4.16016,4.27734,4.04297,4.27734,0.12085,0.153809,0.145264,0.12085,0.126953,0.159912,0.123291,0.126953,0.114746,0.140381,0.091553
2017-09-30T05:00:00Z,301.99219,298.47656,296.36719,296.36719,295.66406,296.71875,299.88281,294.96094,295.66406,297.07031,296.01563,295.66406,4.86328,3.69141,4.45313,4.62891,4.51172,4.62891,4.80469,4.57031,4.57031,4.6875,4.74609,4.6875,4.74609,0.128174,0.125732,0.152588,0.119629,0.12207,0.145264,0.095215,0.097656,0.091553,0.115967,0.101318
2017-09-30T05:10:00Z,293.55469,295.66406,297.77344,297.42188,300.9375,291.79688,295.66406,297.07031,300.9375,296.01563,298.47656,296.01563,5.625,4.16016,5.50781,5.33203,5.39063,5.27344,5.09766,5.44922,5.44922,5.39063,5.27344,5.33203,5.15625,0.134277,0.124512,0.125732,0.115967,0.130615,0.109863,0.107422,0.117188,0.118408,0.153809,0.096436
2017-09-30T05:20:00Z,297.77344,297.42188,299.17969,298.47656,298.125,300.58594,297.77344,298.82813,299.17969,297.77344,297.77344,295.3125,5.97656,4.62891,5.21484,5.09766,5.15625,5.33203,5.39063,5.44922,5.44922,5.39063,5.39063,5.44922,5.625,0.12207,0.137939,0.140381,0.107422,0.102539,0.151367,0.135498,0.119629,0.130615,0.158691,0.107422
2017-09-30T05:30:00Z,293.55469,294.96094,295.3125,298.125,298.47656,296.01563,299.53125,299.53125,297.42188,299.53125,299.53125,298.47656,5.80078,4.39453,4.98047,5.09766,5.09766,5.15625,5.21484,5.15625,5.15625,5.15625,5.15625,5.03906,5.09766,0.144043,0.142822,0.141602,0.119629,0.123291,0.135498,0.158691,0.150146,0.140381,0.144043,0.179443
2017-09-30T05:40:00Z,299.17969,297.07031,298.125,297.42188,301.28906,299.53125,295.66406,299.53125,300.23438,300.58594,298.47656,297.07031,5.39063,4.27734,5.03906,4.98047,4.80469,5.03906,4.86328,5.09766,4.98047,5.15625,4.92188,5.03906,4.86328,0.108643,0.098877,0.128174,0.150146,0.130615,0.130615,0.100098,0.135498,0.115967,0.117188,0.155029
2017-09-30T05:50:00Z,294.25781,299.17969,297.07031,300.23438,293.90625,300.58594,296.71875,298.82813,298.47656,299.53125,294.25781,299.53125,5.56641,4.27734,4.6875,4.6875,4.92188,5.03906,4.92188,5.03906,4.86328,4.86328,4.6875,4.98047,5.09766,0.130615,0.109863,0.136719,0.125732,0.107422,0.126953,0.133057,0.124512,0.10376,0.102539,0.118408
2017-09-30T06:00:00Z,300.23438,304.10156,305.15625,307.61719,305.85938,303.75,305.85938,305.85938,304.80469,304.80469,304.80469,304.45313,5.15625,4.21875,4.86328,4.92188,4.74609,4.86328,4.98047,4.98047,4.98047,4.98047,4.86328,5.09766,4.98047,0.140381,0.144043,0.159912,0.114746,0.142822,0.128174,0.131836,0.12085,0.170898,0.142822,0.112305
2017-09-30T06:10:00Z,306.91406,304.10156,305.85938,305.15625,306.21094,303.39844,304.10156,307.26563,304.45313,305.50781,305.15625,303.39844,6.09375,4.74609,5.44922,5.39063,5.50781,5.27344,5.50781,5.56641,5.68359,5.44922,5.50781,5.33203,5.44922,0.128174,0.136719,0.137939,0.10376,0.123291,0.115967,0.101318,0.100098,0.101318,0.124512,0.092773
2017-09-30T06:20:00Z,300.23438,299.88281,299.17969,297.07031,298.125,298.125,299.53125,298.47656,299.17969,299.17969,298.47656,299.53125,6.44531,5.09766,5.56641,5.56641,5.80078,5.56641,5.50781,5.50781,5.625,5.68359,5.68359,5.68359,5.56641,0.128174,0.117188,0.084229,0.172119,0.131836,0.163574,0.109863,0.097656,0.12085,0.123291,0.113525
2017-09-30T06:30:00Z,292.5,292.85156,293.20313,292.85156,292.85156,295.3125,296.01563,294.96094,298.125,297.07031,297.77344,294.25781,6.5625,5.15625,5.625,5.625,5.625,5.625,5.85938,5.74219,5.85938,5.80078,5.74219,5.68359,5.85938,0.130615,0.152588,0.115967,0.114746,0.107422,0.125732,0.124512,0.102539,0.111084,0.124512,0.135498
2017-09-30T06:40:00Z,288.63281,294.96094,296.36719,296.36719,294.25781,292.14844,294.25781,293.55469,296.71875,292.5,295.66406,293.90625,6.50391,4.98047,5.33203,5.44922,5.74219,5.39063,5.625,5.625,5.68359,5.56641,5.50781,5.625,5.625,0.117188,0.098877,0.093994,0.148926,0.123291,0.113525,0.12207,0.131836,0.129395,0.092773,0.15625
2017-09-30T06:50:00Z,289.6875,288.63281,292.85156,294.60938,290.03906,292.5,291.44531,294.96094,290.74219,290.74219,290.74219,293.90625,6.03516,4.80469,4.98047,4.98047,4.92188,5.15625,5.21484,5.21484,5.09766,5.03906,5.03906,5.09766,4.98047,0.158691,0.129395,0.111084,0.124512,0.13916,0.089111,0.109863,0.140381,0.141602,0.10376,0.128174
2017-09-30T07:00:00Z,288.28125,289.6875,291.44531,288.98438,291.09375,288.28125,291.44531,287.92969,292.14844,290.74219,290.03906,290.03906,5.74219,4.21875,4.57031,4.6875,4.51172,4.74609,4.51172,4.6875,4.62891,4.74609,4.57031,4.80469,4.74609,0.113525,0.152588,0.147705,0.177002,0.12085,0.12207,0.093994,0.130615,0.119629,0.15625,0.12207
2017-09-30T07:10:00Z,282.65625,287.22656,290.39063,287.22656,290.74219,288.63281,289.33594,287.92969,289.33594,288.28125,287.57813,291.09375,5.33203,4.10156,4.57031,4.39453,4.21875,4.33594,4.33594,4.51172,4.57031,4.62891,4.57031,4.57031,4.51172,0.15625,0.17334,0.201416,0.133057,0.158691,0.12085,0.155029,0.129395,0.153809,0.142822,0.115967
2017-09-30T07:20:00Z,284.0625,285.46875,283.71094,284.0625,283.00781,283.71094,282.65625,286.875,284.41406,285.82031,283.35938,283.00781,4.86328,3.75,3.98438,3.92578,4.10156,4.04297,4.10156,4.21875,4.04297,4.10156,3.86719,4.16016,4.21875,0.168457,0.163574,0.162354,0.174561,0.147705,0.140381,0.17334,0.112305,0.205078,0.157471,0.179443
2017-09-30T07:30:00Z,282.65625,289.6875,289.33594,288.63281,289.6875,291.79688,290.03906,294.25781,291.44531,293.55469,294.60938,293.55469,4.62891,3.45703,3.92578,3.86719,3.80859,3.98438,3.80859,3.92578,3.92578,3.92578,3.92578,3.92578,3.75,0.137939,0.163574,0.148926,0.152588,0.140381,0.161133,0.174561,0.15625,0.153809,0.136719,0.167236
2017-09-30T07:40:00Z,284.76563,287.22656,286.52344,286.52344,290.39063,289.33594,290.74219,291.79688,289.6875,291.44531,290.03906,294.60938,4.45313,3.51563,4.04297,3.98438,3.98438,4.16016,4.16016,4.21875,4.10156,4.21875,4.16016,4.27734,4.10156,0.137939,0.161133,0.166016,0.126953,0.161133,0.146484,0.159912,0.175781,0.148926,0.117188,0.118408
2017-09-30T07:50:00Z,286.52344,293.55469,295.3125,294.60938,290.39063,294.25781,295.3125,294.60938,292.85156,295.3125,295.66406,296.36719,5.09766,3.69141,3.92578,3.86719,3.86719,3.92578,3.98438,4.10156,3.98438,4.04297,4.10156,4.10156,3.92578,0.153809,0.13916,0.168457,0.187988,0.150146,0.118408,0.172119,0.130615,0.076904,0.144043,0.155029
2017-09-30T08:00:00Z,290.74219,294.60938,292.85156,292.85156,296.36719,291.79688,294.25781,292.14844,294.60938,292.14844,295.3125,291.44531,4.57031,3.63281,3.80859,3.98438,4.04297,4.04297,4.16016,4.21875,4.04297,4.10156,4.10156,3.98438,4.10156,0.145264,0.125732,0.155029,0.144043,0.129395,0.123291,0.148926,0.128174,0.136719,0.172119,0.130615
2017-09-30T08:10:00Z,287.57813,287.92969,289.6875,283.35938,286.52344,287.57813,288.28125,287.22656,287.57813,286.875,288.98438,286.17188,4.80469,3.63281,4.45313,4.33594,4.62891,4.33594,4.51172,4.45313,4.57031,4.57031,4.51172,4.45313,4.45313,0.166016,0.203857,0.181885,0.162354,0.15625,0.174561,0.153809,0.168457,0.147705,0.135498,0.144043
2017-09-30T08:20:00Z,280.54688,288.28125,288.98438,287.92969,290.74219,288.98438,288.98438,290.74219,289.6875,290.39063,289.33594,289.33594,5.50781,4.39453,4.80469,4.80469,4.86328,4.74609,4.86328,5.03906,4.92188,4.92188,4.86328,4.92188,4.92188,0.144043,0.152588,0.144043,0.159912,0.114746,0.118408,0.181885,0.145264,0.157471,0.10498,0.147705
2017-09-30T08:30:00Z,287.22656,298.82813,291.44531,292.5,293.55469,291.44531,293.55469,290.74219,296.01563,290.74219,294.25781,292.14844,6.09375,4.6875,4.86328,4.98047,5.09766,5.09766,5.21484,4.98047,5.09766,5.09766,5.27344,5.21484,5.27344,0.146484,0.134277,0.152588,0.12085,0.137939,0.189209,0.12207,0.145264,0.142822,0.147705,0.131836
2017-09-30T08:40:00Z,288.98438,290.03906,293.55469,289.6875,287.92969,291.79688,288.63281,288.98438,291.09375,291.09375,288.98438,289.6875,5.68359,4.39453,5.15625,4.98047,5.03906,4.98047,4.92188,5.09766,5.21484,5.15625,5.15625,5.09766,4.98047,0.140381,0.098877,0.151367,0.145264,0.133057,0.106201,0.130615,0.151367,0.123291,0.151367,0.162354
2017-09-30T08:50:00Z,285.82031,292.85156,293.90625,294.96094,291.44531,292.14844,292.85156,294.25781,292.85156,294.96094,287.92969,292.85156,6.32813,4.80469,5.27344,5.21484,5.21484,5.44922,5.68359,5.74219,5.625,5.68359,5.39063,5.68359,5.625,0.113525,0.107422,0.179443,0.136719,0.142822,0.128174,0.13916,0.109863,0.141602,0.13916,0.119629
2017-09-30T09:00:00Z,288.28125,291.09375,291.09375,292.5,290.03906,293.55469,291.44531,290.74219,290.74219,297.07031,290.39063,292.5,6.38672,5.03906,5.15625,5.15625,5.39063,5.33203,5.21484,5.21484,5.44922,5.68359,5.39063,5.39063,5.09766,0.133057,0.113525,0.128174,0.123291,0.145264,0.113525,0.13916,0.137939,0.123291,0.130615,0.144043
2017-09-30T09:10:00Z,285.82031,284.41406,288.28125,289.6875,284.76563,286.52344,283.00781,288.98438,288.98438,289.33594,284.41406,289.33594,6.03516,4.6875,5.21484,5.15625,5.15625,5.27344,5.09766,5.33203,5.27344,5.15625,4.80469,5.15625,4.98047,0.131836,0.123291,0.150146,0.125732,0.144043,0.147705,0.124512,0.123291,0.168457,0.129395,0.12085
2017-09-30T09:20:00Z,286.17188,291.09375,292.85156,290.39063,291.09375,292.5,297.77344,293.90625,292.14844,292.14844,294.96094,291.44531,6.32813,4.80469,5.09766,5.15625,5.27344,5.21484,5.625,5.33203,5.21484,4.98047,5.39063,5.21484,5.09766,0.153809,0.133057,0.136719,0.123291,0.172119,0.129395,0.111084,0.177002,0.118408,0.146484,0.166016
2017-09-30T09:30:00Z,288.28125,290.03906,294.96094,293.20313,290.74219,293.90625,293.55469,293.20313,291.79688,292.5,289.33594,289.33594,6.38672,4.74609,5.27344,5.09766,5.15625,5.21484,5.21484,5.33203,5.27344,5.21484,5.09766,5.09766,5.15625,0.125732,0.128174,0.15625,0.131836,0.140381,0.129395,0.128174,0.148926,0.118408,0.10498,0.124512
2017-09-30T09:40:00Z,291.09375,294.60938,296.01563,295.66406,297.42188,292.85156,296.01563,298.125,295.66406,298.82813,297.07031,298.47656,6.15234,4.6875,5.03906,5.44922,5.15625,5.21484,5.09766,4.98047,5.15625,5.09766,5.03906,4.98047,4.92188,0.175781,0.186768,0.136719,0.134277,0.117188,0.142822,0.150146,0.131836,0.19165,0.157471,0.133057
2017-09-30T09:50:00Z,288.63281,291.79688,292.85156,290.39063,292.85156,291.09375,292.14844,289.33594,288.28125,291.44531,292.5,290.03906,6.21094,4.51172,4.86328,5.03906,5.27344,4.80469,5.15625,4.86328,5.03906,4.86328,5.09766,4.86328,4.98047,0.184326,0.177002,0.253906,0.181885,0.181885,0.184326,0.131836,0.194092,0.137939,0.175781,0.19043
2017-09-30T10:00:00Z,280.54688,283.71094,279.84375,281.60156,283.35938,281.60156,284.41406,283.71094,287.92969,284.41406,285.11719,285.11719,6.32813,4.74609,5.50781,5.85938,5.74219,5.80078,5.74219,5.625,5.80078,5.56641,5.56641,5.74219,5.85938,0.125732,0.124512,0.153809,0.126953,0.124512,0.147705,0.17334,0.144043,0.158691,0.161133,0.181885
2017-09-30T10:10:00Z,277.73438,283.71094,285.82031,286.17188,290.03906,284.76563,286.875,286.52344,288.28125,290.74219,288.98438,286.52344,7.03125,5.44922,5.625,5.97656,5.68359,5.44922,5.39063,5.33203,5.85938,5.74219,5.80078,5.33203,5.33203,0.170898,0.142822,0.135498,0.187988,0.181885,0.24292,0.15625,0.119629,0.174561,0.211182,0.159912
2017-09-30T10:20:00Z,283.35938,286.17188,285.46875,287.92969,284.0625,288.63281,285.46875,288.98438,285.82031,286.52344,286.17188,286.875,5.91797,4.74609,5.03906,5.09766,5.15625,5.21484,5.39063,5.21484,5.09766,5.21484,5.21484,5.03906,5.09766,0.152588,0.162354,0.178223,0.137939,0.15625,0.157471,0.151367,0.111084,0.142822,0.151367,0.12085
2017-09-30T10:30:00Z,281.60156,286.17188,286.17188,284.76563,286.52344,285.46875,287.92969,286.875,287.22656,286.52344,285.46875,285.11719,6.38672,4.86328,5.50781,5.74219,5.74219,5.56641,5.80078,5.74219,5.80078,5.68359,5.74219,5.56641,5.625,0.142822,0.159912,0.181885,0.158691,0.177002,0.159912,0.167236,0.151367,0.164795,0.219727,0.147705
2017-09-30T10:40:00Z,285.11719,288.98438,287.92969,286.17188,286.875,285.46875,284.76563,284.0625,286.52344,287.22656,284.76563,284.76563,7.32422,5.50781,6.03516,5.91797,6.03516,5.80078,5.74219,6.03516,5.97656,5.97656,5.80078,5.80078,5.74219,0.174561,0.124512,0.145264,0.153809,0.155029,0.13916,0.157471,0.166016,0.142822,0.161133,0.131836
2017-09-30T10:50:00Z,282.65625,287.92969,288.98438,288.28125,287.92969,289.6875,290.74219,287.92969,288.63281,284.76563,285.46875,289.33594,6.97266,5.03906,5.15625,5.27344,5.15625,5.68359,5.56641,5.44922,5.44922,5.33203,5.39063,5.44922,5.50781,0.12207,0.155029,0.151367,0.152588,0.133057,0.147705,0.147705,0.147705,0.166016,0.147705,0.112305
2017-09-30T11:00:00Z,283.35938,283.35938,283.71094,282.30469,284.41406,282.30469,283.71094,286.875,282.30469,285.11719,281.25,285.11719,5.91797,4.74609,4.98047,4.98047,5.21484,5.21484,5.33203,5.50781,5.15625,5.15625,5.27344,5.39063,5.50781,0.118408,0.131836,0.148926,0.123291,0.129395,0.113525,0.157471,0.13916,0.142822,0.131836,0.146484
2017-09-30T11:10:00Z,273.86719,280.89844,283.71094,283.35938,283.00781,281.25,284.76563,284.0625,282.30469,281.95313,284.41406,281.95313,6.50391,4.74609,5.44922,5.56641,5.625,5.44922,5.91797,5.85938,5.80078,5.68359,5.91797,5.85938,5.68359,0.136719,0.148926,0.133057,0.163574,0.134277,0.179443,0.145264,0.178223,0.137939,0.131836,0.201416
2017-09-30T11:20:00Z,280.19531,284.76563,285.46875,283.35938,284.41406,282.65625,284.41406,283.35938,282.30469,284.41406,282.30469,285.46875,6.5625,5.03906,5.56641,5.68359,5.68359,5.50781,5.80078,5.625,5.68359,5.68359,6.03516,5.68359,5.85938,0.12207,0.158691,0.153809,0.161133,0.163574,0.163574,0.163574,0.113525,0.151367,0.13916,0.148926
2017-09-30T11:30:00Z,281.95313,286.875,285.11719,285.82031,287.92969,284.41406,283.00781,280.54688,283.71094,283.00781,284.0625,281.60156,6.85547,5.39063,6.09375,5.97656,6.15234,6.09375,6.15234,6.09375,6.21094,6.21094,6.21094,6.03516,6.03516,0.133057,0.17334,0.162354,0.197754,0.145264,0.141602,0.152588,0.112305,0.134277,0.109863,0.140381
2017-09-30T11:40:00Z,288.98438,293.55469,293.90625,293.90625,292.85156,291.79688,291.44531,292.85156,292.85156,297.42188,292.5,292.85156,7.20703,5.68359,6.09375,6.15234,6.21094,5.97656,6.03516,6.21094,6.26953,6.26953,6.09375,5.97656,6.21094,0.170898,0.150146,0.119629,0.163574,0.142822,0.128174,0.111084,0.145264,0.13916,0.158691,0.148926
2017-09-30T11:50:00Z,287.92969,287.22656,288.63281,287.57813,285.82031,290.39063,289.33594,290.03906,291.09375,287.92969,290.03906,289.33594,7.44141,5.56641,6.21094,6.15234,6.21094,6.32813,6.38672,6.32813,6.21094,6.32813,6.44531,6.5625,6.21094,0.125732,0.183105,0.12207,0.125732,0.167236,0.131836,0.155029,0.126953,0.169678,0.140381,0.169678
2017-09-30T12:00:00Z,281.60156,284.0625,286.875,286.875,285.11719,287.92969,286.52344,289.33594,285.46875,286.875,286.52344,287.57813,8.08594,5.68359,6.03516,6.03516,6.21094,6.38672,6.5625,6.50391,6.38672,6.50391,6.5625,6.44531,6.67969,0.146484,0.187988,0.168457,0.162354,0.170898,0.148926,0.196533,0.164795,0.152588,0.169678,0.133057
2017-09-30T12:10:00Z,281.25,286.52344,288.98438,286.17188,288.98438,286.17188,287.22656,288.28125,286.875,288.63281,286.52344,287.57813,7.67578,5.80078,6.5625,6.50391,6.50391,6.73828,6.5625,6.85547,6.85547,6.91406,6.73828,6.91406,7.03125,0.135498,0.137939,0.089111,0.102539,0.157471,0.145264,0.112305,0.159912,0.129395,0.108643,0.153809
2017-09-30T12:20:00Z,281.95313,286.17188,285.46875,284.41406,283.71094,288.28125,286.52344,287.57813,287.22656,286.875,286.875,287.92969,7.32422,6.03516,6.73828,6.79688,6.97266,6.73828,6.91406,6.97266,6.97266,6.97266,6.91406,7.08984,6.91406,0.124512,0.162354,0.133057,0.111084,0.147705,0.133057,0.161133,0.13916,0.123291,0.144043,0.178223
2017-09-30T12:30:00Z,287.22656,287.57813,289.6875,289.6875,288.63281,291.09375,287.92969,286.52344,286.875,286.17188,287.22656,283.71094,7.5,6.15234,7.03125,6.91406,7.08984,7.38281,7.38281,7.5,7.44141,7.20703,7.32422,7.55859,7.61719,0.150146,0.185547,0.155029,0.129395,0.136719,0.146484,0.166016,0.144043,0.153809,0.129395,0.130615
2017-09-30T12:40:00Z,279.49219,284.0625,286.875,280.89844,286.17188,287.57813,287.22656,286.17188,285.11719,288.28125,289.33594,290.39063,8.14453,6.15234,6.97266,7.08984,6.91406,6.91406,6.85547,6.73828,7.03125,7.26563,7.26563,7.20703,7.03125,0.136719,0.17334,0.19043,0.166016,0.144043,0.147705,0.15625,0.163574,0.141602,0.169678,0.140381
2017-09-30T12:50:00Z,285.11719,288.63281,287.92969,291.09375,287.57813,291.79688,287.57813,287.22656,290.39063,287.22656,288.63281,289.6875,7.67578,6.09375,6.73828,6.67969,6.32813,6.97266,6.85547,6.5625,6.85547,6.67969,6.85547,6.91406,6.73828,0.179443,0.163574,0.195313,0.115967,0.12207,0.167236,0.17334,0.150146,0.166016,0.150146,0.118408
2017-09-30T13:00:00Z,281.95313,286.17188,284.0625,288.28125,285.11719,287.92969,290.03906,286.17188,286.52344,288.98438,287.92969,288.98438,7.32422,5.91797,6.5625,6.73828,6.5625,6.91406,6.97266,6.62109,6.79688,6.79688,6.91406,6.85547,6.91406,0.12207,0.174561,0.20752,0.151367,0.145264,0.12207,0.168457,0.125732,0.113525,0.168457,0.113525
2017-09-30T13:10:00Z,286.875,291.79688,290.03906,290.39063,292.85156,296.36719,293.20313,293.55469,290.39063,294.60938,294.60938,290.03906,7.26563,5.74219,6.32813,6.62109,6.32813,6.5625,6.32813,6.38672,6.5625,6.79688,6.73828,6.50391,6.32813,0.146484,0.136719,0.124512,0.178223,0.177002,0.158691,0.141602,0.117188,0.137939,0.178223,0.166016
2017-09-30T13:20:00Z,277.73438,280.89844,283.71094,281.60156,279.14063,284.76563,286.17188,286.52344,281.95313,285.82031,287.22656,284.41406,7.26563,5.44922,6.15234,6.15234,6.32813,6.50391,6.5625,6.67969,6.44531,6.5625,6.32813,6.67969,6.50391,0.174561,0.167236,0.118408,0.131836,0.13916,0.183105,0.166016,0.192871,0.118408,0.131836,0.128174
2017-09-30T13:30:00Z,279.14063,283.00781,283.00781,283.35938,280.54688,283.35938,285.11719,281.95313,283.00781,280.89844,282.30469,284.41406,6.97266,5.625,6.09375,6.21094,6.21094,6.26953,6.62109,6.5625,6.5625,6.5625,6.5625,6.62109,6.62109,0.157471,0.159912,0.129395,0.178223,0.111084,0.150146,0.131836,0.158691,0.144043,0.128174,0.155029
2017-09-30T13:40:00Z,283.71094,285.82031,287.57813,285.82031,288.28125,287.22656,286.875,285.82031,286.875,284.41406,284.0625,290.03906,7.38281,5.85938,6.32813,6.62109,6.15234,6.44531,6.50391,6.26953,6.38672,6.26953,6.38672,6.79688,6.44531,0.174561,0.155029,0.146484,0.152588,0.161133,0.158691,0.163574,0.192871,0.152588,0.153809,0.174561
2017-09-30T13:50:00Z,280.54688,286.17188,280.89844,284.76563,284.41406,279.49219,281.95313,284.0625,280.19531,284.41406,278.4375,278.78906,7.26563,5.44922,5.91797,6.15234,6.26953,6.21094,6.62109,6.44531,6.62109,6.85547,6.5625,6.38672,6.73828,0.184326,0.162354,0.155029,0.15625,0.184326,0.183105,0.134277,0.155029,0.150146,0.203857,0.152588
2017-09-30T14:00:00Z,273.16406,272.8125,272.46094,271.75781,273.51563,269.64844,274.57031,273.16406,269.64844,272.46094,273.51563,274.57031,7.79297,5.91797,6.62109,6.44531,6.38672,6.38672,6.73828,6.62109,6.21094,6.44531,6.62109,6.73828,6.62109,0.125732,0.147705,0.175781,0.162354,0.147705,0.133057,0.186768,0.131836,0.155029,0.185547,0.157471
2017-09-30T14:10:00Z,270.70313,279.49219,280.19531,278.08594,283.00781,284.76563,283.71094,280.54688,281.25,279.14063,284.0625,280.89844,7.08984,5.33203,6.26953,6.44531,6.26953,6.32813,6.5625,6.03516,6.32813,6.21094,6.73828,6.38672,6.26953,0.169678,0.184326,0.168457,0.159912,0.167236,0.169678,0.197754,0.177002,0.157471,0.168457,0.185547
2017-09-30T14:20:00Z,276.32813,275.625,270.35156,271.75781,276.32813,273.16406,275.625,273.16406,269.64844,271.75781,276.32813,272.8125,7.20703,5.74219,6.32813,6.44531,6.26953,6.38672,6.44531,6.32813,6.26953,6.26953,6.5625,6.44531,6.21094,0.17334,0.152588,0.166016,0.157471,0.155029,0.15625,0.148926,0.159912,0.148926,0.118408,0.148926
2017-09-30T14:30:00Z,271.75781,277.73438,275.27344,274.21875,275.625,272.46094,275.27344,274.92188,276.67969,278.78906,278.78906,273.16406,7.26563,5.44922,5.85938,5.97656,6.03516,5.97656,6.21094,6.32813,6.32813,6.32813,6.15234,6.15234,6.21094,0.141602,0.19165,0.185547,0.185547,0.198975,0.172119,0.174561,0.133057,0.178223,0.183105,0.146484
2017-09-30T14:40:00Z,270.70313,277.73438,280.19531,277.03125,278.78906,278.4375,278.4375,278.4375,276.67969,279.84375,277.73438,284.41406,6.38672,5.15625,5.68359,5.56641,5.44922,5.74219,5.625,5.625,5.50781,5.68359,5.74219,5.625,5.56641,0.187988,0.17334,0.184326,0.147705,0.150146,0.152588,0.155029,0.152588,0.17334,0.146484,0.169678
2017-09-30T14:50:00Z,278.78906,280.19531,276.32813,277.03125,275.27344,277.03125,275.625,275.97656,272.8125,278.4375,277.38281,275.97656,6.44531,4.92188,5.44922,5.44922,5.625,5.625,5.44922,5.56641,5.33203,5.85938,5.625,5.625,5.56641,0.147705,0.151367,0.180664,0.180664,0.163574,0.172119,0.177002,0.167236,0.168457,0.168457,0.145264
2017-09-30T15:00:00Z,273.16406,279.49219,278.78906,276.32813,277.03125,275.27344,274.92188,277.73438,277.38281,274.21875,279.84375,275.625,6.73828,4.80469,5.03906,5.15625,5.39063,5.09766,5.27344,5.15625,5.27344,5.03906,5.21484,5.09766,5.21484,0.144043,0.141602,0.180664,0.157471,0.169678,0.174561,0.164795,0.129395,0.133057,0.185547,0.178223
2017-09-30T15:10:00Z,277.03125,279.84375,283.00781,283.00781,278.78906,281.95313,279.84375,278.4375,280.19531,279.14063,282.65625,278.4375,6.26953,4.57031,5.33203,5.27344,5.21484,5.39063,5.33203,5.39063,5.68359,5.50781,5.68359,5.39063,5.50781,0.198975,0.227051,0.151367,0.205078,0.223389,0.198975,0.163574,0.19165,0.194092,0.214844,0.169678
2017-09-30T15:20:00Z,278.78906,280.89844,277.03125,278.4375,278.08594,277.38281,272.46094,273.86719,276.67969,274.92188,277.38281,275.97656,7.14844,5.33203,5.56641,5.50781,5.56641,5.56641,5.68359,5.74219,5.68359,5.625,5.80078,5.74219,5.91797,0.174561,0.155029,0.192871,0.17334,0.174561,0.170898,0.202637,0.19165,0.144043,0.159912,0.155029
2017-09-30T15:30:00Z,277.38281,281.60156,280.89844,279.49219,277.73438,279.14063,282.65625,280.54688,280.54688,280.19531,281.25,281.25,6.26953,4.39453,4.51172,4.51172,4.6875,4.57031,4.92188,4.6875,4.74609,4.80469,4.62891,4.86328,4.80469,0.177002,0.180664,0.195313,0.202637,0.169678,0.170898,0.155029,0.196533,0.13916,0.206299,0.148926
2017-09-30T15:40:00Z,277.03125,275.625,270.35156,271.75781,274.57031,271.40625,275.27344,272.10938,275.625,272.8125,277.38281,276.67969,5.33203,3.80859,4.10156,4.27734,4.21875,4.16016,4.39453,4.33594,4.45313,4.39453,4.51172,4.45313,4.51172,0.214844,0.150146,0.206299,0.222168,0.19043,0.229492,0.159912,0.19043,0.157471,0.209961,0.145264
2017-09-30T15:50:00Z,269.29688,271.05469,267.1875,266.83594,265.42969,268.24219,264.72656,266.48438,266.13281,267.1875,267.89063,268.59375,4.45313,2.98828,3.98438,3.98438,4.04297,3.98438,3.92578,4.21875,4.04297,4.33594,4.16016,4.16016,4.04297,0.219727,0.258789,0.19043,0.203857,0.166016,0.166016,0.183105,0.155029,0.183105,0.212402,0.177002
2017-09-30T16:00:00Z,256.99219,256.28906,258.04688,259.10156,258.39844,253.47656,262.61719,255.9375,256.99219,255.58594,257.34375,258.75,5.21484,3.51563,4.10156,4.39453,4.39453,4.33594,4.62891,4.57031,4.57031,4.62891,4.62891,4.86328,4.86328,0.183105,0.172119,0.274658,0.211182,0.196533,0.180664,0.152588,0.217285,0.20874,0.19043,0.177002
2017-09-30T16:10:00Z,251.36719,262.61719,265.78125,258.75,263.32031,264.375,261.91406,260.50781,260.85938,260.85938,261.91406,258.04688,5.09766,3.69141,4.45313,4.45313,4.51172,4.45313,4.33594,4.57031,4.45313,4.51172,4.62891,4.45313,4.57031,0.194092,0.157471,0.194092,0.142822,0.166016,0.141602,0.142822,0.148926,0.129395,0.152588,0.114746
2017-09-30T16:20:00Z,256.64063,252.77344,251.01563,249.96094,252.07031,252.42188,254.53125,251.71875,254.17969,255.23438,251.36719,253.125,5.27344,3.75,4.6875,4.74609,4.80469,4.74609,4.92188,4.98047,4.98047,5.03906,4.98047,4.92188,5.15625,0.161133,0.175781,0.201416,0.157471,0.174561,0.158691,0.185547,0.13916,0.106201,0.177002,0.131836
2017-09-30T16:30:00Z,245.74219,255.23438,254.88281,257.34375,255.9375,254.88281,253.82813,251.36719,254.53125,256.99219,254.17969,253.47656,5.44922,4.21875,4.92188,5.03906,4.92188,5.09766,5.27344,4.86328,4.92188,5.15625,5.03906,4.80469,4.92188,0.187988,0.168457,0.166016,0.150146,0.177002,0.17334,0.167236,0.159912,0.20874,0.170898,0.168457
2017-09-30T16:40:00Z,248.55469,254.88281,255.58594,258.04688,255.23438,256.28906,256.64063,261.21094,257.34375,253.82813,260.15625,259.80469,5.44922,4.33594,4.74609,4.6875,4.80469,5.03906,4.92188,5.15625,4.74609,4.98047,4.74609,5.03906,4.86328,0.147705,0.179443,0.135498,0.163574,0.134277,0.158691,0.153809,0.163574,0.155029,0.19165,0.126953
2017-09-30T16:50:00Z,252.42188,251.01563,252.07031,248.90625,255.23438,251.36719,251.36719,253.125,253.125,252.42188,254.17969,256.28906,5.03906,3.75,4.33594,4.45313,4.16016,4.39453,4.45313,4.45313,4.39453,4.45313,4.57031,4.6875,4.57031,0.198975,0.125732,0.195313,0.124512,0.183105,0.131836,0.168457,0.169678,0.151367,0.13916,0.189209
2017-09-30T17:00:00Z,239.76563,249.60938,249.60938,251.01563,251.71875,251.01563,250.3125,251.36719,250.3125,253.125,252.77344,251.71875,5.03906,3.92578,4.45313,4.80469,4.6875,4.74609,4.92188,4.86328,4.92188,4.92188,4.98047,4.92188,5.15625,0.141602,0.157471,0.13916,0.131836,0.157471,0.195313,0.153809,0.192871,0.17334,0.153809,0.13916
2017-09-30T17:10:00Z,243.98438,248.20313,250.3125,250.66406,249.60938,247.85156,250.66406,251.01563,248.20313,249.25781,247.14844,252.07031,5.74219,4.51172,5.27344,5.33203,5.33203,5.44922,5.68359,5.50781,5.68359,5.625,5.68359,5.91797,5.97656,0.126953,0.186768,0.155029,0.151367,0.144043,0.179443,0.118408,0.117188,0.131836,0.124512,0.12085
2017-09-30T17:20:00Z,243.28125,248.90625,248.55469,248.55469,251.01563,250.66406,250.66406,252.07031,251.71875,251.01563,253.125,250.66406,6.21094,4.74609,5.44922,5.625,5.50781,5.56641,5.80078,5.74219,5.625,5.91797,5.91797,5.97656,5.85938,0.12085,0.144043,0.123291,0.157471,0.117188,0.148926,0.164795,0.10498,0.126953,0.148926,0.13916
2017-09-30T17:30:00Z,237.65625,241.52344,239.41406,241.875,241.52344,242.57813,241.17188,243.28125,242.92969,241.52344,241.875,243.98438,6.15234,4.86328,5.44922,5.91797,5.80078,5.97656,5.97656,5.91797,6.03516,6.03516,6.21094,6.21094,6.15234,0.131836,0.158691,0.101318,0.133057,0.137939,0.134277,0.129395,0.128174,0.162354,0.126953,0.128174
2017-09-30T17:40:00Z,239.41406,244.6875,246.79688,246.79688,243.98438,242.22656,243.98438,246.44531,245.74219,241.52344,243.98438,241.52344,6.67969,5.03906,5.85938,5.74219,5.91797,5.91797,6.21094,6.38672,6.21094,6.15234,6.32813,6.26953,6.32813,0.134277,0.142822,0.155029,0.119629,0.129395,0.097656,0.131836,0.114746,0.124512,0.119629,0.107422
2017-09-30T17:50:00Z,230.625,229.92188,232.03125,230.97656,233.4375,233.4375,236.60156,233.4375,234.14063,235.19531,233.4375,235.54688,6.97266,5.39063,6.21094,6.26953,6.26953,6.44531,6.62109,6.50391,6.50391,6.67969,6.79688,6.67969,6.5625,0.152588,0.137939,0.12207,0.117188,0.133057,0.140381,0.101318,0.113525,0.159912,0.137939,0.101318
2017-09-30T18:00:00Z,228.86719,234.49219,235.19531,234.84375,235.89844,233.08594,236.25,233.78906,234.14063,235.54688,238.00781,236.60156,7.08984,5.56641,6.09375,6.32813,6.32813,6.44531,6.26953,6.32813,6.38672,6.5625,6.62109,6.5625,6.38672,0.108643,0.113525,0.126953,0.167236,0.148926,0.145264,0.125732,0.10498,0.136719,0.19165,0.163574
2017-09-30T18:10:00Z,228.51563,231.32813,229.57031,228.86719,229.92188,231.32813,232.38281,232.03125,231.32813,233.4375,231.67969,232.38281,7.08984,5.33203,6.32813,6.44531,6.50391,6.62109,6.79688,6.73828,6.73828,6.79688,6.97266,6.73828,6.73828,0.137939,0.12207,0.113525,0.123291,0.093994,0.109863,0.135498,0.117188,0.123291,0.142822,0.130615
2017-09-30T18:20:00Z,226.40625,233.78906,236.25,235.19531,233.4375,234.49219,233.08594,232.73438,236.25,235.54688,235.19531,233.78906,6.91406,5.74219,6.38672,6.50391,6.44531,6.5625,6.62109,6.67969,6.85547,6.73828,6.62109,6.50391,6.73828,0.123291,0.126953,0.144043,0.12085,0.146484,0.125732,0.136719,0.124512,0.15625,0.134277,0.151367
2017-09-30T18:30:00Z,231.67969,233.78906,233.4375,235.19531,230.625,230.97656,232.03125,229.57031,233.08594,231.32813,230.97656,234.84375,7.14844,5.44922,5.85938,5.85938,5.97656,5.91797,6.09375,6.26953,6.09375,6.32813,6.32813,6.44531,6.44531,0.161133,0.153809,0.192871,0.158691,0.151367,0.187988,0.177002,0.148926,0.15625,0.161133,0.152588
2017-09-30T18:40:00Z,232.73438,233.08594,236.95313,238.35938,235.54688,234.84375,235.19531,234.84375,234.84375,232.38281,234.49219,234.84375,6.32813,4.98047,5.80078,5.97656,5.74219,6.09375,6.15234,6.21094,6.21094,6.03516,6.26953,6.26953,6.32813,0.172119,0.155029,0.147705,0.118408,0.150146,0.150146,0.098877,0.137939,0.175781,0.184326,0.126953
2017-09-30T18:50:00Z,221.83594,228.16406,229.21875,226.75781,225.70313,226.05469,227.46094,225.70313,228.51563,229.21875,227.46094,230.97656,6.85547,5.44922,6.5625,6.67969,6.5625,6.44531,6.62109,6.50391,6.85547,6.67969,6.67969,6.67969,6.73828,0.12085,0.147705,0.169678,0.136719,0.130615,0.169678,0.119629,0.125732,0.123291,0.12085,0.131836
2017-09-30T19:00:00Z,221.48438,223.24219,222.53906,227.10938,220.42969,226.40625,223.24219,223.24219,225.35156,225.35156,224.29688,225.35156,7.08984,5.50781,6.15234,6.09375,6.09375,6.32813,6.32813,6.26953,6.26953,6.26953,6.26953,6.38672,6.50391,0.123291,0.12085,0.109863,0.184326,0.13916,0.137939,0.115967,0.148926,0.117188,0.161133,0.129395
2017-09-30T19:10:00Z,217.61719,219.02344,217.26563,216.91406,220.07813,221.48438,219.02344,218.67188,219.375,219.375,220.42969,221.13281,6.97266,5.625,6.73828,6.79688,6.67969,6.91406,6.73828,6.85547,6.62109,6.91406,6.91406,7.20703,6.97266,0.130615,0.163574,0.140381,0.162354,0.137939,0.157471,0.152588,0.135498,0.161133,0.15625,0.157471
2017-09-30T19:20:00Z,217.26563,223.59375,220.78125,223.24219,222.53906,222.89063,222.53906,221.13281,222.1875,222.89063,224.64844,221.48438,7.14844,5.74219,6.67969,6.79688,6.79688,7.08984,6.97266,6.73828,6.73828,7.03125,7.03125,7.03125,6.97266,0.170898,0.118408,0.134277,0.147705,0.125732,0.095215,0.140381,0.112305,0.087891,0.124512,0.161133
2017-09-30T19:30:00Z,212.69531,215.15625,215.15625,213.39844,217.26563,215.50781,216.91406,214.80469,214.45313,216.21094,217.61719,216.5625,7.32422,6.09375,6.97266,7.03125,6.67969,7.20703,6.91406,6.91406,6.91406,7.38281,7.26563,7.32422,7.14844,0.090332,0.123291,0.117188,0.118408,0.092773,0.107422,0.13916,0.12085,0.137939,0.136719,0.146484
2017-09-30T19:40:00Z,208.125,213.39844,213.04688,212.34375,213.75,213.04688,214.10156,216.21094,214.10156,216.5625,216.21094,214.80469,7.79297,6.26953,7.14844,7.03125,6.97266,6.91406,6.85547,7.20703,7.08984,7.20703,7.26563,7.14844,7.14844,0.159912,0.147705,0.13916,0.141602,0.151367,0.158691,0.141602,0.148926,0.135498,0.135498,0.163574
2017-09-30T19:50:00Z,207.77344,213.39844,210.58594,211.99219,211.99219,212.34375,211.64063,214.10156,213.04688,213.39844,211.64063,211.64063,7.14844,5.625,6.21094,6.32813,6.5625,6.50391,6.5625,6.44531,6.38672,6.38672,6.32813,6.26953,6.50391,0.144043,0.20874,0.119629,0.152588,0.140381,0.172119,0.123291,0.112305,0.164795,0.153809,0.172119
2017-09-30T20:00:00Z,205.3125,206.71875,204.25781,206.36719,207.77344,207.07031,207.77344,207.42188,207.42188,206.36719,209.53125,209.17969,6.73828,5.33203,6.03516,6.38672,5.85938,6.38672,6.32813,6.26953,6.26953,6.44531,6.5625,6.50391,6.85547,0.101318,0.113525,0.159912,0.125732,0.128174,0.151367,0.142822,0.126953,0.145264,0.144043,0.108643
2017-09-30T20:10:00Z,200.03906,205.3125,208.47656,209.53125,205.66406,204.25781,206.36719,206.36719,206.01563,207.42188,204.96094,206.01563,8.02734,5.56641,6.67969,6.67969,6.85547,6.73828,6.85547,7.26563,7.03125,6.91406,6.62109,6.73828,6.97266,0.128174,0.147705,0.126953,0.131836,0.134277,0.155029,0.155029,0.133057,0.123291,0.150146,0.146484
2017-09-30T20:20:00Z,201.09375,204.25781,204.96094,203.55469,203.90625,205.66406,202.85156,203.55469,207.07031,204.96094,205.66406,205.66406,7.79297,6.15234,7.5,7.20703,7.20703,7.32422,7.14844,7.5,7.61719,7.61719,7.26563,7.5,7.44141,0.147705,0.133057,0.135498,0.114746,0.125732,0.146484,0.144043,0.12207,0.117188,0.140381,0.150146
2017-09-30T20:30:00Z,196.17188,203.55469,201.09375,203.55469,203.20313,203.90625,207.42188,206.01563,207.07031,206.01563,205.3125,207.07031,7.91016,6.67969,7.03125,7.32422,7.5,7.61719,7.91016,7.79297,7.44141,7.5,7.67578,7.67578,7.73438,0.125732,0.131836,0.129395,0.144043,0.131836,0.150146,0.197754,0.114746,0.135498,0.136719,0.134277
2017-09-30T20:40:00Z,200.03906,201.09375,201.44531,203.90625,201.79688,204.25781,203.55469,206.36719,204.60938,206.71875,209.53125,207.07031,7.79297,6.32813,7.20703,7.32422,7.38281,7.5,7.5,7.73438,7.61719,7.73438,8.02734,7.67578,7.67578,0.175781,0.163574,0.137939,0.166016,0.15625,0.158691,0.159912,0.174561,0.151367,0.15625,0.17334
2017-09-30T20:50:00Z,200.03906,207.07031,211.64063,209.88281,210.58594,207.42188,205.66406,208.47656,208.125,209.17969,208.125,207.77344,8.49609,6.91406,8.02734,7.91016,8.26172,7.91016,7.79297,8.32031,8.20313,8.4375,8.08594,7.96875,7.91016,0.147705,0.133057,0.12207,0.153809,0.150146,0.093994,0.114746,0.168457,0.134277,0.12207,0.153809
2017-09-30T21:00:00Z,202.14844,207.42188,207.77344,207.07031,207.07031,208.125,207.42188,207.42188,208.82813,208.82813,208.82813,210.58594,9.25781,7.08984,7.85156,8.08594,7.96875,8.02734,7.79297,7.61719,7.91016,7.73438,7.79297,7.73438,7.79297,0.130615,0.135498,0.115967,0.137939,0.151367,0.147705,0.131836,0.141602,0.140381,0.142822,0.144043
2017-09-30T21:10:00Z,195.46875,189.84375,189.84375,189.14063,190.19531,192.30469,195.82031,193.35938,199.33594,201.44531,203.55469,208.47656,8.73047,6.91406,7.38281,7.5,7.26563,7.67578,7.38281,7.38281,7.38281,7.5,7.44141,7.67578,7.32422,0.113525,0.13916,0.13916,0.117188,0.147705,0.108643,0.134277,0.107422,0.134277,0.12085,0.130615
2017-09-30T21:20:00Z,174.72656,175.78125,176.83594,177.89063,180.35156,182.8125,185.97656,191.60156,194.41406,198.98438,204.96094,216.91406,7.91016,6.38672,6.50391,6.50391,6.62109,6.73828,6.79688,6.79688,6.85547,7.03125,7.03125,7.26563,7.96875,0.124512,0.13916,0.124512,0.108643,0.101318,0.136719,0.131836,0.113525,0.128174,0.092773,0.15625
2017-09-30T21:30:00Z,170.50781,201.44531,203.55469,201.79688,204.25781,208.125,207.42188,211.28906,213.39844,212.69531,217.26563,216.91406,7.20703,5.21484,6.5625,6.79688,6.67969,6.91406,7.03125,7.14844,7.44141,7.44141,7.73438,8.37891,8.78906,0.252686,0.29541,0.236816,0.291748,0.223389,0.244141,0.234375,0.228271,0.219727,0.185547,0.174561
2017-09-30T21:40:00Z,214.45313,222.53906,223.59375,224.64844,222.1875,224.29688,223.59375,225.0,223.94531,222.53906,221.48438,220.42969,9.66797,7.5,9.25781,9.31641,9.19922,9.84375,9.90234,10.13672,9.78516,9.84375,9.72656,9.66797,9.90234,0.164795,0.131836,0.172119,0.108643,0.131836,0.131836,0.161133,0.174561,0.13916,0.131836,0.113525
2017-09-30T21:50:00Z,221.48438,220.78125,218.32031,220.07813,222.53906,219.72656,221.13281,215.15625,219.375,218.32031,219.72656,221.13281,11.36719,8.32031,8.84766,9.55078,9.14063,9.43359,9.72656,9.55078,10.07813,10.19531,10.19531,9.96094,10.13672,0.152588,0.137939,0.178223,0.169678,0.177002,0.164795,0.144043,0.113525,0.112305,0.157471,0.12207
2017-09-30T22:00:00Z,205.3125,207.07031,208.125,208.82813,208.47656,207.42188,210.58594,213.04688,210.58594,209.17969,209.88281,213.75,9.60938,6.26953,7.26563,7.44141,7.38281,8.08594,8.20313,8.26172,8.32031,8.26172,8.32031,8.78906,8.73047,0.224609,0.238037,0.201416,0.209961,0.202637,0.179443,0.152588,0.158691,0.155029,0.152588,0.135498
2017-09-30T22:10:00Z,204.96094,207.07031,209.88281,210.58594,210.9375,210.9375,210.23438,210.58594,213.04688,212.69531,213.39844,212.34375,10.37109,8.08594,9.31641,9.90234,9.55078,9.60938,10.07813,9.96094,10.01953,9.96094,9.90234,9.84375,9.96094,0.124512,0.10498,0.084229,0.097656,0.114746,0.131836,0.13916,0.084229,0.111084,0.12207,0.095215
2017-09-30T22:20:00Z,196.17188,197.92969,196.875,196.52344,199.6875,197.92969,197.92969,197.92969,196.875,198.63281,198.98438,201.44531,10.25391,8.20313,9.55078,9.78516,9.55078,9.96094,9.90234,9.90234,10.07813,10.48828,10.19531,10.19531,9.96094,0.135498,0.10498,0.125732,0.113525,0.091553,0.115967,0.081787,0.113525,0.10376,0.111084,0.114746
2017-09-30T22:30:00Z,186.67969,200.03906,199.6875,200.03906,201.79688,201.09375,201.09375,203.55469,202.85156,207.42188,212.34375,209.88281,10.66406,7.26563,8.37891,8.37891,8.4375,8.4375,8.84766,9.19922,9.43359,9.78516,10.07813,9.72656,10.19531,0.302734,0.317383,0.339355,0.288086,0.281982,0.274658,0.235596,0.264893,0.214844,0.203857,0.163574
2017-09-30T22:40:00Z,201.44531,204.96094,205.3125,202.85156,207.77344,207.07031,205.3125,207.07031,205.66406,205.66406,210.23438,209.88281,11.89453,9.19922,10.54688,10.66406,10.54688,10.95703,10.89844,11.07422,11.07422,11.13281,11.36719,11.30859,11.42578,0.117188,0.147705,0.102539,0.100098,0.118408,0.102539,0.10498,0.119629,0.10498,0.10498,0.087891
2017-09-30T22:50:00Z,197.92969,203.20313,201.79688,202.85156,201.44531,205.3125,202.85156,202.14844,202.5,203.90625,203.20313,205.3125,11.48438,9.31641,10.42969,10.54688,10.37109,11.30859,10.78125,10.48828,10.60547,11.19141,10.95703,10.83984,11.07422,0.101318,0.109863,0.109863,0.108643,0.123291,0.124512,0.114746,0.118408,0.10498,0.10498,0.117188
2017-09-30T23:00:00Z,198.28125,205.66406,208.125,206.36719,204.25781,204.96094,208.47656,207.77344,207.42188,208.82813,207.77344,208.82813,11.07422,8.96484,10.37109,10.48828,10.48828,10.60547,10.72266,11.07422,10.95703,10.95703,10.83984,11.01563,11.13281,0.112305,0.108643,0.123291,0.093994,0.113525,0.097656,0.109863,0.136719,0.124512,0.113525,0.106201
2017-09-30T23:10:00Z,202.85156,207.07031,207.07031,210.23438,209.53125,208.82813,209.53125,207.42188,210.23438,207.42188,207.07031,207.77344,11.19141,9.02344,10.25391,10.42969,10.72266,10.72266,11.13281,10.78125,11.01563,10.95703,10.78125,11.07422,11.01563,0.130615,0.100098,0.118408,0.102539,0.10498,0.123291,0.083008,0.100098,0.095215,0.081787,0.089111
2017-09-30T23:20:00Z,201.44531,205.3125,205.3125,207.07031,204.25781,209.88281,206.71875,204.96094,207.42188,209.53125,209.88281,210.58594,11.30859,9.08203,10.72266,10.89844,10.95703,11.13281,11.01563,11.07422,11.36719,11.66016,11.25,11.13281,11.07422,0.148926,0.091553,0.134277,0.134277,0.134277,0.08667,0.092773,0.108643,0.083008,0.097656,0.130615
2017-09-30T23:30:00Z,202.5,210.9375,208.125,207.42188,208.125,208.82813,209.88281,208.82813,207.07031,209.53125,211.28906,210.9375,11.19141,9.25781,10.42969,10.42969,10.72266,10.78125,11.01563,10.72266,10.54688,10.78125,11.01563,10.72266,10.66406,0.131836,0.141602,0.117188,0.113525,0.115967,0.10498,0.10498,0.093994,0.092773,0.117188,0.126953
2017-09-30T23:40:00Z,200.74219,200.74219,201.44531,205.66406,204.96094,207.07031,208.47656,207.07031,205.3125,206.01563,207.42188,207.77344,11.13281,8.84766,9.72656,10.25391,9.72656,10.37109,10.66406,10.3125,10.25391,10.42969,10.89844,10.54688,10.72266,0.118408,0.147705,0.108643,0.136719,0.133057,0.114746,0.112305,0.136719,0.109863,0.107422,0.133057
2017-09-30T23:50:00Z,198.28125,203.90625,202.85156,202.85156,203.20313,201.79688,202.85156,203.90625,202.85156,206.01563,208.82813,208.125,11.13281,9.14063,10.48828,10.13672,10.60547,10.07813,10.3125,10.60547,10.54688,10.83984,10.60547,10.42969,10.07813,0.108643,0.114746,0.108643,0.101318,0.095215,0.117188,0.129395,0.118408,0.083008,0.098877,0.12207