LOCATION: 
SYSTEM SERIAL: HKZA
TIMESTAMP (ISO-8601) UTC,WindDir004m deg,WindDir030m deg,WindDir040m deg,WindDir040m_ref deg,WindDir060m deg,WindDir080m deg,WindDir100m deg,WindDir120m deg,WindDir140m deg,WindDir160m deg,WindDir180m deg,WindDir200m deg,WindGust004m m/s,WindSpeed004m m/s,WindSpeed030mh m/s,WindSpeed040mh m/s,WindSpeed040m_refh m/s,WindSpeed060mh m/s,WindSpeed080mh m/s,WindSpeed100mh m/s,WindSpeed120mh m/s,WindSpeed140mh m/s,WindSpeed160mh m/s,WindSpeed180mh m/s,WindSpeed200mh m/s,TI 030m,TI 040m,TI 040m ref,TI 060m,TI 080m,TI 100m,TI 120m,TI 140m,TI 160m,TI 180m,TI 200m
2017-01-07T00:40:00Z,194.0625,200.03906,208.82813,201.79688,199.33594,200.39063,203.20313,203.55469,204.96094,206.36719,204.25781,206.36719,13.71094,10.89844,12.94922,12.77344,13.18359,12.53906,12.89063,13.30078,13.71094,12.94922,12.65625,13.00781,13.35938,0.126953,0.114746,0.166016,0.140381,0.140381,0.153809,0.140381,0.125732,0.134277,0.136719,0.135498
2017-01-07T00:50:00Z,194.41406,200.03906,198.98438,201.44531,202.85156,203.20313,199.33594,204.96094,202.85156,205.66406,209.53125,206.71875,13.82813,10.78125,13.35938,13.41797,13.30078,13.41797,13.41797,13.71094,13.59375,13.47656,13.76953,13.30078,13.71094,0.13916,0.147705,0.140381,0.119629,0.112305,0.12085,0.10376,0.115967,0.126953,0.13916,0.134277
2017-01-07T01:00:00Z,195.11719,200.74219,196.52344,197.22656,202.5,202.14844,200.74219,203.90625,203.90625,206.36719,203.90625,207.42188,13.35938,10.78125,13.00781,13.125,12.89063,13.24219,13.18359,13.06641,12.77344,13.24219,13.65234,13.41797,13.47656,0.124512,0.115967,0.126953,0.112305,0.107422,0.123291,0.142822,0.117188,0.093994,0.119629,0.108643
2017-01-07T01:10:00Z,193.35938,200.03906,200.39063,199.6875,197.92969,200.74219,202.85156,198.28125,204.60938,208.125,204.96094,204.96094,13.94531,10.72266,13.00781,13.06641,13.06641,12.65625,12.65625,13.06641,12.89063,13.47656,13.35938,13.47656,13.65234,0.135498,0.148926,0.142822,0.130615,0.161133,0.114746,0.126953,0.144043,0.131836,0.134277,0.12207
2017-01-07T01:20:00Z,189.84375,193.00781,192.65625,195.11719,191.60156,196.52344,200.39063,195.46875,199.6875,201.79688,203.90625,204.96094,14.29688,10.66406,12.89063,13.65234,13.18359,14.0625,14.12109,13.47656,13.18359,13.59375,13.94531,13.88672,13.47656,0.184326,0.146484,0.123291,0.164795,0.129395,0.136719,0.178223,0.141602,0.068359,0.114746,0.135498
2017-01-07T01:30:00Z,188.78906,194.76563,195.11719,199.6875,199.33594,197.57813,203.90625,203.55469,200.74219,203.20313,204.25781,202.5,13.94531,10.54688,12.77344,13.24219,12.89063,13.41797,13.41797,13.35938,13.35938,13.71094,13.53516,13.59375,13.125,0.148926,0.134277,0.134277,0.114746,0.118408,0.128174,0.118408,0.141602,0.135498,0.128174,0.12085
2017-01-07T01:40:00Z,191.25,201.79688,202.85156,199.6875,198.63281,200.39063,201.09375,204.60938,202.85156,202.5,203.20313,204.96094,13.76953,10.95703,13.24219,13.24219,13.65234,13.59375,13.71094,13.53516,13.53516,13.88672,13.94531,13.82813,14.17969,0.130615,0.147705,0.128174,0.12207,0.161133,0.140381,0.126953,0.106201,0.130615,0.117188,0.128174
2017-01-07T02:40:00Z,200.03906,206.36719,204.25781,206.01563,206.71875,208.125,209.88281,211.28906,209.88281,208.82813,211.28906,210.23438,13.59375,9.60938,13.82813,14.53125,14.41406,14.64844,15.17578,15.41016,14.82422,15.0,15.35156,15.58594,15.41016,0.151367,0.157471,0.114746,0.12085,0.092773,0.114746,0.144043,0.123291,0.08667,0.113525,0.135498
2017-01-07T02:50:00Z,201.79688,206.36719,208.47656,210.9375,208.47656,212.34375,209.17969,207.07031,212.69531,212.34375,207.42188,210.23438,15.29297,9.66797,14.17969,14.88281,14.41406,14.94141,14.76563,14.82422,15.29297,15.11719,14.88281,15.11719,14.94141,0.142822,0.131836,0.175781,0.137939,0.153809,0.126953,0.12085,0.12207,0.129395,0.102539,0.13916
2017-01-07T03:00:00Z,202.14844,209.88281,206.01563,210.58594,208.82813,208.47656,209.17969,211.99219,209.88281,210.58594,209.88281,210.9375,14.88281,10.42969,12.94922,13.30078,13.71094,13.71094,14.00391,14.41406,14.53125,14.70703,14.94141,14.82422,14.53125,0.180664,0.131836,0.134277,0.152588,0.158691,0.108643,0.108643,0.115967,0.112305,0.12085,0.124512
2017-01-07T03:10:00Z,200.39063,203.55469,206.71875,208.125,204.60938,208.47656,209.53125,209.53125,208.47656,210.58594,214.80469,207.77344,14.53125,10.42969,13.35938,13.18359,12.89063,13.71094,14.00391,14.00391,13.76953,14.23828,14.29688,13.76953,13.76953,0.126953,0.144043,0.144043,0.15625,0.119629,0.128174,0.106201,0.126953,0.129395,0.115967,0.157471
2017-01-07T03:20:00Z,198.63281,207.77344,205.3125,206.71875,205.66406,208.125,209.88281,209.88281,208.47656,209.88281,209.17969,210.9375,14.29688,10.37109,13.18359,13.47656,13.53516,13.88672,14.12109,13.53516,13.59375,13.53516,13.53516,13.82813,13.94531,0.169678,0.162354,0.136719,0.152588,0.128174,0.134277,0.109863,0.125732,0.106201,0.133057,0.136719
2017-01-07T03:30:00Z,198.63281,207.77344,203.55469,202.5,206.71875,204.96094,205.66406,209.17969,205.66406,207.07031,208.125,209.88281,14.23828,10.66406,13.82813,14.0625,13.88672,14.0625,14.23828,14.0625,14.12109,14.00391,14.17969,14.12109,14.12109,0.130615,0.144043,0.133057,0.129395,0.142822,0.126953,0.134277,0.144043,0.131836,0.12207,0.126953
2017-01-07T03:40:00Z,197.22656,199.6875,203.90625,201.44531,204.60938,204.96094,205.3125,207.77344,209.17969,210.23438,208.47656,210.23438,13.59375,10.19531,13.65234,13.59375,13.59375,13.71094,13.76953,14.00391,14.17969,14.17969,13.94531,14.23828,13.59375,0.153809,0.141602,0.136719,0.118408,0.130615,0.109863,0.112305,0.130615,0.128174,0.140381,0.085449
2017-01-07T03:50:00Z,197.92969,208.82813,205.3125,206.71875,208.82813,208.47656,209.17969,209.17969,209.88281,208.125,208.82813,213.75,14.00391,10.37109,13.18359,12.71484,13.125,13.125,13.00781,13.59375,13.30078,13.88672,14.0625,14.12109,13.47656,0.163574,0.117188,0.157471,0.137939,0.167236,0.151367,0.136719,0.118408,0.108643,0.108643,0.081787
2017-01-07T04:00:00Z,200.03906,203.55469,206.01563,203.90625,205.3125,207.77344,206.36719,210.23438,208.47656,207.77344,210.9375,207.07031,14.00391,10.89844,12.53906,13.30078,13.30078,13.53516,13.65234,13.71094,13.88672,13.71094,13.65234,13.53516,13.94531,0.172119,0.133057,0.147705,0.117188,0.114746,0.114746,0.117188,0.119629,0.128174,0.146484,0.119629
2017-01-07T04:10:00Z,199.6875,207.77344,210.23438,208.125,207.42188,207.77344,206.36719,209.53125,211.28906,209.53125,209.88281,209.53125,14.00391,10.95703,12.71484,13.06641,13.18359,13.30078,13.30078,14.0625,14.0625,14.12109,13.65234,13.59375,14.35547,0.136719,0.137939,0.15625,0.100098,0.167236,0.140381,0.111084,0.095215,0.093994,0.12207,0.144043
2017-01-07T04:20:00Z,200.03906,207.07031,209.53125,209.17969,207.77344,210.23438,207.77344,208.125,209.53125,211.64063,210.23438,209.53125,14.47266,10.60547,13.06641,13.47656,13.24219,13.76953,13.82813,14.29688,14.35547,14.70703,14.41406,14.17969,14.64844,0.15625,0.147705,0.147705,0.159912,0.141602,0.125732,0.117188,0.135498,0.112305,0.108643,0.137939
2017-01-07T04:30:00Z,202.85156,209.88281,206.01563,210.23438,210.9375,209.88281,206.71875,210.58594,212.34375,211.28906,208.125,212.69531,14.41406,11.25,13.82813,13.71094,13.88672,14.0625,14.23828,14.53125,14.12109,14.47266,14.12109,14.35547,14.70703,0.144043,0.119629,0.123291,0.112305,0.148926,0.107422,0.141602,0.10376,0.125732,0.15625,0.144043
2017-01-07T04:40:00Z,202.5,205.66406,206.01563,210.58594,209.17969,211.28906,208.47656,209.17969,210.23438,208.82813,207.42188,208.125,13.82813,11.30859,14.29688,14.29688,13.94531,14.53125,14.23828,14.12109,14.70703,14.58984,14.47266,14.17969,14.0625,0.15625,0.177002,0.114746,0.170898,0.179443,0.124512,0.135498,0.134277,0.152588,0.147705,0.157471
2017-01-07T04:50:00Z,201.44531,207.07031,206.71875,207.77344,209.88281,207.42188,207.77344,211.64063,209.88281,209.88281,211.64063,210.58594,14.53125,11.25,12.94922,13.47656,13.41797,13.94531,14.00391,13.94531,14.00391,14.47266,14.35547,14.35547,13.82813,0.12207,0.114746,0.152588,0.137939,0.113525,0.145264,0.111084,0.114746,0.13916,0.125732,0.146484
2017-01-07T05:00:00Z,199.6875,207.07031,206.71875,202.85156,207.77344,210.58594,211.99219,213.04688,213.04688,209.88281,209.88281,214.10156,14.76563,10.78125,13.35938,14.00391,13.30078,14.70703,14.88281,14.23828,13.94531,14.23828,13.94531,14.23828,14.00391,0.170898,0.151367,0.172119,0.124512,0.125732,0.126953,0.144043,0.126953,0.136719,0.135498,0.137939
2017-01-07T05:10:00Z,202.5,205.66406,203.55469,207.07031,212.34375,210.9375,213.04688,212.34375,211.99219,218.32031,212.34375,211.28906,14.35547,10.89844,14.00391,14.23828,14.00391,14.64844,14.41406,14.17969,14.29688,14.64844,13.88672,14.00391,14.0625,0.137939,0.157471,0.129395,0.144043,0.108643,0.175781,0.128174,0.112305,0.135498,0.10376,0.146484
2017-01-07T05:20:00Z,202.5,209.88281,207.07031,209.17969,207.77344,207.07031,210.23438,210.23438,207.77344,211.64063,208.47656,209.17969,14.64844,11.48438,13.30078,13.30078,13.65234,14.23828,14.12109,14.64844,14.29688,14.0625,13.94531,14.00391,14.53125,0.125732,0.147705,0.130615,0.148926,0.124512,0.126953,0.137939,0.151367,0.157471,0.128174,0.109863
2017-01-07T05:30:00Z,201.79688,208.125,209.88281,207.77344,208.82813,208.82813,210.23438,211.99219,213.75,212.34375,209.17969,213.04688,15.58594,11.01563,12.77344,13.41797,12.89063,13.47656,13.71094,13.82813,13.82813,13.94531,13.59375,14.0625,13.94531,0.144043,0.123291,0.13916,0.119629,0.128174,0.168457,0.126953,0.155029,0.136719,0.112305,0.12085
2017-01-07T05:40:00Z,200.74219,205.3125,207.07031,206.36719,206.36719,206.36719,208.47656,210.58594,209.17969,212.69531,212.34375,209.53125,14.47266,11.01563,13.59375,13.53516,13.76953,13.59375,13.94531,13.71094,13.59375,13.94531,13.82813,13.88672,14.0625,0.148926,0.124512,0.150146,0.137939,0.124512,0.158691,0.137939,0.118408,0.137939,0.12085,0.12085
2017-01-07T05:50:00Z,201.44531,206.01563,209.53125,210.23438,211.28906,208.47656,210.9375,210.23438,211.99219,209.88281,211.28906,210.58594,14.00391,10.83984,13.06641,12.83203,13.30078,12.77344,13.125,13.00781,13.47656,13.59375,13.65234,13.35938,13.82813,0.117188,0.151367,0.133057,0.141602,0.12085,0.125732,0.130615,0.163574,0.128174,0.140381,0.106201
2017-01-07T06:00:00Z,200.39063,203.20313,205.3125,203.90625,206.36719,208.47656,209.88281,210.9375,206.71875,213.39844,207.42188,205.66406,13.41797,10.78125,12.77344,13.24219,12.94922,13.76953,13.41797,13.06641,13.00781,13.35938,13.41797,13.18359,13.65234,0.152588,0.123291,0.157471,0.124512,0.158691,0.119629,0.137939,0.117188,0.106201,0.131836,0.101318
2017-01-07T06:10:00Z,197.92969,201.09375,204.96094,200.39063,207.77344,206.01563,207.42188,209.17969,209.88281,209.88281,209.17969,207.42188,13.76953,10.54688,12.53906,12.53906,12.53906,12.59766,12.94922,13.18359,13.53516,13.35938,12.89063,13.00781,12.53906,0.141602,0.146484,0.136719,0.158691,0.147705,0.162354,0.106201,0.167236,0.10376,0.124512,0.119629
2017-01-07T06:20:00Z,197.22656,207.07031,203.55469,205.3125,203.55469,208.125,207.42188,210.9375,208.47656,209.53125,211.64063,207.77344,12.83203,10.19531,11.71875,12.07031,11.71875,12.48047,12.59766,13.06641,13.00781,12.89063,12.24609,12.65625,12.53906,0.15625,0.148926,0.155029,0.123291,0.115967,0.175781,0.166016,0.145264,0.158691,0.124512,0.126953
2017-01-07T06:30:00Z,199.6875,201.79688,202.14844,203.90625,203.20313,207.07031,206.71875,209.17969,206.36719,208.125,208.125,209.88281,13.24219,10.3125,12.42188,12.71484,12.30469,12.71484,12.77344,13.125,12.89063,13.125,12.89063,13.00781,12.71484,0.167236,0.148926,0.148926,0.125732,0.117188,0.150146,0.098877,0.125732,0.148926,0.131836,0.137939
2017-01-07T06:40:00Z,198.28125,202.14844,203.20313,203.90625,206.71875,207.42188,206.01563,207.42188,209.17969,213.39844,207.07031,205.66406,13.41797,10.13672,11.77734,12.36328,11.36719,12.1875,12.48047,12.59766,13.125,12.71484,12.71484,12.77344,13.00781,0.134277,0.153809,0.129395,0.185547,0.129395,0.100098,0.159912,0.10376,0.115967,0.115967,0.128174
2017-01-07T06:50:00Z,198.28125,210.9375,204.96094,208.47656,207.42188,213.39844,214.10156,214.10156,212.69531,210.58594,213.75,212.34375,12.83203,9.78516,10.42969,11.13281,10.89844,11.54297,12.07031,11.89453,11.66016,11.25,11.60156,11.36719,11.48438,0.153809,0.146484,0.169678,0.147705,0.163574,0.117188,0.119629,0.175781,0.141602,0.161133,0.196533
2017-01-07T07:00:00Z,203.90625,203.55469,208.82813,211.64063,210.9375,211.99219,213.75,216.5625,212.69531,212.34375,213.39844,216.21094,12.07031,9.43359,11.36719,12.07031,11.60156,12.1875,12.48047,12.53906,12.36328,12.36328,12.65625,12.71484,12.59766,0.152588,0.145264,0.129395,0.168457,0.128174,0.102539,0.114746,0.08667,0.12085,0.113525,0.112305
2017-01-07T07:10:00Z,203.55469,205.66406,209.88281,210.23438,211.28906,212.34375,213.75,215.15625,214.80469,214.45313,214.45313,216.21094,12.53906,9.90234,11.19141,11.48438,11.30859,12.01172,12.24609,12.01172,12.1875,11.83594,11.66016,12.07031,11.83594,0.131836,0.147705,0.147705,0.115967,0.12207,0.126953,0.124512,0.10498,0.134277,0.153809,0.128174
2017-01-07T07:20:00Z,204.60938,206.01563,210.9375,208.47656,211.64063,212.69531,213.75,213.39844,215.85938,208.82813,214.10156,218.32031,12.12891,9.55078,12.12891,11.77734,11.89453,11.89453,12.12891,12.65625,12.48047,12.24609,12.42188,12.24609,12.48047,0.134277,0.124512,0.180664,0.151367,0.123291,0.12207,0.090332,0.109863,0.119629,0.151367,0.147705
2017-01-07T07:30:00Z,203.55469,210.23438,207.42188,207.07031,210.9375,214.10156,213.75,214.80469,214.80469,211.28906,216.5625,216.5625,13.00781,9.90234,11.07422,11.30859,11.83594,11.36719,11.89453,11.95313,11.66016,11.89453,12.42188,12.12891,12.01172,0.175781,0.133057,0.118408,0.119629,0.118408,0.145264,0.119629,0.117188,0.128174,0.166016,0.096436
2017-01-07T07:40:00Z,205.3125,211.28906,209.17969,215.85938,215.50781,215.85938,216.21094,216.5625,216.21094,215.50781,219.02344,212.69531,12.42188,9.49219,11.19141,11.60156,11.36719,11.48438,11.71875,11.83594,11.71875,11.77734,11.60156,11.36719,11.71875,0.164795,0.152588,0.133057,0.131836,0.101318,0.109863,0.106201,0.119629,0.080566,0.109863,0.111084
2017-01-07T07:50:00Z,204.96094,217.96875,213.75,213.75,218.32031,219.02344,217.61719,219.375,215.50781,218.67188,219.02344,221.83594,12.12891,9.31641,10.13672,10.3125,10.37109,11.07422,11.07422,11.36719,11.25,11.36719,11.19141,10.83984,10.78125,0.15625,0.203857,0.118408,0.157471,0.134277,0.131836,0.131836,0.145264,0.123291,0.148926,0.124512
2017-01-07T08:00:00Z,205.66406,208.125,208.82813,211.99219,213.75,212.34375,213.39844,219.72656,220.07813,220.07813,221.48438,220.78125,11.54297,8.67188,10.78125,10.48828,10.60547,10.72266,10.89844,11.36719,11.19141,10.95703,10.48828,10.66406,10.72266,0.175781,0.234375,0.177002,0.163574,0.140381,0.164795,0.184326,0.134277,0.161133,0.169678,0.148926
2017-01-07T08:10:00Z,203.90625,207.77344,209.17969,210.58594,212.69531,217.96875,216.91406,219.02344,218.32031,232.38281,227.8125,221.13281,12.83203,9.02344,10.54688,10.95703,10.89844,10.89844,10.19531,9.72656,9.66797,9.96094,10.01953,9.375,10.13672,0.198975,0.089111,0.172119,0.147705,0.136719,0.148926,0.170898,0.13916,0.187988,0.163574,0.162354
2017-01-07T08:20:00Z,202.14844,204.96094,215.15625,211.64063,213.75,220.07813,220.07813,219.02344,222.89063,223.59375,225.70313,221.13281,12.65625,9.19922,9.96094,10.13672,10.42969,9.84375,9.78516,9.60938,9.31641,9.08203,9.78516,9.90234,9.60938,0.195313,0.177002,0.162354,0.145264,0.158691,0.144043,0.148926,0.166016,0.164795,0.192871,0.148926
2017-01-07T08:30:00Z,200.39063,210.58594,215.15625,213.75,217.61719,221.48438,228.16406,222.53906,224.29688,223.59375,227.10938,219.02344,11.95313,8.61328,9.02344,8.67188,9.08203,8.20313,8.37891,8.08594,8.20313,7.96875,8.4375,8.14453,8.26172,0.15625,0.211182,0.197754,0.218506,0.219727,0.205078,0.213623,0.184326,0.212402,0.200195,0.163574
2017-01-07T08:40:00Z,202.85156,232.03125,237.30469,234.14063,246.44531,250.66406,254.88281,248.90625,251.36719,249.60938,247.14844,241.17188,10.42969,7.44141,6.26953,6.32813,6.38672,6.15234,5.91797,5.74219,5.91797,6.21094,5.85938,6.32813,6.15234,0.333252,0.262451,0.314941,0.238037,0.214844,0.245361,0.216064,0.22583,0.220947,0.22583,0.189209
2017-01-07T08:50:00Z,231.67969,263.67188,264.375,264.02344,268.24219,267.53906,274.92188,273.51563,270.0,271.40625,271.75781,273.16406,7.67578,3.28125,4.62891,5.39063,5.21484,5.625,5.80078,5.625,5.625,5.625,5.97656,5.91797,5.97656,0.205078,0.179443,0.147705,0.179443,0.164795,0.158691,0.153809,0.125732,0.164795,0.177002,0.13916
2017-01-07T09:00:00Z,255.9375,272.8125,274.92188,273.16406,274.21875,278.78906,278.08594,281.60156,277.03125,277.73438,282.30469,284.0625,5.03906,3.51563,5.03906,5.21484,5.09766,5.50781,5.625,5.625,5.85938,5.68359,5.74219,5.91797,5.625,0.181885,0.172119,0.231934,0.166016,0.152588,0.169678,0.185547,0.184326,0.130615,0.12207,0.170898
2017-01-07T09:10:00Z,265.78125,273.16406,279.84375,278.08594,277.38281,280.19531,282.30469,281.25,278.4375,280.54688,278.78906,280.54688,4.74609,3.28125,4.57031,4.86328,4.86328,5.03906,5.27344,5.03906,5.33203,5.15625,5.09766,5.21484,5.21484,0.231934,0.17334,0.192871,0.137939,0.178223,0.133057,0.162354,0.180664,0.180664,0.175781,0.170898
2017-01-07T09:20:00Z,269.64844,283.71094,286.17188,278.78906,286.17188,283.35938,286.17188,291.44531,290.74219,291.09375,283.71094,290.03906,5.21484,3.69141,4.6875,5.27344,5.03906,5.33203,5.68359,5.80078,5.80078,5.80078,5.74219,5.80078,5.97656,0.219727,0.152588,0.186768,0.196533,0.172119,0.161133,0.187988,0.184326,0.167236,0.129395,0.177002
2017-01-07T09:30:00Z,274.92188,283.00781,280.19531,284.41406,285.11719,293.90625,286.17188,288.28125,292.5,292.14844,292.14844,290.03906,5.27344,3.92578,4.80469,5.15625,4.74609,5.625,5.80078,5.50781,5.68359,5.85938,6.09375,5.68359,5.44922,0.177002,0.213623,0.230713,0.218506,0.185547,0.194092,0.180664,0.158691,0.169678,0.185547,0.178223
2017-01-07T09:40:00Z,270.70313,280.89844,282.30469,284.76563,282.65625,287.57813,284.76563,290.03906,289.6875,286.875,287.92969,292.85156,4.6875,3.51563,4.51172,4.80469,4.86328,4.98047,5.03906,4.98047,5.21484,5.15625,5.50781,5.39063,4.98047,0.205078,0.175781,0.180664,0.194092,0.17334,0.150146,0.187988,0.183105,0.202637,0.137939,0.166016
2017-01-07T09:50:00Z,274.57031,288.98438,284.0625,283.35938,290.39063,293.55469,294.60938,288.63281,291.44531,289.33594,289.33594,292.5,4.74609,3.51563,5.15625,5.27344,5.15625,5.39063,5.21484,5.21484,5.50781,5.39063,5.27344,5.39063,5.21484,0.161133,0.200195,0.162354,0.202637,0.172119,0.178223,0.192871,0.195313,0.166016,0.202637,0.180664
2017-01-07T10:00:00Z,280.89844,291.44531,295.66406,294.60938,291.44531,292.85156,293.20313,296.01563,292.5,293.90625,296.36719,304.10156,5.21484,3.80859,4.6875,4.98047,4.80469,5.15625,5.27344,5.39063,5.80078,5.44922,5.68359,5.625,5.44922,0.228271,0.170898,0.170898,0.231934,0.216064,0.134277,0.137939,0.183105,0.142822,0.175781,0.185547
2017-01-07T10:10:00Z,284.0625,292.85156,295.66406,298.47656,294.60938,300.23438,296.01563,298.82813,302.34375,300.23438,302.69531,305.15625,5.03906,3.80859,4.74609,4.98047,4.98047,5.27344,5.625,5.50781,5.68359,5.74219,5.80078,5.56641,5.56641,0.159912,0.206299,0.206299,0.152588,0.194092,0.164795,0.123291,0.17334,0.13916,0.13916,0.133057
2017-01-07T10:20:00Z,287.22656,290.39063,296.36719,296.01563,303.04688,299.53125,303.04688,300.9375,310.07813,306.91406,308.32031,302.69531,4.33594,3.45703,4.39453,4.39453,4.39453,4.86328,5.03906,5.21484,5.27344,5.44922,5.09766,5.33203,5.15625,0.169678,0.169678,0.179443,0.168457,0.118408,0.169678,0.159912,0.164795,0.213623,0.20752,0.146484
2017-01-07T10:30:00Z,287.92969,298.82813,294.60938,303.04688,301.64063,302.69531,306.21094,304.10156,305.85938,308.32031,306.91406,303.39844,4.27734,3.16406,3.80859,4.45313,4.39453,4.6875,4.92188,4.92188,5.33203,5.33203,5.50781,5.09766,5.33203,0.209961,0.147705,0.196533,0.198975,0.135498,0.141602,0.170898,0.135498,0.283203,0.228271,0.163574
2017-01-07T10:40:00Z,285.46875,290.03906,290.39063,293.20313,292.14844,293.90625,296.36719,298.47656,298.47656,299.53125,297.77344,295.3125,4.86328,2.57813,3.80859,3.92578,4.04297,4.21875,4.39453,4.45313,4.39453,4.51172,4.27734,4.45313,4.51172,0.228271,0.177002,0.145264,0.172119,0.202637,0.163574,0.170898,0.211182,0.19043,0.142822,0.202637
2017-01-07T10:50:00Z,279.14063,293.90625,299.88281,299.88281,300.23438,304.10156,303.39844,302.34375,301.99219,305.50781,308.32031,304.80469,4.16016,2.69531,4.04297,4.21875,4.21875,4.62891,4.98047,5.09766,5.21484,5.15625,5.03906,4.80469,4.86328,0.231934,0.170898,0.183105,0.123291,0.133057,0.227051,0.19165,0.12207,0.172119,0.174561,0.220947
2017-01-07T11:00:00Z,283.00781,294.96094,292.5,292.14844,298.82813,293.90625,297.42188,304.10156,302.34375,296.36719,306.91406,303.75,4.21875,2.8125,3.86719,4.10156,4.27734,4.27734,4.6875,4.98047,4.86328,4.86328,4.98047,4.86328,4.92188,0.211182,0.198975,0.168457,0.183105,0.175781,0.175781,0.140381,0.183105,0.180664,0.172119,0.169678
2017-01-07T11:10:00Z,279.14063,292.5,290.03906,291.79688,298.47656,297.07031,301.28906,302.69531,307.26563,304.10156,300.58594,301.99219,3.28125,2.51953,3.69141,4.04297,4.16016,4.33594,4.62891,4.62891,4.92188,4.62891,4.57031,4.62891,4.51172,0.17334,0.209961,0.17334,0.212402,0.19043,0.178223,0.162354,0.159912,0.186768,0.205078,0.179443
2017-01-07T11:20:00Z,276.67969,295.3125,292.85156,296.01563,299.53125,298.125,306.91406,305.50781,302.69531,300.9375,297.77344,305.50781,3.98438,2.63672,3.51563,4.04297,3.86719,4.21875,4.62891,4.51172,4.51172,4.45313,4.45313,4.33594,4.45313,0.235596,0.203857,0.151367,0.169678,0.144043,0.213623,0.189209,0.197754,0.192871,0.220947,0.181885
2017-01-07T11:30:00Z,277.03125,288.28125,294.25781,294.25781,292.5,299.17969,300.9375,299.88281,294.96094,303.39844,300.23438,302.69531,3.33984,2.51953,4.10156,4.27734,4.27734,4.57031,5.03906,4.6875,4.92188,5.03906,5.15625,4.74609,4.86328,0.145264,0.17334,0.163574,0.184326,0.148926,0.224609,0.134277,0.229492,0.151367,0.196533,0.115967
2017-01-07T11:40:00Z,282.65625,298.47656,298.125,295.66406,300.23438,296.71875,300.58594,300.23438,299.88281,301.28906,297.07031,301.64063,3.69141,2.98828,4.51172,4.6875,4.86328,5.03906,5.15625,5.39063,5.39063,5.50781,5.15625,5.21484,5.27344,0.15625,0.174561,0.130615,0.123291,0.147705,0.129395,0.153809,0.167236,0.163574,0.169678,0.195313
2017-01-07T11:50:00Z,287.22656,299.17969,297.42188,296.36719,302.34375,301.64063,303.75,300.9375,303.04688,300.9375,300.23438,302.34375,4.27734,3.22266,5.03906,5.625,5.56641,5.74219,5.85938,5.85938,5.97656,5.74219,5.625,6.03516,5.80078,0.151367,0.13916,0.128174,0.144043,0.158691,0.158691,0.126953,0.130615,0.134277,0.159912,0.175781
2017-01-07T12:00:00Z,290.03906,300.9375,302.69531,305.50781,303.39844,303.04688,309.72656,304.80469,305.50781,310.07813,310.42969,310.42969,4.86328,3.69141,5.27344,5.50781,5.50781,5.80078,6.15234,6.15234,6.38672,6.44531,6.32813,6.44531,5.97656,0.161133,0.123291,0.12207,0.131836,0.172119,0.157471,0.12085,0.141602,0.13916,0.218506,0.172119
2017-01-07T12:10:00Z,290.03906,299.53125,304.80469,305.15625,301.64063,307.96875,306.21094,313.59375,308.32031,308.67188,310.07813,310.42969,4.62891,3.45703,5.03906,5.15625,5.50781,5.80078,6.09375,6.09375,6.38672,6.21094,6.50391,6.32813,6.26953,0.174561,0.151367,0.159912,0.153809,0.162354,0.119629,0.137939,0.124512,0.180664,0.13916,0.206299
2017-01-07T12:20:00Z,287.57813,300.23438,303.04688,301.28906,305.15625,305.50781,307.26563,309.375,313.59375,311.83594,312.53906,312.1875,4.45313,3.33984,4.86328,5.21484,5.27344,5.44922,5.97656,6.09375,6.44531,6.26953,6.21094,6.21094,5.97656,0.161133,0.126953,0.113525,0.144043,0.146484,0.137939,0.123291,0.13916,0.129395,0.147705,0.142822
2017-01-07T12:30:00Z,293.90625,306.5625,305.85938,307.61719,308.32031,308.67188,306.5625,310.78125,313.24219,315.0,311.48438,309.02344,4.21875,3.39844,5.15625,5.15625,5.39063,5.50781,6.03516,6.26953,6.73828,6.50391,6.5625,6.03516,6.15234,0.189209,0.157471,0.128174,0.129395,0.115967,0.130615,0.112305,0.102539,0.17334,0.145264,0.152588
2017-01-07T12:40:00Z,296.01563,307.96875,306.5625,308.67188,308.32031,310.07813,310.42969,311.13281,315.0,312.1875,309.375,311.13281,4.74609,3.51563,5.33203,5.625,5.74219,6.32813,6.50391,6.91406,6.91406,6.85547,6.73828,7.08984,6.97266,0.12207,0.140381,0.140381,0.128174,0.133057,0.098877,0.148926,0.150146,0.195313,0.168457,0.101318
2017-01-07T12:50:00Z,298.82813,301.28906,307.96875,309.02344,307.26563,310.78125,310.42969,317.8125,317.10938,319.57031,319.92188,324.49219,4.98047,3.75,5.15625,5.56641,5.39063,5.80078,6.21094,6.32813,6.67969,6.79688,7.08984,7.61719,7.20703,0.159912,0.157471,0.141602,0.141602,0.145264,0.192871,0.206299,0.19165,0.177002,0.158691,0.133057
2017-01-07T13:00:00Z,294.60938,305.15625,303.39844,305.15625,306.5625,309.02344,311.83594,311.48438,315.70313,315.70313,313.94531,315.0,4.45313,3.33984,5.21484,5.50781,5.56641,5.91797,6.38672,6.5625,6.97266,6.79688,6.97266,6.79688,7.08984,0.184326,0.140381,0.10376,0.130615,0.178223,0.148926,0.155029,0.151367,0.129395,0.144043,0.151367
2017-01-07T13:10:00Z,296.71875,304.45313,307.96875,306.21094,309.02344,308.67188,313.24219,311.83594,314.64844,315.70313,317.46094,312.53906,4.74609,3.45703,5.80078,6.38672,6.21094,6.5625,6.97266,7.14844,7.61719,7.32422,7.61719,7.26563,7.79297,0.12085,0.109863,0.119629,0.140381,0.117188,0.124512,0.126953,0.125732,0.123291,0.178223,0.111084
2017-01-07T13:20:00Z,292.85156,303.04688,309.375,301.28906,311.48438,316.05469,312.53906,310.78125,314.29688,315.35156,318.51563,316.05469,4.80469,3.63281,6.32813,6.67969,6.62109,7.08984,7.38281,7.44141,8.02734,7.91016,8.08594,7.85156,7.67578,0.118408,0.148926,0.109863,0.128174,0.100098,0.10498,0.133057,0.107422,0.101318,0.150146,0.08667
2017-01-07T13:30:00Z,297.07031,312.53906,312.89063,310.42969,317.8125,316.40625,314.64844,318.51563,318.86719,319.92188,315.35156,320.625,5.39063,4.21875,6.15234,6.44531,6.5625,7.20703,7.32422,7.55859,7.85156,8.20313,7.85156,7.79297,7.73438,0.125732,0.096436,0.158691,0.137939,0.113525,0.134277,0.129395,0.119629,0.113525,0.157471,0.126953
2017-01-07T13:40:00Z,308.32031,316.05469,320.97656,319.21875,322.38281,324.49219,332.57813,335.74219,341.71875,349.45313,346.28906,351.21094,6.09375,4.57031,5.85938,6.03516,6.21094,6.62109,7.20703,7.26563,7.44141,7.91016,7.96875,8.32031,8.37891,0.117188,0.123291,0.131836,0.10376,0.098877,0.134277,0.178223,0.169678,0.147705,0.135498,0.142822
2017-01-07T13:50:00Z,317.46094,323.78906,320.625,325.19531,327.65625,326.95313,331.17188,339.25781,347.34375,343.47656,345.9375,344.53125,5.09766,4.10156,5.68359,6.50391,6.09375,7.08984,7.38281,7.67578,8.55469,8.73047,8.90625,8.84766,9.02344,0.131836,0.124512,0.175781,0.141602,0.141602,0.168457,0.151367,0.135498,0.135498,0.157471,0.123291
2017-01-07T14:00:00Z,323.78906,326.25,325.19531,321.32813,329.0625,328.71094,332.92969,332.22656,329.76563,335.74219,336.09375,335.39063,5.33203,4.33594,6.5625,7.08984,7.14844,7.85156,8.32031,8.96484,8.78906,9.02344,9.14063,8.90625,8.90625,0.141602,0.136719,0.114746,0.092773,0.117188,0.140381,0.130615,0.117188,0.113525,0.124512,0.118408
2017-01-07T14:10:00Z,321.32813,327.30469,326.25,325.54688,330.82031,328.35938,336.44531,332.57813,334.6875,335.74219,334.6875,335.03906,6.5625,4.86328,6.38672,6.85547,6.97266,7.5,8.02734,8.26172,8.49609,8.49609,8.73047,8.4375,8.4375,0.131836,0.142822,0.152588,0.113525,0.097656,0.109863,0.096436,0.111084,0.125732,0.12085,0.106201
2017-01-07T14:20:00Z,322.38281,328.71094,328.35938,326.25,331.52344,331.17188,335.74219,340.3125,338.20313,343.125,344.88281,343.125,5.625,4.62891,6.21094,6.44531,6.44531,7.14844,7.61719,7.85156,7.85156,7.85156,7.96875,7.91016,8.32031,0.12207,0.117188,0.10376,0.115967,0.125732,0.109863,0.12207,0.12085,0.12085,0.136719,0.12085
2017-01-07T14:30:00Z,327.30469,332.57813,333.98438,331.875,340.3125,337.85156,339.25781,339.96094,337.5,339.25781,337.14844,338.55469,6.26953,4.51172,6.21094,7.08984,6.85547,7.5,8.14453,8.14453,8.26172,8.20313,8.4375,8.55469,8.84766,0.113525,0.12207,0.119629,0.098877,0.126953,0.130615,0.146484,0.10498,0.13916,0.107422,0.119629
2017-01-07T14:40:00Z,330.11719,334.6875,333.98438,333.28125,333.28125,333.98438,333.98438,337.85156,334.33594,339.25781,338.90625,336.44531,5.27344,4.39453,6.38672,6.79688,6.85547,7.38281,7.91016,8.26172,8.26172,8.32031,8.02734,8.26172,8.37891,0.133057,0.13916,0.142822,0.146484,0.100098,0.111084,0.119629,0.090332,0.097656,0.111084,0.113525
2017-01-07T14:50:00Z,329.76563,334.6875,333.28125,334.6875,335.39063,333.63281,338.55469,336.44531,338.55469,338.90625,337.85156,341.71875,5.85938,4.74609,6.79688,7.38281,7.32422,7.73438,8.02734,8.61328,8.37891,8.61328,8.26172,8.4375,8.49609,0.136719,0.130615,0.136719,0.117188,0.169678,0.10376,0.101318,0.135498,0.129395,0.119629,0.115967
2017-01-07T15:00:00Z,332.92969,335.03906,337.14844,338.55469,338.55469,337.14844,340.3125,341.01563,343.47656,341.36719,342.77344,344.17969,5.91797,4.92188,7.26563,7.85156,7.85156,8.49609,8.49609,8.96484,8.78906,8.96484,8.84766,9.02344,9.08203,0.178223,0.140381,0.142822,0.119629,0.124512,0.118408,0.125732,0.136719,0.084229,0.117188,0.100098
2017-01-07T15:10:00Z,335.39063,338.90625,339.96094,339.60938,340.3125,343.82813,344.53125,344.53125,343.47656,344.53125,343.125,342.77344,6.15234,5.03906,7.08984,7.5,7.67578,8.26172,8.73047,8.61328,8.73047,9.02344,8.67188,8.96484,8.96484,0.10498,0.084229,0.117188,0.112305,0.119629,0.106201,0.124512,0.124512,0.126953,0.129395,0.136719
2017-01-07T15:20:00Z,336.09375,338.20313,338.90625,339.96094,343.47656,342.77344,341.01563,344.88281,345.58594,346.64063,346.99219,345.58594,6.73828,5.44922,7.38281,7.91016,7.96875,8.73047,8.73047,9.25781,9.31641,9.60938,9.43359,9.31641,9.375,0.112305,0.100098,0.12207,0.141602,0.107422,0.095215,0.124512,0.102539,0.113525,0.102539,0.084229
2017-01-07T15:30:00Z,337.85156,341.36719,338.20313,338.90625,339.60938,338.90625,343.47656,347.34375,344.88281,347.69531,350.15625,351.5625,6.38672,5.27344,6.79688,7.20703,7.55859,7.91016,8.61328,9.19922,9.43359,9.31641,9.375,9.66797,9.78516,0.102539,0.10498,0.078125,0.10498,0.078125,0.078125,0.109863,0.101318,0.101318,0.114746,0.100098
2017-01-07T15:40:00Z,336.09375,335.39063,336.09375,338.90625,341.01563,343.82813,348.39844,348.39844,350.85938,353.67188,353.32031,354.02344,6.44531,5.15625,7.03125,7.67578,7.85156,8.26172,8.84766,9.08203,9.25781,9.43359,9.72656,9.31641,9.43359,0.106201,0.137939,0.091553,0.142822,0.081787,0.112305,0.096436,0.091553,0.087891,0.111084,0.096436
2017-01-07T15:50:00Z,337.14844,341.71875,338.90625,343.82813,342.77344,347.34375,352.61719,350.85938,352.96875,355.07813,353.67188,352.61719,6.62109,5.21484,6.91406,7.5,7.38281,8.37891,8.78906,8.84766,9.08203,9.49219,9.375,9.43359,9.43359,0.087891,0.090332,0.111084,0.117188,0.073242,0.093994,0.102539,0.092773,0.062256,0.109863,0.097656
2017-01-07T16:00:00Z,341.71875,337.5,341.36719,343.125,341.36719,344.17969,343.125,344.53125,347.69531,350.15625,346.64063,343.82813,6.15234,5.21484,6.91406,7.32422,7.61719,7.96875,8.32031,8.67188,8.84766,8.96484,8.84766,8.78906,9.31641,0.115967,0.112305,0.150146,0.125732,0.100098,0.089111,0.115967,0.093994,0.098877,0.119629,0.096436
2017-01-07T16:10:00Z,338.20313,336.09375,338.20313,336.44531,338.90625,342.42188,344.53125,348.39844,343.47656,342.07031,345.58594,342.42188,6.09375,4.86328,6.44531,6.79688,6.79688,7.32422,7.73438,8.14453,8.32031,8.08594,8.96484,9.19922,8.96484,0.130615,0.145264,0.114746,0.097656,0.113525,0.108643,0.112305,0.170898,0.153809,0.15625,0.180664
2017-01-07T16:20:00Z,335.74219,343.82813,345.9375,344.17969,350.15625,350.50781,350.15625,353.32031,352.96875,350.85938,355.78125,353.32031,6.21094,5.15625,7.14844,7.73438,7.79297,8.08594,8.67188,9.19922,9.60938,9.72656,9.78516,10.19531,10.07813,0.091553,0.125732,0.106201,0.080566,0.096436,0.08667,0.096436,0.10376,0.107422,0.100098,0.097656
2017-01-07T16:30:00Z,342.77344,349.45313,348.75,351.21094,349.45313,352.96875,353.32031,353.67188,352.26563,350.50781,348.75,347.34375,6.62109,5.15625,6.85547,7.67578,7.26563,8.37891,9.02344,9.375,9.43359,9.49219,9.55078,9.84375,10.07813,0.097656,0.080566,0.10376,0.073242,0.084229,0.062256,0.096436,0.092773,0.096436,0.093994,0.08667
2017-01-07T16:40:00Z,344.53125,346.28906,346.28906,345.23438,346.99219,344.17969,345.9375,347.34375,346.64063,345.23438,348.39844,345.58594,5.85938,4.98047,6.21094,6.85547,6.79688,7.38281,7.91016,8.26172,8.67188,8.73047,9.14063,9.08203,9.19922,0.131836,0.141602,0.128174,0.115967,0.112305,0.137939,0.125732,0.151367,0.123291,0.102539,0.12085
2017-01-07T16:50:00Z,340.66406,342.77344,344.53125,342.77344,343.47656,342.07031,341.71875,343.47656,342.77344,344.17969,345.9375,341.01563,5.39063,4.16016,5.21484,5.74219,5.625,6.15234,6.5625,7.14844,7.38281,7.61719,7.61719,7.61719,8.08594,0.153809,0.096436,0.102539,0.108643,0.10498,0.096436,0.129395,0.093994,0.090332,0.108643,0.115967
2017-01-07T17:00:00Z,337.14844,331.17188,334.6875,332.22656,336.44531,338.55469,341.01563,343.82813,345.9375,344.88281,345.23438,345.9375,4.33594,3.45703,4.92188,5.625,5.33203,6.15234,6.38672,6.67969,6.67969,6.73828,6.73828,6.79688,6.73828,0.12207,0.096436,0.112305,0.091553,0.107422,0.093994,0.08667,0.089111,0.091553,0.079346,0.128174
2017-01-07T17:10:00Z,331.875,331.17188,330.46875,331.875,333.28125,335.39063,337.14844,339.25781,339.60938,341.01563,340.66406,341.36719,3.98438,3.22266,5.27344,5.68359,5.68359,6.50391,6.85547,7.26563,6.85547,6.97266,6.97266,7.20703,7.14844,0.096436,0.109863,0.112305,0.087891,0.085449,0.109863,0.089111,0.068359,0.100098,0.097656,0.098877
2017-01-07T17:20:00Z,327.30469,332.92969,330.11719,333.98438,335.03906,337.85156,339.96094,343.47656,342.07031,343.125,345.23438,344.17969,4.21875,3.45703,5.44922,6.21094,6.09375,6.91406,7.03125,7.14844,7.26563,7.38281,7.55859,7.55859,7.61719,0.115967,0.109863,0.073242,0.090332,0.074463,0.067139,0.085449,0.080566,0.101318,0.12085,0.081787
2017-01-07T17:30:00Z,326.95313,329.76563,332.92969,331.17188,334.6875,336.09375,338.55469,335.74219,340.3125,338.90625,339.25781,338.20313,4.45313,3.57422,5.50781,6.09375,5.80078,6.44531,7.03125,7.14844,7.44141,7.73438,8.02734,7.73438,7.73438,0.101318,0.070801,0.093994,0.097656,0.101318,0.102539,0.112305,0.100098,0.10498,0.101318,0.106201
2017-01-07T17:40:00Z,325.89844,327.30469,327.65625,326.60156,329.41406,331.17188,330.46875,333.98438,334.33594,335.74219,336.09375,335.03906,4.39453,3.75,5.80078,6.21094,6.21094,6.85547,7.38281,7.67578,7.85156,7.91016,8.14453,8.14453,8.14453,0.072021,0.096436,0.10376,0.063477,0.08667,0.091553,0.098877,0.114746,0.112305,0.095215,0.093994
2017-01-07T17:50:00Z,322.03125,318.86719,319.57031,319.92188,320.97656,325.19531,325.54688,329.0625,329.41406,331.52344,332.22656,331.875,4.62891,3.75,5.91797,6.32813,6.26953,7.14844,7.26563,7.61719,7.73438,7.96875,8.14453,8.08594,7.85156,0.129395,0.085449,0.109863,0.112305,0.078125,0.058594,0.078125,0.106201,0.084229,0.131836,0.095215
2017-01-07T18:00:00Z,317.46094,320.625,323.78906,320.625,322.38281,325.89844,325.89844,329.41406,328.35938,332.57813,328.35938,333.63281,4.86328,3.92578,6.44531,6.73828,6.85547,7.32422,7.61719,8.08594,8.20313,8.49609,8.37891,8.26172,8.73047,0.115967,0.074463,0.114746,0.080566,0.083008,0.08667,0.080566,0.089111,0.064697,0.072021,0.148926
2017-01-07T18:10:00Z,319.21875,322.38281,321.67969,321.67969,321.32813,321.67969,324.84375,326.60156,325.54688,328.35938,331.17188,331.52344,5.33203,4.27734,5.91797,6.44531,6.44531,7.14844,7.67578,8.02734,8.20313,8.32031,8.49609,8.49609,8.61328,0.097656,0.111084,0.091553,0.089111,0.083008,0.064697,0.08667,0.091553,0.084229,0.081787,0.084229
2017-01-07T18:20:00Z,320.625,322.73438,323.4375,322.38281,325.54688,330.46875,328.35938,332.22656,330.82031,334.33594,333.98438,337.14844,4.98047,3.98438,6.15234,6.85547,6.67969,7.5,7.91016,8.32031,8.49609,8.73047,9.19922,9.49219,9.49219,0.102539,0.080566,0.108643,0.089111,0.074463,0.096436,0.078125,0.097656,0.092773,0.095215,0.10376
2017-01-07T18:30:00Z,319.92188,323.78906,326.60156,328.35938,329.41406,331.875,333.98438,336.44531,336.09375,335.74219,340.66406,339.60938,6.15234,4.45313,6.91406,7.5,7.20703,8.02734,8.26172,8.61328,9.02344,9.02344,9.43359,9.55078,9.66797,0.114746,0.096436,0.091553,0.10498,0.126953,0.095215,0.085449,0.107422,0.080566,0.096436,0.106201
2017-01-07T18:40:00Z,324.49219,337.5,337.5,335.74219,336.44531,338.55469,341.71875,343.125,342.07031,343.82813,342.42188,345.23438,6.91406,5.15625,7.14844,7.61719,7.67578,8.37891,9.08203,9.55078,9.66797,9.90234,10.07813,10.19531,10.60547,0.146484,0.136719,0.136719,0.146484,0.119629,0.113525,0.107422,0.123291,0.10376,0.112305,0.131836
2017-01-07T18:50:00Z,332.57813,338.90625,336.79688,339.60938,339.25781,340.3125,338.20313,341.01563,341.01563,341.71875,344.17969,343.125,7.32422,5.74219,7.85156,8.32031,8.61328,8.96484,9.60938,9.96094,9.90234,10.25391,10.07813,10.19531,10.48828,0.128174,0.098877,0.123291,0.134277,0.119629,0.112305,0.131836,0.128174,0.115967,0.131836,0.12085
2017-01-07T19:00:00Z,336.79688,341.36719,343.125,344.88281,344.88281,341.71875,346.64063,345.23438,344.17969,344.88281,343.82813,344.17969,8.37891,6.50391,8.67188,9.08203,8.73047,9.60938,9.78516,10.01953,10.07813,10.25391,10.54688,10.42969,10.54688,0.195313,0.135498,0.131836,0.101318,0.13916,0.140381,0.084229,0.117188,0.097656,0.092773,0.140381
2017-01-07T19:10:00Z,339.96094,341.36719,344.17969,344.88281,345.9375,344.53125,345.23438,343.125,345.9375,345.9375,344.53125,342.42188,8.55469,6.44531,7.55859,8.02734,7.91016,8.73047,8.90625,9.43359,9.375,9.72656,9.66797,10.01953,10.07813,0.064697,0.117188,0.126953,0.129395,0.12085,0.064697,0.130615,0.095215,0.135498,0.131836,0.106201
2017-01-07T19:20:00Z,337.85156,339.25781,339.60938,341.71875,341.71875,340.66406,339.25781,341.36719,343.82813,338.90625,340.66406,343.125,6.97266,5.80078,7.67578,8.02734,7.79297,8.49609,9.08203,9.25781,9.375,9.375,9.66797,9.49219,9.60938,0.140381,0.112305,0.124512,0.108643,0.142822,0.106201,0.128174,0.108643,0.108643,0.159912,0.117188
2017-01-07T19:30:00Z,336.79688,341.01563,341.01563,341.36719,340.3125,343.47656,344.17969,343.125,338.55469,342.77344,344.17969,343.125,7.08984,5.85938,8.02734,8.37891,8.4375,8.96484,9.43359,9.375,9.43359,9.49219,9.72656,9.66797,9.90234,0.12085,0.168457,0.111084,0.129395,0.12207,0.134277,0.125732,0.112305,0.106201,0.084229,0.075684
2017-01-07T19:40:00Z,336.09375,340.66406,341.71875,343.82813,342.07031,339.96094,343.47656,342.42188,343.125,342.42188,344.17969,344.53125,8.08594,6.5625,7.44141,7.91016,8.08594,8.26172,9.02344,9.02344,9.14063,8.90625,9.25781,9.375,9.31641,0.140381,0.13916,0.146484,0.181885,0.148926,0.161133,0.136719,0.114746,0.155029,0.142822,0.101318
2017-01-07T19:50:00Z,335.74219,339.25781,336.79688,336.09375,338.90625,340.66406,338.55469,337.5,339.25781,339.25781,342.07031,341.71875,7.03125,5.21484,6.79688,7.14844,6.79688,7.38281,7.38281,7.55859,7.91016,8.26172,8.26172,8.32031,8.02734,0.134277,0.153809,0.124512,0.118408,0.125732,0.142822,0.144043,0.107422,0.157471,0.144043,0.090332
2017-01-07T20:00:00Z,331.17188,331.875,335.39063,331.875,337.14844,335.03906,333.98438,334.6875,335.03906,339.96094,335.39063,338.90625,6.09375,4.39453,6.73828,7.03125,6.85547,7.20703,7.55859,7.67578,7.91016,7.96875,8.14453,8.26172,8.32031,0.119629,0.125732,0.111084,0.126953,0.101318,0.10376,0.096436,0.100098,0.095215,0.112305,0.090332
2017-01-07T20:10:00Z,325.19531,328.71094,326.95313,330.82031,333.28125,329.41406,331.52344,327.65625,333.28125,332.57813,335.03906,333.28125,6.38672,4.6875,5.85938,6.44531,6.32813,6.79688,7.14844,7.32422,7.5,7.67578,7.85156,7.91016,7.91016,0.08667,0.12207,0.084229,0.123291,0.134277,0.155029,0.08667,0.117188,0.10376,0.111084,0.12207
2017-01-07T20:20:00Z,317.46094,323.78906,322.73438,323.4375,326.25,324.84375,325.54688,328.35938,328.71094,330.82031,330.11719,328.71094,5.80078,4.57031,6.15234,6.5625,6.50391,6.97266,7.32422,7.73438,7.96875,8.14453,7.96875,7.85156,7.85156,0.117188,0.089111,0.10498,0.096436,0.095215,0.095215,0.102539,0.08667,0.106201,0.096436,0.102539
2017-01-07T20:30:00Z,313.94531,323.08594,321.32813,322.03125,322.38281,323.08594,327.65625,326.60156,328.71094,327.30469,327.65625,330.82031,5.56641,4.57031,6.15234,6.50391,6.38672,7.26563,7.5,7.85156,7.96875,8.02734,7.85156,8.26172,7.91016,0.119629,0.123291,0.106201,0.102539,0.090332,0.084229,0.075684,0.101318,0.113525,0.102539,0.150146
2017-01-07T20:40:00Z,315.35156,319.21875,322.38281,319.57031,325.19531,326.60156,328.00781,324.84375,326.95313,325.54688,325.54688,327.65625,5.74219,4.51172,6.09375,6.44531,6.5625,7.08984,7.32422,7.55859,7.67578,8.02734,7.85156,8.02734,8.08594,0.128174,0.118408,0.096436,0.098877,0.114746,0.128174,0.141602,0.10376,0.119629,0.129395,0.106201
2017-01-07T20:50:00Z,312.1875,320.625,320.97656,320.625,322.73438,319.57031,324.84375,322.73438,327.30469,326.95313,329.0625,330.46875,5.15625,4.27734,6.03516,6.26953,6.50391,6.67969,7.38281,7.61719,7.73438,7.79297,7.55859,7.73438,8.4375,0.109863,0.107422,0.093994,0.092773,0.125732,0.123291,0.073242,0.119629,0.095215,0.092773,0.161133
2017-01-07T21:00:00Z,310.07813,319.92188,322.73438,322.38281,323.4375,326.60156,326.60156,328.71094,330.82031,334.33594,333.63281,339.60938,5.21484,4.21875,5.80078,6.26953,6.21094,6.67969,6.97266,7.14844,7.08984,7.38281,7.38281,8.32031,10.3125,0.084229,0.097656,0.12207,0.084229,0.084229,0.075684,0.089111,0.102539,0.113525,0.174561,0.197754
2017-01-07T21:10:00Z,309.72656,322.38281,324.49219,326.25,325.19531,328.00781,332.22656,331.875,337.85156,337.85156,337.14844,340.3125,5.03906,3.92578,5.80078,6.32813,6.32813,6.79688,7.38281,7.38281,8.02734,8.32031,10.13672,12.30469,13.30078,0.095215,0.100098,0.102539,0.106201,0.079346,0.083008,0.10376,0.125732,0.166016,0.140381,0.093994
2017-01-07T21:20:00Z,310.07813,321.67969,322.73438,321.67969,329.76563,330.11719,335.39063,335.74219,338.90625,336.09375,335.03906,337.85156,5.33203,4.21875,6.03516,6.67969,6.38672,6.97266,7.5,7.67578,8.08594,8.26172,9.375,11.48438,12.30469,0.111084,0.097656,0.091553,0.10498,0.096436,0.089111,0.096436,0.119629,0.187988,0.157471,0.124512
2017-01-07T21:30:00Z,315.0,321.67969,327.65625,326.60156,329.0625,333.28125,333.28125,336.79688,337.14844,338.55469,335.74219,338.55469,5.03906,4.04297,5.80078,6.26953,5.97656,6.91406,7.20703,7.61719,7.96875,8.32031,8.37891,9.78516,11.25,0.119629,0.126953,0.093994,0.089111,0.078125,0.085449,0.087891,0.072021,0.070801,0.113525,0.100098
2017-01-07T21:40:00Z,311.13281,318.86719,320.625,319.92188,321.67969,328.35938,327.30469,327.65625,331.875,330.11719,333.28125,333.63281,5.39063,4.16016,6.21094,6.5625,6.5625,7.14844,7.5,7.85156,8.20313,8.67188,9.31641,10.19531,11.77734,0.117188,0.102539,0.123291,0.10376,0.067139,0.084229,0.080566,0.08667,0.10376,0.126953,0.128174
2017-01-07T21:50:00Z,314.64844,328.35938,331.17188,329.0625,330.11719,330.11719,333.98438,334.33594,334.6875,335.03906,337.85156,331.875,5.33203,3.80859,5.68359,6.15234,6.21094,6.26953,6.91406,7.32422,8.02734,8.49609,8.96484,9.66797,10.66406,0.135498,0.12085,0.133057,0.106201,0.093994,0.080566,0.056152,0.130615,0.152588,0.20874,0.206299
2017-01-07T22:00:00Z,312.89063,320.625,320.97656,320.97656,324.49219,321.32813,324.84375,323.78906,324.84375,327.30469,324.84375,325.89844,5.33203,4.16016,6.15234,6.5625,6.5625,7.08984,7.55859,7.96875,8.02734,8.02734,8.14453,8.20313,8.37891,0.108643,0.100098,0.090332,0.093994,0.125732,0.098877,0.097656,0.10376,0.124512,0.095215,0.111084
2017-01-07T22:10:00Z,309.02344,319.57031,319.21875,318.86719,320.625,319.57031,320.27344,322.03125,319.92188,322.03125,322.03125,323.08594,5.09766,4.04297,5.91797,6.26953,6.26953,6.73828,6.97266,7.26563,7.32422,7.5,7.61719,7.79297,7.79297,0.092773,0.078125,0.095215,0.091553,0.102539,0.10498,0.072021,0.084229,0.08667,0.080566,0.089111
2017-01-07T22:20:00Z,310.78125,318.16406,321.32813,321.67969,319.92188,321.32813,320.27344,325.89844,325.89844,327.65625,325.54688,325.54688,4.80469,3.92578,6.03516,6.26953,6.26953,7.03125,7.38281,8.02734,8.08594,8.37891,8.20313,8.32031,8.32031,0.112305,0.107422,0.095215,0.093994,0.100098,0.102539,0.10376,0.107422,0.12085,0.119629,0.112305
2017-01-07T22:30:00Z,308.67188,322.03125,320.27344,322.03125,320.625,325.19531,323.78906,326.60156,325.89844,328.00781,326.25,328.35938,5.50781,4.33594,6.09375,6.38672,6.50391,7.14844,7.79297,8.08594,8.26172,8.55469,8.78906,8.67188,8.67188,0.136719,0.123291,0.102539,0.075684,0.079346,0.098877,0.083008,0.096436,0.092773,0.095215,0.08667
2017-01-07T22:40:00Z,310.07813,322.03125,323.4375,322.03125,323.4375,326.25,325.54688,325.19531,329.76563,329.0625,327.30469,330.11719,5.56641,4.57031,6.44531,6.67969,6.67969,7.32422,7.73438,8.02734,8.14453,8.37891,8.67188,8.49609,8.49609,0.126953,0.12207,0.114746,0.114746,0.102539,0.092773,0.114746,0.10498,0.068359,0.080566,0.091553
2017-01-07T22:50:00Z,317.8125,325.89844,327.65625,326.60156,329.41406,329.76563,329.41406,331.17188,330.82031,331.17188,333.98438,330.11719,6.44531,4.45313,5.625,6.26953,6.21094,6.62109,7.08984,7.44141,7.91016,7.91016,8.14453,8.08594,8.26172,0.12085,0.081787,0.115967,0.100098,0.111084,0.08667,0.091553,0.084229,0.080566,0.101318,0.092773
2017-01-07T23:00:00Z,315.70313,323.4375,321.32813,322.38281,325.54688,325.19531,328.00781,327.65625,328.71094,328.71094,331.17188,329.0625,4.92188,3.98438,5.68359,5.85938,5.80078,6.73828,6.97266,7.44141,7.73438,7.79297,7.91016,7.91016,8.02734,0.098877,0.117188,0.119629,0.085449,0.109863,0.106201,0.068359,0.08667,0.098877,0.10498,0.079346
2017-01-07T23:10:00Z,312.53906,323.08594,324.14063,325.89844,327.65625,326.25,327.65625,323.78906,327.65625,328.35938,331.52344,328.71094,5.39063,4.16016,5.85938,6.50391,6.44531,6.73828,7.20703,7.26563,7.61719,7.79297,8.02734,7.85156,7.85156,0.144043,0.113525,0.131836,0.124512,0.093994,0.133057,0.119629,0.093994,0.098877,0.096436,0.098877
2017-01-07T23:20:00Z,316.05469,328.00781,329.0625,327.30469,330.46875,331.17188,332.22656,331.52344,336.44531,335.03906,337.85156,341.36719,5.50781,4.39453,6.26953,6.5625,6.38672,7.03125,7.32422,7.38281,7.44141,7.73438,7.96875,7.91016,7.79297,0.124512,0.092773,0.098877,0.108643,0.074463,0.092773,0.08667,0.087891,0.080566,0.100098,0.095215
2017-01-07T23:30:00Z,316.75781,318.86719,319.92188,320.625,322.03125,322.73438,324.14063,328.35938,330.11719,330.46875,332.22656,331.875,5.56641,4.45313,5.85938,6.03516,6.15234,6.38672,6.67969,7.14844,7.32422,7.44141,7.44141,7.5,7.85156,0.115967,0.10376,0.115967,0.089111,0.111084,0.111084,0.095215,0.096436,0.10376,0.112305,0.095215
2017-01-07T23:40:00Z,307.96875,318.16406,321.32813,319.57031,322.38281,321.67969,324.84375,324.14063,328.35938,324.84375,330.82031,330.46875,5.39063,4.39453,5.80078,6.38672,6.26953,6.44531,7.08984,7.14844,7.55859,7.55859,7.73438,8.02734,7.91016,0.125732,0.092773,0.130615,0.112305,0.109863,0.100098,0.084229,0.111084,0.06958,0.107422,0.091553
2017-01-07T23:50:00Z,311.48438,325.89844,325.19531,323.78906,330.11719,328.00781,330.11719,330.11719,328.00781,333.63281,334.6875,335.74219,5.27344,4.10156,5.74219,6.15234,6.09375,6.38672,6.73828,6.97266,7.08984,7.44141,7.5,7.44141,7.5,0.095215,0.093994,0.10498,0.109863,0.079346,0.093994,0.113525,0.08667,0.108643,0.106201,0.092773
