LOCATION: 
SYSTEM SERIAL: HKZA
TIMESTAMP (ISO-8601) UTC,WindDir004m deg,WindDir030m deg,WindDir040m deg,WindDir040m_ref deg,WindDir060m deg,WindDir080m deg,WindDir100m deg,WindDir120m deg,WindDir140m deg,WindDir160m deg,WindDir180m deg,WindDir200m deg,WindGust004m m/s,WindSpeed004m m/s,WindSpeed030mh m/s,WindSpeed040mh m/s,WindSpeed040m_refh m/s,WindSpeed060mh m/s,WindSpeed080mh m/s,WindSpeed100mh m/s,WindSpeed120mh m/s,WindSpeed140mh m/s,WindSpeed160mh m/s,WindSpeed180mh m/s,WindSpeed200mh m/s,TI 030m,TI 040m,TI 040m ref,TI 060m,TI 080m,TI 100m,TI 120m,TI 140m,TI 160m,TI 180m,TI 200m
2017-10-18T00:00:00Z,317.46094,315.35156,318.86719,322.73438,319.57031,323.08594,318.16406,318.16406,316.05469,317.8125,314.64844,314.64844,3.39844,2.28516,2.51953,2.63672,2.51953,2.63672,2.57813,2.46094,2.51953,2.57813,2.51953,2.46094,2.46094,0.20874,0.283203,0.234375,0.229492,0.289307,0.200195,0.247803,0.234375,0.290527,0.217285,0.285645
2017-10-18T00:10:00Z,315.0,322.73438,316.40625,317.46094,315.70313,314.64844,310.78125,315.35156,313.94531,310.07813,315.0,312.53906,2.98828,2.05078,2.34375,2.16797,2.34375,2.34375,2.28516,2.46094,2.34375,2.34375,2.28516,2.40234,2.34375,0.222168,0.19043,0.158691,0.209961,0.198975,0.195313,0.224609,0.183105,0.231934,0.183105,0.169678
2017-10-18T00:20:00Z,306.5625,311.13281,312.89063,311.83594,311.48438,312.53906,314.64844,311.13281,311.48438,313.24219,311.13281,312.89063,2.98828,1.81641,2.22656,2.28516,2.28516,2.28516,2.28516,2.16797,2.22656,2.16797,2.16797,2.16797,2.28516,0.249023,0.235596,0.236816,0.236816,0.286865,0.305176,0.214844,0.263672,0.26123,0.257568,0.301514
2017-10-18T00:30:00Z,305.15625,312.1875,313.94531,315.35156,320.625,326.25,326.25,321.32813,323.78906,324.49219,321.67969,321.67969,1.99219,1.34766,1.64063,1.64063,1.64063,1.64063,1.58203,1.69922,1.64063,1.69922,1.58203,1.69922,1.69922,0.22583,0.27832,0.217285,0.186768,0.246582,0.218506,0.275879,0.288086,0.258789,0.228271,0.170898
2017-10-18T00:40:00Z,317.10938,325.19531,328.71094,324.84375,320.625,336.44531,342.07031,333.98438,336.79688,326.25,323.08594,330.82031,2.10938,1.17188,1.58203,1.40625,1.58203,1.46484,1.52344,1.52344,1.58203,1.75781,1.40625,1.69922,1.58203,0.230713,0.290527,0.26123,0.27832,0.256348,0.460205,0.302734,0.45166,0.343018,0.274658,0.256348
2017-10-18T00:50:00Z,341.71875,345.58594,344.53125,342.77344,337.85156,335.74219,338.90625,337.14844,344.88281,341.36719,343.125,345.9375,2.10938,1.23047,1.69922,1.75781,1.58203,1.64063,1.69922,1.64063,1.64063,1.64063,1.69922,1.64063,1.75781,0.253906,0.270996,0.307617,0.330811,0.305176,0.274658,0.301514,0.307617,0.267334,0.321045,0.444336
2017-10-18T01:00:00Z,342.07031,345.58594,347.34375,349.80469,345.58594,349.80469,346.99219,346.64063,350.50781,340.66406,349.10156,346.28906,2.57813,1.58203,1.81641,1.81641,1.81641,1.99219,2.05078,1.99219,1.99219,1.93359,1.93359,1.99219,2.05078,0.375977,0.332031,0.357666,0.301514,0.235596,0.291748,0.244141,0.2771,0.255127,0.280762,0.305176
2017-10-18T01:10:00Z,352.26563,354.72656,352.96875,352.96875,354.02344,354.02344,354.02344,350.50781,349.80469,351.5625,348.04688,351.21094,2.87109,2.16797,2.57813,2.51953,2.63672,2.51953,2.51953,2.51953,2.46094,2.51953,2.40234,2.28516,2.28516,0.159912,0.162354,0.164795,0.159912,0.184326,0.130615,0.162354,0.159912,0.129395,0.15625,0.148926
2017-10-18T01:20:00Z,354.375,357.1875,358.24219,355.42969,356.13281,354.375,353.67188,358.94531,357.89063,358.59375,359.64844,359.64844,3.57422,2.63672,2.87109,2.8125,2.87109,2.87109,2.8125,2.98828,3.04688,2.8125,2.92969,2.8125,2.75391,0.163574,0.163574,0.161133,0.142822,0.177002,0.144043,0.196533,0.178223,0.223389,0.170898,0.15625
2017-10-18T01:30:00Z,9.84375,13.00781,11.95313,13.71094,10.54688,12.65625,14.0625,14.0625,14.41406,18.63281,16.875,16.17188,3.28125,2.40234,2.63672,2.63672,2.63672,2.63672,2.63672,2.57813,2.69531,2.69531,2.63672,2.57813,2.57813,0.162354,0.167236,0.189209,0.155029,0.186768,0.179443,0.147705,0.167236,0.133057,0.175781,0.144043
2017-10-18T01:40:00Z,29.53125,34.80469,31.99219,31.99219,33.04688,33.75,33.04688,34.80469,36.21094,37.26563,35.85938,39.375,3.39844,2.40234,2.63672,2.63672,2.57813,2.51953,2.57813,2.69531,2.75391,2.69531,2.63672,2.69531,2.57813,0.181885,0.196533,0.197754,0.178223,0.170898,0.163574,0.180664,0.170898,0.216064,0.202637,0.20752
2017-10-18T01:50:00Z,42.53906,48.16406,48.16406,49.57031,46.05469,49.21875,48.86719,48.16406,50.27344,52.03125,48.16406,49.57031,3.28125,2.28516,2.34375,2.46094,2.40234,2.40234,2.57813,2.57813,2.57813,2.51953,2.46094,2.51953,2.40234,0.19165,0.166016,0.17334,0.177002,0.148926,0.164795,0.161133,0.166016,0.189209,0.187988,0.163574
2017-10-18T02:00:00Z,41.48438,45.0,52.03125,51.32813,47.46094,50.27344,46.40625,48.16406,48.86719,53.08594,53.08594,51.67969,3.28125,2.34375,2.46094,2.57813,2.57813,2.51953,2.57813,2.51953,2.57813,2.63672,2.63672,2.57813,2.57813,0.175781,0.153809,0.123291,0.135498,0.167236,0.152588,0.117188,0.145264,0.12207,0.151367,0.153809
2017-10-18T02:10:00Z,48.86719,54.49219,55.19531,54.84375,62.92969,55.19531,61.17188,58.35938,63.28125,62.22656,67.5,63.98438,2.8125,1.99219,2.16797,2.34375,2.28516,2.34375,2.34375,2.22656,2.28516,2.40234,2.40234,2.40234,2.28516,0.180664,0.186768,0.164795,0.192871,0.211182,0.195313,0.20752,0.178223,0.163574,0.180664,0.197754
2017-10-18T02:20:00Z,45.0,48.86719,49.57031,49.57031,50.97656,49.92188,51.67969,54.14063,54.84375,57.30469,58.71094,59.41406,3.45703,2.51953,2.69531,2.8125,2.69531,2.75391,2.69531,2.8125,2.8125,2.8125,2.87109,2.8125,2.8125,0.151367,0.167236,0.167236,0.162354,0.201416,0.157471,0.177002,0.157471,0.145264,0.124512,0.145264
2017-10-18T02:30:00Z,52.03125,56.25,56.95313,59.41406,54.49219,53.4375,55.54688,54.14063,54.14063,55.54688,56.25,60.11719,3.28125,2.51953,2.75391,2.69531,2.8125,2.75391,2.87109,2.8125,2.75391,2.63672,2.75391,2.8125,2.8125,0.162354,0.140381,0.157471,0.134277,0.12085,0.157471,0.133057,0.144043,0.145264,0.162354,0.159912
2017-10-18T02:40:00Z,58.35938,63.28125,66.44531,68.55469,63.63281,64.33594,65.74219,66.44531,66.44531,66.79688,66.09375,68.20313,3.80859,2.87109,3.16406,3.22266,3.28125,3.22266,3.28125,3.28125,3.28125,3.28125,3.22266,3.22266,3.28125,0.158691,0.152588,0.118408,0.172119,0.133057,0.133057,0.111084,0.151367,0.148926,0.124512,0.135498
2017-10-18T02:50:00Z,67.5,77.34375,76.99219,75.9375,77.69531,74.88281,75.58594,77.69531,80.50781,77.34375,78.39844,79.80469,4.21875,3.22266,3.69141,3.63281,3.69141,3.75,3.69141,3.86719,3.80859,3.86719,3.69141,3.80859,3.80859,0.126953,0.119629,0.136719,0.141602,0.118408,0.101318,0.12207,0.12207,0.112305,0.096436,0.125732
2017-10-18T03:00:00Z,71.01563,76.28906,78.75,77.34375,77.34375,78.75,79.45313,81.91406,79.10156,80.85938,82.26563,81.5625,4.21875,3.28125,3.86719,3.98438,3.92578,3.86719,3.98438,3.98438,4.10156,3.98438,4.04297,3.98438,3.86719,0.115967,0.126953,0.115967,0.113525,0.128174,0.129395,0.087891,0.106201,0.098877,0.10498,0.135498
2017-10-18T03:10:00Z,76.64063,80.50781,81.21094,80.85938,81.91406,79.80469,80.50781,79.80469,80.50781,80.50781,83.32031,84.02344,4.33594,3.51563,4.21875,4.16016,4.21875,4.33594,4.27734,4.45313,4.27734,4.27734,4.16016,4.39453,4.21875,0.098877,0.097656,0.100098,0.087891,0.076904,0.108643,0.108643,0.08667,0.098877,0.090332,0.100098
2017-10-18T03:20:00Z,79.80469,84.72656,86.48438,84.375,84.72656,85.42969,85.78125,87.1875,87.89063,86.13281,87.89063,87.53906,4.45313,3.39844,4.04297,4.10156,4.16016,4.16016,4.21875,4.16016,4.21875,4.16016,4.21875,4.21875,4.27734,0.113525,0.137939,0.100098,0.118408,0.092773,0.091553,0.098877,0.06958,0.087891,0.080566,0.095215
2017-10-18T03:30:00Z,76.28906,83.32031,80.85938,80.15625,83.67188,82.61719,84.375,84.02344,87.89063,86.83594,88.24219,88.94531,4.39453,3.39844,3.98438,3.98438,4.04297,4.10156,4.10156,4.04297,4.04297,4.10156,4.04297,4.10156,4.16016,0.109863,0.084229,0.097656,0.12207,0.126953,0.12085,0.134277,0.112305,0.113525,0.095215,0.141602
2017-10-18T03:40:00Z,84.375,87.53906,85.07813,86.48438,86.83594,85.07813,85.07813,82.96875,88.24219,86.48438,86.48438,87.89063,3.98438,2.98828,3.57422,3.63281,3.69141,3.69141,3.63281,3.75,3.69141,3.75,3.69141,3.75,3.69141,0.134277,0.126953,0.130615,0.128174,0.128174,0.12207,0.112305,0.118408,0.144043,0.150146,0.131836
2017-10-18T03:50:00Z,98.08594,98.08594,97.38281,98.78906,97.73438,95.97656,93.86719,91.75781,88.94531,89.64844,87.89063,87.89063,4.6875,3.69141,4.04297,4.16016,4.04297,4.16016,4.10156,4.04297,4.04297,4.10156,4.16016,4.04297,4.04297,0.114746,0.084229,0.106201,0.096436,0.115967,0.10498,0.084229,0.097656,0.096436,0.087891,0.093994
2017-10-18T04:00:00Z,96.32813,98.78906,98.4375,97.03125,96.67969,98.08594,94.92188,96.32813,92.10938,92.10938,89.29688,87.89063,4.45313,3.63281,4.04297,3.98438,4.04297,4.10156,4.04297,3.98438,4.16016,4.16016,4.10156,4.04297,4.16016,0.140381,0.147705,0.097656,0.117188,0.130615,0.100098,0.131836,0.111084,0.125732,0.111084,0.095215
2017-10-18T04:10:00Z,97.03125,99.14063,100.54688,100.54688,99.49219,100.19531,99.14063,96.32813,95.625,95.625,92.46094,92.8125,4.33594,3.45703,3.86719,3.80859,3.75,4.04297,4.04297,3.92578,3.98438,4.10156,4.04297,4.16016,4.04297,0.107422,0.114746,0.130615,0.12085,0.131836,0.109863,0.12085,0.128174,0.115967,0.112305,0.128174
2017-10-18T04:20:00Z,89.64844,89.29688,90.0,90.0,88.94531,87.89063,87.89063,86.13281,84.72656,84.375,81.5625,81.91406,3.98438,3.04688,3.28125,3.33984,3.33984,3.39844,3.39844,3.39844,3.45703,3.39844,3.39844,3.57422,3.57422,0.155029,0.128174,0.142822,0.12207,0.133057,0.118408,0.126953,0.108643,0.117188,0.117188,0.119629
2017-10-18T04:30:00Z,77.69531,82.96875,82.26563,81.21094,84.72656,81.21094,81.91406,78.39844,79.10156,81.5625,79.45313,78.75,4.74609,3.45703,3.69141,3.80859,3.63281,3.75,3.75,3.69141,3.92578,3.86719,4.04297,3.98438,4.04297,0.202637,0.151367,0.158691,0.164795,0.119629,0.145264,0.123291,0.100098,0.097656,0.115967,0.111084
2017-10-18T04:40:00Z,77.69531,80.50781,78.75,78.39844,81.5625,82.61719,82.26563,80.50781,79.80469,80.50781,77.69531,79.45313,4.33594,3.39844,3.75,3.69141,3.86719,3.75,3.75,3.69141,3.80859,3.86719,3.92578,3.98438,3.92578,0.101318,0.135498,0.114746,0.106201,0.112305,0.087891,0.102539,0.115967,0.107422,0.081787,0.089111
2017-10-18T04:50:00Z,76.28906,80.85938,82.96875,80.50781,82.61719,83.67188,81.91406,82.26563,84.02344,80.50781,82.26563,85.78125,4.45313,3.51563,3.63281,3.75,3.75,3.75,3.75,3.63281,3.80859,3.63281,3.80859,3.75,3.75,0.113525,0.112305,0.097656,0.096436,0.10376,0.108643,0.111084,0.119629,0.114746,0.097656,0.113525
2017-10-18T05:00:00Z,90.35156,94.57031,91.75781,93.51563,93.16406,92.8125,93.16406,89.29688,90.35156,90.70313,90.35156,90.35156,4.92188,4.04297,4.21875,4.33594,4.21875,4.45313,4.39453,4.27734,4.21875,4.33594,4.39453,4.45313,4.39453,0.100098,0.111084,0.117188,0.129395,0.123291,0.13916,0.131836,0.140381,0.125732,0.133057,0.124512
2017-10-18T05:10:00Z,86.48438,90.70313,92.10938,90.70313,92.10938,91.05469,92.10938,90.35156,91.75781,90.70313,90.0,89.64844,5.27344,4.45313,4.6875,4.86328,4.74609,4.92188,4.80469,4.98047,4.92188,4.98047,4.98047,4.98047,4.98047,0.091553,0.091553,0.098877,0.109863,0.087891,0.081787,0.08667,0.074463,0.098877,0.078125,0.076904
2017-10-18T05:20:00Z,84.02344,88.94531,90.70313,90.0,88.94531,89.29688,88.59375,86.48438,85.78125,85.78125,84.72656,85.42969,5.33203,4.57031,4.98047,5.03906,4.92188,5.03906,4.98047,4.92188,5.03906,5.09766,5.03906,5.03906,5.15625,0.063477,0.097656,0.091553,0.091553,0.097656,0.084229,0.063477,0.079346,0.090332,0.08667,0.063477
2017-10-18T05:30:00Z,85.78125,90.0,90.0,90.0,90.0,88.94531,87.89063,88.59375,88.94531,89.64844,87.89063,89.29688,6.09375,4.92188,5.21484,5.21484,5.39063,5.03906,5.09766,5.21484,5.44922,5.21484,5.39063,5.27344,5.50781,0.102539,0.089111,0.128174,0.102539,0.118408,0.087891,0.102539,0.085449,0.085449,0.073242,0.084229
2017-10-18T05:40:00Z,90.35156,94.57031,95.27344,94.21875,93.51563,95.97656,93.51563,96.67969,91.40625,94.21875,94.57031,92.8125,5.91797,4.6875,5.21484,5.21484,5.21484,5.27344,5.09766,5.21484,5.21484,5.09766,5.39063,5.33203,5.27344,0.100098,0.113525,0.097656,0.096436,0.092773,0.095215,0.092773,0.118408,0.098877,0.10498,0.093994
2017-10-18T05:50:00Z,91.05469,95.625,95.27344,93.51563,93.86719,97.03125,95.625,96.32813,94.92188,93.16406,93.51563,93.86719,5.97656,5.09766,5.44922,5.50781,5.44922,5.44922,5.56641,5.68359,5.50781,5.68359,5.80078,5.85938,5.85938,0.119629,0.109863,0.093994,0.090332,0.092773,0.093994,0.097656,0.08667,0.10376,0.096436,0.101318
2017-10-18T06:00:00Z,97.38281,103.71094,99.14063,100.89844,102.30469,100.19531,99.14063,97.73438,100.54688,97.38281,97.38281,98.08594,6.26953,5.27344,5.625,5.50781,5.625,5.625,5.56641,5.56641,5.68359,5.80078,5.80078,5.85938,5.80078,0.10376,0.108643,0.080566,0.098877,0.097656,0.093994,0.087891,0.081787,0.095215,0.10498,0.075684
2017-10-18T06:10:00Z,94.57031,98.4375,98.4375,101.25,99.49219,95.97656,99.14063,98.4375,96.67969,97.38281,97.38281,99.49219,6.21094,5.39063,5.68359,5.625,5.68359,5.56641,5.85938,5.74219,5.56641,5.80078,5.74219,5.85938,5.91797,0.092773,0.090332,0.098877,0.095215,0.083008,0.090332,0.087891,0.08667,0.076904,0.075684,0.093994
2017-10-18T06:20:00Z,94.21875,95.97656,98.08594,94.92188,98.08594,97.73438,97.73438,95.625,93.86719,98.4375,94.57031,98.4375,6.26953,5.09766,5.44922,5.44922,5.44922,5.44922,5.44922,5.27344,5.27344,5.44922,5.625,5.50781,5.56641,0.100098,0.108643,0.101318,0.078125,0.098877,0.10376,0.081787,0.083008,0.102539,0.087891,0.078125
2017-10-18T06:30:00Z,94.57031,96.67969,94.57031,93.51563,96.67969,93.51563,93.51563,92.8125,93.51563,93.16406,94.57031,95.625,6.50391,5.625,6.15234,6.15234,6.09375,6.21094,6.09375,6.21094,6.15234,6.21094,6.32813,6.38672,6.26953,0.098877,0.084229,0.078125,0.089111,0.080566,0.075684,0.080566,0.092773,0.056152,0.058594,0.068359
2017-10-18T06:40:00Z,94.21875,97.38281,96.32813,97.38281,99.14063,95.625,95.97656,96.67969,96.67969,98.78906,96.67969,100.89844,6.5625,5.44922,6.15234,6.03516,6.03516,5.91797,5.85938,5.97656,5.91797,5.80078,5.91797,6.03516,6.03516,0.117188,0.100098,0.097656,0.114746,0.097656,0.091553,0.090332,0.119629,0.101318,0.098877,0.101318
2017-10-18T06:50:00Z,92.46094,95.625,95.27344,94.92188,94.21875,93.51563,94.92188,97.03125,97.38281,94.21875,100.19531,112.5,6.32813,5.15625,5.68359,5.56641,5.68359,5.56641,5.625,5.80078,5.625,5.56641,5.68359,5.97656,6.21094,0.100098,0.118408,0.10376,0.117188,0.090332,0.113525,0.101318,0.10498,0.109863,0.091553,0.118408
2017-10-18T07:00:00Z,89.64844,92.8125,91.40625,90.35156,93.16406,88.94531,94.57031,92.10938,93.86719,95.97656,98.4375,97.73438,6.03516,4.74609,4.92188,4.98047,5.03906,5.09766,4.92188,5.03906,4.98047,4.98047,5.09766,5.15625,5.44922,0.128174,0.119629,0.092773,0.111084,0.123291,0.118408,0.117188,0.114746,0.084229,0.119629,0.119629
2017-10-18T07:10:00Z,91.40625,93.16406,95.97656,95.625,93.16406,93.86719,94.21875,93.86719,95.97656,96.67969,99.84375,96.32813,5.85938,4.98047,5.27344,5.33203,5.39063,5.33203,5.50781,5.50781,5.56641,5.68359,5.68359,5.74219,6.09375,0.10376,0.085449,0.131836,0.108643,0.114746,0.118408,0.092773,0.091553,0.10376,0.098877,0.112305
2017-10-18T07:20:00Z,91.05469,93.86719,91.05469,91.75781,93.51563,98.08594,95.97656,95.97656,96.67969,97.73438,99.84375,101.25,6.15234,5.27344,5.68359,5.80078,5.625,5.74219,5.74219,5.625,5.74219,6.09375,5.97656,6.15234,6.15234,0.10498,0.106201,0.108643,0.10376,0.10498,0.101318,0.12207,0.125732,0.13916,0.144043,0.128174
2017-10-18T07:30:00Z,94.21875,97.38281,95.625,97.73438,94.57031,99.49219,101.25,100.19531,100.54688,99.84375,105.11719,105.11719,6.73828,5.68359,6.09375,5.97656,6.09375,6.03516,6.26953,6.15234,6.21094,6.32813,6.26953,6.67969,6.73828,0.102539,0.108643,0.097656,0.076904,0.092773,0.074463,0.140381,0.128174,0.128174,0.129395,0.109863
2017-10-18T07:40:00Z,95.27344,99.84375,99.84375,98.08594,99.84375,103.35938,102.30469,100.89844,105.11719,103.00781,104.76563,107.92969,7.61719,5.91797,6.26953,6.32813,6.15234,6.32813,6.50391,6.79688,6.67969,6.91406,6.91406,7.08984,7.20703,0.112305,0.126953,0.13916,0.111084,0.113525,0.107422,0.085449,0.093994,0.097656,0.101318,0.068359
2017-10-18T07:50:00Z,98.4375,102.30469,104.76563,103.00781,100.54688,102.65625,102.65625,102.65625,101.95313,104.76563,104.0625,103.71094,8.02734,6.38672,6.79688,6.91406,7.14844,6.85547,6.97266,6.79688,7.08984,6.85547,7.03125,6.91406,7.03125,0.114746,0.093994,0.112305,0.102539,0.112305,0.112305,0.089111,0.095215,0.079346,0.084229,0.091553
2017-10-18T08:00:00Z,99.14063,100.54688,100.19531,103.00781,101.25,104.0625,101.95313,104.76563,104.41406,108.63281,110.03906,113.55469,7.20703,5.97656,6.50391,6.62109,6.32813,6.67969,6.5625,6.44531,6.38672,6.5625,6.79688,6.91406,6.62109,0.087891,0.081787,0.125732,0.107422,0.080566,0.090332,0.123291,0.102539,0.081787,0.06958,0.12207
2017-10-18T08:10:00Z,94.21875,97.73438,98.08594,96.32813,95.27344,96.32813,99.84375,100.19531,100.19531,104.0625,115.66406,124.45313,6.67969,5.44922,5.74219,5.97656,5.85938,5.85938,5.97656,5.97656,6.03516,6.15234,6.50391,6.32813,6.50391,0.133057,0.10498,0.12207,0.118408,0.12085,0.081787,0.144043,0.119629,0.095215,0.114746,0.111084
2017-10-18T08:20:00Z,93.51563,94.21875,94.57031,97.38281,98.08594,95.27344,97.73438,99.84375,113.90625,121.28906,127.61719,126.5625,6.09375,5.21484,5.56641,5.74219,5.50781,5.68359,5.625,5.74219,5.85938,6.32813,6.62109,6.79688,6.73828,0.085449,0.079346,0.113525,0.108643,0.101318,0.098877,0.137939,0.092773,0.106201,0.126953,0.081787
2017-10-18T08:30:00Z,87.89063,91.40625,90.35156,88.24219,91.75781,91.75781,93.16406,99.84375,99.14063,111.09375,109.6875,115.3125,5.91797,4.86328,5.39063,5.39063,5.27344,5.09766,5.39063,5.50781,5.68359,5.56641,5.97656,6.21094,6.38672,0.118408,0.112305,0.129395,0.141602,0.124512,0.125732,0.136719,0.131836,0.187988,0.174561,0.12085
2017-10-18T08:40:00Z,87.89063,93.51563,90.35156,93.16406,92.10938,92.8125,93.51563,95.27344,94.92188,102.30469,114.60938,127.96875,6.21094,5.33203,5.56641,5.625,5.68359,5.80078,5.74219,5.85938,5.56641,5.74219,6.03516,6.50391,6.79688,0.125732,0.08667,0.142822,0.115967,0.089111,0.115967,0.115967,0.129395,0.123291,0.114746,0.130615
2017-10-18T08:50:00Z,90.35156,94.21875,94.21875,93.51563,93.51563,97.38281,94.57031,98.78906,108.98438,123.75,122.69531,129.375,6.44531,5.44922,5.85938,5.97656,5.97656,5.91797,6.15234,5.97656,6.44531,6.79688,7.08984,7.20703,7.55859,0.092773,0.10498,0.106201,0.108643,0.080566,0.074463,0.101318,0.119629,0.111084,0.111084,0.079346
2017-10-18T09:00:00Z,88.59375,88.59375,92.10938,90.70313,93.51563,94.57031,92.10938,97.38281,102.65625,119.88281,122.69531,125.15625,6.97266,5.80078,6.15234,6.44531,6.26953,6.44531,6.44531,6.44531,6.62109,6.97266,7.44141,7.73438,7.61719,0.119629,0.081787,0.102539,0.102539,0.125732,0.109863,0.095215,0.140381,0.144043,0.146484,0.151367
2017-10-18T09:10:00Z,88.24219,91.75781,92.8125,92.46094,90.70313,89.64844,91.75781,94.57031,99.49219,104.41406,106.875,117.77344,6.79688,5.68359,6.32813,6.32813,6.50391,6.38672,6.32813,6.5625,6.38672,6.62109,6.91406,7.32422,7.55859,0.107422,0.106201,0.113525,0.118408,0.150146,0.106201,0.10498,0.129395,0.189209,0.141602,0.157471
2017-10-18T09:20:00Z,85.07813,89.29688,87.89063,87.89063,89.29688,89.64844,88.24219,92.46094,90.35156,92.46094,91.75781,98.78906,6.50391,5.50781,6.15234,6.26953,6.15234,6.26953,6.21094,6.15234,6.32813,6.44531,6.38672,6.50391,6.5625,0.109863,0.085449,0.083008,0.102539,0.168457,0.092773,0.137939,0.10498,0.092773,0.112305,0.102539
2017-10-18T09:30:00Z,80.85938,86.13281,86.48438,87.53906,84.02344,84.72656,85.78125,88.24219,85.42969,91.40625,88.24219,94.57031,6.91406,5.68359,6.26953,6.38672,6.26953,6.38672,6.44531,6.38672,6.44531,6.21094,6.62109,6.44531,6.62109,0.079346,0.090332,0.111084,0.102539,0.12207,0.107422,0.10376,0.117188,0.109863,0.092773,0.108643
2017-10-18T09:40:00Z,80.15625,84.02344,85.07813,84.02344,86.13281,85.42969,85.42969,86.48438,88.24219,85.42969,89.64844,89.29688,6.50391,5.21484,5.85938,5.74219,5.56641,5.68359,5.97656,6.09375,5.97656,5.91797,5.97656,5.91797,6.03516,0.117188,0.098877,0.114746,0.125732,0.098877,0.123291,0.141602,0.119629,0.117188,0.113525,0.100098
2017-10-18T09:50:00Z,72.07031,77.34375,76.99219,78.39844,76.64063,76.28906,75.9375,77.34375,76.99219,76.99219,78.75,78.75,6.21094,5.33203,5.74219,5.91797,6.03516,5.85938,5.91797,5.91797,5.85938,5.80078,5.91797,5.74219,5.625,0.112305,0.114746,0.101318,0.112305,0.111084,0.100098,0.075684,0.084229,0.115967,0.095215,0.101318
2017-10-18T10:00:00Z,68.90625,73.82813,71.36719,72.42188,72.07031,73.125,74.88281,75.58594,76.99219,74.88281,79.80469,75.9375,6.73828,5.625,6.15234,5.97656,6.15234,6.15234,6.32813,6.21094,6.09375,6.09375,6.03516,5.97656,5.91797,0.090332,0.100098,0.091553,0.113525,0.102539,0.113525,0.124512,0.102539,0.092773,0.092773,0.091553
2017-10-18T10:10:00Z,62.57813,67.5,67.5,66.79688,67.14844,68.55469,71.01563,67.5,72.07031,69.96094,75.23438,74.88281,6.91406,5.74219,6.26953,6.21094,6.32813,6.26953,6.5625,6.38672,6.21094,6.21094,6.50391,6.21094,6.15234,0.112305,0.096436,0.123291,0.085449,0.076904,0.092773,0.067139,0.101318,0.062256,0.072021,0.092773
2017-10-18T10:20:00Z,58.71094,63.63281,61.17188,62.92969,61.52344,66.44531,67.85156,65.74219,69.25781,68.55469,69.25781,67.85156,7.08984,5.91797,6.62109,6.50391,6.62109,6.50391,6.73828,6.62109,6.50391,6.67969,6.5625,6.21094,6.44531,0.08667,0.093994,0.128174,0.101318,0.084229,0.073242,0.083008,0.078125,0.083008,0.10498,0.08667
2017-10-18T10:30:00Z,61.875,65.03906,65.74219,63.63281,66.79688,67.85156,66.44531,68.20313,71.01563,70.3125,70.66406,72.42188,7.20703,5.68359,6.50391,6.32813,6.44531,6.26953,6.38672,6.44531,6.38672,6.26953,6.21094,6.32813,6.21094,0.097656,0.089111,0.087891,0.090332,0.096436,0.089111,0.08667,0.10376,0.119629,0.12207,0.095215
2017-10-18T10:40:00Z,60.82031,65.74219,64.6875,62.22656,65.74219,64.6875,66.79688,67.14844,68.90625,68.55469,69.96094,72.77344,6.85547,5.68359,6.26953,6.32813,6.32813,6.44531,6.50391,6.44531,6.26953,6.38672,6.50391,6.32813,6.03516,0.098877,0.109863,0.10376,0.107422,0.091553,0.128174,0.111084,0.085449,0.10376,0.098877,0.123291
2017-10-18T10:50:00Z,63.63281,67.14844,69.60938,67.85156,66.44531,68.55469,69.96094,68.20313,72.07031,69.25781,72.42188,73.82813,6.38672,5.50781,5.91797,6.15234,6.03516,5.91797,5.97656,6.03516,6.09375,6.15234,5.91797,5.85938,5.80078,0.119629,0.119629,0.097656,0.112305,0.111084,0.10376,0.12085,0.102539,0.087891,0.112305,0.093994
2017-10-18T11:00:00Z,65.03906,67.14844,69.25781,68.90625,71.36719,67.85156,69.60938,68.20313,69.25781,70.3125,69.60938,72.77344,7.08984,5.97656,6.44531,6.32813,6.5625,6.38672,6.38672,6.38672,6.62109,6.5625,6.26953,6.26953,6.21094,0.10498,0.125732,0.078125,0.136719,0.119629,0.130615,0.119629,0.130615,0.119629,0.151367,0.118408
2017-10-18T11:10:00Z,67.14844,71.36719,70.3125,72.07031,68.90625,70.66406,69.96094,70.66406,69.96094,73.47656,73.47656,70.66406,7.08984,5.91797,6.50391,6.62109,6.79688,6.5625,6.38672,6.62109,6.50391,6.62109,6.44531,6.44531,6.26953,0.118408,0.128174,0.106201,0.115967,0.129395,0.134277,0.098877,0.112305,0.142822,0.12207,0.146484
2017-10-18T11:20:00Z,70.66406,72.07031,76.64063,73.125,72.77344,76.64063,73.82813,75.9375,75.58594,78.04688,76.64063,76.99219,7.26563,6.09375,6.97266,6.97266,7.14844,6.91406,7.08984,6.97266,7.08984,6.85547,7.03125,6.79688,6.97266,0.124512,0.112305,0.108643,0.106201,0.108643,0.113525,0.115967,0.118408,0.097656,0.141602,0.114746
2017-10-18T11:30:00Z,71.36719,72.77344,73.47656,74.88281,75.58594,76.64063,77.34375,73.125,74.17969,76.99219,77.69531,79.80469,7.73438,6.5625,7.32422,7.20703,6.97266,7.61719,7.55859,7.32422,7.20703,7.44141,7.38281,7.44141,6.97266,0.152588,0.133057,0.137939,0.089111,0.128174,0.107422,0.126953,0.135498,0.123291,0.130615,0.109863
2017-10-18T11:40:00Z,72.07031,78.39844,77.69531,76.64063,78.39844,76.28906,76.64063,79.80469,81.5625,83.67188,85.07813,83.32031,7.08984,6.03516,6.97266,6.85547,7.14844,6.73828,6.79688,6.97266,7.08984,7.08984,6.67969,6.62109,6.5625,0.108643,0.144043,0.133057,0.137939,0.152588,0.158691,0.155029,0.123291,0.148926,0.181885,0.12085
2017-10-18T11:50:00Z,67.85156,73.82813,72.77344,72.07031,74.17969,74.88281,76.28906,78.04688,80.15625,85.42969,82.26563,86.83594,7.32422,6.21094,6.97266,6.85547,6.97266,6.73828,6.91406,6.62109,6.67969,6.73828,6.50391,6.50391,6.09375,0.098877,0.123291,0.146484,0.172119,0.106201,0.098877,0.146484,0.125732,0.101318,0.125732,0.150146
2017-10-18T12:00:00Z,70.66406,72.77344,74.53125,75.23438,73.125,76.64063,76.99219,82.26563,78.39844,84.02344,85.07813,86.83594,7.61719,6.32813,6.73828,7.14844,7.26563,7.03125,7.14844,6.91406,6.85547,6.67969,6.73828,6.38672,6.44531,0.13916,0.10376,0.130615,0.157471,0.166016,0.147705,0.168457,0.172119,0.102539,0.153809,0.123291
2017-10-18T12:10:00Z,72.07031,73.47656,76.64063,76.99219,73.47656,77.34375,78.04688,80.15625,80.50781,83.67188,86.83594,89.29688,7.67578,6.15234,6.73828,7.08984,7.26563,7.14844,7.20703,6.91406,7.08984,6.85547,6.62109,6.67969,6.5625,0.162354,0.114746,0.133057,0.124512,0.12207,0.126953,0.125732,0.151367,0.111084,0.124512,0.112305
2017-10-18T12:20:00Z,71.71875,76.64063,74.88281,74.88281,73.82813,75.9375,79.45313,79.80469,85.78125,83.32031,89.64844,89.29688,7.32422,5.625,6.38672,6.44531,6.62109,6.44531,6.73828,6.97266,6.91406,6.67969,6.44531,6.67969,6.44531,0.125732,0.115967,0.108643,0.15625,0.137939,0.125732,0.117188,0.096436,0.167236,0.146484,0.144043
2017-10-18T12:30:00Z,71.36719,72.42188,73.47656,75.9375,75.23438,76.28906,79.10156,76.99219,79.80469,85.78125,90.35156,91.75781,7.03125,5.39063,6.50391,6.50391,6.32813,6.91406,6.44531,6.44531,6.38672,6.62109,6.67969,6.5625,6.26953,0.096436,0.119629,0.130615,0.096436,0.147705,0.10498,0.12207,0.167236,0.130615,0.128174,0.12085
2017-10-18T12:40:00Z,74.17969,77.69531,77.34375,78.39844,79.80469,76.99219,82.96875,83.32031,87.53906,93.16406,94.21875,100.54688,6.62109,4.92188,6.09375,6.21094,6.21094,6.03516,6.26953,6.32813,6.50391,6.44531,6.44531,6.26953,6.32813,0.140381,0.163574,0.129395,0.128174,0.107422,0.123291,0.126953,0.117188,0.108643,0.137939,0.118408
2017-10-18T12:50:00Z,80.50781,84.02344,84.02344,81.5625,85.42969,85.78125,89.29688,93.51563,98.08594,101.60156,103.00781,107.57813,6.26953,4.62891,5.80078,5.56641,5.80078,5.85938,6.03516,6.15234,6.26953,6.44531,6.32813,6.26953,6.21094,0.130615,0.119629,0.115967,0.126953,0.090332,0.117188,0.129395,0.135498,0.096436,0.095215,0.107422
2017-10-18T13:00:00Z,85.42969,86.83594,86.83594,86.83594,86.48438,89.29688,91.40625,92.10938,95.97656,101.60156,104.41406,104.0625,6.38672,4.33594,5.27344,5.21484,5.09766,5.56641,5.625,5.85938,5.97656,6.03516,6.09375,6.21094,6.09375,0.126953,0.123291,0.172119,0.135498,0.130615,0.134277,0.141602,0.13916,0.153809,0.107422,0.124512
2017-10-18T13:10:00Z,90.35156,89.64844,92.8125,93.86719,91.40625,98.78906,92.8125,100.54688,101.95313,105.11719,111.09375,109.33594,4.80469,3.92578,4.80469,4.86328,4.98047,5.27344,5.15625,5.33203,5.44922,5.56641,5.625,5.68359,5.74219,0.163574,0.144043,0.126953,0.15625,0.197754,0.152588,0.124512,0.125732,0.111084,0.170898,0.136719
2017-10-18T13:20:00Z,90.70313,94.57031,94.21875,94.57031,96.32813,98.78906,101.60156,103.71094,106.52344,109.33594,111.44531,112.5,4.27734,3.39844,4.33594,4.6875,4.45313,4.74609,5.03906,5.09766,5.15625,5.15625,5.44922,5.80078,5.85938,0.113525,0.097656,0.100098,0.092773,0.101318,0.10376,0.12085,0.12085,0.072021,0.08667,0.106201
2017-10-18T13:30:00Z,91.40625,95.97656,95.27344,93.16406,93.86719,98.78906,101.95313,105.46875,109.33594,111.79688,109.6875,110.39063,4.10156,3.16406,4.21875,4.27734,4.39453,4.39453,4.57031,4.62891,4.6875,5.09766,5.44922,5.91797,6.03516,0.131836,0.10498,0.107422,0.095215,0.112305,0.096436,0.076904,0.081787,0.067139,0.063477,0.073242
2017-10-18T13:40:00Z,88.94531,91.40625,91.05469,92.10938,93.16406,98.08594,104.0625,109.33594,111.79688,113.20313,111.79688,109.6875,3.63281,2.8125,3.63281,3.75,3.75,3.98438,4.16016,4.45313,4.92188,5.39063,5.50781,5.74219,5.80078,0.095215,0.075684,0.10498,0.098877,0.070801,0.095215,0.097656,0.072021,0.078125,0.090332,0.078125
2017-10-18T13:50:00Z,89.29688,92.10938,89.64844,92.10938,94.57031,103.71094,111.79688,113.55469,114.25781,113.20313,113.55469,111.79688,3.39844,2.51953,3.45703,3.63281,3.69141,3.80859,4.33594,4.80469,5.39063,5.625,5.85938,5.91797,5.85938,0.109863,0.112305,0.113525,0.083008,0.090332,0.084229,0.067139,0.046387,0.091553,0.058594,0.062256
2017-10-18T14:00:00Z,90.70313,97.38281,98.78906,98.78906,105.11719,110.03906,115.3125,116.71875,116.71875,113.90625,116.01563,115.3125,2.98828,2.34375,3.10547,3.45703,3.45703,3.92578,4.27734,4.92188,5.44922,5.625,5.91797,5.97656,6.03516,0.107422,0.111084,0.123291,0.108643,0.067139,0.097656,0.080566,0.072021,0.068359,0.063477,0.05127
2017-10-18T14:10:00Z,91.05469,100.19531,103.71094,103.00781,108.28125,113.20313,116.01563,118.82813,117.42188,117.07031,115.66406,116.01563,3.10547,2.22656,3.33984,3.57422,3.51563,3.80859,4.33594,5.03906,5.625,5.68359,5.85938,5.85938,6.09375,0.117188,0.115967,0.148926,0.095215,0.065918,0.059814,0.070801,0.056152,0.057373,0.075684,0.062256
2017-10-18T14:20:00Z,86.48438,94.57031,98.08594,99.14063,105.46875,111.79688,112.5,112.85156,112.14844,112.5,110.39063,110.03906,3.39844,2.57813,3.80859,4.10156,3.98438,4.62891,5.44922,5.68359,5.80078,5.91797,6.03516,6.15234,6.21094,0.113525,0.123291,0.134277,0.13916,0.137939,0.081787,0.070801,0.063477,0.072021,0.057373,0.08667
2017-10-18T14:30:00Z,101.95313,107.22656,112.85156,113.20313,117.42188,119.17969,118.47656,118.125,117.77344,116.71875,115.3125,113.90625,4.04297,3.22266,4.62891,5.09766,4.98047,5.91797,6.44531,6.38672,6.44531,6.5625,6.62109,6.67969,6.73828,0.087891,0.093994,0.072021,0.080566,0.058594,0.061035,0.068359,0.063477,0.072021,0.057373,0.05127
2017-10-18T14:40:00Z,97.38281,103.00781,108.28125,107.92969,112.5,114.25781,112.85156,114.96094,114.96094,115.3125,114.60938,115.66406,4.10156,3.28125,4.86328,5.39063,5.21484,6.21094,6.62109,6.62109,6.67969,6.67969,6.79688,6.85547,6.79688,0.074463,0.053711,0.064697,0.063477,0.056152,0.063477,0.042725,0.05249,0.062256,0.058594,0.056152
2017-10-18T14:50:00Z,107.92969,111.09375,113.90625,113.90625,116.71875,118.125,117.77344,118.82813,119.88281,119.88281,122.34375,123.04688,3.63281,3.04688,4.45313,5.09766,4.98047,6.38672,6.62109,6.62109,6.5625,6.79688,6.79688,6.79688,6.67969,0.068359,0.076904,0.054932,0.059814,0.061035,0.059814,0.050049,0.05127,0.045166,0.040283,0.03418
2017-10-18T15:00:00Z,109.6875,111.09375,113.55469,112.5,114.96094,114.96094,116.01563,116.71875,118.47656,119.53125,120.9375,120.9375,3.45703,2.57813,4.62891,5.33203,5.21484,6.62109,6.5625,6.62109,6.50391,6.5625,6.50391,6.5625,6.5625,0.074463,0.054932,0.076904,0.048828,0.058594,0.05127,0.048828,0.050049,0.056152,0.061035,0.054932
2017-10-18T15:10:00Z,110.39063,112.85156,112.85156,112.5,112.5,113.55469,115.66406,118.47656,118.47656,120.23438,119.88281,122.34375,4.33594,3.28125,5.03906,5.80078,5.68359,6.44531,6.5625,6.38672,6.38672,6.21094,6.38672,6.32813,6.38672,0.079346,0.065918,0.065918,0.062256,0.072021,0.065918,0.05127,0.063477,0.070801,0.050049,0.06958
2017-10-18T15:20:00Z,121.28906,114.96094,116.01563,114.96094,115.66406,118.125,117.42188,119.88281,120.23438,122.69531,123.39844,123.75,4.80469,4.04297,6.09375,6.62109,6.44531,6.85547,6.73828,6.73828,6.67969,6.62109,6.62109,6.62109,6.50391,0.083008,0.063477,0.096436,0.078125,0.054932,0.046387,0.06958,0.045166,0.043945,0.068359,0.075684
2017-10-18T15:30:00Z,123.75,121.64063,122.69531,122.69531,122.69531,123.04688,126.5625,126.91406,128.32031,129.02344,130.07813,130.78125,4.62891,3.75,5.625,6.32813,6.15234,6.91406,6.73828,6.67969,6.44531,6.50391,6.5625,6.5625,6.5625,0.078125,0.059814,0.062256,0.062256,0.050049,0.058594,0.059814,0.064697,0.064697,0.054932,0.063477
2017-10-18T15:40:00Z,126.5625,126.21094,124.45313,124.10156,124.80469,126.5625,128.67188,128.67188,132.1875,130.42969,132.1875,131.48438,4.45313,3.69141,5.50781,5.85938,5.85938,6.44531,6.44531,6.62109,6.50391,6.5625,6.44531,6.50391,6.5625,0.075684,0.056152,0.050049,0.05249,0.056152,0.072021,0.072021,0.081787,0.070801,0.063477,0.068359
2017-10-18T15:50:00Z,136.40625,136.40625,135.70313,134.64844,135.70313,137.10938,136.40625,137.10938,136.40625,136.75781,137.10938,136.40625,3.92578,3.28125,4.92188,5.33203,5.15625,5.97656,6.26953,6.50391,6.67969,6.67969,6.67969,6.5625,6.50391,0.079346,0.058594,0.064697,0.058594,0.043945,0.059814,0.057373,0.05127,0.053711,0.072021,0.074463
2017-10-18T16:00:00Z,121.28906,128.32031,130.07813,128.67188,133.94531,132.89063,131.83594,132.1875,129.72656,131.48438,130.07813,131.83594,3.80859,3.10547,4.62891,5.09766,4.98047,6.03516,6.5625,6.67969,6.62109,6.73828,6.67969,6.5625,6.44531,0.074463,0.064697,0.074463,0.075684,0.087891,0.054932,0.06958,0.062256,0.065918,0.078125,0.058594
2017-10-18T16:10:00Z,133.59375,136.05469,136.40625,136.75781,135.70313,136.75781,136.75781,137.8125,136.75781,137.8125,138.51563,138.86719,4.16016,3.45703,5.15625,5.74219,5.74219,6.67969,6.85547,6.85547,6.73828,6.67969,6.73828,6.67969,6.67969,0.062256,0.068359,0.070801,0.062256,0.072021,0.047607,0.074463,0.068359,0.063477,0.05127,0.065918
2017-10-18T16:20:00Z,126.91406,130.07813,130.78125,131.13281,130.07813,129.72656,131.48438,131.83594,133.24219,134.64844,134.64844,135.0,4.45313,3.69141,5.39063,6.09375,6.15234,6.32813,6.5625,6.62109,6.79688,6.5625,6.50391,6.32813,6.44531,0.063477,0.057373,0.078125,0.068359,0.063477,0.075684,0.06958,0.076904,0.059814,0.073242,0.067139
2017-10-18T16:30:00Z,131.48438,132.89063,133.59375,134.29688,134.29688,134.29688,136.40625,137.10938,137.46094,139.92188,141.67969,143.08594,4.57031,3.80859,5.625,6.26953,6.09375,6.32813,6.44531,6.5625,6.50391,6.44531,6.38672,6.15234,5.97656,0.070801,0.063477,0.043945,0.068359,0.047607,0.047607,0.064697,0.057373,0.061035,0.065918,0.079346
2017-10-18T16:40:00Z,130.07813,131.13281,132.53906,132.1875,133.94531,134.29688,136.40625,136.05469,137.46094,140.27344,143.78906,145.89844,4.6875,3.86719,5.85938,6.44531,6.32813,6.91406,6.79688,6.73828,6.44531,6.32813,6.09375,6.03516,5.91797,0.072021,0.054932,0.05249,0.057373,0.075684,0.065918,0.065918,0.075684,0.075684,0.064697,0.068359
2017-10-18T16:50:00Z,133.94531,136.05469,136.40625,137.8125,137.8125,138.51563,142.38281,143.4375,146.60156,148.71094,151.17188,151.52344,4.80469,3.86719,5.80078,6.50391,6.44531,6.79688,6.85547,6.62109,6.21094,6.21094,6.15234,6.03516,5.97656,0.05249,0.057373,0.059814,0.062256,0.05127,0.062256,0.072021,0.057373,0.048828,0.061035,0.046387
2017-10-18T17:00:00Z,134.29688,135.35156,136.40625,136.75781,137.8125,139.57031,143.08594,145.89844,148.00781,150.82031,151.875,155.03906,4.57031,3.75,5.56641,6.21094,6.15234,6.67969,6.62109,6.32813,5.91797,6.03516,5.91797,5.85938,5.80078,0.05249,0.078125,0.068359,0.046387,0.062256,0.062256,0.064697,0.041504,0.05127,0.079346,0.063477
2017-10-18T17:10:00Z,135.35156,139.57031,138.86719,139.92188,142.03125,143.78906,146.25,148.35938,150.46875,152.92969,155.39063,157.85156,4.98047,3.92578,5.85938,6.38672,6.26953,6.85547,6.50391,6.26953,5.85938,5.97656,5.91797,5.97656,5.91797,0.084229,0.074463,0.085449,0.073242,0.092773,0.061035,0.090332,0.08667,0.067139,0.068359,0.084229
2017-10-18T17:20:00Z,128.67188,137.46094,136.05469,137.8125,138.51563,140.27344,142.73438,146.95313,147.30469,150.11719,151.52344,153.98438,5.03906,4.04297,5.91797,6.44531,6.44531,6.85547,6.62109,6.44531,6.15234,6.09375,6.09375,6.09375,6.03516,0.078125,0.072021,0.074463,0.059814,0.065918,0.059814,0.05249,0.057373,0.067139,0.064697,0.064697
2017-10-18T17:30:00Z,139.21875,142.03125,142.03125,140.97656,142.03125,144.84375,148.71094,150.46875,154.6875,155.74219,158.90625,162.07031,5.09766,4.10156,5.80078,6.38672,6.38672,6.79688,6.85547,6.44531,6.44531,6.21094,6.21094,6.15234,6.21094,0.064697,0.065918,0.050049,0.050049,0.061035,0.074463,0.057373,0.065918,0.064697,0.067139,0.078125
2017-10-18T17:40:00Z,147.30469,150.82031,148.00781,148.35938,150.46875,152.92969,159.25781,158.55469,164.88281,166.28906,171.5625,171.91406,5.44922,4.04297,5.625,6.21094,6.21094,6.85547,6.5625,6.26953,6.21094,6.15234,6.09375,6.21094,6.03516,0.092773,0.072021,0.083008,0.078125,0.075684,0.085449,0.074463,0.073242,0.068359,0.065918,0.068359
2017-10-18T17:50:00Z,142.73438,147.30469,145.89844,146.25,149.41406,154.33594,156.44531,160.66406,164.88281,168.04688,171.5625,174.375,5.27344,4.21875,5.68359,6.21094,6.21094,6.67969,6.32813,6.21094,5.97656,5.80078,5.80078,5.97656,5.85938,0.092773,0.081787,0.093994,0.068359,0.06958,0.062256,0.092773,0.068359,0.070801,0.089111,0.093994
2017-10-18T18:00:00Z,139.92188,144.49219,146.95313,146.25,150.11719,154.33594,158.55469,161.71875,166.28906,168.04688,170.15625,171.91406,4.62891,3.63281,5.15625,5.50781,5.50781,6.38672,6.38672,6.03516,5.85938,5.74219,5.74219,5.74219,5.68359,0.090332,0.074463,0.076904,0.085449,0.061035,0.053711,0.073242,0.064697,0.073242,0.074463,0.093994
2017-10-18T18:10:00Z,143.4375,149.0625,149.76563,150.46875,152.22656,153.98438,159.25781,164.88281,165.23438,170.85938,172.26563,172.26563,4.45313,3.57422,5.09766,5.68359,5.625,6.50391,6.5625,6.15234,5.74219,5.68359,5.80078,5.74219,5.68359,0.090332,0.074463,0.063477,0.06958,0.081787,0.093994,0.065918,0.067139,0.085449,0.078125,0.067139
2017-10-18T18:20:00Z,145.89844,152.22656,149.41406,149.76563,153.63281,157.5,161.71875,163.82813,168.39844,170.15625,171.5625,174.02344,5.80078,4.51172,5.97656,6.67969,6.5625,6.79688,6.15234,5.74219,5.625,5.80078,5.68359,5.74219,5.39063,0.078125,0.084229,0.079346,0.080566,0.093994,0.076904,0.063477,0.080566,0.091553,0.087891,0.097656
2017-10-18T18:30:00Z,143.78906,149.76563,149.0625,146.95313,149.41406,153.28125,158.55469,164.53125,168.75,171.21094,171.21094,172.26563,5.80078,4.80469,6.50391,6.85547,6.91406,6.44531,5.85938,5.56641,5.625,5.39063,5.27344,5.15625,5.21484,0.102539,0.084229,0.085449,0.076904,0.076904,0.075684,0.091553,0.092773,0.061035,0.093994,0.075684
2017-10-18T18:40:00Z,143.78906,148.35938,146.95313,148.00781,150.11719,153.98438,157.5,163.125,165.9375,170.50781,174.72656,174.375,6.03516,4.80469,6.38672,6.67969,6.85547,7.03125,6.44531,5.85938,5.50781,5.44922,5.50781,5.39063,5.21484,0.073242,0.078125,0.047607,0.062256,0.079346,0.100098,0.070801,0.083008,0.072021,0.100098,0.093994
2017-10-18T18:50:00Z,138.16406,143.08594,143.78906,143.4375,146.25,149.41406,152.57813,156.79688,161.01563,164.17969,171.91406,172.96875,5.80078,4.80469,6.21094,6.97266,6.79688,7.26563,6.85547,6.32813,5.80078,5.56641,5.33203,5.33203,5.21484,0.074463,0.080566,0.072021,0.073242,0.068359,0.091553,0.085449,0.102539,0.068359,0.098877,0.101318
2017-10-18T19:00:00Z,143.08594,146.60156,146.25,147.65625,148.71094,150.11719,153.28125,157.85156,164.53125,172.96875,176.48438,178.94531,6.15234,4.92188,6.21094,6.67969,6.73828,7.20703,7.26563,6.67969,6.32813,5.85938,5.39063,5.27344,5.33203,0.087891,0.075684,0.080566,0.091553,0.08667,0.092773,0.072021,0.108643,0.084229,0.091553,0.097656
2017-10-18T19:10:00Z,143.4375,149.0625,148.71094,151.52344,149.41406,153.28125,157.85156,163.82813,165.9375,171.21094,172.26563,175.07813,5.97656,4.51172,5.91797,6.38672,6.32813,7.38281,7.26563,6.67969,6.21094,5.625,5.39063,5.625,5.80078,0.10498,0.073242,0.079346,0.070801,0.12207,0.12085,0.10376,0.12207,0.124512,0.070801,0.089111
2017-10-18T19:20:00Z,140.27344,145.54688,147.65625,147.30469,148.71094,153.98438,156.79688,163.125,165.23438,170.15625,171.91406,179.29688,5.44922,4.27734,5.625,6.38672,6.15234,7.03125,6.73828,6.32813,5.97656,5.625,5.68359,5.625,6.21094,0.114746,0.074463,0.080566,0.084229,0.085449,0.114746,0.111084,0.098877,0.095215,0.10376,0.085449
2017-10-18T19:30:00Z,141.32813,145.89844,148.71094,149.76563,153.63281,155.39063,158.55469,161.36719,165.23438,169.10156,176.83594,181.75781,5.68359,4.45313,5.85938,6.50391,6.32813,7.26563,6.85547,6.85547,6.26953,6.15234,6.09375,6.09375,6.38672,0.098877,0.06958,0.112305,0.06958,0.092773,0.073242,0.102539,0.111084,0.095215,0.102539,0.098877
2017-10-18T19:40:00Z,144.14063,151.52344,149.41406,151.17188,155.74219,157.14844,162.07031,163.125,169.10156,174.02344,180.35156,188.78906,5.74219,4.6875,6.15234,6.44531,6.50391,7.44141,7.26563,7.03125,6.62109,6.62109,6.50391,6.44531,6.67969,0.112305,0.090332,0.078125,0.075684,0.08667,0.06958,0.093994,0.087891,0.097656,0.102539,0.076904
2017-10-18T19:50:00Z,141.32813,146.25,149.41406,148.00781,153.98438,157.14844,164.17969,167.34375,173.67188,177.1875,187.03125,194.76563,5.85938,4.6875,5.91797,6.5625,6.50391,7.38281,7.14844,7.03125,6.62109,6.67969,6.50391,6.73828,6.79688,0.095215,0.089111,0.079346,0.101318,0.074463,0.093994,0.12207,0.089111,0.117188,0.075684,0.08667
2017-10-18T20:00:00Z,138.51563,143.78906,145.89844,148.35938,152.22656,156.44531,164.88281,171.91406,175.07813,182.46094,189.49219,194.41406,6.15234,5.03906,6.44531,6.85547,6.85547,7.38281,7.5,7.38281,7.14844,6.85547,6.73828,6.73828,6.67969,0.100098,0.107422,0.118408,0.107422,0.097656,0.083008,0.095215,0.101318,0.091553,0.100098,0.065918
2017-10-18T20:10:00Z,135.0,144.14063,144.49219,144.49219,145.54688,155.39063,165.58594,171.91406,177.53906,181.05469,187.38281,190.54688,6.50391,5.27344,6.32813,6.73828,6.91406,7.32422,7.96875,7.96875,7.20703,6.73828,6.79688,6.79688,6.5625,0.118408,0.117188,0.08667,0.092773,0.092773,0.098877,0.10376,0.137939,0.123291,0.08667,0.108643
2017-10-18T20:20:00Z,134.29688,142.03125,142.73438,142.38281,146.25,151.875,162.77344,171.5625,177.53906,184.21875,185.97656,187.38281,6.50391,4.98047,6.26953,6.5625,6.67969,7.20703,7.5,7.61719,7.32422,6.97266,6.79688,6.50391,6.50391,0.113525,0.12207,0.125732,0.117188,0.08667,0.129395,0.118408,0.076904,0.087891,0.095215,0.080566
2017-10-18T20:30:00Z,137.46094,144.49219,145.54688,142.73438,148.35938,154.6875,165.23438,176.83594,184.21875,189.14063,191.25,191.25,6.15234,4.74609,5.91797,6.03516,6.15234,6.85547,7.67578,7.85156,7.32422,6.79688,6.73828,6.5625,6.5625,0.097656,0.117188,0.10498,0.098877,0.10498,0.119629,0.10498,0.095215,0.112305,0.100098,0.096436
2017-10-18T20:40:00Z,139.92188,145.19531,146.60156,148.00781,151.17188,165.23438,170.85938,180.0,186.67969,191.25,191.25,194.41406,6.26953,4.74609,5.625,6.15234,6.09375,6.73828,7.44141,7.44141,7.61719,7.32422,7.20703,7.14844,7.03125,0.119629,0.115967,0.126953,0.098877,0.081787,0.109863,0.079346,0.083008,0.098877,0.090332,0.075684
2017-10-18T20:50:00Z,139.57031,147.30469,149.41406,149.0625,154.6875,167.34375,175.07813,185.27344,194.41406,195.82031,200.03906,200.03906,5.50781,4.16016,5.15625,5.44922,5.68359,6.03516,6.79688,7.08984,6.97266,6.67969,6.62109,6.85547,7.03125,0.10498,0.124512,0.095215,0.12207,0.097656,0.112305,0.097656,0.097656,0.092773,0.100098,0.078125
2017-10-18T21:00:00Z,142.38281,150.46875,151.17188,153.28125,159.60938,168.39844,177.1875,187.38281,198.98438,204.25781,205.3125,209.88281,5.03906,3.69141,4.92188,5.03906,5.09766,5.97656,6.15234,6.79688,6.79688,6.97266,6.85547,6.97266,7.26563,0.10376,0.107422,0.126953,0.091553,0.131836,0.078125,0.095215,0.12085,0.084229,0.080566,0.068359
2017-10-18T21:10:00Z,145.19531,153.28125,155.39063,155.39063,164.53125,174.72656,184.21875,193.71094,199.33594,199.6875,203.20313,204.60938,5.44922,3.80859,4.98047,5.44922,5.39063,5.80078,6.26953,6.73828,6.97266,7.20703,7.26563,7.26563,7.32422,0.133057,0.133057,0.095215,0.109863,0.10376,0.085449,0.090332,0.107422,0.089111,0.078125,0.074463
2017-10-18T21:20:00Z,149.0625,158.55469,162.07031,162.07031,169.80469,178.24219,190.89844,200.03906,201.79688,204.96094,205.3125,212.34375,4.51172,3.51563,4.6875,5.09766,4.98047,5.80078,6.62109,6.62109,6.67969,6.79688,6.85547,7.14844,7.55859,0.129395,0.112305,0.10498,0.085449,0.084229,0.091553,0.084229,0.089111,0.083008,0.067139,0.083008
2017-10-18T21:30:00Z,148.71094,158.20313,164.53125,161.71875,172.26563,182.8125,196.52344,200.74219,207.07031,211.64063,218.32031,221.13281,4.57031,3.45703,4.86328,5.03906,5.03906,5.80078,6.15234,6.73828,6.73828,7.32422,7.26563,7.67578,7.85156,0.10498,0.090332,0.112305,0.119629,0.080566,0.072021,0.091553,0.083008,0.089111,0.068359,0.090332
2017-10-18T21:40:00Z,145.89844,153.28125,162.42188,162.77344,172.61719,184.92188,193.71094,201.44531,207.77344,212.34375,215.50781,218.32031,4.57031,3.69141,4.92188,5.33203,5.03906,5.80078,6.32813,6.5625,7.03125,7.20703,7.44141,7.61719,7.96875,0.091553,0.111084,0.131836,0.108643,0.10376,0.073242,0.093994,0.095215,0.070801,0.079346,0.068359
2017-10-18T21:50:00Z,150.46875,160.66406,169.45313,166.99219,177.1875,184.92188,191.95313,203.20313,208.125,212.34375,216.91406,225.70313,4.21875,3.10547,4.45313,4.86328,4.86328,5.50781,6.15234,6.44531,6.91406,7.08984,7.38281,7.73438,8.20313,0.115967,0.10376,0.108643,0.102539,0.074463,0.097656,0.089111,0.098877,0.079346,0.081787,0.057373
2017-10-18T22:00:00Z,159.25781,167.34375,173.67188,174.02344,181.75781,191.60156,202.5,207.42188,211.28906,219.72656,224.29688,228.86719,4.27734,2.98828,4.39453,4.62891,4.74609,5.39063,5.91797,6.32813,6.67969,7.08984,7.32422,7.55859,7.67578,0.124512,0.118408,0.085449,0.097656,0.095215,0.096436,0.076904,0.101318,0.084229,0.062256,0.075684
2017-10-18T22:10:00Z,163.82813,174.72656,180.0,178.24219,186.67969,197.22656,206.71875,210.23438,216.5625,220.42969,225.0,229.92188,4.16016,3.10547,4.39453,4.98047,4.74609,5.50781,5.97656,6.15234,6.44531,6.62109,6.97266,7.26563,7.44141,0.10376,0.125732,0.128174,0.100098,0.081787,0.096436,0.06958,0.115967,0.08667,0.079346,0.090332
2017-10-18T22:20:00Z,168.04688,182.10938,188.78906,185.97656,194.41406,202.14844,208.47656,217.26563,222.1875,228.16406,229.92188,232.73438,4.27734,3.16406,4.39453,4.6875,4.57031,5.09766,5.56641,5.85938,6.09375,6.26953,6.50391,6.73828,6.73828,0.106201,0.106201,0.115967,0.108643,0.096436,0.092773,0.089111,0.087891,0.067139,0.072021,0.076904
2017-10-18T22:30:00Z,166.64063,180.70313,185.27344,184.21875,193.35938,202.85156,211.99219,221.48438,227.10938,228.86719,230.97656,230.97656,3.75,2.87109,3.80859,4.21875,4.21875,4.86328,5.27344,5.68359,5.91797,5.91797,6.03516,6.03516,6.03516,0.108643,0.126953,0.109863,0.074463,0.08667,0.090332,0.10376,0.076904,0.075684,0.067139,0.067139
2017-10-18T22:40:00Z,168.39844,184.92188,186.32813,187.38281,200.39063,209.17969,218.67188,227.10938,229.92188,232.73438,233.78906,233.78906,3.86719,2.75391,4.04297,4.45313,4.51172,5.21484,5.44922,5.74219,5.85938,6.03516,6.03516,6.09375,6.09375,0.10376,0.068359,0.118408,0.096436,0.085449,0.089111,0.101318,0.063477,0.084229,0.072021,0.070801
2017-10-18T22:50:00Z,158.55469,177.89063,182.8125,184.21875,197.22656,210.58594,216.91406,223.59375,228.86719,231.32813,231.67969,234.14063,3.51563,2.75391,4.10156,4.62891,4.45313,5.21484,5.33203,5.39063,5.50781,5.625,5.68359,5.80078,5.625,0.108643,0.098877,0.106201,0.081787,0.085449,0.095215,0.080566,0.070801,0.097656,0.068359,0.081787
2017-10-18T23:00:00Z,161.36719,176.83594,183.86719,185.625,196.17188,208.82813,214.45313,222.89063,225.35156,227.10938,229.92188,231.32813,3.57422,2.75391,4.04297,4.57031,4.62891,5.03906,5.33203,5.50781,5.68359,5.50781,5.625,5.56641,5.80078,0.098877,0.118408,0.097656,0.083008,0.073242,0.098877,0.092773,0.070801,0.087891,0.084229,0.072021
2017-10-18T23:10:00Z,172.96875,183.16406,190.54688,189.84375,201.79688,213.04688,220.07813,226.40625,232.03125,234.84375,236.25,234.84375,3.51563,2.57813,4.10156,4.57031,4.62891,5.15625,5.44922,5.56641,5.80078,5.80078,5.85938,6.03516,6.50391,0.102539,0.097656,0.091553,0.083008,0.092773,0.079346,0.080566,0.090332,0.08667,0.084229,0.067139
2017-10-18T23:20:00Z,180.0,190.19531,195.82031,192.65625,203.90625,210.58594,217.61719,222.89063,229.21875,232.03125,235.54688,236.95313,3.98438,2.75391,4.27734,4.86328,4.86328,5.39063,5.68359,5.625,5.91797,5.97656,5.97656,6.03516,6.38672,0.112305,0.089111,0.085449,0.109863,0.080566,0.101318,0.090332,0.076904,0.057373,0.06958,0.073242
2017-10-18T23:30:00Z,185.27344,195.82031,199.33594,197.92969,205.66406,212.69531,220.07813,225.70313,229.21875,232.38281,233.4375,234.84375,3.75,2.87109,4.39453,4.98047,4.98047,5.80078,6.09375,5.91797,5.74219,5.68359,5.625,6.15234,6.50391,0.079346,0.092773,0.08667,0.065918,0.075684,0.083008,0.087891,0.068359,0.065918,0.070801,0.075684
2017-10-18T23:40:00Z,183.16406,194.41406,197.92969,199.6875,208.125,214.45313,220.42969,225.0,229.21875,230.625,232.38281,231.32813,3.86719,2.75391,4.16016,4.80469,4.6875,5.625,5.56641,5.44922,5.33203,5.39063,5.625,6.09375,6.32813,0.095215,0.079346,0.097656,0.102539,0.090332,0.090332,0.076904,0.085449,0.068359,0.084229,0.06958
2017-10-18T23:50:00Z,185.625,200.39063,204.25781,204.60938,214.80469,226.05469,230.625,231.67969,232.73438,228.51563,232.38281,229.92188,3.10547,2.22656,3.63281,4.21875,4.16016,4.86328,4.74609,4.6875,4.86328,5.56641,5.85938,6.15234,6.09375,0.131836,0.075684,0.112305,0.078125,0.084229,0.092773,0.078125,0.084229,0.080566,0.062256,0.061035
