LOCATION: 
SYSTEM SERIAL: HKZA
TIMESTAMP (ISO-8601) UTC,WindDir004m deg,WindDir030m deg,WindDir040m deg,WindDir040m_ref deg,WindDir060m deg,WindDir080m deg,WindDir100m deg,WindDir120m deg,WindDir140m deg,WindDir160m deg,WindDir180m deg,WindDir200m deg,WindGust004m m/s,WindSpeed004m m/s,WindSpeed030mh m/s,WindSpeed040mh m/s,WindSpeed040m_refh m/s,WindSpeed060mh m/s,WindSpeed080mh m/s,WindSpeed100mh m/s,WindSpeed120mh m/s,WindSpeed140mh m/s,WindSpeed160mh m/s,WindSpeed180mh m/s,WindSpeed200mh m/s,TI 030m,TI 040m,TI 040m ref,TI 060m,TI 080m,TI 100m,TI 120m,TI 140m,TI 160m,TI 180m,TI 200m
2017-02-23T00:00:00Z,259.10156,268.24219,270.0,269.64844,274.57031,277.38281,278.78906,281.95313,278.4375,279.14063,277.03125,280.89844,6.85547,5.80078,8.4375,8.84766,8.96484,9.49219,9.55078,9.55078,9.375,9.19922,9.25781,9.25781,9.19922,0.093994,0.141602,0.081787,0.10376,0.090332,0.119629,0.101318,0.133057,0.152588,0.10498,0.12207
2017-02-23T00:10:00Z,260.15625,268.94531,271.40625,273.51563,272.8125,274.21875,276.32813,275.97656,277.73438,276.67969,274.21875,274.57031,7.08984,5.74219,7.79297,8.37891,8.08594,8.49609,8.78906,8.55469,8.67188,8.78906,8.73047,8.67188,8.84766,0.101318,0.109863,0.128174,0.101318,0.091553,0.096436,0.101318,0.097656,0.107422,0.114746,0.092773
2017-02-23T00:50:00Z,250.66406,256.99219,262.26563,267.1875,265.78125,268.24219,268.24219,266.48438,265.42969,262.96875,266.13281,267.89063,5.50781,4.45313,6.97266,7.20703,7.03125,7.20703,7.79297,8.08594,7.85156,8.67188,7.85156,8.78906,8.14453,0.123291,0.147705,0.144043,0.151367,0.113525,0.092773,0.162354,0.177002,0.168457,0.158691,0.150146
2017-02-23T01:00:00Z,250.3125,257.34375,259.45313,258.04688,256.28906,265.42969,265.07813,248.55469,267.53906,248.55469,261.21094,257.69531,5.27344,4.10156,6.85547,6.79688,6.91406,7.14844,7.55859,7.96875,8.32031,8.73047,8.55469,8.4375,8.55469,0.145264,0.19043,0.12085,0.235596,0.168457,0.157471,0.20874,0.187988,0.212402,0.19043,0.178223
2017-02-23T01:10:00Z,242.22656,240.11719,238.71094,245.39063,240.11719,238.35938,259.10156,191.95313,183.51563,301.99219,179.29688,231.67969,4.74609,3.92578,7.03125,6.50391,6.50391,7.14844,7.32422,8.02734,8.08594,8.4375,8.49609,8.61328,8.49609,0.134277,0.224609,0.201416,0.240479,0.231934,0.163574,0.211182,0.201416,0.164795,0.183105,0.195313
2017-02-23T01:20:00Z,230.625,235.89844,243.63281,240.46875,236.95313,245.39063,258.39844,232.38281,188.4375,196.875,170.85938,196.52344,5.03906,4.04297,7.03125,7.03125,7.14844,7.55859,7.67578,7.79297,7.96875,7.91016,7.85156,7.61719,7.44141,0.167236,0.196533,0.155029,0.147705,0.146484,0.129395,0.187988,0.164795,0.212402,0.202637,0.26001
2017-02-23T01:30:00Z,225.0,225.35156,220.42969,226.40625,217.26563,204.96094,187.73438,186.67969,151.17188,192.65625,219.375,213.75,5.56641,4.45313,6.5625,6.32813,6.62109,6.21094,6.91406,7.08984,7.14844,6.97266,6.67969,6.62109,6.79688,0.195313,0.158691,0.142822,0.184326,0.202637,0.177002,0.22583,0.203857,0.153809,0.236816,0.17334
2017-02-23T01:40:00Z,214.80469,227.8125,230.97656,224.64844,227.46094,229.92188,196.17188,159.96094,202.85156,205.66406,212.69531,185.625,5.33203,4.16016,5.80078,5.74219,5.74219,5.68359,5.85938,5.80078,6.32813,6.15234,6.67969,6.44531,6.5625,0.097656,0.15625,0.211182,0.192871,0.192871,0.147705,0.117188,0.166016,0.096436,0.206299,0.17334
2017-02-23T01:50:00Z,210.9375,220.78125,227.8125,228.86719,229.92188,229.21875,216.91406,226.75781,225.0,223.24219,232.03125,234.14063,5.09766,4.04297,5.21484,4.92188,5.03906,5.03906,4.92188,4.98047,5.27344,5.50781,5.80078,6.21094,6.32813,0.101318,0.096436,0.109863,0.146484,0.15625,0.187988,0.181885,0.153809,0.158691,0.163574,0.166016
2017-02-23T02:00:00Z,205.66406,216.21094,218.32031,220.42969,204.25781,199.6875,121.28906,150.11719,281.95313,184.21875,136.40625,281.25,4.45313,3.33984,5.80078,5.39063,5.74219,5.21484,5.625,5.50781,5.56641,5.44922,5.50781,5.39063,5.44922,0.203857,0.197754,0.236816,0.22583,0.201416,0.186768,0.212402,0.178223,0.218506,0.206299,0.187988
2017-02-23T02:10:00Z,205.3125,220.78125,224.29688,226.05469,223.24219,229.92188,272.8125,260.85938,261.91406,266.48438,267.89063,266.13281,4.51172,3.45703,5.03906,4.74609,4.80469,4.51172,4.62891,4.62891,4.74609,4.62891,4.86328,4.74609,4.57031,0.095215,0.12207,0.140381,0.153809,0.115967,0.144043,0.12207,0.152588,0.128174,0.144043,0.106201
2017-02-23T02:20:00Z,203.55469,215.50781,219.02344,216.91406,221.83594,216.91406,225.35156,178.59375,232.03125,124.80469,184.92188,115.3125,4.51172,3.57422,5.33203,4.86328,4.92188,4.33594,4.21875,4.04297,3.86719,3.86719,3.80859,3.80859,3.92578,0.114746,0.145264,0.142822,0.126953,0.129395,0.146484,0.227051,0.192871,0.240479,0.223389,0.263672
2017-02-23T02:30:00Z,196.52344,204.60938,210.58594,209.53125,211.99219,213.75,211.99219,197.57813,189.84375,197.57813,214.10156,204.60938,4.62891,3.39844,5.03906,4.74609,4.92188,4.27734,3.98438,3.75,3.51563,3.51563,3.51563,3.51563,3.63281,0.114746,0.091553,0.130615,0.129395,0.10376,0.10376,0.155029,0.180664,0.147705,0.202637,0.233154
2017-02-23T02:40:00Z,193.00781,193.35938,192.65625,195.11719,195.46875,190.89844,202.5,190.89844,191.25,195.11719,197.22656,194.41406,4.6875,3.45703,4.6875,4.27734,4.57031,4.21875,3.80859,3.63281,3.16406,3.92578,3.98438,4.21875,4.39453,0.131836,0.179443,0.159912,0.123291,0.123291,0.169678,0.214844,0.393066,0.341797,0.314941,0.285645
2017-02-23T02:50:00Z,178.94531,176.83594,180.70313,177.89063,179.64844,180.70313,177.53906,180.70313,179.29688,179.64844,181.05469,178.59375,4.86328,3.51563,4.16016,3.98438,3.80859,3.51563,3.16406,3.69141,4.27734,4.45313,4.33594,4.62891,4.57031,0.123291,0.148926,0.130615,0.194092,0.155029,0.194092,0.186768,0.155029,0.168457,0.128174,0.153809
2017-02-23T03:00:00Z,171.5625,163.125,164.17969,162.77344,163.125,168.39844,163.82813,164.53125,168.39844,170.15625,170.15625,169.45313,4.16016,2.87109,3.98438,3.86719,3.80859,3.75,3.75,3.92578,3.98438,4.16016,4.27734,4.10156,4.21875,0.153809,0.128174,0.166016,0.201416,0.174561,0.12085,0.15625,0.13916,0.164795,0.137939,0.118408
2017-02-23T03:10:00Z,164.53125,180.0,175.42969,170.50781,175.42969,184.57031,178.94531,176.83594,152.92969,171.21094,174.375,177.1875,3.39844,2.10938,3.92578,3.92578,3.86719,3.92578,4.04297,4.10156,4.33594,4.27734,4.51172,4.80469,4.6875,0.203857,0.280762,0.27832,0.283203,0.39917,0.390625,0.389404,0.333252,0.43335,0.460205,0.438232
2017-02-23T03:20:00Z,183.86719,216.91406,220.78125,224.29688,225.70313,229.57031,232.73438,230.27344,232.38281,233.4375,236.60156,229.92188,6.5625,2.40234,6.15234,6.50391,6.44531,7.08984,7.55859,7.91016,8.32031,8.55469,8.61328,8.90625,9.08203,0.205078,0.233154,0.203857,0.223389,0.197754,0.194092,0.157471,0.108643,0.185547,0.174561,0.183105
2017-02-23T03:30:00Z,228.86719,233.4375,237.65625,233.78906,235.89844,234.14063,232.03125,236.60156,235.54688,236.25,235.54688,234.14063,7.85156,5.56641,8.67188,9.19922,8.96484,9.43359,9.90234,10.3125,10.72266,10.72266,10.54688,10.89844,10.95703,0.119629,0.144043,0.144043,0.115967,0.117188,0.107422,0.12207,0.117188,0.111084,0.133057,0.12085
2017-02-23T03:40:00Z,232.73438,232.38281,230.97656,229.92188,232.03125,229.92188,229.21875,230.97656,229.57031,229.57031,230.27344,230.625,8.02734,6.38672,10.37109,10.95703,10.78125,12.01172,13.06641,13.65234,14.23828,14.17969,14.41406,14.29688,14.64844,0.270996,0.262451,0.239258,0.275879,0.2771,0.267334,0.223389,0.253906,0.26001,0.294189,0.307617
2017-02-23T03:50:00Z,228.16406,221.83594,223.94531,223.94531,226.40625,226.75781,231.67969,232.38281,231.67969,230.625,231.67969,231.32813,13.41797,9.78516,14.58984,15.58594,15.05859,16.75781,18.75,19.98047,19.80469,20.44922,21.62109,22.26563,21.79688,0.125732,0.125732,0.118408,0.108643,0.128174,0.142822,0.12085,0.133057,0.136719,0.112305,0.135498
2017-02-23T04:00:00Z,224.64844,223.59375,225.35156,223.94531,224.64844,227.46094,228.86719,229.92188,228.16406,226.75781,229.21875,230.97656,15.23438,11.77734,15.58594,16.05469,15.41016,17.05078,18.69141,19.33594,20.74219,21.50391,22.61719,23.02734,23.49609,0.135498,0.159912,0.115967,0.119629,0.114746,0.148926,0.114746,0.145264,0.118408,0.117188,0.102539
2017-02-23T04:10:00Z,224.64844,225.70313,222.53906,226.75781,220.78125,221.83594,225.35156,227.10938,230.27344,231.67969,230.27344,229.57031,15.82031,12.12891,15.29297,16.11328,16.23047,17.92969,19.04297,20.21484,21.67969,22.03125,22.44141,22.5,23.4375,0.123291,0.147705,0.12085,0.12085,0.097656,0.119629,0.112305,0.129395,0.119629,0.12207,0.115967
2017-02-23T04:20:00Z,224.29688,225.0,224.29688,225.0,224.29688,225.35156,226.75781,227.46094,226.05469,225.0,228.16406,229.21875,16.17188,12.1875,15.87891,16.28906,17.05078,17.98828,19.86328,20.80078,21.09375,22.85156,23.67188,24.08203,23.96484,0.141602,0.12085,0.124512,0.19043,0.106201,0.135498,0.117188,0.097656,0.102539,0.089111,0.128174
2017-02-23T04:30:00Z,223.94531,224.64844,223.59375,226.05469,222.53906,225.0,226.05469,228.51563,229.92188,227.46094,227.8125,230.625,15.76172,12.65625,15.46875,16.99219,16.875,18.69141,19.98047,21.50391,23.08594,22.38281,22.20703,23.20313,23.67188,0.158691,0.134277,0.172119,0.141602,0.133057,0.119629,0.125732,0.131836,0.142822,0.147705,0.101318
2017-02-23T04:40:00Z,223.24219,221.13281,224.29688,222.53906,228.16406,229.21875,227.10938,225.35156,226.75781,228.51563,229.21875,226.75781,16.05469,12.48047,16.58203,18.16406,16.81641,18.80859,19.16016,20.68359,22.85156,22.55859,23.20313,22.44141,22.61719,0.125732,0.135498,0.125732,0.161133,0.133057,0.114746,0.10498,0.129395,0.10498,0.141602,0.129395
2017-02-23T04:50:00Z,222.89063,224.29688,221.48438,225.35156,223.94531,228.16406,229.92188,226.75781,227.8125,228.51563,227.8125,228.86719,16.28906,12.59766,15.87891,17.05078,17.57813,18.33984,20.625,21.26953,21.38672,22.55859,22.85156,23.4375,23.73047,0.136719,0.107422,0.133057,0.107422,0.167236,0.153809,0.141602,0.141602,0.12085,0.10376,0.115967
2017-02-23T06:10:00Z,222.53906,217.26563,218.67188,219.375,221.48438,221.83594,223.24219,221.48438,227.10938,228.16406,228.16406,228.86719,14.82422,12.07031,14.0625,15.35156,14.88281,16.875,17.51953,18.22266,18.28125,19.21875,19.04297,18.86719,18.75,0.113525,0.114746,0.145264,0.115967,0.098877,0.106201,0.107422,0.144043,0.130615,0.118408,0.092773
2017-02-23T06:20:00Z,220.78125,223.94531,222.1875,222.1875,225.0,223.59375,224.64844,226.05469,226.05469,225.35156,222.1875,221.83594,13.94531,10.95703,14.0625,14.82422,14.41406,15.46875,16.11328,17.10938,17.05078,17.75391,17.22656,17.28516,16.75781,0.140381,0.12207,0.140381,0.107422,0.112305,0.12207,0.119629,0.089111,0.123291,0.144043,0.112305
2017-02-23T06:30:00Z,219.375,221.48438,222.1875,222.1875,223.94531,225.70313,224.64844,221.48438,222.53906,221.48438,218.67188,223.24219,13.53516,10.72266,13.41797,13.76953,13.94531,15.05859,15.76172,16.52344,16.875,16.34766,16.23047,16.34766,16.52344,0.089111,0.112305,0.12085,0.101318,0.117188,0.140381,0.140381,0.130615,0.106201,0.126953,0.111084
2017-02-23T06:40:00Z,217.26563,223.24219,220.42969,221.83594,223.59375,222.53906,224.29688,221.83594,222.1875,219.375,224.29688,220.42969,13.30078,10.60547,13.71094,14.41406,14.29688,15.58594,16.28906,16.75781,17.57813,17.57813,17.16797,16.93359,16.28906,0.142822,0.141602,0.095215,0.135498,0.12085,0.10376,0.089111,0.092773,0.114746,0.090332,0.108643
2017-02-23T06:50:00Z,217.26563,214.80469,217.96875,215.15625,217.26563,217.61719,219.72656,221.83594,226.05469,223.94531,220.78125,219.375,14.0625,10.83984,14.12109,14.88281,14.88281,15.46875,16.52344,17.46094,17.87109,17.63672,17.22656,17.28516,17.46094,0.109863,0.100098,0.115967,0.117188,0.106201,0.097656,0.12085,0.108643,0.109863,0.10376,0.114746
2017-02-23T07:00:00Z,215.15625,214.10156,217.26563,213.39844,220.78125,223.59375,219.375,220.42969,222.53906,222.1875,218.67188,221.13281,14.12109,11.13281,13.76953,14.88281,14.35547,15.9375,16.34766,16.69922,17.16797,18.04688,18.28125,18.04688,17.34375,0.12207,0.135498,0.134277,0.097656,0.10376,0.090332,0.085449,0.107422,0.091553,0.102539,0.130615
2017-02-23T07:10:00Z,214.45313,215.85938,215.85938,214.45313,213.75,217.26563,217.61719,218.32031,219.375,217.61719,216.91406,218.67188,13.82813,10.72266,14.00391,14.58984,14.53125,15.23438,15.99609,17.16797,17.22656,17.40234,17.05078,17.10938,17.51953,0.140381,0.162354,0.095215,0.118408,0.123291,0.126953,0.129395,0.129395,0.133057,0.111084,0.092773
2017-02-23T07:20:00Z,211.99219,216.21094,213.39844,214.80469,215.50781,216.5625,217.96875,215.15625,215.50781,215.85938,214.45313,219.375,13.94531,10.95703,14.64844,15.0,14.94141,15.35156,15.99609,17.34375,18.28125,18.45703,17.75391,17.8125,17.92969,0.109863,0.106201,0.129395,0.128174,0.113525,0.129395,0.117188,0.102539,0.101318,0.118408,0.117188
2017-02-23T07:30:00Z,213.39844,214.80469,215.50781,214.10156,215.85938,216.21094,218.32031,212.69531,219.375,219.72656,219.375,219.375,14.76563,11.48438,14.88281,15.46875,15.0,16.34766,17.28516,17.63672,18.33984,18.69141,18.69141,18.75,18.75,0.128174,0.133057,0.153809,0.125732,0.112305,0.148926,0.136719,0.084229,0.124512,0.128174,0.155029
2017-02-23T07:40:00Z,213.39844,210.9375,213.75,212.69531,213.04688,215.15625,216.91406,218.67188,218.32031,216.91406,218.67188,222.1875,15.46875,11.71875,15.99609,16.11328,16.23047,17.46094,18.39844,18.92578,19.21875,19.27734,19.57031,20.15625,20.15625,0.124512,0.134277,0.118408,0.129395,0.134277,0.123291,0.123291,0.109863,0.133057,0.133057,0.130615
2017-02-23T07:50:00Z,214.45313,217.96875,215.15625,216.21094,219.375,220.42969,217.26563,214.45313,214.45313,214.80469,216.21094,216.91406,16.58203,12.83203,16.40625,16.64063,16.28906,17.63672,19.10156,19.92188,20.33203,20.97656,20.74219,21.03516,21.62109,0.126953,0.13916,0.115967,0.128174,0.141602,0.142822,0.107422,0.096436,0.125732,0.13916,0.133057
2017-02-23T08:00:00Z,214.45313,220.42969,219.02344,220.07813,217.61719,215.85938,218.67188,219.72656,221.48438,220.78125,220.42969,220.78125,17.05078,12.89063,16.81641,17.16797,17.16797,18.69141,20.15625,21.15234,21.91406,23.26172,22.91016,23.61328,23.73047,0.137939,0.142822,0.151367,0.144043,0.134277,0.153809,0.155029,0.102539,0.097656,0.153809,0.134277
2017-02-23T08:10:00Z,218.67188,218.67188,216.21094,219.02344,217.61719,221.13281,218.32031,220.78125,220.42969,222.1875,219.375,221.83594,16.99219,13.71094,16.93359,18.33984,17.46094,19.51172,19.92188,21.26953,22.91016,24.375,24.90234,25.01953,25.48828,0.118408,0.126953,0.159912,0.128174,0.12085,0.125732,0.133057,0.119629,0.137939,0.118408,0.119629
2017-02-23T09:10:00Z,207.77344,204.25781,203.90625,206.01563,205.66406,207.42188,209.53125,207.42188,206.71875,206.71875,209.17969,210.23438,17.28516,13.59375,16.64063,17.69531,17.92969,19.21875,20.50781,21.15234,22.20703,22.44141,23.26172,23.61328,23.78906,0.170898,0.153809,0.109863,0.109863,0.135498,0.12207,0.148926,0.135498,0.129395,0.128174,0.12207
2017-02-23T09:20:00Z,205.66406,206.71875,203.90625,207.77344,207.77344,208.125,207.77344,207.42188,207.42188,211.28906,211.28906,210.23438,16.81641,13.65234,17.40234,18.28125,17.75391,19.6875,19.6875,20.27344,21.44531,23.02734,23.84766,23.26172,22.79297,0.13916,0.102539,0.123291,0.112305,0.13916,0.124512,0.150146,0.153809,0.114746,0.130615,0.10498
2017-02-23T09:30:00Z,205.3125,206.01563,207.42188,210.23438,202.85156,207.07031,208.82813,208.82813,205.66406,207.42188,209.53125,208.47656,18.22266,13.65234,17.8125,18.57422,18.39844,19.57031,20.91797,22.14844,22.85156,22.96875,22.79297,22.73438,24.55078,0.161133,0.144043,0.15625,0.134277,0.13916,0.113525,0.117188,0.141602,0.119629,0.115967,0.140381
2017-02-23T09:40:00Z,204.25781,202.85156,201.09375,205.3125,201.09375,207.07031,206.01563,203.90625,203.55469,205.3125,205.66406,207.77344,18.75,14.35547,17.34375,17.63672,18.16406,18.86719,20.21484,21.09375,22.20703,23.37891,23.84766,24.55078,24.375,0.140381,0.146484,0.13916,0.15625,0.113525,0.172119,0.107422,0.123291,0.146484,0.115967,0.115967
2017-02-23T09:50:00Z,202.85156,205.66406,203.90625,205.66406,207.07031,208.125,204.60938,208.82813,213.39844,212.34375,209.53125,209.53125,17.8125,13.94531,17.05078,18.45703,18.04688,19.80469,20.91797,22.73438,24.55078,24.25781,24.25781,25.42969,25.60547,0.150146,0.144043,0.150146,0.137939,0.140381,0.125732,0.119629,0.135498,0.135498,0.093994,0.111084
2017-02-23T10:00:00Z,204.25781,202.5,204.60938,203.55469,205.3125,204.96094,209.53125,212.34375,211.28906,214.10156,209.88281,213.04688,18.75,14.35547,18.86719,19.33594,18.98438,20.56641,21.91406,23.20313,25.07813,26.19141,26.25,26.36719,26.60156,0.147705,0.124512,0.106201,0.106201,0.107422,0.098877,0.087891,0.128174,0.12207,0.128174,0.113525
2017-02-23T10:10:00Z,206.01563,203.90625,205.66406,204.60938,204.96094,204.25781,203.90625,207.07031,210.58594,213.39844,207.77344,209.17969,19.10156,15.17578,19.57031,20.91797,19.57031,21.38672,21.50391,22.67578,24.25781,26.83594,28.00781,28.53516,28.06641,0.128174,0.109863,0.125732,0.142822,0.130615,0.101318,0.128174,0.111084,0.111084,0.119629,0.10498
2017-02-23T10:20:00Z,204.60938,202.85156,199.6875,206.71875,205.3125,205.66406,206.36719,212.34375,213.04688,210.58594,212.34375,213.75,19.62891,15.82031,18.92578,20.68359,19.98047,22.61719,23.14453,23.37891,25.60547,27.42188,28.24219,29.47266,29.41406,0.140381,0.12085,0.112305,0.10498,0.124512,0.137939,0.136719,0.108643,0.085449,0.100098,0.090332
2017-02-23T10:30:00Z,206.36719,208.125,210.58594,209.17969,205.3125,204.25781,208.125,211.64063,215.15625,216.5625,212.69531,213.04688,21.03516,15.87891,20.50781,21.5625,21.44531,22.38281,24.19922,24.66797,25.83984,27.65625,28.65234,29.00391,29.12109,0.136719,0.123291,0.095215,0.118408,0.115967,0.113525,0.114746,0.096436,0.106201,0.126953,0.111084
2017-02-23T10:40:00Z,207.07031,203.90625,204.60938,205.3125,207.42188,204.96094,208.82813,206.71875,207.42188,204.25781,209.53125,210.58594,20.97656,16.46484,20.39063,21.5625,20.74219,21.97266,23.02734,23.20313,24.43359,25.89844,26.71875,28.47656,29.00391,0.145264,0.13916,0.124512,0.12085,0.085449,0.131836,0.125732,0.124512,0.137939,0.091553,0.096436
2017-02-23T10:50:00Z,205.3125,209.53125,204.60938,203.55469,204.96094,205.66406,201.09375,204.96094,207.07031,210.9375,211.99219,208.82813,19.04297,15.46875,18.63281,19.33594,19.62891,20.625,21.79688,22.55859,24.31641,25.95703,26.77734,26.54297,27.1875,0.128174,0.134277,0.112305,0.100098,0.10498,0.113525,0.119629,0.118408,0.112305,0.10376,0.097656
2017-02-23T11:00:00Z,203.90625,208.125,202.5,205.3125,202.14844,202.85156,207.42188,207.77344,211.28906,207.77344,206.01563,209.17969,18.98438,14.58984,18.22266,18.92578,19.74609,20.85938,21.79688,22.32422,23.02734,24.90234,25.60547,25.48828,27.07031,0.108643,0.151367,0.10376,0.137939,0.10376,0.137939,0.145264,0.119629,0.130615,0.12085,0.090332
2017-02-23T11:10:00Z,205.66406,202.14844,206.01563,204.25781,206.36719,206.36719,208.125,207.42188,209.88281,205.66406,211.64063,210.9375,21.32813,15.0,18.57422,19.16016,19.10156,20.09766,21.15234,22.67578,23.55469,24.84375,25.89844,26.60156,26.66016,0.12085,0.100098,0.12085,0.114746,0.142822,0.10376,0.119629,0.114746,0.125732,0.126953,0.114746
2017-02-23T11:20:00Z,207.42188,209.88281,207.42188,208.82813,209.53125,208.125,213.39844,216.91406,213.75,210.9375,211.64063,212.34375,18.80859,14.53125,19.21875,19.21875,19.80469,20.33203,21.91406,23.14453,23.61328,24.31641,24.90234,25.42969,25.37109,0.184326,0.133057,0.177002,0.159912,0.172119,0.152588,0.172119,0.134277,0.129395,0.128174,0.136719
2017-02-23T11:30:00Z,219.02344,226.05469,227.8125,223.59375,221.48438,217.61719,224.29688,222.1875,225.35156,227.8125,226.75781,230.97656,21.91406,15.17578,20.68359,21.15234,20.27344,21.73828,23.14453,23.32031,23.90625,24.60938,25.95703,26.30859,26.36719,0.125732,0.136719,0.151367,0.12085,0.136719,0.12207,0.100098,0.142822,0.128174,0.097656,0.109863
2017-02-23T11:40:00Z,222.89063,218.67188,219.02344,222.53906,226.05469,224.64844,223.24219,221.83594,225.70313,224.29688,222.89063,229.21875,20.91797,15.70313,19.04297,19.86328,19.16016,21.21094,21.91406,22.03125,23.78906,24.66797,26.01563,27.53906,27.71484,0.118408,0.117188,0.10498,0.098877,0.093994,0.119629,0.109863,0.108643,0.097656,0.075684,0.079346
2017-02-23T11:50:00Z,222.89063,222.89063,222.89063,222.89063,222.53906,222.89063,222.53906,226.75781,224.29688,224.29688,222.1875,225.0,19.6875,14.76563,17.87109,18.80859,19.21875,19.80469,20.625,22.20703,23.02734,23.78906,24.19922,25.13672,25.54688,0.114746,0.141602,0.092773,0.081787,0.090332,0.08667,0.075684,0.085449,0.056152,0.08667,0.074463
2017-02-23T12:00:00Z,224.64844,228.86719,230.27344,224.64844,226.75781,231.67969,231.32813,228.16406,226.40625,229.92188,232.03125,232.38281,18.51563,14.35547,19.33594,20.15625,19.98047,21.38672,22.5,22.5,23.26172,24.02344,24.72656,25.60547,26.19141,0.141602,0.12207,0.119629,0.114746,0.101318,0.15625,0.10376,0.101318,0.101318,0.111084,0.100098
2017-02-23T12:10:00Z,226.40625,222.1875,221.48438,226.40625,223.94531,225.35156,227.10938,227.10938,227.10938,227.46094,223.24219,224.64844,18.63281,15.05859,18.63281,19.33594,18.86719,21.03516,21.73828,22.5,23.14453,23.49609,24.14063,25.42969,25.19531,0.080566,0.089111,0.102539,0.097656,0.070801,0.068359,0.084229,0.085449,0.074463,0.06958,0.087891
2017-02-23T12:20:00Z,223.59375,221.48438,216.5625,222.53906,217.96875,221.83594,224.64844,226.40625,223.59375,223.59375,223.59375,224.64844,18.98438,14.58984,18.16406,18.63281,19.33594,20.15625,21.62109,22.32422,22.79297,23.61328,25.01953,25.25391,25.3125,0.150146,0.137939,0.092773,0.108643,0.126953,0.114746,0.085449,0.114746,0.096436,0.089111,0.078125
2017-02-23T12:30:00Z,221.83594,225.70313,223.59375,222.1875,228.51563,223.59375,220.78125,222.89063,225.35156,225.35156,228.16406,229.92188,18.39844,14.70703,19.10156,19.6875,19.86328,20.68359,21.5625,22.44141,23.55469,24.14063,25.01953,25.37109,24.66797,0.093994,0.078125,0.095215,0.111084,0.096436,0.125732,0.101318,0.093994,0.095215,0.092773,0.096436
2017-02-23T12:40:00Z,222.89063,224.29688,221.83594,225.35156,221.83594,222.53906,222.53906,225.70313,229.92188,228.51563,228.16406,229.21875,18.51563,14.88281,18.28125,19.6875,19.62891,20.85938,21.97266,22.14844,23.32031,23.84766,23.73047,24.19922,25.66406,0.095215,0.118408,0.113525,0.106201,0.080566,0.083008,0.106201,0.092773,0.106201,0.098877,0.081787
2017-02-23T12:50:00Z,224.64844,222.89063,229.57031,218.67188,232.73438,226.40625,226.75781,225.0,227.46094,227.10938,232.38281,233.78906,18.92578,14.70703,18.57422,20.09766,19.57031,20.44922,21.15234,22.91016,23.90625,24.43359,24.90234,25.42969,25.78125,0.115967,0.108643,0.101318,0.096436,0.118408,0.107422,0.107422,0.085449,0.085449,0.06958,0.092773
2017-02-23T13:00:00Z,226.40625,227.10938,229.92188,228.51563,233.78906,231.67969,230.625,227.8125,230.97656,228.51563,234.14063,232.73438,20.56641,15.35156,20.97656,21.62109,21.26953,22.14844,22.85156,24.72656,25.25391,25.42969,27.12891,26.83594,26.95313,0.101318,0.10498,0.126953,0.102539,0.133057,0.109863,0.095215,0.125732,0.102539,0.106201,0.080566
2017-02-23T13:10:00Z,229.57031,230.625,232.03125,229.92188,235.89844,234.84375,229.57031,231.67969,233.4375,234.49219,233.78906,234.84375,21.32813,16.17188,20.74219,21.32813,21.5625,22.32422,22.61719,23.4375,24.72656,25.25391,25.54688,26.54297,26.83594,0.147705,0.134277,0.095215,0.124512,0.10376,0.101318,0.137939,0.140381,0.097656,0.119629,0.107422
2017-02-23T13:20:00Z,232.38281,233.78906,229.57031,229.57031,232.03125,228.86719,236.60156,234.84375,230.97656,232.38281,235.54688,234.49219,22.03125,16.40625,19.98047,20.85938,21.21094,22.08984,23.32031,24.08203,24.84375,25.89844,25.78125,26.60156,26.83594,0.113525,0.098877,0.12207,0.102539,0.100098,0.150146,0.083008,0.090332,0.10376,0.084229,0.096436
2017-02-23T13:30:00Z,229.57031,229.21875,232.38281,231.67969,231.32813,230.27344,231.67969,233.08594,236.25,233.08594,232.03125,232.38281,20.91797,15.76172,20.56641,21.38672,21.15234,22.79297,23.26172,24.72656,24.90234,25.78125,25.95703,26.54297,27.1875,0.123291,0.140381,0.118408,0.146484,0.113525,0.079346,0.10376,0.079346,0.10376,0.100098,0.06958
2017-02-23T13:40:00Z,229.57031,232.03125,232.73438,230.97656,229.92188,226.75781,227.46094,231.32813,232.38281,229.57031,229.92188,225.70313,20.56641,16.40625,20.85938,22.26563,20.80078,22.38281,23.02734,24.66797,25.42969,25.89844,25.95703,26.77734,27.30469,0.101318,0.092773,0.097656,0.112305,0.107422,0.101318,0.098877,0.092773,0.106201,0.101318,0.113525
2017-02-23T13:50:00Z,228.51563,226.05469,231.67969,228.51563,232.38281,228.51563,229.57031,229.57031,229.21875,229.57031,232.38281,233.08594,22.14844,16.46484,20.91797,21.67969,21.91406,22.61719,24.25781,24.55078,25.42969,25.95703,26.71875,27.77344,27.59766,0.119629,0.144043,0.097656,0.15625,0.098877,0.111084,0.109863,0.111084,0.119629,0.101318,0.097656
2017-02-23T14:00:00Z,228.16406,228.16406,231.32813,231.32813,227.8125,230.97656,236.60156,233.78906,229.21875,233.4375,233.08594,233.78906,21.44531,16.64063,21.32813,22.14844,22.08984,23.73047,24.90234,25.07813,25.07813,26.19141,26.19141,27.24609,28.06641,0.150146,0.136719,0.10376,0.10498,0.091553,0.106201,0.113525,0.093994,0.114746,0.091553,0.10376
2017-02-23T14:10:00Z,229.92188,227.10938,226.40625,233.08594,227.10938,230.97656,233.4375,233.78906,231.32813,233.08594,231.32813,229.92188,22.26563,17.05078,21.62109,22.96875,22.96875,24.19922,25.07813,25.83984,26.83594,26.25,26.19141,26.89453,28.82813,0.112305,0.131836,0.126953,0.107422,0.114746,0.113525,0.096436,0.12207,0.119629,0.112305,0.085449
2017-02-23T14:20:00Z,230.27344,232.03125,229.92188,235.19531,229.57031,234.49219,234.14063,234.84375,229.57031,233.08594,236.60156,235.54688,23.37891,17.87109,23.26172,23.61328,23.84766,25.01953,25.48828,26.07422,27.42188,27.30469,27.77344,28.65234,28.35938,0.164795,0.134277,0.146484,0.144043,0.146484,0.153809,0.108643,0.107422,0.107422,0.095215,0.10376
2017-02-23T14:30:00Z,233.4375,239.41406,236.25,237.30469,237.65625,234.84375,233.08594,235.54688,237.65625,241.52344,239.0625,234.49219,24.375,17.92969,22.26563,23.20313,23.84766,23.67188,25.89844,26.83594,27.42188,27.48047,27.24609,28.53516,28.30078,0.142822,0.12207,0.130615,0.131836,0.123291,0.100098,0.084229,0.111084,0.10376,0.093994,0.106201
2017-02-23T14:40:00Z,236.60156,232.73438,234.84375,237.65625,238.71094,240.46875,243.98438,238.35938,237.65625,238.71094,241.52344,240.46875,24.90234,17.63672,23.08594,23.32031,23.4375,24.375,25.48828,26.42578,26.48438,26.71875,26.66016,28.41797,28.59375,0.150146,0.141602,0.130615,0.107422,0.118408,0.126953,0.098877,0.126953,0.101318,0.115967,0.108643
2017-02-23T14:50:00Z,240.11719,243.63281,244.6875,247.14844,243.28125,242.57813,239.76563,243.28125,243.28125,248.20313,243.98438,241.17188,24.66797,17.57813,21.79688,23.02734,22.5,24.14063,25.42969,25.54688,26.25,27.65625,27.65625,27.42188,27.59766,0.167236,0.123291,0.140381,0.128174,0.131836,0.123291,0.119629,0.141602,0.111084,0.124512,0.100098
2017-02-23T15:00:00Z,242.22656,245.39063,238.00781,246.79688,237.30469,240.46875,242.57813,242.22656,240.11719,242.92969,238.35938,241.875,25.07813,17.98828,22.03125,23.20313,23.32031,24.49219,25.60547,25.54688,25.60547,26.07422,26.89453,26.95313,26.95313,0.134277,0.109863,0.109863,0.133057,0.095215,0.10376,0.124512,0.08667,0.107422,0.10376,0.097656
2017-02-23T15:10:00Z,239.41406,241.52344,242.22656,243.28125,239.76563,243.28125,244.33594,245.39063,245.03906,242.92969,238.35938,242.57813,24.66797,17.46094,21.73828,22.96875,22.61719,23.90625,24.90234,25.83984,26.83594,26.83594,27.12891,27.1875,28.59375,0.141602,0.148926,0.152588,0.137939,0.12207,0.090332,0.135498,0.115967,0.091553,0.092773,0.126953
2017-02-23T15:20:00Z,242.22656,247.14844,251.01563,244.6875,249.60938,248.90625,247.14844,251.71875,246.09375,247.14844,246.09375,243.98438,22.5,16.28906,22.44141,22.91016,22.38281,23.90625,24.60938,25.37109,26.25,25.89844,27.53906,27.42188,27.36328,0.181885,0.159912,0.228271,0.166016,0.146484,0.145264,0.126953,0.150146,0.163574,0.141602,0.141602
2017-02-23T15:30:00Z,252.42188,256.28906,252.42188,253.125,250.66406,253.125,255.23438,255.9375,253.125,253.82813,255.23438,252.77344,25.42969,18.63281,22.08984,22.79297,23.02734,24.43359,25.83984,26.13281,26.66016,26.71875,28.18359,28.47656,28.00781,0.144043,0.152588,0.133057,0.158691,0.125732,0.136719,0.102539,0.087891,0.113525,0.124512,0.123291
2017-02-23T15:40:00Z,254.53125,254.88281,252.77344,252.07031,247.5,252.07031,251.71875,254.53125,255.23438,254.17969,254.53125,249.25781,26.54297,17.57813,25.19531,24.96094,26.54297,27.1875,29.23828,29.23828,29.17969,29.58984,29.29688,29.29688,29.17969,0.158691,0.240479,0.153809,0.136719,0.128174,0.172119,0.111084,0.129395,0.137939,0.148926,0.142822
2017-02-23T15:50:00Z,251.71875,249.60938,250.3125,248.55469,244.6875,247.14844,251.36719,252.77344,249.60938,248.55469,248.20313,252.07031,27.83203,18.92578,23.26172,24.08203,23.90625,24.78516,24.49219,25.95703,26.36719,26.25,26.66016,27.42188,27.71484,0.148926,0.167236,0.146484,0.134277,0.134277,0.140381,0.137939,0.144043,0.130615,0.12085,0.106201
2017-02-23T16:00:00Z,249.25781,253.82813,250.66406,251.01563,249.60938,249.96094,254.53125,251.71875,248.90625,249.96094,248.55469,255.58594,26.89453,18.69141,24.43359,24.90234,24.43359,25.95703,27.01172,26.77734,26.77734,27.94922,28.94531,29.70703,29.64844,0.150146,0.119629,0.148926,0.157471,0.144043,0.135498,0.131836,0.108643,0.15625,0.10498,0.106201
2017-02-23T16:10:00Z,250.3125,249.60938,253.82813,252.07031,247.85156,249.60938,248.55469,254.88281,254.17969,250.3125,248.90625,249.25781,24.14063,17.40234,23.90625,24.375,23.96484,25.13672,25.89844,27.07031,27.01172,27.24609,28.41797,28.71094,30.17578,0.118408,0.129395,0.164795,0.12207,0.126953,0.118408,0.137939,0.115967,0.109863,0.124512,0.117188
2017-02-23T16:50:00Z,252.42188,261.21094,259.10156,265.42969,258.75,259.45313,255.23438,261.21094,270.70313,264.375,250.66406,262.61719,24.14063,17.98828,23.4375,24.19922,24.08203,25.42969,25.95703,27.48047,27.48047,27.12891,28.06641,28.88672,29.94141,0.135498,0.147705,0.137939,0.109863,0.144043,0.108643,0.133057,0.130615,0.131836,0.140381,0.093994
2017-02-23T17:00:00Z,259.80469,265.07813,263.32031,263.67188,262.61719,260.15625,267.1875,268.24219,260.50781,266.48438,262.26563,272.10938,24.90234,18.57422,24.02344,25.07813,25.07813,25.95703,27.24609,27.59766,27.53906,29.00391,29.70703,30.46875,29.76563,0.15625,0.115967,0.164795,0.158691,0.172119,0.150146,0.141602,0.148926,0.093994,0.100098,0.092773
2017-02-23T17:10:00Z,263.67188,268.24219,265.78125,267.1875,267.53906,264.72656,270.70313,264.375,264.72656,268.24219,272.46094,270.70313,26.30859,18.22266,22.44141,23.67188,22.5,24.49219,24.96094,25.25391,26.13281,25.72266,25.78125,27.07031,27.53906,0.146484,0.150146,0.17334,0.155029,0.152588,0.144043,0.109863,0.151367,0.22583,0.134277,0.129395
2017-02-23T17:20:00Z,261.21094,262.61719,260.15625,260.15625,257.69531,259.80469,260.15625,258.04688,258.75,255.58594,261.5625,269.29688,21.73828,16.46484,21.32813,21.62109,22.79297,22.20703,23.78906,24.72656,24.96094,24.78516,25.66406,26.60156,27.42188,0.126953,0.167236,0.166016,0.168457,0.144043,0.135498,0.146484,0.183105,0.12207,0.137939,0.137939
2017-02-23T17:30:00Z,260.50781,274.21875,270.70313,265.78125,268.24219,261.5625,265.78125,266.83594,265.42969,262.26563,266.83594,264.02344,23.20313,17.05078,23.49609,24.02344,24.14063,26.01563,26.71875,27.12891,26.60156,27.48047,28.06641,28.71094,29.41406,0.153809,0.15625,0.159912,0.159912,0.115967,0.115967,0.146484,0.125732,0.124512,0.119629,0.107422
2017-02-23T17:40:00Z,264.375,268.59375,262.61719,265.07813,258.75,262.26563,265.07813,265.07813,264.72656,266.83594,261.91406,264.72656,24.96094,18.04688,22.96875,23.73047,23.37891,25.25391,25.3125,26.89453,26.66016,27.1875,26.95313,27.42188,27.71484,0.137939,0.167236,0.114746,0.147705,0.129395,0.112305,0.135498,0.10498,0.107422,0.163574,0.145264
2017-02-23T17:50:00Z,261.21094,267.89063,264.72656,264.02344,266.83594,265.78125,267.1875,264.375,271.05469,269.29688,269.29688,274.21875,26.25,18.22266,24.19922,25.01953,23.37891,25.60547,25.07813,25.72266,26.07422,27.94922,27.83203,28.18359,29.94141,0.118408,0.145264,0.15625,0.164795,0.144043,0.142822,0.12085,0.101318,0.111084,0.131836,0.131836
2017-02-23T18:00:00Z,265.78125,272.46094,265.42969,275.97656,271.05469,272.10938,271.05469,269.29688,267.1875,268.59375,271.75781,268.59375,25.19531,18.10547,23.37891,23.96484,24.72656,24.66797,26.01563,26.01563,25.66406,25.60547,27.12891,28.30078,28.59375,0.128174,0.124512,0.17334,0.161133,0.152588,0.115967,0.123291,0.150146,0.123291,0.092773,0.113525
2017-02-23T18:10:00Z,267.89063,273.86719,266.48438,266.83594,270.0,267.53906,259.80469,267.53906,274.57031,268.59375,272.46094,271.05469,23.67188,17.51953,22.67578,23.55469,22.67578,24.60938,24.72656,25.66406,25.95703,26.01563,25.72266,26.25,28.18359,0.135498,0.115967,0.177002,0.117188,0.170898,0.159912,0.114746,0.145264,0.17334,0.155029,0.115967
2017-02-23T18:20:00Z,263.67188,262.26563,263.32031,264.72656,261.91406,261.91406,266.48438,268.59375,265.07813,266.13281,266.13281,266.13281,25.48828,17.16797,21.09375,21.32813,21.44531,21.50391,23.20313,23.49609,23.67188,24.55078,25.25391,25.78125,25.72266,0.13916,0.100098,0.12207,0.134277,0.134277,0.126953,0.147705,0.106201,0.096436,0.112305,0.119629
2017-02-23T18:30:00Z,262.61719,266.83594,274.92188,265.07813,274.92188,273.51563,262.96875,264.375,265.78125,265.78125,271.40625,273.86719,21.03516,15.76172,23.02734,23.20313,23.08594,23.14453,23.55469,25.19531,26.07422,26.42578,26.71875,26.77734,26.25,0.169678,0.181885,0.172119,0.194092,0.157471,0.15625,0.158691,0.131836,0.118408,0.136719,0.129395
2017-02-23T18:40:00Z,268.24219,267.1875,276.32813,274.57031,271.40625,272.46094,271.05469,269.29688,270.35156,271.05469,278.4375,265.07813,23.4375,17.87109,23.90625,24.60938,24.60938,25.07813,25.89844,25.72266,25.83984,25.66406,25.89844,26.36719,27.71484,0.146484,0.140381,0.133057,0.161133,0.137939,0.108643,0.113525,0.113525,0.137939,0.126953,0.129395
2017-02-23T18:50:00Z,268.59375,274.92188,271.75781,275.97656,274.21875,272.46094,270.35156,272.8125,265.78125,267.89063,270.0,270.35156,23.61328,17.05078,21.32813,21.85547,22.79297,22.91016,23.90625,24.60938,25.42969,25.19531,25.48828,25.72266,25.42969,0.145264,0.131836,0.123291,0.136719,0.147705,0.145264,0.148926,0.125732,0.119629,0.129395,0.123291
2017-02-23T19:00:00Z,265.07813,267.89063,272.8125,268.94531,266.83594,267.1875,276.67969,266.13281,273.51563,277.38281,273.16406,271.40625,22.5,16.34766,22.44141,22.08984,23.08594,22.96875,24.02344,24.90234,25.83984,25.07813,25.25391,25.89844,27.01172,0.158691,0.167236,0.163574,0.136719,0.162354,0.158691,0.128174,0.125732,0.152588,0.131836,0.12207
2017-02-23T19:10:00Z,265.42969,275.27344,267.89063,266.48438,269.29688,270.70313,271.40625,270.70313,270.70313,266.83594,273.51563,269.29688,24.72656,17.87109,22.32422,23.14453,23.73047,24.96094,26.66016,26.83594,25.89844,26.36719,27.24609,27.77344,27.65625,0.164795,0.181885,0.113525,0.184326,0.146484,0.131836,0.108643,0.102539,0.135498,0.146484,0.119629
2017-02-23T19:20:00Z,268.59375,268.94531,272.10938,269.29688,271.75781,267.1875,268.59375,268.94531,260.50781,271.05469,277.03125,273.86719,24.84375,17.69531,21.85547,22.79297,22.91016,24.08203,24.96094,25.37109,25.95703,26.66016,27.36328,27.24609,27.1875,0.12207,0.140381,0.13916,0.157471,0.134277,0.134277,0.119629,0.150146,0.125732,0.118408,0.109863
2017-02-23T19:30:00Z,268.94531,276.67969,261.21094,274.92188,275.27344,274.21875,274.92188,278.08594,282.30469,275.27344,279.14063,278.4375,23.78906,17.92969,24.375,25.37109,25.19531,26.36719,27.36328,27.48047,27.36328,28.18359,28.18359,28.125,28.65234,0.147705,0.181885,0.109863,0.168457,0.148926,0.167236,0.107422,0.124512,0.129395,0.12207,0.134277
2017-02-23T19:40:00Z,272.10938,267.89063,277.03125,273.86719,271.05469,276.32813,270.35156,270.70313,265.42969,277.03125,275.97656,282.30469,27.01172,19.33594,25.72266,27.01172,25.66406,27.48047,27.71484,29.76563,29.0625,28.30078,29.35547,29.76563,30.17578,0.137939,0.175781,0.169678,0.163574,0.142822,0.129395,0.102539,0.111084,0.101318,0.10498,0.13916
2017-02-23T19:50:00Z,272.10938,275.27344,283.00781,277.03125,273.86719,267.1875,276.67969,269.29688,275.625,279.14063,280.19531,284.0625,26.89453,19.27734,24.14063,24.90234,24.96094,26.01563,26.89453,28.125,27.83203,27.01172,27.83203,28.30078,28.71094,0.145264,0.135498,0.12207,0.159912,0.12207,0.093994,0.093994,0.141602,0.126953,0.10498,0.109863
2017-02-23T20:00:00Z,276.67969,281.95313,281.25,283.00781,278.4375,291.09375,297.42188,290.74219,284.41406,283.35938,291.09375,286.17188,25.13672,18.57422,23.20313,23.55469,24.31641,25.01953,26.77734,27.12891,26.77734,26.77734,28.00781,27.36328,27.48047,0.15625,0.113525,0.137939,0.142822,0.12207,0.13916,0.08667,0.12085,0.131836,0.123291,0.092773
2017-02-23T20:10:00Z,283.35938,288.98438,279.14063,293.90625,285.46875,290.39063,284.76563,296.01563,298.47656,293.20313,290.74219,298.47656,23.26172,17.28516,22.32422,23.32031,24.02344,23.4375,24.55078,26.13281,25.48828,24.19922,25.66406,26.01563,27.30469,0.162354,0.155029,0.144043,0.125732,0.141602,0.136719,0.112305,0.157471,0.113525,0.128174,0.113525
2017-02-23T20:20:00Z,289.6875,285.82031,292.5,298.82813,300.9375,298.82813,303.04688,303.39844,295.3125,297.07031,297.42188,305.85938,22.96875,17.16797,22.73438,22.85156,22.38281,23.4375,24.14063,23.73047,25.13672,25.42969,25.78125,26.83594,27.30469,0.158691,0.142822,0.151367,0.128174,0.141602,0.128174,0.117188,0.12207,0.107422,0.091553,0.095215
2017-02-23T20:30:00Z,296.36719,315.35156,305.85938,288.63281,315.35156,297.42188,303.75,300.23438,292.5,307.26563,327.30469,314.29688,23.78906,17.05078,22.61719,23.08594,22.85156,23.96484,24.78516,25.19531,25.83984,25.89844,26.42578,26.66016,27.07031,0.125732,0.152588,0.109863,0.147705,0.12207,0.125732,0.113525,0.101318,0.124512,0.124512,0.126953
2017-02-23T20:40:00Z,303.75,310.42969,303.75,299.53125,317.10938,310.07813,299.88281,308.67188,306.91406,307.61719,310.78125,312.53906,23.20313,16.93359,21.67969,22.26563,23.20313,23.67188,25.07813,24.84375,24.78516,24.96094,25.07813,26.48438,26.13281,0.148926,0.166016,0.124512,0.136719,0.147705,0.166016,0.136719,0.125732,0.135498,0.128174,0.142822
2017-02-23T20:50:00Z,305.15625,324.84375,302.34375,310.42969,320.625,310.42969,296.36719,309.02344,298.47656,315.0,312.53906,320.625,25.3125,17.40234,23.02734,23.96484,23.73047,25.01953,24.31641,24.96094,25.37109,25.13672,26.60156,26.30859,27.01172,0.145264,0.148926,0.145264,0.141602,0.152588,0.137939,0.130615,0.125732,0.136719,0.137939,0.10376
2017-02-23T21:00:00Z,311.48438,312.53906,316.05469,323.78906,318.51563,319.92188,318.51563,321.32813,306.5625,310.42969,313.94531,315.0,22.91016,17.51953,23.78906,23.96484,23.96484,24.66797,24.60938,24.84375,25.66406,26.77734,26.77734,26.66016,27.12891,0.152588,0.152588,0.136719,0.145264,0.148926,0.137939,0.134277,0.124512,0.12085,0.130615,0.111084
2017-02-23T21:10:00Z,316.05469,318.16406,324.14063,310.78125,330.11719,326.95313,318.86719,326.60156,324.14063,307.96875,332.92969,318.51563,24.375,17.46094,22.96875,22.67578,23.08594,24.14063,24.55078,25.13672,25.78125,26.19141,26.13281,26.36719,26.83594,0.141602,0.181885,0.142822,0.175781,0.155029,0.146484,0.162354,0.134277,0.112305,0.151367,0.148926
2017-02-23T21:20:00Z,320.27344,323.78906,324.14063,323.08594,324.14063,325.89844,332.92969,311.48438,330.11719,331.875,323.78906,317.10938,24.14063,17.16797,23.08594,23.32031,24.02344,24.19922,25.54688,25.13672,25.42969,25.89844,25.78125,26.66016,26.77734,0.137939,0.130615,0.17334,0.153809,0.123291,0.153809,0.117188,0.108643,0.115967,0.12085,0.12207
2017-02-23T21:30:00Z,321.32813,324.14063,316.40625,302.34375,329.41406,323.08594,314.64844,317.46094,325.19531,327.65625,326.60156,322.03125,21.91406,17.22656,23.08594,22.61719,23.78906,24.25781,25.19531,25.54688,25.42969,25.89844,26.54297,25.42969,25.07813,0.125732,0.119629,0.153809,0.119629,0.13916,0.135498,0.131836,0.15625,0.118408,0.107422,0.153809
2017-02-23T21:40:00Z,318.86719,316.40625,307.61719,320.97656,321.32813,324.14063,326.25,318.86719,326.60156,335.39063,319.21875,306.21094,24.78516,17.57813,23.78906,23.4375,24.19922,24.375,24.72656,25.25391,25.83984,26.42578,26.36719,25.83984,26.19141,0.12207,0.10376,0.113525,0.124512,0.155029,0.111084,0.098877,0.109863,0.130615,0.129395,0.128174
2017-02-23T21:50:00Z,318.86719,325.54688,322.03125,323.78906,324.49219,323.4375,320.27344,326.95313,324.49219,322.03125,319.92188,321.32813,22.91016,16.58203,20.09766,20.15625,21.21094,20.97656,22.08984,22.55859,23.02734,22.73438,22.44141,24.375,24.49219,0.13916,0.158691,0.117188,0.166016,0.150146,0.101318,0.135498,0.129395,0.129395,0.112305,0.161133
2017-02-23T22:00:00Z,319.57031,326.60156,330.11719,317.46094,325.19531,324.84375,322.03125,327.65625,326.25,328.00781,325.19531,331.875,21.21094,16.11328,20.15625,21.67969,21.21094,21.79688,21.79688,21.79688,22.44141,23.02734,23.20313,23.61328,23.73047,0.184326,0.153809,0.145264,0.161133,0.148926,0.131836,0.142822,0.147705,0.134277,0.124512,0.100098
2017-02-23T22:10:00Z,318.86719,325.54688,325.89844,324.49219,320.97656,324.49219,323.08594,328.71094,325.89844,327.65625,325.54688,326.60156,20.44922,15.29297,20.09766,20.85938,20.39063,21.62109,21.79688,21.73828,21.67969,21.5625,22.26563,22.96875,22.38281,0.172119,0.166016,0.113525,0.175781,0.145264,0.133057,0.144043,0.134277,0.131836,0.112305,0.148926
2017-02-23T22:20:00Z,321.32813,324.14063,326.25,323.78906,323.08594,322.73438,323.78906,324.84375,325.54688,325.54688,326.25,335.03906,20.09766,14.94141,17.87109,18.22266,18.69141,18.04688,18.57422,19.04297,18.98438,19.80469,20.39063,20.09766,19.74609,0.151367,0.15625,0.172119,0.141602,0.123291,0.158691,0.137939,0.146484,0.128174,0.118408,0.13916
2017-02-23T22:30:00Z,319.21875,325.89844,326.95313,325.19531,329.0625,325.54688,324.84375,328.71094,326.95313,325.89844,325.54688,318.86719,18.92578,13.47656,16.64063,17.98828,16.875,18.39844,18.22266,18.45703,19.10156,18.63281,18.51563,19.16016,19.80469,0.155029,0.151367,0.164795,0.135498,0.12085,0.13916,0.13916,0.151367,0.131836,0.151367,0.125732
2017-02-23T22:40:00Z,319.21875,320.27344,321.32813,322.73438,323.08594,323.78906,320.27344,322.38281,320.625,322.38281,320.97656,324.49219,17.28516,13.24219,15.46875,16.81641,15.52734,16.28906,16.05469,16.05469,17.46094,17.69531,17.98828,17.87109,17.57813,0.117188,0.137939,0.15625,0.169678,0.117188,0.175781,0.135498,0.115967,0.136719,0.133057,0.111084
2017-02-23T22:50:00Z,316.05469,315.70313,315.70313,317.46094,315.0,316.40625,317.46094,318.16406,316.05469,315.70313,316.75781,315.35156,16.875,12.59766,15.0,15.9375,15.41016,16.81641,17.10938,17.69531,17.22656,16.875,17.22656,17.51953,17.8125,0.115967,0.126953,0.12085,0.131836,0.140381,0.134277,0.117188,0.148926,0.125732,0.112305,0.136719
2017-02-23T23:00:00Z,312.53906,313.24219,315.0,311.13281,308.32031,313.59375,317.46094,316.40625,313.94531,311.83594,315.70313,314.29688,15.35156,11.95313,15.11719,15.23438,15.23438,15.70313,16.75781,16.99219,16.875,16.64063,17.16797,17.46094,17.46094,0.205078,0.17334,0.168457,0.178223,0.158691,0.136719,0.13916,0.159912,0.128174,0.137939,0.13916
2017-02-23T23:10:00Z,309.72656,315.0,315.0,316.75781,311.48438,312.89063,310.42969,311.48438,310.07813,309.375,310.78125,311.83594,16.93359,12.07031,15.05859,14.88281,15.46875,15.58594,16.69922,16.69922,16.875,17.10938,16.93359,17.22656,17.57813,0.19165,0.179443,0.180664,0.153809,0.126953,0.158691,0.125732,0.129395,0.114746,0.119629,0.112305
2017-02-23T23:20:00Z,311.48438,306.91406,307.61719,311.13281,307.26563,310.42969,311.83594,311.83594,311.83594,312.53906,312.89063,313.24219,18.80859,13.47656,13.76953,14.29688,14.00391,15.29297,15.29297,15.70313,15.41016,15.64453,15.87891,16.17188,16.34766,0.161133,0.131836,0.113525,0.117188,0.146484,0.12085,0.101318,0.137939,0.128174,0.115967,0.13916
2017-02-23T23:30:00Z,310.78125,316.05469,312.53906,315.0,315.35156,315.70313,313.94531,314.64844,311.13281,317.10938,317.10938,316.40625,14.35547,11.13281,13.71094,14.47266,14.41406,14.23828,14.94141,15.58594,15.82031,15.46875,15.9375,15.99609,16.52344,0.12085,0.140381,0.142822,0.13916,0.151367,0.153809,0.119629,0.131836,0.140381,0.128174,0.124512
2017-02-23T23:40:00Z,312.89063,314.64844,322.03125,310.78125,319.21875,313.94531,313.24219,312.89063,320.97656,313.94531,318.51563,310.78125,15.05859,11.13281,15.0,15.17578,15.17578,15.76172,15.9375,16.23047,16.875,16.875,16.52344,16.81641,17.40234,0.151367,0.140381,0.164795,0.111084,0.102539,0.098877,0.114746,0.124512,0.144043,0.106201,0.108643
2017-02-23T23:50:00Z,322.03125,323.78906,322.03125,320.27344,321.32813,321.32813,315.0,322.38281,321.67969,320.625,315.70313,317.8125,17.10938,12.12891,14.23828,14.53125,15.0,14.88281,15.17578,15.52734,16.34766,16.23047,15.76172,16.11328,16.58203,0.19043,0.179443,0.178223,0.180664,0.161133,0.13916,0.177002,0.13916,0.12207,0.124512,0.113525