LOCATION: 
SYSTEM SERIAL: HKZA
TIMESTAMP (ISO-8601) UTC,WindDir004m deg,WindDir030m deg,WindDir040m deg,WindDir040m_ref deg,WindDir060m deg,WindDir080m deg,WindDir100m deg,WindDir120m deg,WindDir140m deg,WindDir160m deg,WindDir180m deg,WindDir200m deg,WindGust004m m/s,WindSpeed004m m/s,WindSpeed030mh m/s,WindSpeed040mh m/s,WindSpeed040m_refh m/s,WindSpeed060mh m/s,WindSpeed080mh m/s,WindSpeed100mh m/s,WindSpeed120mh m/s,WindSpeed140mh m/s,WindSpeed160mh m/s,WindSpeed180mh m/s,WindSpeed200mh m/s,TI 030m,TI 040m,TI 040m ref,TI 060m,TI 080m,TI 100m,TI 120m,TI 140m,TI 160m,TI 180m,TI 200m
2017-08-16T00:00:00Z,221.13281,218.32031,215.15625,215.15625,206.71875,203.90625,197.92969,198.98438,198.28125,197.57813,193.71094,216.5625,2.75391,2.22656,2.28516,2.28516,2.40234,2.22656,2.05078,1.81641,1.46484,1.11328,0.87891,0.82031,0.82031,0.106201,0.128174,0.134277,0.112305,0.109863,0.145264,0.150146,0.213623,0.222168,0.169678,0.159912
2017-08-16T00:10:00Z,215.85938,213.39844,212.69531,211.28906,207.42188,202.5,193.00781,193.00781,191.95313,198.28125,209.53125,209.88281,2.63672,2.16797,2.40234,2.46094,2.40234,2.34375,2.10938,1.81641,1.64063,1.23047,0.9375,0.82031,0.82031,0.123291,0.145264,0.13916,0.12085,0.142822,0.153809,0.219727,0.283203,0.289307,0.183105,0.180664
2017-08-16T00:20:00Z,209.88281,207.07031,204.96094,204.96094,199.6875,194.76563,193.35938,197.22656,192.30469,196.17188,195.82031,205.66406,3.04688,2.51953,2.8125,2.92969,2.87109,2.98828,3.16406,2.92969,2.57813,2.10938,1.75781,1.52344,1.23047,0.102539,0.123291,0.100098,0.117188,0.152588,0.216064,0.222168,0.266113,0.175781,0.229492,0.24292
2017-08-16T00:30:00Z,201.44531,203.55469,202.14844,201.44531,199.6875,199.6875,197.22656,196.17188,194.41406,189.14063,192.30469,190.89844,3.92578,3.04688,3.33984,3.33984,3.28125,3.39844,3.45703,3.39844,3.28125,2.46094,1.99219,1.69922,1.46484,0.102539,0.089111,0.068359,0.091553,0.085449,0.075684,0.084229,0.179443,0.172119,0.158691,0.162354
2017-08-16T00:40:00Z,201.44531,203.90625,202.5,203.55469,198.98438,198.28125,197.22656,198.28125,198.28125,197.92969,184.92188,185.625,3.80859,3.16406,3.63281,3.57422,3.69141,3.57422,3.69141,3.63281,3.51563,3.10547,2.92969,2.34375,2.40234,0.087891,0.131836,0.093994,0.10498,0.092773,0.12085,0.128174,0.220947,0.296631,0.505371,0.505371
2017-08-16T00:50:00Z,197.22656,196.52344,195.82031,196.875,193.35938,193.71094,193.35938,193.00781,194.41406,191.95313,179.29688,155.39063,3.98438,3.33984,3.45703,3.45703,3.39844,3.45703,3.51563,3.57422,3.51563,3.45703,2.87109,1.93359,1.46484,0.074463,0.073242,0.073242,0.092773,0.072021,0.155029,0.079346,0.068359,0.240479,0.291748,0.244141
2017-08-16T01:00:00Z,192.30469,193.35938,194.41406,194.0625,192.65625,191.60156,191.25,191.25,177.89063,171.21094,171.21094,163.47656,3.86719,3.28125,3.63281,3.57422,3.69141,3.57422,3.63281,3.39844,3.33984,2.63672,2.16797,1.93359,1.81641,0.072021,0.074463,0.093994,0.079346,0.064697,0.081787,0.112305,0.211182,0.201416,0.177002,0.288086
2017-08-16T01:10:00Z,190.19531,192.65625,190.89844,191.25,189.49219,187.73438,182.8125,173.67188,182.10938,174.375,170.50781,170.15625,4.04297,3.28125,3.63281,3.69141,3.69141,3.63281,3.69141,3.39844,3.28125,2.8125,2.51953,2.28516,2.57813,0.078125,0.072021,0.070801,0.070801,0.059814,0.096436,0.356445,0.303955,0.100098,0.079346,0.594482
2017-08-16T01:20:00Z,189.84375,194.76563,195.11719,196.17188,192.30469,189.84375,185.27344,183.16406,174.375,175.78125,173.67188,174.02344,4.10156,3.45703,3.69141,3.63281,3.69141,3.75,3.69141,3.63281,3.04688,2.57813,2.46094,2.34375,2.16797,0.085449,0.085449,0.081787,0.123291,0.06958,0.090332,0.117188,0.08667,0.131836,0.095215,0.168457
2017-08-16T01:30:00Z,195.82031,195.82031,195.11719,195.82031,194.76563,191.25,189.84375,185.27344,180.0,180.35156,177.89063,178.59375,4.04297,3.28125,3.51563,3.57422,3.57422,3.57422,3.75,3.57422,3.10547,2.8125,2.57813,2.34375,2.16797,0.061035,0.064697,0.095215,0.073242,0.070801,0.081787,0.109863,0.095215,0.093994,0.096436,0.125732
2017-08-16T01:40:00Z,191.25,193.00781,193.71094,193.00781,190.19531,187.38281,183.16406,179.64844,178.94531,178.59375,176.13281,177.1875,3.92578,3.33984,3.45703,3.57422,3.57422,3.69141,3.86719,3.57422,3.33984,3.10547,2.98828,2.69531,2.51953,0.093994,0.074463,0.083008,0.074463,0.070801,0.079346,0.079346,0.072021,0.102539,0.08667,0.096436
2017-08-16T01:50:00Z,193.00781,195.82031,194.76563,192.30469,195.82031,191.25,190.19531,185.97656,185.27344,185.97656,185.27344,183.86719,4.16016,3.22266,3.69141,3.63281,3.63281,3.75,3.86719,3.98438,3.75,3.63281,3.33984,3.10547,2.98828,0.10498,0.091553,0.098877,0.109863,0.061035,0.075684,0.08667,0.072021,0.068359,0.074463,0.093994
2017-08-16T02:00:00Z,188.08594,189.49219,189.14063,189.49219,188.78906,188.08594,186.32813,178.94531,178.94531,177.53906,177.89063,176.48438,4.57031,3.57422,4.04297,4.10156,4.10156,4.21875,4.21875,4.27734,4.10156,3.98438,3.75,3.39844,3.16406,0.080566,0.064697,0.083008,0.070801,0.064697,0.067139,0.072021,0.06958,0.067139,0.074463,0.075684
2017-08-16T02:10:00Z,187.38281,190.89844,189.49219,190.89844,190.89844,188.78906,188.08594,187.03125,183.16406,182.46094,179.29688,178.24219,4.45313,3.57422,4.27734,4.39453,4.39453,4.51172,4.57031,4.62891,4.62891,4.45313,4.27734,4.04297,3.63281,0.096436,0.10376,0.080566,0.084229,0.085449,0.078125,0.083008,0.089111,0.111084,0.135498,0.163574
2017-08-16T02:20:00Z,188.4375,190.54688,190.19531,191.25,190.54688,191.25,191.25,189.49219,188.78906,189.84375,187.38281,184.92188,4.98047,4.27734,4.51172,4.51172,4.6875,4.62891,4.62891,4.62891,4.62891,4.6875,4.57031,4.51172,4.16016,0.073242,0.070801,0.067139,0.074463,0.070801,0.072021,0.062256,0.053711,0.058594,0.091553,0.101318
2017-08-16T02:30:00Z,187.03125,192.30469,191.95313,193.35938,193.35938,194.76563,192.30469,192.65625,193.35938,191.60156,191.25,188.78906,5.27344,4.39453,4.86328,4.92188,4.92188,4.98047,4.86328,4.92188,4.92188,4.92188,4.80469,4.74609,4.57031,0.080566,0.081787,0.074463,0.092773,0.068359,0.068359,0.089111,0.08667,0.089111,0.062256,0.12207
2017-08-16T02:40:00Z,190.89844,194.0625,193.35938,195.82031,193.35938,194.0625,194.41406,194.41406,193.35938,193.71094,193.00781,194.0625,5.44922,4.51172,5.03906,5.15625,5.21484,5.27344,5.27344,5.15625,5.09766,5.09766,5.09766,5.15625,5.03906,0.054932,0.065918,0.083008,0.078125,0.054932,0.074463,0.064697,0.063477,0.080566,0.087891,0.085449
2017-08-16T02:50:00Z,190.19531,191.60156,191.60156,191.25,190.54688,191.25,192.65625,192.30469,193.00781,193.71094,192.65625,190.89844,5.68359,4.51172,5.21484,5.27344,5.33203,5.15625,5.15625,5.15625,5.21484,5.09766,5.03906,4.92188,4.98047,0.108643,0.085449,0.076904,0.083008,0.092773,0.087891,0.090332,0.095215,0.113525,0.097656,0.078125
2017-08-16T03:00:00Z,186.32813,190.89844,190.19531,190.19531,191.60156,191.95313,192.30469,192.30469,191.95313,191.95313,192.30469,191.95313,5.44922,4.51172,5.15625,5.27344,5.21484,5.15625,5.21484,5.27344,5.27344,5.21484,5.27344,5.15625,5.15625,0.097656,0.101318,0.10376,0.067139,0.067139,0.100098,0.061035,0.08667,0.084229,0.072021,0.092773
2017-08-16T03:10:00Z,186.67969,190.54688,191.25,191.60156,189.49219,189.14063,189.84375,188.4375,190.19531,188.78906,189.84375,190.89844,5.74219,4.62891,5.50781,5.33203,5.27344,5.39063,5.21484,5.21484,5.39063,5.44922,5.27344,5.44922,5.21484,0.134277,0.089111,0.129395,0.10498,0.096436,0.098877,0.093994,0.083008,0.089111,0.091553,0.064697
2017-08-16T03:20:00Z,186.67969,187.38281,185.625,187.73438,184.92188,186.67969,188.78906,185.97656,186.67969,187.73438,187.38281,187.03125,5.91797,4.80469,5.68359,5.625,5.85938,5.68359,5.74219,5.80078,5.625,5.44922,5.56641,5.39063,5.56641,0.144043,0.125732,0.113525,0.089111,0.084229,0.124512,0.106201,0.146484,0.093994,0.12085,0.108643
2017-08-16T03:30:00Z,183.86719,190.19531,191.60156,188.4375,191.60156,191.60156,196.17188,193.00781,186.67969,190.54688,191.60156,190.19531,6.15234,5.09766,5.50781,5.68359,5.74219,5.39063,5.50781,5.39063,5.625,5.74219,5.56641,5.44922,5.625,0.108643,0.102539,0.10498,0.113525,0.100098,0.155029,0.118408,0.172119,0.111084,0.118408,0.096436
2017-08-16T03:40:00Z,186.32813,190.89844,189.49219,190.54688,192.65625,190.19531,190.54688,192.30469,192.65625,191.95313,192.30469,193.35938,5.91797,4.92188,5.39063,5.74219,5.68359,5.44922,5.56641,5.39063,5.68359,5.56641,5.56641,5.44922,5.50781,0.113525,0.098877,0.095215,0.129395,0.123291,0.106201,0.107422,0.096436,0.08667,0.095215,0.096436
2017-08-16T03:50:00Z,192.30469,193.35938,193.35938,190.19531,194.0625,192.65625,192.30469,192.30469,191.60156,190.54688,190.54688,190.54688,5.80078,4.74609,5.33203,5.33203,5.27344,5.27344,5.09766,5.33203,5.15625,5.50781,5.21484,5.44922,5.21484,0.109863,0.126953,0.128174,0.107422,0.152588,0.109863,0.124512,0.096436,0.113525,0.101318,0.115967
2017-08-16T04:00:00Z,188.4375,191.60156,188.78906,189.84375,187.03125,190.19531,188.4375,186.67969,188.78906,186.67969,186.67969,186.32813,5.50781,4.51172,4.92188,5.03906,5.03906,5.15625,5.44922,5.21484,5.44922,5.39063,5.625,5.39063,5.50781,0.148926,0.098877,0.153809,0.109863,0.097656,0.081787,0.119629,0.090332,0.112305,0.163574,0.10498
2017-08-16T04:10:00Z,185.97656,187.73438,187.03125,188.78906,187.73438,185.625,185.97656,187.73438,188.78906,185.97656,185.625,185.27344,5.56641,4.51172,4.98047,4.92188,5.09766,4.98047,5.21484,5.21484,5.21484,4.98047,5.15625,5.39063,5.44922,0.117188,0.12085,0.115967,0.100098,0.128174,0.096436,0.129395,0.125732,0.126953,0.125732,0.117188
2017-08-16T04:20:00Z,185.27344,189.49219,188.78906,187.73438,187.73438,189.84375,187.38281,188.08594,187.73438,186.32813,185.27344,183.16406,5.50781,4.39453,4.6875,4.6875,4.6875,4.86328,4.57031,4.86328,4.74609,4.98047,4.80469,4.92188,4.92188,0.12207,0.118408,0.136719,0.155029,0.137939,0.096436,0.119629,0.135498,0.118408,0.133057,0.137939
2017-08-16T04:30:00Z,184.21875,187.03125,188.08594,185.27344,185.97656,184.92188,187.73438,186.67969,186.32813,184.92188,184.92188,183.16406,5.03906,4.16016,4.62891,4.57031,4.62891,4.51172,4.39453,4.80469,4.6875,4.80469,4.80469,4.6875,4.80469,0.128174,0.129395,0.125732,0.096436,0.126953,0.148926,0.092773,0.109863,0.125732,0.106201,0.100098
2017-08-16T04:40:00Z,183.51563,183.86719,184.57031,184.21875,184.57031,184.57031,182.10938,182.46094,184.21875,183.86719,184.92188,176.48438,4.92188,3.92578,4.33594,4.16016,4.10156,4.21875,4.10156,4.33594,4.39453,4.51172,4.39453,4.39453,4.27734,0.126953,0.158691,0.119629,0.142822,0.115967,0.117188,0.123291,0.128174,0.135498,0.106201,0.10376
2017-08-16T04:50:00Z,178.24219,177.89063,180.35156,178.94531,179.29688,177.1875,175.78125,179.29688,177.53906,176.48438,175.07813,175.78125,4.57031,3.69141,3.92578,3.86719,3.92578,3.92578,3.98438,3.92578,4.16016,3.86719,4.16016,4.16016,4.33594,0.151367,0.163574,0.151367,0.118408,0.147705,0.140381,0.141602,0.128174,0.159912,0.112305,0.119629
2017-08-16T05:00:00Z,172.61719,173.67188,175.42969,172.96875,175.42969,172.26563,176.83594,175.07813,174.72656,172.26563,173.32031,172.61719,4.27734,3.45703,4.10156,3.92578,3.92578,4.21875,3.92578,4.21875,3.86719,4.10156,3.98438,4.27734,4.10156,0.162354,0.148926,0.140381,0.12085,0.141602,0.097656,0.133057,0.117188,0.145264,0.111084,0.136719
2017-08-16T05:10:00Z,168.75,171.21094,173.32031,171.21094,168.39844,172.26563,170.15625,175.07813,173.32031,175.07813,172.96875,172.61719,4.33594,3.57422,3.63281,3.75,3.80859,3.63281,3.86719,3.69141,3.69141,3.69141,3.80859,3.63281,3.80859,0.144043,0.157471,0.124512,0.178223,0.128174,0.152588,0.137939,0.118408,0.118408,0.115967,0.12207
2017-08-16T05:20:00Z,170.15625,170.85938,172.26563,169.80469,164.17969,166.64063,164.88281,166.28906,168.04688,166.99219,167.69531,168.04688,4.45313,3.45703,3.75,3.57422,3.69141,3.63281,3.63281,3.69141,3.57422,3.86719,3.69141,3.86719,3.69141,0.178223,0.166016,0.147705,0.151367,0.166016,0.17334,0.133057,0.185547,0.147705,0.119629,0.299072
2017-08-16T05:30:00Z,164.88281,170.15625,168.39844,168.04688,170.15625,170.15625,169.45313,169.45313,174.02344,168.75,169.10156,167.69531,4.16016,3.28125,3.57422,3.63281,3.69141,3.63281,3.63281,3.63281,3.57422,3.63281,3.69141,3.80859,3.80859,0.17334,0.144043,0.118408,0.167236,0.163574,0.185547,0.17334,0.180664,0.169678,0.178223,0.151367
2017-08-16T05:40:00Z,169.80469,176.13281,176.48438,175.07813,178.24219,174.02344,174.375,171.5625,174.375,173.67188,173.32031,174.375,4.10156,3.28125,3.69141,3.63281,3.69141,3.69141,3.51563,3.57422,3.69141,3.98438,3.92578,3.98438,4.16016,0.130615,0.158691,0.133057,0.151367,0.170898,0.178223,0.12085,0.13916,0.150146,0.114746,0.097656
2017-08-16T05:50:00Z,175.42969,177.53906,177.89063,177.1875,181.05469,174.72656,175.78125,180.0,170.50781,175.07813,174.02344,176.48438,4.80469,3.69141,4.16016,4.21875,4.21875,4.33594,4.10156,4.27734,4.21875,4.33594,4.57031,4.57031,4.80469,0.119629,0.177002,0.150146,0.313721,0.187988,0.162354,0.152588,0.180664,0.144043,0.15625,0.164795
2017-08-16T06:00:00Z,175.42969,175.78125,178.24219,170.85938,178.94531,176.83594,174.375,175.42969,178.94531,178.94531,178.59375,175.07813,4.86328,4.10156,4.6875,4.45313,4.33594,4.62891,4.27734,4.45313,4.57031,4.74609,4.80469,4.6875,5.09766,0.115967,0.159912,0.19043,0.126953,0.19043,0.161133,0.12207,0.134277,0.15625,0.19043,0.131836
2017-08-16T06:10:00Z,172.26563,172.26563,174.72656,172.61719,171.91406,174.72656,174.72656,175.42969,171.5625,175.07813,176.48438,176.13281,4.86328,3.98438,3.92578,4.16016,4.16016,4.10156,4.16016,4.27734,4.16016,4.51172,4.39453,4.39453,4.45313,0.206299,0.159912,0.142822,0.162354,0.197754,0.130615,0.135498,0.235596,0.184326,0.178223,0.134277
2017-08-16T06:20:00Z,174.72656,183.16406,181.40625,178.94531,181.40625,181.40625,180.0,179.29688,181.05469,180.70313,180.70313,178.24219,4.6875,3.80859,4.27734,4.21875,4.21875,4.10156,4.10156,4.04297,4.16016,4.21875,4.21875,4.16016,4.04297,0.126953,0.178223,0.169678,0.146484,0.135498,0.124512,0.128174,0.183105,0.080566,0.150146,0.141602
2017-08-16T06:30:00Z,176.48438,184.92188,182.10938,184.21875,182.10938,181.40625,183.51563,182.10938,183.51563,180.70313,178.24219,179.64844,4.86328,4.10156,4.45313,4.39453,4.51172,4.62891,4.39453,4.51172,4.39453,4.45313,4.39453,4.39453,4.57031,0.158691,0.114746,0.152588,0.162354,0.109863,0.140381,0.140381,0.123291,0.12085,0.095215,0.128174
2017-08-16T06:40:00Z,186.67969,190.89844,190.54688,193.71094,190.54688,188.4375,187.38281,191.25,190.19531,189.49219,187.03125,185.27344,5.21484,4.27734,4.74609,4.80469,4.57031,4.6875,4.92188,4.80469,4.92188,4.80469,4.74609,4.86328,4.51172,0.17334,0.166016,0.163574,0.157471,0.175781,0.200195,0.157471,0.184326,0.177002,0.192871,0.197754
2017-08-16T06:50:00Z,189.84375,190.54688,189.49219,189.84375,188.08594,183.16406,186.32813,184.21875,186.67969,181.40625,185.625,185.27344,5.625,4.45313,4.98047,4.6875,4.86328,4.86328,4.80469,4.6875,4.62891,4.33594,4.62891,4.62891,4.51172,0.145264,0.174561,0.198975,0.166016,0.168457,0.206299,0.186768,0.177002,0.228271,0.202637,0.161133
2017-08-16T07:00:00Z,180.70313,179.64844,182.46094,183.16406,181.40625,184.57031,181.75781,182.8125,182.10938,182.10938,184.92188,184.21875,5.74219,4.62891,5.03906,4.92188,5.03906,4.92188,5.03906,5.09766,4.86328,4.98047,4.92188,5.03906,4.92188,0.17334,0.146484,0.158691,0.174561,0.153809,0.151367,0.150146,0.164795,0.161133,0.146484,0.167236
2017-08-16T07:10:00Z,169.80469,175.42969,178.24219,178.59375,177.53906,179.29688,178.24219,178.24219,179.29688,179.64844,177.1875,180.35156,5.97656,4.80469,5.09766,4.98047,4.98047,4.92188,4.86328,4.80469,5.09766,4.92188,5.03906,4.86328,5.03906,0.137939,0.181885,0.194092,0.153809,0.161133,0.145264,0.150146,0.161133,0.181885,0.197754,0.148926
2017-08-16T07:20:00Z,172.26563,176.83594,179.64844,180.35156,181.40625,183.86719,181.05469,180.0,180.0,184.21875,174.375,180.0,5.97656,4.51172,5.03906,5.09766,5.09766,5.15625,5.27344,5.03906,5.15625,5.21484,5.09766,5.09766,5.33203,0.178223,0.187988,0.167236,0.164795,0.163574,0.178223,0.172119,0.169678,0.186768,0.189209,0.180664
2017-08-16T07:30:00Z,183.16406,188.78906,186.32813,187.73438,188.08594,185.27344,184.92188,187.38281,187.03125,187.73438,186.67969,183.16406,6.38672,4.86328,5.625,5.68359,5.50781,5.50781,5.39063,5.68359,5.68359,5.625,5.625,5.56641,5.39063,0.133057,0.135498,0.175781,0.209961,0.170898,0.145264,0.183105,0.178223,0.115967,0.200195,0.201416
2017-08-16T07:40:00Z,188.78906,187.03125,189.49219,184.21875,186.32813,187.38281,185.27344,188.4375,187.03125,186.32813,186.32813,188.4375,6.50391,5.15625,5.97656,5.97656,5.85938,5.80078,6.21094,5.97656,6.15234,5.33203,5.85938,6.09375,5.56641,0.15625,0.148926,0.177002,0.133057,0.151367,0.151367,0.172119,0.162354,0.129395,0.17334,0.151367
2017-08-16T07:50:00Z,182.8125,188.78906,187.73438,186.32813,188.4375,189.84375,190.89844,187.38281,188.78906,189.49219,189.49219,186.32813,6.79688,5.39063,5.85938,5.625,5.97656,5.44922,5.74219,5.74219,5.33203,5.56641,5.68359,5.56641,5.50781,0.15625,0.155029,0.153809,0.181885,0.164795,0.168457,0.203857,0.185547,0.145264,0.17334,0.178223
2017-08-16T08:00:00Z,181.40625,184.57031,187.38281,188.4375,190.89844,187.73438,188.4375,188.08594,187.73438,188.08594,187.73438,188.08594,6.79688,5.21484,5.39063,5.44922,5.39063,5.44922,5.68359,5.91797,5.74219,5.68359,5.80078,5.68359,5.50781,0.162354,0.201416,0.196533,0.172119,0.148926,0.126953,0.145264,0.174561,0.144043,0.203857,0.130615
2017-08-16T08:10:00Z,188.78906,193.71094,190.54688,192.65625,191.60156,192.65625,188.08594,185.27344,185.625,189.49219,184.92188,185.625,6.44531,5.21484,5.50781,5.625,5.625,5.625,5.74219,5.50781,5.39063,5.68359,5.33203,5.50781,5.39063,0.152588,0.187988,0.145264,0.152588,0.157471,0.180664,0.151367,0.157471,0.197754,0.200195,0.152588
2017-08-16T08:20:00Z,192.30469,191.25,187.73438,190.19531,190.89844,190.19531,187.38281,188.78906,184.92188,188.08594,186.32813,184.92188,6.21094,4.98047,4.92188,5.27344,4.92188,5.21484,5.27344,5.15625,5.27344,5.33203,5.03906,5.39063,5.15625,0.19043,0.172119,0.150146,0.151367,0.217285,0.196533,0.145264,0.17334,0.170898,0.17334,0.158691
2017-08-16T08:30:00Z,190.89844,184.92188,182.46094,187.73438,184.57031,183.86719,179.29688,181.40625,185.27344,184.21875,186.32813,182.8125,5.74219,4.39453,5.21484,5.03906,5.21484,5.56641,5.15625,5.27344,5.27344,5.21484,5.21484,5.03906,5.15625,0.181885,0.279541,0.229492,0.163574,0.141602,0.180664,0.196533,0.177002,0.177002,0.212402,0.152588
2017-08-16T08:40:00Z,183.16406,185.625,183.51563,189.14063,185.97656,185.625,185.97656,184.92188,188.08594,183.51563,185.625,184.21875,6.26953,4.98047,5.03906,5.03906,5.15625,5.27344,5.625,5.15625,5.74219,5.74219,5.56641,5.74219,5.68359,0.177002,0.174561,0.144043,0.142822,0.145264,0.20752,0.158691,0.123291,0.128174,0.17334,0.163574
2017-08-16T08:50:00Z,188.78906,186.32813,184.92188,187.38281,183.16406,180.0,180.70313,179.64844,183.51563,182.46094,178.94531,179.29688,5.68359,4.6875,5.03906,5.27344,5.21484,5.09766,5.39063,5.39063,5.44922,5.625,5.44922,5.50781,5.68359,0.168457,0.205078,0.152588,0.166016,0.184326,0.152588,0.159912,0.155029,0.15625,0.174561,0.144043
2017-08-16T09:00:00Z,174.02344,176.48438,178.24219,178.59375,181.40625,183.16406,179.29688,182.10938,182.10938,182.46094,181.40625,181.75781,6.32813,4.98047,5.68359,5.85938,5.625,5.80078,5.80078,5.91797,5.80078,5.91797,5.85938,5.68359,5.91797,0.148926,0.179443,0.141602,0.129395,0.159912,0.151367,0.170898,0.137939,0.146484,0.187988,0.163574
2017-08-16T09:10:00Z,183.16406,188.4375,190.54688,191.25,187.03125,184.57031,186.67969,184.57031,185.97656,186.67969,185.625,185.97656,6.85547,5.09766,5.56641,5.50781,5.56641,5.625,5.68359,5.80078,5.39063,5.68359,5.85938,5.56641,5.74219,0.179443,0.159912,0.17334,0.166016,0.166016,0.168457,0.174561,0.147705,0.148926,0.142822,0.162354
2017-08-16T09:20:00Z,189.14063,189.14063,192.65625,190.19531,185.97656,185.97656,181.40625,182.8125,183.16406,183.51563,180.70313,184.21875,6.97266,5.21484,5.80078,5.68359,5.56641,5.74219,5.625,5.80078,6.09375,5.74219,5.68359,5.625,5.50781,0.147705,0.184326,0.157471,0.150146,0.135498,0.131836,0.128174,0.150146,0.117188,0.148926,0.15625
2017-08-16T09:30:00Z,187.73438,188.08594,183.16406,186.32813,184.21875,184.92188,182.46094,180.70313,180.70313,182.46094,178.94531,177.89063,6.67969,4.98047,4.6875,5.09766,5.21484,5.33203,5.44922,5.44922,5.39063,5.74219,5.56641,5.50781,5.74219,0.163574,0.133057,0.131836,0.158691,0.131836,0.134277,0.145264,0.141602,0.131836,0.113525,0.114746
2017-08-16T09:40:00Z,180.0,183.51563,184.92188,185.27344,183.86719,186.32813,184.21875,183.16406,184.92188,184.92188,184.21875,184.92188,6.09375,4.74609,5.03906,5.09766,5.27344,5.39063,5.39063,5.50781,5.74219,5.68359,5.50781,5.44922,5.68359,0.169678,0.17334,0.152588,0.123291,0.178223,0.179443,0.178223,0.124512,0.166016,0.147705,0.128174
2017-08-16T09:50:00Z,186.67969,185.97656,188.08594,188.08594,187.73438,189.14063,184.21875,186.67969,185.625,187.38281,184.21875,187.73438,5.80078,4.92188,5.15625,5.44922,5.39063,5.625,5.80078,5.80078,5.80078,5.85938,5.80078,6.03516,5.625,0.189209,0.172119,0.159912,0.169678,0.163574,0.167236,0.124512,0.137939,0.15625,0.161133,0.163574
2017-08-16T10:00:00Z,184.92188,185.27344,187.73438,185.27344,185.625,184.57031,185.27344,182.10938,187.03125,185.625,185.625,181.40625,5.97656,4.86328,5.44922,5.50781,5.625,5.56641,5.80078,5.56641,5.68359,5.85938,5.91797,5.56641,5.80078,0.146484,0.114746,0.142822,0.119629,0.128174,0.133057,0.137939,0.113525,0.129395,0.113525,0.133057
2017-08-16T10:10:00Z,184.57031,189.49219,187.38281,189.14063,188.4375,188.4375,182.8125,184.57031,183.16406,184.57031,184.92188,184.21875,5.80078,5.03906,5.68359,5.39063,5.33203,5.625,5.625,5.74219,5.80078,5.74219,5.85938,6.09375,5.85938,0.133057,0.131836,0.17334,0.129395,0.112305,0.153809,0.15625,0.124512,0.130615,0.157471,0.125732
2017-08-16T10:20:00Z,184.57031,189.14063,185.625,185.97656,187.38281,186.32813,183.51563,181.75781,183.51563,189.14063,187.38281,183.86719,6.44531,5.09766,5.625,5.50781,5.68359,5.80078,5.85938,6.03516,5.91797,6.03516,6.09375,6.15234,6.21094,0.144043,0.170898,0.192871,0.169678,0.158691,0.137939,0.128174,0.152588,0.12207,0.130615,0.133057
2017-08-16T10:30:00Z,187.03125,194.76563,191.60156,192.30469,192.65625,193.00781,191.60156,190.54688,188.78906,192.30469,192.65625,190.19531,6.91406,5.56641,5.91797,6.26953,6.32813,6.21094,6.38672,6.38672,6.50391,6.79688,6.91406,6.91406,6.85547,0.129395,0.155029,0.148926,0.111084,0.112305,0.115967,0.089111,0.10376,0.142822,0.117188,0.126953
2017-08-16T10:40:00Z,193.35938,196.52344,196.875,193.35938,195.82031,192.65625,190.89844,191.25,190.54688,190.19531,188.08594,188.08594,6.50391,5.44922,6.26953,6.03516,6.03516,6.09375,6.15234,6.32813,6.44531,6.62109,6.62109,6.73828,6.67969,0.142822,0.118408,0.150146,0.128174,0.133057,0.142822,0.108643,0.118408,0.108643,0.102539,0.085449
2017-08-16T10:50:00Z,193.35938,193.00781,193.71094,193.00781,190.54688,191.95313,191.60156,190.89844,189.14063,189.84375,191.95313,190.89844,6.73828,5.50781,5.91797,6.03516,6.09375,6.09375,6.21094,6.26953,5.91797,6.03516,6.38672,6.38672,6.26953,0.140381,0.119629,0.112305,0.126953,0.117188,0.124512,0.114746,0.118408,0.108643,0.131836,0.136719
2017-08-16T11:00:00Z,189.14063,188.08594,189.49219,190.89844,190.19531,190.19531,192.65625,191.95313,191.60156,193.00781,191.95313,194.0625,6.32813,5.33203,6.15234,6.15234,6.09375,6.50391,6.67969,6.5625,6.38672,6.73828,6.91406,6.85547,6.44531,0.141602,0.184326,0.133057,0.113525,0.135498,0.107422,0.128174,0.150146,0.125732,0.125732,0.097656
2017-08-16T11:10:00Z,191.25,195.11719,194.76563,194.76563,192.65625,191.95313,191.25,190.89844,193.00781,190.19531,189.84375,191.60156,7.08984,5.74219,6.5625,6.67969,6.5625,6.5625,6.50391,6.5625,6.50391,6.85547,6.62109,6.67969,6.73828,0.136719,0.130615,0.168457,0.140381,0.158691,0.141602,0.157471,0.124512,0.137939,0.168457,0.140381
2017-08-16T11:20:00Z,190.19531,189.14063,189.14063,188.08594,188.78906,189.14063,189.14063,186.32813,186.67969,187.73438,189.14063,188.78906,6.85547,5.625,6.15234,6.26953,6.32813,6.26953,6.38672,6.15234,6.03516,6.32813,6.15234,6.38672,6.26953,0.150146,0.161133,0.113525,0.155029,0.12085,0.185547,0.135498,0.131836,0.133057,0.146484,0.114746
2017-08-16T11:30:00Z,186.67969,191.25,192.30469,191.25,190.89844,193.71094,190.89844,191.25,193.71094,194.76563,193.71094,194.76563,6.38672,5.27344,5.625,5.80078,5.625,5.56641,5.68359,5.50781,5.85938,5.97656,5.80078,5.625,5.80078,0.142822,0.113525,0.095215,0.166016,0.095215,0.150146,0.113525,0.112305,0.123291,0.124512,0.128174
2017-08-16T11:40:00Z,193.71094,193.00781,196.17188,195.46875,195.46875,196.52344,196.52344,196.52344,199.33594,197.22656,197.22656,196.52344,5.91797,4.98047,5.44922,5.56641,5.68359,5.625,5.74219,5.91797,5.97656,5.74219,5.68359,5.68359,5.97656,0.12085,0.15625,0.125732,0.144043,0.161133,0.134277,0.175781,0.12085,0.142822,0.150146,0.172119
2017-08-16T11:50:00Z,189.14063,194.76563,195.82031,194.41406,193.71094,193.35938,193.71094,194.76563,196.17188,197.92969,197.22656,197.57813,5.80078,4.98047,5.50781,5.27344,5.56641,5.27344,5.33203,5.74219,5.50781,5.625,5.33203,5.44922,5.625,0.114746,0.15625,0.183105,0.128174,0.135498,0.136719,0.097656,0.108643,0.113525,0.135498,0.107422
2017-08-16T12:00:00Z,189.14063,191.60156,191.25,193.00781,191.60156,193.00781,191.60156,191.25,192.30469,191.60156,194.41406,195.46875,5.74219,4.62891,5.09766,5.44922,5.33203,5.39063,5.625,5.39063,5.39063,5.33203,5.68359,5.56641,5.56641,0.145264,0.124512,0.169678,0.115967,0.115967,0.146484,0.148926,0.158691,0.141602,0.163574,0.098877
2017-08-16T12:10:00Z,194.76563,194.76563,196.17188,197.22656,194.41406,193.35938,194.76563,193.35938,195.82031,195.82031,198.28125,195.11719,5.91797,4.92188,5.50781,5.625,5.68359,5.625,5.68359,5.625,5.74219,5.625,5.74219,5.56641,5.625,0.151367,0.113525,0.131836,0.10376,0.12207,0.113525,0.198975,0.159912,0.150146,0.175781,0.135498
2017-08-16T12:20:00Z,194.76563,201.09375,202.85156,200.03906,204.25781,203.90625,201.44531,200.39063,198.63281,198.63281,200.39063,201.79688,6.09375,4.92188,5.74219,6.09375,5.85938,5.80078,5.91797,5.625,5.74219,5.80078,5.85938,5.85938,5.80078,0.150146,0.133057,0.119629,0.134277,0.115967,0.151367,0.137939,0.133057,0.152588,0.128174,0.125732
2017-08-16T12:30:00Z,207.07031,210.9375,210.23438,208.47656,211.64063,212.34375,210.23438,209.88281,209.88281,211.28906,211.28906,207.77344,6.21094,5.15625,5.97656,6.21094,6.03516,5.80078,6.03516,5.68359,6.03516,6.09375,5.97656,5.74219,5.91797,0.131836,0.12085,0.12207,0.174561,0.118408,0.117188,0.142822,0.155029,0.119629,0.157471,0.151367
2017-08-16T12:40:00Z,211.99219,215.85938,210.9375,211.99219,210.23438,210.9375,207.07031,210.23438,210.58594,206.01563,207.07031,206.01563,6.09375,5.03906,5.625,5.91797,6.09375,6.03516,5.85938,6.15234,6.21094,6.03516,5.97656,6.38672,6.26953,0.141602,0.15625,0.134277,0.130615,0.133057,0.170898,0.133057,0.142822,0.146484,0.153809,0.126953
2017-08-16T12:50:00Z,207.42188,211.64063,208.125,211.28906,210.9375,210.58594,208.47656,208.47656,204.25781,204.25781,203.55469,205.3125,6.09375,4.98047,5.68359,5.80078,5.50781,6.09375,6.03516,5.91797,5.85938,5.85938,5.85938,6.15234,6.15234,0.137939,0.184326,0.137939,0.147705,0.157471,0.152588,0.125732,0.141602,0.148926,0.159912,0.128174
2017-08-16T13:00:00Z,209.53125,210.9375,210.58594,211.64063,209.17969,209.53125,207.42188,210.58594,211.28906,212.34375,210.23438,209.88281,6.44531,5.21484,5.74219,5.74219,5.74219,5.85938,5.85938,6.09375,6.21094,6.26953,5.85938,5.85938,5.91797,0.134277,0.119629,0.150146,0.147705,0.134277,0.108643,0.135498,0.163574,0.136719,0.142822,0.123291
2017-08-16T13:10:00Z,209.17969,214.45313,215.15625,213.39844,215.15625,213.75,213.04688,211.64063,213.39844,211.99219,210.58594,213.75,6.38672,5.21484,6.09375,6.03516,5.91797,6.09375,5.85938,6.15234,6.03516,6.03516,5.85938,6.09375,5.85938,0.101318,0.136719,0.097656,0.145264,0.151367,0.098877,0.134277,0.157471,0.174561,0.148926,0.142822
2017-08-16T13:20:00Z,215.50781,217.26563,219.02344,217.96875,217.96875,217.96875,215.50781,212.69531,216.21094,216.21094,213.75,213.04688,6.62109,5.50781,6.50391,6.67969,6.67969,6.67969,6.5625,6.67969,6.44531,6.67969,6.5625,6.62109,6.5625,0.174561,0.102539,0.113525,0.128174,0.128174,0.131836,0.155029,0.151367,0.158691,0.15625,0.13916
2017-08-16T13:30:00Z,215.85938,218.32031,220.78125,217.96875,217.26563,214.80469,214.10156,210.58594,214.80469,211.64063,213.75,211.28906,6.5625,5.39063,6.03516,6.15234,6.21094,6.03516,6.21094,6.44531,6.5625,6.44531,6.62109,6.50391,6.62109,0.164795,0.114746,0.140381,0.114746,0.135498,0.114746,0.13916,0.13916,0.12085,0.145264,0.140381
2017-08-16T13:40:00Z,210.9375,210.9375,209.17969,210.23438,210.58594,211.64063,209.88281,209.53125,209.17969,208.47656,210.58594,209.17969,6.50391,5.27344,6.21094,6.44531,6.21094,6.38672,6.32813,6.15234,6.32813,6.32813,6.44531,6.26953,6.26953,0.111084,0.12085,0.131836,0.12085,0.130615,0.145264,0.142822,0.10498,0.12207,0.119629,0.124512
2017-08-16T13:50:00Z,204.96094,211.64063,210.58594,209.88281,209.53125,208.82813,206.71875,208.125,209.88281,208.125,211.99219,207.77344,6.79688,5.74219,6.73828,6.50391,6.67969,6.5625,6.50391,6.5625,6.73828,6.50391,6.32813,6.32813,6.32813,0.13916,0.109863,0.130615,0.108643,0.118408,0.125732,0.124512,0.108643,0.126953,0.146484,0.118408
2017-08-16T14:00:00Z,208.82813,209.88281,211.99219,212.69531,212.69531,210.9375,211.28906,214.80469,213.04688,213.04688,211.64063,213.75,6.67969,5.44922,6.15234,6.32813,6.15234,6.44531,6.38672,6.44531,6.38672,6.38672,6.32813,6.5625,6.15234,0.13916,0.124512,0.114746,0.126953,0.12085,0.123291,0.134277,0.12207,0.093994,0.145264,0.076904
2017-08-16T14:10:00Z,207.77344,211.99219,209.53125,211.28906,210.9375,209.17969,211.99219,210.9375,208.82813,212.34375,214.80469,211.64063,6.91406,5.33203,6.09375,6.09375,6.21094,6.15234,6.26953,6.32813,6.44531,6.32813,6.15234,6.09375,6.09375,0.133057,0.10498,0.106201,0.108643,0.106201,0.124512,0.117188,0.141602,0.092773,0.129395,0.13916
2017-08-16T14:20:00Z,210.23438,217.61719,216.21094,216.21094,215.50781,215.15625,216.5625,215.50781,217.61719,216.91406,220.07813,220.07813,6.91406,5.39063,6.50391,6.67969,6.62109,6.5625,6.67969,6.62109,6.85547,6.67969,6.85547,6.5625,6.62109,0.135498,0.091553,0.111084,0.150146,0.114746,0.140381,0.126953,0.098877,0.076904,0.147705,0.130615
2017-08-16T14:30:00Z,214.80469,220.78125,220.42969,221.48438,219.375,218.32031,219.375,220.78125,221.83594,221.13281,222.89063,220.78125,7.32422,5.80078,6.62109,6.50391,6.62109,6.73828,6.62109,6.91406,6.85547,6.91406,6.73828,6.97266,6.79688,0.155029,0.107422,0.145264,0.141602,0.118408,0.12207,0.12207,0.108643,0.130615,0.133057,0.106201
2017-08-16T14:40:00Z,216.91406,220.42969,219.72656,222.89063,221.13281,221.13281,221.83594,223.24219,221.48438,221.13281,222.53906,224.64844,6.85547,5.44922,6.38672,6.50391,6.5625,6.62109,6.79688,6.50391,6.32813,6.50391,6.79688,6.67969,6.73828,0.112305,0.153809,0.112305,0.100098,0.10498,0.125732,0.135498,0.12085,0.134277,0.159912,0.10376
2017-08-16T14:50:00Z,216.5625,220.78125,222.53906,218.67188,223.94531,223.59375,225.0,223.59375,226.05469,223.59375,225.0,223.59375,6.62109,5.33203,6.38672,6.38672,6.73828,6.62109,6.67969,6.62109,6.62109,6.73828,6.73828,6.44531,6.5625,0.142822,0.140381,0.119629,0.12085,0.095215,0.092773,0.108643,0.112305,0.095215,0.109863,0.095215
2017-08-16T15:00:00Z,216.21094,225.70313,226.05469,224.64844,223.24219,224.29688,227.10938,222.89063,226.05469,227.46094,226.05469,227.46094,6.62109,5.50781,6.09375,6.15234,6.26953,6.32813,6.5625,6.44531,6.5625,6.38672,6.32813,6.26953,6.38672,0.134277,0.135498,0.102539,0.126953,0.095215,0.085449,0.084229,0.119629,0.068359,0.112305,0.10376
2017-08-16T15:10:00Z,220.78125,223.94531,223.94531,225.35156,220.07813,221.83594,221.48438,222.53906,225.35156,223.59375,225.0,227.46094,6.44531,4.98047,5.91797,5.97656,5.91797,6.03516,6.21094,6.21094,6.26953,6.21094,6.03516,6.21094,6.32813,0.134277,0.130615,0.151367,0.151367,0.107422,0.166016,0.118408,0.136719,0.12085,0.153809,0.100098
2017-08-16T15:20:00Z,218.32031,221.13281,226.40625,223.94531,225.35156,221.48438,226.75781,225.35156,224.29688,225.0,226.05469,227.46094,6.21094,4.80469,5.44922,5.68359,5.68359,5.68359,5.85938,5.91797,5.97656,5.80078,5.68359,5.97656,5.85938,0.15625,0.125732,0.109863,0.134277,0.181885,0.111084,0.119629,0.166016,0.170898,0.15625,0.162354
2017-08-16T15:30:00Z,216.21094,220.07813,217.26563,220.07813,219.72656,218.32031,217.61719,216.91406,221.83594,222.1875,221.13281,220.07813,5.91797,4.62891,5.56641,5.80078,5.74219,5.56641,5.68359,5.68359,5.97656,5.85938,5.80078,5.625,5.68359,0.109863,0.114746,0.107422,0.12207,0.10376,0.098877,0.117188,0.141602,0.109863,0.12207,0.142822
2017-08-16T15:40:00Z,214.45313,221.13281,221.48438,223.94531,221.13281,221.48438,219.72656,222.1875,222.1875,221.48438,218.32031,221.13281,5.91797,4.80469,5.50781,5.39063,5.56641,5.56641,5.44922,5.74219,5.625,5.56641,5.27344,5.44922,5.68359,0.091553,0.148926,0.112305,0.095215,0.12085,0.126953,0.078125,0.102539,0.141602,0.100098,0.12085
2017-08-16T15:50:00Z,217.26563,221.48438,221.13281,222.1875,223.94531,225.0,224.29688,224.29688,221.48438,220.07813,222.1875,222.1875,6.03516,4.86328,5.85938,5.91797,5.80078,6.09375,6.03516,5.85938,5.74219,5.625,5.68359,5.85938,5.85938,0.131836,0.102539,0.12207,0.087891,0.090332,0.085449,0.098877,0.097656,0.081787,0.101318,0.10498
2017-08-16T16:00:00Z,219.02344,225.0,226.75781,225.0,225.70313,226.75781,225.35156,223.94531,228.51563,226.05469,225.70313,224.64844,6.21094,4.98047,5.91797,6.03516,5.85938,5.97656,6.09375,5.80078,6.09375,5.85938,5.91797,5.625,5.91797,0.111084,0.129395,0.08667,0.095215,0.111084,0.128174,0.097656,0.101318,0.119629,0.083008,0.091553
2017-08-16T16:10:00Z,225.35156,230.97656,228.51563,230.625,229.92188,230.27344,227.8125,230.625,230.625,228.51563,230.625,230.625,6.73828,5.27344,6.32813,6.44531,6.50391,6.73828,6.5625,6.73828,6.67969,6.62109,6.5625,6.44531,6.62109,0.101318,0.106201,0.137939,0.118408,0.097656,0.111084,0.106201,0.101318,0.109863,0.081787,0.08667
2017-08-16T16:20:00Z,228.16406,233.08594,235.19531,233.4375,233.4375,231.32813,232.38281,232.38281,233.08594,233.78906,230.625,233.78906,7.08984,5.39063,6.38672,6.32813,6.5625,6.32813,6.38672,6.5625,6.50391,6.67969,6.38672,6.50391,6.44531,0.106201,0.12085,0.091553,0.083008,0.080566,0.089111,0.062256,0.131836,0.126953,0.092773,0.109863
2017-08-16T16:30:00Z,230.27344,235.19531,234.14063,232.38281,233.4375,234.14063,232.38281,235.89844,234.84375,236.60156,234.14063,236.25,6.85547,5.44922,7.08984,7.14844,7.20703,7.14844,6.85547,7.26563,7.03125,7.32422,6.91406,7.20703,6.91406,0.115967,0.130615,0.118408,0.107422,0.137939,0.101318,0.119629,0.109863,0.107422,0.081787,0.10376
2017-08-16T16:40:00Z,232.03125,230.27344,234.84375,233.08594,234.84375,233.78906,232.73438,232.73438,237.65625,232.38281,234.14063,232.73438,7.67578,6.32813,7.44141,7.44141,7.08984,7.44141,7.55859,7.55859,7.5,7.5,7.26563,7.32422,7.38281,0.076904,0.095215,0.130615,0.123291,0.12085,0.085449,0.098877,0.095215,0.091553,0.109863,0.095215
2017-08-16T16:50:00Z,236.25,236.60156,237.65625,236.95313,238.35938,236.25,233.08594,236.95313,236.25,241.52344,236.95313,237.30469,7.44141,6.03516,7.08984,7.08984,7.14844,7.14844,6.97266,7.55859,7.38281,7.55859,7.20703,7.08984,7.14844,0.075684,0.100098,0.091553,0.12207,0.111084,0.126953,0.102539,0.129395,0.102539,0.084229,0.095215
2017-08-16T17:00:00Z,234.49219,239.0625,236.60156,239.41406,238.71094,239.41406,240.11719,239.41406,238.00781,240.82031,238.71094,238.71094,7.20703,5.91797,6.62109,6.62109,6.62109,7.03125,6.91406,6.79688,6.67969,6.79688,6.73828,6.62109,6.62109,0.124512,0.079346,0.12207,0.087891,0.100098,0.115967,0.131836,0.083008,0.081787,0.098877,0.113525
2017-08-16T17:10:00Z,238.00781,241.875,239.41406,241.17188,241.52344,240.46875,240.11719,239.41406,237.65625,241.52344,239.41406,240.11719,6.91406,5.80078,6.15234,6.26953,6.15234,6.44531,6.26953,6.26953,6.32813,6.67969,6.50391,6.5625,6.32813,0.140381,0.124512,0.128174,0.137939,0.12207,0.112305,0.163574,0.133057,0.113525,0.133057,0.115967
2017-08-16T17:20:00Z,239.0625,238.71094,240.11719,237.65625,243.63281,241.875,241.875,239.0625,239.76563,241.875,240.82031,242.22656,6.38672,5.03906,5.21484,5.56641,5.33203,5.27344,5.39063,5.03906,5.39063,5.39063,5.56641,5.27344,5.44922,0.152588,0.12085,0.152588,0.187988,0.144043,0.155029,0.128174,0.108643,0.13916,0.13916,0.093994
2017-08-16T17:30:00Z,237.30469,240.46875,242.22656,244.6875,243.28125,240.82031,242.92969,243.28125,242.22656,243.28125,243.98438,242.92969,5.44922,4.45313,4.80469,5.03906,5.03906,4.80469,5.15625,4.92188,5.03906,4.80469,5.09766,4.92188,5.03906,0.161133,0.129395,0.106201,0.133057,0.146484,0.101318,0.112305,0.095215,0.090332,0.091553,0.12207
2017-08-16T17:40:00Z,243.28125,242.22656,243.63281,245.74219,245.74219,241.17188,242.57813,242.92969,246.09375,243.63281,245.74219,243.98438,5.33203,4.33594,4.45313,4.6875,4.45313,4.39453,4.51172,4.51172,4.80469,4.62891,4.6875,4.74609,4.6875,0.130615,0.101318,0.111084,0.106201,0.111084,0.100098,0.107422,0.079346,0.119629,0.098877,0.092773
2017-08-16T17:50:00Z,236.95313,238.35938,242.57813,242.57813,240.46875,240.82031,239.76563,241.875,241.52344,241.875,243.98438,242.92969,4.92188,3.69141,3.63281,3.80859,3.57422,3.51563,3.69141,3.51563,3.80859,3.69141,3.92578,3.86719,4.04297,0.187988,0.134277,0.163574,0.181885,0.163574,0.200195,0.145264,0.15625,0.201416,0.13916,0.10498
2017-08-16T18:00:00Z,239.76563,246.09375,244.33594,243.98438,243.98438,240.82031,243.28125,240.46875,239.76563,237.65625,241.875,241.17188,3.86719,3.10547,3.28125,3.33984,3.28125,3.33984,3.39844,3.39844,3.28125,3.45703,3.45703,3.57422,3.51563,0.150146,0.136719,0.203857,0.146484,0.166016,0.17334,0.187988,0.172119,0.158691,0.178223,0.157471
2017-08-16T18:10:00Z,238.35938,232.38281,234.14063,231.32813,233.4375,233.08594,237.30469,230.625,235.54688,232.73438,235.19531,234.14063,3.57422,2.57813,2.69531,2.46094,2.46094,2.69531,2.51953,2.63672,2.51953,2.63672,2.57813,2.57813,2.75391,0.159912,0.150146,0.174561,0.229492,0.17334,0.158691,0.201416,0.147705,0.128174,0.164795,0.158691
2017-08-16T18:20:00Z,225.35156,225.0,223.59375,225.0,226.40625,225.70313,223.94531,224.29688,223.24219,222.89063,222.53906,224.29688,3.04688,2.16797,2.10938,2.22656,2.28516,2.34375,2.22656,2.28516,2.28516,2.34375,2.34375,2.57813,2.40234,0.172119,0.186768,0.22583,0.197754,0.200195,0.168457,0.161133,0.203857,0.17334,0.158691,0.131836
2017-08-16T18:30:00Z,212.69531,208.125,207.07031,207.42188,205.66406,202.5,203.90625,203.55469,200.74219,204.25781,203.90625,203.90625,2.40234,1.75781,1.81641,1.99219,1.99219,1.99219,1.99219,2.16797,2.05078,2.22656,2.16797,2.22656,2.34375,0.227051,0.201416,0.19043,0.185547,0.181885,0.184326,0.159912,0.157471,0.183105,0.180664,0.163574
2017-08-16T18:40:00Z,202.5,204.96094,203.20313,206.71875,206.71875,207.42188,205.3125,201.44531,202.85156,204.25781,204.60938,203.90625,2.28516,1.75781,2.05078,2.16797,1.99219,2.10938,2.05078,2.05078,2.22656,2.28516,2.34375,2.40234,2.34375,0.250244,0.192871,0.196533,0.151367,0.142822,0.169678,0.219727,0.164795,0.155029,0.118408,0.189209
2017-08-16T18:50:00Z,202.14844,196.875,196.17188,198.63281,198.28125,196.52344,197.57813,194.0625,196.875,197.22656,196.875,196.52344,2.92969,2.05078,2.22656,2.28516,2.28516,2.28516,2.34375,2.22656,2.16797,2.28516,2.34375,2.46094,2.46094,0.146484,0.179443,0.150146,0.131836,0.13916,0.134277,0.142822,0.147705,0.123291,0.150146,0.131836
2017-08-16T19:00:00Z,183.86719,183.16406,187.73438,185.625,181.40625,187.38281,181.75781,188.4375,185.27344,191.95313,191.60156,187.73438,2.92969,2.16797,2.51953,2.51953,2.63672,2.51953,2.63672,2.51953,2.75391,2.69531,2.8125,2.75391,2.75391,0.15625,0.19165,0.17334,0.125732,0.144043,0.167236,0.137939,0.133057,0.161133,0.170898,0.124512
2017-08-16T19:10:00Z,177.1875,177.53906,176.83594,179.29688,177.89063,176.48438,178.94531,179.29688,182.10938,179.29688,182.10938,182.46094,3.80859,2.51953,2.92969,2.87109,2.87109,2.98828,2.87109,2.98828,2.92969,2.98828,2.98828,3.16406,3.10547,0.155029,0.133057,0.130615,0.129395,0.107422,0.141602,0.145264,0.124512,0.114746,0.136719,0.098877
2017-08-16T19:20:00Z,176.83594,176.83594,175.78125,176.13281,176.83594,175.07813,179.29688,173.67188,179.29688,176.48438,180.0,180.0,3.63281,2.98828,3.10547,3.22266,3.16406,3.22266,3.22266,3.28125,3.16406,3.33984,3.39844,3.51563,3.33984,0.150146,0.123291,0.113525,0.109863,0.128174,0.093994,0.113525,0.111084,0.101318,0.091553,0.078125
2017-08-16T19:30:00Z,173.32031,177.89063,175.42969,174.375,174.72656,174.72656,176.13281,177.1875,176.48438,178.24219,179.64844,178.59375,3.92578,3.22266,3.63281,3.51563,3.45703,3.57422,3.57422,3.69141,3.57422,3.69141,3.75,3.80859,3.75,0.092773,0.100098,0.130615,0.128174,0.117188,0.093994,0.12085,0.12085,0.092773,0.080566,0.128174
2017-08-16T19:40:00Z,175.42969,176.83594,178.59375,178.24219,177.89063,180.35156,180.0,178.94531,180.35156,180.35156,180.35156,182.10938,4.33594,3.63281,3.98438,3.92578,3.98438,4.10156,3.92578,3.98438,3.98438,4.16016,4.16016,4.27734,4.27734,0.075684,0.107422,0.095215,0.081787,0.113525,0.078125,0.085449,0.091553,0.084229,0.075684,0.087891
2017-08-16T19:50:00Z,174.375,177.89063,178.94531,175.42969,181.05469,178.94531,178.94531,179.64844,180.70313,181.75781,182.10938,181.05469,4.80469,3.98438,4.51172,4.62891,4.51172,4.51172,4.39453,4.51172,4.57031,4.74609,4.74609,4.74609,4.80469,0.090332,0.091553,0.087891,0.061035,0.101318,0.095215,0.075684,0.080566,0.084229,0.083008,0.064697
2017-08-16T20:00:00Z,175.42969,178.59375,178.94531,177.53906,177.1875,178.59375,181.40625,180.70313,181.40625,182.10938,181.40625,182.8125,5.03906,4.27734,4.62891,4.51172,4.6875,4.57031,4.74609,4.57031,4.6875,4.74609,4.80469,4.92188,4.98047,0.093994,0.093994,0.068359,0.073242,0.072021,0.072021,0.08667,0.057373,0.070801,0.072021,0.075684
2017-08-16T20:10:00Z,175.78125,179.29688,179.64844,180.0,179.64844,180.70313,179.64844,180.0,180.0,181.05469,180.70313,181.75781,5.27344,4.51172,4.86328,4.92188,4.86328,4.92188,4.86328,4.98047,5.09766,5.21484,5.39063,5.56641,5.85938,0.074463,0.080566,0.067139,0.087891,0.064697,0.078125,0.080566,0.074463,0.085449,0.068359,0.080566
2017-08-16T20:20:00Z,181.05469,185.27344,184.92188,183.86719,185.27344,185.97656,184.21875,186.32813,185.625,185.97656,185.625,187.73438,5.27344,4.62891,5.33203,5.15625,5.15625,5.21484,5.21484,5.27344,5.27344,5.39063,5.33203,5.625,5.50781,0.083008,0.085449,0.087891,0.06958,0.085449,0.079346,0.085449,0.074463,0.065918,0.06958,0.076904
2017-08-16T20:30:00Z,181.75781,183.86719,181.75781,183.16406,184.57031,181.40625,181.40625,179.64844,182.46094,183.16406,184.92188,183.16406,5.625,4.74609,5.03906,5.09766,5.03906,5.15625,5.09766,5.03906,5.09766,5.21484,5.27344,5.27344,5.33203,0.081787,0.100098,0.091553,0.075684,0.072021,0.084229,0.076904,0.070801,0.063477,0.059814,0.067139
2017-08-16T20:40:00Z,178.24219,180.0,178.24219,180.0,176.83594,177.89063,180.0,178.24219,180.0,181.05469,181.75781,181.75781,5.44922,4.6875,5.27344,5.21484,5.21484,5.27344,5.21484,5.27344,5.21484,5.33203,5.39063,5.33203,5.44922,0.089111,0.06958,0.074463,0.074463,0.08667,0.079346,0.065918,0.062256,0.064697,0.063477,0.075684
2017-08-16T20:50:00Z,174.72656,177.1875,176.13281,175.42969,176.83594,178.24219,177.89063,177.89063,178.59375,178.94531,181.05469,181.05469,5.56641,4.80469,5.03906,5.09766,4.98047,5.09766,5.21484,5.15625,5.27344,5.27344,5.50781,5.56641,5.74219,0.083008,0.078125,0.091553,0.068359,0.089111,0.080566,0.092773,0.068359,0.072021,0.056152,0.070801
2017-08-16T21:00:00Z,174.72656,177.1875,176.48438,177.89063,176.48438,178.24219,176.48438,178.94531,178.59375,180.0,180.0,181.05469,5.56641,4.74609,5.15625,5.27344,5.21484,5.39063,5.33203,5.33203,5.33203,5.50781,5.50781,5.56641,5.74219,0.091553,0.063477,0.078125,0.075684,0.080566,0.065918,0.064697,0.059814,0.053711,0.065918,0.057373
2017-08-16T21:10:00Z,174.72656,179.29688,179.29688,179.29688,180.35156,179.64844,182.46094,182.10938,184.57031,185.97656,187.03125,189.84375,5.80078,5.03906,5.50781,5.39063,5.44922,5.44922,5.68359,5.80078,5.80078,6.03516,6.03516,6.26953,6.32813,0.070801,0.075684,0.058594,0.058594,0.061035,0.072021,0.058594,0.070801,0.067139,0.061035,0.064697
2017-08-16T21:20:00Z,176.13281,175.78125,177.1875,177.89063,177.89063,178.59375,182.10938,181.75781,183.51563,184.21875,184.92188,186.32813,5.44922,4.86328,5.15625,5.27344,5.27344,5.27344,5.33203,5.39063,5.39063,5.56641,5.68359,5.74219,5.85938,0.085449,0.083008,0.073242,0.076904,0.089111,0.084229,0.084229,0.081787,0.074463,0.072021,0.090332
2017-08-16T21:30:00Z,171.21094,178.24219,177.1875,177.53906,178.94531,180.70313,181.05469,181.05469,185.27344,184.21875,183.86719,185.97656,5.56641,4.80469,5.33203,5.39063,5.39063,5.39063,5.33203,5.44922,5.625,5.56641,5.68359,5.91797,6.09375,0.083008,0.081787,0.075684,0.073242,0.097656,0.074463,0.092773,0.102539,0.096436,0.097656,0.095215
2017-08-16T21:40:00Z,176.83594,180.35156,180.70313,179.64844,180.0,180.35156,180.35156,180.0,179.64844,181.75781,181.75781,181.40625,5.56641,4.86328,5.27344,5.27344,5.27344,5.39063,5.44922,5.50781,5.68359,5.80078,5.85938,6.09375,6.09375,0.080566,0.085449,0.068359,0.098877,0.072021,0.072021,0.076904,0.06958,0.072021,0.078125,0.080566
2017-08-16T21:50:00Z,175.78125,179.29688,177.89063,176.48438,179.29688,178.59375,181.40625,178.59375,181.40625,180.35156,183.51563,183.51563,6.09375,5.03906,5.68359,5.74219,5.74219,5.625,5.85938,5.80078,5.85938,5.91797,6.03516,6.09375,6.26953,0.06958,0.06958,0.064697,0.067139,0.072021,0.076904,0.072021,0.062256,0.067139,0.090332,0.08667
2017-08-16T22:00:00Z,175.42969,177.53906,178.24219,176.83594,178.24219,177.89063,178.24219,179.29688,179.29688,180.35156,181.40625,182.46094,6.03516,5.03906,5.39063,5.50781,5.39063,5.50781,5.625,5.85938,5.91797,6.21094,6.50391,6.62109,6.73828,0.073242,0.061035,0.072021,0.074463,0.085449,0.065918,0.062256,0.063477,0.06958,0.059814,0.053711
2017-08-16T22:10:00Z,171.21094,170.15625,170.50781,170.50781,170.50781,172.26563,174.375,173.67188,175.07813,176.83594,180.35156,179.29688,5.97656,5.03906,5.625,5.625,5.56641,5.85938,5.91797,6.03516,6.15234,6.38672,6.67969,6.73828,6.91406,0.087891,0.056152,0.076904,0.073242,0.062256,0.059814,0.078125,0.072021,0.056152,0.068359,0.056152
2017-08-16T22:20:00Z,167.69531,170.15625,171.91406,172.96875,171.91406,175.07813,175.07813,179.29688,180.70313,184.57031,185.27344,186.67969,6.09375,5.21484,5.85938,5.91797,5.97656,6.09375,6.26953,6.38672,6.5625,6.79688,7.14844,7.38281,7.73438,0.075684,0.058594,0.062256,0.064697,0.070801,0.065918,0.070801,0.061035,0.063477,0.068359,0.068359
2017-08-16T22:30:00Z,169.10156,175.07813,176.13281,175.42969,175.07813,177.1875,180.35156,181.05469,184.57031,185.97656,188.78906,189.49219,6.44531,5.56641,6.09375,6.15234,6.15234,6.21094,6.38672,6.50391,6.73828,6.91406,7.26563,7.5,7.79297,0.087891,0.068359,0.06958,0.056152,0.058594,0.053711,0.05249,0.045166,0.043945,0.050049,0.041504
2017-08-16T22:40:00Z,172.96875,176.48438,177.53906,175.07813,180.0,182.10938,180.0,179.64844,182.8125,184.92188,187.73438,187.03125,6.62109,5.44922,6.15234,6.15234,6.09375,6.32813,6.5625,6.79688,7.20703,7.55859,7.73438,7.96875,8.14453,0.090332,0.085449,0.096436,0.092773,0.080566,0.056152,0.133057,0.065918,0.079346,0.08667,0.065918
2017-08-16T22:50:00Z,169.45313,172.26563,173.67188,173.32031,175.42969,177.1875,177.89063,179.29688,181.75781,187.73438,182.8125,183.16406,6.32813,5.50781,5.85938,5.68359,5.91797,6.15234,6.44531,6.91406,7.5,7.61719,8.02734,7.79297,7.96875,0.080566,0.076904,0.079346,0.075684,0.089111,0.090332,0.084229,0.078125,0.095215,0.084229,0.06958
2017-08-16T23:00:00Z,169.45313,170.85938,171.5625,172.61719,172.61719,175.78125,177.53906,178.59375,180.35156,179.64844,179.29688,180.0,6.09375,5.21484,5.91797,5.97656,6.15234,6.50391,6.97266,7.67578,8.02734,8.08594,7.96875,8.14453,8.08594,0.059814,0.090332,0.06958,0.070801,0.061035,0.056152,0.053711,0.059814,0.06958,0.046387,0.05249
2017-08-16T23:10:00Z,168.75,171.21094,169.80469,168.04688,170.15625,171.21094,175.42969,176.83594,180.0,182.10938,182.8125,184.21875,6.26953,5.03906,5.91797,5.85938,5.91797,6.21094,6.44531,7.20703,7.79297,8.14453,8.26172,8.26172,8.20313,0.145264,0.134277,0.145264,0.124512,0.15625,0.125732,0.115967,0.070801,0.06958,0.085449,0.101318
2017-08-16T23:20:00Z,163.47656,166.64063,169.10156,167.69531,170.15625,171.5625,172.61719,174.72656,177.89063,178.59375,181.75781,183.16406,7.38281,5.68359,5.97656,6.15234,6.09375,6.44531,6.62109,6.97266,7.20703,7.67578,7.85156,7.96875,7.91016,0.098877,0.08667,0.102539,0.107422,0.13916,0.13916,0.111084,0.107422,0.08667,0.090332,0.098877
2017-08-16T23:30:00Z,159.96094,162.07031,164.53125,162.42188,163.125,165.23438,167.69531,171.21094,173.67188,177.89063,178.24219,180.70313,6.97266,5.50781,6.09375,6.38672,6.32813,6.5625,6.91406,7.20703,7.61719,7.85156,7.91016,7.96875,8.08594,0.10376,0.131836,0.074463,0.090332,0.10498,0.125732,0.117188,0.119629,0.108643,0.097656,0.079346
2017-08-16T23:40:00Z,157.14844,159.60938,161.01563,159.60938,160.66406,163.47656,167.69531,172.61719,176.83594,178.24219,181.75781,182.10938,7.03125,5.625,6.5625,6.5625,6.67969,6.85547,7.38281,7.73438,8.32031,8.61328,8.78906,8.90625,8.90625,0.079346,0.097656,0.097656,0.112305,0.081787,0.074463,0.079346,0.092773,0.059814,0.067139,0.064697
2017-08-16T23:50:00Z,154.33594,155.39063,157.5,157.14844,156.09375,159.96094,160.66406,164.17969,168.75,172.26563,173.67188,175.42969,7.44141,6.03516,6.85547,6.97266,6.85547,7.20703,7.14844,7.67578,8.02734,8.49609,8.78906,8.96484,8.90625,0.065918,0.087891,0.092773,0.085449,0.092773,0.072021,0.081787,0.08667,0.067139,0.068359,0.065918
