LOCATION: 
SYSTEM SERIAL: HKZA
TIMESTAMP (ISO-8601) UTC,WindDir004m deg,WindDir030m deg,WindDir040m deg,WindDir040m_ref deg,WindDir060m deg,WindDir080m deg,WindDir100m deg,WindDir120m deg,WindDir140m deg,WindDir160m deg,WindDir180m deg,WindDir200m deg,WindGust004m m/s,WindSpeed004m m/s,WindSpeed030mh m/s,WindSpeed040mh m/s,WindSpeed040m_refh m/s,WindSpeed060mh m/s,WindSpeed080mh m/s,WindSpeed100mh m/s,WindSpeed120mh m/s,WindSpeed140mh m/s,WindSpeed160mh m/s,WindSpeed180mh m/s,WindSpeed200mh m/s,TI 030m,TI 040m,TI 040m ref,TI 060m,TI 080m,TI 100m,TI 120m,TI 140m,TI 160m,TI 180m,TI 200m
2017-02-12T00:00:00Z,56.95313,66.79688,67.14844,70.3125,67.5,67.5,68.20313,69.60938,69.60938,68.55469,69.25781,68.90625,13.53516,11.07422,12.71484,12.71484,12.83203,12.94922,13.41797,13.30078,13.53516,13.125,12.77344,13.24219,12.94922,0.142822,0.152588,0.134277,0.172119,0.115967,0.146484,0.137939,0.169678,0.192871,0.151367,0.150146
2017-02-12T00:10:00Z,55.89844,67.5,65.74219,66.79688,65.03906,66.79688,66.79688,67.14844,68.20313,70.66406,67.85156,67.5,13.53516,10.95703,12.89063,12.94922,13.30078,13.18359,13.24219,13.30078,13.59375,13.30078,13.59375,13.71094,13.35938,0.170898,0.124512,0.133057,0.114746,0.148926,0.129395,0.130615,0.131836,0.150146,0.119629,0.125732
2017-02-12T01:20:00Z,60.11719,67.14844,71.01563,74.53125,73.82813,73.82813,70.3125,71.36719,73.82813,76.64063,72.77344,74.17969,21.50391,12.30469,12.65625,13.35938,12.89063,13.59375,13.00781,12.71484,13.53516,13.47656,13.18359,13.41797,13.59375,0.117188,0.145264,0.115967,0.134277,0.17334,0.150146,0.101318,0.12207,0.140381,0.134277,0.145264
2017-02-12T01:30:00Z,56.60156,76.99219,72.07031,75.23438,69.25781,70.3125,70.66406,70.66406,71.01563,71.36719,68.90625,71.36719,23.4375,12.94922,12.65625,13.06641,13.47656,12.89063,13.35938,13.59375,13.94531,13.88672,13.65234,13.35938,13.82813,0.166016,0.146484,0.151367,0.177002,0.107422,0.10498,0.144043,0.115967,0.111084,0.148926,0.163574
2017-02-12T01:40:00Z,61.875,71.71875,73.125,73.82813,70.3125,72.42188,73.125,72.77344,72.42188,73.82813,71.01563,73.82813,14.70703,10.01953,12.48047,12.77344,12.94922,13.24219,13.53516,13.35938,13.06641,12.94922,13.00781,13.35938,13.59375,0.140381,0.164795,0.135498,0.12207,0.145264,0.19165,0.144043,0.147705,0.155029,0.125732,0.123291
2017-02-12T01:50:00Z,65.03906,72.77344,75.9375,78.04688,75.9375,74.53125,72.07031,72.42188,73.125,74.17969,73.82813,76.28906,14.58984,10.83984,13.76953,13.24219,13.41797,13.41797,13.24219,13.71094,13.71094,13.76953,13.59375,13.47656,13.18359,0.142822,0.158691,0.133057,0.170898,0.144043,0.111084,0.144043,0.161133,0.10498,0.117188,0.141602
2017-02-12T02:00:00Z,66.44531,66.79688,72.07031,68.20313,75.9375,72.42188,73.47656,73.82813,75.58594,75.58594,66.44531,76.64063,15.70313,11.01563,12.83203,12.71484,12.36328,12.77344,12.65625,12.71484,12.83203,12.42188,12.83203,12.36328,12.89063,0.136719,0.106201,0.163574,0.118408,0.106201,0.096436,0.12207,0.144043,0.162354,0.153809,0.135498
2017-02-12T02:10:00Z,68.55469,72.07031,72.07031,70.3125,75.23438,71.01563,75.23438,74.88281,73.125,75.23438,71.71875,74.17969,15.9375,10.3125,11.60156,11.71875,11.71875,11.89453,12.48047,12.71484,12.59766,12.65625,12.53906,12.42188,12.12891,0.141602,0.124512,0.115967,0.118408,0.096436,0.129395,0.117188,0.114746,0.147705,0.170898,0.152588
2017-02-12T02:20:00Z,73.82813,77.34375,74.53125,77.34375,74.88281,73.125,71.71875,69.60938,71.01563,73.125,72.77344,72.07031,13.24219,10.66406,11.89453,12.12891,11.83594,12.07031,12.12891,12.24609,12.83203,12.53906,12.24609,12.12891,11.95313,0.131836,0.145264,0.118408,0.13916,0.135498,0.135498,0.118408,0.126953,0.216064,0.17334,0.152588
2017-02-12T02:30:00Z,72.42188,67.5,70.66406,74.53125,70.3125,71.71875,72.42188,72.42188,75.23438,75.9375,72.42188,72.42188,15.0,10.42969,12.42188,12.48047,11.95313,12.65625,12.30469,12.30469,12.89063,12.65625,12.53906,12.24609,11.95313,0.125732,0.130615,0.180664,0.134277,0.107422,0.119629,0.117188,0.136719,0.12085,0.136719,0.135498
2017-02-12T02:40:00Z,81.91406,68.90625,76.28906,69.96094,74.53125,76.28906,74.53125,73.82813,72.77344,71.36719,75.23438,76.99219,13.59375,9.90234,12.12891,12.12891,11.77734,11.95313,12.12891,11.89453,11.77734,11.95313,12.30469,12.42188,11.66016,0.106201,0.119629,0.107422,0.148926,0.125732,0.114746,0.114746,0.150146,0.129395,0.12207,0.145264
2017-02-12T02:50:00Z,69.60938,73.47656,72.07031,67.5,74.88281,70.66406,68.90625,73.125,73.47656,66.09375,71.71875,73.125,13.00781,8.08594,11.71875,12.12891,11.54297,12.01172,12.01172,12.30469,12.42188,12.01172,11.71875,12.36328,12.24609,0.100098,0.119629,0.111084,0.130615,0.157471,0.108643,0.115967,0.109863,0.137939,0.095215,0.115967
2017-02-12T03:00:00Z,78.39844,63.63281,81.21094,118.47656,74.17969,71.36719,56.95313,42.89063,49.92188,69.60938,42.53906,87.1875,25.83984,12.59766,11.13281,11.60156,11.48438,11.54297,11.25,11.30859,11.30859,11.77734,11.54297,11.77734,11.30859,0.147705,0.133057,0.151367,0.12207,0.134277,0.130615,0.109863,0.10376,0.164795,0.145264,0.129395
2017-02-12T03:40:00Z,73.47656,72.42188,75.58594,72.77344,74.53125,74.17969,72.77344,72.07031,76.99219,77.34375,76.99219,79.80469,11.77734,7.73438,10.78125,11.54297,11.19141,11.54297,10.95703,11.36719,11.54297,11.42578,11.54297,11.07422,11.36719,0.144043,0.08667,0.117188,0.08667,0.112305,0.106201,0.102539,0.08667,0.114746,0.115967,0.124512
2017-02-12T03:50:00Z,78.75,72.42188,75.23438,74.17969,74.53125,75.58594,75.58594,75.58594,79.80469,80.85938,80.85938,79.80469,12.71484,9.78516,10.83984,10.89844,10.60547,11.13281,11.07422,11.13281,11.25,11.13281,11.19141,11.19141,11.25,0.119629,0.141602,0.107422,0.113525,0.100098,0.128174,0.130615,0.147705,0.137939,0.106201,0.10498
2017-02-12T04:00:00Z,76.64063,79.45313,76.99219,78.04688,75.58594,75.58594,74.88281,76.99219,76.64063,79.80469,80.50781,80.15625,12.94922,10.25391,11.54297,11.42578,11.71875,11.66016,11.71875,11.48438,11.71875,11.48438,11.60156,11.30859,11.48438,0.089111,0.098877,0.092773,0.108643,0.123291,0.118408,0.098877,0.124512,0.145264,0.095215,0.107422
2017-02-12T04:10:00Z,77.34375,78.04688,77.34375,76.99219,75.58594,76.28906,77.69531,82.26563,81.5625,80.50781,82.61719,78.75,12.53906,10.01953,10.89844,11.13281,11.19141,10.95703,11.01563,11.42578,11.83594,11.54297,11.36719,11.13281,11.30859,0.141602,0.128174,0.097656,0.124512,0.12207,0.111084,0.097656,0.150146,0.123291,0.112305,0.125732
2017-02-12T04:20:00Z,90.35156,81.21094,80.50781,79.45313,81.91406,79.45313,82.26563,82.61719,79.80469,78.04688,80.15625,82.96875,15.0,10.37109,10.78125,10.95703,11.01563,10.60547,10.78125,10.78125,11.07422,10.60547,11.25,11.07422,11.48438,0.147705,0.107422,0.125732,0.109863,0.134277,0.109863,0.118408,0.147705,0.10498,0.091553,0.098877
2017-02-12T04:30:00Z,80.85938,77.69531,78.75,77.69531,75.9375,76.28906,72.42188,79.10156,78.04688,82.96875,84.02344,85.07813,12.07031,9.08203,10.66406,10.60547,10.78125,10.60547,10.48828,10.25391,10.95703,10.83984,10.89844,10.78125,10.54688,0.12207,0.144043,0.115967,0.108643,0.131836,0.113525,0.109863,0.114746,0.108643,0.117188,0.12085
2017-02-12T04:40:00Z,79.10156,76.99219,78.04688,79.45313,77.69531,79.80469,78.04688,77.69531,80.85938,79.80469,82.26563,81.5625,11.42578,9.14063,10.60547,10.60547,10.60547,10.72266,10.48828,10.66406,10.48828,10.83984,10.95703,11.07422,10.89844,0.108643,0.151367,0.140381,0.106201,0.152588,0.115967,0.129395,0.134277,0.117188,0.106201,0.090332
2017-02-12T04:50:00Z,79.45313,83.32031,80.85938,77.34375,73.82813,75.23438,75.9375,76.99219,74.88281,80.85938,80.50781,79.80469,11.42578,9.14063,10.25391,10.3125,10.37109,10.60547,10.48828,10.60547,10.60547,10.66406,10.3125,10.72266,11.13281,0.129395,0.155029,0.145264,0.126953,0.126953,0.133057,0.101318,0.113525,0.134277,0.100098,0.102539
2017-02-12T05:00:00Z,76.99219,75.9375,76.99219,72.77344,76.64063,77.34375,79.10156,76.99219,74.53125,78.04688,82.61719,83.67188,11.66016,9.14063,10.13672,10.48828,9.90234,10.66406,10.54688,10.13672,10.13672,10.66406,10.95703,10.72266,10.42969,0.146484,0.111084,0.124512,0.131836,0.150146,0.112305,0.169678,0.13916,0.13916,0.133057,0.126953
2017-02-12T05:10:00Z,74.88281,72.42188,73.47656,73.82813,71.01563,75.9375,76.64063,75.58594,76.28906,80.15625,81.91406,81.91406,11.66016,9.49219,10.66406,11.01563,10.54688,11.25,10.78125,10.66406,10.66406,11.01563,11.19141,10.72266,10.54688,0.152588,0.13916,0.134277,0.097656,0.129395,0.106201,0.129395,0.135498,0.134277,0.129395,0.140381
2017-02-12T05:20:00Z,73.82813,74.88281,77.69531,74.53125,77.34375,78.39844,76.64063,79.45313,75.23438,76.64063,80.15625,82.26563,11.48438,9.25781,10.37109,10.78125,10.25391,10.83984,10.95703,10.95703,10.83984,10.78125,10.95703,11.01563,11.07422,0.184326,0.136719,0.12085,0.137939,0.148926,0.133057,0.117188,0.136719,0.131836,0.147705,0.136719
2017-02-12T05:30:00Z,75.58594,79.45313,79.10156,75.9375,81.21094,79.10156,80.15625,76.64063,80.85938,79.10156,87.89063,83.32031,11.01563,9.08203,10.48828,10.3125,10.54688,10.48828,10.48828,10.19531,10.37109,10.72266,11.19141,11.07422,10.37109,0.087891,0.125732,0.12207,0.118408,0.081787,0.128174,0.134277,0.109863,0.128174,0.131836,0.15625
2017-02-12T05:40:00Z,76.99219,77.69531,76.28906,74.53125,78.39844,83.67188,82.61719,82.96875,81.21094,80.50781,82.96875,78.39844,11.95313,9.375,10.89844,10.95703,10.89844,11.25,10.72266,10.95703,11.01563,10.83984,10.95703,10.89844,10.95703,0.134277,0.111084,0.12207,0.108643,0.140381,0.157471,0.145264,0.114746,0.135498,0.144043,0.118408
2017-02-12T05:50:00Z,78.04688,82.26563,81.5625,81.91406,79.45313,78.04688,77.34375,80.15625,81.5625,85.07813,85.42969,87.1875,11.42578,9.25781,10.19531,10.25391,10.07813,10.37109,10.66406,10.95703,10.89844,10.66406,11.01563,11.01563,11.01563,0.136719,0.155029,0.140381,0.163574,0.115967,0.148926,0.141602,0.109863,0.164795,0.141602,0.125732
2017-02-12T06:00:00Z,78.75,81.21094,81.21094,82.61719,79.10156,76.99219,82.96875,83.32031,80.50781,85.78125,83.67188,87.89063,11.36719,8.84766,9.60938,9.66797,9.96094,9.78516,10.25391,10.48828,10.3125,9.84375,10.42969,10.83984,11.01563,0.107422,0.147705,0.148926,0.137939,0.142822,0.169678,0.140381,0.135498,0.163574,0.108643,0.115967
2017-02-12T06:10:00Z,76.64063,75.23438,79.80469,78.04688,82.96875,83.32031,84.375,87.89063,86.83594,87.1875,85.07813,87.1875,11.77734,8.84766,10.07813,10.25391,9.78516,10.60547,10.19531,10.3125,10.19531,10.42969,10.60547,10.83984,10.37109,0.142822,0.135498,0.166016,0.150146,0.113525,0.126953,0.163574,0.12207,0.115967,0.130615,0.181885
2017-02-12T06:20:00Z,78.04688,85.42969,87.1875,86.83594,83.32031,85.07813,79.45313,79.80469,82.26563,85.07813,89.64844,91.75781,11.42578,9.08203,10.3125,10.37109,10.60547,10.54688,10.37109,10.07813,10.83984,10.72266,11.25,10.89844,10.72266,0.145264,0.135498,0.102539,0.142822,0.135498,0.150146,0.111084,0.113525,0.12085,0.114746,0.113525
2017-02-12T06:30:00Z,79.10156,84.72656,80.15625,84.02344,83.32031,82.96875,83.67188,83.67188,83.67188,88.59375,91.75781,93.51563,11.89453,9.08203,9.90234,10.07813,10.37109,10.78125,10.60547,10.72266,10.72266,10.54688,10.60547,11.30859,11.60156,0.169678,0.141602,0.112305,0.119629,0.142822,0.147705,0.084229,0.13916,0.12085,0.140381,0.106201
2017-02-12T06:40:00Z,78.75,84.72656,84.375,84.375,84.02344,84.375,87.53906,86.13281,86.83594,87.89063,85.42969,88.94531,11.48438,9.60938,10.66406,10.42969,10.72266,10.60547,11.30859,11.30859,11.01563,10.60547,10.95703,10.89844,11.54297,0.175781,0.184326,0.12085,0.128174,0.136719,0.108643,0.10498,0.140381,0.129395,0.144043,0.152588
2017-02-12T06:50:00Z,78.04688,86.13281,86.48438,87.89063,90.70313,90.35156,87.89063,87.1875,88.59375,91.75781,91.75781,88.59375,11.54297,9.66797,10.3125,11.13281,11.13281,11.36719,11.01563,10.72266,11.01563,11.60156,11.60156,11.36719,11.30859,0.153809,0.123291,0.131836,0.123291,0.12085,0.130615,0.137939,0.10376,0.118408,0.101318,0.109863
2017-02-12T07:00:00Z,75.23438,81.5625,86.48438,82.96875,85.42969,87.53906,87.89063,86.13281,86.48438,87.89063,86.83594,91.05469,12.24609,9.90234,11.54297,11.71875,10.66406,11.54297,11.36719,11.19141,10.83984,11.13281,11.36719,11.66016,11.48438,0.134277,0.091553,0.164795,0.119629,0.133057,0.111084,0.167236,0.148926,0.125732,0.153809,0.135498
2017-02-12T07:10:00Z,78.75,86.83594,87.53906,88.59375,91.40625,90.70313,90.35156,89.64844,90.70313,91.40625,93.16406,92.8125,13.53516,9.72656,10.3125,11.30859,10.95703,11.25,11.30859,10.95703,11.01563,11.13281,11.25,10.89844,11.13281,0.172119,0.133057,0.137939,0.112305,0.12207,0.157471,0.136719,0.158691,0.133057,0.151367,0.131836
2017-02-12T07:20:00Z,76.28906,91.40625,93.16406,89.29688,92.46094,91.05469,89.64844,86.48438,87.1875,90.35156,90.35156,91.75781,11.66016,9.78516,10.72266,11.13281,10.95703,11.07422,10.89844,10.83984,10.89844,11.36719,11.07422,10.95703,11.19141,0.126953,0.123291,0.177002,0.147705,0.141602,0.159912,0.133057,0.131836,0.125732,0.168457,0.141602
2017-02-12T07:30:00Z,76.99219,88.59375,88.59375,88.24219,88.94531,90.35156,87.89063,91.40625,91.40625,94.21875,92.46094,91.40625,11.89453,9.60938,10.37109,10.78125,10.60547,10.83984,10.89844,11.01563,10.78125,10.89844,10.95703,11.07422,11.25,0.147705,0.115967,0.141602,0.150146,0.108643,0.142822,0.152588,0.136719,0.135498,0.125732,0.101318
2017-02-12T07:40:00Z,76.99219,93.16406,91.40625,93.51563,88.59375,87.53906,88.94531,91.05469,93.51563,93.16406,93.51563,91.40625,11.48438,9.31641,10.83984,10.72266,11.30859,10.72266,11.19141,11.66016,11.54297,11.36719,11.07422,11.36719,11.77734,0.147705,0.153809,0.150146,0.150146,0.119629,0.12207,0.144043,0.119629,0.135498,0.140381,0.130615
2017-02-12T07:50:00Z,75.9375,87.1875,86.83594,89.64844,87.89063,88.24219,91.75781,92.46094,94.92188,94.92188,93.16406,91.05469,12.65625,10.48828,11.30859,11.48438,11.77734,11.30859,11.48438,11.89453,11.66016,11.83594,11.48438,11.77734,11.48438,0.113525,0.170898,0.148926,0.175781,0.133057,0.118408,0.148926,0.115967,0.13916,0.163574,0.118408
2017-02-12T08:00:00Z,76.28906,88.94531,86.83594,88.94531,90.35156,92.46094,92.8125,91.75781,92.10938,94.92188,88.94531,89.64844,12.12891,9.84375,11.42578,11.25,11.48438,11.48438,11.42578,11.60156,11.71875,11.89453,11.60156,11.42578,11.71875,0.174561,0.181885,0.146484,0.189209,0.117188,0.137939,0.158691,0.118408,0.13916,0.136719,0.12085
