LOCATION: 
SYSTEM SERIAL: HKZA
TIMESTAMP (ISO-8601) UTC,WindDir004m deg,WindDir030m deg,WindDir040m deg,WindDir040m_ref deg,WindDir060m deg,WindDir080m deg,WindDir100m deg,WindDir120m deg,WindDir140m deg,WindDir160m deg,WindDir180m deg,WindDir200m deg,WindGust004m m/s,WindSpeed004m m/s,WindSpeed030mh m/s,WindSpeed040mh m/s,WindSpeed040m_refh m/s,WindSpeed060mh m/s,WindSpeed080mh m/s,WindSpeed100mh m/s,WindSpeed120mh m/s,WindSpeed140mh m/s,WindSpeed160mh m/s,WindSpeed180mh m/s,WindSpeed200mh m/s,TI 030m,TI 040m,TI 040m ref,TI 060m,TI 080m,TI 100m,TI 120m,TI 140m,TI 160m,TI 180m,TI 200m
2017-10-05T00:00:00Z,242.22656,244.33594,243.63281,245.03906,245.39063,246.09375,246.09375,243.98438,242.92969,242.92969,242.22656,245.39063,15.17578,11.77734,14.0625,14.47266,14.35547,14.82422,14.94141,14.35547,14.53125,14.70703,14.76563,15.52734,14.70703,0.12207,0.129395,0.12207,0.12207,0.133057,0.141602,0.128174,0.145264,0.13916,0.108643,0.126953
2017-10-05T00:10:00Z,240.46875,245.03906,242.92969,244.6875,242.57813,248.90625,245.74219,246.09375,245.39063,243.98438,248.90625,247.85156,14.82422,11.54297,13.94531,14.23828,13.35938,14.47266,14.00391,14.0625,14.00391,14.47266,15.05859,15.11719,14.23828,0.155029,0.124512,0.123291,0.153809,0.12085,0.159912,0.17334,0.151367,0.12207,0.141602,0.117188
2017-10-05T00:20:00Z,241.52344,245.39063,245.74219,248.90625,243.98438,246.09375,245.74219,243.63281,246.44531,245.39063,242.57813,240.11719,16.23047,12.42188,14.64844,14.70703,14.88281,15.46875,16.34766,16.69922,15.35156,15.35156,16.40625,16.58203,16.46484,0.109863,0.137939,0.150146,0.125732,0.118408,0.153809,0.123291,0.12207,0.095215,0.134277,0.133057
2017-10-05T03:00:00Z,234.49219,245.39063,246.09375,241.17188,243.63281,242.92969,245.39063,243.28125,242.92969,248.90625,246.79688,247.85156,17.57813,13.125,18.39844,18.92578,18.86719,19.45313,19.33594,19.6875,20.21484,20.56641,20.68359,20.625,20.91797,0.141602,0.106201,0.142822,0.114746,0.113525,0.112305,0.118408,0.10498,0.101318,0.10376,0.100098
2017-10-05T03:10:00Z,240.11719,251.01563,249.25781,247.5,244.6875,246.44531,245.74219,246.44531,248.20313,245.74219,247.85156,249.96094,18.98438,15.0,18.22266,18.45703,18.33984,18.69141,18.86719,19.04297,19.86328,20.09766,20.39063,21.21094,20.85938,0.13916,0.117188,0.137939,0.136719,0.142822,0.112305,0.098877,0.12207,0.119629,0.097656,0.134277
2017-10-05T03:20:00Z,243.28125,247.5,247.14844,248.55469,243.63281,242.92969,247.5,249.60938,250.3125,248.90625,246.79688,248.55469,18.63281,14.82422,18.04688,18.51563,18.22266,18.28125,19.45313,19.45313,19.98047,20.33203,20.625,21.09375,21.26953,0.148926,0.112305,0.145264,0.106201,0.148926,0.17334,0.133057,0.119629,0.12207,0.142822,0.13916
2017-10-05T03:30:00Z,243.63281,247.5,251.36719,249.60938,246.09375,244.33594,247.5,248.55469,249.96094,249.25781,251.36719,248.20313,17.98828,14.64844,17.87109,18.39844,18.45703,18.98438,19.86328,20.44922,21.09375,21.26953,21.21094,21.03516,21.73828,0.131836,0.118408,0.13916,0.106201,0.10376,0.087891,0.112305,0.098877,0.091553,0.090332,0.112305
2017-10-05T03:40:00Z,244.6875,245.39063,249.25781,249.25781,246.09375,246.79688,249.25781,243.98438,248.20313,248.90625,252.77344,251.36719,19.57031,14.76563,19.04297,19.86328,19.45313,20.33203,21.15234,20.91797,20.80078,21.62109,22.55859,22.79297,22.32422,0.145264,0.148926,0.115967,0.179443,0.126953,0.111084,0.108643,0.113525,0.10376,0.115967,0.097656
2017-10-05T03:50:00Z,244.33594,244.33594,248.20313,243.98438,247.85156,244.33594,245.03906,244.6875,245.03906,252.77344,252.42188,248.55469,20.33203,15.23438,19.10156,18.69141,19.86328,18.92578,20.50781,20.80078,21.44531,21.91406,21.73828,21.38672,21.91406,0.131836,0.125732,0.12085,0.113525,0.13916,0.141602,0.133057,0.092773,0.10376,0.111084,0.113525
2017-10-05T04:00:00Z,242.57813,253.125,245.39063,249.60938,245.74219,244.6875,251.36719,251.71875,249.96094,251.36719,252.42188,248.55469,19.80469,15.11719,17.87109,18.98438,18.51563,19.57031,19.92188,20.39063,20.27344,20.50781,21.09375,21.62109,22.32422,0.102539,0.128174,0.115967,0.128174,0.155029,0.162354,0.135498,0.130615,0.130615,0.111084,0.133057
2017-10-05T04:20:00Z,243.28125,246.79688,248.20313,249.25781,251.36719,247.85156,247.85156,248.55469,249.60938,246.44531,247.85156,251.71875,18.45703,13.71094,17.98828,18.57422,18.16406,18.57422,18.86719,19.98047,20.09766,20.50781,20.50781,21.79688,22.14844,0.153809,0.119629,0.148926,0.150146,0.140381,0.148926,0.12085,0.118408,0.109863,0.13916,0.113525
2017-10-05T04:30:00Z,243.28125,249.60938,250.3125,251.71875,243.63281,246.44531,247.14844,253.125,249.25781,248.55469,246.44531,250.3125,20.74219,14.76563,18.69141,19.10156,19.51172,19.98047,20.85938,21.21094,21.62109,21.44531,21.44531,22.08984,22.79297,0.172119,0.137939,0.151367,0.151367,0.151367,0.150146,0.134277,0.113525,0.124512,0.101318,0.119629
2017-10-05T04:40:00Z,243.98438,245.74219,245.39063,247.5,246.09375,247.5,249.96094,245.74219,248.90625,247.85156,248.90625,248.20313,18.63281,14.76563,18.92578,19.62891,19.45313,20.27344,20.91797,21.21094,21.5625,21.97266,21.79688,21.79688,22.61719,0.140381,0.144043,0.117188,0.137939,0.12207,0.123291,0.119629,0.124512,0.124512,0.10498,0.093994
2017-10-05T04:50:00Z,243.28125,246.79688,245.74219,249.60938,251.36719,247.14844,249.25781,247.5,248.20313,246.09375,248.90625,248.55469,19.98047,15.41016,18.75,19.80469,19.57031,20.625,20.97656,21.09375,22.26563,23.14453,23.32031,23.32031,23.73047,0.126953,0.118408,0.158691,0.162354,0.141602,0.148926,0.118408,0.095215,0.130615,0.107422,0.113525
2017-10-05T05:00:00Z,243.98438,252.77344,252.07031,251.71875,251.71875,254.17969,248.55469,253.125,253.47656,252.42188,249.25781,251.71875,19.98047,15.52734,19.57031,19.98047,20.44922,20.56641,21.15234,21.67969,21.79688,21.91406,21.21094,22.26563,23.02734,0.166016,0.147705,0.10376,0.126953,0.107422,0.119629,0.129395,0.112305,0.117188,0.135498,0.102539
2017-10-05T05:10:00Z,248.20313,255.9375,256.64063,249.96094,255.23438,250.3125,252.07031,255.58594,255.58594,254.88281,256.64063,256.28906,20.33203,15.76172,20.44922,21.38672,20.68359,21.67969,21.97266,22.03125,21.97266,22.96875,23.78906,23.4375,23.37891,0.159912,0.13916,0.172119,0.134277,0.129395,0.119629,0.147705,0.12085,0.126953,0.128174,0.112305
2017-10-05T05:20:00Z,247.5,250.66406,255.9375,247.14844,258.75,252.77344,250.66406,253.47656,250.66406,253.47656,253.82813,259.80469,20.27344,15.46875,20.09766,20.74219,20.15625,20.68359,21.62109,22.26563,22.61719,23.08594,23.49609,23.78906,24.02344,0.159912,0.133057,0.146484,0.117188,0.131836,0.12207,0.125732,0.142822,0.125732,0.123291,0.10498
2017-10-05T05:30:00Z,246.79688,254.53125,250.3125,255.58594,250.3125,250.66406,250.66406,255.23438,258.75,256.28906,250.66406,252.07031,20.56641,15.41016,19.04297,19.33594,19.57031,20.39063,21.38672,21.73828,21.73828,21.5625,21.21094,22.38281,22.96875,0.131836,0.181885,0.129395,0.140381,0.107422,0.162354,0.141602,0.140381,0.123291,0.140381,0.135498
2017-10-05T05:40:00Z,248.20313,255.58594,254.88281,252.42188,254.17969,255.58594,252.77344,251.36719,257.69531,258.04688,258.39844,257.69531,20.68359,15.52734,20.50781,20.03906,21.26953,20.74219,21.67969,21.79688,22.14844,22.85156,23.37891,23.20313,23.4375,0.142822,0.140381,0.146484,0.137939,0.131836,0.134277,0.129395,0.134277,0.093994,0.112305,0.128174
2017-10-05T05:50:00Z,250.3125,254.53125,256.99219,251.36719,252.77344,256.28906,251.71875,253.82813,254.17969,257.69531,260.15625,256.28906,21.97266,15.9375,19.86328,20.33203,19.92188,19.98047,20.68359,21.38672,22.14844,22.26563,22.55859,23.20313,23.73047,0.141602,0.150146,0.137939,0.141602,0.145264,0.148926,0.114746,0.141602,0.125732,0.129395,0.114746
2017-10-05T06:00:00Z,251.01563,255.9375,252.77344,251.01563,257.69531,254.88281,258.39844,251.71875,258.04688,253.82813,256.99219,258.04688,19.92188,15.05859,20.74219,20.625,21.38672,21.91406,22.32422,22.26563,22.61719,23.14453,23.02734,23.08594,24.14063,0.167236,0.163574,0.153809,0.169678,0.134277,0.112305,0.147705,0.142822,0.146484,0.117188,0.124512
2017-10-05T06:10:00Z,249.60938,252.07031,257.69531,252.77344,255.23438,255.9375,251.36719,261.5625,253.82813,250.3125,256.28906,259.10156,21.03516,15.58594,20.39063,21.15234,20.74219,21.91406,22.14844,22.79297,22.08984,22.73438,24.72656,24.66797,24.60938,0.164795,0.133057,0.137939,0.100098,0.140381,0.17334,0.137939,0.119629,0.083008,0.123291,0.145264
2017-10-05T06:20:00Z,249.96094,258.39844,255.9375,258.75,253.82813,257.34375,254.53125,256.28906,259.80469,254.88281,254.88281,257.69531,21.5625,15.87891,19.6875,20.03906,20.74219,21.50391,21.67969,22.38281,23.02734,22.73438,23.37891,23.90625,24.60938,0.167236,0.142822,0.184326,0.140381,0.167236,0.136719,0.114746,0.114746,0.141602,0.12207,0.12207
2017-10-05T06:30:00Z,250.3125,254.88281,253.82813,254.53125,261.21094,261.21094,257.69531,254.17969,256.28906,259.45313,255.58594,264.72656,21.15234,15.64453,20.27344,20.44922,20.21484,21.5625,21.5625,22.26563,22.61719,23.32031,23.49609,24.43359,24.43359,0.118408,0.155029,0.158691,0.158691,0.10376,0.13916,0.112305,0.136719,0.130615,0.109863,0.10498
2017-10-05T06:40:00Z,253.125,256.64063,261.91406,254.88281,256.28906,255.23438,251.36719,255.9375,256.99219,260.50781,258.75,259.45313,20.50781,15.82031,21.21094,21.5625,21.26953,22.5,22.55859,23.49609,24.49219,24.43359,23.90625,24.08203,24.19922,0.158691,0.152588,0.129395,0.113525,0.157471,0.148926,0.114746,0.106201,0.118408,0.113525,0.144043
2017-10-05T06:50:00Z,252.07031,255.23438,252.42188,256.28906,254.17969,261.91406,258.04688,255.23438,254.53125,255.23438,258.04688,264.02344,20.80078,16.17188,20.85938,21.79688,21.32813,22.26563,21.38672,21.73828,23.4375,23.84766,23.90625,24.55078,23.96484,0.141602,0.124512,0.133057,0.157471,0.142822,0.123291,0.118408,0.117188,0.107422,0.136719,0.133057
2017-10-05T07:00:00Z,253.47656,256.64063,257.69531,258.04688,258.75,257.34375,259.10156,256.64063,256.99219,260.85938,259.10156,259.45313,20.74219,15.64453,20.15625,20.74219,20.68359,21.26953,21.85547,22.91016,22.55859,22.67578,23.08594,24.19922,24.90234,0.157471,0.162354,0.152588,0.170898,0.108643,0.117188,0.151367,0.124512,0.145264,0.12085,0.115967
2017-10-05T07:10:00Z,255.9375,258.04688,261.5625,262.61719,257.69531,261.91406,262.96875,263.67188,261.21094,263.32031,262.26563,261.21094,20.74219,15.9375,18.80859,20.15625,19.62891,21.32813,21.32813,21.62109,22.32422,22.91016,22.73438,23.02734,23.84766,0.174561,0.144043,0.183105,0.148926,0.146484,0.129395,0.141602,0.151367,0.140381,0.130615,0.135498
2017-10-05T07:20:00Z,257.34375,262.26563,259.45313,264.02344,264.72656,265.07813,264.72656,263.67188,265.07813,266.48438,265.07813,268.94531,21.91406,15.17578,20.27344,20.85938,21.32813,22.55859,22.91016,22.79297,23.20313,23.78906,23.96484,25.60547,25.42969,0.137939,0.106201,0.147705,0.12207,0.12085,0.147705,0.164795,0.152588,0.167236,0.131836,0.109863
2017-10-05T07:30:00Z,260.85938,260.50781,261.91406,258.75,260.85938,261.5625,267.89063,264.375,264.02344,270.0,268.94531,266.83594,22.26563,16.23047,20.15625,20.56641,20.44922,21.21094,22.26563,22.79297,23.4375,23.37891,23.26172,23.78906,23.49609,0.142822,0.145264,0.141602,0.123291,0.125732,0.119629,0.100098,0.106201,0.093994,0.109863,0.13916
2017-10-05T07:40:00Z,261.91406,283.00781,283.00781,283.00781,285.46875,284.76563,281.25,276.32813,284.76563,292.14844,289.6875,283.00781,24.43359,15.87891,22.96875,23.61328,22.91016,24.31641,24.72656,25.37109,26.71875,26.66016,26.13281,25.83984,25.95703,0.167236,0.155029,0.155029,0.167236,0.140381,0.147705,0.135498,0.150146,0.148926,0.146484,0.146484
2017-10-05T07:50:00Z,287.22656,296.71875,303.04688,301.99219,299.88281,300.23438,300.58594,301.28906,304.10156,301.28906,296.36719,299.17969,26.48438,16.99219,21.79688,21.91406,22.08984,21.73828,22.96875,23.08594,23.49609,24.14063,23.26172,24.375,24.60938,0.163574,0.146484,0.153809,0.124512,0.123291,0.136719,0.133057,0.118408,0.117188,0.12207,0.106201
2017-10-05T08:00:00Z,295.66406,303.75,309.02344,299.88281,302.69531,299.53125,297.77344,302.34375,301.28906,305.50781,306.5625,300.23438,23.26172,16.58203,23.96484,22.96875,24.49219,24.49219,25.89844,26.89453,27.36328,26.83594,25.72266,26.25,26.71875,0.131836,0.140381,0.133057,0.142822,0.142822,0.145264,0.128174,0.117188,0.13916,0.124512,0.087891
2017-10-05T08:10:00Z,297.77344,308.67188,300.23438,305.50781,298.82813,306.21094,306.91406,302.34375,300.23438,305.15625,306.91406,304.10156,22.79297,17.57813,21.44531,22.61719,22.14844,23.49609,23.02734,22.85156,24.08203,24.78516,24.72656,24.25781,23.73047,0.142822,0.118408,0.146484,0.130615,0.172119,0.159912,0.117188,0.12085,0.124512,0.142822,0.128174
2017-10-05T08:20:00Z,302.34375,310.07813,311.83594,313.94531,315.0,309.72656,307.26563,311.48438,313.94531,307.61719,310.78125,315.70313,22.73438,16.23047,21.97266,23.08594,23.02734,23.55469,24.43359,25.07813,24.72656,24.43359,24.66797,25.37109,25.60547,0.144043,0.130615,0.108643,0.13916,0.153809,0.111084,0.117188,0.115967,0.123291,0.124512,0.101318
2017-10-05T08:30:00Z,309.375,320.625,320.27344,319.21875,320.27344,316.75781,315.35156,312.89063,317.8125,322.03125,317.10938,315.70313,22.5,16.75781,20.44922,21.09375,20.39063,21.85547,21.91406,21.85547,22.96875,23.02734,22.61719,23.02734,23.73047,0.100098,0.100098,0.113525,0.112305,0.144043,0.147705,0.15625,0.13916,0.12085,0.13916,0.12085
2017-10-05T08:40:00Z,316.75781,325.54688,318.51563,324.49219,322.03125,325.19531,330.46875,323.4375,325.54688,320.625,320.625,325.19531,20.625,15.64453,19.39453,20.56641,20.50781,21.09375,21.38672,22.08984,22.20703,22.03125,22.55859,23.02734,23.96484,0.146484,0.115967,0.140381,0.137939,0.142822,0.114746,0.108643,0.085449,0.106201,0.133057,0.112305
2017-10-05T08:50:00Z,319.57031,319.92188,322.73438,318.16406,320.625,318.51563,320.97656,320.27344,318.51563,318.51563,319.57031,320.27344,22.91016,16.17188,20.27344,20.50781,20.50781,21.32813,21.5625,21.67969,21.73828,21.97266,22.5,22.44141,22.20703,0.189209,0.164795,0.128174,0.137939,0.113525,0.137939,0.12207,0.130615,0.112305,0.100098,0.159912
2017-10-05T09:00:00Z,316.75781,320.97656,321.32813,320.97656,323.4375,319.57031,321.67969,320.27344,319.57031,320.97656,324.84375,319.21875,20.91797,15.29297,19.92188,20.09766,20.625,20.21484,20.91797,21.85547,21.73828,21.85547,21.73828,22.44141,22.5,0.166016,0.157471,0.142822,0.15625,0.133057,0.135498,0.141602,0.137939,0.166016,0.133057,0.111084
2017-10-05T09:10:00Z,318.51563,323.78906,320.97656,321.32813,319.21875,323.08594,323.78906,323.08594,323.78906,324.84375,320.97656,326.25,21.91406,15.82031,19.33594,20.56641,19.51172,20.91797,21.5625,21.67969,21.50391,21.26953,21.44531,21.85547,22.14844,0.146484,0.15625,0.130615,0.140381,0.137939,0.128174,0.129395,0.146484,0.133057,0.128174,0.137939
2017-10-05T09:20:00Z,318.86719,322.03125,325.19531,324.14063,329.41406,317.10938,322.03125,323.4375,323.78906,327.65625,323.08594,319.21875,20.09766,15.11719,20.03906,20.56641,21.09375,20.15625,21.50391,22.20703,22.55859,21.44531,21.50391,21.62109,22.20703,0.107422,0.144043,0.128174,0.129395,0.124512,0.134277,0.129395,0.081787,0.113525,0.119629,0.097656
2017-10-05T09:30:00Z,318.51563,322.73438,318.51563,324.49219,322.38281,319.57031,324.14063,324.84375,318.86719,323.4375,322.03125,320.625,21.09375,15.52734,19.86328,19.74609,21.03516,20.91797,21.91406,22.20703,21.32813,21.09375,21.50391,21.91406,22.20703,0.130615,0.148926,0.163574,0.119629,0.157471,0.100098,0.137939,0.123291,0.112305,0.108643,0.115967
2017-10-05T09:40:00Z,319.92188,320.97656,318.51563,328.00781,323.78906,319.57031,322.03125,323.4375,327.30469,322.38281,318.86719,318.86719,20.97656,14.82422,17.98828,18.57422,18.45703,19.33594,20.09766,20.50781,20.625,20.27344,20.33203,20.15625,20.97656,0.123291,0.137939,0.134277,0.140381,0.135498,0.153809,0.136719,0.111084,0.141602,0.113525,0.130615
2017-10-05T09:50:00Z,317.46094,325.89844,322.73438,326.25,320.97656,325.89844,325.54688,325.19531,323.4375,322.03125,323.08594,325.89844,18.75,14.53125,18.51563,19.04297,19.27734,19.62891,20.09766,20.27344,20.27344,19.6875,20.27344,20.91797,20.97656,0.157471,0.136719,0.131836,0.134277,0.135498,0.142822,0.137939,0.150146,0.133057,0.133057,0.125732
2017-10-05T10:00:00Z,318.16406,324.84375,322.73438,318.51563,321.67969,320.27344,316.05469,321.32813,325.54688,320.97656,325.89844,327.65625,20.39063,14.64844,18.10547,18.10547,18.16406,18.04688,18.57422,19.10156,18.69141,18.57422,18.98438,19.21875,18.80859,0.140381,0.119629,0.146484,0.12207,0.119629,0.124512,0.144043,0.144043,0.128174,0.109863,0.117188
2017-10-05T10:10:00Z,319.57031,325.89844,329.0625,330.11719,324.49219,322.38281,328.00781,323.4375,324.49219,329.76563,327.65625,328.35938,18.69141,14.47266,18.33984,18.80859,19.33594,18.80859,20.21484,19.98047,19.6875,20.74219,20.27344,20.44922,20.33203,0.124512,0.129395,0.131836,0.12207,0.113525,0.129395,0.119629,0.136719,0.119629,0.092773,0.125732
2017-10-05T10:20:00Z,323.08594,321.67969,323.08594,328.00781,325.89844,328.71094,324.49219,329.41406,325.19531,328.71094,327.30469,324.84375,19.74609,14.76563,18.69141,18.75,19.04297,19.21875,18.86719,19.57031,19.92188,20.625,21.03516,19.45313,19.86328,0.137939,0.172119,0.144043,0.145264,0.137939,0.135498,0.114746,0.137939,0.12207,0.153809,0.092773
2017-10-05T10:30:00Z,323.4375,328.00781,329.41406,333.98438,329.41406,335.03906,328.71094,330.46875,330.11719,336.44531,331.52344,335.74219,18.45703,14.29688,17.92969,18.04688,18.69141,18.75,19.21875,19.21875,19.6875,20.03906,19.86328,19.74609,20.625,0.17334,0.155029,0.12207,0.126953,0.12207,0.136719,0.111084,0.117188,0.12207,0.133057,0.155029
2017-10-05T10:40:00Z,326.60156,324.49219,332.57813,327.30469,325.19531,324.84375,330.46875,327.30469,327.30469,324.14063,326.60156,326.95313,18.80859,14.76563,18.63281,18.75,18.86719,19.04297,19.92188,20.15625,19.45313,19.57031,19.39453,19.39453,19.92188,0.140381,0.136719,0.125732,0.145264,0.130615,0.115967,0.166016,0.151367,0.157471,0.137939,0.098877
2017-10-05T10:50:00Z,320.97656,318.86719,321.67969,316.40625,321.67969,315.70313,319.57031,323.4375,319.92188,317.8125,319.92188,320.27344,18.45703,14.00391,15.9375,15.76172,16.75781,16.28906,17.16797,17.63672,17.57813,17.75391,17.75391,18.22266,18.33984,0.13916,0.12207,0.115967,0.147705,0.157471,0.119629,0.161133,0.128174,0.111084,0.136719,0.10376
2017-10-05T11:00:00Z,312.53906,316.40625,314.29688,308.32031,322.03125,320.27344,319.92188,319.21875,323.4375,320.97656,318.16406,322.38281,17.34375,13.06641,16.58203,17.46094,17.28516,17.69531,17.75391,17.92969,18.92578,18.28125,17.51953,17.98828,17.98828,0.124512,0.134277,0.128174,0.152588,0.135498,0.126953,0.124512,0.125732,0.142822,0.117188,0.118408
2017-10-05T11:10:00Z,315.0,316.75781,318.86719,313.94531,320.27344,323.78906,320.625,317.46094,317.8125,319.57031,325.89844,320.97656,17.8125,13.41797,18.04688,17.98828,17.92969,18.39844,18.51563,18.51563,19.16016,19.51172,19.27734,18.75,18.28125,0.150146,0.172119,0.126953,0.134277,0.109863,0.097656,0.101318,0.117188,0.10376,0.112305,0.129395
2017-10-05T11:20:00Z,317.46094,326.95313,324.49219,317.8125,322.38281,316.40625,318.86719,318.16406,319.21875,323.08594,322.38281,323.4375,17.75391,13.94531,17.57813,16.875,17.98828,17.34375,18.45703,18.45703,18.51563,18.57422,18.45703,18.10547,18.57422,0.131836,0.124512,0.12207,0.158691,0.137939,0.093994,0.106201,0.124512,0.12085,0.12085,0.118408
2017-10-05T11:30:00Z,315.35156,320.27344,323.4375,318.16406,321.67969,322.73438,320.625,318.51563,322.03125,321.32813,323.08594,316.40625,17.75391,13.82813,17.05078,17.46094,17.63672,17.87109,18.86719,18.75,18.75,17.98828,18.63281,18.33984,18.57422,0.130615,0.119629,0.146484,0.12085,0.119629,0.10376,0.128174,0.161133,0.141602,0.129395,0.124512
2017-10-05T11:40:00Z,316.75781,316.05469,308.32031,315.35156,317.10938,318.16406,315.70313,316.05469,313.94531,319.57031,316.40625,317.46094,17.69531,13.88672,16.11328,17.22656,16.46484,17.46094,17.16797,17.46094,17.69531,17.69531,17.28516,17.98828,17.69531,0.145264,0.175781,0.12085,0.117188,0.128174,0.126953,0.158691,0.150146,0.115967,0.197754,0.134277
2017-10-05T11:50:00Z,311.48438,319.21875,319.57031,322.38281,315.35156,315.0,319.21875,322.38281,320.27344,319.21875,316.05469,317.10938,16.81641,12.83203,15.70313,15.87891,15.76172,16.46484,16.58203,17.28516,16.58203,16.93359,16.81641,17.22656,17.34375,0.151367,0.119629,0.155029,0.147705,0.135498,0.114746,0.118408,0.13916,0.106201,0.108643,0.12085
2017-10-05T12:00:00Z,312.89063,311.83594,315.35156,319.21875,311.48438,316.05469,315.70313,317.10938,311.83594,315.35156,319.57031,316.05469,16.69922,12.89063,15.70313,15.82031,16.23047,16.52344,16.17188,16.75781,17.22656,17.40234,16.99219,17.05078,17.10938,0.12085,0.130615,0.15625,0.155029,0.152588,0.144043,0.144043,0.147705,0.137939,0.137939,0.12085
2017-10-05T12:10:00Z,309.72656,314.29688,322.38281,311.83594,317.8125,314.29688,317.8125,317.8125,314.64844,316.05469,315.0,314.29688,16.05469,12.71484,16.69922,16.875,16.28906,16.64063,16.40625,16.34766,16.58203,17.05078,17.28516,16.64063,16.52344,0.142822,0.140381,0.095215,0.124512,0.13916,0.113525,0.141602,0.124512,0.100098,0.10376,0.125732
2017-10-05T12:20:00Z,311.48438,319.21875,317.10938,321.32813,310.07813,315.0,317.8125,310.78125,314.64844,319.57031,313.59375,311.48438,16.52344,12.71484,15.23438,15.52734,16.46484,16.40625,16.875,16.64063,16.58203,16.58203,16.28906,16.75781,17.10938,0.170898,0.113525,0.111084,0.151367,0.153809,0.126953,0.101318,0.108643,0.119629,0.126953,0.131836
2017-10-05T12:30:00Z,310.07813,307.96875,311.83594,309.375,308.32031,309.02344,311.13281,313.24219,312.89063,310.07813,309.375,310.07813,16.17188,12.1875,15.70313,15.52734,15.9375,15.87891,16.28906,16.64063,16.46484,16.11328,16.28906,16.05469,16.40625,0.130615,0.167236,0.151367,0.135498,0.12085,0.123291,0.142822,0.136719,0.142822,0.130615,0.13916
2017-10-05T12:40:00Z,303.39844,306.91406,310.42969,304.10156,307.96875,307.61719,304.10156,311.48438,306.91406,304.80469,304.10156,309.375,16.17188,12.30469,15.46875,15.29297,15.87891,14.94141,16.17188,16.52344,16.64063,16.69922,16.75781,16.81641,16.875,0.128174,0.147705,0.130615,0.125732,0.125732,0.114746,0.113525,0.115967,0.109863,0.150146,0.118408
2017-10-05T12:50:00Z,304.80469,309.02344,308.67188,309.375,309.375,307.96875,304.80469,305.15625,307.26563,310.78125,308.32031,306.91406,16.11328,12.59766,15.70313,15.87891,16.34766,16.52344,16.23047,16.46484,17.05078,16.99219,16.17188,15.82031,16.46484,0.137939,0.107422,0.129395,0.141602,0.146484,0.129395,0.112305,0.102539,0.125732,0.124512,0.141602
2017-10-05T13:00:00Z,300.9375,303.39844,304.80469,301.28906,303.39844,304.80469,302.69531,307.26563,303.04688,306.5625,306.5625,309.375,15.35156,12.1875,15.41016,15.46875,15.46875,15.82031,16.05469,15.64453,15.87891,16.11328,16.64063,16.40625,16.52344,0.128174,0.146484,0.135498,0.145264,0.097656,0.123291,0.123291,0.102539,0.155029,0.131836,0.12207
2017-10-05T13:10:00Z,299.53125,305.50781,300.23438,304.80469,305.50781,308.67188,306.91406,305.15625,301.99219,303.39844,306.5625,305.85938,15.52734,12.42188,14.76563,15.17578,14.94141,15.64453,15.82031,15.82031,15.23438,15.87891,16.58203,16.75781,16.05469,0.159912,0.148926,0.101318,0.111084,0.134277,0.117188,0.126953,0.113525,0.130615,0.098877,0.106201
2017-10-05T13:20:00Z,301.28906,305.50781,305.85938,303.75,304.10156,307.61719,304.80469,307.61719,306.5625,308.32031,302.69531,305.15625,15.29297,12.1875,15.46875,15.52734,15.29297,16.11328,16.17188,16.05469,16.11328,16.34766,16.17188,16.17188,16.52344,0.106201,0.102539,0.089111,0.118408,0.098877,0.123291,0.102539,0.100098,0.10376,0.12085,0.089111
2017-10-05T13:30:00Z,301.28906,305.50781,310.42969,304.80469,307.26563,304.45313,304.45313,304.10156,305.15625,303.04688,307.61719,306.91406,15.64453,12.24609,15.52734,15.35156,15.87891,15.23438,15.99609,16.28906,16.17188,16.11328,16.46484,16.40625,16.11328,0.13916,0.115967,0.153809,0.12207,0.123291,0.130615,0.125732,0.072021,0.115967,0.102539,0.126953
2017-10-05T13:40:00Z,301.64063,303.04688,298.125,298.82813,301.64063,301.28906,305.15625,297.07031,302.69531,303.04688,301.99219,303.04688,15.58594,12.42188,14.12109,14.58984,14.82422,15.29297,15.64453,15.41016,15.64453,15.46875,15.52734,15.76172,16.28906,0.158691,0.161133,0.118408,0.100098,0.107422,0.095215,0.112305,0.131836,0.113525,0.093994,0.128174
2017-10-05T13:50:00Z,298.125,297.77344,298.82813,303.39844,304.10156,307.26563,302.69531,306.91406,300.23438,299.88281,300.9375,300.58594,15.35156,11.83594,14.53125,15.76172,14.76563,15.87891,15.82031,15.70313,16.11328,15.9375,16.23047,16.11328,16.34766,0.129395,0.109863,0.125732,0.100098,0.093994,0.085449,0.123291,0.106201,0.113525,0.117188,0.114746
2017-10-05T14:00:00Z,297.42188,301.28906,296.71875,298.82813,299.88281,297.07031,298.82813,306.5625,299.88281,298.125,301.64063,300.23438,16.875,12.12891,14.88281,15.17578,15.17578,15.17578,15.82031,16.11328,16.23047,15.9375,15.82031,15.41016,16.11328,0.10376,0.102539,0.115967,0.126953,0.123291,0.129395,0.109863,0.095215,0.130615,0.124512,0.096436
2017-10-05T14:10:00Z,296.36719,301.28906,302.69531,301.99219,301.28906,302.34375,298.125,301.28906,306.5625,303.39844,300.58594,299.53125,16.05469,12.30469,14.58984,14.88281,14.94141,15.17578,15.0,15.17578,16.11328,15.41016,15.0,15.05859,15.46875,0.108643,0.106201,0.111084,0.108643,0.134277,0.12085,0.12207,0.131836,0.125732,0.12207,0.12085
2017-10-05T14:20:00Z,296.71875,298.82813,301.64063,301.28906,296.71875,300.58594,304.80469,303.39844,300.9375,303.04688,296.01563,301.28906,14.88281,11.89453,13.88672,14.41406,13.94531,15.17578,15.58594,15.41016,15.17578,15.23438,14.94141,15.52734,15.76172,0.150146,0.118408,0.151367,0.124512,0.113525,0.119629,0.12207,0.10498,0.12085,0.113525,0.111084
2017-10-05T14:30:00Z,298.47656,299.88281,302.69531,302.69531,300.9375,305.50781,302.34375,306.5625,301.64063,305.50781,307.26563,305.85938,15.29297,11.95313,14.29688,14.41406,14.17969,14.41406,14.88281,15.17578,15.0,15.52734,15.41016,15.70313,15.41016,0.118408,0.123291,0.12207,0.142822,0.124512,0.136719,0.114746,0.123291,0.145264,0.109863,0.115967
2017-10-05T14:40:00Z,301.99219,303.75,302.69531,303.39844,302.34375,300.23438,301.99219,305.50781,304.10156,304.10156,303.04688,303.75,15.70313,12.1875,14.17969,14.70703,14.94141,15.35156,14.94141,15.9375,15.41016,15.64453,16.05469,15.46875,15.35156,0.140381,0.126953,0.148926,0.124512,0.125732,0.130615,0.150146,0.115967,0.109863,0.095215,0.092773
2017-10-05T14:50:00Z,296.36719,296.01563,300.58594,297.77344,303.75,304.80469,303.04688,298.47656,304.10156,302.34375,298.82813,304.80469,16.34766,12.07031,14.70703,15.87891,14.88281,15.87891,15.41016,15.64453,15.76172,15.46875,16.34766,16.23047,15.70313,0.112305,0.119629,0.107422,0.114746,0.114746,0.113525,0.107422,0.119629,0.107422,0.114746,0.113525
2017-10-05T15:00:00Z,297.77344,301.64063,302.69531,301.64063,299.88281,296.71875,305.85938,301.64063,299.17969,300.23438,301.64063,299.88281,15.70313,12.42188,15.05859,15.35156,15.41016,15.82031,16.40625,15.99609,16.11328,15.99609,15.87891,16.11328,16.17188,0.131836,0.136719,0.136719,0.134277,0.10498,0.108643,0.112305,0.114746,0.114746,0.125732,0.107422
2017-10-05T15:10:00Z,298.125,300.23438,301.28906,306.21094,300.9375,303.39844,300.9375,304.45313,303.39844,303.39844,300.23438,301.64063,15.70313,12.48047,14.88281,15.35156,15.46875,15.76172,15.58594,15.64453,15.64453,15.64453,15.58594,15.64453,15.87891,0.129395,0.148926,0.135498,0.152588,0.133057,0.118408,0.10498,0.096436,0.107422,0.128174,0.101318
2017-10-05T15:20:00Z,297.77344,296.01563,298.125,298.47656,309.375,304.10156,304.10156,299.88281,303.04688,299.53125,301.64063,302.34375,15.76172,12.30469,14.53125,15.41016,14.58984,15.64453,15.35156,15.46875,15.76172,15.76172,15.46875,15.9375,15.87891,0.111084,0.152588,0.117188,0.124512,0.133057,0.107422,0.13916,0.140381,0.12085,0.102539,0.144043
2017-10-05T15:30:00Z,297.77344,296.71875,299.53125,301.99219,299.88281,301.64063,302.69531,302.34375,305.15625,297.42188,299.88281,303.39844,16.40625,12.24609,14.76563,15.70313,14.88281,15.70313,15.76172,15.41016,16.05469,15.58594,15.9375,16.23047,15.99609,0.106201,0.117188,0.109863,0.125732,0.158691,0.137939,0.118408,0.111084,0.148926,0.125732,0.10498
2017-10-05T15:40:00Z,297.77344,303.39844,302.34375,302.69531,305.50781,302.69531,307.96875,302.34375,303.04688,304.45313,307.96875,303.75,16.28906,12.24609,14.58984,15.23438,15.17578,14.94141,15.0,15.35156,15.46875,15.70313,16.11328,15.41016,15.64453,0.125732,0.129395,0.115967,0.131836,0.163574,0.106201,0.136719,0.114746,0.12085,0.112305,0.125732
2017-10-05T15:50:00Z,301.64063,298.82813,301.64063,300.23438,302.34375,300.58594,301.28906,298.125,303.75,298.125,297.07031,299.17969,15.17578,11.95313,14.35547,14.76563,14.76563,15.17578,14.94141,15.11719,15.05859,14.94141,15.41016,15.76172,16.05469,0.144043,0.123291,0.135498,0.111084,0.101318,0.118408,0.106201,0.111084,0.134277,0.153809,0.118408
2017-10-05T16:00:00Z,295.66406,298.47656,297.77344,303.04688,297.42188,299.17969,302.34375,300.23438,300.23438,305.50781,301.28906,304.10156,14.88281,11.95313,13.82813,14.12109,14.23828,14.82422,15.17578,15.29297,15.11719,15.52734,15.35156,14.82422,14.82422,0.123291,0.136719,0.137939,0.115967,0.125732,0.133057,0.125732,0.125732,0.129395,0.108643,0.111084
2017-10-05T16:10:00Z,297.07031,300.23438,304.10156,300.23438,305.50781,304.80469,301.99219,300.9375,304.10156,306.91406,305.85938,301.64063,15.76172,12.07031,14.35547,14.58984,14.53125,15.05859,14.88281,14.94141,15.41016,16.05469,15.46875,15.76172,15.23438,0.133057,0.131836,0.142822,0.151367,0.134277,0.112305,0.113525,0.10498,0.136719,0.128174,0.109863
2017-10-05T16:20:00Z,298.47656,301.64063,308.32031,303.75,306.5625,304.10156,303.75,301.64063,304.10156,304.45313,303.75,304.45313,15.52734,11.48438,14.82422,14.94141,15.0,15.0,14.64844,14.94141,15.46875,15.52734,15.0,15.11719,15.82031,0.148926,0.134277,0.141602,0.135498,0.108643,0.126953,0.133057,0.125732,0.114746,0.123291,0.133057
2017-10-05T16:30:00Z,303.39844,311.13281,306.5625,307.61719,306.5625,305.85938,305.15625,306.5625,304.80469,309.375,306.5625,306.5625,15.17578,11.95313,14.53125,14.58984,15.29297,14.94141,14.88281,15.52734,15.9375,15.99609,15.64453,15.05859,15.52734,0.153809,0.119629,0.114746,0.115967,0.135498,0.111084,0.102539,0.107422,0.115967,0.118408,0.117188
2017-10-05T16:40:00Z,301.99219,306.21094,310.42969,306.5625,307.26563,306.91406,298.82813,305.85938,303.04688,305.85938,304.80469,306.21094,15.11719,12.01172,13.94531,13.82813,13.53516,14.47266,14.41406,15.0,15.0,15.05859,14.82422,15.23438,15.17578,0.151367,0.158691,0.147705,0.113525,0.140381,0.163574,0.119629,0.124512,0.152588,0.123291,0.135498
2017-10-05T16:50:00Z,304.80469,312.53906,314.29688,307.96875,311.48438,315.35156,316.05469,312.89063,310.07813,314.29688,312.53906,310.78125,14.35547,11.30859,14.41406,14.47266,14.17969,14.58984,14.64844,14.88281,14.76563,15.11719,15.46875,14.88281,14.82422,0.125732,0.095215,0.095215,0.12207,0.125732,0.100098,0.112305,0.115967,0.095215,0.095215,0.12085
2017-10-05T17:00:00Z,306.5625,307.96875,309.02344,307.96875,309.02344,309.72656,308.67188,305.15625,310.42969,308.32031,307.26563,304.80469,14.00391,11.25,14.47266,15.05859,14.58984,15.41016,14.76563,14.58984,15.23438,15.29297,14.76563,15.11719,15.87891,0.145264,0.134277,0.162354,0.145264,0.144043,0.12207,0.148926,0.147705,0.114746,0.151367,0.152588
2017-10-05T17:10:00Z,305.15625,307.26563,306.5625,311.48438,310.42969,308.32031,309.72656,308.32031,310.07813,310.42969,309.375,305.85938,15.9375,12.07031,14.29688,14.76563,14.41406,15.11719,15.29297,15.35156,15.64453,15.52734,15.41016,15.23438,15.46875,0.15625,0.159912,0.161133,0.146484,0.133057,0.12207,0.126953,0.136719,0.131836,0.10498,0.113525
2017-10-05T17:20:00Z,303.39844,298.47656,301.28906,302.34375,298.47656,298.82813,302.34375,304.45313,302.34375,301.64063,303.75,300.58594,14.82422,11.71875,13.47656,13.65234,14.23828,14.17969,14.76563,14.82422,14.70703,14.94141,14.76563,14.47266,14.88281,0.109863,0.125732,0.093994,0.148926,0.148926,0.130615,0.12085,0.106201,0.10376,0.10498,0.12085
2017-10-05T17:30:00Z,294.60938,303.75,303.39844,306.21094,305.85938,305.15625,310.07813,302.34375,312.1875,308.32031,304.80469,303.75,14.12109,11.19141,13.76953,13.82813,13.65234,13.88672,14.00391,14.23828,14.88281,14.88281,14.12109,14.41406,14.53125,0.147705,0.136719,0.159912,0.148926,0.201416,0.159912,0.115967,0.117188,0.146484,0.174561,0.153809
2017-10-05T17:40:00Z,305.50781,311.13281,310.78125,308.32031,309.72656,309.375,313.24219,311.83594,312.1875,311.83594,316.40625,312.53906,14.53125,11.25,14.17969,14.17969,14.88281,14.58984,15.41016,15.17578,15.17578,15.11719,15.70313,15.29297,15.0,0.146484,0.142822,0.150146,0.10376,0.151367,0.155029,0.106201,0.150146,0.144043,0.124512,0.126953
2017-10-05T17:50:00Z,304.45313,300.23438,305.85938,307.96875,304.45313,304.10156,298.82813,309.02344,309.02344,309.02344,304.45313,303.39844,15.99609,12.1875,14.70703,14.70703,14.88281,15.17578,15.76172,16.28906,16.11328,15.70313,15.46875,15.46875,16.11328,0.131836,0.135498,0.164795,0.137939,0.141602,0.144043,0.130615,0.114746,0.145264,0.137939,0.119629
2017-10-05T18:00:00Z,297.07031,299.17969,298.82813,293.55469,299.17969,295.3125,299.53125,296.36719,300.58594,297.77344,305.15625,301.99219,15.70313,11.60156,13.125,13.53516,13.35938,13.76953,14.00391,13.94531,14.12109,13.94531,14.29688,14.41406,13.82813,0.142822,0.135498,0.150146,0.100098,0.128174,0.151367,0.148926,0.13916,0.161133,0.145264,0.137939
2017-10-05T18:10:00Z,293.55469,306.21094,307.96875,304.80469,309.72656,309.02344,304.80469,308.67188,306.5625,307.96875,310.07813,307.26563,13.41797,10.78125,13.47656,13.24219,13.18359,12.83203,12.83203,13.35938,13.65234,13.59375,13.53516,13.71094,13.88672,0.15625,0.151367,0.150146,0.137939,0.184326,0.128174,0.144043,0.163574,0.155029,0.125732,0.13916
2017-10-05T18:20:00Z,308.32031,316.05469,320.97656,320.97656,323.08594,318.16406,312.53906,316.05469,315.70313,318.16406,315.0,312.53906,14.70703,11.60156,14.12109,14.64844,14.29688,14.64844,14.58984,14.88281,15.46875,15.46875,15.23438,14.94141,15.29297,0.148926,0.119629,0.133057,0.151367,0.15625,0.129395,0.147705,0.167236,0.133057,0.15625,0.133057
2017-10-05T18:30:00Z,310.78125,308.67188,310.78125,315.70313,306.91406,310.07813,310.07813,316.40625,308.32031,310.78125,310.78125,313.94531,15.41016,11.42578,13.18359,13.59375,13.76953,14.47266,14.88281,14.88281,14.53125,14.88281,14.94141,15.29297,15.64453,0.144043,0.141602,0.155029,0.151367,0.101318,0.081787,0.123291,0.126953,0.126953,0.145264,0.092773
2017-10-05T18:40:00Z,309.375,318.16406,314.29688,314.29688,317.46094,313.59375,316.40625,312.53906,310.78125,315.70313,313.59375,310.78125,14.82422,11.71875,13.06641,13.59375,13.82813,13.71094,13.71094,14.17969,14.47266,14.53125,14.29688,13.82813,14.41406,0.177002,0.150146,0.150146,0.148926,0.129395,0.119629,0.142822,0.141602,0.114746,0.125732,0.152588
2017-10-05T18:50:00Z,306.91406,308.67188,309.72656,314.64844,313.24219,311.48438,310.78125,314.29688,312.1875,311.83594,309.72656,313.94531,14.23828,11.13281,13.00781,13.18359,13.18359,13.65234,13.76953,14.0625,14.17969,13.47656,13.35938,14.12109,14.58984,0.135498,0.12085,0.158691,0.147705,0.169678,0.152588,0.150146,0.145264,0.167236,0.179443,0.147705
2017-10-05T19:00:00Z,312.1875,314.29688,313.24219,313.59375,310.07813,311.13281,314.29688,313.59375,313.94531,317.10938,311.13281,314.29688,14.94141,11.54297,13.76953,14.12109,13.88672,13.94531,14.47266,14.88281,15.0,14.64844,14.41406,15.17578,15.05859,0.131836,0.106201,0.130615,0.108643,0.117188,0.137939,0.134277,0.10376,0.125732,0.130615,0.119629
2017-10-05T19:10:00Z,309.375,313.59375,315.0,316.05469,315.70313,318.86719,319.57031,316.40625,315.70313,313.24219,315.70313,317.10938,15.46875,11.54297,12.89063,13.30078,12.71484,13.65234,13.94531,13.35938,13.65234,13.65234,13.94531,14.35547,14.0625,0.10498,0.152588,0.114746,0.136719,0.106201,0.125732,0.137939,0.118408,0.12085,0.112305,0.101318
2017-10-05T19:20:00Z,312.89063,316.75781,310.78125,312.53906,315.70313,311.83594,313.59375,314.29688,313.59375,308.32031,314.64844,315.35156,14.29688,10.95703,11.60156,12.71484,12.36328,13.24219,13.53516,13.18359,13.06641,12.83203,13.71094,13.82813,13.59375,0.146484,0.140381,0.137939,0.140381,0.137939,0.153809,0.133057,0.119629,0.129395,0.119629,0.112305
2017-10-05T19:30:00Z,308.32031,311.48438,315.35156,308.32031,309.02344,313.59375,313.24219,311.83594,313.24219,308.67188,313.59375,312.53906,15.70313,10.89844,13.53516,13.82813,13.47656,14.0625,14.58984,14.00391,14.12109,13.94531,14.82422,14.70703,14.41406,0.108643,0.113525,0.118408,0.17334,0.159912,0.125732,0.109863,0.129395,0.133057,0.146484,0.124512
2017-10-05T19:40:00Z,309.02344,307.96875,312.89063,314.29688,307.96875,310.07813,311.83594,309.375,307.96875,311.48438,309.375,308.67188,15.82031,11.60156,13.94531,14.41406,13.88672,14.58984,14.82422,15.35156,15.23438,15.05859,15.41016,15.17578,15.52734,0.148926,0.126953,0.148926,0.119629,0.126953,0.125732,0.108643,0.108643,0.130615,0.135498,0.100098
2017-10-05T19:50:00Z,309.72656,316.40625,315.0,316.75781,313.24219,315.0,317.46094,316.40625,321.32813,315.35156,311.83594,314.64844,15.70313,12.30469,14.29688,14.29688,15.11719,15.46875,16.17188,15.64453,15.70313,15.41016,15.29297,15.64453,16.46484,0.112305,0.115967,0.108643,0.140381,0.098877,0.131836,0.141602,0.172119,0.108643,0.125732,0.111084
2017-10-05T20:00:00Z,314.29688,313.94531,316.75781,308.32031,319.57031,306.5625,313.94531,316.05469,315.0,314.29688,311.48438,311.83594,15.23438,12.24609,14.41406,14.41406,14.64844,14.58984,15.29297,15.64453,15.23438,15.35156,14.94141,15.35156,16.11328,0.150146,0.119629,0.152588,0.12085,0.133057,0.136719,0.12207,0.137939,0.118408,0.124512,0.134277
2017-10-05T20:10:00Z,314.29688,316.05469,316.75781,316.05469,316.75781,317.10938,317.46094,316.40625,316.75781,315.0,313.94531,313.94531,14.82422,11.42578,13.71094,13.76953,14.00391,14.41406,14.76563,14.70703,14.47266,14.41406,14.47266,14.53125,15.23438,0.141602,0.102539,0.126953,0.107422,0.113525,0.111084,0.129395,0.136719,0.123291,0.100098,0.125732
2017-10-05T20:20:00Z,312.53906,317.8125,315.35156,313.59375,318.16406,315.0,313.59375,317.10938,321.67969,317.8125,314.64844,315.70313,15.41016,11.77734,13.35938,13.30078,13.82813,13.59375,13.82813,14.12109,14.47266,14.47266,14.23828,14.00391,14.41406,0.111084,0.129395,0.124512,0.093994,0.113525,0.109863,0.093994,0.097656,0.136719,0.125732,0.128174
2017-10-05T20:30:00Z,317.8125,319.57031,317.46094,319.21875,320.97656,317.46094,322.03125,312.53906,316.75781,320.27344,319.21875,321.67969,13.94531,11.25,13.41797,14.0625,13.71094,14.35547,14.00391,14.00391,14.00391,14.58984,14.70703,14.29688,14.17969,0.109863,0.166016,0.12207,0.13916,0.128174,0.10498,0.129395,0.111084,0.145264,0.133057,0.129395
2017-10-05T20:40:00Z,314.29688,315.35156,316.40625,317.8125,316.40625,316.40625,318.16406,316.05469,316.75781,315.35156,315.70313,318.16406,14.41406,11.42578,14.0625,14.41406,13.76953,14.47266,14.00391,13.94531,14.41406,14.88281,15.17578,14.47266,14.17969,0.150146,0.128174,0.126953,0.12085,0.102539,0.118408,0.117188,0.12085,0.117188,0.112305,0.130615
2017-10-05T20:50:00Z,311.48438,315.70313,313.94531,315.0,312.53906,317.8125,314.29688,312.89063,319.57031,315.0,315.70313,316.05469,15.23438,11.89453,13.65234,14.64844,13.71094,14.29688,14.58984,15.05859,15.29297,15.05859,15.29297,15.35156,15.70313,0.136719,0.133057,0.126953,0.142822,0.123291,0.12207,0.137939,0.142822,0.106201,0.123291,0.117188
2017-10-05T21:00:00Z,313.94531,318.16406,316.40625,318.16406,318.16406,316.05469,312.89063,314.29688,317.10938,318.51563,317.10938,319.21875,15.23438,11.83594,14.23828,14.35547,14.82422,14.41406,14.88281,15.11719,15.46875,15.52734,15.11719,15.29297,15.29297,0.102539,0.124512,0.144043,0.128174,0.137939,0.144043,0.12085,0.115967,0.124512,0.101318,0.140381
2017-10-05T21:10:00Z,315.70313,316.75781,319.21875,314.64844,320.97656,316.40625,315.0,315.70313,317.10938,319.21875,316.75781,319.57031,15.82031,11.83594,15.0,15.0,15.11719,15.05859,15.35156,15.64453,15.64453,15.52734,15.41016,15.41016,15.70313,0.119629,0.119629,0.118408,0.111084,0.124512,0.130615,0.128174,0.087891,0.098877,0.126953,0.097656
2017-10-05T21:20:00Z,313.94531,313.24219,311.13281,314.29688,315.35156,313.59375,311.83594,312.89063,313.24219,312.89063,313.59375,311.13281,15.64453,12.1875,15.11719,15.41016,15.29297,15.35156,15.46875,15.46875,15.52734,15.52734,15.35156,15.87891,15.87891,0.109863,0.112305,0.123291,0.12085,0.106201,0.112305,0.108643,0.102539,0.102539,0.117188,0.102539
2017-10-05T21:30:00Z,310.42969,315.35156,314.29688,315.35156,313.94531,313.59375,312.89063,315.35156,320.625,316.05469,315.70313,316.40625,15.46875,12.1875,13.82813,13.82813,13.71094,14.82422,14.0625,14.29688,14.94141,15.11719,14.88281,14.94141,14.58984,0.158691,0.166016,0.15625,0.098877,0.135498,0.12085,0.129395,0.136719,0.119629,0.115967,0.114746
2017-10-05T21:40:00Z,313.24219,316.40625,318.16406,318.86719,314.29688,317.10938,315.0,319.21875,316.75781,317.46094,315.35156,319.21875,15.76172,11.48438,13.88672,14.29688,14.29688,14.17969,14.29688,14.94141,15.0,15.17578,15.0,15.05859,15.11719,0.135498,0.142822,0.144043,0.151367,0.153809,0.144043,0.114746,0.095215,0.129395,0.137939,0.102539
2017-10-05T21:50:00Z,312.89063,322.03125,320.27344,320.625,318.86719,323.4375,322.38281,321.32813,318.86719,317.8125,317.10938,320.97656,14.76563,11.54297,13.125,13.53516,13.88672,14.47266,14.76563,14.0625,14.0625,14.29688,14.76563,14.41406,14.64844,0.106201,0.125732,0.10376,0.172119,0.119629,0.10376,0.114746,0.118408,0.107422,0.147705,0.124512
2017-10-05T22:00:00Z,317.10938,316.05469,315.70313,315.35156,311.83594,319.92188,323.08594,316.75781,320.27344,317.46094,317.46094,317.8125,15.70313,11.60156,12.89063,13.53516,13.24219,14.12109,14.0625,13.53516,14.12109,14.29688,14.29688,14.29688,14.53125,0.164795,0.15625,0.125732,0.157471,0.109863,0.131836,0.10376,0.109863,0.119629,0.152588,0.141602
2017-10-05T22:10:00Z,312.1875,318.51563,313.94531,311.48438,317.10938,317.10938,311.83594,315.70313,317.46094,317.10938,316.75781,316.40625,15.0,11.30859,14.00391,14.17969,14.70703,14.47266,14.47266,15.05859,15.29297,15.35156,15.0,15.11719,15.35156,0.147705,0.115967,0.123291,0.111084,0.147705,0.114746,0.114746,0.113525,0.126953,0.109863,0.128174
2017-10-05T22:20:00Z,311.83594,318.86719,315.35156,320.625,316.05469,315.0,317.46094,318.16406,316.75781,312.53906,316.05469,314.29688,15.11719,11.42578,14.0625,13.94531,14.70703,14.29688,15.11719,15.64453,15.29297,14.41406,14.70703,15.76172,15.99609,0.152588,0.175781,0.131836,0.13916,0.155029,0.125732,0.131836,0.119629,0.134277,0.145264,0.15625
2017-10-05T22:30:00Z,312.1875,320.625,320.625,317.10938,317.10938,321.67969,319.92188,314.29688,317.10938,317.46094,309.375,316.75781,15.58594,12.01172,13.88672,13.76953,14.23828,14.29688,14.94141,14.88281,15.17578,15.05859,14.58984,15.29297,15.9375,0.118408,0.145264,0.113525,0.133057,0.162354,0.133057,0.100098,0.101318,0.106201,0.111084,0.119629
2017-10-05T22:40:00Z,314.29688,316.40625,323.78906,314.29688,320.97656,319.21875,317.10938,323.08594,319.21875,315.0,313.94531,319.92188,15.82031,11.60156,14.53125,14.41406,13.53516,14.53125,14.29688,14.82422,14.29688,14.70703,14.82422,15.05859,14.94141,0.147705,0.125732,0.141602,0.141602,0.125732,0.148926,0.128174,0.133057,0.172119,0.181885,0.12085
2017-10-05T22:50:00Z,315.35156,318.51563,323.4375,318.16406,322.03125,318.51563,317.46094,320.27344,319.57031,318.86719,319.92188,318.16406,15.05859,12.07031,15.05859,14.94141,14.76563,15.23438,15.52734,15.41016,15.46875,16.34766,15.82031,16.23047,16.11328,0.131836,0.114746,0.136719,0.095215,0.107422,0.10376,0.115967,0.119629,0.12207,0.12085,0.097656
2017-10-05T23:00:00Z,314.64844,323.78906,324.14063,317.8125,320.625,317.8125,322.73438,323.08594,319.57031,327.65625,319.92188,324.49219,15.52734,12.12891,14.12109,13.88672,14.41406,13.82813,14.17969,14.64844,14.70703,14.70703,14.58984,14.64844,15.0,0.114746,0.113525,0.152588,0.125732,0.15625,0.134277,0.167236,0.096436,0.108643,0.109863,0.098877
2017-10-05T23:10:00Z,317.8125,319.92188,325.89844,320.625,319.92188,318.51563,316.05469,325.19531,319.92188,316.05469,318.51563,322.38281,14.76563,11.66016,13.94531,13.94531,14.47266,13.82813,14.0625,14.58984,14.88281,14.88281,14.70703,14.94141,14.94141,0.146484,0.129395,0.153809,0.144043,0.135498,0.117188,0.131836,0.133057,0.141602,0.134277,0.124512
2017-10-05T23:20:00Z,312.89063,311.83594,311.48438,312.53906,316.40625,314.29688,307.96875,312.1875,313.24219,311.13281,310.07813,313.59375,14.35547,11.13281,13.30078,14.00391,14.23828,14.17969,14.23828,14.00391,14.76563,14.76563,14.88281,14.58984,15.0,0.135498,0.117188,0.130615,0.136719,0.181885,0.192871,0.107422,0.136719,0.125732,0.148926,0.12085
2017-10-05T23:30:00Z,310.07813,317.10938,320.27344,315.0,319.57031,318.86719,318.86719,317.46094,318.51563,318.51563,318.16406,319.57031,15.58594,11.54297,14.29688,14.23828,14.47266,14.23828,14.53125,14.47266,14.88281,14.76563,14.58984,14.70703,14.29688,0.164795,0.175781,0.180664,0.111084,0.10498,0.134277,0.161133,0.151367,0.115967,0.137939,0.109863
2017-10-05T23:40:00Z,313.59375,316.75781,317.46094,316.40625,310.42969,315.70313,316.75781,311.48438,317.10938,316.40625,319.21875,313.94531,14.88281,11.71875,14.29688,13.88672,14.58984,14.17969,14.76563,14.88281,14.94141,14.88281,14.94141,14.88281,14.88281,0.142822,0.15625,0.148926,0.152588,0.137939,0.135498,0.126953,0.112305,0.133057,0.12085,0.145264
2017-10-05T23:50:00Z,311.48438,318.16406,312.53906,311.48438,310.07813,313.94531,311.48438,311.83594,308.67188,315.35156,312.89063,310.07813,15.0,11.54297,13.71094,13.71094,14.12109,14.0625,14.00391,14.23828,14.47266,14.00391,14.70703,14.23828,14.53125,0.100098,0.145264,0.137939,0.118408,0.123291,0.172119,0.135498,0.128174,0.134277,0.155029,0.130615