LOCATION: 
SYSTEM SERIAL: HKZA
TIMESTAMP (ISO-8601) UTC,WindDir004m deg,WindDir030m deg,WindDir040m deg,WindDir040m_ref deg,WindDir060m deg,WindDir080m deg,WindDir100m deg,WindDir120m deg,WindDir140m deg,WindDir160m deg,WindDir180m deg,WindDir200m deg,WindGust004m m/s,WindSpeed004m m/s,WindSpeed030mh m/s,WindSpeed040mh m/s,WindSpeed040m_refh m/s,WindSpeed060mh m/s,WindSpeed080mh m/s,WindSpeed100mh m/s,WindSpeed120mh m/s,WindSpeed140mh m/s,WindSpeed160mh m/s,WindSpeed180mh m/s,WindSpeed200mh m/s,TI 030m,TI 040m,TI 040m ref,TI 060m,TI 080m,TI 100m,TI 120m,TI 140m,TI 160m,TI 180m,TI 200m
2017-06-01T00:00:00Z,41.83594,53.08594,52.38281,54.14063,55.89844,57.30469,56.25,60.11719,63.98438,65.74219,67.85156,65.39063,3.57422,2.51953,2.75391,2.92969,2.87109,2.92969,2.98828,3.33984,3.45703,3.63281,3.45703,3.63281,3.63281,0.129395,0.137939,0.129395,0.142822,0.128174,0.113525,0.123291,0.146484,0.124512,0.108643,0.148926
2017-06-01T00:10:00Z,46.05469,45.35156,46.75781,47.8125,48.86719,52.38281,52.38281,55.54688,58.35938,63.98438,63.98438,65.39063,3.57422,2.63672,2.69531,2.87109,2.87109,2.75391,2.98828,2.87109,2.98828,3.04688,3.16406,3.16406,3.39844,0.151367,0.196533,0.130615,0.162354,0.142822,0.181885,0.155029,0.15625,0.141602,0.151367,0.12085
2017-06-01T00:20:00Z,37.26563,35.85938,44.64844,43.24219,41.48438,48.51563,45.35156,54.49219,55.89844,58.71094,58.35938,62.57813,3.39844,2.51953,2.69531,2.69531,2.69531,2.75391,2.87109,3.04688,2.98828,2.92969,2.92969,2.98828,3.04688,0.150146,0.211182,0.179443,0.133057,0.15625,0.133057,0.148926,0.161133,0.109863,0.148926,0.107422
2017-06-01T00:30:00Z,31.28906,40.07813,42.89063,46.05469,46.05469,46.75781,52.03125,50.27344,53.4375,55.54688,57.30469,57.30469,3.33984,2.51953,2.75391,2.98828,2.87109,2.92969,3.16406,2.87109,2.98828,2.98828,2.87109,2.8125,2.92969,0.157471,0.131836,0.125732,0.131836,0.146484,0.124512,0.148926,0.19043,0.126953,0.192871,0.159912
2017-06-01T00:40:00Z,39.02344,48.86719,47.46094,46.75781,49.92188,45.35156,50.97656,50.97656,52.73438,53.08594,54.49219,58.00781,3.39844,2.63672,2.8125,2.69531,2.75391,2.87109,2.8125,2.87109,2.75391,2.87109,2.69531,2.75391,2.69531,0.15625,0.170898,0.153809,0.158691,0.153809,0.192871,0.181885,0.177002,0.187988,0.141602,0.131836
2017-06-01T00:50:00Z,44.64844,51.67969,48.86719,50.97656,53.4375,53.78906,54.14063,56.95313,58.00781,59.76563,64.33594,64.33594,3.22266,2.51953,2.57813,2.75391,2.69531,2.63672,2.63672,2.51953,2.69531,2.63672,2.75391,2.75391,2.69531,0.147705,0.167236,0.142822,0.167236,0.169678,0.167236,0.136719,0.168457,0.115967,0.089111,0.178223
2017-06-01T01:00:00Z,48.16406,58.35938,55.54688,54.84375,57.30469,57.65625,65.39063,60.82031,64.6875,65.39063,69.96094,65.03906,3.16406,2.46094,2.69531,2.63672,2.75391,2.63672,2.75391,2.75391,2.75391,2.92969,2.8125,2.69531,2.63672,0.163574,0.178223,0.163574,0.159912,0.136719,0.146484,0.164795,0.134277,0.119629,0.136719,0.150146
2017-06-01T01:10:00Z,52.38281,53.78906,53.08594,54.84375,55.54688,54.49219,57.65625,60.82031,61.875,63.98438,65.74219,62.57813,3.10547,2.40234,2.46094,2.40234,2.57813,2.51953,2.46094,2.51953,2.40234,2.51953,2.40234,2.40234,2.40234,0.155029,0.155029,0.189209,0.179443,0.147705,0.166016,0.175781,0.140381,0.196533,0.180664,0.151367
2017-06-01T01:20:00Z,49.57031,58.00781,55.54688,56.95313,64.33594,62.22656,63.63281,59.0625,66.79688,68.55469,70.3125,67.14844,2.8125,2.28516,2.40234,2.34375,2.28516,2.46094,2.22656,2.22656,2.28516,2.40234,2.22656,2.40234,2.28516,0.222168,0.145264,0.166016,0.229492,0.134277,0.189209,0.187988,0.170898,0.137939,0.147705,0.12085
2017-06-01T01:30:00Z,54.49219,68.20313,68.20313,69.60938,66.09375,70.66406,69.25781,73.82813,71.71875,73.82813,72.77344,76.99219,2.75391,2.05078,2.28516,2.16797,2.16797,2.10938,2.16797,2.28516,2.22656,2.10938,2.05078,2.16797,2.16797,0.20874,0.181885,0.26123,0.203857,0.192871,0.196533,0.194092,0.189209,0.163574,0.131836,0.212402
2017-06-01T01:40:00Z,62.57813,68.20313,68.90625,67.14844,70.3125,70.66406,69.25781,70.66406,74.88281,77.34375,74.53125,79.10156,2.98828,2.10938,2.8125,2.98828,2.75391,2.92969,2.87109,2.75391,2.92969,3.04688,2.75391,2.8125,2.8125,0.231934,0.179443,0.203857,0.206299,0.146484,0.192871,0.183105,0.172119,0.144043,0.209961,0.175781
2017-06-01T01:50:00Z,64.33594,74.88281,68.55469,70.3125,71.36719,72.42188,75.23438,74.53125,80.15625,75.58594,80.85938,78.39844,3.69141,3.04688,3.22266,3.22266,3.39844,3.33984,3.33984,3.45703,3.33984,3.28125,3.22266,3.28125,3.16406,0.152588,0.112305,0.148926,0.140381,0.135498,0.108643,0.115967,0.128174,0.152588,0.145264,0.112305
2017-06-01T02:00:00Z,67.5,76.64063,72.07031,74.88281,74.17969,77.69531,80.85938,81.5625,81.5625,81.5625,82.96875,84.375,3.75,3.10547,3.28125,3.22266,3.33984,3.39844,3.45703,3.45703,3.28125,3.45703,3.28125,3.57422,3.45703,0.095215,0.13916,0.167236,0.129395,0.13916,0.128174,0.13916,0.123291,0.118408,0.093994,0.125732
2017-06-01T02:10:00Z,71.36719,76.99219,76.64063,77.69531,75.9375,79.10156,78.39844,83.32031,85.07813,83.67188,86.13281,90.35156,3.98438,3.22266,3.63281,3.57422,3.69141,3.69141,3.75,3.86719,3.86719,3.63281,3.63281,3.80859,3.75,0.130615,0.109863,0.131836,0.100098,0.115967,0.087891,0.091553,0.119629,0.10376,0.115967,0.115967
2017-06-01T02:20:00Z,72.77344,77.34375,79.45313,77.69531,79.80469,82.26563,80.85938,86.83594,83.67188,86.13281,87.1875,88.94531,4.10156,3.39844,3.63281,3.69141,3.69141,3.69141,3.69141,3.75,3.75,3.69141,3.63281,3.80859,3.80859,0.106201,0.101318,0.12085,0.117188,0.162354,0.112305,0.192871,0.100098,0.148926,0.134277,0.129395
2017-06-01T02:30:00Z,75.58594,78.39844,80.50781,82.61719,83.67188,83.32031,86.48438,86.13281,85.78125,89.64844,91.05469,91.40625,4.10156,3.51563,3.75,3.57422,3.75,3.57422,3.75,3.80859,3.80859,3.63281,3.92578,3.75,3.80859,0.245361,0.135498,0.153809,0.17334,0.144043,0.123291,0.10376,0.133057,0.114746,0.12085,0.130615
2017-06-01T02:40:00Z,78.04688,83.32031,81.5625,81.21094,81.21094,87.1875,86.83594,86.48438,88.59375,88.59375,89.29688,90.35156,4.33594,3.51563,4.10156,4.16016,4.16016,4.04297,4.16016,4.16016,4.27734,4.21875,4.10156,4.39453,4.27734,0.178223,0.109863,0.150146,0.144043,0.129395,0.117188,0.085449,0.151367,0.133057,0.10498,0.102539
2017-06-01T02:50:00Z,81.21094,86.13281,91.40625,90.70313,88.94531,91.75781,88.94531,90.35156,90.0,90.70313,90.35156,93.86719,4.39453,3.63281,3.98438,4.04297,3.86719,4.10156,4.10156,3.98438,3.92578,4.10156,3.98438,3.80859,3.80859,0.26001,0.162354,0.155029,0.268555,0.128174,0.162354,0.19165,0.13916,0.12085,0.152588,0.194092
2017-06-01T03:00:00Z,87.53906,101.60156,105.11719,105.82031,102.65625,105.82031,104.0625,98.78906,100.54688,105.11719,101.60156,101.95313,4.27734,3.57422,3.69141,3.63281,3.75,3.75,3.75,3.63281,3.63281,3.69141,3.57422,3.39844,3.51563,0.163574,0.148926,0.133057,0.106201,0.111084,0.145264,0.124512,0.137939,0.146484,0.142822,0.162354
2017-06-01T03:10:00Z,101.25,110.03906,110.39063,108.28125,111.09375,111.79688,111.44531,113.55469,112.14844,113.20313,112.14844,112.85156,4.27734,3.45703,3.63281,3.45703,3.63281,3.57422,3.57422,3.57422,3.51563,3.57422,3.45703,3.45703,3.45703,0.114746,0.090332,0.087891,0.128174,0.102539,0.109863,0.119629,0.109863,0.112305,0.095215,0.115967
2017-06-01T03:20:00Z,105.82031,116.36719,116.36719,116.71875,116.36719,117.42188,115.3125,115.3125,116.01563,114.96094,116.36719,117.07031,3.86719,3.33984,3.63281,3.69141,3.75,3.69141,3.75,3.69141,3.80859,3.69141,3.75,3.63281,3.51563,0.097656,0.10376,0.100098,0.123291,0.093994,0.115967,0.114746,0.101318,0.093994,0.093994,0.093994
2017-06-01T03:30:00Z,111.09375,113.90625,114.96094,116.01563,118.47656,119.88281,118.47656,117.42188,119.88281,119.53125,118.82813,120.9375,4.51172,3.51563,3.98438,4.16016,4.04297,4.16016,3.98438,3.98438,3.92578,3.86719,4.10156,3.80859,3.69141,0.119629,0.125732,0.111084,0.123291,0.096436,0.107422,0.096436,0.158691,0.19043,0.152588,0.101318
2017-06-01T03:40:00Z,113.55469,119.88281,121.28906,121.64063,120.23438,121.99219,119.53125,120.23438,121.99219,124.45313,124.10156,125.15625,4.92188,3.86719,4.21875,4.27734,4.33594,4.27734,4.16016,4.16016,4.10156,3.92578,3.98438,3.92578,3.86719,0.12207,0.107422,0.108643,0.130615,0.123291,0.128174,0.108643,0.140381,0.114746,0.123291,0.108643
2017-06-01T03:50:00Z,115.3125,112.5,112.85156,113.20313,114.25781,115.3125,117.77344,116.71875,121.28906,123.75,125.85938,123.75,4.98047,4.04297,4.10156,4.04297,3.92578,3.98438,3.92578,3.86719,3.69141,3.75,3.51563,3.57422,3.39844,0.096436,0.098877,0.100098,0.118408,0.096436,0.089111,0.101318,0.108643,0.135498,0.10498,0.107422
2017-06-01T04:00:00Z,108.98438,111.09375,113.55469,113.90625,115.66406,118.47656,116.01563,115.66406,117.42188,119.88281,121.99219,122.69531,4.62891,3.80859,4.16016,4.16016,4.16016,4.10156,4.16016,4.04297,3.98438,4.04297,3.98438,3.92578,3.75,0.113525,0.091553,0.089111,0.10376,0.107422,0.10376,0.087891,0.102539,0.111084,0.123291,0.106201
2017-06-01T04:10:00Z,112.5,120.23438,122.34375,120.9375,118.125,119.88281,117.77344,119.88281,120.23438,122.69531,122.69531,123.39844,4.62891,3.92578,4.39453,4.27734,4.27734,4.21875,4.16016,4.33594,4.21875,4.21875,4.10156,4.16016,3.92578,0.106201,0.098877,0.123291,0.106201,0.107422,0.150146,0.118408,0.114746,0.111084,0.093994,0.136719
2017-06-01T04:20:00Z,118.125,119.17969,122.69531,121.28906,120.58594,119.88281,121.28906,120.58594,123.39844,124.45313,125.15625,125.50781,4.98047,4.21875,4.51172,4.62891,4.51172,4.39453,4.39453,4.33594,4.39453,4.33594,4.39453,4.33594,4.27734,0.092773,0.08667,0.096436,0.10498,0.097656,0.117188,0.076904,0.079346,0.062256,0.087891,0.098877
2017-06-01T04:30:00Z,116.71875,121.99219,119.17969,121.99219,121.64063,121.64063,118.47656,123.04688,121.64063,126.21094,124.45313,123.75,5.21484,4.39453,4.92188,4.86328,4.92188,5.03906,4.86328,4.86328,4.80469,4.80469,4.74609,4.74609,4.6875,0.079346,0.092773,0.079346,0.085449,0.10498,0.083008,0.089111,0.090332,0.083008,0.102539,0.109863
2017-06-01T04:40:00Z,117.77344,117.07031,115.3125,118.82813,120.58594,119.17969,121.99219,121.28906,121.64063,119.53125,123.75,122.69531,5.44922,4.62891,5.27344,5.33203,5.33203,5.39063,5.33203,5.44922,5.33203,5.21484,5.15625,5.15625,4.92188,0.087891,0.091553,0.114746,0.090332,0.119629,0.090332,0.107422,0.083008,0.091553,0.085449,0.147705
2017-06-01T04:50:00Z,117.07031,121.99219,124.80469,119.88281,123.39844,122.34375,120.9375,126.21094,125.50781,125.15625,125.50781,128.32031,6.15234,5.15625,5.50781,5.50781,5.50781,5.625,5.68359,5.56641,5.80078,5.50781,5.56641,5.27344,5.15625,0.10498,0.081787,0.093994,0.081787,0.114746,0.092773,0.133057,0.112305,0.087891,0.087891,0.089111
2017-06-01T05:00:00Z,122.69531,126.21094,128.32031,125.85938,128.67188,131.13281,129.02344,130.07813,130.07813,132.1875,132.53906,129.02344,5.97656,5.15625,5.21484,5.21484,5.21484,5.21484,5.21484,5.15625,5.03906,5.21484,5.09766,4.86328,4.74609,0.097656,0.10498,0.10498,0.107422,0.107422,0.101318,0.112305,0.100098,0.092773,0.083008,0.134277
2017-06-01T05:10:00Z,126.5625,127.26563,128.32031,129.02344,129.72656,129.72656,126.91406,128.32031,130.07813,126.5625,128.67188,128.32031,5.85938,4.80469,5.74219,5.68359,5.74219,5.56641,5.625,5.56641,5.68359,5.50781,5.56641,5.39063,5.39063,0.083008,0.098877,0.097656,0.109863,0.113525,0.076904,0.091553,0.111084,0.136719,0.10498,0.114746
2017-06-01T05:20:00Z,125.85938,129.72656,130.07813,127.61719,131.13281,127.61719,123.75,129.375,131.13281,125.50781,129.375,128.32031,6.5625,5.27344,5.91797,5.97656,5.97656,5.97656,5.80078,5.91797,5.97656,5.74219,5.85938,5.74219,5.44922,0.108643,0.074463,0.109863,0.119629,0.111084,0.091553,0.063477,0.073242,0.089111,0.074463,0.136719
2017-06-01T05:30:00Z,125.85938,125.15625,127.26563,125.50781,124.45313,126.5625,124.80469,126.5625,129.02344,129.02344,130.07813,131.13281,6.67969,5.44922,5.91797,5.80078,5.85938,5.97656,5.74219,5.91797,5.85938,5.85938,5.74219,5.80078,5.625,0.10376,0.118408,0.078125,0.087891,0.073242,0.083008,0.080566,0.065918,0.091553,0.093994,0.084229
2017-06-01T05:40:00Z,126.21094,130.07813,132.89063,129.72656,130.42969,132.1875,130.07813,130.42969,130.42969,131.13281,136.40625,132.53906,6.38672,5.33203,5.91797,5.85938,5.97656,5.80078,6.09375,5.85938,5.85938,5.91797,5.97656,5.74219,5.91797,0.08667,0.084229,0.091553,0.084229,0.096436,0.10376,0.091553,0.072021,0.093994,0.095215,0.106201
2017-06-01T05:50:00Z,126.91406,125.50781,127.61719,128.32031,125.50781,125.15625,129.02344,132.1875,132.1875,133.24219,129.375,135.35156,6.44531,5.27344,5.625,5.80078,5.625,5.85938,5.80078,5.74219,5.80078,5.85938,5.68359,5.85938,5.80078,0.109863,0.124512,0.092773,0.119629,0.10498,0.095215,0.107422,0.078125,0.085449,0.08667,0.115967
2017-06-01T06:00:00Z,122.69531,123.75,126.5625,124.45313,121.99219,125.15625,128.32031,129.72656,131.13281,131.13281,135.70313,133.94531,6.50391,5.39063,5.21484,4.98047,5.21484,5.33203,5.33203,5.21484,5.27344,5.33203,5.44922,5.44922,5.33203,0.113525,0.144043,0.093994,0.133057,0.106201,0.119629,0.112305,0.090332,0.089111,0.096436,0.109863
2017-06-01T06:10:00Z,122.69531,119.53125,123.39844,120.58594,124.10156,120.58594,120.23438,126.21094,125.15625,126.5625,128.32031,126.5625,5.91797,4.51172,4.98047,4.92188,5.03906,4.98047,4.86328,4.86328,5.03906,5.03906,4.92188,5.03906,4.80469,0.142822,0.131836,0.135498,0.10376,0.131836,0.10376,0.102539,0.068359,0.083008,0.081787,0.096436
2017-06-01T06:20:00Z,119.17969,123.04688,121.64063,119.17969,126.21094,122.69531,126.21094,124.80469,125.50781,127.61719,129.72656,129.72656,5.85938,4.57031,4.57031,4.62891,4.62891,4.62891,4.74609,4.74609,4.86328,4.86328,4.98047,5.03906,4.86328,0.145264,0.144043,0.119629,0.115967,0.12207,0.151367,0.131836,0.125732,0.107422,0.13916,0.125732
2017-06-01T06:30:00Z,119.53125,129.72656,126.91406,125.85938,129.02344,126.5625,124.45313,129.02344,128.67188,129.72656,131.48438,128.67188,5.27344,4.10156,4.39453,4.45313,4.51172,4.57031,4.51172,4.74609,4.6875,4.74609,4.80469,4.80469,4.74609,0.159912,0.148926,0.145264,0.145264,0.113525,0.137939,0.141602,0.144043,0.136719,0.101318,0.135498
2017-06-01T06:40:00Z,126.91406,130.07813,127.26563,132.1875,129.02344,129.375,128.32031,127.96875,130.42969,131.48438,131.83594,132.53906,5.27344,4.27734,4.6875,4.62891,4.74609,4.80469,4.92188,4.80469,4.6875,4.92188,4.86328,4.98047,4.62891,0.113525,0.146484,0.106201,0.152588,0.115967,0.124512,0.093994,0.117188,0.109863,0.087891,0.12085
2017-06-01T06:50:00Z,129.72656,131.13281,132.89063,130.42969,132.89063,129.72656,129.72656,130.78125,133.94531,133.59375,133.94531,131.83594,5.33203,4.27734,4.80469,4.6875,4.80469,4.80469,4.74609,4.74609,4.6875,4.74609,4.74609,4.57031,4.57031,0.137939,0.10498,0.118408,0.093994,0.108643,0.080566,0.133057,0.117188,0.107422,0.096436,0.115967
2017-06-01T07:00:00Z,130.42969,128.67188,129.375,130.07813,129.02344,128.32031,127.61719,130.78125,131.83594,129.72656,132.1875,132.89063,5.50781,4.39453,4.57031,4.45313,4.57031,4.45313,4.39453,4.6875,4.45313,4.51172,4.39453,4.45313,4.27734,0.107422,0.142822,0.114746,0.114746,0.10376,0.10376,0.10376,0.129395,0.128174,0.101318,0.130615
2017-06-01T07:10:00Z,127.61719,131.48438,129.02344,127.96875,127.61719,129.72656,130.78125,129.02344,133.94531,130.78125,135.0,132.89063,5.09766,3.98438,4.10156,4.16016,4.21875,4.27734,4.21875,4.27734,4.33594,4.39453,4.39453,4.39453,4.39453,0.12207,0.137939,0.123291,0.10376,0.12085,0.117188,0.113525,0.084229,0.10376,0.100098,0.096436
2017-06-01T07:20:00Z,129.375,129.72656,127.26563,128.32031,130.42969,132.89063,130.78125,135.0,135.0,133.94531,136.40625,137.46094,4.86328,3.92578,4.21875,4.27734,4.21875,4.16016,4.33594,4.33594,4.39453,4.27734,4.39453,4.51172,4.33594,0.115967,0.130615,0.091553,0.118408,0.144043,0.10376,0.095215,0.115967,0.123291,0.10498,0.112305
2017-06-01T07:30:00Z,128.32031,130.78125,132.1875,131.48438,132.89063,134.29688,131.83594,133.24219,131.48438,133.24219,131.83594,134.29688,5.15625,3.92578,4.51172,4.57031,4.39453,4.51172,4.62891,4.51172,4.51172,4.33594,4.45313,4.39453,4.27734,0.108643,0.10498,0.108643,0.123291,0.130615,0.123291,0.113525,0.136719,0.107422,0.096436,0.112305
2017-06-01T07:40:00Z,132.1875,131.48438,132.1875,134.64844,132.89063,133.24219,132.1875,131.83594,135.35156,132.53906,136.05469,133.94531,5.09766,4.10156,4.21875,4.21875,4.27734,4.39453,4.27734,4.27734,4.39453,4.33594,4.27734,4.16016,4.21875,0.12207,0.109863,0.134277,0.109863,0.109863,0.115967,0.114746,0.131836,0.12207,0.08667,0.113525
2017-06-01T07:50:00Z,129.02344,127.96875,132.1875,129.72656,129.72656,132.1875,137.10938,130.07813,136.05469,136.75781,135.70313,133.94531,4.80469,3.86719,4.45313,4.51172,4.39453,4.39453,4.62891,4.62891,4.45313,4.57031,4.62891,4.21875,4.21875,0.119629,0.153809,0.117188,0.109863,0.126953,0.157471,0.181885,0.106201,0.115967,0.17334,0.153809
2017-06-01T08:00:00Z,132.53906,133.24219,134.64844,136.75781,138.51563,136.75781,138.51563,139.57031,138.86719,140.27344,140.27344,148.71094,4.80469,3.92578,4.04297,4.21875,4.21875,4.16016,4.16016,4.21875,4.16016,4.16016,4.04297,3.98438,3.51563,0.126953,0.098877,0.161133,0.131836,0.106201,0.102539,0.111084,0.114746,0.131836,0.12207,0.148926
2017-06-01T08:10:00Z,134.29688,136.75781,133.59375,133.24219,134.64844,136.05469,137.46094,140.625,137.10938,138.86719,146.25,159.25781,4.57031,3.57422,3.57422,3.57422,3.75,3.57422,3.75,3.69141,3.57422,3.51563,3.45703,3.28125,2.69531,0.123291,0.133057,0.125732,0.12207,0.118408,0.145264,0.146484,0.096436,0.133057,0.201416,0.20874
2017-06-01T08:20:00Z,133.94531,135.0,133.94531,138.51563,134.29688,136.75781,136.40625,131.13281,138.16406,148.71094,138.16406,162.77344,4.04297,3.22266,3.16406,3.28125,3.28125,3.28125,3.33984,3.22266,3.16406,2.87109,2.63672,2.8125,2.69531,0.167236,0.151367,0.12207,0.180664,0.129395,0.13916,0.310059,0.201416,0.222168,0.426025,0.373535
2017-06-01T08:30:00Z,135.0,130.42969,134.29688,135.0,133.94531,137.46094,133.59375,128.32031,133.24219,124.80469,154.33594,138.51563,3.57422,2.8125,3.28125,3.22266,3.16406,3.22266,3.28125,3.10547,2.98828,2.8125,3.04688,2.98828,2.46094,0.239258,0.126953,0.15625,0.172119,0.179443,0.118408,0.194092,0.150146,0.531006,0.559082,0.333252
2017-06-01T08:40:00Z,133.94531,131.48438,135.0,127.61719,131.83594,134.29688,140.97656,131.48438,135.70313,140.625,150.82031,176.48438,3.63281,2.87109,3.10547,3.22266,3.10547,3.16406,3.16406,3.16406,3.04688,2.8125,2.57813,2.28516,2.57813,0.123291,0.148926,0.152588,0.12207,0.117188,0.220947,0.211182,0.152588,0.489502,0.257568,0.560303
2017-06-01T08:50:00Z,136.05469,138.86719,140.97656,136.75781,138.51563,133.94531,133.24219,130.42969,135.35156,143.4375,163.47656,162.07031,3.75,2.8125,2.98828,2.98828,2.92969,2.98828,2.98828,2.75391,2.8125,2.51953,2.34375,2.34375,2.34375,0.130615,0.12085,0.137939,0.113525,0.192871,0.135498,0.350342,0.250244,0.267334,0.379639,0.281982
2017-06-01T09:00:00Z,137.10938,129.72656,131.48438,135.35156,132.89063,128.32031,132.89063,136.05469,133.24219,151.17188,141.67969,163.82813,3.57422,2.57813,2.57813,2.63672,2.63672,2.40234,2.63672,2.46094,2.16797,2.57813,1.99219,2.22656,1.99219,0.125732,0.131836,0.140381,0.151367,0.217285,0.178223,0.183105,0.888672,0.197754,0.682373,0.185547
2017-06-01T09:10:00Z,131.48438,125.50781,127.26563,126.5625,125.85938,129.72656,131.83594,134.64844,135.35156,168.39844,165.23438,173.32031,2.98828,2.40234,2.46094,2.40234,2.40234,2.40234,2.40234,2.34375,2.22656,2.16797,1.99219,1.69922,1.99219,0.12207,0.157471,0.147705,0.150146,0.161133,0.135498,0.177002,0.354004,0.560303,0.198975,0.843506
2017-06-01T09:20:00Z,130.42969,128.67188,128.67188,124.80469,127.96875,127.26563,127.96875,129.375,145.19531,170.50781,174.72656,176.48438,2.92969,2.16797,1.99219,2.05078,2.05078,2.16797,2.05078,1.93359,1.81641,1.58203,1.40625,1.34766,1.46484,0.177002,0.184326,0.184326,0.153809,0.164795,0.144043,0.240479,0.187988,0.195313,0.15625,0.212402
2017-06-01T09:30:00Z,136.05469,138.16406,137.46094,140.625,139.21875,136.40625,137.46094,140.625,163.47656,181.75781,184.57031,184.92188,2.51953,1.81641,1.81641,1.75781,1.75781,1.69922,1.64063,1.64063,1.40625,1.28906,1.23047,1.34766,1.34766,0.184326,0.175781,0.200195,0.183105,0.201416,0.142822,0.197754,0.19043,0.185547,0.172119,0.189209
2017-06-01T09:40:00Z,139.21875,144.84375,140.97656,139.21875,138.16406,136.40625,144.14063,146.95313,168.04688,177.53906,181.40625,178.24219,2.34375,1.69922,1.75781,1.69922,1.69922,1.58203,1.75781,1.58203,1.46484,1.23047,1.28906,1.40625,1.34766,0.147705,0.195313,0.133057,0.161133,0.124512,0.161133,0.213623,0.164795,0.20874,0.164795,0.206299
2017-06-01T09:50:00Z,145.19531,145.89844,149.41406,147.65625,149.41406,152.22656,152.22656,163.125,181.05469,188.4375,189.14063,190.19531,2.22656,1.69922,1.81641,1.75781,1.81641,1.75781,1.75781,1.64063,1.40625,1.34766,1.52344,1.58203,1.58203,0.148926,0.151367,0.155029,0.15625,0.136719,0.140381,0.155029,0.185547,0.162354,0.141602,0.130615
2017-06-01T10:00:00Z,146.25,154.6875,153.98438,149.41406,155.03906,154.33594,169.45313,181.75781,197.57813,196.52344,199.33594,200.03906,2.34375,1.64063,1.58203,1.64063,1.64063,1.46484,1.52344,1.34766,1.28906,1.40625,1.46484,1.46484,1.52344,0.169678,0.178223,0.168457,0.185547,0.202637,0.216064,0.198975,0.157471,0.162354,0.162354,0.159912
2017-06-01T10:10:00Z,153.63281,148.35938,141.32813,141.32813,142.73438,143.4375,171.21094,190.19531,210.23438,213.75,220.42969,219.02344,2.28516,1.34766,1.05469,1.11328,1.11328,0.99609,0.99609,0.82031,0.9375,1.05469,1.11328,1.05469,0.99609,0.196533,0.197754,0.211182,0.200195,0.220947,0.229492,0.234375,0.239258,0.233154,0.285645,0.273438
2017-06-01T10:20:00Z,142.73438,128.32031,139.21875,131.83594,129.02344,139.21875,146.95313,180.35156,182.46094,206.01563,201.79688,68.55469,1.46484,0.99609,1.23047,1.23047,1.34766,1.17188,1.05469,0.87891,0.87891,1.05469,0.9375,0.9375,1.34766,0.308838,0.34668,0.460205,0.308838,0.495605,0.264893,0.184326,0.775146,0.275879,0.461426,1.229248
2017-06-01T10:30:00Z,130.42969,123.39844,129.02344,121.99219,114.60938,120.58594,145.89844,139.92188,159.25781,154.33594,97.38281,76.99219,1.69922,1.05469,1.99219,1.58203,1.81641,1.69922,1.46484,0.99609,1.34766,1.23047,1.34766,1.52344,1.28906,1.019287,0.585938,0.625,0.987549,0.633545,0.372314,1.326904,0.964355,1.031494,1.489258,0.766602
2017-06-01T10:40:00Z,117.42188,128.32031,120.58594,120.58594,131.48438,124.10156,168.04688,144.84375,157.5,125.50781,120.23438,81.91406,1.52344,0.82031,1.28906,1.64063,1.34766,1.28906,1.17188,0.9375,1.05469,0.9375,1.17188,0.99609,0.99609,0.368652,0.900879,0.673828,0.511475,0.3479,0.394287,0.811768,0.29541,1.003418,0.458984,0.584717
2017-06-01T10:50:00Z,120.23438,110.74219,93.16406,98.08594,96.67969,103.00781,155.74219,148.35938,120.9375,134.29688,34.45313,42.1875,1.52344,0.82031,1.11328,1.40625,1.28906,1.28906,1.28906,0.87891,0.87891,1.17188,0.99609,0.87891,0.99609,0.389404,0.926514,0.449219,0.65918,0.72876,0.372314,0.301514,1.429443,0.557861,0.228271,0.540771
2017-06-01T11:00:00Z,63.63281,68.20313,69.60938,71.71875,73.47656,69.25781,26.01563,63.28125,122.34375,22.14844,16.17188,21.09375,1.28906,0.76172,1.11328,1.05469,1.05469,1.05469,0.99609,0.76172,0.76172,0.82031,0.82031,0.82031,0.82031,0.22583,0.228271,0.262451,0.289307,0.999756,0.198975,0.161133,0.374756,0.24292,0.268555,0.194092
2017-06-01T11:10:00Z,68.90625,83.67188,70.66406,81.91406,79.80469,64.6875,45.70313,40.42969,54.84375,24.96094,34.45313,33.04688,1.64063,0.87891,1.23047,1.17188,1.23047,1.40625,0.99609,0.87891,0.82031,0.99609,0.82031,0.82031,0.87891,0.297852,0.289307,0.50293,0.980225,0.341797,0.223389,0.184326,1.013184,0.270996,0.186768,0.263672
2017-06-01T11:20:00Z,70.3125,74.88281,77.34375,79.10156,71.71875,68.20313,54.84375,46.05469,41.83594,47.10938,45.35156,51.32813,1.93359,0.87891,1.17188,1.23047,1.23047,1.17188,0.99609,0.9375,0.9375,0.9375,0.9375,0.87891,0.99609,0.205078,0.206299,0.231934,0.212402,0.253906,0.206299,0.26123,0.274658,0.219727,0.249023,0.268555
2017-06-01T11:30:00Z,59.0625,46.40625,43.59375,48.86719,44.29688,34.80469,25.3125,27.07031,25.66406,23.20313,34.10156,28.82813,1.64063,1.11328,0.99609,1.05469,1.05469,0.99609,0.99609,0.87891,0.9375,0.87891,0.9375,1.05469,0.9375,0.224609,0.220947,0.244141,0.301514,0.251465,0.238037,0.305176,0.20874,0.234375,0.517578,0.212402
2017-06-01T11:40:00Z,36.5625,28.47656,27.42188,25.3125,29.53125,24.25781,10.89844,20.39063,23.20313,23.20313,25.66406,35.50781,1.23047,0.76172,0.99609,1.11328,1.34766,0.87891,0.87891,1.11328,1.17188,0.9375,0.87891,0.9375,1.28906,0.338135,0.739746,1.291504,0.203857,0.223389,1.07666,1.270752,0.281982,0.187988,0.279541,1.162109
2017-06-01T11:50:00Z,26.01563,43.94531,32.69531,27.07031,36.91406,35.15625,34.10156,29.88281,38.67188,43.24219,42.1875,37.96875,1.34766,0.82031,0.99609,0.99609,0.99609,1.05469,0.87891,0.9375,1.11328,0.9375,0.99609,1.11328,1.05469,0.374756,0.269775,0.220947,0.253906,0.233154,0.258789,0.792236,0.244141,0.419922,1.020508,0.29541
2017-06-01T12:00:00Z,16.52344,349.10156,353.67188,346.64063,346.99219,352.26563,351.5625,354.02344,356.83594,7.03125,0.70313,9.84375,1.34766,0.70313,1.11328,1.05469,1.11328,0.9375,0.87891,0.99609,1.05469,0.99609,0.9375,0.9375,0.99609,0.227051,0.274658,0.266113,0.239258,0.238037,0.218506,0.213623,0.249023,0.266113,0.209961,0.174561
2017-06-01T12:10:00Z,342.07031,345.23438,346.99219,349.45313,346.64063,346.64063,348.04688,352.26563,356.13281,353.67188,349.45313,0.35156,1.69922,1.05469,1.28906,1.17188,1.05469,1.23047,1.11328,1.28906,1.11328,1.23047,1.05469,1.23047,1.11328,0.240479,0.212402,0.203857,0.200195,0.224609,0.227051,0.202637,0.20752,0.214844,0.206299,0.146484
2017-06-01T12:20:00Z,328.71094,319.21875,320.27344,318.51563,317.46094,312.89063,320.27344,323.4375,319.57031,322.38281,327.65625,320.625,1.69922,1.17188,1.23047,1.17188,1.28906,1.23047,1.11328,1.17188,1.11328,1.11328,1.17188,1.11328,1.28906,0.220947,0.167236,0.236816,0.408936,0.197754,0.200195,0.187988,0.211182,0.256348,0.426025,0.377197
2017-06-01T12:30:00Z,304.45313,318.16406,317.46094,316.75781,322.38281,323.08594,324.84375,325.54688,325.54688,322.73438,324.84375,321.67969,1.93359,1.23047,1.34766,1.40625,1.40625,1.34766,1.40625,1.28906,1.23047,1.17188,1.28906,1.23047,1.28906,0.222168,0.224609,0.129395,0.179443,0.125732,0.177002,0.214844,0.20874,0.147705,0.178223,0.19043
2017-06-01T12:40:00Z,327.30469,344.17969,349.10156,346.99219,345.23438,350.15625,352.26563,352.96875,351.5625,351.21094,350.85938,358.94531,2.28516,1.34766,1.75781,1.69922,1.75781,1.875,1.75781,1.64063,1.58203,1.75781,1.58203,1.64063,1.58203,0.180664,0.183105,0.141602,0.150146,0.153809,0.167236,0.201416,0.185547,0.17334,0.163574,0.158691
2017-06-01T12:50:00Z,343.82813,344.53125,343.47656,341.36719,346.64063,346.64063,346.28906,345.23438,346.64063,349.45313,357.89063,13.00781,2.57813,1.81641,2.22656,2.34375,2.34375,2.34375,2.16797,2.16797,2.22656,2.22656,2.16797,1.93359,1.93359,0.142822,0.096436,0.10498,0.113525,0.091553,0.118408,0.087891,0.140381,0.08667,0.129395,0.106201
2017-06-01T13:00:00Z,335.39063,339.25781,339.25781,338.20313,338.20313,342.07031,341.01563,339.25781,338.55469,340.3125,337.85156,341.36719,2.8125,2.10938,2.05078,2.05078,1.99219,1.99219,1.875,1.93359,1.93359,1.99219,1.875,1.875,1.875,0.100098,0.130615,0.130615,0.137939,0.131836,0.101318,0.101318,0.119629,0.128174,0.136719,0.150146
2017-06-01T13:10:00Z,331.17188,337.14844,341.01563,338.55469,341.36719,344.17969,343.82813,341.71875,339.96094,341.71875,339.60938,343.47656,2.69531,2.05078,2.28516,2.28516,2.16797,2.16797,2.16797,2.10938,2.16797,2.16797,2.10938,1.99219,1.99219,0.106201,0.114746,0.095215,0.106201,0.107422,0.118408,0.114746,0.12085,0.118408,0.124512,0.10498
2017-06-01T13:20:00Z,336.44531,339.25781,340.3125,340.66406,341.36719,342.07031,343.47656,343.47656,342.42188,341.71875,343.125,343.47656,3.04688,2.34375,2.63672,2.69531,2.63672,2.69531,2.63672,2.57813,2.57813,2.63672,2.63672,2.51953,2.40234,0.137939,0.123291,0.106201,0.115967,0.078125,0.128174,0.08667,0.091553,0.109863,0.12085,0.101318
2017-06-01T13:30:00Z,340.66406,349.10156,350.85938,350.85938,349.10156,353.67188,353.32031,351.5625,350.85938,346.99219,345.9375,354.375,3.28125,2.69531,2.69531,2.63672,2.57813,2.57813,2.46094,2.46094,2.46094,2.46094,2.10938,1.81641,1.69922,0.073242,0.107422,0.084229,0.098877,0.093994,0.06958,0.089111,0.095215,0.205078,0.202637,0.184326
2017-06-01T13:40:00Z,351.21094,0.70313,0.35156,359.64844,0.35156,3.51563,5.625,2.10938,3.16406,2.8125,11.60156,9.49219,3.22266,2.63672,2.87109,2.8125,2.87109,2.92969,2.75391,2.63672,2.69531,2.75391,2.57813,2.05078,1.93359,0.087891,0.080566,0.074463,0.06958,0.078125,0.095215,0.085449,0.093994,0.162354,0.256348,0.235596
2017-06-01T13:50:00Z,0.35156,5.625,3.51563,3.51563,6.32813,8.78906,10.89844,5.97656,8.08594,11.60156,6.32813,16.52344,3.28125,2.75391,2.63672,2.63672,2.63672,2.75391,2.63672,2.51953,2.63672,2.63672,2.16797,1.93359,1.875,0.091553,0.076904,0.085449,0.072021,0.081787,0.08667,0.073242,0.125732,0.178223,0.192871,0.219727
2017-06-01T14:00:00Z,1.05469,11.25,9.84375,9.14063,13.71094,17.57813,17.92969,15.11719,18.28125,29.88281,24.60938,26.36719,3.28125,2.63672,2.92969,2.98828,2.98828,2.98828,2.98828,2.8125,2.92969,2.51953,1.99219,1.81641,1.81641,0.079346,0.074463,0.061035,0.065918,0.062256,0.097656,0.098877,0.246582,0.34668,0.26123,0.247803
2017-06-01T14:10:00Z,8.08594,7.73438,5.625,6.67969,13.71094,14.76563,14.76563,12.65625,44.64844,59.41406,43.59375,21.79688,3.28125,2.75391,2.98828,3.10547,3.10547,2.98828,2.87109,2.87109,2.69531,1.58203,1.23047,1.52344,1.99219,0.085449,0.083008,0.076904,0.061035,0.074463,0.091553,0.19043,0.437012,0.214844,0.328369,0.2771
2017-06-01T14:20:00Z,4.92188,12.30469,12.65625,11.25,13.35938,16.52344,16.52344,14.41406,25.66406,30.9375,16.875,15.11719,3.28125,2.8125,3.22266,3.16406,3.28125,3.22266,3.04688,2.98828,3.10547,2.34375,1.93359,2.63672,2.75391,0.064697,0.070801,0.068359,0.06958,0.063477,0.063477,0.083008,0.333252,0.354004,0.157471,0.081787
2017-06-01T14:30:00Z,5.97656,11.25,13.35938,14.41406,14.41406,19.33594,16.875,17.57813,15.46875,16.52344,14.76563,17.57813,3.22266,2.75391,3.22266,3.28125,3.28125,3.33984,3.16406,3.16406,3.22266,3.16406,3.04688,3.04688,3.04688,0.062256,0.046387,0.065918,0.062256,0.06958,0.064697,0.054932,0.084229,0.10498,0.081787,0.085449
2017-06-01T14:40:00Z,8.08594,16.52344,16.875,17.22656,18.98438,22.14844,21.79688,20.03906,19.6875,19.6875,19.33594,20.74219,3.28125,2.75391,3.10547,3.16406,3.22266,3.22266,3.04688,3.04688,3.16406,3.16406,3.10547,3.04688,2.98828,0.081787,0.081787,0.083008,0.068359,0.048828,0.075684,0.056152,0.059814,0.074463,0.064697,0.058594
2017-06-01T14:50:00Z,11.95313,13.35938,13.00781,13.71094,15.82031,20.03906,19.6875,17.22656,16.875,16.875,16.52344,18.28125,3.33984,2.75391,3.10547,3.10547,3.16406,3.22266,3.16406,2.98828,3.10547,3.10547,3.10547,3.10547,2.98828,0.072021,0.061035,0.058594,0.084229,0.056152,0.075684,0.080566,0.072021,0.062256,0.063477,0.087891
2017-06-01T15:00:00Z,6.32813,15.82031,14.41406,15.11719,20.39063,24.25781,22.85156,19.33594,21.44531,20.03906,19.6875,19.6875,3.22266,2.57813,2.92969,2.92969,2.92969,2.98828,2.8125,2.8125,2.8125,2.92969,2.8125,2.87109,2.8125,0.079346,0.05249,0.073242,0.063477,0.084229,0.074463,0.072021,0.057373,0.072021,0.076904,0.079346
2017-06-01T15:10:00Z,12.65625,15.11719,18.28125,16.875,19.6875,25.3125,23.90625,23.55469,20.39063,21.79688,19.6875,21.79688,2.75391,2.34375,2.8125,2.87109,2.92969,2.92969,3.04688,2.8125,2.8125,2.87109,2.92969,2.92969,2.8125,0.054932,0.070801,0.085449,0.059814,0.064697,0.081787,0.05127,0.048828,0.063477,0.06958,0.06958
2017-06-01T15:20:00Z,10.54688,20.74219,21.44531,21.44531,24.60938,26.36719,27.77344,26.01563,24.25781,23.90625,25.66406,24.60938,2.87109,2.28516,2.57813,2.63672,2.69531,2.75391,2.75391,2.63672,2.63672,2.63672,2.69531,2.57813,2.51953,0.108643,0.092773,0.084229,0.084229,0.079346,0.091553,0.093994,0.087891,0.106201,0.108643,0.126953
2017-06-01T15:30:00Z,14.41406,25.3125,24.96094,24.96094,27.42188,28.82813,30.58594,27.77344,30.23438,28.125,31.28906,30.58594,2.57813,1.93359,2.57813,2.69531,2.69531,2.8125,2.69531,2.51953,2.63672,2.63672,2.46094,2.46094,2.34375,0.058594,0.067139,0.064697,0.05127,0.081787,0.073242,0.078125,0.08667,0.114746,0.079346,0.092773
2017-06-01T15:40:00Z,24.60938,35.50781,34.80469,33.75,36.5625,39.02344,39.375,36.91406,38.67188,40.78125,43.94531,54.84375,2.28516,1.875,2.46094,2.57813,2.63672,2.51953,2.28516,2.34375,2.46094,2.28516,2.28516,2.16797,1.99219,0.068359,0.083008,0.057373,0.084229,0.100098,0.075684,0.097656,0.12207,0.057373,0.134277,0.119629
2017-06-01T15:50:00Z,34.80469,40.07813,40.78125,42.89063,44.29688,46.75781,46.05469,44.64844,45.35156,49.92188,58.35938,67.14844,2.63672,2.05078,2.92969,2.98828,2.92969,2.92969,2.63672,2.57813,2.75391,2.57813,2.46094,2.10938,1.99219,0.059814,0.072021,0.065918,0.070801,0.063477,0.079346,0.063477,0.097656,0.115967,0.164795,0.12085
2017-06-01T16:00:00Z,37.96875,39.72656,40.78125,40.42969,43.59375,41.48438,43.59375,41.13281,49.21875,69.25781,74.17969,72.77344,2.87109,2.40234,3.10547,3.16406,3.10547,3.16406,2.63672,2.87109,2.8125,2.51953,1.93359,1.875,1.875,0.045166,0.058594,0.041504,0.054932,0.080566,0.057373,0.12085,0.150146,0.13916,0.087891,0.095215
2017-06-01T16:10:00Z,30.9375,37.96875,40.07813,40.07813,42.89063,40.07813,40.78125,41.13281,61.17188,79.10156,80.50781,75.58594,2.87109,2.40234,2.92969,3.10547,3.10547,2.92969,2.57813,2.8125,2.51953,1.93359,1.52344,1.64063,1.75781,0.067139,0.05249,0.061035,0.06958,0.070801,0.06958,0.194092,0.26123,0.147705,0.172119,0.102539
2017-06-01T16:20:00Z,31.99219,36.5625,41.13281,39.72656,38.67188,39.72656,38.32031,47.46094,85.78125,83.32031,75.9375,73.47656,2.75391,2.28516,3.04688,3.10547,3.16406,2.8125,2.75391,2.75391,2.34375,1.34766,1.40625,1.58203,1.75781,0.063477,0.063477,0.041504,0.078125,0.06958,0.155029,0.246582,0.136719,0.164795,0.089111,0.100098
2017-06-01T16:30:00Z,31.28906,32.69531,36.21094,35.15625,33.75,33.75,33.75,74.17969,97.73438,73.125,66.79688,67.5,2.92969,2.40234,3.16406,3.33984,3.33984,2.75391,2.87109,2.46094,1.64063,1.28906,1.40625,1.64063,1.81641,0.073242,0.061035,0.061035,0.074463,0.064697,0.249023,0.238037,0.136719,0.12207,0.076904,0.111084
2017-06-01T16:40:00Z,26.36719,33.04688,35.85938,36.5625,29.53125,40.07813,32.69531,94.57031,71.01563,65.39063,66.79688,65.03906,2.98828,2.46094,3.22266,3.10547,3.16406,2.57813,2.16797,1.875,1.34766,1.40625,1.69922,1.93359,2.05078,0.057373,0.05249,0.073242,0.081787,0.231934,0.274658,0.162354,0.12085,0.102539,0.083008,0.10498
2017-06-01T16:50:00Z,27.42188,33.75,35.15625,34.45313,26.71875,47.46094,12.30469,65.39063,65.39063,64.6875,66.79688,67.14844,3.04688,2.46094,3.10547,2.8125,2.92969,2.28516,1.69922,1.23047,1.40625,1.69922,2.10938,2.22656,2.28516,0.065918,0.084229,0.084229,0.12085,0.183105,0.142822,0.141602,0.12207,0.092773,0.087891,0.072021
2017-06-01T17:00:00Z,30.23438,42.53906,41.13281,41.48438,35.50781,71.71875,35.85938,67.5,66.79688,66.44531,65.03906,67.5,2.98828,2.40234,3.22266,3.22266,3.28125,2.63672,1.64063,1.23047,1.52344,1.93359,2.05078,2.22656,2.22656,0.068359,0.100098,0.089111,0.142822,0.187988,0.142822,0.134277,0.089111,0.074463,0.091553,0.059814
2017-06-01T17:10:00Z,39.72656,47.8125,48.51563,47.10938,40.78125,56.95313,56.60156,62.57813,62.57813,61.52344,63.63281,63.98438,3.57422,2.87109,3.45703,3.57422,3.57422,2.92969,1.58203,1.69922,2.10938,2.34375,2.40234,2.40234,2.46094,0.06958,0.065918,0.075684,0.125732,0.20752,0.140381,0.117188,0.067139,0.093994,0.053711,0.085449
2017-06-01T17:20:00Z,43.24219,47.46094,49.21875,48.16406,45.70313,44.64844,43.24219,57.30469,58.35938,62.22656,63.63281,68.20313,3.98438,3.22266,3.98438,4.27734,4.21875,3.80859,3.10547,1.75781,2.05078,2.22656,2.22656,2.28516,2.28516,0.087891,0.064697,0.081787,0.072021,0.280762,0.192871,0.102539,0.10498,0.089111,0.080566,0.10376
2017-06-01T17:30:00Z,44.64844,52.03125,54.49219,53.78906,48.86719,42.89063,35.50781,51.32813,52.03125,54.14063,61.52344,66.79688,4.27734,3.63281,4.10156,4.27734,4.21875,3.75,3.22266,2.28516,2.16797,2.34375,2.28516,2.22656,2.16797,0.062256,0.070801,0.078125,0.096436,0.111084,0.162354,0.117188,0.095215,0.107422,0.101318,0.076904
2017-06-01T17:40:00Z,51.32813,56.95313,59.76563,58.71094,54.84375,47.8125,44.29688,51.32813,51.67969,54.84375,59.0625,67.85156,4.10156,3.45703,4.21875,4.62891,4.62891,3.98438,3.22266,2.40234,2.8125,2.8125,2.8125,2.57813,2.57813,0.057373,0.048828,0.056152,0.079346,0.12085,0.098877,0.096436,0.098877,0.081787,0.087891,0.079346
2017-06-01T17:50:00Z,55.19531,62.22656,62.92969,64.33594,59.41406,57.65625,54.84375,56.60156,57.65625,64.6875,74.17969,79.80469,4.39453,3.75,4.74609,4.86328,4.86328,4.27734,3.92578,2.63672,2.8125,2.8125,2.69531,2.63672,2.63672,0.047607,0.070801,0.046387,0.045166,0.128174,0.089111,0.081787,0.057373,0.065918,0.079346,0.064697
2017-06-01T18:00:00Z,60.46875,62.57813,62.22656,61.875,59.0625,53.4375,54.14063,55.54688,57.65625,74.88281,80.85938,82.96875,4.62891,3.92578,5.03906,5.21484,5.21484,4.45313,3.92578,2.87109,3.04688,2.98828,2.75391,2.69531,2.75391,0.059814,0.045166,0.054932,0.050049,0.128174,0.080566,0.059814,0.067139,0.06958,0.064697,0.050049
2017-06-01T18:10:00Z,59.41406,62.92969,63.98438,62.92969,57.65625,53.4375,56.25,57.65625,69.60938,78.04688,80.85938,80.85938,4.57031,3.98438,4.80469,4.51172,4.57031,3.86719,3.10547,3.04688,3.04688,2.69531,2.57813,2.75391,2.75391,0.053711,0.059814,0.070801,0.067139,0.10376,0.065918,0.074463,0.096436,0.059814,0.061035,0.081787
2017-06-01T18:20:00Z,61.875,61.52344,61.17188,61.875,56.95313,54.49219,56.95313,59.41406,70.66406,76.99219,78.39844,78.75,4.21875,3.57422,4.51172,4.21875,4.27734,3.80859,3.22266,3.28125,3.16406,2.87109,2.87109,2.87109,2.98828,0.089111,0.068359,0.048828,0.10376,0.093994,0.067139,0.096436,0.101318,0.090332,0.080566,0.070801
2017-06-01T18:30:00Z,60.11719,58.71094,57.65625,58.00781,58.35938,52.38281,53.08594,55.89844,63.28125,77.34375,78.75,80.15625,3.86719,3.28125,4.62891,4.51172,4.51172,4.04297,3.45703,3.22266,3.22266,2.98828,2.69531,2.75391,2.8125,0.073242,0.098877,0.08667,0.06958,0.081787,0.059814,0.061035,0.10498,0.057373,0.076904,0.083008
2017-06-01T18:40:00Z,57.30469,61.52344,61.52344,60.46875,60.82031,55.89844,56.25,58.71094,61.875,75.9375,80.85938,82.61719,3.45703,2.92969,4.6875,4.27734,4.45313,4.16016,3.80859,3.45703,3.45703,3.28125,2.75391,2.8125,2.8125,0.062256,0.059814,0.061035,0.072021,0.092773,0.076904,0.083008,0.101318,0.087891,0.06958,0.084229
2017-06-01T18:50:00Z,67.85156,63.98438,63.63281,62.92969,64.6875,61.17188,61.17188,62.57813,65.74219,74.17969,83.67188,86.13281,3.57422,2.92969,4.51172,4.21875,4.39453,3.92578,3.80859,3.57422,3.63281,3.57422,3.10547,2.87109,2.8125,0.039063,0.061035,0.065918,0.079346,0.070801,0.063477,0.064697,0.067139,0.102539,0.085449,0.076904
2017-06-01T19:00:00Z,64.6875,62.22656,61.17188,61.17188,63.28125,62.22656,63.63281,66.09375,71.36719,81.91406,86.83594,89.29688,3.33984,2.8125,4.39453,4.16016,4.10156,3.86719,3.63281,3.63281,3.57422,3.22266,2.92969,2.8125,2.87109,0.062256,0.061035,0.06958,0.056152,0.06958,0.057373,0.067139,0.115967,0.08667,0.092773,0.078125
2017-06-01T19:10:00Z,60.82031,58.35938,61.875,62.22656,60.82031,63.28125,68.20313,78.04688,85.07813,87.89063,90.35156,92.8125,3.28125,2.63672,4.16016,3.86719,3.98438,3.63281,3.63281,3.51563,3.51563,3.28125,3.22266,3.04688,3.10547,0.074463,0.047607,0.070801,0.098877,0.074463,0.065918,0.061035,0.058594,0.085449,0.091553,0.057373
2017-06-01T19:20:00Z,54.84375,57.65625,62.22656,58.71094,60.11719,61.52344,71.71875,84.02344,88.24219,88.94531,91.05469,93.86719,3.16406,2.63672,4.16016,3.69141,3.75,3.57422,3.51563,3.39844,3.33984,3.28125,3.04688,2.92969,2.92969,0.056152,0.063477,0.072021,0.075684,0.076904,0.064697,0.065918,0.090332,0.078125,0.100098,0.087891
2017-06-01T19:30:00Z,53.08594,59.0625,62.22656,61.52344,62.22656,66.09375,82.61719,90.70313,92.8125,94.21875,94.92188,97.73438,2.98828,2.40234,4.04297,3.69141,3.69141,3.45703,3.51563,3.22266,3.33984,3.16406,3.10547,2.92969,2.92969,0.074463,0.05249,0.06958,0.05249,0.085449,0.083008,0.06958,0.064697,0.092773,0.081787,0.078125
2017-06-01T19:40:00Z,57.65625,65.03906,68.55469,67.14844,71.01563,75.9375,91.40625,95.27344,94.92188,96.67969,97.73438,100.19531,2.8125,2.28516,4.04297,3.92578,3.98438,3.63281,3.57422,3.51563,3.51563,3.45703,3.39844,3.33984,3.33984,0.073242,0.075684,0.067139,0.068359,0.067139,0.06958,0.053711,0.061035,0.067139,0.056152,0.068359
2017-06-01T19:50:00Z,65.39063,67.14844,68.20313,69.25781,72.07031,78.04688,93.51563,97.03125,98.08594,98.4375,100.89844,100.54688,2.98828,2.28516,4.16016,4.39453,4.39453,3.86719,3.63281,3.51563,3.63281,3.51563,3.51563,3.45703,3.45703,0.054932,0.059814,0.070801,0.068359,0.05249,0.061035,0.06958,0.080566,0.063477,0.05249,0.076904
2017-06-01T20:00:00Z,70.66406,72.07031,71.01563,70.66406,73.82813,83.67188,96.67969,100.89844,101.95313,100.19531,104.0625,109.33594,2.92969,2.22656,3.98438,3.98438,4.04297,3.57422,3.22266,3.28125,3.45703,3.39844,3.33984,3.28125,3.16406,0.057373,0.070801,0.061035,0.056152,0.064697,0.057373,0.054932,0.054932,0.057373,0.056152,0.058594
2017-06-01T20:10:00Z,82.96875,74.17969,73.125,73.125,75.58594,90.0,98.08594,100.54688,103.00781,107.92969,114.25781,118.125,2.69531,1.99219,3.86719,3.86719,3.80859,3.57422,3.22266,3.33984,3.39844,3.33984,3.22266,3.10547,3.04688,0.081787,0.053711,0.062256,0.062256,0.053711,0.05127,0.074463,0.065918,0.058594,0.067139,0.070801
2017-06-01T20:20:00Z,83.32031,72.77344,72.07031,72.07031,72.42188,82.61719,95.97656,100.19531,104.76563,109.6875,114.60938,120.23438,2.40234,1.99219,3.69141,4.33594,4.27734,3.86719,3.33984,3.33984,3.33984,3.33984,3.22266,3.16406,3.16406,0.070801,0.056152,0.048828,0.074463,0.073242,0.073242,0.059814,0.059814,0.063477,0.067139,0.095215
2017-06-01T20:30:00Z,89.29688,83.32031,78.75,79.10156,80.15625,87.1875,99.14063,104.41406,108.63281,111.09375,116.36719,118.82813,2.57813,1.99219,3.86719,4.45313,4.45313,4.21875,3.69141,3.57422,3.80859,3.75,3.63281,3.51563,3.45703,0.068359,0.046387,0.056152,0.065918,0.06958,0.073242,0.06958,0.083008,0.078125,0.080566,0.058594
2017-06-01T20:40:00Z,99.14063,78.04688,75.23438,75.9375,78.04688,87.53906,95.625,99.84375,104.41406,105.82031,112.85156,115.66406,2.69531,2.22656,4.10156,4.92188,4.80469,4.51172,3.69141,3.80859,4.04297,3.86719,3.80859,3.69141,3.51563,0.063477,0.063477,0.061035,0.073242,0.073242,0.061035,0.057373,0.062256,0.080566,0.058594,0.076904
2017-06-01T20:50:00Z,92.10938,78.75,78.75,77.34375,80.85938,89.29688,95.27344,99.84375,104.0625,109.33594,113.55469,116.71875,2.51953,1.99219,4.45313,4.92188,4.98047,4.21875,3.80859,4.10156,4.16016,3.98438,3.69141,3.57422,3.51563,0.064697,0.057373,0.056152,0.070801,0.078125,0.068359,0.072021,0.078125,0.075684,0.058594,0.078125
2017-06-01T21:00:00Z,96.67969,82.26563,81.91406,81.21094,87.53906,94.21875,96.67969,105.46875,109.6875,113.90625,117.07031,121.64063,2.63672,2.16797,4.39453,4.74609,4.74609,4.21875,4.27734,4.51172,4.45313,4.10156,3.92578,3.86719,3.86719,0.059814,0.058594,0.056152,0.046387,0.065918,0.074463,0.079346,0.064697,0.081787,0.073242,0.079346
2017-06-01T21:10:00Z,105.82031,91.05469,92.10938,91.40625,99.84375,101.60156,106.17188,112.14844,115.3125,119.53125,123.75,125.15625,3.16406,2.46094,4.86328,4.98047,4.98047,4.62891,5.09766,5.15625,5.03906,4.86328,4.80469,4.74609,4.80469,0.076904,0.076904,0.072021,0.054932,0.065918,0.063477,0.053711,0.063477,0.06958,0.083008,0.068359
2017-06-01T21:20:00Z,114.25781,96.67969,98.08594,97.38281,103.71094,105.82031,110.03906,117.42188,121.99219,125.15625,125.85938,124.80469,3.63281,3.04688,5.27344,5.39063,5.44922,5.09766,5.56641,5.625,5.50781,5.33203,5.27344,5.27344,5.27344,0.050049,0.057373,0.05249,0.050049,0.048828,0.041504,0.05127,0.058594,0.041504,0.047607,0.050049
2017-06-01T21:30:00Z,117.42188,101.25,105.46875,104.41406,107.22656,108.28125,111.79688,115.66406,117.77344,120.58594,122.34375,121.99219,3.98438,3.33984,5.44922,5.39063,5.39063,5.68359,6.03516,6.03516,5.85938,5.74219,5.74219,5.80078,5.74219,0.042725,0.059814,0.054932,0.056152,0.042725,0.056152,0.048828,0.05127,0.05249,0.05249,0.05127
2017-06-01T21:40:00Z,120.58594,103.71094,107.22656,106.875,108.28125,107.92969,112.14844,112.5,114.96094,114.96094,117.07031,118.125,3.92578,3.39844,5.56641,5.21484,5.33203,5.74219,6.44531,6.67969,6.79688,6.79688,6.5625,6.44531,6.38672,0.057373,0.076904,0.057373,0.042725,0.047607,0.053711,0.067139,0.06958,0.057373,0.056152,0.062256
2017-06-01T21:50:00Z,121.99219,106.875,107.92969,107.57813,108.28125,111.44531,114.25781,117.07031,118.82813,121.28906,121.28906,123.39844,3.98438,3.22266,5.27344,5.39063,5.33203,5.85938,6.44531,6.79688,6.91406,6.85547,6.79688,6.73828,6.62109,0.057373,0.063477,0.059814,0.064697,0.059814,0.054932,0.048828,0.046387,0.05127,0.054932,0.059814
2017-06-01T22:00:00Z,120.9375,104.41406,107.22656,107.22656,107.57813,113.20313,113.90625,116.36719,118.125,120.23438,123.39844,125.50781,3.80859,3.22266,5.50781,5.625,5.44922,6.21094,6.62109,6.79688,6.79688,6.85547,6.79688,6.67969,6.44531,0.053711,0.05127,0.070801,0.061035,0.047607,0.050049,0.046387,0.047607,0.057373,0.054932,0.065918
2017-06-01T22:10:00Z,120.58594,106.52344,106.17188,105.82031,109.33594,113.90625,114.96094,117.42188,117.42188,120.23438,120.9375,123.39844,3.57422,3.10547,5.27344,5.39063,5.33203,5.97656,6.50391,6.62109,6.62109,6.62109,6.50391,6.44531,6.15234,0.057373,0.062256,0.067139,0.054932,0.045166,0.058594,0.041504,0.056152,0.047607,0.05249,0.061035
2017-06-01T22:20:00Z,118.125,107.22656,110.74219,110.03906,115.3125,118.125,119.53125,120.9375,122.34375,124.45313,127.61719,127.96875,3.22266,2.75391,5.44922,6.15234,6.09375,6.67969,6.5625,6.50391,6.50391,6.44531,6.44531,6.32813,6.38672,0.056152,0.059814,0.063477,0.059814,0.059814,0.061035,0.053711,0.054932,0.065918,0.056152,0.058594
2017-06-01T22:30:00Z,120.23438,114.25781,118.125,118.47656,127.96875,132.53906,133.59375,134.29688,136.05469,136.75781,137.10938,137.46094,3.22266,2.69531,4.86328,6.09375,6.03516,6.50391,6.44531,6.62109,6.5625,6.50391,6.38672,6.44531,6.26953,0.058594,0.057373,0.050049,0.054932,0.047607,0.039063,0.059814,0.046387,0.041504,0.043945,0.043945
2017-06-01T22:40:00Z,119.17969,121.28906,124.10156,123.04688,132.89063,133.24219,131.13281,129.375,130.07813,133.24219,136.40625,136.75781,2.92969,2.28516,4.33594,5.50781,5.44922,6.21094,6.5625,6.73828,6.62109,6.5625,6.32813,6.03516,5.91797,0.076904,0.057373,0.084229,0.039063,0.042725,0.057373,0.056152,0.046387,0.047607,0.048828,0.05127
2017-06-01T22:50:00Z,125.15625,127.26563,130.78125,130.07813,134.64844,130.42969,129.375,129.02344,129.72656,132.53906,135.0,138.86719,2.46094,2.05078,4.21875,5.56641,5.39063,6.62109,6.67969,6.5625,6.50391,6.44531,6.38672,6.15234,5.91797,0.080566,0.070801,0.067139,0.061035,0.048828,0.05249,0.047607,0.046387,0.056152,0.065918,0.059814
2017-06-01T23:00:00Z,138.16406,130.78125,133.24219,133.59375,130.07813,129.02344,129.375,130.07813,133.59375,135.0,138.51563,140.27344,2.46094,1.99219,4.45313,5.91797,5.85938,6.79688,6.67969,6.32813,6.32813,6.26953,6.09375,6.03516,5.74219,0.057373,0.050049,0.063477,0.046387,0.045166,0.054932,0.039063,0.047607,0.057373,0.056152,0.040283
2017-06-01T23:10:00Z,140.97656,131.13281,132.1875,132.89063,127.96875,129.02344,128.67188,129.375,131.48438,133.24219,139.21875,142.73438,2.57813,1.46484,4.45313,5.74219,5.74219,6.73828,6.5625,6.21094,6.15234,5.97656,5.97656,5.74219,5.625,0.054932,0.063477,0.036621,0.041504,0.053711,0.05127,0.050049,0.05249,0.05249,0.039063,0.05127
2017-06-01T23:20:00Z,134.64844,132.53906,132.53906,131.48438,126.91406,125.15625,127.26563,126.91406,128.67188,130.78125,139.21875,142.38281,1.52344,1.17188,4.33594,5.625,5.56641,6.67969,6.5625,6.5625,6.32813,6.26953,6.03516,5.80078,5.56641,0.075684,0.048828,0.061035,0.041504,0.05249,0.065918,0.063477,0.06958,0.070801,0.072021,0.058594
2017-06-01T23:30:00Z,130.78125,132.89063,134.64844,133.24219,125.85938,125.15625,125.15625,126.91406,125.85938,129.375,133.59375,138.86719,1.46484,0.87891,3.39844,4.80469,4.62891,6.32813,6.50391,6.5625,6.44531,6.26953,6.03516,5.85938,5.625,0.108643,0.076904,0.075684,0.046387,0.054932,0.058594,0.068359,0.046387,0.059814,0.054932,0.063477
2017-06-01T23:40:00Z,39.375,315.0,313.59375,314.29688,127.96875,123.39844,124.10156,125.50781,127.61719,127.61719,310.78125,313.94531,0.87891,0.41016,3.10547,4.57031,4.45313,6.15234,6.50391,6.32813,6.32813,5.97656,5.85938,5.56641,5.56641,0.083008,0.05127,0.043945,0.05127,0.046387,0.054932,0.041504,0.045166,0.068359,0.06958,0.057373
2017-06-01T23:50:00Z,28.82813,319.92188,318.16406,331.17188,308.67188,315.35156,110.39063,316.40625,310.42969,316.05469,326.25,325.54688,0.76172,0.35156,2.46094,3.80859,3.75,5.68359,6.38672,6.32813,6.21094,6.09375,5.91797,5.85938,5.85938,0.177002,0.10376,0.093994,0.068359,0.05249,0.039063,0.05249,0.059814,0.046387,0.042725,0.06958