LOCATION: 
SYSTEM SERIAL: HKZA
TIMESTAMP (ISO-8601) UTC,WindDir004m deg,WindDir030m deg,WindDir040m deg,WindDir040m_ref deg,WindDir060m deg,WindDir080m deg,WindDir100m deg,WindDir120m deg,WindDir140m deg,WindDir160m deg,WindDir180m deg,WindDir200m deg,WindGust004m m/s,WindSpeed004m m/s,WindSpeed030mh m/s,WindSpeed040mh m/s,WindSpeed040m_refh m/s,WindSpeed060mh m/s,WindSpeed080mh m/s,WindSpeed100mh m/s,WindSpeed120mh m/s,WindSpeed140mh m/s,WindSpeed160mh m/s,WindSpeed180mh m/s,WindSpeed200mh m/s,TI 030m,TI 040m,TI 040m ref,TI 060m,TI 080m,TI 100m,TI 120m,TI 140m,TI 160m,TI 180m,TI 200m
2017-06-13T00:00:00Z,287.57813,287.92969,290.39063,289.33594,288.98438,293.20313,294.96094,297.07031,300.23438,299.88281,302.34375,303.75,5.15625,3.80859,5.21484,5.68359,5.68359,6.32813,7.03125,7.55859,8.02734,8.61328,9.08203,9.31641,9.25781,0.102539,0.12207,0.092773,0.090332,0.101318,0.085449,0.092773,0.078125,0.06958,0.068359,0.079346
2017-06-13T00:10:00Z,286.52344,287.22656,286.17188,287.92969,288.98438,292.14844,293.55469,294.25781,295.66406,299.17969,296.36719,298.125,5.85938,4.27734,6.44531,6.5625,6.79688,7.14844,7.67578,7.96875,8.32031,8.96484,9.25781,9.49219,9.55078,0.08667,0.096436,0.089111,0.08667,0.072021,0.101318,0.081787,0.080566,0.10376,0.059814,0.075684
2017-06-13T00:20:00Z,284.76563,286.17188,283.00781,283.35938,287.57813,286.875,290.03906,286.875,296.01563,293.90625,301.64063,298.47656,6.21094,4.86328,5.44922,5.85938,5.97656,6.32813,6.62109,6.85547,7.61719,8.14453,8.73047,8.96484,8.96484,0.13916,0.140381,0.135498,0.118408,0.096436,0.126953,0.091553,0.117188,0.144043,0.097656,0.097656
2017-06-13T00:30:00Z,285.82031,282.65625,284.41406,284.76563,285.46875,287.92969,290.39063,291.79688,293.90625,293.20313,296.36719,300.58594,5.39063,3.80859,4.57031,4.86328,4.80469,5.21484,5.85938,6.15234,6.5625,6.67969,7.08984,7.55859,7.96875,0.123291,0.113525,0.117188,0.113525,0.095215,0.081787,0.083008,0.098877,0.101318,0.130615,0.115967
2017-06-13T00:40:00Z,283.35938,285.46875,282.30469,286.17188,283.35938,284.76563,291.44531,292.5,295.3125,293.90625,297.07031,300.23438,4.57031,3.45703,5.09766,5.27344,5.33203,5.74219,6.26953,6.5625,7.03125,7.20703,7.73438,8.14453,8.26172,0.129395,0.13916,0.158691,0.107422,0.106201,0.113525,0.10498,0.112305,0.145264,0.091553,0.097656
2017-06-13T00:50:00Z,282.30469,285.82031,285.82031,284.76563,287.22656,287.92969,290.03906,292.85156,292.5,297.77344,298.47656,296.71875,5.39063,3.98438,5.56641,5.97656,6.03516,6.32813,6.73828,7.14844,7.61719,8.02734,8.26172,8.14453,8.37891,0.111084,0.108643,0.12207,0.080566,0.085449,0.112305,0.093994,0.079346,0.097656,0.090332,0.08667
2017-06-13T01:00:00Z,280.54688,288.98438,287.22656,287.92969,293.55469,292.85156,294.96094,297.77344,299.17969,299.53125,303.04688,303.39844,5.21484,3.92578,5.33203,5.74219,5.625,6.21094,6.62109,6.97266,7.32422,7.79297,8.20313,8.4375,8.78906,0.096436,0.112305,0.118408,0.115967,0.123291,0.141602,0.096436,0.115967,0.092773,0.072021,0.092773
2017-06-13T01:10:00Z,285.82031,290.39063,291.79688,290.74219,293.90625,293.20313,294.25781,295.66406,298.47656,297.77344,297.42188,300.9375,5.33203,4.10156,5.44922,5.74219,5.68359,6.09375,6.44531,6.85547,7.32422,7.73438,7.91016,8.20313,8.32031,0.118408,0.123291,0.135498,0.117188,0.087891,0.091553,0.136719,0.095215,0.101318,0.092773,0.107422
2017-06-13T01:20:00Z,286.17188,292.14844,289.33594,290.74219,290.39063,291.44531,290.03906,297.07031,296.71875,299.88281,300.23438,302.69531,4.92188,3.92578,5.39063,5.33203,5.625,5.74219,6.03516,6.79688,7.20703,7.38281,7.61719,8.14453,8.02734,0.13916,0.091553,0.114746,0.102539,0.091553,0.124512,0.074463,0.111084,0.081787,0.089111,0.100098
2017-06-13T01:30:00Z,284.76563,286.52344,285.11719,287.57813,286.17188,286.52344,292.85156,293.90625,296.36719,296.71875,297.07031,298.125,4.92188,3.86719,5.44922,5.625,5.85938,6.03516,6.5625,6.85547,6.97266,7.08984,7.14844,7.67578,8.08594,0.129395,0.167236,0.12085,0.147705,0.130615,0.114746,0.109863,0.097656,0.113525,0.101318,0.070801
2017-06-13T01:40:00Z,279.49219,282.65625,282.30469,283.35938,285.11719,290.74219,289.6875,289.6875,293.55469,295.66406,298.82813,299.17969,6.03516,4.39453,5.80078,6.09375,6.03516,6.38672,6.5625,6.67969,6.85547,7.14844,7.14844,7.61719,7.73438,0.089111,0.125732,0.100098,0.113525,0.093994,0.098877,0.10498,0.109863,0.136719,0.089111,0.108643
2017-06-13T01:50:00Z,277.03125,282.65625,285.11719,285.11719,285.46875,284.76563,286.52344,291.44531,288.63281,297.07031,291.09375,294.25781,5.80078,4.51172,5.80078,5.80078,5.85938,6.26953,6.21094,6.62109,6.62109,7.08984,7.08984,7.5,7.79297,0.119629,0.148926,0.128174,0.12085,0.114746,0.109863,0.112305,0.106201,0.12207,0.126953,0.098877
2017-06-13T02:00:00Z,277.03125,283.35938,286.17188,286.875,287.22656,288.63281,292.85156,293.55469,294.96094,294.60938,297.42188,299.88281,5.85938,4.51172,5.27344,5.50781,5.56641,5.85938,6.15234,6.44531,6.50391,6.91406,7.14844,7.73438,7.85156,0.140381,0.13916,0.12085,0.13916,0.111084,0.112305,0.114746,0.134277,0.117188,0.089111,0.12085
2017-06-13T02:10:00Z,281.60156,290.74219,288.63281,291.09375,290.74219,294.96094,291.79688,298.82813,299.17969,298.47656,298.82813,301.99219,5.80078,4.51172,5.74219,5.74219,5.85938,6.15234,6.21094,6.67969,6.79688,7.03125,7.20703,7.73438,7.85156,0.135498,0.131836,0.133057,0.100098,0.091553,0.134277,0.109863,0.076904,0.123291,0.092773,0.113525
2017-06-13T02:20:00Z,285.11719,293.90625,295.3125,293.20313,295.66406,299.17969,299.53125,298.82813,298.47656,301.64063,303.75,301.99219,6.15234,4.57031,5.09766,5.27344,5.27344,5.50781,5.625,5.74219,6.09375,6.44531,6.91406,7.14844,7.38281,0.159912,0.136719,0.146484,0.145264,0.117188,0.125732,0.134277,0.12207,0.129395,0.101318,0.078125
2017-06-13T02:30:00Z,288.98438,292.85156,295.3125,295.3125,293.20313,294.25781,297.07031,297.42188,301.64063,304.80469,304.45313,306.91406,5.15625,4.04297,5.09766,5.39063,5.39063,5.56641,6.03516,6.21094,6.50391,6.91406,7.26563,7.61719,7.67578,0.152588,0.129395,0.183105,0.145264,0.133057,0.130615,0.133057,0.126953,0.102539,0.125732,0.129395
2017-06-13T02:40:00Z,290.74219,299.17969,302.34375,300.58594,301.64063,299.53125,303.04688,304.45313,309.72656,306.21094,305.85938,306.91406,6.15234,4.74609,6.32813,6.32813,6.32813,6.67969,7.14844,7.55859,7.85156,8.32031,8.02734,8.96484,9.08203,0.133057,0.123291,0.147705,0.115967,0.128174,0.117188,0.106201,0.129395,0.148926,0.147705,0.118408
2017-06-13T02:50:00Z,297.42188,305.85938,303.75,303.75,303.04688,302.69531,305.50781,305.85938,308.67188,306.21094,304.80469,308.32031,7.08984,5.68359,6.73828,6.73828,6.97266,7.14844,7.79297,8.32031,8.55469,8.96484,9.375,9.60938,9.72656,0.10498,0.106201,0.117188,0.117188,0.084229,0.096436,0.106201,0.100098,0.111084,0.075684,0.089111
2017-06-13T03:00:00Z,300.23438,292.5,295.66406,295.66406,296.36719,294.96094,294.96094,298.47656,298.125,300.23438,304.10156,302.69531,6.85547,5.68359,6.67969,6.5625,6.50391,6.97266,7.08984,7.67578,7.67578,8.32031,8.4375,8.90625,9.14063,0.128174,0.126953,0.123291,0.144043,0.083008,0.095215,0.142822,0.12207,0.124512,0.089111,0.091553
2017-06-13T03:10:00Z,287.92969,291.44531,287.92969,290.03906,292.14844,291.44531,292.85156,296.36719,296.71875,296.36719,296.36719,296.36719,7.32422,5.80078,6.79688,7.14844,7.20703,7.32422,7.79297,8.32031,8.73047,8.67188,8.67188,8.61328,9.14063,0.133057,0.126953,0.100098,0.108643,0.128174,0.124512,0.090332,0.123291,0.114746,0.080566,0.092773
2017-06-13T03:20:00Z,288.28125,295.66406,293.90625,294.96094,293.20313,292.85156,291.44531,298.47656,296.36719,297.77344,299.17969,298.125,7.20703,5.80078,6.50391,6.50391,6.91406,6.85547,7.26563,8.08594,8.20313,8.26172,8.73047,8.96484,9.31641,0.146484,0.145264,0.128174,0.133057,0.125732,0.10376,0.113525,0.133057,0.151367,0.118408,0.111084
2017-06-13T03:30:00Z,290.74219,291.79688,291.09375,293.55469,289.6875,291.09375,291.09375,295.3125,293.55469,297.07031,298.125,298.125,7.08984,5.74219,7.20703,7.08984,7.26563,7.73438,7.85156,8.4375,8.67188,9.08203,9.19922,9.31641,9.375,0.087891,0.101318,0.134277,0.109863,0.111084,0.096436,0.107422,0.125732,0.095215,0.096436,0.093994
2017-06-13T03:40:00Z,286.17188,285.82031,289.6875,287.22656,289.33594,289.6875,288.98438,293.55469,295.3125,295.66406,299.17969,297.77344,7.79297,6.21094,7.26563,7.61719,7.38281,7.73438,8.32031,8.67188,9.08203,9.49219,10.01953,10.01953,9.84375,0.145264,0.119629,0.134277,0.150146,0.115967,0.117188,0.106201,0.109863,0.107422,0.096436,0.131836
2017-06-13T03:50:00Z,283.35938,288.28125,288.63281,289.6875,289.33594,292.5,291.79688,295.66406,297.07031,298.82813,298.125,300.9375,7.96875,6.15234,7.26563,7.08984,7.26563,7.32422,7.85156,8.26172,8.61328,8.90625,9.19922,9.31641,9.43359,0.164795,0.162354,0.128174,0.126953,0.115967,0.115967,0.101318,0.109863,0.123291,0.079346,0.130615
2017-06-13T04:00:00Z,285.46875,287.57813,291.09375,292.14844,288.98438,291.09375,292.14844,296.36719,296.36719,298.82813,297.77344,301.28906,9.14063,6.09375,6.50391,6.5625,6.79688,7.20703,7.32422,7.96875,8.20313,8.49609,8.67188,9.02344,8.78906,0.117188,0.107422,0.119629,0.097656,0.102539,0.102539,0.126953,0.112305,0.097656,0.10376,0.092773
2017-06-13T04:10:00Z,285.11719,285.46875,290.03906,286.875,287.22656,289.6875,291.79688,293.55469,292.85156,298.82813,298.125,298.47656,7.26563,5.56641,6.32813,6.44531,6.62109,6.85547,7.20703,7.61719,8.20313,8.55469,8.78906,9.08203,9.14063,0.096436,0.131836,0.091553,0.117188,0.137939,0.111084,0.089111,0.102539,0.081787,0.091553,0.08667
2017-06-13T04:20:00Z,279.14063,283.71094,285.11719,283.00781,285.46875,285.46875,290.39063,291.79688,293.90625,296.01563,298.82813,297.07031,6.73828,5.68359,6.44531,6.5625,6.5625,6.73828,7.14844,7.26563,7.91016,7.96875,8.4375,8.67188,9.02344,0.136719,0.117188,0.108643,0.112305,0.10376,0.124512,0.092773,0.091553,0.089111,0.070801,0.100098
2017-06-13T04:30:00Z,282.30469,288.63281,287.22656,285.11719,284.76563,289.33594,292.5,293.90625,293.55469,297.07031,296.36719,297.77344,7.08984,5.56641,5.97656,5.80078,6.09375,6.38672,6.67969,7.26563,7.5,7.96875,8.32031,8.84766,8.73047,0.141602,0.129395,0.140381,0.102539,0.126953,0.091553,0.130615,0.087891,0.096436,0.089111,0.098877
2017-06-13T04:40:00Z,278.08594,283.71094,283.35938,283.35938,287.57813,285.46875,287.92969,287.22656,287.57813,293.20313,296.71875,296.36719,6.15234,5.33203,5.74219,6.15234,5.97656,6.21094,6.44531,6.62109,7.08984,7.55859,7.91016,7.85156,8.08594,0.098877,0.085449,0.108643,0.098877,0.102539,0.12207,0.098877,0.10498,0.075684,0.10376,0.102539
2017-06-13T04:50:00Z,277.73438,278.78906,277.73438,278.4375,277.38281,278.78906,280.89844,281.60156,285.46875,285.11719,290.39063,290.74219,6.38672,5.21484,6.38672,6.32813,6.5625,6.62109,7.03125,7.08984,7.32422,7.55859,7.79297,8.08594,8.26172,0.101318,0.123291,0.102539,0.12085,0.125732,0.10376,0.101318,0.087891,0.098877,0.079346,0.101318
2017-06-13T05:00:00Z,272.46094,276.32813,277.03125,277.38281,279.14063,282.30469,284.0625,283.71094,288.28125,290.74219,291.79688,297.07031,6.91406,5.80078,6.15234,6.26953,6.21094,6.50391,6.44531,6.73828,7.03125,7.03125,7.26563,7.44141,7.96875,0.079346,0.109863,0.12207,0.109863,0.098877,0.133057,0.107422,0.092773,0.093994,0.10498,0.075684
2017-06-13T05:10:00Z,271.40625,281.60156,280.19531,279.49219,279.14063,280.89844,283.00781,282.30469,287.22656,286.875,288.63281,292.14844,6.85547,5.56641,6.09375,6.09375,6.26953,6.15234,6.32813,6.32813,6.62109,6.5625,6.62109,6.85547,7.20703,0.101318,0.114746,0.113525,0.12207,0.119629,0.141602,0.108643,0.111084,0.10498,0.131836,0.100098
2017-06-13T05:20:00Z,277.03125,284.0625,283.71094,283.71094,286.17188,285.82031,285.82031,288.98438,291.09375,289.33594,292.5,294.25781,6.5625,5.27344,5.97656,6.21094,6.03516,6.03516,6.21094,6.38672,6.67969,6.85547,6.91406,7.32422,7.38281,0.129395,0.119629,0.089111,0.135498,0.126953,0.111084,0.100098,0.128174,0.109863,0.101318,0.087891
2017-06-13T05:30:00Z,278.08594,286.17188,287.92969,285.46875,286.17188,289.33594,288.63281,291.09375,292.14844,291.79688,294.60938,296.36719,6.62109,5.50781,6.85547,6.79688,6.79688,6.85547,7.03125,7.08984,7.14844,7.20703,7.44141,7.67578,7.79297,0.129395,0.123291,0.136719,0.111084,0.117188,0.112305,0.090332,0.117188,0.091553,0.089111,0.096436
2017-06-13T05:40:00Z,283.00781,293.20313,292.85156,293.20313,293.20313,291.44531,293.55469,297.07031,298.82813,292.14844,299.53125,297.42188,7.08984,5.97656,6.62109,6.62109,6.85547,6.67969,6.97266,7.32422,7.5,7.14844,7.26563,7.38281,7.79297,0.129395,0.12085,0.134277,0.109863,0.12207,0.10498,0.090332,0.112305,0.124512,0.107422,0.117188
2017-06-13T05:50:00Z,289.33594,291.79688,295.3125,292.5,291.09375,293.55469,295.3125,296.01563,295.3125,298.125,297.42188,299.17969,7.67578,5.97656,7.08984,6.79688,7.03125,7.08984,7.14844,7.32422,7.44141,7.38281,7.44141,7.96875,8.26172,0.119629,0.12085,0.107422,0.106201,0.102539,0.089111,0.102539,0.136719,0.134277,0.084229,0.10498
2017-06-13T06:00:00Z,288.63281,296.71875,294.96094,298.47656,297.77344,298.47656,300.23438,298.125,302.34375,304.45313,306.5625,306.5625,7.5,6.09375,6.44531,6.5625,6.5625,6.50391,6.79688,6.73828,7.03125,7.26563,7.32422,7.38281,7.26563,0.108643,0.134277,0.134277,0.157471,0.115967,0.096436,0.137939,0.12085,0.12085,0.128174,0.12207
2017-06-13T06:10:00Z,293.20313,298.82813,297.07031,299.17969,298.47656,298.125,296.36719,301.64063,300.23438,301.28906,300.58594,301.64063,6.91406,5.50781,5.74219,5.74219,6.09375,6.21094,6.21094,6.50391,6.50391,6.5625,6.44531,6.91406,7.08984,0.145264,0.117188,0.12085,0.157471,0.123291,0.131836,0.108643,0.125732,0.097656,0.090332,0.098877
2017-06-13T06:20:00Z,291.44531,298.125,298.82813,299.17969,299.53125,299.17969,297.77344,297.42188,299.17969,300.23438,303.75,304.45313,6.5625,5.33203,6.09375,5.91797,6.09375,5.91797,5.97656,6.03516,6.15234,6.32813,6.44531,6.50391,6.50391,0.114746,0.137939,0.147705,0.119629,0.140381,0.150146,0.124512,0.12085,0.130615,0.13916,0.114746
2017-06-13T06:30:00Z,291.79688,292.85156,295.66406,295.66406,296.01563,294.60938,296.71875,295.66406,299.17969,301.64063,300.23438,304.45313,6.50391,5.27344,5.97656,6.26953,5.97656,6.15234,6.09375,6.15234,6.15234,6.50391,6.32813,6.44531,6.26953,0.135498,0.123291,0.145264,0.109863,0.126953,0.144043,0.129395,0.142822,0.114746,0.137939,0.141602
2017-06-13T06:40:00Z,292.14844,296.01563,298.82813,297.42188,295.66406,298.47656,297.07031,297.07031,298.125,299.17969,299.53125,303.04688,6.5625,5.50781,5.80078,5.85938,5.91797,5.91797,5.85938,6.09375,5.91797,6.09375,6.38672,6.67969,6.50391,0.146484,0.131836,0.136719,0.140381,0.161133,0.111084,0.157471,0.12207,0.123291,0.131836,0.134277
2017-06-13T06:50:00Z,289.33594,288.63281,291.79688,291.09375,293.55469,292.5,292.85156,298.125,296.71875,300.58594,297.07031,303.75,6.21094,4.98047,5.50781,5.56641,5.39063,5.50781,5.56641,5.74219,5.68359,5.85938,5.74219,5.97656,5.97656,0.144043,0.155029,0.141602,0.140381,0.135498,0.117188,0.164795,0.129395,0.129395,0.136719,0.111084
2017-06-13T07:00:00Z,287.22656,291.79688,292.5,292.85156,293.55469,292.5,296.71875,293.90625,295.66406,297.07031,301.28906,299.88281,6.03516,4.92188,5.39063,5.56641,5.625,5.33203,5.68359,5.39063,5.56641,5.56641,6.03516,6.09375,6.15234,0.140381,0.117188,0.124512,0.123291,0.13916,0.119629,0.15625,0.124512,0.130615,0.119629,0.115967
2017-06-13T07:10:00Z,289.6875,297.77344,295.66406,298.47656,295.3125,298.47656,298.82813,302.34375,299.88281,299.88281,300.23438,304.80469,6.09375,4.74609,5.09766,5.21484,5.09766,5.39063,5.21484,5.50781,5.21484,5.39063,5.56641,5.91797,6.09375,0.145264,0.137939,0.108643,0.123291,0.135498,0.114746,0.136719,0.108643,0.141602,0.126953,0.10376
2017-06-13T07:20:00Z,293.20313,298.82813,295.66406,297.42188,297.42188,297.77344,298.125,300.9375,299.17969,300.23438,298.82813,304.45313,5.85938,4.62891,4.98047,5.03906,4.98047,5.21484,5.21484,5.33203,5.39063,5.39063,5.33203,5.68359,5.68359,0.129395,0.147705,0.200195,0.142822,0.174561,0.137939,0.102539,0.178223,0.117188,0.095215,0.137939
2017-06-13T07:30:00Z,294.25781,294.60938,294.96094,295.66406,290.39063,294.60938,290.74219,296.01563,296.36719,297.77344,297.42188,299.88281,5.68359,4.51172,5.33203,5.27344,5.44922,5.21484,5.33203,5.21484,5.50781,5.44922,5.56641,5.625,5.56641,0.164795,0.147705,0.142822,0.150146,0.141602,0.146484,0.123291,0.115967,0.151367,0.133057,0.098877
2017-06-13T07:40:00Z,290.03906,293.20313,295.3125,296.01563,293.90625,293.55469,292.85156,296.36719,293.55469,294.96094,293.20313,296.71875,6.03516,4.80469,5.33203,5.21484,5.15625,5.33203,5.21484,5.50781,5.21484,5.15625,5.21484,5.50781,5.44922,0.098877,0.136719,0.148926,0.136719,0.10376,0.140381,0.128174,0.164795,0.126953,0.133057,0.124512
2017-06-13T07:50:00Z,290.74219,293.90625,292.85156,291.09375,291.44531,293.55469,291.79688,292.5,292.14844,291.09375,293.55469,293.90625,6.26953,4.80469,4.92188,4.92188,4.98047,4.92188,4.98047,4.98047,4.92188,5.03906,4.98047,4.98047,5.09766,0.195313,0.157471,0.130615,0.159912,0.141602,0.157471,0.133057,0.108643,0.10376,0.124512,0.128174
2017-06-13T08:00:00Z,287.92969,292.85156,290.74219,291.79688,291.79688,292.14844,292.5,293.55469,292.5,293.20313,294.96094,294.25781,5.09766,4.21875,4.39453,4.45313,4.57031,4.45313,4.45313,4.51172,4.33594,4.39453,4.45313,4.45313,4.51172,0.107422,0.12085,0.164795,0.146484,0.133057,0.145264,0.170898,0.12085,0.189209,0.131836,0.140381
2017-06-13T08:10:00Z,287.92969,285.46875,284.41406,282.65625,283.35938,286.875,291.44531,289.6875,290.74219,287.92969,291.09375,295.3125,4.74609,3.80859,3.92578,4.04297,3.86719,3.98438,4.04297,3.80859,3.92578,3.86719,3.92578,4.10156,4.21875,0.166016,0.150146,0.145264,0.161133,0.19043,0.13916,0.158691,0.167236,0.175781,0.146484,0.169678
2017-06-13T08:20:00Z,281.60156,284.0625,285.11719,283.71094,284.41406,283.00781,282.65625,286.17188,285.11719,286.52344,285.46875,289.6875,4.51172,3.22266,3.57422,3.57422,3.51563,3.57422,3.51563,3.63281,3.63281,3.45703,3.51563,3.80859,3.80859,0.206299,0.178223,0.141602,0.150146,0.109863,0.174561,0.157471,0.157471,0.167236,0.142822,0.137939
2017-06-13T08:30:00Z,280.19531,285.46875,288.98438,282.30469,285.82031,283.35938,282.30469,286.875,290.39063,292.5,288.98438,292.85156,4.04297,3.33984,3.92578,3.86719,3.92578,3.75,3.69141,3.86719,3.86719,4.04297,3.75,3.75,3.57422,0.148926,0.170898,0.13916,0.158691,0.162354,0.135498,0.13916,0.145264,0.189209,0.135498,0.153809
2017-06-13T08:40:00Z,283.35938,281.25,281.60156,282.65625,282.65625,281.60156,284.41406,284.41406,286.17188,286.17188,292.14844,288.63281,4.27734,3.51563,3.69141,3.86719,3.69141,3.75,3.92578,3.75,3.69141,3.75,3.86719,3.86719,3.86719,0.179443,0.142822,0.175781,0.13916,0.217285,0.130615,0.148926,0.150146,0.130615,0.148926,0.152588
2017-06-13T08:50:00Z,277.38281,275.625,277.38281,272.8125,274.21875,280.19531,273.51563,277.03125,278.4375,276.67969,284.41406,289.33594,4.21875,3.51563,3.80859,3.75,3.80859,3.86719,3.75,3.75,3.63281,3.69141,3.86719,3.92578,3.75,0.145264,0.125732,0.140381,0.119629,0.152588,0.114746,0.128174,0.167236,0.124512,0.131836,0.209961
2017-06-13T09:00:00Z,277.03125,279.84375,279.49219,278.08594,280.54688,278.08594,271.75781,278.78906,282.30469,281.95313,284.0625,285.46875,4.33594,3.51563,3.75,3.92578,3.75,3.69141,3.63281,3.80859,3.75,3.80859,3.75,3.69141,3.69141,0.167236,0.19043,0.153809,0.167236,0.161133,0.181885,0.170898,0.174561,0.163574,0.198975,0.148926
2017-06-13T09:10:00Z,279.14063,278.4375,280.19531,278.78906,277.03125,281.95313,279.14063,280.54688,280.89844,281.95313,285.11719,285.82031,4.39453,3.45703,3.69141,3.63281,3.45703,3.69141,3.63281,3.69141,3.63281,3.69141,3.63281,3.63281,3.69141,0.140381,0.151367,0.206299,0.117188,0.169678,0.114746,0.203857,0.151367,0.151367,0.136719,0.136719
2017-06-13T09:20:00Z,277.73438,283.71094,282.30469,286.52344,280.19531,277.38281,281.25,281.60156,283.00781,281.60156,283.71094,289.33594,4.21875,3.39844,3.75,3.80859,3.86719,3.86719,3.92578,3.86719,3.92578,3.92578,3.75,4.04297,3.98438,0.167236,0.172119,0.20752,0.164795,0.164795,0.142822,0.169678,0.150146,0.177002,0.146484,0.167236
2017-06-13T09:30:00Z,283.35938,289.6875,287.22656,287.57813,288.28125,286.17188,287.22656,289.33594,288.63281,284.76563,287.57813,293.20313,4.45313,3.63281,3.98438,3.86719,3.92578,3.98438,3.98438,4.10156,3.86719,3.86719,3.80859,4.16016,4.10156,0.130615,0.131836,0.183105,0.119629,0.152588,0.144043,0.13916,0.098877,0.141602,0.142822,0.133057
2017-06-13T09:40:00Z,288.28125,290.39063,292.14844,292.14844,288.63281,294.25781,291.79688,295.3125,293.90625,297.42188,295.66406,299.17969,4.74609,3.63281,3.75,3.75,3.75,3.86719,3.75,3.80859,3.80859,3.86719,3.92578,4.04297,3.92578,0.140381,0.140381,0.124512,0.134277,0.124512,0.136719,0.19043,0.141602,0.151367,0.13916,0.148926
2017-06-13T09:50:00Z,288.63281,291.09375,290.74219,289.33594,291.44531,291.44531,297.42188,292.5,297.77344,299.53125,295.66406,299.88281,4.45313,3.51563,4.10156,4.10156,4.04297,3.92578,3.92578,3.92578,3.98438,4.39453,4.16016,4.04297,4.10156,0.161133,0.13916,0.151367,0.223389,0.174561,0.17334,0.164795,0.214844,0.111084,0.201416,0.12207
2017-06-13T10:00:00Z,294.96094,294.96094,294.96094,294.96094,292.5,298.82813,292.5,298.82813,298.82813,300.9375,299.17969,306.5625,4.27734,3.51563,3.98438,3.98438,3.92578,4.10156,3.98438,4.16016,4.10156,4.10156,4.16016,4.21875,4.16016,0.133057,0.166016,0.153809,0.157471,0.126953,0.236816,0.162354,0.168457,0.153809,0.137939,0.125732
2017-06-13T10:10:00Z,296.01563,298.47656,303.04688,304.10156,302.69531,302.34375,301.28906,300.58594,303.39844,303.39844,303.75,303.75,4.51172,3.63281,4.10156,4.04297,4.04297,3.98438,3.98438,4.10156,4.16016,4.16016,4.16016,4.39453,4.04297,0.168457,0.126953,0.142822,0.135498,0.100098,0.174561,0.128174,0.175781,0.147705,0.219727,0.147705
2017-06-13T10:20:00Z,302.34375,300.58594,298.82813,304.10156,301.28906,302.34375,299.53125,299.88281,305.15625,303.39844,306.91406,304.80469,4.6875,3.69141,4.10156,4.04297,3.86719,3.98438,3.98438,4.04297,3.98438,4.10156,4.10156,4.10156,4.16016,0.119629,0.117188,0.145264,0.111084,0.124512,0.128174,0.107422,0.12207,0.12207,0.133057,0.128174
2017-06-13T10:30:00Z,299.53125,291.79688,297.07031,294.96094,295.66406,295.66406,297.42188,296.36719,298.47656,299.53125,304.80469,303.75,4.62891,3.57422,3.69141,3.92578,3.80859,3.75,3.80859,3.80859,3.98438,3.98438,4.21875,4.10156,4.45313,0.174561,0.137939,0.151367,0.151367,0.142822,0.140381,0.109863,0.15625,0.101318,0.150146,0.15625
2017-06-13T10:40:00Z,289.6875,283.35938,283.00781,277.03125,283.71094,283.00781,283.71094,279.84375,282.65625,285.46875,288.28125,287.57813,4.21875,3.33984,3.45703,3.80859,3.92578,3.57422,3.63281,3.57422,3.75,3.92578,3.75,3.75,3.86719,0.236816,0.136719,0.172119,0.180664,0.153809,0.177002,0.198975,0.213623,0.133057,0.13916,0.147705
2017-06-13T10:50:00Z,280.89844,285.82031,284.76563,279.14063,280.54688,272.10938,274.92188,276.32813,282.65625,275.97656,282.30469,283.71094,3.57422,2.75391,3.10547,3.10547,3.16406,3.28125,3.33984,3.63281,3.39844,3.16406,3.39844,3.45703,3.63281,0.222168,0.283203,0.219727,0.446777,0.292969,0.302734,0.333252,0.222168,0.283203,0.380859,0.302734
2017-06-13T11:00:00Z,285.82031,277.03125,278.4375,281.25,278.78906,272.8125,277.73438,276.32813,283.00781,275.27344,280.54688,281.25,3.57422,2.8125,3.45703,3.57422,3.51563,3.45703,3.51563,3.51563,3.33984,3.28125,3.51563,3.75,3.80859,0.241699,0.317383,0.201416,0.29541,0.244141,0.185547,0.296631,0.241699,0.258789,0.422363,0.26123
2017-06-13T11:10:00Z,268.59375,266.13281,265.42969,268.24219,268.59375,267.89063,270.70313,267.1875,270.0,267.89063,266.48438,266.13281,3.57422,2.75391,3.16406,3.22266,3.28125,3.39844,3.39844,3.39844,3.16406,3.33984,3.10547,3.22266,3.28125,0.133057,0.137939,0.13916,0.357666,0.283203,0.147705,0.12207,0.19165,0.098877,0.141602,0.159912
2017-06-13T11:20:00Z,255.9375,254.88281,252.42188,249.60938,249.25781,254.88281,254.88281,253.47656,258.04688,253.125,254.53125,255.23438,3.63281,2.87109,3.69141,3.63281,3.75,3.69141,3.57422,3.57422,3.80859,3.69141,3.63281,3.80859,3.69141,0.159912,0.184326,0.142822,0.153809,0.197754,0.169678,0.285645,0.240479,0.112305,0.383301,0.183105
2017-06-13T11:30:00Z,244.6875,249.96094,243.98438,248.90625,247.5,248.90625,247.14844,247.5,249.96094,249.25781,251.01563,253.125,4.21875,3.33984,3.51563,3.80859,3.80859,3.75,3.75,3.69141,3.80859,3.69141,3.69141,3.75,3.75,0.150146,0.111084,0.118408,0.087891,0.146484,0.108643,0.115967,0.108643,0.113525,0.123291,0.123291
2017-06-13T11:40:00Z,247.14844,260.15625,261.91406,261.5625,260.15625,258.04688,257.34375,260.15625,260.15625,258.39844,261.21094,262.96875,3.86719,3.16406,3.63281,3.63281,3.57422,3.57422,3.57422,3.80859,3.63281,3.57422,3.69141,3.75,3.51563,0.118408,0.129395,0.12085,0.101318,0.124512,0.13916,0.111084,0.108643,0.124512,0.109863,0.101318
2017-06-13T11:50:00Z,258.39844,261.21094,258.04688,258.39844,257.34375,258.75,253.125,262.26563,256.99219,256.28906,255.58594,261.21094,4.10156,3.22266,3.69141,3.69141,4.10156,3.98438,3.98438,3.92578,3.92578,4.10156,3.86719,3.92578,3.86719,0.141602,0.220947,0.333252,0.201416,0.179443,0.163574,0.187988,0.253906,0.192871,0.166016,0.240479
2017-06-13T12:00:00Z,255.9375,262.61719,264.72656,263.32031,261.21094,260.15625,264.02344,261.91406,265.78125,262.96875,261.5625,266.13281,4.21875,3.10547,3.92578,4.04297,3.92578,4.10156,4.10156,3.75,3.80859,3.80859,3.63281,3.98438,3.80859,0.169678,0.266113,0.20874,0.181885,0.19165,0.178223,0.107422,0.202637,0.170898,0.239258,0.194092
2017-06-13T12:10:00Z,261.5625,276.32813,276.32813,277.38281,273.16406,276.32813,273.16406,274.92188,277.73438,276.32813,282.30469,279.49219,4.10156,3.28125,4.27734,4.39453,4.27734,4.27734,4.45313,4.27734,4.21875,4.21875,4.27734,4.21875,4.21875,0.201416,0.299072,0.20874,0.231934,0.17334,0.175781,0.161133,0.17334,0.178223,0.227051,0.251465
2017-06-13T12:20:00Z,270.70313,275.27344,275.625,276.32813,274.57031,273.16406,266.13281,272.8125,274.21875,279.84375,276.67969,274.57031,4.39453,3.51563,3.63281,3.57422,3.69141,3.92578,3.69141,3.75,3.92578,3.75,3.80859,3.69141,3.75,0.24292,0.239258,0.219727,0.222168,0.216064,0.206299,0.249023,0.228271,0.213623,0.205078,0.205078
2017-06-13T12:30:00Z,270.0,277.03125,279.14063,280.54688,283.71094,284.76563,281.95313,275.625,275.97656,274.92188,274.92188,278.4375,4.16016,2.98828,3.51563,3.51563,3.45703,3.75,3.69141,3.51563,3.45703,3.51563,3.51563,3.39844,3.45703,0.195313,0.167236,0.198975,0.247803,0.319824,0.263672,0.175781,0.203857,0.184326,0.246582,0.302734
2017-06-13T12:40:00Z,282.30469,290.74219,288.63281,291.44531,290.39063,291.79688,290.74219,291.44531,296.36719,291.09375,289.33594,297.07031,3.86719,2.92969,3.45703,3.45703,3.63281,3.57422,3.39844,3.69141,3.51563,3.33984,3.28125,3.57422,3.39844,0.228271,0.308838,0.212402,0.187988,0.270996,0.222168,0.220947,0.240479,0.169678,0.317383,0.263672
2017-06-13T12:50:00Z,285.82031,288.63281,291.09375,291.44531,290.39063,290.39063,290.74219,288.63281,290.74219,290.39063,291.79688,285.82031,3.80859,2.92969,3.28125,3.39844,3.57422,3.33984,3.45703,3.33984,3.28125,3.45703,3.45703,3.28125,3.39844,0.157471,0.135498,0.137939,0.153809,0.203857,0.175781,0.158691,0.147705,0.146484,0.147705,0.147705
2017-06-13T13:00:00Z,284.41406,294.60938,295.3125,295.3125,296.71875,293.20313,300.23438,297.77344,298.125,297.77344,299.17969,298.125,4.04297,2.87109,3.04688,3.22266,3.28125,3.16406,3.28125,3.16406,3.16406,3.10547,3.22266,3.04688,3.22266,0.145264,0.137939,0.175781,0.147705,0.177002,0.166016,0.134277,0.153809,0.140381,0.107422,0.144043
2017-06-13T13:10:00Z,294.60938,294.60938,296.36719,294.60938,299.53125,297.42188,297.07031,298.82813,299.17969,296.71875,298.82813,298.125,3.57422,2.63672,3.69141,3.57422,3.39844,3.69141,3.51563,3.69141,3.57422,3.69141,3.57422,3.63281,3.51563,0.183105,0.163574,0.179443,0.201416,0.155029,0.142822,0.201416,0.174561,0.181885,0.192871,0.159912
2017-06-13T13:20:00Z,290.39063,295.3125,296.01563,294.96094,295.3125,295.3125,297.42188,292.85156,296.36719,295.3125,293.90625,294.60938,3.98438,3.10547,3.69141,3.63281,3.69141,3.75,3.69141,3.69141,3.63281,3.69141,3.57422,3.51563,3.51563,0.162354,0.168457,0.097656,0.170898,0.172119,0.118408,0.124512,0.124512,0.148926,0.133057,0.113525
2017-06-13T13:30:00Z,293.20313,300.58594,299.53125,298.82813,302.34375,297.07031,302.34375,297.07031,298.47656,297.77344,299.17969,297.07031,3.69141,2.92969,3.63281,3.39844,3.51563,3.57422,3.57422,3.57422,3.57422,3.57422,3.51563,3.57422,3.57422,0.158691,0.146484,0.109863,0.117188,0.111084,0.13916,0.123291,0.12207,0.118408,0.10498,0.101318
2017-06-13T13:40:00Z,295.66406,298.47656,297.77344,297.07031,299.53125,298.125,300.9375,302.69531,301.64063,300.9375,299.88281,304.80469,4.04297,2.98828,3.45703,3.39844,3.33984,3.33984,3.45703,3.39844,3.45703,3.33984,3.39844,3.57422,3.51563,0.141602,0.166016,0.183105,0.134277,0.135498,0.185547,0.129395,0.174561,0.145264,0.131836,0.135498
2017-06-13T13:50:00Z,293.55469,298.82813,296.71875,299.53125,297.77344,301.28906,301.64063,300.58594,296.36719,298.82813,300.58594,302.69531,3.92578,2.8125,3.10547,3.10547,3.04688,3.22266,3.16406,3.10547,2.92969,3.22266,3.04688,3.10547,3.04688,0.180664,0.17334,0.194092,0.213623,0.170898,0.172119,0.185547,0.183105,0.212402,0.230713,0.196533
2017-06-13T14:00:00Z,298.125,296.36719,295.3125,294.96094,296.71875,294.60938,293.55469,294.25781,294.96094,293.90625,299.88281,291.79688,3.33984,2.63672,2.92969,2.8125,2.8125,2.87109,2.75391,2.87109,2.92969,2.87109,2.98828,2.8125,2.75391,0.205078,0.192871,0.133057,0.157471,0.168457,0.152588,0.119629,0.150146,0.134277,0.137939,0.167236
2017-06-13T14:10:00Z,288.63281,300.58594,293.90625,295.66406,297.42188,293.20313,295.66406,294.60938,296.36719,295.3125,297.07031,295.3125,3.16406,2.28516,2.51953,2.40234,2.46094,2.63672,2.40234,2.63672,2.46094,2.51953,2.51953,2.51953,2.51953,0.183105,0.181885,0.22583,0.161133,0.177002,0.170898,0.187988,0.155029,0.15625,0.181885,0.169678
2017-06-13T14:20:00Z,293.90625,299.17969,300.58594,299.88281,298.47656,295.3125,295.66406,296.71875,297.42188,293.20313,291.09375,296.71875,2.92969,2.16797,2.22656,2.22656,2.16797,2.28516,2.28516,2.40234,2.46094,2.40234,2.28516,2.51953,2.40234,0.194092,0.17334,0.198975,0.162354,0.152588,0.166016,0.158691,0.134277,0.163574,0.137939,0.174561
2017-06-13T14:30:00Z,296.71875,293.55469,296.71875,299.88281,294.96094,297.42188,296.01563,296.71875,293.55469,294.60938,292.85156,298.82813,2.75391,2.05078,2.16797,2.16797,2.28516,2.22656,2.22656,2.22656,2.22656,2.16797,2.22656,2.22656,2.16797,0.195313,0.253906,0.205078,0.168457,0.203857,0.186768,0.217285,0.236816,0.229492,0.222168,0.169678
2017-06-13T14:40:00Z,284.76563,289.6875,290.74219,291.09375,294.25781,293.55469,294.96094,293.90625,292.5,297.42188,293.55469,299.17969,3.28125,2.05078,2.22656,2.16797,2.05078,2.16797,2.10938,2.05078,2.22656,2.16797,2.28516,2.22656,2.34375,0.161133,0.213623,0.209961,0.250244,0.218506,0.151367,0.177002,0.20752,0.213623,0.167236,0.178223
2017-06-13T14:50:00Z,289.6875,290.03906,292.85156,292.5,289.33594,291.44531,288.28125,286.17188,287.22656,288.28125,288.28125,285.46875,2.75391,1.99219,2.28516,2.46094,2.51953,2.34375,2.40234,2.28516,2.46094,2.40234,2.51953,2.40234,2.57813,0.19165,0.213623,0.20874,0.200195,0.209961,0.164795,0.131836,0.169678,0.141602,0.155029,0.159912
2017-06-13T15:00:00Z,287.92969,295.66406,296.36719,295.66406,288.98438,292.5,292.14844,291.44531,290.39063,291.09375,291.44531,291.79688,3.16406,2.28516,2.51953,2.46094,2.57813,2.46094,2.63672,2.46094,2.57813,2.51953,2.57813,2.51953,2.57813,0.177002,0.19165,0.162354,0.183105,0.205078,0.148926,0.189209,0.161133,0.162354,0.164795,0.111084
2017-06-13T15:10:00Z,292.14844,294.25781,292.14844,293.55469,291.79688,290.74219,294.96094,292.14844,289.6875,290.39063,289.33594,289.6875,3.16406,2.34375,2.34375,2.57813,2.57813,2.46094,2.75391,2.40234,2.46094,2.40234,2.57813,2.51953,2.57813,0.17334,0.164795,0.187988,0.158691,0.186768,0.200195,0.177002,0.15625,0.177002,0.113525,0.13916
2017-06-13T15:20:00Z,293.90625,294.96094,290.39063,291.79688,292.5,289.6875,292.85156,288.63281,287.57813,290.74219,290.39063,285.46875,3.28125,2.34375,2.63672,2.63672,2.63672,2.63672,2.63672,2.57813,2.57813,2.69531,2.69531,2.69531,2.57813,0.177002,0.185547,0.202637,0.164795,0.178223,0.123291,0.131836,0.155029,0.136719,0.150146,0.153809
2017-06-13T15:30:00Z,290.03906,290.39063,292.5,288.63281,292.5,290.03906,288.98438,290.03906,291.79688,289.33594,288.98438,288.98438,3.10547,2.28516,2.28516,2.34375,2.40234,2.22656,2.40234,2.34375,2.51953,2.28516,2.40234,2.40234,2.46094,0.203857,0.205078,0.20752,0.19043,0.20752,0.163574,0.187988,0.195313,0.197754,0.150146,0.145264
2017-06-13T15:40:00Z,292.5,293.55469,294.60938,295.66406,295.3125,292.5,292.5,295.3125,291.09375,292.14844,288.28125,289.6875,2.75391,1.875,2.28516,2.34375,2.34375,2.22656,2.28516,2.34375,2.22656,2.46094,2.34375,2.40234,2.46094,0.214844,0.218506,0.20752,0.179443,0.19043,0.179443,0.201416,0.126953,0.197754,0.15625,0.178223
2017-06-13T15:50:00Z,290.03906,294.60938,293.55469,287.22656,296.71875,291.09375,292.14844,286.875,289.33594,288.28125,288.63281,285.82031,2.98828,2.22656,2.28516,2.34375,2.34375,2.22656,2.28516,2.34375,2.40234,2.34375,2.34375,2.34375,2.51953,0.184326,0.214844,0.19043,0.197754,0.164795,0.19043,0.195313,0.175781,0.189209,0.145264,0.145264
2017-06-13T16:00:00Z,292.5,294.25781,292.5,292.85156,294.96094,294.60938,294.25781,293.90625,291.44531,296.01563,291.09375,292.5,3.22266,1.99219,2.16797,2.16797,2.10938,2.16797,2.05078,2.16797,2.05078,2.16797,2.16797,2.22656,2.22656,0.234375,0.241699,0.275879,0.181885,0.256348,0.163574,0.263672,0.163574,0.17334,0.195313,0.187988
2017-06-13T16:10:00Z,295.3125,297.77344,297.07031,295.66406,296.71875,295.3125,294.25781,296.01563,295.66406,293.55469,292.85156,296.01563,3.39844,1.99219,2.46094,2.63672,2.63672,2.57813,2.8125,2.57813,2.69531,2.63672,2.8125,2.8125,2.92969,0.213623,0.19165,0.152588,0.180664,0.184326,0.17334,0.263672,0.170898,0.151367,0.13916,0.147705
2017-06-13T16:20:00Z,291.79688,298.82813,295.3125,299.53125,297.07031,298.82813,295.66406,296.71875,292.5,294.25781,294.96094,294.60938,3.16406,2.46094,2.28516,2.34375,2.34375,2.28516,2.28516,2.22656,2.34375,2.34375,2.57813,2.51953,2.63672,0.184326,0.214844,0.220947,0.209961,0.22583,0.24292,0.201416,0.219727,0.187988,0.183105,0.145264
2017-06-13T16:30:00Z,294.96094,294.96094,294.25781,297.07031,295.66406,301.64063,298.82813,295.3125,294.96094,297.77344,295.3125,293.90625,3.57422,2.05078,1.99219,1.93359,1.99219,2.22656,2.16797,2.10938,2.10938,2.46094,2.40234,2.46094,2.46094,0.205078,0.192871,0.183105,0.192871,0.164795,0.12207,0.177002,0.159912,0.178223,0.144043,0.174561
2017-06-13T16:40:00Z,293.55469,294.25781,290.03906,289.33594,294.25781,297.77344,290.74219,291.79688,293.55469,294.96094,293.20313,296.36719,2.63672,1.75781,1.99219,1.81641,1.99219,1.93359,1.875,1.875,1.875,1.93359,1.93359,2.05078,2.05078,0.50293,0.185547,0.743408,0.201416,0.264893,0.263672,0.219727,0.230713,0.194092,0.211182,0.155029
2017-06-13T16:50:00Z,287.57813,288.28125,286.17188,288.28125,285.82031,286.52344,289.6875,285.82031,290.74219,288.63281,291.44531,293.90625,2.63672,1.69922,1.93359,1.93359,1.93359,2.05078,1.99219,1.875,1.81641,2.05078,1.93359,2.10938,1.99219,0.19043,0.177002,0.189209,0.186768,0.186768,0.131836,0.192871,0.168457,0.214844,0.162354,0.151367
2017-06-13T17:00:00Z,286.875,288.63281,289.33594,289.6875,291.79688,293.55469,290.74219,292.85156,295.3125,293.55469,291.44531,296.71875,2.63672,1.81641,1.875,1.93359,1.875,1.93359,1.875,2.05078,2.05078,2.16797,2.10938,2.34375,2.22656,0.317383,0.198975,0.201416,0.213623,0.198975,0.230713,0.238037,0.179443,0.185547,0.192871,0.186768
2017-06-13T17:10:00Z,290.03906,299.17969,296.71875,294.60938,302.34375,300.23438,299.88281,301.99219,303.04688,301.64063,303.75,301.99219,2.69531,1.75781,1.64063,1.69922,1.69922,1.64063,1.64063,1.75781,1.81641,1.875,1.93359,1.93359,2.05078,0.220947,0.246582,0.234375,0.219727,0.26001,0.20874,0.249023,0.20752,0.262451,0.203857,0.214844
2017-06-13T17:20:00Z,296.71875,304.45313,302.69531,309.375,307.61719,309.02344,309.02344,311.13281,312.1875,312.89063,315.35156,312.89063,2.51953,1.75781,1.75781,1.69922,1.64063,1.75781,1.64063,1.75781,1.81641,1.875,1.93359,1.99219,2.05078,0.229492,0.252686,0.296631,0.235596,0.27832,0.324707,0.175781,0.230713,0.206299,0.24292,0.203857
2017-06-13T17:30:00Z,313.59375,328.00781,332.92969,332.92969,330.46875,333.98438,323.4375,330.82031,325.19531,325.19531,321.67969,325.54688,2.34375,1.40625,1.75781,1.58203,1.52344,1.69922,1.64063,1.81641,1.75781,1.81641,1.64063,1.99219,1.93359,0.174561,0.185547,0.197754,0.247803,0.186768,0.212402,0.247803,0.20874,0.187988,0.222168,0.268555
2017-06-13T17:40:00Z,324.14063,324.49219,328.00781,328.00781,328.35938,329.41406,331.17188,328.35938,329.0625,329.76563,329.41406,329.0625,2.10938,1.52344,1.81641,1.81641,1.69922,1.81641,1.81641,1.81641,1.69922,1.81641,1.875,1.99219,1.99219,0.181885,0.183105,0.163574,0.177002,0.214844,0.175781,0.169678,0.183105,0.146484,0.183105,0.153809
2017-06-13T17:50:00Z,319.57031,325.89844,320.97656,328.35938,330.82031,321.32813,325.54688,332.22656,326.25,319.92188,326.95313,317.46094,2.63672,1.64063,1.99219,2.10938,2.16797,2.10938,2.16797,2.10938,2.22656,2.10938,2.34375,2.22656,2.46094,0.213623,0.189209,0.29541,0.192871,0.3479,0.279541,0.378418,0.24292,0.26123,0.192871,0.272217
2017-06-13T18:00:00Z,329.0625,339.96094,336.79688,340.3125,340.3125,338.90625,336.09375,336.44531,335.39063,331.17188,332.22656,329.0625,3.04688,1.75781,1.93359,1.81641,1.93359,1.99219,1.93359,1.99219,2.10938,2.16797,2.34375,2.40234,2.51953,0.153809,0.206299,0.169678,0.147705,0.162354,0.174561,0.128174,0.194092,0.115967,0.117188,0.118408
2017-06-13T18:10:00Z,330.82031,344.17969,339.60938,342.42188,342.07031,341.01563,339.60938,338.20313,335.74219,333.28125,331.875,330.82031,2.40234,1.875,2.10938,2.10938,2.05078,2.10938,2.16797,2.16797,2.22656,2.40234,2.46094,2.63672,2.63672,0.133057,0.167236,0.17334,0.158691,0.140381,0.119629,0.161133,0.124512,0.147705,0.12085,0.12207
2017-06-13T18:20:00Z,341.01563,337.85156,337.14844,336.79688,338.55469,338.55469,337.85156,338.20313,334.33594,330.82031,331.875,332.57813,2.57813,1.875,2.22656,2.22656,2.28516,2.22656,2.22656,2.34375,2.34375,2.46094,2.57813,2.8125,2.75391,0.192871,0.114746,0.153809,0.12207,0.10376,0.123291,0.123291,0.124512,0.114746,0.108643,0.125732
2017-06-13T18:30:00Z,338.55469,343.82813,349.45313,347.69531,346.28906,350.15625,345.23438,342.77344,336.09375,333.98438,334.6875,337.5,2.57813,1.93359,1.81641,1.875,1.81641,1.875,1.875,1.875,1.99219,2.16797,2.40234,2.46094,2.51953,0.157471,0.297852,0.153809,0.170898,0.155029,0.166016,0.172119,0.146484,0.135498,0.148926,0.140381
2017-06-13T18:40:00Z,340.66406,330.11719,342.77344,332.57813,341.71875,333.63281,335.74219,328.00781,325.19531,325.89844,330.46875,330.11719,2.05078,1.64063,2.10938,2.22656,2.22656,2.05078,2.40234,2.28516,2.51953,2.69531,2.87109,2.75391,2.8125,0.296631,0.330811,0.336914,0.233154,0.423584,0.194092,0.155029,0.107422,0.123291,0.153809,0.147705
2017-06-13T18:50:00Z,339.25781,348.39844,345.23438,342.77344,341.01563,339.60938,339.96094,331.875,332.22656,326.25,327.65625,330.46875,2.22656,1.69922,1.64063,1.64063,1.64063,1.64063,1.75781,1.875,2.10938,2.28516,2.46094,2.51953,2.69531,0.178223,0.161133,0.169678,0.184326,0.183105,0.141602,0.141602,0.134277,0.10498,0.113525,0.100098
2017-06-13T19:00:00Z,331.52344,322.03125,319.57031,321.67969,323.08594,324.84375,324.49219,324.84375,322.38281,322.38281,324.84375,329.41406,1.99219,1.46484,1.58203,1.64063,1.64063,1.58203,1.69922,1.75781,1.99219,2.16797,2.51953,2.57813,2.57813,0.228271,0.197754,0.174561,0.19043,0.213623,0.181885,0.196533,0.159912,0.124512,0.144043,0.136719
2017-06-13T19:10:00Z,327.65625,324.84375,317.10938,330.46875,323.78906,317.8125,332.22656,325.89844,322.73438,325.19531,325.89844,329.41406,2.28516,1.28906,1.23047,1.40625,1.64063,1.34766,1.64063,1.69922,1.81641,2.10938,2.16797,2.22656,2.28516,0.212402,0.52002,0.811768,0.212402,0.648193,0.385742,0.19043,0.224609,0.180664,0.107422,0.187988
2017-06-13T19:20:00Z,320.625,350.85938,340.66406,332.22656,312.53906,342.77344,343.47656,324.14063,333.98438,327.30469,325.19531,334.33594,1.58203,0.99609,1.23047,1.23047,1.17188,1.52344,1.52344,1.34766,1.58203,1.52344,1.75781,2.10938,2.10938,0.648193,0.683594,0.479736,1.311035,1.114502,0.385742,0.500488,0.238037,0.240479,0.559082,0.177002
2017-06-13T19:30:00Z,332.92969,340.66406,334.6875,340.3125,339.96094,336.79688,341.71875,331.875,335.39063,335.74219,342.42188,342.07031,1.34766,0.9375,0.99609,1.05469,0.99609,1.05469,1.11328,1.28906,1.46484,1.69922,2.05078,2.10938,2.22656,0.245361,0.247803,0.218506,0.314941,0.201416,0.250244,0.211182,0.233154,0.157471,0.162354,0.141602
2017-06-13T19:40:00Z,348.75,18.63281,321.32813,317.46094,335.39063,341.36719,343.82813,324.84375,319.21875,329.41406,317.8125,337.14844,1.17188,0.76172,1.81641,2.16797,2.51953,1.75781,1.46484,1.46484,1.58203,1.81641,1.81641,2.16797,1.875,1.5625,1.303711,1.2854,1.054688,1.114502,0.9375,0.576172,0.620117,0.339355,0.849609,0.297852
2017-06-13T19:50:00Z,347.69531,20.39063,330.46875,349.45313,345.9375,354.72656,344.17969,354.72656,343.47656,344.88281,350.15625,352.26563,0.87891,0.29297,0.70313,0.76172,0.70313,0.76172,0.70313,0.76172,0.76172,0.82031,1.05469,1.17188,1.17188,0.144043,0.174561,0.076904,0.153809,0.101318,0.22583,0.189209,0.217285,0.172119,0.198975,0.168457
2017-06-13T20:00:00Z,296.01563,300.9375,308.32031,294.96094,301.99219,327.65625,310.78125,303.39844,313.59375,317.46094,315.0,304.45313,1.11328,0.29297,2.05078,1.875,2.28516,1.58203,1.52344,1.46484,1.58203,1.69922,1.75781,2.28516,2.57813,1.077881,1.234131,1.132813,1.115723,0.953369,0.539551,0.612793,0.634766,0.441895,1.048584,1.11084
2017-06-13T20:10:00Z,304.45313,308.32031,302.69531,295.66406,307.61719,306.5625,323.08594,323.08594,310.07813,311.83594,317.8125,325.89844,1.58203,1.11328,2.22656,1.99219,1.81641,2.22656,2.16797,1.875,2.10938,2.57813,2.98828,2.75391,2.57813,1.053467,0.615234,0.462646,0.776367,0.710449,0.566406,0.666504,0.739746,0.681152,0.734863,0.637207
2017-06-13T20:20:00Z,313.24219,292.85156,346.64063,291.79688,312.53906,318.16406,300.58594,294.96094,316.75781,341.71875,301.28906,326.60156,1.34766,0.82031,3.98438,3.80859,3.33984,3.16406,2.28516,2.63672,2.63672,2.8125,2.51953,2.92969,2.98828,1.158447,1.154785,1.195068,0.90332,1.016846,0.869141,0.831299,0.888672,0.628662,0.808105,0.914307
2017-06-13T20:30:00Z,303.04688,299.88281,304.45313,287.57813,307.61719,284.76563,313.59375,313.24219,301.64063,334.33594,320.97656,345.23438,0.9375,0.41016,3.92578,3.98438,4.21875,4.16016,3.51563,2.46094,2.69531,2.69531,2.46094,3.33984,2.57813,1.121826,1.016846,1.031494,0.919189,1.09375,0.969238,0.977783,0.819092,0.698242,0.864258,0.632324
2017-06-13T20:40:00Z,295.3125,303.75,239.0625,307.26563,298.125,315.70313,313.94531,310.07813,312.1875,239.0625,338.20313,241.17188,0.99609,0.52734,4.10156,2.69531,3.75,4.16016,4.04297,3.80859,2.75391,3.22266,2.05078,3.04688,2.40234,1.049805,1.414795,0.993652,0.974121,1.07666,1.116943,1.175537,1.185303,1.168213,1.092529,1.092529
2017-06-13T20:50:00Z,255.58594,320.625,320.625,263.67188,205.66406,216.91406,334.33594,335.39063,332.22656,333.98438,179.29688,294.96094,0.82031,0.35156,1.64063,1.58203,1.05469,2.16797,2.22656,1.81641,1.75781,1.40625,1.58203,1.23047,1.875,1.501465,1.14502,1.199951,1.44165,1.656494,1.611328,1.652832,1.191406,1.442871,0.947266,1.655273
2017-06-13T21:00:00Z,191.95313,196.875,202.5,185.625,127.61719,153.63281,161.01563,128.67188,135.0,169.80469,164.88281,165.9375,0.99609,0.35156,1.11328,1.05469,1.11328,1.34766,1.17188,0.9375,1.17188,0.9375,0.76172,0.87891,1.17188,0.738525,0.830078,0.985107,1.436768,1.872559,0.997314,1.904297,0.994873,0.39917,0.394287,1.091309
2017-06-13T21:10:00Z,194.0625,174.72656,170.50781,166.28906,170.85938,180.70313,160.3125,171.21094,173.67188,148.35938,159.60938,206.71875,1.23047,0.70313,0.82031,0.76172,0.76172,0.87891,0.76172,0.76172,0.76172,0.76172,0.76172,0.82031,0.87891,0.227051,0.174561,0.317383,0.919189,0.174561,0.180664,0.167236,0.164795,0.22583,0.17334,0.179443
2017-06-13T21:20:00Z,290.03906,229.21875,228.51563,201.44531,238.35938,338.55469,243.63281,248.55469,221.48438,217.96875,213.75,359.29688,0.9375,0.11719,0.82031,0.9375,0.9375,0.87891,0.99609,1.11328,1.17188,1.23047,1.17188,1.23047,1.11328,0.26123,0.275879,0.279541,0.26001,0.244141,0.274658,0.283203,0.231934,0.285645,0.245361,0.258789
2017-06-13T21:30:00Z,34.10156,67.14844,77.69531,40.78125,333.63281,40.78125,340.3125,21.79688,55.19531,35.15625,43.59375,45.70313,1.05469,0.64453,0.76172,1.05469,0.76172,0.82031,0.87891,0.87891,0.9375,0.99609,0.99609,1.11328,0.99609,0.203857,1.712646,0.233154,0.269775,0.228271,0.285645,0.27832,0.264893,0.300293,0.230713,0.231934
2017-06-13T21:40:00Z,16.875,18.63281,29.17969,30.23438,45.35156,358.24219,16.52344,10.19531,39.375,16.17188,42.53906,36.91406,1.17188,0.29297,0.82031,1.05469,0.82031,0.82031,0.82031,0.87891,0.87891,0.9375,0.9375,0.99609,0.99609,0.323486,1.259766,0.229492,0.223389,0.217285,0.258789,0.234375,0.345459,0.350342,0.285645,0.257568
2017-06-13T21:50:00Z,226.75781,227.8125,249.25781,242.92969,220.78125,229.92188,205.66406,220.07813,189.49219,202.85156,197.92969,213.04688,1.34766,0.64453,0.82031,0.87891,0.87891,0.82031,0.76172,0.76172,0.76172,0.70313,0.70313,0.76172,0.76172,0.273438,0.279541,0.241699,0.224609,0.235596,0.189209,0.192871,0.166016,0.152588,0.131836,0.140381
2017-06-13T22:00:00Z,228.86719,260.85938,257.34375,264.375,242.92969,217.26563,216.21094,217.26563,195.11719,190.19531,185.97656,204.96094,0.99609,0.52734,0.99609,0.9375,0.9375,0.87891,0.82031,0.76172,0.76172,0.76172,0.76172,0.70313,0.76172,0.26001,0.279541,0.249023,0.273438,0.20752,0.228271,0.184326,0.158691,0.187988,0.128174,0.134277
2017-06-13T22:10:00Z,264.375,267.1875,272.46094,266.48438,232.38281,194.41406,336.79688,181.75781,210.23438,305.50781,317.8125,201.79688,1.40625,0.82031,1.11328,1.34766,1.28906,0.87891,1.23047,1.05469,1.05469,0.82031,0.99609,1.11328,0.82031,1.049805,1.519775,1.048584,0.588379,1.906738,1.951904,1.871338,1.060791,1.894531,2.161865,0.880127
2017-06-13T22:20:00Z,256.99219,274.92188,284.41406,288.28125,257.34375,267.1875,300.9375,322.73438,255.9375,304.80469,273.51563,261.21094,1.17188,0.82031,2.87109,3.86719,2.92969,2.92969,3.51563,3.22266,3.10547,2.57813,2.51953,2.28516,2.10938,1.556396,1.185303,1.053467,1.18042,1.346436,1.2854,1.337891,1.228027,1.182861,1.18042,1.254883
2017-06-13T22:30:00Z,238.71094,319.92188,313.59375,308.32031,267.53906,154.33594,272.8125,311.83594,311.48438,304.10156,302.69531,248.90625,1.46484,0.58594,3.22266,2.92969,4.16016,3.16406,2.69531,3.33984,2.57813,2.46094,2.98828,2.16797,2.22656,1.235352,1.188965,1.141357,1.148682,1.098633,1.066895,1.137695,1.104736,1.201172,0.999756,0.959473
2017-06-13T22:40:00Z,281.95313,328.00781,302.69531,319.57031,225.70313,338.90625,311.83594,329.41406,291.09375,309.375,271.40625,278.4375,0.82031,0.35156,0.76172,0.76172,0.76172,0.70313,0.76172,0.76172,0.87891,0.82031,0.87891,0.87891,0.9375,0.162354,0.186768,0.186768,0.12207,0.17334,0.183105,0.297852,0.197754,0.284424,0.263672,0.216064
2017-06-13T22:50:00Z,297.07031,318.51563,303.04688,299.88281,236.60156,1.05469,13.35938,349.45313,349.45313,299.88281,264.375,247.14844,0.99609,0.23438,0.76172,0.76172,0.76172,0.76172,0.70313,0.70313,0.76172,0.76172,0.82031,0.87891,0.9375,0.166016,0.184326,0.186768,0.164795,0.140381,0.161133,0.212402,0.222168,0.262451,0.234375,0.279541
2017-06-13T23:00:00Z,227.46094,259.80469,258.75,270.0,221.13281,171.21094,236.60156,144.49219,139.21875,316.05469,142.03125,256.28906,0.9375,0.29297,0.82031,0.87891,0.82031,0.82031,0.82031,0.76172,0.76172,0.82031,0.82031,0.87891,0.87891,0.267334,0.234375,0.227051,0.280762,0.222168,0.162354,0.227051,0.233154,0.252686,0.262451,0.267334
2017-06-13T23:10:00Z,233.4375,202.5,305.15625,168.39844,167.69531,159.60938,205.66406,289.6875,296.36719,292.5,278.08594,281.95313,1.52344,0.29297,0.76172,0.76172,0.70313,0.82031,0.76172,0.9375,0.99609,1.11328,1.11328,1.23047,1.23047,0.146484,0.175781,0.192871,0.240479,0.216064,0.256348,0.231934,0.238037,0.219727,0.219727,0.141602
2017-06-13T23:20:00Z,69.25781,75.58594,75.58594,72.07031,79.80469,80.50781,82.26563,81.91406,83.32031,86.13281,88.24219,85.78125,1.28906,0.35156,1.28906,1.28906,1.34766,1.34766,1.52344,1.875,1.99219,2.22656,2.16797,2.28516,2.10938,0.26123,0.289307,0.310059,0.269775,0.300293,0.184326,0.230713,0.158691,0.224609,0.167236,0.219727
2017-06-13T23:30:00Z,67.5,63.63281,68.20313,62.57813,72.07031,84.375,85.07813,81.5625,90.70313,89.64844,92.8125,91.40625,1.81641,1.34766,1.40625,1.40625,1.40625,1.52344,1.93359,2.05078,2.34375,2.46094,2.40234,2.46094,2.51953,0.383301,0.314941,0.446777,0.319824,0.537109,0.13916,0.144043,0.158691,0.135498,0.275879,0.258789
2017-06-13T23:40:00Z,60.11719,60.46875,40.07813,40.78125,38.67188,58.35938,82.26563,76.64063,93.86719,92.8125,100.54688,96.67969,1.46484,1.05469,1.875,2.22656,1.93359,2.34375,1.875,1.99219,2.46094,2.46094,2.34375,2.46094,2.46094,0.751953,1.132813,0.882568,1.081543,0.524902,0.249023,0.592041,0.268555,0.178223,0.220947,0.256348
2017-06-13T23:50:00Z,75.58594,88.94531,91.05469,93.51563,98.78906,94.92188,97.73438,102.30469,106.875,105.11719,105.11719,105.11719,1.11328,0.64453,0.99609,0.99609,0.99609,1.23047,1.46484,1.99219,2.34375,2.40234,2.28516,2.40234,2.28516,0.273438,0.202637,0.26001,0.250244,0.177002,0.169678,0.140381,0.12085,0.113525,0.136719,0.135498
