LOCATION: 
SYSTEM SERIAL: HKZA
TIMESTAMP (ISO-8601) UTC,WindDir004m deg,WindDir030m deg,WindDir040m deg,WindDir040m_ref deg,WindDir060m deg,WindDir080m deg,WindDir100m deg,WindDir120m deg,WindDir140m deg,WindDir160m deg,WindDir180m deg,WindDir200m deg,WindGust004m m/s,WindSpeed004m m/s,WindSpeed030mh m/s,WindSpeed040mh m/s,WindSpeed040m_refh m/s,WindSpeed060mh m/s,WindSpeed080mh m/s,WindSpeed100mh m/s,WindSpeed120mh m/s,WindSpeed140mh m/s,WindSpeed160mh m/s,WindSpeed180mh m/s,WindSpeed200mh m/s,TI 030m,TI 040m,TI 040m ref,TI 060m,TI 080m,TI 100m,TI 120m,TI 140m,TI 160m,TI 180m,TI 200m
2017-11-14T00:00:00Z,278.08594,278.4375,280.54688,277.38281,280.54688,277.38281,283.35938,278.4375,283.71094,278.78906,282.30469,283.71094,7.03125,5.03906,5.97656,6.21094,6.32813,6.26953,6.62109,6.38672,6.5625,6.26953,6.50391,6.32813,6.44531,0.148926,0.13916,0.131836,0.152588,0.142822,0.146484,0.136719,0.129395,0.130615,0.126953,0.117188
2017-11-14T00:10:00Z,278.08594,284.0625,284.0625,280.89844,282.65625,284.41406,284.41406,283.71094,281.95313,281.95313,282.65625,280.89844,6.97266,5.56641,6.62109,6.50391,6.50391,6.50391,6.73828,6.38672,6.5625,6.67969,6.67969,6.62109,6.5625,0.158691,0.161133,0.155029,0.163574,0.13916,0.155029,0.152588,0.13916,0.189209,0.180664,0.161133
2017-11-14T00:20:00Z,277.38281,279.14063,275.97656,277.38281,279.14063,278.08594,277.38281,276.67969,279.49219,275.27344,279.14063,276.67969,7.85156,6.03516,6.85547,6.91406,6.85547,7.14844,7.08984,7.08984,7.20703,7.08984,7.20703,7.08984,6.79688,0.153809,0.133057,0.098877,0.153809,0.157471,0.117188,0.12207,0.155029,0.107422,0.135498,0.183105
2017-11-14T00:30:00Z,273.51563,277.73438,280.19531,280.89844,278.08594,276.67969,279.14063,279.14063,278.08594,277.73438,278.78906,278.78906,8.26172,6.09375,7.08984,7.14844,6.91406,7.03125,7.26563,7.08984,6.97266,7.14844,7.38281,7.26563,7.55859,0.183105,0.169678,0.174561,0.161133,0.177002,0.17334,0.19165,0.159912,0.183105,0.159912,0.203857
2017-11-14T00:40:00Z,274.21875,274.57031,273.86719,270.0,273.51563,273.16406,275.27344,273.86719,274.57031,272.46094,275.27344,273.16406,8.90625,6.26953,7.67578,7.67578,7.79297,7.61719,7.85156,7.91016,8.14453,7.96875,7.96875,7.91016,8.02734,0.170898,0.125732,0.163574,0.134277,0.131836,0.148926,0.097656,0.15625,0.12085,0.137939,0.117188
2017-11-14T00:50:00Z,271.40625,272.8125,272.8125,274.57031,273.51563,275.625,273.51563,277.73438,277.03125,274.57031,274.92188,275.625,8.84766,7.03125,8.32031,8.4375,8.20313,8.55469,8.4375,8.4375,8.78906,8.37891,8.61328,8.55469,8.55469,0.172119,0.147705,0.181885,0.168457,0.148926,0.12207,0.119629,0.13916,0.129395,0.164795,0.162354
2017-11-14T01:00:00Z,267.1875,267.53906,267.53906,270.70313,270.35156,269.64844,267.1875,270.0,267.53906,268.94531,272.46094,268.24219,9.66797,7.44141,8.26172,8.78906,8.37891,8.78906,8.96484,8.67188,9.08203,8.84766,8.96484,8.61328,8.84766,0.095215,0.148926,0.159912,0.113525,0.111084,0.158691,0.141602,0.168457,0.146484,0.112305,0.095215
2017-11-14T01:10:00Z,263.32031,267.89063,262.96875,267.89063,270.35156,267.1875,265.42969,266.48438,269.29688,268.59375,269.29688,266.48438,9.96094,7.79297,9.25781,9.49219,9.25781,9.60938,9.375,9.60938,9.72656,9.78516,9.60938,9.19922,9.66797,0.158691,0.137939,0.130615,0.140381,0.129395,0.095215,0.144043,0.136719,0.108643,0.150146,0.125732
2017-11-14T01:20:00Z,264.72656,262.26563,262.61719,261.91406,263.32031,264.02344,263.32031,264.72656,262.26563,264.02344,262.26563,265.07813,10.78125,8.26172,9.72656,9.72656,9.84375,9.84375,9.78516,9.66797,9.96094,9.84375,9.96094,9.84375,9.72656,0.114746,0.13916,0.131836,0.144043,0.168457,0.141602,0.142822,0.126953,0.130615,0.12085,0.137939
2017-11-14T01:30:00Z,260.15625,258.75,259.45313,261.21094,261.21094,257.34375,261.5625,256.64063,261.21094,257.69531,260.50781,261.5625,10.01953,8.37891,8.84766,8.96484,8.73047,9.375,9.43359,9.14063,9.14063,9.31641,9.375,9.43359,9.60938,0.157471,0.123291,0.140381,0.106201,0.125732,0.08667,0.119629,0.140381,0.119629,0.130615,0.124512
2017-11-14T01:40:00Z,255.23438,262.96875,262.26563,261.5625,261.5625,262.26563,262.61719,260.15625,260.15625,256.99219,258.04688,257.34375,9.43359,7.73438,8.96484,9.02344,9.66797,9.14063,9.31641,9.14063,9.25781,9.49219,9.43359,9.19922,9.49219,0.151367,0.114746,0.13916,0.124512,0.142822,0.144043,0.124512,0.168457,0.152588,0.115967,0.161133
2017-11-14T01:50:00Z,256.99219,258.75,257.34375,258.39844,254.17969,258.75,258.04688,259.80469,258.39844,254.53125,257.34375,259.45313,9.84375,8.08594,8.84766,8.73047,8.96484,8.96484,9.55078,9.43359,9.25781,9.08203,8.96484,9.49219,9.43359,0.113525,0.118408,0.141602,0.128174,0.107422,0.134277,0.145264,0.151367,0.133057,0.169678,0.117188
2017-11-14T02:00:00Z,254.53125,255.58594,256.64063,255.58594,253.125,250.3125,252.77344,254.53125,254.53125,252.42188,252.42188,254.88281,9.90234,8.02734,8.84766,8.84766,8.84766,8.73047,8.90625,9.02344,9.19922,8.96484,9.08203,9.08203,9.14063,0.12085,0.135498,0.136719,0.136719,0.19043,0.141602,0.130615,0.141602,0.12207,0.111084,0.126953
2017-11-14T02:10:00Z,247.5,258.39844,252.42188,253.47656,255.23438,254.88281,256.28906,255.9375,257.69531,255.9375,255.9375,255.23438,9.43359,7.55859,8.73047,9.02344,9.25781,9.31641,9.25781,9.14063,9.49219,9.31641,9.43359,9.31641,9.78516,0.144043,0.133057,0.131836,0.112305,0.150146,0.184326,0.112305,0.12207,0.140381,0.128174,0.147705
2017-11-14T02:20:00Z,252.07031,257.34375,258.39844,256.99219,257.69531,257.69531,256.99219,256.64063,256.64063,255.23438,254.53125,253.82813,9.84375,8.08594,9.78516,9.66797,10.07813,10.07813,9.84375,10.01953,9.96094,10.3125,9.72656,9.72656,9.66797,0.169678,0.168457,0.136719,0.174561,0.131836,0.153809,0.135498,0.169678,0.131836,0.155029,0.125732
2017-11-14T02:30:00Z,250.66406,259.80469,255.9375,259.45313,255.9375,259.10156,258.39844,259.45313,258.04688,260.15625,256.28906,260.50781,11.30859,8.37891,9.60938,9.375,9.25781,9.90234,9.96094,10.13672,9.90234,10.13672,9.78516,10.13672,10.19531,0.136719,0.137939,0.12207,0.10376,0.183105,0.133057,0.126953,0.123291,0.189209,0.144043,0.151367
2017-11-14T02:40:00Z,256.28906,255.23438,255.9375,255.9375,256.64063,253.47656,256.28906,252.77344,254.53125,253.47656,255.9375,251.36719,10.48828,8.4375,10.01953,10.48828,10.42969,10.07813,10.72266,10.54688,10.72266,10.54688,10.72266,10.54688,10.66406,0.125732,0.115967,0.168457,0.128174,0.151367,0.128174,0.131836,0.131836,0.113525,0.112305,0.134277
2017-11-14T02:50:00Z,249.96094,260.15625,259.45313,257.34375,256.99219,259.10156,254.88281,262.61719,259.80469,254.53125,258.04688,259.45313,11.71875,8.84766,10.54688,10.25391,10.25391,10.3125,10.54688,10.83984,10.54688,10.19531,10.42969,10.54688,10.60547,0.131836,0.141602,0.150146,0.137939,0.137939,0.117188,0.166016,0.147705,0.140381,0.147705,0.159912
2017-11-14T03:00:00Z,252.77344,256.64063,255.9375,256.99219,258.04688,257.69531,258.04688,258.75,255.9375,257.34375,263.32031,259.10156,11.60156,9.02344,9.60938,10.3125,10.07813,10.37109,10.54688,10.19531,10.13672,10.78125,10.78125,10.54688,10.60547,0.119629,0.125732,0.17334,0.136719,0.151367,0.146484,0.168457,0.119629,0.147705,0.140381,0.137939
2017-11-14T03:10:00Z,252.77344,258.04688,259.10156,258.75,259.45313,259.10156,258.04688,261.21094,259.10156,257.69531,258.39844,259.10156,10.54688,8.67188,10.13672,10.42969,10.25391,10.48828,10.95703,11.07422,10.89844,10.60547,10.83984,11.01563,11.01563,0.118408,0.125732,0.135498,0.148926,0.108643,0.117188,0.131836,0.140381,0.17334,0.12085,0.126953
2017-11-14T03:20:00Z,253.125,257.34375,256.28906,253.125,251.36719,250.66406,255.58594,256.28906,252.77344,257.34375,256.64063,251.36719,10.72266,8.84766,10.37109,10.25391,10.54688,10.01953,10.54688,11.01563,10.89844,10.48828,10.72266,10.48828,10.66406,0.142822,0.126953,0.162354,0.136719,0.151367,0.100098,0.117188,0.179443,0.118408,0.134277,0.130615
2017-11-14T03:30:00Z,248.20313,251.71875,256.28906,252.07031,254.17969,253.125,255.58594,255.9375,252.42188,251.01563,257.34375,253.125,11.71875,9.08203,10.83984,10.72266,10.48828,10.42969,10.72266,11.13281,11.42578,11.13281,11.30859,11.25,11.19141,0.145264,0.134277,0.177002,0.159912,0.144043,0.135498,0.170898,0.153809,0.119629,0.153809,0.141602
2017-11-14T03:40:00Z,249.60938,250.66406,247.85156,247.85156,245.39063,247.85156,249.60938,246.44531,247.14844,246.44531,248.55469,246.44531,11.89453,9.25781,10.60547,10.83984,10.83984,11.25,11.30859,10.89844,11.01563,11.07422,11.19141,11.01563,11.07422,0.135498,0.147705,0.129395,0.133057,0.144043,0.13916,0.107422,0.135498,0.145264,0.100098,0.128174
2017-11-14T03:50:00Z,243.63281,251.36719,249.25781,247.85156,249.60938,249.96094,248.55469,249.60938,249.60938,251.71875,247.85156,251.71875,11.54297,9.19922,11.01563,10.89844,10.95703,10.89844,10.95703,11.13281,11.42578,11.36719,10.78125,11.19141,11.01563,0.130615,0.151367,0.112305,0.114746,0.141602,0.131836,0.107422,0.140381,0.12085,0.111084,0.128174
2017-11-14T04:00:00Z,247.85156,247.14844,249.60938,247.85156,250.3125,249.25781,251.01563,247.14844,248.20313,250.66406,248.55469,249.60938,11.77734,9.25781,10.60547,11.01563,10.60547,11.07422,11.19141,11.30859,11.13281,11.07422,11.13281,11.42578,11.60156,0.141602,0.12085,0.147705,0.148926,0.150146,0.140381,0.129395,0.161133,0.114746,0.123291,0.145264
2017-11-14T04:10:00Z,245.03906,248.20313,250.3125,246.79688,244.33594,244.6875,244.6875,247.14844,248.55469,245.74219,247.14844,251.01563,12.07031,9.60938,10.78125,10.60547,11.07422,10.78125,11.07422,11.36719,11.48438,11.13281,11.30859,11.42578,11.07422,0.141602,0.146484,0.124512,0.130615,0.142822,0.085449,0.115967,0.129395,0.109863,0.128174,0.145264
2017-11-14T04:20:00Z,243.98438,250.66406,251.71875,249.25781,246.09375,246.09375,248.20313,248.20313,247.5,252.07031,248.90625,249.60938,11.89453,9.25781,10.72266,10.72266,11.01563,11.13281,11.48438,11.71875,11.66016,11.89453,11.66016,11.89453,11.42578,0.133057,0.130615,0.123291,0.15625,0.147705,0.135498,0.12085,0.10376,0.174561,0.107422,0.112305
2017-11-14T04:30:00Z,247.5,249.25781,250.3125,247.14844,246.44531,248.20313,247.85156,249.25781,247.85156,249.60938,246.44531,248.90625,11.42578,9.14063,11.42578,11.25,11.60156,11.54297,11.48438,12.01172,11.89453,11.71875,11.42578,11.89453,12.42188,0.124512,0.148926,0.113525,0.107422,0.098877,0.12207,0.097656,0.10376,0.10376,0.12207,0.117188
2017-11-14T04:40:00Z,244.6875,253.82813,249.60938,248.90625,250.66406,252.07031,253.125,248.55469,250.3125,252.42188,249.96094,250.3125,11.66016,9.31641,10.72266,10.95703,11.07422,11.36719,11.30859,11.48438,11.54297,11.83594,11.83594,11.77734,11.48438,0.153809,0.152588,0.131836,0.145264,0.133057,0.13916,0.097656,0.153809,0.135498,0.113525,0.119629
2017-11-14T04:50:00Z,247.85156,253.47656,255.9375,256.64063,254.53125,255.9375,256.99219,254.88281,256.64063,256.28906,255.9375,252.07031,11.60156,9.02344,11.54297,11.54297,11.60156,11.77734,11.66016,11.83594,11.89453,11.77734,11.77734,12.07031,12.07031,0.137939,0.164795,0.178223,0.124512,0.114746,0.124512,0.145264,0.118408,0.129395,0.118408,0.108643
2017-11-14T05:00:00Z,252.77344,252.42188,249.25781,248.20313,251.36719,249.96094,249.25781,248.90625,254.17969,252.42188,254.88281,252.77344,11.83594,9.375,11.54297,12.07031,12.07031,11.77734,12.07031,12.01172,12.48047,12.42188,12.53906,12.48047,12.48047,0.145264,0.134277,0.158691,0.123291,0.114746,0.134277,0.144043,0.12085,0.133057,0.147705,0.102539
2017-11-14T05:10:00Z,248.20313,253.47656,254.53125,251.71875,252.77344,253.82813,253.47656,253.125,254.17969,254.17969,256.28906,256.64063,12.1875,9.60938,11.36719,11.42578,11.48438,11.60156,11.77734,12.01172,12.48047,12.07031,11.95313,12.01172,12.24609,0.106201,0.101318,0.113525,0.126953,0.129395,0.081787,0.090332,0.115967,0.108643,0.112305,0.092773
2017-11-14T05:20:00Z,249.96094,255.23438,251.71875,252.07031,254.17969,254.53125,256.28906,253.125,251.71875,253.47656,252.77344,251.36719,12.36328,9.25781,10.60547,10.89844,10.78125,11.30859,11.60156,11.25,10.83984,11.13281,11.42578,11.36719,11.13281,0.134277,0.145264,0.12085,0.109863,0.112305,0.150146,0.135498,0.106201,0.098877,0.142822,0.126953
2017-11-14T05:30:00Z,250.3125,250.3125,248.55469,248.55469,247.14844,248.20313,245.74219,248.90625,249.60938,247.5,250.3125,248.90625,11.48438,8.61328,10.72266,10.72266,11.01563,10.95703,10.95703,11.25,11.60156,11.13281,11.25,11.25,11.36719,0.151367,0.12207,0.13916,0.106201,0.087891,0.108643,0.128174,0.106201,0.111084,0.128174,0.107422
2017-11-14T05:40:00Z,242.57813,246.79688,246.44531,249.60938,248.20313,250.3125,249.25781,248.90625,246.44531,250.66406,249.25781,246.44531,11.07422,8.55469,11.01563,11.54297,10.83984,11.54297,11.77734,11.71875,11.71875,11.83594,12.01172,11.89453,12.12891,0.130615,0.118408,0.129395,0.129395,0.119629,0.130615,0.12207,0.119629,0.131836,0.126953,0.108643
2017-11-14T05:50:00Z,244.33594,245.03906,246.09375,246.44531,248.90625,248.55469,248.20313,245.39063,245.03906,249.60938,251.01563,248.55469,12.07031,8.84766,11.01563,11.25,10.72266,11.25,11.54297,11.30859,11.30859,11.83594,12.12891,11.71875,11.30859,0.133057,0.119629,0.128174,0.113525,0.12085,0.10376,0.133057,0.118408,0.102539,0.119629,0.135498
2017-11-14T06:00:00Z,241.875,251.36719,252.42188,252.77344,248.55469,245.39063,248.55469,251.36719,248.55469,249.60938,251.71875,247.14844,11.95313,8.61328,11.13281,11.07422,11.19141,11.36719,11.48438,11.71875,12.01172,11.95313,11.54297,11.71875,12.01172,0.126953,0.141602,0.119629,0.126953,0.158691,0.130615,0.12085,0.115967,0.115967,0.142822,0.135498
2017-11-14T06:10:00Z,247.5,256.99219,256.64063,251.71875,255.58594,253.125,254.88281,254.17969,254.88281,255.9375,254.17969,253.82813,12.07031,8.84766,11.25,11.42578,11.77734,11.42578,11.77734,11.89453,12.07031,12.01172,11.60156,11.77734,12.30469,0.144043,0.162354,0.174561,0.12207,0.111084,0.125732,0.157471,0.117188,0.140381,0.124512,0.144043
2017-11-14T06:20:00Z,249.60938,252.07031,250.66406,251.71875,252.07031,253.47656,251.71875,256.28906,251.01563,254.88281,253.125,251.71875,11.07422,8.84766,11.25,11.13281,11.66016,11.89453,11.95313,12.36328,12.24609,12.30469,12.24609,12.48047,12.77344,0.133057,0.131836,0.141602,0.136719,0.124512,0.150146,0.13916,0.123291,0.134277,0.115967,0.112305
2017-11-14T06:30:00Z,248.55469,248.20313,248.20313,248.55469,248.90625,243.28125,245.74219,249.60938,250.66406,249.25781,249.96094,249.25781,12.30469,9.08203,11.48438,11.48438,11.89453,11.25,11.77734,12.30469,12.48047,11.89453,11.77734,11.89453,12.1875,0.135498,0.106201,0.170898,0.148926,0.107422,0.114746,0.107422,0.109863,0.08667,0.129395,0.114746
2017-11-14T06:40:00Z,243.98438,247.85156,248.20313,249.60938,246.44531,246.79688,248.90625,252.42188,247.85156,246.44531,247.85156,250.3125,11.89453,9.02344,11.77734,11.77734,11.89453,12.36328,12.77344,13.125,12.36328,11.95313,12.53906,12.71484,12.65625,0.136719,0.119629,0.148926,0.113525,0.125732,0.130615,0.158691,0.10376,0.118408,0.130615,0.134277
2017-11-14T06:50:00Z,246.79688,252.77344,247.5,251.01563,247.14844,249.60938,249.96094,248.20313,246.44531,253.125,247.5,251.71875,12.12891,9.19922,11.71875,11.77734,12.30469,12.48047,12.24609,12.24609,12.12891,12.53906,12.30469,12.30469,12.71484,0.100098,0.12085,0.130615,0.123291,0.112305,0.090332,0.12085,0.087891,0.128174,0.101318,0.10376
2017-11-14T07:00:00Z,246.09375,244.33594,246.79688,242.22656,241.17188,244.6875,246.44531,244.6875,243.28125,245.74219,246.79688,243.98438,11.95313,9.375,12.12891,12.12891,12.53906,12.24609,12.77344,12.42188,12.48047,12.83203,12.71484,12.48047,12.48047,0.083008,0.117188,0.102539,0.084229,0.129395,0.118408,0.109863,0.135498,0.15625,0.108643,0.101318
2017-11-14T07:10:00Z,241.875,246.44531,243.63281,246.79688,248.90625,241.875,243.63281,239.76563,245.03906,241.875,241.17188,242.22656,12.36328,9.60938,12.07031,12.36328,12.42188,11.77734,12.01172,11.71875,12.36328,12.12891,12.1875,12.01172,12.48047,0.109863,0.125732,0.114746,0.147705,0.115967,0.178223,0.126953,0.113525,0.168457,0.136719,0.126953
2017-11-14T07:20:00Z,240.46875,238.35938,240.82031,236.60156,238.00781,237.30469,239.0625,241.875,237.65625,240.11719,241.875,241.875,11.95313,9.66797,12.07031,11.95313,11.89453,12.1875,12.12891,12.36328,12.24609,12.53906,12.83203,12.65625,12.48047,0.164795,0.134277,0.172119,0.136719,0.169678,0.145264,0.089111,0.125732,0.106201,0.117188,0.159912
2017-11-14T07:30:00Z,236.60156,241.875,242.22656,240.46875,241.17188,242.22656,242.92969,241.52344,243.98438,244.6875,245.74219,241.52344,12.59766,9.78516,11.83594,11.89453,11.95313,12.1875,12.01172,12.30469,12.48047,12.53906,12.1875,12.07031,12.30469,0.168457,0.159912,0.118408,0.130615,0.119629,0.111084,0.128174,0.146484,0.13916,0.124512,0.095215
2017-11-14T07:40:00Z,240.11719,242.92969,245.74219,243.28125,243.98438,241.52344,239.76563,243.63281,243.28125,241.17188,244.6875,239.76563,12.48047,9.43359,11.83594,11.71875,12.30469,12.07031,12.42188,12.77344,12.65625,12.30469,12.36328,12.12891,12.59766,0.150146,0.131836,0.12085,0.158691,0.106201,0.10376,0.10376,0.145264,0.102539,0.146484,0.128174
2017-11-14T07:50:00Z,240.46875,245.39063,247.85156,242.22656,244.6875,249.96094,243.63281,245.39063,244.6875,247.5,247.5,242.22656,12.1875,9.66797,11.60156,11.71875,11.36719,12.07031,11.25,11.48438,12.1875,12.42188,11.95313,11.95313,11.89453,0.134277,0.115967,0.126953,0.128174,0.137939,0.10498,0.123291,0.112305,0.111084,0.146484,0.135498
2017-11-14T08:00:00Z,241.17188,245.03906,244.6875,240.82031,245.03906,246.79688,240.11719,246.44531,243.98438,249.25781,241.17188,243.98438,12.77344,9.60938,11.83594,12.01172,12.42188,12.07031,12.12891,12.53906,12.94922,12.83203,12.1875,12.42188,12.59766,0.145264,0.144043,0.133057,0.137939,0.177002,0.140381,0.115967,0.12085,0.158691,0.148926,0.141602
2017-11-14T08:10:00Z,242.57813,246.44531,247.85156,241.52344,242.92969,245.39063,244.33594,243.98438,243.28125,242.22656,248.55469,246.44531,12.59766,9.90234,11.66016,11.77734,12.07031,11.95313,12.24609,12.01172,12.07031,11.95313,12.53906,12.30469,12.48047,0.109863,0.12085,0.152588,0.164795,0.136719,0.130615,0.167236,0.152588,0.140381,0.119629,0.117188
2017-11-14T08:20:00Z,240.46875,245.39063,242.92969,239.41406,244.6875,245.39063,244.33594,245.03906,241.875,246.44531,243.28125,244.6875,12.59766,9.66797,10.60547,11.01563,11.07422,11.25,11.30859,11.25,11.30859,11.54297,11.60156,11.36719,11.42578,0.134277,0.131836,0.150146,0.162354,0.150146,0.153809,0.155029,0.125732,0.117188,0.128174,0.107422
2017-11-14T08:30:00Z,239.0625,240.82031,241.17188,241.52344,239.76563,240.46875,241.875,243.28125,243.63281,242.92969,238.00781,244.33594,11.25,9.08203,10.48828,10.42969,11.07422,10.48828,11.25,11.71875,11.66016,11.01563,10.83984,11.36719,11.95313,0.142822,0.142822,0.142822,0.129395,0.12207,0.148926,0.162354,0.167236,0.157471,0.119629,0.129395
2017-11-14T08:40:00Z,237.65625,241.17188,239.0625,244.6875,241.17188,243.28125,241.17188,244.33594,238.71094,243.63281,240.46875,242.92969,11.48438,9.14063,11.30859,11.42578,11.60156,11.48438,11.60156,11.83594,11.95313,11.77734,11.66016,11.89453,12.36328,0.12085,0.13916,0.123291,0.125732,0.106201,0.13916,0.155029,0.115967,0.13916,0.129395,0.10498
2017-11-14T08:50:00Z,235.19531,239.0625,240.11719,235.54688,241.17188,240.82031,238.35938,240.11719,241.52344,240.46875,241.875,241.875,12.1875,9.90234,11.19141,11.48438,11.66016,11.83594,11.60156,11.83594,12.07031,12.30469,11.95313,11.77734,12.12891,0.177002,0.155029,0.148926,0.161133,0.168457,0.13916,0.115967,0.135498,0.15625,0.131836,0.167236
2017-11-14T09:00:00Z,236.60156,245.39063,242.22656,240.82031,239.76563,242.92969,245.39063,247.85156,245.39063,244.33594,244.33594,247.85156,12.36328,9.66797,11.71875,12.12891,12.30469,12.65625,12.89063,12.77344,12.36328,12.53906,12.48047,12.77344,12.94922,0.164795,0.15625,0.185547,0.163574,0.112305,0.128174,0.146484,0.115967,0.157471,0.15625,0.12207
2017-11-14T09:10:00Z,237.65625,243.63281,241.17188,246.09375,241.52344,245.03906,243.63281,243.63281,241.875,243.98438,248.55469,245.39063,13.47656,10.25391,12.36328,13.125,13.125,13.47656,13.00781,12.71484,12.94922,13.41797,13.59375,13.30078,12.77344,0.152588,0.170898,0.144043,0.12085,0.133057,0.144043,0.125732,0.093994,0.175781,0.124512,0.123291
2017-11-14T09:20:00Z,236.60156,240.11719,240.11719,242.57813,242.92969,242.22656,245.39063,246.79688,243.28125,245.03906,249.60938,247.85156,13.24219,10.72266,11.54297,12.07031,11.48438,11.95313,12.71484,12.42188,12.53906,12.30469,12.94922,12.83203,12.71484,0.126953,0.151367,0.166016,0.167236,0.123291,0.144043,0.126953,0.114746,0.098877,0.148926,0.12207
2017-11-14T09:30:00Z,237.30469,243.63281,244.33594,242.22656,243.63281,243.98438,246.09375,245.74219,245.74219,243.98438,247.85156,249.25781,12.71484,9.90234,11.36719,11.30859,11.66016,11.95313,12.30469,12.24609,12.07031,12.12891,12.30469,12.83203,12.53906,0.129395,0.151367,0.13916,0.179443,0.108643,0.161133,0.134277,0.140381,0.142822,0.151367,0.145264
2017-11-14T09:40:00Z,240.11719,244.6875,244.6875,245.74219,249.60938,241.875,248.55469,250.66406,247.5,243.98438,247.5,248.55469,11.54297,9.72656,11.77734,12.36328,12.12891,12.12891,12.71484,12.53906,12.36328,11.89453,12.77344,12.83203,12.89063,0.131836,0.136719,0.164795,0.157471,0.142822,0.167236,0.134277,0.123291,0.125732,0.117188,0.106201
2017-11-14T09:50:00Z,242.22656,243.63281,247.5,246.44531,244.33594,245.03906,246.44531,252.77344,245.74219,244.6875,248.20313,249.60938,12.48047,10.19531,11.71875,11.71875,11.77734,12.24609,12.48047,12.36328,11.54297,11.60156,12.12891,12.48047,12.24609,0.136719,0.159912,0.126953,0.129395,0.12207,0.151367,0.147705,0.134277,0.150146,0.146484,0.124512
2017-11-14T10:00:00Z,239.76563,242.92969,240.82031,243.98438,242.22656,245.74219,243.63281,245.03906,243.98438,241.17188,244.33594,242.57813,12.01172,9.90234,11.42578,12.24609,11.89453,12.42188,12.1875,11.77734,12.36328,12.24609,12.12891,11.89453,12.24609,0.174561,0.108643,0.126953,0.140381,0.130615,0.137939,0.08667,0.117188,0.146484,0.137939,0.134277
2017-11-14T10:10:00Z,239.76563,245.74219,243.98438,245.03906,248.90625,246.09375,241.875,246.44531,242.92969,244.33594,245.03906,245.39063,12.30469,9.78516,11.66016,11.95313,12.07031,11.95313,12.01172,12.36328,12.12891,12.07031,12.71484,12.07031,12.48047,0.148926,0.12207,0.136719,0.114746,0.150146,0.125732,0.12207,0.135498,0.126953,0.125732,0.101318
2017-11-14T10:20:00Z,239.41406,247.85156,243.63281,247.14844,245.03906,248.55469,246.09375,246.09375,248.90625,246.79688,247.85156,248.20313,12.07031,9.84375,11.48438,11.66016,11.54297,11.89453,12.12891,12.24609,12.30469,12.53906,12.30469,12.48047,12.24609,0.13916,0.095215,0.126953,0.136719,0.12207,0.131836,0.095215,0.109863,0.129395,0.12207,0.112305
2017-11-14T10:30:00Z,242.57813,251.71875,247.14844,248.20313,250.66406,246.79688,250.66406,246.79688,251.01563,246.79688,247.14844,254.17969,11.77734,9.78516,11.71875,11.60156,11.71875,11.25,12.01172,12.30469,12.12891,12.12891,12.07031,12.59766,12.36328,0.125732,0.13916,0.177002,0.111084,0.128174,0.109863,0.123291,0.078125,0.124512,0.106201,0.129395
2017-11-14T10:40:00Z,245.74219,255.23438,253.82813,252.77344,255.23438,253.82813,255.9375,251.71875,253.82813,249.96094,251.36719,252.77344,11.66016,9.84375,11.48438,11.66016,11.77734,11.60156,11.48438,11.30859,11.71875,12.12891,11.95313,12.01172,12.30469,0.070801,0.124512,0.142822,0.093994,0.13916,0.112305,0.125732,0.098877,0.113525,0.112305,0.070801
2017-11-14T10:50:00Z,248.55469,251.36719,247.14844,245.74219,248.90625,248.55469,251.01563,247.5,249.25781,249.60938,248.90625,249.60938,12.36328,9.55078,11.19141,11.60156,11.30859,11.71875,11.60156,11.42578,11.89453,12.24609,11.95313,11.95313,12.24609,0.123291,0.090332,0.115967,0.10376,0.113525,0.090332,0.102539,0.10498,0.102539,0.087891,0.096436
2017-11-14T11:00:00Z,245.74219,248.90625,250.3125,248.55469,251.01563,249.96094,246.79688,251.01563,249.25781,248.90625,250.3125,248.55469,11.66016,9.72656,10.95703,11.13281,11.36719,10.95703,11.36719,11.89453,11.42578,12.30469,12.07031,11.71875,11.36719,0.117188,0.10376,0.123291,0.12085,0.15625,0.134277,0.123291,0.126953,0.135498,0.119629,0.118408
2017-11-14T11:10:00Z,245.03906,245.03906,246.09375,248.90625,247.85156,245.74219,246.44531,251.36719,249.60938,246.79688,251.01563,247.85156,11.66016,9.60938,11.77734,11.71875,11.48438,11.71875,11.95313,12.1875,11.77734,11.66016,11.95313,12.01172,11.83594,0.111084,0.087891,0.130615,0.150146,0.109863,0.085449,0.129395,0.13916,0.081787,0.095215,0.102539
2017-11-14T11:20:00Z,242.92969,247.85156,247.85156,250.66406,247.14844,248.20313,248.55469,253.125,252.07031,249.25781,250.3125,250.3125,11.89453,9.90234,11.01563,11.13281,11.13281,11.07422,11.36719,11.60156,11.66016,11.54297,11.36719,11.66016,11.60156,0.119629,0.100098,0.100098,0.112305,0.107422,0.12207,0.119629,0.115967,0.100098,0.113525,0.117188
2017-11-14T11:30:00Z,245.03906,254.17969,251.36719,254.53125,254.53125,253.82813,251.01563,253.125,254.17969,256.64063,253.82813,252.42188,11.77734,9.49219,10.95703,11.30859,11.13281,10.83984,11.07422,11.42578,11.66016,11.66016,11.48438,11.66016,11.54297,0.126953,0.131836,0.126953,0.128174,0.107422,0.157471,0.131836,0.107422,0.128174,0.125732,0.124512
2017-11-14T11:40:00Z,248.90625,256.64063,256.64063,255.58594,258.04688,258.39844,255.9375,258.75,257.34375,257.69531,257.34375,258.04688,11.19141,9.66797,11.30859,11.01563,11.25,11.30859,11.66016,11.25,11.42578,11.48438,11.66016,11.60156,11.83594,0.125732,0.131836,0.114746,0.108643,0.12207,0.12085,0.089111,0.098877,0.10376,0.148926,0.125732
2017-11-14T11:50:00Z,253.47656,260.85938,259.10156,261.5625,259.10156,261.91406,262.96875,259.80469,258.39844,259.80469,259.45313,257.69531,11.19141,9.43359,10.60547,10.72266,10.78125,11.19141,11.25,11.13281,11.60156,11.66016,11.77734,11.71875,12.12891,0.150146,0.12085,0.102539,0.112305,0.12207,0.161133,0.115967,0.112305,0.125732,0.102539,0.097656
2017-11-14T12:00:00Z,255.58594,257.34375,259.45313,261.91406,262.61719,260.85938,259.45313,262.26563,259.45313,262.26563,258.75,260.85938,11.36719,9.14063,11.01563,11.01563,11.01563,11.25,11.48438,11.48438,11.42578,12.01172,11.54297,11.60156,11.66016,0.112305,0.131836,0.117188,0.126953,0.111084,0.129395,0.115967,0.129395,0.095215,0.095215,0.10376
2017-11-14T12:10:00Z,254.53125,261.5625,257.69531,258.39844,261.91406,258.39844,260.85938,260.50781,256.99219,259.45313,261.91406,260.85938,11.60156,9.55078,10.89844,11.13281,11.30859,10.95703,11.30859,10.95703,11.25,11.66016,11.66016,11.42578,11.42578,0.12085,0.12207,0.124512,0.136719,0.145264,0.133057,0.118408,0.133057,0.10498,0.146484,0.12085
2017-11-14T12:20:00Z,255.23438,262.26563,262.26563,259.80469,255.58594,260.15625,259.45313,262.61719,260.50781,262.26563,259.45313,262.26563,11.30859,9.43359,11.01563,11.13281,11.36719,11.25,11.54297,12.01172,11.83594,11.48438,11.77734,11.95313,12.07031,0.117188,0.102539,0.097656,0.142822,0.129395,0.125732,0.134277,0.155029,0.134277,0.10498,0.134277
2017-11-14T12:30:00Z,257.69531,261.5625,262.96875,264.02344,259.45313,262.96875,262.61719,263.67188,264.375,264.02344,261.5625,261.91406,11.83594,9.43359,10.54688,10.66406,10.66406,10.89844,11.36719,11.19141,11.42578,10.89844,11.19141,11.42578,11.48438,0.124512,0.102539,0.111084,0.10376,0.112305,0.133057,0.108643,0.144043,0.10498,0.134277,0.100098
2017-11-14T12:40:00Z,258.04688,261.5625,262.61719,264.72656,259.80469,262.96875,263.32031,261.91406,263.32031,264.375,264.02344,264.375,11.60156,9.02344,10.66406,10.83984,10.95703,11.07422,11.42578,11.60156,11.42578,11.36719,11.07422,11.13281,11.36719,0.101318,0.111084,0.102539,0.117188,0.124512,0.118408,0.08667,0.106201,0.106201,0.113525,0.131836
2017-11-14T12:50:00Z,258.39844,261.91406,259.80469,263.32031,257.34375,263.32031,259.80469,268.24219,267.1875,265.07813,261.91406,268.94531,11.60156,9.31641,9.90234,9.90234,10.01953,10.66406,10.83984,11.48438,10.72266,10.60547,10.19531,10.66406,10.83984,0.123291,0.12207,0.137939,0.102539,0.114746,0.137939,0.129395,0.12085,0.161133,0.133057,0.101318
2017-11-14T13:00:00Z,258.75,267.89063,262.26563,262.26563,264.02344,268.24219,264.375,265.07813,263.67188,264.72656,262.26563,262.61719,10.66406,9.08203,9.72656,9.60938,9.55078,10.07813,10.13672,10.48828,10.48828,10.3125,10.3125,10.48828,10.78125,0.181885,0.142822,0.155029,0.155029,0.134277,0.129395,0.125732,0.135498,0.137939,0.124512,0.106201
2017-11-14T13:10:00Z,258.39844,261.21094,261.91406,261.5625,262.26563,264.72656,264.02344,260.85938,263.32031,266.13281,265.07813,264.72656,10.42969,8.37891,9.08203,9.60938,9.55078,10.01953,10.07813,9.90234,10.13672,10.25391,10.37109,10.25391,10.01953,0.150146,0.163574,0.13916,0.142822,0.126953,0.107422,0.126953,0.113525,0.12085,0.13916,0.137939
2017-11-14T13:20:00Z,258.04688,259.80469,261.21094,262.96875,260.85938,262.96875,267.89063,266.48438,261.21094,267.89063,268.94531,262.26563,10.42969,8.37891,9.43359,9.375,9.31641,9.60938,9.90234,9.66797,9.43359,10.01953,10.19531,10.01953,10.01953,0.115967,0.144043,0.142822,0.084229,0.107422,0.117188,0.101318,0.161133,0.095215,0.13916,0.119629
2017-11-14T13:30:00Z,258.04688,265.78125,267.89063,263.67188,265.78125,262.26563,263.32031,268.94531,267.1875,266.83594,268.59375,271.75781,10.66406,8.14453,9.31641,9.14063,9.25781,9.02344,9.08203,9.60938,9.43359,9.49219,9.49219,9.90234,9.375,0.135498,0.124512,0.140381,0.128174,0.141602,0.129395,0.109863,0.162354,0.13916,0.151367,0.150146
2017-11-14T13:40:00Z,262.61719,268.59375,268.59375,268.59375,269.29688,270.0,266.83594,267.1875,269.29688,272.10938,270.70313,268.94531,9.49219,7.79297,8.49609,8.55469,8.49609,8.78906,8.96484,9.08203,9.19922,9.31641,9.25781,9.14063,9.375,0.134277,0.097656,0.141602,0.144043,0.13916,0.148926,0.158691,0.135498,0.126953,0.169678,0.145264
2017-11-14T13:50:00Z,262.26563,261.5625,266.48438,264.375,265.78125,265.07813,263.67188,270.0,271.05469,268.24219,268.24219,267.53906,9.72656,7.32422,8.37891,8.4375,8.32031,8.84766,8.84766,9.375,9.19922,9.14063,8.96484,9.31641,9.31641,0.131836,0.147705,0.12207,0.119629,0.134277,0.129395,0.12207,0.130615,0.15625,0.145264,0.115967
2017-11-14T14:00:00Z,259.80469,270.0,271.05469,271.40625,273.16406,277.03125,275.97656,272.46094,275.27344,278.08594,273.51563,273.16406,9.19922,7.38281,8.14453,8.49609,8.49609,8.78906,8.61328,8.49609,8.67188,9.25781,8.61328,8.37891,8.78906,0.145264,0.107422,0.137939,0.112305,0.134277,0.123291,0.144043,0.159912,0.134277,0.155029,0.12085
2017-11-14T14:10:00Z,268.24219,271.05469,271.05469,267.53906,271.75781,273.16406,275.27344,276.32813,275.625,271.40625,275.27344,281.25,9.31641,7.14844,7.73438,8.08594,7.91016,8.14453,8.26172,8.02734,8.14453,7.67578,8.37891,8.55469,7.79297,0.159912,0.146484,0.119629,0.177002,0.150146,0.133057,0.153809,0.133057,0.129395,0.117188,0.150146
2017-11-14T14:20:00Z,268.59375,272.8125,274.57031,272.8125,273.51563,271.40625,274.57031,281.25,277.38281,274.92188,278.78906,278.4375,8.61328,6.67969,7.79297,7.79297,8.32031,7.67578,8.26172,8.49609,8.02734,7.91016,8.08594,7.91016,8.26172,0.144043,0.085449,0.162354,0.183105,0.145264,0.107422,0.159912,0.131836,0.118408,0.17334,0.158691
2017-11-14T14:30:00Z,269.64844,270.35156,272.10938,275.97656,270.70313,276.67969,276.67969,275.97656,274.57031,276.67969,275.97656,277.38281,8.4375,6.97266,7.73438,8.02734,7.85156,8.55469,8.08594,8.20313,8.02734,8.08594,8.20313,8.14453,8.14453,0.17334,0.131836,0.15625,0.144043,0.140381,0.100098,0.136719,0.169678,0.10498,0.155029,0.136719
2017-11-14T14:40:00Z,270.0,273.51563,274.57031,273.51563,274.92188,274.92188,270.35156,277.03125,278.4375,275.97656,273.86719,277.73438,8.4375,6.91406,7.96875,7.85156,8.08594,8.02734,8.08594,8.32031,8.32031,8.02734,7.96875,8.14453,8.02734,0.15625,0.141602,0.155029,0.15625,0.133057,0.118408,0.12207,0.168457,0.135498,0.162354,0.184326
2017-11-14T14:50:00Z,268.94531,270.70313,271.75781,269.29688,273.16406,269.29688,270.0,276.32813,277.73438,273.51563,273.16406,278.08594,8.49609,6.97266,8.26172,8.37891,8.32031,7.79297,7.73438,8.55469,8.73047,8.02734,7.67578,8.49609,8.02734,0.141602,0.157471,0.150146,0.135498,0.12207,0.142822,0.134277,0.134277,0.164795,0.130615,0.113525
2017-11-14T15:00:00Z,264.02344,268.94531,266.48438,266.48438,264.375,266.83594,271.40625,273.16406,271.05469,270.35156,273.16406,273.86719,8.32031,6.85547,8.02734,8.08594,8.37891,8.26172,8.96484,8.55469,8.26172,8.32031,8.32031,8.78906,8.61328,0.150146,0.186768,0.117188,0.134277,0.126953,0.144043,0.147705,0.114746,0.164795,0.129395,0.128174
2017-11-14T15:10:00Z,259.45313,261.91406,261.91406,263.67188,268.59375,264.72656,266.83594,268.24219,268.94531,274.57031,272.8125,275.625,8.73047,6.85547,7.5,7.67578,7.79297,7.96875,7.67578,7.96875,7.91016,8.26172,7.73438,7.96875,7.73438,0.146484,0.130615,0.161133,0.192871,0.164795,0.13916,0.155029,0.155029,0.197754,0.147705,0.13916
2017-11-14T15:20:00Z,256.64063,257.69531,255.23438,259.10156,257.34375,260.85938,266.83594,265.07813,264.02344,268.94531,269.64844,269.29688,8.26172,6.50391,7.44141,7.79297,7.79297,8.14453,8.32031,8.55469,8.20313,8.49609,8.49609,8.84766,8.26172,0.184326,0.20874,0.095215,0.169678,0.200195,0.13916,0.129395,0.159912,0.167236,0.159912,0.129395
2017-11-14T15:30:00Z,252.07031,264.72656,264.375,262.26563,266.83594,264.72656,267.89063,269.64844,270.70313,271.75781,274.57031,271.05469,8.26172,6.73828,7.61719,7.73438,7.91016,7.79297,8.32031,8.14453,8.26172,8.02734,8.26172,8.14453,8.4375,0.153809,0.140381,0.161133,0.126953,0.124512,0.12207,0.158691,0.136719,0.107422,0.19043,0.151367
2017-11-14T15:40:00Z,257.34375,266.48438,265.07813,267.1875,268.59375,271.75781,268.94531,270.70313,270.0,272.46094,277.38281,278.08594,7.85156,6.50391,7.20703,7.79297,7.5,8.02734,8.02734,7.5,7.67578,7.96875,8.02734,7.96875,7.55859,0.158691,0.150146,0.184326,0.15625,0.117188,0.175781,0.170898,0.141602,0.133057,0.183105,0.144043
2017-11-14T15:50:00Z,262.26563,271.40625,266.83594,270.35156,271.75781,273.51563,272.46094,271.75781,273.16406,274.92188,277.38281,273.51563,7.73438,6.09375,6.91406,7.5,7.32422,7.73438,7.67578,7.61719,7.67578,8.02734,7.91016,7.55859,7.44141,0.202637,0.19043,0.123291,0.117188,0.170898,0.155029,0.108643,0.137939,0.17334,0.151367,0.167236
2017-11-14T16:00:00Z,263.32031,274.57031,269.29688,271.40625,269.29688,271.75781,277.03125,276.67969,275.97656,278.4375,278.4375,274.21875,7.85156,6.21094,7.20703,7.32422,7.55859,7.5,7.73438,7.61719,7.85156,7.55859,7.96875,7.61719,7.61719,0.157471,0.163574,0.152588,0.131836,0.084229,0.169678,0.134277,0.129395,0.162354,0.145264,0.164795
2017-11-14T16:10:00Z,265.42969,266.13281,266.83594,268.59375,272.8125,272.46094,272.8125,273.16406,275.27344,276.32813,275.97656,278.08594,8.08594,6.38672,7.61719,7.61719,7.61719,7.91016,7.79297,8.08594,8.02734,8.14453,8.08594,8.08594,7.85156,0.128174,0.124512,0.17334,0.108643,0.130615,0.151367,0.137939,0.117188,0.153809,0.161133,0.140381
2017-11-14T16:20:00Z,262.61719,264.72656,267.1875,269.64844,265.07813,268.24219,267.89063,272.8125,273.86719,274.57031,275.97656,275.625,8.37891,6.50391,7.61719,7.61719,7.67578,7.79297,8.08594,8.14453,7.96875,7.85156,7.85156,7.96875,7.85156,0.141602,0.155029,0.112305,0.114746,0.158691,0.194092,0.118408,0.128174,0.209961,0.134277,0.108643
2017-11-14T16:30:00Z,261.91406,259.10156,265.07813,262.61719,265.42969,264.375,266.83594,267.53906,270.70313,268.24219,274.21875,271.40625,8.49609,6.62109,7.79297,7.91016,7.85156,7.91016,8.20313,8.08594,8.55469,8.26172,8.14453,7.96875,8.08594,0.150146,0.117188,0.141602,0.167236,0.124512,0.115967,0.126953,0.136719,0.12085,0.148926,0.131836
2017-11-14T16:40:00Z,261.91406,268.94531,273.86719,272.46094,272.10938,275.625,272.10938,273.86719,275.625,276.67969,278.78906,281.25,8.4375,6.62109,7.20703,7.5,7.44141,7.5,7.38281,7.32422,7.61719,7.73438,7.61719,7.79297,7.67578,0.205078,0.187988,0.183105,0.128174,0.178223,0.179443,0.158691,0.172119,0.185547,0.146484,0.129395
2017-11-14T16:50:00Z,272.8125,278.78906,277.38281,281.60156,279.49219,283.35938,284.41406,277.03125,282.30469,281.25,281.95313,279.84375,7.85156,5.74219,5.91797,6.26953,6.26953,6.62109,6.79688,6.5625,6.62109,6.67969,6.85547,6.91406,7.08984,0.181885,0.179443,0.169678,0.152588,0.167236,0.166016,0.142822,0.140381,0.159912,0.147705,0.106201
2017-11-14T17:00:00Z,277.73438,266.48438,268.59375,267.1875,268.59375,272.46094,266.83594,269.64844,268.94531,270.35156,270.70313,274.21875,6.85547,5.15625,6.79688,6.91406,6.67969,7.26563,7.03125,6.85547,7.14844,7.55859,7.32422,7.5,7.26563,0.115967,0.117188,0.15625,0.130615,0.124512,0.130615,0.114746,0.194092,0.133057,0.148926,0.151367
2017-11-14T17:10:00Z,263.32031,263.67188,267.89063,268.24219,265.07813,266.48438,266.83594,268.94531,272.10938,270.70313,271.75781,271.75781,7.55859,5.625,7.79297,7.73438,7.79297,7.61719,7.91016,8.08594,7.96875,8.02734,7.79297,7.79297,8.14453,0.133057,0.092773,0.115967,0.136719,0.128174,0.111084,0.096436,0.125732,0.147705,0.128174,0.119629
2017-11-14T17:20:00Z,262.26563,268.59375,268.24219,267.1875,270.35156,268.24219,270.0,270.35156,272.8125,271.75781,274.21875,269.64844,8.08594,5.97656,7.5,7.26563,7.44141,7.73438,7.61719,7.61719,7.55859,7.73438,7.44141,7.55859,7.44141,0.136719,0.130615,0.125732,0.095215,0.144043,0.131836,0.10376,0.136719,0.137939,0.124512,0.106201
2017-11-14T17:30:00Z,265.42969,270.0,271.40625,273.51563,268.59375,269.64844,269.29688,270.35156,270.70313,272.8125,270.70313,274.92188,7.26563,5.80078,7.38281,7.26563,7.38281,7.32422,7.14844,7.61719,7.44141,7.14844,7.14844,7.5,7.14844,0.129395,0.126953,0.113525,0.125732,0.134277,0.108643,0.100098,0.141602,0.148926,0.135498,0.147705
2017-11-14T17:40:00Z,264.72656,268.24219,267.53906,271.75781,270.35156,270.35156,268.94531,273.51563,272.46094,272.46094,272.46094,272.8125,7.38281,5.625,6.67969,7.20703,7.03125,7.32422,7.20703,7.38281,7.32422,7.14844,7.20703,7.03125,7.08984,0.145264,0.136719,0.131836,0.134277,0.115967,0.108643,0.102539,0.134277,0.12085,0.145264,0.117188
2017-11-14T17:50:00Z,263.67188,265.07813,269.29688,265.42969,271.75781,267.53906,264.72656,268.24219,271.05469,272.8125,268.94531,271.75781,7.03125,5.44922,7.20703,7.26563,6.97266,7.03125,6.97266,7.20703,7.61719,7.38281,7.14844,7.26563,7.14844,0.146484,0.113525,0.109863,0.136719,0.115967,0.134277,0.111084,0.113525,0.096436,0.135498,0.133057
2017-11-14T18:00:00Z,263.32031,264.375,264.02344,261.5625,268.59375,266.83594,269.64844,268.59375,268.59375,271.75781,270.0,267.53906,7.08984,5.33203,6.73828,6.97266,7.14844,7.08984,7.20703,7.20703,7.14844,7.26563,7.20703,7.20703,7.26563,0.163574,0.130615,0.147705,0.124512,0.128174,0.131836,0.125732,0.146484,0.126953,0.106201,0.10498
2017-11-14T18:10:00Z,260.15625,268.24219,268.59375,266.13281,264.02344,265.78125,271.75781,266.48438,266.83594,264.02344,268.24219,264.72656,6.97266,5.33203,6.73828,6.67969,6.85547,6.97266,7.20703,7.08984,6.79688,7.08984,7.14844,7.32422,7.08984,0.170898,0.136719,0.129395,0.134277,0.152588,0.091553,0.131836,0.097656,0.115967,0.145264,0.133057
2017-11-14T18:20:00Z,262.26563,264.72656,268.24219,263.32031,268.59375,265.07813,266.83594,265.42969,261.91406,265.07813,266.13281,264.375,6.38672,5.09766,6.38672,6.62109,6.44531,6.5625,6.73828,6.85547,6.79688,6.97266,7.26563,7.08984,6.79688,0.166016,0.091553,0.141602,0.136719,0.134277,0.117188,0.115967,0.163574,0.109863,0.145264,0.145264
2017-11-14T18:30:00Z,261.91406,262.61719,265.78125,267.1875,260.85938,263.32031,261.91406,263.32031,261.91406,264.02344,265.42969,265.42969,6.62109,4.86328,6.15234,6.15234,6.21094,6.5625,6.79688,6.85547,6.85547,6.97266,7.03125,6.85547,7.14844,0.135498,0.161133,0.150146,0.130615,0.128174,0.131836,0.159912,0.100098,0.141602,0.157471,0.126953
2017-11-14T18:40:00Z,259.10156,261.5625,261.21094,262.96875,263.32031,262.61719,261.21094,264.02344,265.42969,265.78125,265.07813,265.07813,6.21094,4.98047,6.38672,6.5625,6.67969,6.67969,6.97266,7.14844,6.91406,6.79688,7.26563,7.32422,7.14844,0.124512,0.111084,0.141602,0.137939,0.146484,0.12085,0.12085,0.131836,0.111084,0.136719,0.136719
2017-11-14T18:50:00Z,254.88281,266.83594,264.72656,265.42969,265.07813,270.0,264.02344,267.89063,264.72656,266.13281,267.1875,265.07813,6.44531,4.98047,6.44531,6.67969,6.5625,6.67969,6.79688,6.67969,6.91406,7.14844,7.08984,7.08984,7.26563,0.118408,0.140381,0.183105,0.195313,0.174561,0.144043,0.169678,0.12085,0.151367,0.146484,0.124512
2017-11-14T19:00:00Z,261.5625,271.05469,268.59375,270.0,267.1875,268.59375,269.29688,267.89063,267.1875,268.94531,268.94531,265.07813,6.5625,5.09766,6.91406,7.03125,7.03125,7.26563,7.44141,7.61719,7.73438,7.73438,7.96875,7.67578,8.02734,0.114746,0.137939,0.133057,0.12085,0.111084,0.136719,0.117188,0.109863,0.112305,0.140381,0.085449
2017-11-14T19:10:00Z,265.42969,264.72656,265.78125,268.94531,265.07813,266.48438,264.375,262.26563,264.375,262.26563,265.42969,269.29688,6.62109,5.21484,6.5625,7.26563,6.91406,7.03125,7.38281,7.08984,7.38281,7.26563,7.44141,7.55859,7.5,0.131836,0.167236,0.101318,0.125732,0.113525,0.137939,0.113525,0.128174,0.142822,0.153809,0.106201
2017-11-14T19:20:00Z,261.5625,260.15625,261.91406,262.61719,264.72656,266.48438,262.61719,263.32031,266.48438,263.67188,265.07813,263.67188,6.62109,5.21484,6.21094,6.5625,6.26953,6.73828,6.73828,6.85547,7.20703,7.03125,7.14844,7.08984,6.97266,0.152588,0.10498,0.100098,0.133057,0.125732,0.092773,0.117188,0.135498,0.136719,0.155029,0.10376
2017-11-14T19:30:00Z,258.04688,258.39844,258.75,259.80469,261.21094,260.15625,260.85938,261.91406,262.26563,261.91406,262.26563,261.5625,6.32813,4.74609,6.67969,6.85547,6.79688,7.20703,7.44141,7.32422,7.08984,7.14844,7.44141,7.5,7.44141,0.167236,0.153809,0.181885,0.093994,0.133057,0.148926,0.090332,0.164795,0.117188,0.111084,0.109863
2017-11-14T19:40:00Z,255.58594,265.07813,264.02344,264.72656,261.91406,264.375,261.91406,264.375,266.13281,261.91406,259.80469,259.45313,6.38672,5.03906,6.32813,6.38672,6.32813,6.79688,7.08984,7.26563,7.20703,7.32422,7.14844,7.38281,7.55859,0.153809,0.129395,0.152588,0.114746,0.158691,0.140381,0.102539,0.111084,0.162354,0.166016,0.108643
2017-11-14T19:50:00Z,258.04688,259.10156,262.61719,263.32031,260.15625,260.85938,260.85938,256.64063,261.21094,259.45313,257.69531,256.28906,6.50391,5.09766,6.73828,6.79688,7.03125,6.85547,7.26563,7.44141,7.55859,7.5,7.26563,7.26563,7.5,0.123291,0.107422,0.12207,0.177002,0.106201,0.119629,0.129395,0.124512,0.146484,0.135498,0.15625
2017-11-14T20:00:00Z,256.64063,260.85938,258.75,259.45313,256.99219,264.02344,259.45313,259.10156,256.99219,258.75,258.04688,253.125,6.5625,5.03906,6.09375,6.38672,6.32813,6.85547,6.97266,7.03125,7.03125,7.20703,7.26563,7.44141,7.55859,0.144043,0.102539,0.107422,0.134277,0.172119,0.178223,0.118408,0.151367,0.117188,0.113525,0.151367
2017-11-14T20:10:00Z,254.88281,257.34375,254.17969,256.28906,252.77344,255.23438,258.39844,255.9375,253.82813,256.28906,255.58594,253.125,6.67969,4.80469,6.38672,6.5625,6.32813,6.91406,7.08984,7.08984,7.26563,7.5,7.61719,7.44141,7.85156,0.146484,0.115967,0.114746,0.179443,0.141602,0.134277,0.151367,0.183105,0.162354,0.148926,0.159912
2017-11-14T20:20:00Z,251.01563,250.3125,247.14844,251.36719,249.25781,248.90625,249.60938,251.71875,249.96094,252.77344,248.90625,252.42188,7.38281,5.15625,7.26563,7.5,7.44141,7.96875,7.79297,8.08594,8.14453,7.85156,7.73438,7.96875,7.91016,0.118408,0.128174,0.133057,0.123291,0.10376,0.163574,0.118408,0.135498,0.155029,0.111084,0.129395
2017-11-14T20:30:00Z,242.57813,247.14844,248.20313,247.14844,252.77344,249.96094,248.20313,251.71875,254.17969,256.99219,251.36719,251.01563,7.38281,5.85938,6.50391,6.73828,6.79688,6.79688,7.03125,7.14844,7.26563,7.20703,7.20703,7.14844,7.14844,0.20874,0.17334,0.195313,0.196533,0.159912,0.142822,0.164795,0.166016,0.144043,0.209961,0.179443
2017-11-14T20:40:00Z,243.98438,244.6875,245.03906,245.03906,241.52344,246.79688,246.09375,248.55469,247.14844,249.25781,247.14844,249.96094,7.44141,4.6875,6.67969,6.85547,6.79688,7.38281,7.38281,7.38281,7.38281,7.26563,7.44141,7.61719,7.32422,0.19165,0.169678,0.145264,0.167236,0.155029,0.12207,0.164795,0.172119,0.184326,0.166016,0.177002
2017-11-14T20:50:00Z,236.95313,241.17188,243.63281,240.82031,244.33594,245.74219,245.03906,249.60938,245.39063,246.44531,246.79688,245.74219,7.44141,5.50781,7.14844,7.32422,7.03125,7.85156,7.61719,7.67578,7.55859,7.85156,7.96875,7.79297,7.67578,0.145264,0.134277,0.142822,0.137939,0.123291,0.109863,0.147705,0.109863,0.093994,0.158691,0.129395
2017-11-14T21:00:00Z,238.71094,238.35938,237.65625,237.30469,238.71094,240.46875,239.0625,240.46875,242.22656,240.82031,243.28125,242.22656,7.08984,5.625,7.03125,7.38281,7.20703,8.14453,7.96875,8.14453,8.14453,8.84766,8.4375,8.14453,8.37891,0.141602,0.153809,0.141602,0.12085,0.125732,0.166016,0.136719,0.126953,0.157471,0.20752,0.113525
2017-11-14T21:10:00Z,234.84375,242.92969,241.17188,246.79688,240.46875,243.98438,241.875,243.28125,242.22656,245.74219,243.28125,245.74219,8.84766,6.03516,8.37891,8.4375,8.55469,9.02344,8.90625,8.96484,8.90625,8.96484,8.08594,8.4375,8.49609,0.100098,0.17334,0.090332,0.126953,0.092773,0.163574,0.125732,0.145264,0.170898,0.17334,0.130615
2017-11-14T21:20:00Z,239.41406,244.33594,243.63281,247.14844,250.3125,248.20313,241.52344,248.90625,245.74219,252.42188,252.77344,246.09375,9.02344,6.91406,6.97266,7.32422,7.14844,7.73438,7.32422,7.55859,7.96875,7.96875,8.32031,7.85156,8.14453,0.197754,0.142822,0.174561,0.175781,0.192871,0.126953,0.166016,0.185547,0.151367,0.125732,0.166016
2017-11-14T21:30:00Z,238.71094,243.63281,245.03906,248.90625,248.20313,246.44531,246.44531,252.42188,250.66406,248.55469,245.39063,249.25781,7.55859,5.56641,6.32813,6.85547,6.32813,6.85547,7.14844,7.67578,7.5,7.5,7.55859,8.08594,8.37891,0.141602,0.200195,0.168457,0.170898,0.131836,0.162354,0.152588,0.13916,0.168457,0.189209,0.137939
2017-11-14T21:40:00Z,240.11719,248.90625,250.3125,248.20313,249.25781,251.71875,249.96094,250.66406,252.42188,253.47656,253.125,252.07031,7.20703,5.56641,6.62109,6.67969,7.08984,7.14844,7.38281,7.55859,7.44141,7.67578,7.79297,7.96875,7.91016,0.124512,0.161133,0.177002,0.181885,0.155029,0.129395,0.119629,0.155029,0.157471,0.158691,0.137939
2017-11-14T21:50:00Z,243.63281,247.14844,247.5,248.90625,249.25781,251.71875,245.74219,251.36719,250.66406,252.07031,252.07031,251.36719,6.5625,5.39063,5.91797,6.32813,6.09375,6.38672,6.62109,6.91406,7.14844,7.14844,7.32422,7.32422,7.5,0.20752,0.109863,0.158691,0.170898,0.129395,0.137939,0.131836,0.13916,0.125732,0.136719,0.144043
2017-11-14T22:00:00Z,243.28125,246.79688,248.90625,247.5,248.90625,251.01563,247.85156,251.01563,249.25781,252.42188,250.3125,251.01563,6.15234,4.86328,6.09375,5.85938,5.97656,6.85547,6.67969,6.97266,6.79688,7.44141,7.38281,7.67578,7.03125,0.168457,0.178223,0.187988,0.145264,0.129395,0.169678,0.166016,0.151367,0.137939,0.13916,0.15625
2017-11-14T22:10:00Z,243.98438,247.5,247.14844,247.5,251.71875,249.25781,249.60938,250.66406,249.96094,249.25781,251.36719,251.71875,7.03125,5.15625,6.73828,7.20703,6.91406,7.26563,7.26563,7.85156,7.55859,7.85156,7.91016,8.02734,7.96875,0.174561,0.144043,0.114746,0.124512,0.189209,0.140381,0.076904,0.136719,0.170898,0.136719,0.157471
2017-11-14T22:20:00Z,245.74219,248.90625,249.60938,250.66406,252.42188,254.88281,256.28906,254.53125,254.88281,254.53125,253.47656,255.58594,7.14844,5.80078,6.79688,7.26563,7.03125,7.67578,7.91016,7.73438,7.55859,8.08594,7.67578,8.26172,8.26172,0.12085,0.117188,0.144043,0.137939,0.126953,0.136719,0.147705,0.159912,0.133057,0.13916,0.113525
2017-11-14T22:30:00Z,246.44531,247.5,247.14844,253.125,251.36719,249.25781,252.07031,248.90625,253.125,248.55469,249.60938,248.55469,7.03125,5.74219,6.21094,6.67969,6.62109,6.62109,7.61719,7.14844,7.44141,7.20703,7.55859,7.55859,7.5,0.124512,0.172119,0.131836,0.157471,0.166016,0.101318,0.158691,0.172119,0.12207,0.147705,0.155029
2017-11-14T22:40:00Z,244.6875,245.74219,249.60938,250.3125,250.3125,248.55469,253.125,249.25781,247.14844,248.20313,254.17969,252.77344,6.26953,5.27344,6.44531,6.85547,6.62109,7.08984,7.32422,7.08984,7.08984,7.5,7.67578,7.44141,7.5,0.163574,0.131836,0.137939,0.115967,0.147705,0.13916,0.119629,0.107422,0.144043,0.164795,0.084229
2017-11-14T22:50:00Z,243.98438,244.6875,248.90625,244.33594,251.01563,248.55469,250.3125,251.71875,251.36719,252.42188,251.36719,253.125,6.73828,5.39063,6.09375,6.32813,6.44531,6.5625,6.91406,7.20703,7.55859,7.32422,7.67578,7.38281,8.02734,0.180664,0.162354,0.161133,0.128174,0.141602,0.168457,0.12207,0.155029,0.146484,0.161133,0.090332
2017-11-14T23:00:00Z,242.22656,245.74219,246.79688,246.09375,245.39063,250.66406,250.66406,255.58594,250.66406,255.23438,254.53125,256.99219,6.32813,4.98047,5.85938,6.09375,5.97656,6.21094,6.67969,6.67969,7.20703,6.62109,7.08984,7.20703,7.38281,0.117188,0.091553,0.130615,0.12207,0.136719,0.119629,0.162354,0.178223,0.145264,0.15625,0.197754
2017-11-14T23:10:00Z,241.17188,238.71094,240.46875,241.52344,241.17188,245.03906,244.6875,246.44531,249.60938,249.60938,249.25781,248.20313,7.08984,5.15625,6.62109,6.62109,6.73828,6.85547,7.03125,7.26563,7.20703,7.20703,7.03125,6.97266,7.26563,0.13916,0.123291,0.114746,0.12085,0.119629,0.164795,0.128174,0.089111,0.126953,0.100098,0.108643
2017-11-14T23:20:00Z,236.95313,246.79688,246.44531,248.90625,250.66406,248.20313,248.20313,245.74219,249.60938,248.55469,247.14844,248.20313,7.44141,5.68359,6.32813,6.73828,6.50391,7.03125,6.97266,7.14844,7.38281,7.38281,7.08984,7.26563,7.26563,0.114746,0.124512,0.101318,0.092773,0.106201,0.100098,0.101318,0.090332,0.131836,0.12207,0.108643
2017-11-14T23:30:00Z,246.44531,253.125,255.23438,253.82813,252.42188,251.01563,251.71875,251.01563,249.96094,250.66406,248.20313,245.74219,6.91406,5.56641,6.62109,6.73828,6.85547,6.79688,6.97266,7.03125,7.38281,7.14844,7.44141,7.08984,7.73438,0.100098,0.097656,0.093994,0.133057,0.124512,0.096436,0.113525,0.084229,0.100098,0.125732,0.106201
2017-11-14T23:40:00Z,250.3125,252.07031,256.64063,252.42188,254.17969,251.71875,256.99219,256.64063,255.9375,254.53125,250.66406,259.10156,7.08984,5.85938,6.67969,6.62109,6.5625,6.91406,7.03125,7.14844,7.38281,7.55859,7.38281,7.61719,7.67578,0.142822,0.151367,0.144043,0.175781,0.135498,0.133057,0.133057,0.151367,0.123291,0.151367,0.101318
2017-11-14T23:50:00Z,248.55469,247.14844,248.20313,247.5,245.39063,247.85156,247.14844,246.79688,247.85156,246.09375,249.25781,249.96094,6.97266,5.56641,7.03125,7.20703,7.20703,7.38281,7.79297,7.67578,7.73438,7.91016,8.20313,8.08594,8.32031,0.194092,0.177002,0.202637,0.180664,0.180664,0.12085,0.113525,0.166016,0.101318,0.113525,0.129395