LOCATION: 
SYSTEM SERIAL: HKZA
TIMESTAMP (ISO-8601) UTC,WindDir004m deg,WindDir030m deg,WindDir040m deg,WindDir040m_ref deg,WindDir060m deg,WindDir080m deg,WindDir100m deg,WindDir120m deg,WindDir140m deg,WindDir160m deg,WindDir180m deg,WindDir200m deg,WindGust004m m/s,WindSpeed004m m/s,WindSpeed030mh m/s,WindSpeed040mh m/s,WindSpeed040m_refh m/s,WindSpeed060mh m/s,WindSpeed080mh m/s,WindSpeed100mh m/s,WindSpeed120mh m/s,WindSpeed140mh m/s,WindSpeed160mh m/s,WindSpeed180mh m/s,WindSpeed200mh m/s,TI 030m,TI 040m,TI 040m ref,TI 060m,TI 080m,TI 100m,TI 120m,TI 140m,TI 160m,TI 180m,TI 200m
2017-02-19T00:00:00Z,211.28906,209.88281,211.28906,213.75,211.99219,214.80469,217.61719,220.42969,222.53906,227.46094,227.10938,228.86719,7.73438,6.32813,8.02734,8.84766,9.25781,9.90234,11.07422,11.83594,12.53906,13.41797,14.17969,14.47266,15.0,0.129395,0.124512,0.166016,0.092773,0.10498,0.106201,0.085449,0.089111,0.125732,0.087891,0.096436
2017-02-19T00:40:00Z,211.64063,219.02344,222.1875,221.83594,222.89063,224.64844,226.75781,229.57031,233.08594,230.625,233.4375,232.38281,9.19922,7.44141,9.90234,10.42969,10.48828,11.30859,12.77344,13.53516,14.35547,15.29297,15.46875,15.64453,15.52734,0.089111,0.070801,0.100098,0.112305,0.05249,0.062256,0.070801,0.063477,0.072021,0.073242,0.080566
2017-02-19T00:50:00Z,210.9375,221.48438,217.96875,219.375,220.42969,218.67188,222.53906,228.86719,221.48438,221.48438,226.75781,215.50781,9.02344,7.61719,10.07813,10.3125,10.42969,11.71875,13.00781,14.00391,14.35547,15.23438,15.99609,16.23047,15.9375,0.081787,0.08667,0.097656,0.096436,0.058594,0.05249,0.080566,0.050049,0.084229,0.107422,0.070801
2017-02-19T01:00:00Z,209.53125,222.53906,222.53906,224.64844,223.24219,225.0,220.78125,222.53906,224.64844,221.83594,218.32031,231.67969,10.07813,8.02734,10.42969,10.78125,11.42578,12.36328,13.88672,14.53125,15.46875,15.17578,16.11328,15.82031,15.82031,0.097656,0.102539,0.073242,0.080566,0.083008,0.080566,0.084229,0.080566,0.090332,0.058594,0.05127
2017-02-19T01:10:00Z,208.47656,214.80469,219.72656,217.61719,221.13281,218.67188,220.78125,224.64844,216.5625,229.92188,213.39844,231.32813,9.72656,7.85156,10.3125,11.07422,10.95703,11.95313,13.41797,14.58984,14.82422,15.35156,15.58594,15.70313,15.9375,0.107422,0.092773,0.10376,0.118408,0.093994,0.068359,0.083008,0.076904,0.083008,0.081787,0.056152
2017-02-19T01:20:00Z,207.42188,217.96875,216.5625,217.96875,219.72656,215.15625,219.375,225.70313,225.0,223.94531,229.57031,231.32813,10.13672,8.26172,10.66406,11.48438,11.54297,12.65625,13.88672,14.41406,14.82422,14.76563,15.9375,16.34766,16.23047,0.08667,0.114746,0.124512,0.100098,0.100098,0.095215,0.10498,0.124512,0.107422,0.112305,0.08667
2017-02-19T01:30:00Z,206.36719,220.42969,221.48438,221.13281,221.48438,225.35156,229.92188,226.75781,231.32813,235.54688,233.4375,235.54688,10.25391,8.4375,10.42969,11.42578,11.25,12.48047,13.18359,14.23828,15.05859,15.82031,16.40625,16.64063,16.75781,0.126953,0.096436,0.115967,0.091553,0.113525,0.106201,0.113525,0.106201,0.10376,0.10498,0.115967
2017-02-19T01:40:00Z,212.34375,226.40625,227.8125,226.75781,227.8125,227.10938,229.57031,228.51563,232.73438,234.49219,233.78906,233.4375,9.96094,7.96875,10.13672,10.83984,11.01563,11.42578,12.83203,13.59375,14.58984,14.35547,15.05859,15.99609,16.75781,0.097656,0.112305,0.102539,0.118408,0.111084,0.098877,0.114746,0.10376,0.091553,0.114746,0.107422
2017-02-19T01:50:00Z,214.10156,228.51563,228.16406,222.1875,231.32813,232.73438,230.97656,232.73438,228.51563,236.25,239.41406,233.08594,10.89844,8.26172,10.48828,11.48438,11.25,12.48047,13.71094,14.23828,14.94141,15.35156,15.58594,15.41016,16.05469,0.111084,0.097656,0.129395,0.115967,0.109863,0.133057,0.145264,0.12085,0.124512,0.140381,0.124512
2017-02-19T02:00:00Z,209.88281,225.35156,224.29688,221.48438,227.46094,226.05469,227.8125,224.64844,230.97656,221.13281,202.85156,201.44531,10.83984,8.49609,11.01563,11.89453,11.54297,12.89063,13.53516,13.94531,15.05859,15.23438,15.64453,15.9375,16.23047,0.112305,0.114746,0.106201,0.097656,0.114746,0.130615,0.130615,0.128174,0.13916,0.112305,0.115967
2017-02-19T02:10:00Z,206.36719,219.02344,219.375,220.78125,216.21094,225.35156,217.96875,226.40625,226.05469,221.83594,217.96875,227.10938,10.83984,8.4375,10.42969,11.66016,10.89844,12.59766,13.18359,13.76953,13.82813,15.05859,15.70313,16.34766,16.75781,0.136719,0.114746,0.131836,0.107422,0.129395,0.119629,0.130615,0.10498,0.075684,0.089111,0.102539
2017-02-19T02:20:00Z,209.53125,222.1875,223.94531,223.94531,224.64844,223.24219,226.75781,224.29688,227.8125,230.625,221.83594,234.84375,10.19531,8.26172,10.25391,11.01563,11.30859,12.07031,12.89063,13.88672,14.64844,14.35547,15.35156,16.05469,16.34766,0.142822,0.106201,0.113525,0.101318,0.101318,0.10376,0.113525,0.125732,0.109863,0.115967,0.079346
2017-02-19T02:30:00Z,211.28906,222.89063,225.70313,223.24219,227.46094,232.03125,228.86719,230.97656,232.03125,231.32813,229.21875,234.84375,9.55078,7.44141,9.60938,10.42969,9.84375,11.25,11.66016,12.12891,13.06641,13.88672,14.35547,14.41406,14.53125,0.10498,0.12085,0.093994,0.084229,0.093994,0.081787,0.080566,0.100098,0.12085,0.113525,0.109863
2017-02-19T02:40:00Z,214.10156,226.05469,228.16406,225.35156,233.4375,233.08594,233.78906,234.84375,233.4375,236.95313,229.21875,229.57031,9.84375,7.85156,10.13672,10.89844,10.19531,11.66016,12.01172,12.53906,13.125,13.88672,14.47266,14.88281,14.53125,0.140381,0.118408,0.108643,0.087891,0.098877,0.089111,0.079346,0.115967,0.12207,0.097656,0.124512
2017-02-19T02:50:00Z,216.91406,228.86719,232.03125,228.86719,233.08594,228.51563,235.54688,234.84375,238.00781,238.00781,240.46875,239.0625,10.13672,8.14453,9.90234,10.54688,10.42969,11.36719,11.77734,12.77344,13.71094,14.35547,14.35547,14.76563,15.46875,0.133057,0.096436,0.128174,0.080566,0.096436,0.102539,0.112305,0.10498,0.129395,0.117188,0.085449
2017-02-19T03:00:00Z,220.78125,234.14063,233.78906,233.4375,232.73438,236.95313,238.00781,238.35938,240.46875,239.76563,240.11719,240.46875,9.84375,8.08594,10.01953,10.60547,10.72266,11.30859,12.1875,12.77344,13.41797,13.94531,14.12109,14.58984,14.76563,0.112305,0.131836,0.112305,0.111084,0.078125,0.107422,0.118408,0.108643,0.117188,0.113525,0.10376
2017-02-19T03:10:00Z,221.13281,233.4375,234.84375,235.54688,233.08594,235.54688,236.95313,240.11719,241.875,242.22656,239.41406,246.09375,9.55078,7.73438,9.55078,10.19531,10.19531,11.30859,11.71875,12.65625,13.24219,13.41797,13.71094,14.47266,14.64844,0.090332,0.135498,0.10376,0.106201,0.089111,0.124512,0.078125,0.098877,0.106201,0.096436,0.093994
2017-02-19T03:20:00Z,219.72656,231.67969,232.73438,231.67969,234.14063,233.78906,237.30469,239.41406,234.84375,237.30469,242.92969,236.60156,9.72656,8.14453,10.19531,11.01563,10.42969,11.60156,12.12891,12.65625,13.35938,14.0625,14.70703,15.0,15.23438,0.097656,0.10376,0.098877,0.093994,0.106201,0.093994,0.092773,0.076904,0.109863,0.093994,0.076904
2017-02-19T03:30:00Z,220.42969,233.78906,233.78906,234.14063,234.14063,236.60156,237.30469,241.17188,244.33594,241.17188,240.82031,240.11719,9.90234,7.79297,10.01953,10.42969,10.3125,11.19141,12.12891,13.24219,13.88672,14.12109,14.47266,14.76563,15.23438,0.13916,0.12085,0.133057,0.102539,0.12207,0.095215,0.112305,0.101318,0.078125,0.098877,0.102539
2017-02-19T03:40:00Z,221.13281,231.67969,232.73438,231.32813,236.60156,234.14063,239.41406,242.57813,239.41406,242.57813,242.57813,245.74219,9.43359,7.91016,10.19531,10.60547,10.66406,11.19141,11.95313,12.83203,13.65234,14.41406,15.05859,15.70313,15.46875,0.096436,0.10498,0.101318,0.100098,0.12207,0.090332,0.097656,0.10376,0.12207,0.095215,0.090332
2017-02-19T03:50:00Z,223.24219,236.95313,235.89844,232.38281,233.78906,235.54688,238.71094,240.82031,240.82031,241.17188,245.39063,239.76563,9.49219,7.73438,10.07813,10.25391,10.72266,11.25,12.36328,13.24219,14.00391,14.41406,14.70703,15.0,15.70313,0.12207,0.10376,0.112305,0.096436,0.102539,0.118408,0.084229,0.107422,0.115967,0.109863,0.102539
2017-02-19T04:00:00Z,222.53906,228.16406,230.625,230.97656,234.84375,231.32813,236.95313,237.30469,238.71094,239.0625,242.92969,243.63281,9.72656,7.79297,10.25391,10.89844,10.66406,11.48438,12.42188,12.83203,13.65234,14.35547,14.76563,15.29297,15.41016,0.114746,0.114746,0.114746,0.100098,0.100098,0.136719,0.096436,0.113525,0.106201,0.10376,0.091553
2017-02-19T04:10:00Z,220.78125,226.40625,227.10938,226.05469,229.21875,227.46094,231.32813,235.54688,235.19531,236.60156,239.76563,240.46875,9.55078,7.79297,10.19531,10.66406,10.78125,11.42578,12.48047,13.41797,14.12109,14.35547,14.64844,15.29297,15.11719,0.113525,0.123291,0.117188,0.119629,0.100098,0.097656,0.108643,0.107422,0.130615,0.125732,0.118408
2017-02-19T04:20:00Z,218.32031,218.67188,220.07813,221.83594,221.13281,225.70313,228.16406,230.97656,232.38281,235.19531,233.78906,235.54688,9.78516,8.26172,10.37109,10.60547,11.25,11.60156,12.53906,13.71094,14.29688,14.82422,14.70703,15.76172,16.34766,0.090332,0.129395,0.113525,0.100098,0.087891,0.092773,0.078125,0.112305,0.125732,0.078125,0.106201
2017-02-19T04:30:00Z,217.26563,215.85938,219.02344,217.26563,219.375,222.53906,223.94531,225.70313,230.27344,230.27344,231.32813,235.54688,10.01953,8.14453,10.42969,10.95703,10.89844,11.60156,12.89063,13.71094,14.70703,14.70703,15.17578,15.9375,16.05469,0.090332,0.112305,0.114746,0.141602,0.091553,0.10498,0.089111,0.107422,0.097656,0.107422,0.08667
2017-02-19T04:40:00Z,224.29688,228.16406,225.35156,224.64844,227.46094,225.0,225.35156,226.40625,231.67969,230.97656,231.67969,232.73438,10.3125,8.37891,10.48828,11.07422,11.42578,11.83594,12.59766,13.82813,15.0,15.29297,15.0,15.29297,15.64453,0.118408,0.12207,0.093994,0.10376,0.085449,0.08667,0.065918,0.078125,0.119629,0.126953,0.093994
2017-02-19T04:50:00Z,226.05469,227.46094,228.86719,226.40625,230.625,229.21875,228.16406,230.27344,231.67969,233.08594,234.84375,234.49219,11.07422,8.49609,10.72266,11.19141,11.19141,11.60156,12.12891,13.35938,14.0625,14.94141,14.82422,15.0,14.41406,0.130615,0.113525,0.114746,0.144043,0.124512,0.109863,0.117188,0.113525,0.100098,0.145264,0.133057
2017-02-19T05:00:00Z,225.35156,226.75781,225.70313,225.0,226.40625,228.86719,228.16406,224.29688,230.97656,232.38281,235.54688,235.89844,11.19141,8.90625,10.95703,11.42578,11.54297,12.42188,13.18359,13.53516,14.41406,14.94141,15.46875,15.58594,15.58594,0.12207,0.125732,0.12207,0.155029,0.124512,0.144043,0.146484,0.131836,0.095215,0.114746,0.131836
2017-02-19T05:10:00Z,222.1875,222.89063,222.89063,220.78125,223.94531,224.29688,226.05469,229.21875,229.57031,230.27344,232.38281,232.03125,11.36719,9.19922,11.95313,12.01172,12.30469,12.53906,13.41797,14.76563,14.88281,15.17578,15.52734,15.87891,15.87891,0.084229,0.124512,0.111084,0.118408,0.129395,0.10498,0.10498,0.091553,0.112305,0.112305,0.079346
2017-02-19T05:20:00Z,223.24219,221.13281,221.13281,220.78125,226.40625,225.70313,227.46094,229.57031,230.97656,230.97656,230.625,230.27344,11.42578,9.08203,10.89844,11.77734,11.66016,12.59766,13.53516,13.65234,14.53125,14.94141,15.23438,15.41016,16.11328,0.145264,0.134277,0.159912,0.111084,0.144043,0.109863,0.119629,0.12085,0.111084,0.142822,0.12085
2017-02-19T05:30:00Z,223.24219,224.29688,223.24219,224.29688,225.35156,227.46094,225.0,226.40625,228.51563,229.92188,229.21875,228.16406,11.48438,9.25781,11.01563,11.95313,11.77734,12.83203,13.47656,14.12109,14.82422,15.23438,15.23438,15.11719,15.41016,0.124512,0.137939,0.123291,0.117188,0.098877,0.123291,0.10498,0.101318,0.091553,0.119629,0.095215
2017-02-19T05:40:00Z,222.1875,222.1875,222.1875,221.83594,222.53906,221.83594,221.48438,225.0,228.51563,228.16406,232.38281,229.57031,11.89453,9.31641,11.71875,12.12891,12.42188,12.71484,13.71094,14.53125,14.76563,15.76172,16.05469,16.28906,15.70313,0.134277,0.145264,0.134277,0.133057,0.112305,0.114746,0.135498,0.113525,0.141602,0.131836,0.128174
2017-02-19T05:50:00Z,219.02344,216.91406,218.67188,216.5625,223.24219,223.24219,223.59375,225.70313,225.70313,227.46094,229.21875,227.10938,11.07422,8.96484,11.48438,11.89453,11.25,12.89063,12.77344,13.59375,14.12109,15.46875,15.76172,15.99609,15.70313,0.142822,0.107422,0.13916,0.13916,0.118408,0.12207,0.152588,0.101318,0.091553,0.141602,0.133057
2017-02-19T06:00:00Z,220.42969,220.78125,220.78125,220.78125,222.89063,220.78125,223.94531,222.89063,228.16406,229.92188,230.97656,228.51563,10.95703,8.96484,10.95703,11.42578,11.66016,12.65625,13.18359,13.30078,14.23828,15.17578,15.64453,15.17578,15.35156,0.108643,0.115967,0.111084,0.10498,0.129395,0.13916,0.117188,0.123291,0.107422,0.115967,0.111084
2017-02-19T06:10:00Z,219.72656,218.67188,216.91406,220.07813,218.32031,222.1875,222.1875,227.10938,229.21875,231.32813,232.73438,232.73438,11.30859,8.84766,10.78125,11.30859,11.48438,12.42188,13.24219,13.53516,13.88672,14.64844,15.23438,15.11719,15.41016,0.163574,0.101318,0.10498,0.114746,0.10498,0.10376,0.100098,0.108643,0.090332,0.10376,0.111084
2017-02-19T06:20:00Z,219.02344,218.32031,220.07813,221.83594,219.72656,223.24219,223.59375,226.05469,226.05469,228.51563,228.51563,227.46094,10.72266,8.78906,10.83984,11.48438,11.13281,12.42188,12.71484,13.41797,13.82813,14.29688,14.76563,14.94141,14.88281,0.113525,0.129395,0.118408,0.06958,0.091553,0.10498,0.097656,0.100098,0.080566,0.10498,0.10498
2017-02-19T06:30:00Z,217.61719,217.26563,216.91406,217.26563,219.72656,221.13281,223.24219,223.94531,226.40625,227.8125,229.21875,230.97656,11.30859,9.25781,11.07422,11.30859,11.36719,12.42188,12.83203,13.53516,13.71094,13.82813,14.64844,14.70703,14.88281,0.109863,0.102539,0.111084,0.102539,0.10498,0.065918,0.090332,0.118408,0.112305,0.107422,0.118408
2017-02-19T06:40:00Z,219.375,216.21094,219.02344,218.32031,217.96875,219.72656,223.59375,226.05469,226.75781,228.86719,229.92188,229.92188,10.72266,8.67188,10.72266,11.13281,11.13281,12.24609,13.06641,13.82813,13.94531,14.00391,14.12109,15.05859,15.0,0.126953,0.141602,0.083008,0.10498,0.101318,0.096436,0.129395,0.129395,0.128174,0.137939,0.095215
2017-02-19T06:50:00Z,222.53906,221.13281,221.13281,221.48438,223.59375,224.64844,226.75781,226.75781,229.57031,229.57031,234.84375,235.54688,10.13672,8.32031,10.72266,10.78125,10.72266,11.30859,11.60156,13.00781,13.88672,14.41406,14.70703,14.82422,14.35547,0.10376,0.08667,0.101318,0.109863,0.136719,0.096436,0.101318,0.129395,0.126953,0.087891,0.098877
2017-02-19T07:00:00Z,221.13281,221.13281,222.1875,220.07813,223.24219,225.0,227.10938,228.51563,228.16406,230.97656,233.4375,233.78906,10.42969,8.78906,10.78125,11.19141,11.48438,11.95313,12.65625,13.18359,13.65234,14.12109,14.47266,14.58984,14.47266,0.118408,0.101318,0.12207,0.115967,0.095215,0.096436,0.123291,0.107422,0.079346,0.089111,0.097656
2017-02-19T07:10:00Z,219.72656,218.32031,217.61719,218.32031,217.96875,223.24219,227.10938,227.46094,227.8125,229.57031,233.78906,235.19531,9.96094,8.37891,10.42969,10.95703,11.01563,11.95313,12.71484,13.18359,13.18359,14.17969,14.47266,14.17969,14.29688,0.133057,0.08667,0.12207,0.106201,0.111084,0.096436,0.098877,0.10498,0.130615,0.102539,0.106201
2017-02-19T07:20:00Z,220.78125,220.42969,218.67188,220.07813,220.07813,222.89063,226.05469,229.92188,231.32813,231.32813,231.67969,234.14063,10.19531,8.49609,10.37109,10.95703,10.66406,11.66016,12.71484,12.94922,13.53516,13.47656,13.82813,14.00391,14.0625,0.115967,0.102539,0.095215,0.113525,0.078125,0.085449,0.106201,0.101318,0.083008,0.070801,0.101318
2017-02-19T07:30:00Z,221.48438,219.375,220.42969,220.78125,223.24219,226.05469,228.16406,230.625,230.625,230.625,235.19531,234.84375,9.66797,8.4375,10.42969,11.01563,10.66406,12.12891,12.53906,13.18359,13.53516,13.41797,14.29688,14.47266,14.35547,0.10498,0.124512,0.106201,0.096436,0.114746,0.098877,0.080566,0.075684,0.100098,0.107422,0.113525
2017-02-19T07:40:00Z,221.83594,221.83594,221.83594,223.94531,221.83594,226.75781,230.27344,231.67969,233.4375,233.08594,238.00781,241.17188,9.96094,8.08594,10.01953,10.60547,10.83984,11.71875,12.59766,12.89063,13.30078,13.47656,13.88672,14.35547,14.53125,0.107422,0.08667,0.112305,0.084229,0.083008,0.085449,0.076904,0.10376,0.097656,0.091553,0.107422
2017-02-19T07:50:00Z,224.29688,223.94531,224.29688,223.24219,225.35156,228.51563,228.51563,232.73438,238.71094,238.00781,240.11719,240.82031,9.31641,7.85156,10.07813,10.54688,10.66406,11.36719,11.77734,12.71484,13.35938,13.59375,13.65234,13.53516,13.76953,0.080566,0.085449,0.080566,0.10376,0.098877,0.081787,0.083008,0.080566,0.085449,0.096436,0.111084
2017-02-19T08:00:00Z,226.40625,225.70313,225.35156,226.05469,225.35156,230.625,233.08594,234.84375,236.25,240.46875,241.52344,242.22656,9.78516,8.20313,10.19531,10.89844,10.66406,11.30859,11.71875,12.30469,12.71484,13.30078,13.59375,13.06641,13.06641,0.093994,0.10498,0.072021,0.109863,0.10376,0.090332,0.109863,0.075684,0.090332,0.083008,0.08667
2017-02-19T08:10:00Z,224.29688,225.35156,226.05469,224.64844,228.16406,232.38281,233.08594,233.4375,238.71094,241.17188,243.28125,243.63281,9.14063,7.73438,10.25391,10.60547,10.54688,11.19141,11.54297,11.89453,12.83203,13.24219,13.24219,13.125,13.30078,0.109863,0.089111,0.10498,0.062256,0.106201,0.081787,0.065918,0.075684,0.098877,0.100098,0.080566
2017-02-19T09:20:00Z,234.49219,232.38281,234.14063,235.89844,238.00781,242.92969,246.09375,248.90625,253.82813,255.58594,242.22656,246.79688,7.79297,6.38672,8.84766,9.60938,9.66797,10.25391,10.89844,11.13281,11.83594,12.24609,12.12891,12.65625,12.71484,0.130615,0.107422,0.085449,0.062256,0.119629,0.083008,0.090332,0.081787,0.101318,0.101318,0.10498
2017-02-19T09:30:00Z,230.625,235.54688,240.11719,237.30469,243.98438,248.55469,251.01563,254.17969,257.34375,258.75,260.85938,262.26563,8.61328,6.85547,8.61328,9.49219,9.43359,10.13672,10.48828,10.66406,11.19141,11.77734,12.01172,12.42188,12.53906,0.083008,0.134277,0.078125,0.095215,0.097656,0.150146,0.115967,0.102539,0.109863,0.091553,0.090332
2017-02-19T09:40:00Z,235.19531,242.92969,243.63281,243.28125,248.55469,253.125,256.99219,257.34375,260.15625,261.21094,262.61719,262.61719,7.61719,6.38672,8.73047,9.25781,9.19922,9.78516,9.90234,10.42969,10.78125,11.30859,11.54297,11.71875,11.83594,0.096436,0.114746,0.106201,0.124512,0.108643,0.108643,0.10376,0.097656,0.091553,0.106201,0.106201
2017-02-19T09:50:00Z,240.46875,245.39063,249.60938,247.85156,252.07031,255.23438,256.28906,257.34375,262.96875,262.26563,261.5625,262.61719,7.61719,6.26953,8.26172,8.73047,8.78906,9.43359,10.19531,10.72266,11.42578,11.60156,11.60156,11.66016,12.12891,0.092773,0.113525,0.092773,0.107422,0.087891,0.109863,0.084229,0.078125,0.108643,0.10498,0.090332
2017-02-19T10:00:00Z,241.52344,247.14844,248.55469,248.55469,251.71875,253.125,254.88281,257.34375,259.10156,261.21094,264.72656,266.13281,7.26563,6.09375,8.67188,9.14063,8.84766,10.01953,10.48828,11.01563,11.13281,11.42578,11.83594,11.89453,11.89453,0.097656,0.084229,0.119629,0.124512,0.100098,0.080566,0.096436,0.092773,0.063477,0.081787,0.078125
2017-02-19T10:10:00Z,244.33594,240.11719,244.33594,245.74219,249.96094,254.53125,258.04688,259.10156,258.39844,261.91406,265.42969,264.72656,7.79297,6.26953,8.55469,9.25781,9.08203,9.78516,10.19531,10.48828,10.83984,11.19141,11.83594,11.60156,11.71875,0.079346,0.091553,0.115967,0.106201,0.093994,0.100098,0.107422,0.097656,0.093994,0.093994,0.079346
2017-02-19T10:20:00Z,241.52344,248.90625,247.5,248.90625,252.07031,253.125,254.53125,258.75,261.91406,262.26563,266.83594,265.78125,7.38281,6.09375,8.08594,8.61328,8.61328,9.14063,9.72656,10.83984,11.19141,11.13281,11.36719,11.60156,11.60156,0.097656,0.10498,0.111084,0.109863,0.108643,0.109863,0.115967,0.102539,0.101318,0.128174,0.145264
2017-02-19T10:30:00Z,245.74219,248.90625,251.01563,251.01563,254.53125,257.69531,258.75,261.5625,265.07813,267.1875,269.29688,272.10938,7.26563,5.74219,8.37891,8.96484,8.67188,9.84375,10.3125,10.95703,11.25,11.48438,11.19141,11.66016,11.48438,0.13916,0.096436,0.098877,0.081787,0.107422,0.10498,0.075684,0.081787,0.108643,0.10498,0.114746
2017-02-19T10:40:00Z,249.60938,252.42188,253.125,252.07031,255.9375,256.99219,260.15625,260.15625,262.61719,267.89063,266.48438,269.64844,7.73438,5.80078,8.4375,8.96484,9.02344,9.78516,10.37109,11.19141,11.54297,12.07031,11.66016,11.83594,11.95313,0.10498,0.134277,0.111084,0.146484,0.119629,0.147705,0.124512,0.115967,0.142822,0.098877,0.087891
2017-02-19T10:50:00Z,248.55469,248.20313,250.3125,248.90625,252.77344,258.39844,260.15625,264.375,267.53906,267.1875,269.64844,268.24219,7.5,6.03516,8.26172,8.90625,8.84766,9.78516,10.60547,11.01563,11.36719,11.66016,11.66016,11.36719,11.89453,0.136719,0.10498,0.130615,0.123291,0.12207,0.098877,0.128174,0.098877,0.092773,0.114746,0.096436
2017-02-19T11:00:00Z,247.5,252.77344,254.17969,253.47656,254.53125,259.10156,262.26563,265.07813,266.48438,269.64844,273.16406,270.70313,7.08984,5.85938,8.49609,9.02344,8.90625,10.19531,10.72266,10.95703,11.07422,11.07422,11.66016,11.71875,11.95313,0.119629,0.107422,0.10498,0.08667,0.084229,0.085449,0.102539,0.097656,0.090332,0.100098,0.12207
2017-02-19T11:10:00Z,252.77344,253.47656,257.34375,257.69531,259.45313,261.5625,264.72656,266.83594,270.70313,270.70313,273.86719,275.625,7.08984,5.97656,8.26172,9.02344,9.19922,9.96094,10.54688,10.72266,11.19141,10.89844,11.19141,11.83594,12.24609,0.124512,0.118408,0.125732,0.15625,0.089111,0.090332,0.123291,0.108643,0.08667,0.111084,0.123291
2017-02-19T11:20:00Z,255.58594,255.23438,256.64063,256.28906,260.50781,266.13281,268.59375,270.70313,272.46094,277.73438,276.67969,283.71094,7.38281,5.97656,8.08594,8.84766,8.73047,9.84375,10.01953,10.54688,11.01563,11.13281,11.36719,11.71875,12.12891,0.115967,0.108643,0.13916,0.091553,0.118408,0.108643,0.115967,0.115967,0.075684,0.117188,0.090332
2017-02-19T11:30:00Z,254.17969,254.88281,258.75,257.69531,261.21094,268.24219,271.05469,275.625,276.67969,283.71094,286.17188,283.71094,7.08984,5.85938,8.14453,8.61328,8.55469,9.43359,9.96094,10.01953,10.37109,10.95703,11.13281,11.54297,11.13281,0.097656,0.102539,0.115967,0.093994,0.10498,0.112305,0.092773,0.10376,0.119629,0.075684,0.101318
2017-02-19T11:40:00Z,255.58594,257.69531,259.45313,257.34375,264.375,268.59375,271.40625,274.57031,277.38281,278.4375,282.65625,282.65625,7.5,5.50781,7.73438,8.37891,8.4375,9.08203,9.375,9.78516,10.48828,10.95703,11.36719,11.01563,10.78125,0.087891,0.155029,0.100098,0.126953,0.109863,0.081787,0.081787,0.084229,0.115967,0.089111,0.093994
2017-02-19T11:50:00Z,255.9375,258.04688,260.50781,258.39844,264.72656,269.29688,272.10938,272.8125,279.14063,280.19531,279.14063,284.76563,6.50391,5.15625,7.61719,8.55469,8.4375,8.96484,9.43359,9.84375,10.42969,10.95703,11.01563,11.30859,11.36719,0.091553,0.112305,0.10498,0.093994,0.117188,0.095215,0.090332,0.091553,0.114746,0.093994,0.096436
2017-02-19T12:00:00Z,256.28906,260.85938,261.91406,262.26563,268.24219,272.8125,278.4375,278.78906,283.71094,284.0625,281.25,284.76563,6.32813,5.09766,7.38281,8.02734,7.85156,8.78906,9.08203,9.72656,10.37109,10.42969,10.3125,10.13672,10.37109,0.117188,0.080566,0.090332,0.100098,0.101318,0.079346,0.107422,0.12085,0.100098,0.096436,0.111084
2017-02-19T12:10:00Z,256.28906,262.26563,264.72656,261.91406,270.35156,272.8125,274.21875,279.14063,279.49219,282.65625,283.71094,283.71094,6.15234,4.98047,7.38281,7.91016,7.79297,8.32031,8.73047,9.49219,9.90234,10.07813,9.78516,9.96094,10.07813,0.106201,0.109863,0.100098,0.085449,0.107422,0.100098,0.091553,0.095215,0.112305,0.087891,0.10498
2017-02-19T12:20:00Z,257.34375,269.29688,268.94531,268.59375,272.10938,272.8125,276.67969,277.03125,275.27344,278.78906,280.89844,284.0625,6.03516,4.98047,7.20703,7.85156,7.91016,8.37891,8.78906,8.78906,8.78906,8.96484,9.19922,9.55078,9.43359,0.126953,0.084229,0.10376,0.108643,0.137939,0.119629,0.146484,0.115967,0.119629,0.083008,0.106201
2017-02-19T12:30:00Z,259.10156,262.61719,264.72656,264.375,263.32031,267.89063,269.64844,272.10938,277.03125,277.03125,278.78906,271.75781,5.97656,4.51172,7.26563,7.38281,7.67578,7.96875,8.37891,8.96484,9.14063,9.49219,9.43359,10.19531,10.42969,0.095215,0.113525,0.12207,0.134277,0.081787,0.074463,0.083008,0.079346,0.095215,0.101318,0.091553
2017-02-19T12:40:00Z,250.3125,258.39844,259.45313,258.04688,264.375,262.61719,259.45313,266.48438,265.78125,266.48438,242.22656,320.97656,5.33203,4.33594,6.97266,7.5,7.67578,8.14453,8.67188,9.08203,9.49219,9.78516,10.37109,10.66406,10.48828,0.102539,0.10498,0.070801,0.081787,0.095215,0.081787,0.102539,0.087891,0.10376,0.078125,0.085449
2017-02-19T12:50:00Z,240.46875,259.10156,261.91406,259.80469,266.83594,271.05469,271.05469,272.8125,200.39063,274.92188,214.80469,304.80469,5.80078,4.57031,7.14844,7.79297,7.55859,8.61328,9.02344,9.66797,10.07813,10.60547,10.60547,10.66406,10.66406,0.089111,0.073242,0.096436,0.08667,0.093994,0.080566,0.067139,0.087891,0.067139,0.081787,0.079346
2017-02-19T13:00:00Z,242.57813,262.26563,258.75,261.91406,267.1875,271.40625,273.86719,271.05469,271.75781,232.03125,155.39063,305.85938,6.03516,4.6875,7.44141,7.96875,8.20313,8.73047,9.55078,10.01953,10.66406,10.89844,10.95703,10.37109,10.66406,0.083008,0.113525,0.091553,0.10498,0.102539,0.111084,0.102539,0.097656,0.102539,0.095215,0.096436
2017-02-19T13:10:00Z,243.63281,266.48438,267.89063,268.59375,271.05469,272.46094,276.67969,280.19531,275.97656,273.16406,264.72656,264.375,6.44531,5.09766,8.08594,8.61328,8.73047,9.43359,10.3125,10.95703,11.01563,10.83984,11.07422,11.30859,11.36719,0.117188,0.056152,0.101318,0.085449,0.084229,0.063477,0.06958,0.091553,0.073242,0.070801,0.081787
2017-02-19T13:20:00Z,251.36719,265.42969,267.53906,265.42969,269.64844,271.05469,274.57031,276.32813,280.19531,278.78906,276.67969,282.65625,6.38672,5.27344,7.96875,8.84766,8.37891,9.43359,9.72656,10.25391,10.72266,10.66406,10.60547,11.07422,11.42578,0.106201,0.10498,0.111084,0.113525,0.092773,0.10376,0.096436,0.08667,0.079346,0.097656,0.087891
2017-02-19T13:30:00Z,252.77344,262.61719,262.96875,266.83594,264.02344,270.35156,274.57031,275.97656,277.03125,281.95313,282.30469,281.95313,7.20703,5.50781,7.61719,8.73047,8.55469,9.375,10.13672,9.96094,10.19531,10.60547,11.01563,11.25,11.71875,0.134277,0.098877,0.085449,0.10498,0.090332,0.097656,0.095215,0.096436,0.098877,0.081787,0.097656
2017-02-19T13:40:00Z,254.53125,268.24219,271.05469,270.0,274.21875,277.73438,280.89844,281.25,279.49219,283.00781,277.73438,266.48438,7.08984,5.68359,8.20313,8.61328,8.78906,9.14063,9.84375,10.48828,11.30859,11.71875,12.07031,12.1875,12.71484,0.072021,0.101318,0.097656,0.085449,0.112305,0.107422,0.090332,0.093994,0.100098,0.102539,0.075684
2017-02-19T13:50:00Z,258.04688,265.78125,268.24219,267.89063,270.70313,276.67969,281.60156,284.0625,285.11719,287.22656,285.11719,284.76563,6.91406,5.625,7.85156,8.37891,8.4375,9.55078,10.37109,11.36719,11.95313,12.42188,12.48047,12.53906,12.71484,0.098877,0.101318,0.106201,0.068359,0.065918,0.070801,0.080566,0.073242,0.080566,0.068359,0.080566
2017-02-19T14:00:00Z,255.58594,272.10938,272.46094,273.16406,276.32813,278.08594,282.65625,286.875,285.11719,282.65625,287.22656,269.29688,6.85547,5.33203,7.73438,8.55469,8.73047,9.66797,10.89844,11.66016,12.36328,12.71484,13.06641,13.125,13.35938,0.092773,0.089111,0.080566,0.090332,0.079346,0.068359,0.072021,0.089111,0.079346,0.090332,0.083008
2017-02-19T14:10:00Z,260.15625,274.21875,278.08594,274.92188,280.19531,281.95313,282.30469,290.39063,290.39063,291.79688,289.6875,273.16406,6.50391,5.27344,7.73438,8.37891,8.37891,9.25781,10.25391,11.42578,12.42188,12.65625,12.71484,13.00781,12.77344,0.056152,0.089111,0.117188,0.131836,0.093994,0.097656,0.083008,0.102539,0.096436,0.10376,0.076904
2017-02-19T14:20:00Z,262.26563,269.64844,274.21875,270.35156,275.27344,280.54688,283.35938,285.46875,280.19531,289.33594,331.875,318.16406,6.26953,4.98047,6.85547,7.67578,7.5,8.96484,10.07813,10.48828,10.60547,11.54297,12.01172,12.1875,11.89453,0.075684,0.085449,0.093994,0.117188,0.087891,0.115967,0.148926,0.090332,0.090332,0.096436,0.073242
2017-02-19T14:30:00Z,255.9375,267.1875,269.29688,268.24219,271.40625,276.67969,275.97656,265.07813,232.38281,257.69531,326.60156,234.84375,5.97656,4.51172,7.03125,7.61719,7.67578,8.84766,9.72656,10.42969,11.25,11.71875,11.66016,11.30859,11.42578,0.10376,0.081787,0.084229,0.091553,0.093994,0.081787,0.098877,0.079346,0.084229,0.083008,0.074463
2017-02-19T14:40:00Z,254.53125,266.83594,269.29688,268.94531,277.03125,281.60156,285.46875,272.46094,210.9375,275.97656,276.32813,286.52344,5.27344,4.39453,7.03125,8.08594,8.08594,9.19922,10.37109,11.36719,12.07031,12.01172,11.66016,11.54297,11.95313,0.079346,0.097656,0.079346,0.096436,0.065918,0.076904,0.078125,0.063477,0.079346,0.074463,0.089111
2017-02-19T14:50:00Z,256.28906,264.72656,265.42969,270.70313,272.46094,277.73438,279.84375,284.41406,240.46875,270.70313,333.28125,254.17969,5.50781,4.57031,6.79688,7.91016,7.61719,9.19922,10.42969,11.13281,11.30859,11.19141,11.36719,11.60156,11.66016,0.119629,0.093994,0.098877,0.081787,0.078125,0.078125,0.074463,0.057373,0.085449,0.08667,0.064697
2017-02-19T15:00:00Z,255.58594,268.24219,272.46094,269.29688,275.27344,276.32813,277.38281,278.78906,287.22656,270.0,205.66406,332.22656,5.33203,4.39453,7.32422,8.26172,7.91016,9.31641,10.13672,10.83984,11.13281,11.25,11.42578,11.48438,11.30859,0.084229,0.091553,0.083008,0.085449,0.087891,0.084229,0.100098,0.109863,0.080566,0.085449,0.083008
2017-02-19T15:10:00Z,256.28906,264.02344,267.89063,270.35156,263.32031,269.29688,276.67969,255.58594,198.98438,236.60156,191.25,315.35156,5.50781,4.6875,6.79688,7.26563,7.5,8.08594,9.55078,10.66406,10.89844,11.07422,11.07422,11.25,11.19141,0.081787,0.12085,0.073242,0.076904,0.078125,0.091553,0.059814,0.083008,0.092773,0.093994,0.08667
2017-02-19T15:20:00Z,252.77344,260.50781,267.53906,264.02344,268.94531,268.94531,270.0,181.75781,179.29688,315.35156,330.82031,318.51563,5.27344,4.16016,7.03125,7.79297,7.67578,8.96484,10.01953,10.54688,11.01563,11.07422,11.48438,11.66016,11.48438,0.108643,0.107422,0.123291,0.101318,0.090332,0.074463,0.084229,0.079346,0.087891,0.087891,0.087891
2017-02-19T15:30:00Z,253.125,271.40625,272.10938,271.40625,273.51563,277.03125,283.71094,278.78906,281.25,269.64844,171.21094,191.25,5.27344,4.27734,6.85547,7.44141,7.67578,8.84766,9.84375,10.3125,10.3125,10.48828,11.01563,11.19141,11.01563,0.080566,0.078125,0.106201,0.080566,0.083008,0.101318,0.085449,0.095215,0.064697,0.096436,0.076904
2017-02-19T15:40:00Z,256.28906,272.10938,270.35156,273.51563,274.92188,278.4375,283.71094,285.11719,283.71094,289.33594,175.42969,248.90625,5.15625,4.27734,7.03125,7.91016,7.91016,8.96484,9.66797,10.25391,10.48828,10.78125,10.66406,10.72266,10.89844,0.10498,0.075684,0.083008,0.098877,0.098877,0.061035,0.106201,0.101318,0.070801,0.064697,0.091553
2017-02-19T15:50:00Z,257.34375,265.78125,271.75781,271.05469,274.57031,275.27344,282.30469,284.76563,260.85938,287.57813,257.34375,270.0,5.33203,4.39453,6.79688,7.67578,7.44141,8.73047,9.66797,10.19531,10.54688,10.66406,10.83984,10.72266,10.54688,0.083008,0.075684,0.068359,0.061035,0.075684,0.085449,0.076904,0.080566,0.101318,0.08667,0.072021
2017-02-19T16:00:00Z,255.58594,270.70313,268.59375,268.94531,272.8125,279.14063,280.19531,279.14063,271.05469,276.67969,213.04688,212.34375,5.09766,4.16016,6.50391,7.14844,7.14844,8.37891,9.43359,10.01953,10.42969,10.48828,10.60547,10.66406,10.83984,0.083008,0.084229,0.083008,0.096436,0.089111,0.075684,0.089111,0.078125,0.080566,0.093994,0.080566
2017-02-19T17:10:00Z,234.14063,251.71875,259.10156,260.50781,260.85938,268.24219,302.34375,319.21875,300.23438,307.96875,299.17969,304.10156,3.80859,3.16406,5.39063,5.97656,6.09375,7.08984,8.20313,9.02344,9.66797,9.66797,9.375,8.96484,8.96484,0.089111,0.091553,0.095215,0.078125,0.074463,0.076904,0.065918,0.061035,0.098877,0.101318,0.083008
2017-02-19T17:20:00Z,236.25,246.79688,253.125,249.60938,258.04688,294.96094,281.95313,290.39063,293.20313,291.79688,296.36719,292.5,3.86719,3.16406,5.15625,5.74219,5.56641,6.44531,7.61719,8.55469,9.14063,9.19922,9.375,8.78906,8.78906,0.112305,0.109863,0.106201,0.080566,0.062256,0.102539,0.089111,0.083008,0.084229,0.091553,0.070801
2017-02-19T17:30:00Z,226.75781,240.46875,247.14844,243.28125,253.82813,244.6875,291.79688,285.46875,286.875,291.09375,290.39063,291.09375,3.75,3.04688,5.09766,5.56641,5.625,6.26953,7.61719,8.78906,9.375,9.31641,9.25781,8.90625,8.73047,0.10498,0.096436,0.096436,0.102539,0.091553,0.08667,0.079346,0.070801,0.064697,0.091553,0.075684
2017-02-19T17:40:00Z,220.78125,239.76563,244.6875,242.92969,249.96094,254.53125,163.47656,281.95313,284.0625,285.11719,288.28125,287.22656,3.98438,3.16406,5.85938,5.85938,5.85938,6.44531,7.08984,8.20313,8.96484,9.375,9.25781,8.90625,8.61328,0.10498,0.118408,0.089111,0.113525,0.10498,0.074463,0.072021,0.08667,0.106201,0.102539,0.093994
2017-02-19T17:50:00Z,221.83594,243.63281,249.60938,246.09375,255.9375,261.5625,288.63281,241.875,281.60156,292.85156,284.41406,293.90625,4.21875,3.45703,6.03516,6.38672,6.50391,7.20703,8.02734,8.90625,8.90625,8.73047,8.55469,8.55469,8.32031,0.087891,0.074463,0.081787,0.098877,0.067139,0.076904,0.083008,0.070801,0.068359,0.098877,0.075684
2017-02-19T18:00:00Z,227.46094,242.22656,248.55469,248.90625,254.53125,260.85938,253.47656,258.04688,283.00781,280.89844,283.00781,284.0625,4.10156,3.39844,6.03516,6.73828,6.67969,7.55859,8.4375,8.78906,8.73047,8.49609,8.49609,8.14453,8.20313,0.097656,0.098877,0.108643,0.083008,0.074463,0.076904,0.091553,0.080566,0.075684,0.089111,0.081787
2017-02-19T18:10:00Z,226.05469,239.41406,247.85156,245.74219,256.64063,256.99219,290.03906,279.84375,294.25781,288.28125,285.82031,281.25,4.39453,3.69141,6.38672,6.97266,6.91406,7.61719,8.37891,8.73047,8.73047,8.37891,8.26172,8.32031,8.49609,0.12085,0.070801,0.10498,0.095215,0.08667,0.101318,0.097656,0.093994,0.108643,0.107422,0.080566
2017-02-19T18:20:00Z,227.8125,240.46875,249.60938,247.5,253.47656,261.21094,259.80469,267.1875,252.07031,229.57031,290.39063,290.03906,4.57031,3.80859,7.03125,7.67578,7.44141,8.02734,8.14453,8.4375,8.4375,8.37891,8.20313,8.4375,8.78906,0.091553,0.08667,0.075684,0.072021,0.096436,0.084229,0.100098,0.068359,0.091553,0.091553,0.08667
2017-02-19T18:30:00Z,231.32813,246.44531,253.47656,252.77344,260.15625,264.02344,261.21094,261.5625,296.01563,270.0,292.14844,297.42188,4.62891,3.92578,7.03125,7.73438,7.79297,8.14453,8.20313,8.08594,8.02734,7.79297,7.61719,8.02734,8.55469,0.081787,0.078125,0.070801,0.08667,0.098877,0.079346,0.081787,0.091553,0.070801,0.106201,0.114746
2017-02-19T18:40:00Z,233.78906,245.74219,250.66406,249.96094,258.04688,259.45313,256.28906,267.1875,268.24219,264.02344,210.23438,291.09375,4.6875,3.98438,7.14844,7.79297,7.73438,7.91016,8.08594,7.91016,7.91016,7.55859,7.38281,7.20703,7.79297,0.073242,0.098877,0.113525,0.098877,0.073242,0.090332,0.090332,0.087891,0.096436,0.100098,0.108643
2017-02-19T18:50:00Z,230.27344,235.54688,243.28125,240.82031,247.85156,306.5625,283.35938,276.32813,296.36719,274.57031,289.33594,287.92969,4.92188,4.10156,6.50391,7.26563,7.14844,7.96875,8.08594,7.85156,7.61719,7.32422,7.26563,7.38281,8.20313,0.114746,0.108643,0.101318,0.095215,0.10376,0.113525,0.107422,0.118408,0.115967,0.113525,0.10498
2017-02-19T19:00:00Z,217.96875,233.78906,242.22656,240.46875,251.36719,190.19531,279.84375,270.70313,269.64844,277.73438,281.25,289.6875,5.33203,3.92578,7.14844,7.73438,7.67578,7.73438,7.79297,7.55859,7.26563,7.20703,7.32422,7.5,8.02734,0.102539,0.057373,0.091553,0.113525,0.12085,0.131836,0.146484,0.131836,0.113525,0.117188,0.114746
2017-02-19T19:10:00Z,215.15625,236.25,242.92969,240.46875,243.28125,251.71875,180.70313,131.83594,205.3125,239.0625,247.5,298.82813,4.98047,4.33594,7.38281,7.85156,7.73438,8.26172,7.91016,7.61719,7.55859,7.44141,7.20703,7.08984,7.73438,0.072021,0.10498,0.079346,0.140381,0.145264,0.131836,0.117188,0.15625,0.101318,0.12085,0.136719
2017-02-19T19:20:00Z,217.26563,227.10938,230.625,233.4375,240.11719,242.57813,248.90625,248.20313,239.76563,177.89063,276.32813,281.95313,5.80078,4.92188,7.61719,8.37891,7.96875,8.84766,8.67188,8.26172,7.91016,7.61719,7.44141,7.38281,7.44141,0.080566,0.091553,0.08667,0.10376,0.12207,0.125732,0.140381,0.108643,0.130615,0.102539,0.093994
2017-02-19T19:30:00Z,213.39844,230.27344,235.89844,235.54688,243.98438,250.3125,253.47656,254.53125,250.66406,248.90625,253.47656,218.67188,6.44531,5.50781,8.14453,8.73047,8.96484,9.19922,9.43359,8.73047,8.4375,8.37891,8.4375,8.08594,8.08594,0.097656,0.109863,0.083008,0.092773,0.093994,0.125732,0.113525,0.090332,0.123291,0.111084,0.085449
2017-02-19T19:40:00Z,219.375,227.8125,233.4375,233.08594,239.76563,246.79688,249.60938,253.125,245.39063,255.58594,252.07031,144.84375,7.26563,5.68359,8.61328,9.08203,8.96484,9.25781,9.08203,8.73047,8.32031,8.26172,8.14453,7.96875,7.96875,0.093994,0.059814,0.106201,0.08667,0.085449,0.074463,0.102539,0.092773,0.083008,0.092773,0.114746
2017-02-19T19:50:00Z,220.07813,230.97656,236.60156,235.54688,242.57813,247.14844,253.125,255.9375,252.77344,256.64063,255.9375,284.76563,6.62109,5.56641,8.37891,9.02344,9.02344,9.25781,9.14063,8.61328,8.4375,8.37891,8.4375,8.20313,8.26172,0.101318,0.08667,0.090332,0.100098,0.084229,0.078125,0.097656,0.089111,0.08667,0.091553,0.097656
2017-02-19T20:00:00Z,222.89063,230.27344,234.14063,233.08594,242.92969,246.09375,249.60938,252.42188,255.23438,256.99219,302.69531,286.17188,6.67969,5.56641,7.91016,8.73047,8.67188,9.43359,9.25781,8.67188,8.55469,8.37891,8.61328,8.73047,9.08203,0.092773,0.068359,0.064697,0.089111,0.106201,0.115967,0.08667,0.084229,0.063477,0.096436,0.102539
2017-02-19T20:10:00Z,220.42969,232.03125,234.84375,235.54688,241.52344,246.79688,251.71875,253.82813,252.42188,255.58594,152.92969,298.47656,6.44531,5.50781,8.26172,9.08203,9.02344,10.3125,10.48828,10.37109,9.66797,9.55078,9.49219,8.78906,8.67188,0.090332,0.087891,0.073242,0.072021,0.095215,0.112305,0.095215,0.12085,0.109863,0.074463,0.08667
2017-02-19T20:20:00Z,225.0,229.21875,233.08594,233.08594,239.0625,245.03906,250.3125,251.36719,252.77344,254.53125,249.25781,184.57031,6.97266,5.56641,7.55859,8.4375,8.14453,9.49219,10.07813,10.25391,10.13672,10.01953,9.43359,9.08203,8.73047,0.107422,0.102539,0.097656,0.081787,0.098877,0.111084,0.089111,0.106201,0.096436,0.08667,0.111084
2017-02-19T20:30:00Z,225.0,232.38281,235.89844,235.19531,242.22656,248.55469,253.125,255.9375,257.34375,254.53125,253.47656,256.28906,6.21094,5.09766,6.97266,8.32031,7.91016,9.19922,10.25391,10.95703,11.30859,11.01563,10.54688,10.3125,10.37109,0.170898,0.126953,0.151367,0.098877,0.083008,0.070801,0.064697,0.085449,0.089111,0.113525,0.113525
2017-02-19T20:40:00Z,232.38281,236.25,239.41406,239.0625,242.92969,247.85156,253.47656,256.28906,254.53125,255.9375,253.125,254.88281,5.97656,4.57031,7.85156,8.84766,8.73047,9.84375,10.83984,11.25,11.07422,11.25,11.07422,11.07422,10.72266,0.081787,0.074463,0.074463,0.085449,0.068359,0.063477,0.093994,0.06958,0.080566,0.093994,0.093994
2017-02-19T20:50:00Z,227.8125,232.38281,236.60156,235.54688,242.92969,245.39063,253.125,253.47656,254.17969,254.88281,254.17969,255.9375,6.26953,5.39063,7.85156,8.61328,8.4375,9.60938,10.48828,10.19531,10.37109,10.07813,10.3125,10.19531,9.90234,0.05249,0.072021,0.05249,0.054932,0.079346,0.078125,0.089111,0.087891,0.100098,0.064697,0.053711
2017-02-19T21:00:00Z,224.64844,232.03125,234.84375,236.95313,241.52344,246.79688,249.96094,254.53125,255.9375,253.82813,256.64063,253.47656,6.09375,5.39063,7.55859,8.61328,8.49609,9.84375,10.54688,11.19141,11.01563,10.54688,10.25391,9.90234,9.84375,0.072021,0.076904,0.100098,0.054932,0.076904,0.076904,0.10376,0.091553,0.067139,0.067139,0.056152
2017-02-19T21:10:00Z,221.48438,232.38281,237.65625,236.60156,242.57813,246.09375,252.77344,255.23438,254.88281,254.53125,255.23438,256.28906,5.97656,5.09766,7.91016,8.67188,8.49609,9.72656,10.60547,11.42578,10.42969,9.78516,9.78516,9.72656,9.72656,0.081787,0.096436,0.061035,0.061035,0.074463,0.072021,0.084229,0.068359,0.095215,0.078125,0.06958
2017-02-19T21:20:00Z,225.70313,233.4375,237.30469,237.30469,245.03906,250.3125,253.47656,254.88281,253.82813,254.88281,254.17969,255.58594,6.97266,5.27344,8.32031,9.25781,8.90625,10.37109,10.89844,10.78125,10.42969,10.13672,9.84375,9.96094,9.96094,0.08667,0.080566,0.064697,0.050049,0.084229,0.079346,0.092773,0.081787,0.087891,0.076904,0.068359
2017-02-19T21:30:00Z,226.40625,236.60156,239.0625,240.11719,246.44531,253.82813,254.17969,255.9375,258.04688,257.69531,257.69531,256.99219,6.62109,5.74219,8.61328,9.31641,9.49219,10.60547,11.25,11.48438,11.19141,10.78125,10.3125,10.48828,10.60547,0.089111,0.070801,0.091553,0.097656,0.090332,0.093994,0.096436,0.100098,0.080566,0.101318,0.074463
2017-02-19T21:40:00Z,230.625,239.41406,242.22656,242.92969,246.09375,253.125,257.34375,259.80469,261.21094,260.85938,261.5625,260.50781,6.97266,5.91797,8.67188,9.375,9.72656,10.60547,11.30859,11.54297,11.48438,11.42578,11.66016,11.07422,10.37109,0.064697,0.087891,0.08667,0.078125,0.092773,0.076904,0.073242,0.090332,0.067139,0.085449,0.064697
2017-02-19T21:50:00Z,231.67969,236.25,241.17188,238.71094,246.09375,249.25781,253.82813,257.34375,259.80469,260.50781,258.75,260.85938,7.26563,5.91797,8.37891,9.19922,8.90625,10.01953,11.13281,11.60156,11.71875,11.83594,11.83594,11.89453,11.71875,0.081787,0.078125,0.106201,0.095215,0.067139,0.100098,0.074463,0.073242,0.074463,0.108643,0.113525
2017-02-19T22:00:00Z,227.8125,238.71094,239.76563,240.46875,243.63281,249.96094,253.82813,255.58594,256.64063,257.69531,255.58594,255.58594,6.5625,5.625,8.08594,8.61328,8.61328,10.19531,10.95703,11.54297,11.60156,11.83594,11.71875,11.71875,11.30859,0.095215,0.083008,0.114746,0.08667,0.068359,0.067139,0.091553,0.085449,0.076904,0.134277,0.111084
2017-02-19T22:10:00Z,226.40625,232.38281,236.25,236.95313,243.28125,247.14844,250.3125,252.42188,246.79688,255.9375,208.82813,277.03125,6.62109,5.39063,7.61719,8.49609,8.26172,9.66797,10.66406,11.54297,11.83594,12.36328,12.01172,11.42578,10.95703,0.102539,0.080566,0.061035,0.075684,0.092773,0.06958,0.102539,0.095215,0.081787,0.109863,0.108643
2017-02-19T22:20:00Z,220.42969,235.89844,239.41406,238.71094,243.63281,246.79688,252.42188,252.07031,252.42188,254.88281,237.30469,244.33594,6.38672,5.39063,7.91016,8.37891,8.49609,9.49219,10.95703,11.77734,12.42188,12.36328,12.24609,11.13281,9.90234,0.087891,0.090332,0.083008,0.06958,0.06958,0.080566,0.089111,0.101318,0.106201,0.124512,0.12207
2017-02-19T22:30:00Z,223.24219,238.00781,241.52344,240.11719,243.63281,250.3125,250.3125,254.17969,256.28906,259.10156,256.99219,255.23438,6.21094,5.33203,7.96875,8.90625,8.78906,10.13672,11.36719,11.77734,12.24609,12.01172,11.54297,10.60547,10.01953,0.095215,0.097656,0.081787,0.068359,0.10498,0.075684,0.08667,0.106201,0.131836,0.118408,0.068359
2017-02-19T22:40:00Z,227.46094,237.65625,240.82031,240.46875,246.09375,250.3125,254.17969,257.69531,259.45313,260.15625,262.61719,260.85938,6.50391,5.50781,8.32031,9.14063,9.14063,10.19531,10.95703,11.60156,12.07031,12.59766,12.53906,12.01172,10.72266,0.102539,0.083008,0.12207,0.074463,0.063477,0.089111,0.073242,0.074463,0.093994,0.102539,0.137939
2017-02-19T22:50:00Z,229.92188,241.17188,244.6875,243.28125,248.20313,253.125,256.99219,258.04688,261.5625,263.32031,262.96875,257.69531,6.67969,5.68359,8.32031,9.02344,9.14063,10.13672,10.95703,11.60156,12.07031,12.1875,12.36328,12.01172,10.78125,0.10498,0.076904,0.075684,0.083008,0.093994,0.085449,0.085449,0.092773,0.091553,0.097656,0.136719
2017-02-19T23:00:00Z,233.08594,241.17188,243.28125,241.875,250.66406,254.53125,260.15625,261.21094,263.32031,264.02344,264.02344,261.5625,6.73828,5.80078,8.4375,9.08203,9.14063,10.13672,10.72266,11.66016,11.95313,12.1875,12.30469,11.83594,10.78125,0.112305,0.078125,0.083008,0.096436,0.079346,0.091553,0.059814,0.115967,0.073242,0.095215,0.158691
2017-02-19T23:10:00Z,235.19531,244.6875,245.03906,248.20313,253.125,256.99219,256.99219,258.39844,257.69531,260.15625,258.04688,259.45313,6.38672,5.50781,8.08594,9.02344,9.08203,10.54688,11.07422,11.30859,11.01563,11.25,11.36719,11.13281,10.60547,0.080566,0.087891,0.101318,0.087891,0.075684,0.076904,0.117188,0.101318,0.107422,0.123291,0.114746
2017-02-19T23:20:00Z,236.25,243.98438,246.79688,246.09375,250.3125,252.77344,253.47656,256.99219,255.9375,255.9375,256.28906,259.45313,6.26953,5.27344,7.73438,8.90625,8.73047,10.01953,11.19141,11.13281,11.60156,11.60156,11.30859,10.07813,9.78516,0.131836,0.083008,0.074463,0.092773,0.102539,0.089111,0.074463,0.102539,0.10498,0.112305,0.098877
2017-02-19T23:30:00Z,236.60156,240.11719,242.92969,242.92969,247.14844,251.01563,254.53125,253.47656,255.58594,252.77344,253.82813,253.82813,5.97656,4.98047,8.32031,9.02344,9.14063,10.3125,10.83984,11.19141,11.95313,11.89453,9.84375,9.375,9.375,0.106201,0.095215,0.075684,0.084229,0.107422,0.095215,0.096436,0.102539,0.145264,0.092773,0.106201
2017-02-19T23:40:00Z,232.38281,243.98438,246.09375,244.33594,251.36719,252.42188,255.58594,253.125,253.125,253.125,251.36719,251.71875,7.44141,5.74219,8.67188,9.49219,9.43359,10.19531,10.95703,11.83594,11.89453,10.72266,9.84375,9.60938,9.84375,0.108643,0.079346,0.10498,0.087891,0.093994,0.113525,0.128174,0.181885,0.137939,0.141602,0.135498
2017-02-19T23:50:00Z,238.00781,250.66406,252.77344,252.07031,256.28906,259.10156,260.15625,258.75,260.50781,261.5625,262.61719,261.21094,7.96875,6.03516,9.49219,10.3125,10.48828,11.54297,12.30469,12.30469,12.24609,12.65625,12.36328,12.01172,11.66016,0.091553,0.083008,0.06958,0.092773,0.091553,0.102539,0.098877,0.119629,0.115967,0.101318,0.126953
