LOCATION: 
SYSTEM SERIAL: HKZA
TIMESTAMP (ISO-8601) UTC,WindDir004m deg,WindDir030m deg,WindDir040m deg,WindDir040m_ref deg,WindDir060m deg,WindDir080m deg,WindDir100m deg,WindDir120m deg,WindDir140m deg,WindDir160m deg,WindDir180m deg,WindDir200m deg,WindGust004m m/s,WindSpeed004m m/s,WindSpeed030mh m/s,WindSpeed040mh m/s,WindSpeed040m_refh m/s,WindSpeed060mh m/s,WindSpeed080mh m/s,WindSpeed100mh m/s,WindSpeed120mh m/s,WindSpeed140mh m/s,WindSpeed160mh m/s,WindSpeed180mh m/s,WindSpeed200mh m/s,TI 030m,TI 040m,TI 040m ref,TI 060m,TI 080m,TI 100m,TI 120m,TI 140m,TI 160m,TI 180m,TI 200m
2017-02-18T11:50:00Z,206.01563,208.82813,207.42188,209.88281,208.125,209.53125,206.71875,209.17969,209.17969,211.28906,206.36719,207.77344,7.26563,5.74219,6.85547,7.26563,7.20703,7.20703,7.20703,7.20703,7.08984,6.91406,6.97266,6.91406,7.32422,0.130615,0.130615,0.151367,0.134277,0.163574,0.140381,0.146484,0.184326,0.12085,0.140381,0.123291
2017-02-18T12:00:00Z,211.64063,223.94531,222.89063,221.48438,221.48438,221.83594,223.24219,221.13281,220.78125,223.59375,224.64844,223.94531,5.74219,4.62891,5.85938,5.91797,5.97656,6.09375,6.15234,5.85938,5.80078,5.97656,5.85938,5.85938,5.625,0.196533,0.123291,0.144043,0.175781,0.135498,0.134277,0.170898,0.161133,0.157471,0.200195,0.197754
2017-02-18T12:10:00Z,216.5625,226.05469,226.05469,229.21875,228.16406,227.46094,230.625,227.46094,227.46094,227.8125,228.51563,229.57031,6.50391,4.51172,5.15625,5.68359,5.33203,5.625,5.56641,5.09766,5.15625,5.03906,5.33203,5.21484,5.09766,0.168457,0.115967,0.151367,0.167236,0.180664,0.19043,0.180664,0.158691,0.192871,0.200195,0.212402
2017-02-18T12:20:00Z,210.9375,225.70313,225.0,224.64844,227.46094,226.40625,223.94531,225.70313,227.46094,227.8125,224.29688,225.35156,6.38672,4.86328,6.03516,6.32813,5.97656,6.03516,5.625,5.56641,5.68359,5.625,5.33203,5.44922,5.33203,0.100098,0.10376,0.134277,0.118408,0.177002,0.13916,0.147705,0.184326,0.187988,0.213623,0.203857
2017-02-18T12:30:00Z,210.23438,224.29688,222.53906,220.78125,223.59375,219.72656,222.53906,225.0,224.29688,223.94531,227.46094,226.05469,5.85938,4.74609,5.80078,6.09375,5.91797,5.68359,5.80078,5.33203,5.44922,5.39063,5.44922,5.44922,5.09766,0.108643,0.118408,0.146484,0.131836,0.147705,0.131836,0.134277,0.141602,0.162354,0.192871,0.187988
2017-02-18T12:40:00Z,209.17969,222.1875,220.78125,217.96875,223.94531,217.96875,219.375,221.13281,221.13281,219.72656,219.375,221.48438,6.50391,5.21484,6.15234,6.26953,6.15234,6.15234,6.03516,5.85938,5.68359,6.03516,5.56641,5.80078,5.68359,0.130615,0.115967,0.159912,0.118408,0.13916,0.180664,0.148926,0.135498,0.141602,0.179443,0.184326
2017-02-18T12:50:00Z,210.58594,223.24219,221.13281,220.07813,220.42969,219.72656,224.64844,222.1875,223.59375,224.64844,223.59375,219.375,5.97656,4.74609,5.50781,5.74219,5.80078,5.56641,5.39063,5.09766,5.15625,5.27344,5.39063,5.09766,4.92188,0.128174,0.08667,0.131836,0.126953,0.131836,0.118408,0.153809,0.153809,0.159912,0.178223,0.216064
2017-02-18T13:00:00Z,205.66406,218.67188,216.5625,217.61719,215.15625,218.32031,219.72656,220.78125,221.83594,220.78125,216.91406,213.39844,5.09766,4.27734,5.33203,5.27344,5.27344,5.27344,5.03906,4.86328,4.98047,4.86328,4.92188,4.33594,4.6875,0.155029,0.123291,0.180664,0.151367,0.168457,0.140381,0.130615,0.124512,0.131836,0.196533,0.196533
2017-02-18T13:10:00Z,191.60156,205.66406,206.36719,201.44531,205.66406,207.77344,200.39063,207.07031,206.01563,203.55469,199.33594,204.96094,7.03125,4.98047,5.97656,5.91797,6.09375,5.74219,5.68359,5.39063,5.625,5.50781,5.56641,5.39063,5.33203,0.141602,0.152588,0.206299,0.151367,0.153809,0.200195,0.192871,0.163574,0.20752,0.205078,0.195313
2017-02-18T13:20:00Z,187.73438,197.92969,199.33594,202.85156,201.44531,198.98438,201.44531,200.74219,202.14844,201.79688,197.92969,204.60938,6.91406,5.33203,6.32813,6.32813,6.38672,6.44531,6.21094,6.09375,5.85938,5.85938,5.91797,5.91797,5.85938,0.140381,0.15625,0.107422,0.109863,0.148926,0.205078,0.162354,0.150146,0.186768,0.194092,0.12085
2017-02-18T13:30:00Z,188.4375,201.09375,198.28125,202.85156,203.20313,201.79688,200.39063,200.03906,198.28125,198.98438,197.57813,202.5,6.97266,5.68359,6.62109,6.85547,6.67969,6.62109,6.38672,6.38672,6.50391,6.15234,6.26953,6.38672,6.21094,0.158691,0.123291,0.146484,0.141602,0.141602,0.140381,0.131836,0.147705,0.141602,0.15625,0.141602
2017-02-18T13:40:00Z,190.54688,200.74219,203.55469,201.79688,200.39063,203.90625,201.44531,203.55469,201.44531,203.55469,202.5,205.3125,7.26563,5.56641,6.38672,6.44531,6.5625,6.62109,6.38672,5.91797,6.15234,6.15234,6.15234,6.09375,6.26953,0.142822,0.137939,0.092773,0.134277,0.113525,0.213623,0.162354,0.179443,0.180664,0.167236,0.13916
2017-02-18T13:50:00Z,191.25,200.03906,202.85156,200.74219,203.20313,202.5,204.96094,204.60938,207.07031,206.01563,206.71875,202.14844,6.79688,5.625,6.62109,6.50391,6.38672,6.67969,6.26953,6.15234,5.91797,6.15234,6.26953,6.26953,6.15234,0.135498,0.111084,0.130615,0.124512,0.129395,0.118408,0.157471,0.135498,0.128174,0.15625,0.162354
2017-02-18T14:00:00Z,188.78906,201.09375,201.09375,199.6875,201.09375,199.33594,203.55469,200.39063,201.09375,203.55469,199.6875,204.60938,7.32422,5.97656,6.97266,6.97266,6.85547,6.91406,6.73828,6.73828,6.44531,6.50391,6.44531,6.50391,6.5625,0.15625,0.159912,0.157471,0.12207,0.152588,0.174561,0.150146,0.109863,0.175781,0.162354,0.134277
2017-02-18T14:10:00Z,185.97656,197.92969,194.41406,197.57813,199.6875,198.63281,203.20313,200.39063,200.39063,199.6875,198.63281,196.52344,7.55859,6.5625,7.44141,7.61719,7.44141,7.55859,7.5,7.38281,7.38281,7.03125,7.08984,7.03125,7.20703,0.148926,0.107422,0.126953,0.125732,0.10376,0.111084,0.12207,0.136719,0.133057,0.118408,0.148926
2017-02-18T14:20:00Z,188.08594,201.09375,198.98438,204.60938,199.33594,198.63281,200.39063,198.98438,200.74219,201.09375,203.55469,202.5,7.91016,6.21094,7.03125,7.20703,7.5,7.14844,7.26563,7.08984,6.91406,6.5625,6.85547,6.85547,6.85547,0.131836,0.106201,0.107422,0.135498,0.112305,0.137939,0.13916,0.153809,0.125732,0.168457,0.135498
2017-02-18T14:30:00Z,188.4375,197.57813,199.6875,196.875,203.55469,202.5,201.44531,200.03906,197.57813,198.98438,202.85156,198.98438,8.08594,6.5625,7.79297,7.96875,7.61719,7.91016,7.73438,7.5,7.38281,7.55859,7.26563,7.26563,7.08984,0.107422,0.087891,0.137939,0.115967,0.12085,0.115967,0.097656,0.12207,0.145264,0.151367,0.170898
2017-02-18T14:40:00Z,185.625,197.92969,197.57813,194.76563,198.28125,198.63281,198.98438,197.22656,199.33594,197.57813,196.52344,195.11719,8.49609,7.03125,8.26172,8.26172,8.32031,8.55469,7.91016,8.14453,7.96875,8.08594,7.73438,7.85156,7.67578,0.128174,0.134277,0.125732,0.102539,0.135498,0.123291,0.10498,0.178223,0.131836,0.12207,0.157471
2017-02-18T14:50:00Z,188.08594,198.98438,200.74219,197.92969,199.6875,202.14844,201.44531,201.09375,200.39063,201.09375,200.39063,198.98438,8.61328,6.97266,8.02734,8.4375,8.4375,8.4375,7.91016,7.96875,7.67578,7.96875,7.5,7.79297,7.5,0.126953,0.111084,0.108643,0.118408,0.151367,0.141602,0.13916,0.135498,0.145264,0.146484,0.136719
2017-02-18T15:00:00Z,189.49219,202.5,200.39063,203.20313,199.6875,201.44531,203.20313,203.90625,201.44531,203.90625,197.92969,201.09375,9.375,6.85547,8.26172,8.32031,8.20313,8.4375,8.26172,7.67578,7.85156,7.67578,7.61719,7.38281,7.73438,0.178223,0.123291,0.161133,0.148926,0.128174,0.129395,0.091553,0.157471,0.141602,0.184326,0.163574
2017-02-18T15:10:00Z,188.4375,201.44531,200.39063,196.52344,200.74219,201.79688,198.28125,199.6875,201.09375,201.79688,204.96094,201.79688,7.79297,6.15234,7.38281,7.85156,7.73438,7.85156,7.61719,7.14844,7.55859,7.38281,7.20703,7.08984,7.08984,0.134277,0.136719,0.124512,0.15625,0.119629,0.137939,0.144043,0.119629,0.158691,0.174561,0.179443
2017-02-18T15:20:00Z,187.38281,201.79688,202.5,202.5,203.55469,200.39063,200.74219,198.63281,201.44531,200.74219,201.44531,199.6875,8.02734,6.38672,8.02734,8.37891,8.14453,8.4375,8.02734,8.14453,7.67578,7.44141,7.55859,7.61719,7.5,0.163574,0.108643,0.142822,0.124512,0.162354,0.12207,0.134277,0.109863,0.136719,0.15625,0.172119
2017-02-18T15:30:00Z,191.25,202.85156,207.77344,204.25781,207.42188,205.3125,203.20313,204.60938,204.25781,204.60938,202.5,206.36719,7.61719,6.26953,7.79297,8.32031,8.02734,8.37891,8.26172,7.96875,8.02734,7.85156,8.02734,7.79297,7.73438,0.140381,0.133057,0.108643,0.118408,0.135498,0.125732,0.150146,0.166016,0.167236,0.113525,0.093994
2017-02-18T15:40:00Z,193.35938,209.53125,208.47656,208.125,211.28906,210.9375,208.125,208.125,207.07031,208.125,208.82813,208.47656,8.67188,6.38672,8.08594,8.20313,8.4375,8.4375,8.49609,8.67188,8.67188,8.78906,8.73047,8.78906,8.55469,0.136719,0.12207,0.112305,0.128174,0.123291,0.125732,0.13916,0.123291,0.13916,0.113525,0.161133
2017-02-18T15:50:00Z,196.875,208.47656,208.125,207.07031,207.07031,207.42188,209.17969,208.47656,208.82813,208.47656,209.17969,208.47656,8.02734,6.15234,7.85156,8.14453,7.91016,8.32031,8.55469,8.84766,9.02344,8.84766,8.90625,8.55469,8.61328,0.123291,0.141602,0.117188,0.145264,0.147705,0.135498,0.123291,0.129395,0.136719,0.137939,0.136719
2017-02-18T16:00:00Z,207.77344,209.53125,211.28906,212.34375,210.23438,209.17969,210.58594,211.99219,212.69531,209.53125,209.53125,211.99219,7.67578,6.15234,7.44141,7.55859,7.73438,7.55859,7.67578,7.85156,7.67578,7.26563,7.44141,7.55859,7.67578,0.166016,0.13916,0.124512,0.142822,0.098877,0.13916,0.109863,0.151367,0.098877,0.162354,0.12207
2017-02-18T16:50:00Z,200.03906,197.57813,196.52344,198.98438,197.92969,196.875,199.33594,197.22656,190.19531,196.52344,194.41406,197.22656,6.67969,5.33203,6.09375,6.26953,6.26953,6.21094,5.80078,5.80078,5.80078,5.50781,5.80078,5.74219,6.09375,0.168457,0.168457,0.157471,0.164795,0.194092,0.158691,0.174561,0.192871,0.179443,0.184326,0.20752
2017-02-18T17:00:00Z,208.125,204.96094,205.66406,207.77344,205.66406,205.66406,204.25781,207.07031,206.71875,207.07031,205.66406,204.25781,6.26953,4.62891,5.15625,5.33203,5.50781,4.98047,5.03906,4.6875,4.86328,4.92188,5.03906,4.62891,4.98047,0.183105,0.196533,0.175781,0.200195,0.216064,0.177002,0.196533,0.186768,0.152588,0.302734,0.22583
2017-02-18T17:10:00Z,211.28906,209.88281,209.17969,206.71875,208.82813,207.77344,206.71875,204.25781,204.25781,207.07031,205.66406,208.125,5.97656,4.86328,5.56641,5.56641,5.44922,5.80078,5.15625,5.03906,4.92188,5.39063,4.98047,5.50781,5.03906,0.200195,0.144043,0.183105,0.174561,0.185547,0.202637,0.205078,0.194092,0.15625,0.159912,0.224609
2017-02-18T17:20:00Z,213.75,209.53125,208.47656,210.9375,211.99219,208.82813,209.88281,212.69531,208.82813,211.64063,206.71875,210.58594,6.26953,4.62891,5.21484,5.44922,5.21484,5.15625,4.86328,4.98047,5.21484,4.57031,4.86328,4.6875,5.27344,0.177002,0.17334,0.211182,0.185547,0.22583,0.179443,0.168457,0.262451,0.170898,0.255127,0.19165
2017-02-18T17:30:00Z,209.17969,205.3125,203.90625,206.36719,206.36719,206.36719,208.82813,203.90625,207.77344,208.47656,205.66406,206.71875,5.91797,4.57031,5.21484,5.33203,5.27344,5.21484,4.92188,4.6875,4.80469,4.6875,4.74609,4.6875,5.03906,0.152588,0.167236,0.167236,0.195313,0.146484,0.196533,0.212402,0.196533,0.168457,0.233154,0.205078
2017-02-18T17:40:00Z,203.55469,198.28125,199.33594,199.33594,200.39063,204.60938,199.33594,200.74219,201.44531,202.14844,198.98438,199.6875,5.50781,4.45313,4.98047,5.15625,5.27344,5.15625,4.57031,4.51172,4.62891,4.51172,4.86328,4.51172,4.57031,0.202637,0.250244,0.175781,0.184326,0.185547,0.250244,0.228271,0.218506,0.20752,0.209961,0.174561
2017-02-18T17:50:00Z,198.98438,192.30469,197.92969,193.71094,195.46875,195.46875,197.57813,196.52344,195.46875,194.41406,193.00781,195.82031,4.74609,4.04297,5.33203,5.68359,5.625,4.74609,4.45313,4.45313,4.21875,4.33594,4.27734,4.16016,4.16016,0.136719,0.187988,0.164795,0.211182,0.183105,0.187988,0.180664,0.15625,0.213623,0.263672,0.163574
2017-02-18T18:00:00Z,192.30469,190.54688,187.38281,189.49219,184.92188,189.49219,189.49219,189.84375,193.71094,193.00781,191.95313,189.84375,4.6875,3.63281,4.80469,4.39453,4.62891,4.21875,4.10156,3.98438,4.16016,4.04297,3.98438,3.80859,4.10156,0.213623,0.233154,0.236816,0.246582,0.184326,0.26001,0.157471,0.253906,0.239258,0.174561,0.159912
2017-02-18T18:10:00Z,190.54688,192.30469,190.54688,190.19531,194.0625,195.11719,197.22656,199.6875,194.76563,196.875,197.22656,196.875,4.16016,3.33984,5.39063,5.03906,5.15625,5.15625,5.27344,5.68359,5.625,5.44922,5.68359,5.50781,5.85938,0.252686,0.377197,0.361328,0.478516,0.627441,0.650635,0.673828,0.67627,0.622559,0.599365,0.640869
2017-02-18T18:20:00Z,196.17188,196.17188,194.41406,194.41406,200.03906,204.25781,208.125,208.82813,208.47656,209.88281,210.9375,211.64063,4.92188,4.10156,6.32813,7.26563,7.20703,8.90625,10.48828,11.13281,11.13281,11.54297,11.83594,11.83594,11.54297,0.064697,0.063477,0.102539,0.083008,0.073242,0.090332,0.070801,0.056152,0.068359,0.06958,0.083008
2017-02-18T18:30:00Z,200.03906,197.57813,198.98438,199.6875,202.85156,204.96094,207.07031,206.71875,207.42188,209.88281,209.53125,210.23438,5.03906,4.45313,6.5625,7.5,7.38281,8.96484,10.54688,11.48438,11.36719,11.71875,11.66016,11.71875,11.60156,0.068359,0.070801,0.061035,0.068359,0.079346,0.079346,0.074463,0.063477,0.080566,0.073242,0.059814
2017-02-18T18:40:00Z,203.20313,200.74219,202.14844,200.74219,202.14844,204.96094,205.3125,208.125,208.125,208.82813,209.17969,209.17969,5.21484,4.39453,6.5625,7.44141,7.44141,8.84766,10.60547,11.60156,11.83594,11.42578,11.48438,11.60156,11.66016,0.08667,0.079346,0.048828,0.056152,0.096436,0.074463,0.054932,0.089111,0.072021,0.063477,0.072021
2017-02-18T18:50:00Z,200.03906,196.875,198.28125,199.6875,199.33594,204.25781,203.20313,205.3125,205.66406,206.36719,208.82813,208.125,5.33203,4.45313,6.62109,7.67578,7.61719,9.14063,10.95703,11.42578,11.60156,11.77734,11.89453,11.60156,11.54297,0.083008,0.068359,0.072021,0.063477,0.06958,0.058594,0.085449,0.068359,0.058594,0.057373,0.061035
2017-02-18T19:00:00Z,200.74219,198.98438,199.6875,199.6875,200.74219,203.55469,204.60938,206.36719,205.3125,206.71875,208.125,209.53125,5.85938,4.92188,7.38281,8.26172,7.96875,9.78516,11.25,11.54297,11.48438,11.77734,11.95313,11.66016,11.77734,0.087891,0.064697,0.085449,0.087891,0.065918,0.06958,0.079346,0.045166,0.068359,0.073242,0.062256
2017-02-18T19:10:00Z,198.98438,196.52344,197.57813,198.63281,198.98438,202.5,204.25781,204.60938,205.3125,205.66406,206.36719,208.47656,5.97656,5.03906,7.38281,8.55469,8.20313,10.19531,11.25,11.42578,11.60156,11.71875,11.89453,12.07031,12.24609,0.068359,0.068359,0.058594,0.050049,0.058594,0.048828,0.056152,0.073242,0.061035,0.058594,0.068359
2017-02-18T19:20:00Z,199.33594,198.28125,200.03906,198.63281,198.28125,201.44531,203.20313,205.3125,206.71875,207.42188,208.125,209.88281,5.44922,4.80469,7.20703,8.26172,8.02734,10.01953,11.25,11.48438,11.66016,11.71875,11.60156,12.01172,11.77734,0.05249,0.070801,0.072021,0.042725,0.058594,0.068359,0.057373,0.048828,0.073242,0.064697,0.064697
2017-02-18T19:30:00Z,198.63281,196.875,195.82031,196.17188,198.98438,202.5,203.55469,204.60938,207.42188,207.77344,209.88281,210.9375,5.85938,4.98047,7.44141,8.37891,8.37891,10.66406,11.30859,11.36719,11.71875,11.71875,11.71875,11.89453,11.66016,0.079346,0.090332,0.057373,0.058594,0.046387,0.067139,0.054932,0.050049,0.067139,0.045166,0.067139
2017-02-18T19:40:00Z,200.74219,198.28125,199.33594,199.6875,201.44531,202.5,204.25781,204.96094,206.71875,209.88281,210.9375,210.58594,5.56641,4.98047,7.55859,8.55469,8.55469,10.42969,11.13281,11.48438,11.83594,11.77734,11.89453,11.54297,11.42578,0.059814,0.063477,0.072021,0.05127,0.063477,0.059814,0.065918,0.063477,0.074463,0.063477,0.073242
2017-02-18T19:50:00Z,199.6875,197.22656,200.03906,198.98438,202.14844,205.66406,206.01563,206.01563,208.125,209.17969,209.17969,209.53125,6.03516,5.27344,8.02734,9.08203,8.84766,11.07422,11.89453,11.66016,12.01172,12.12891,11.77734,11.36719,11.60156,0.076904,0.063477,0.073242,0.068359,0.076904,0.058594,0.068359,0.054932,0.058594,0.073242,0.073242
2017-02-18T20:00:00Z,201.44531,201.44531,201.79688,201.09375,204.60938,206.36719,208.125,209.17969,207.77344,209.88281,210.23438,212.34375,6.5625,5.56641,8.20313,9.25781,9.31641,11.30859,11.83594,12.12891,11.83594,12.1875,11.95313,11.83594,11.66016,0.081787,0.072021,0.067139,0.058594,0.061035,0.06958,0.062256,0.065918,0.085449,0.057373,0.058594
2017-02-18T20:10:00Z,205.66406,202.85156,202.5,203.55469,204.25781,207.42188,208.47656,209.88281,210.23438,211.99219,212.69531,214.45313,6.5625,5.50781,8.08594,9.19922,9.14063,10.89844,11.83594,12.07031,12.07031,11.89453,11.83594,11.60156,11.83594,0.068359,0.064697,0.061035,0.057373,0.050049,0.059814,0.059814,0.063477,0.059814,0.072021,0.067139
2017-02-18T20:20:00Z,204.25781,203.55469,204.60938,203.55469,206.71875,208.82813,209.53125,208.47656,210.23438,209.53125,211.28906,213.04688,6.67969,5.68359,8.32031,9.08203,9.14063,10.78125,11.83594,12.24609,12.36328,12.42188,12.1875,12.12891,12.01172,0.078125,0.072021,0.097656,0.084229,0.061035,0.081787,0.068359,0.067139,0.070801,0.087891,0.059814
2017-02-18T20:30:00Z,203.90625,201.44531,202.85156,203.90625,204.96094,207.42188,209.53125,209.88281,209.53125,208.82813,210.58594,213.04688,6.97266,5.91797,8.37891,9.43359,9.25781,11.36719,12.24609,13.06641,12.83203,12.77344,12.89063,13.06641,12.77344,0.078125,0.08667,0.089111,0.073242,0.06958,0.05127,0.067139,0.070801,0.064697,0.065918,0.067139
2017-02-18T20:40:00Z,204.60938,202.85156,204.60938,203.20313,207.07031,207.77344,208.125,209.17969,208.82813,210.9375,210.23438,211.99219,7.26563,6.21094,8.90625,9.84375,9.60938,11.60156,12.89063,13.53516,13.41797,13.41797,13.24219,13.18359,12.94922,0.076904,0.080566,0.059814,0.064697,0.083008,0.065918,0.06958,0.064697,0.080566,0.065918,0.065918
2017-02-18T20:50:00Z,202.5,203.90625,203.90625,203.20313,206.71875,206.71875,207.77344,207.42188,209.17969,209.17969,209.53125,211.28906,7.79297,6.44531,8.90625,10.01953,9.96094,11.30859,12.59766,13.125,13.41797,13.88672,13.65234,13.47656,13.24219,0.089111,0.079346,0.073242,0.090332,0.080566,0.090332,0.067139,0.067139,0.068359,0.087891,0.085449
2017-02-18T21:00:00Z,203.55469,203.20313,204.60938,203.55469,204.96094,206.36719,209.88281,210.58594,210.9375,211.99219,211.64063,213.75,7.91016,6.73828,9.25781,9.96094,9.84375,11.25,13.00781,13.88672,13.94531,14.00391,13.35938,13.35938,13.06641,0.068359,0.065918,0.075684,0.076904,0.090332,0.091553,0.100098,0.065918,0.092773,0.067139,0.089111
2017-02-18T21:10:00Z,206.36719,204.60938,207.42188,204.25781,206.71875,207.77344,212.34375,214.45313,213.75,215.15625,216.5625,217.96875,8.55469,6.85547,9.31641,10.07813,10.01953,10.95703,12.59766,13.82813,13.47656,13.35938,13.53516,13.35938,13.18359,0.114746,0.091553,0.101318,0.078125,0.080566,0.080566,0.091553,0.092773,0.067139,0.070801,0.098877
2017-02-18T21:20:00Z,211.28906,208.47656,208.125,207.77344,208.125,211.64063,216.91406,220.78125,221.13281,218.67188,220.42969,218.32031,8.55469,7.14844,9.31641,9.72656,10.3125,10.83984,12.59766,13.59375,13.35938,13.125,13.24219,13.35938,13.30078,0.109863,0.090332,0.114746,0.101318,0.097656,0.065918,0.12085,0.068359,0.084229,0.06958,0.093994
2017-02-18T21:30:00Z,209.88281,208.125,210.23438,208.82813,210.23438,211.99219,215.15625,215.85938,216.91406,217.26563,217.26563,216.91406,8.90625,7.32422,9.84375,10.3125,9.96094,11.13281,12.30469,13.00781,13.47656,13.65234,13.35938,13.30078,13.88672,0.115967,0.118408,0.111084,0.10376,0.093994,0.090332,0.083008,0.081787,0.109863,0.091553,0.084229
2017-02-18T21:40:00Z,205.66406,207.42188,207.07031,207.07031,208.47656,211.28906,214.80469,213.04688,211.99219,213.39844,213.39844,214.45313,8.67188,7.5,9.84375,10.42969,10.42969,11.54297,12.59766,12.89063,12.77344,13.41797,13.41797,13.47656,13.24219,0.10498,0.134277,0.107422,0.084229,0.093994,0.109863,0.102539,0.083008,0.111084,0.10376,0.087891
2017-02-18T21:50:00Z,204.96094,203.55469,205.3125,204.60938,208.125,212.34375,216.21094,215.50781,214.10156,217.26563,218.67188,217.96875,8.67188,7.32422,9.78516,10.25391,10.25391,11.36719,12.53906,12.59766,12.07031,12.89063,13.18359,13.00781,12.59766,0.106201,0.115967,0.080566,0.134277,0.083008,0.095215,0.133057,0.090332,0.080566,0.150146,0.092773
2017-02-18T22:00:00Z,201.44531,202.5,203.20313,202.5,205.3125,211.99219,212.34375,213.75,214.45313,217.61719,215.85938,220.07813,8.96484,7.5,10.01953,10.19531,10.60547,11.42578,11.83594,12.30469,12.53906,12.59766,12.48047,12.59766,12.89063,0.107422,0.080566,0.125732,0.106201,0.123291,0.12085,0.096436,0.129395,0.114746,0.111084,0.096436
2017-02-18T22:10:00Z,205.66406,204.60938,204.25781,203.20313,209.17969,214.10156,216.21094,214.80469,217.61719,217.96875,220.78125,219.72656,8.90625,7.20703,9.25781,9.84375,10.3125,11.01563,12.01172,11.89453,12.48047,12.89063,12.42188,12.12891,12.71484,0.126953,0.117188,0.130615,0.102539,0.100098,0.137939,0.125732,0.096436,0.106201,0.115967,0.095215
2017-02-18T22:20:00Z,210.23438,207.77344,208.82813,207.77344,209.17969,212.69531,215.85938,217.61719,220.78125,221.83594,223.24219,227.46094,8.20313,6.50391,8.67188,9.43359,9.08203,10.25391,11.30859,12.24609,12.12891,12.1875,12.36328,12.65625,12.71484,0.10376,0.113525,0.128174,0.108643,0.100098,0.148926,0.134277,0.141602,0.108643,0.109863,0.095215
2017-02-18T22:30:00Z,211.64063,211.28906,211.99219,213.75,211.99219,214.45313,217.96875,222.1875,223.94531,225.70313,226.75781,227.10938,7.91016,6.38672,8.32031,9.02344,8.78906,10.3125,11.01563,12.1875,12.30469,12.53906,12.36328,12.83203,13.18359,0.146484,0.098877,0.135498,0.126953,0.137939,0.090332,0.089111,0.109863,0.095215,0.096436,0.112305
2017-02-18T22:40:00Z,213.04688,212.34375,214.10156,212.69531,215.15625,217.61719,222.53906,223.94531,224.64844,223.94531,225.35156,225.0,7.61719,6.26953,8.61328,9.02344,8.96484,10.07813,11.07422,11.71875,11.95313,12.30469,12.71484,12.65625,12.94922,0.119629,0.098877,0.084229,0.080566,0.107422,0.108643,0.12085,0.080566,0.100098,0.093994,0.130615
2017-02-18T22:50:00Z,214.80469,213.39844,213.04688,214.10156,215.15625,218.67188,225.0,224.29688,225.70313,225.35156,227.10938,227.46094,7.79297,6.44531,8.37891,9.43359,9.14063,10.48828,11.42578,11.95313,12.07031,12.07031,12.42188,12.42188,13.00781,0.150146,0.107422,0.113525,0.108643,0.112305,0.087891,0.123291,0.102539,0.093994,0.115967,0.111084
2017-02-18T23:00:00Z,212.69531,210.23438,211.99219,211.99219,213.75,217.96875,222.89063,226.75781,225.70313,225.35156,226.05469,227.10938,7.91016,6.67969,8.49609,8.84766,9.31641,10.25391,11.30859,11.83594,11.48438,11.77734,12.53906,13.53516,13.88672,0.115967,0.119629,0.111084,0.12207,0.111084,0.117188,0.146484,0.111084,0.085449,0.093994,0.076904
2017-02-18T23:10:00Z,215.85938,214.80469,214.80469,215.50781,217.61719,217.26563,220.07813,222.1875,224.64844,223.24219,223.94531,225.70313,8.02734,6.5625,8.84766,9.43359,9.19922,10.25391,11.30859,11.89453,11.89453,11.83594,12.12891,12.83203,13.65234,0.111084,0.096436,0.133057,0.100098,0.119629,0.096436,0.091553,0.093994,0.072021,0.081787,0.10376
2017-02-18T23:20:00Z,213.39844,211.99219,213.04688,212.34375,213.04688,215.15625,219.02344,220.78125,222.89063,223.94531,226.40625,225.35156,7.91016,6.73828,9.02344,9.375,9.43359,10.25391,11.54297,12.36328,12.65625,13.30078,13.35938,13.30078,13.18359,0.107422,0.092773,0.112305,0.114746,0.118408,0.090332,0.134277,0.108643,0.130615,0.118408,0.118408
2017-02-18T23:30:00Z,213.75,213.39844,215.15625,213.39844,214.80469,217.96875,219.72656,220.78125,220.42969,222.1875,224.64844,227.10938,8.37891,6.91406,8.90625,9.43359,9.19922,10.54688,11.60156,12.24609,12.48047,13.24219,13.65234,14.0625,14.0625,0.128174,0.128174,0.148926,0.084229,0.062256,0.106201,0.100098,0.096436,0.129395,0.093994,0.078125
2017-02-18T23:40:00Z,213.75,213.04688,213.04688,214.80469,216.91406,217.96875,220.42969,225.0,225.0,226.05469,225.35156,225.35156,8.08594,6.73828,8.78906,9.66797,9.66797,10.72266,11.71875,12.83203,13.76953,13.53516,14.23828,14.53125,15.11719,0.130615,0.087891,0.090332,0.095215,0.112305,0.079346,0.089111,0.10498,0.098877,0.092773,0.097656
2017-02-18T23:50:00Z,211.99219,211.64063,210.9375,210.58594,214.80469,215.50781,219.72656,223.94531,225.35156,226.05469,224.64844,225.35156,8.20313,6.79688,8.96484,9.84375,9.55078,10.66406,11.89453,12.89063,13.88672,14.35547,14.23828,14.41406,14.94141,0.159912,0.12207,0.145264,0.12207,0.107422,0.091553,0.111084,0.115967,0.13916,0.113525,0.128174
