LOCATION: 
SYSTEM SERIAL: HKZA
TIMESTAMP (ISO-8601) UTC,WindDir004m deg,WindDir030m deg,WindDir040m deg,WindDir040m_ref deg,WindDir060m deg,WindDir080m deg,WindDir100m deg,WindDir120m deg,WindDir140m deg,WindDir160m deg,WindDir180m deg,WindDir200m deg,WindGust004m m/s,WindSpeed004m m/s,WindSpeed030mh m/s,WindSpeed040mh m/s,WindSpeed040m_refh m/s,WindSpeed060mh m/s,WindSpeed080mh m/s,WindSpeed100mh m/s,WindSpeed120mh m/s,WindSpeed140mh m/s,WindSpeed160mh m/s,WindSpeed180mh m/s,WindSpeed200mh m/s,TI 030m,TI 040m,TI 040m ref,TI 060m,TI 080m,TI 100m,TI 120m,TI 140m,TI 160m,TI 180m,TI 200m
2017-03-05T00:00:00Z,177.1875,192.30469,192.65625,193.00781,197.57813,199.6875,203.20313,205.3125,206.71875,212.34375,217.61719,221.48438,9.84375,7.55859,9.78516,10.72266,10.37109,11.48438,12.01172,12.48047,13.125,13.76953,14.94141,15.52734,15.23438,0.107422,0.124512,0.107422,0.092773,0.101318,0.129395,0.111084,0.113525,0.079346,0.108643,0.090332
2017-03-05T00:10:00Z,182.10938,195.46875,195.46875,195.46875,198.63281,200.03906,200.03906,200.03906,203.20313,210.23438,213.75,216.5625,9.60938,7.79297,9.375,10.13672,9.96094,10.78125,11.54297,12.1875,13.24219,14.00391,14.70703,14.82422,14.88281,0.100098,0.102539,0.10376,0.073242,0.107422,0.10376,0.090332,0.083008,0.079346,0.10376,0.085449
2017-03-05T00:20:00Z,184.21875,196.875,196.875,198.28125,200.74219,200.74219,203.90625,208.125,211.99219,207.77344,164.88281,195.82031,8.84766,7.26563,9.66797,9.90234,10.25391,11.01563,11.77734,12.71484,13.35938,14.35547,15.35156,15.64453,15.46875,0.111084,0.112305,0.124512,0.084229,0.111084,0.085449,0.083008,0.098877,0.080566,0.090332,0.093994
2017-03-05T00:30:00Z,187.73438,200.39063,201.79688,202.14844,203.90625,204.25781,207.77344,209.88281,207.07031,208.125,136.05469,174.375,9.78516,7.73438,9.43359,10.19531,10.01953,11.19141,12.07031,12.77344,13.53516,14.41406,15.87891,15.52734,15.23438,0.111084,0.106201,0.076904,0.091553,0.091553,0.100098,0.101318,0.090332,0.074463,0.098877,0.095215
2017-03-05T00:40:00Z,190.89844,203.55469,203.55469,204.60938,205.66406,206.71875,208.82813,211.99219,210.58594,209.53125,216.21094,218.32031,9.84375,7.96875,10.3125,11.01563,10.89844,11.89453,12.59766,13.59375,14.41406,15.0,15.64453,15.87891,15.76172,0.107422,0.095215,0.101318,0.112305,0.100098,0.102539,0.106201,0.119629,0.089111,0.074463,0.119629
2017-03-05T00:50:00Z,192.30469,205.66406,203.55469,202.14844,205.66406,202.14844,205.3125,207.42188,207.77344,200.74219,208.47656,191.25,9.84375,8.14453,10.54688,10.78125,10.95703,11.66016,12.65625,13.94531,14.70703,15.41016,15.9375,16.64063,16.52344,0.100098,0.113525,0.096436,0.098877,0.10498,0.095215,0.096436,0.084229,0.096436,0.083008,0.097656
2017-03-05T01:00:00Z,192.30469,202.85156,203.90625,201.44531,203.20313,205.66406,205.3125,207.42188,208.82813,211.99219,208.82813,195.82031,10.66406,8.4375,10.07813,10.72266,10.83984,11.48438,12.1875,13.06641,13.94531,15.11719,15.70313,15.64453,16.05469,0.123291,0.092773,0.097656,0.084229,0.075684,0.101318,0.111084,0.081787,0.064697,0.087891,0.080566
2017-03-05T01:10:00Z,191.60156,203.20313,203.90625,204.96094,206.71875,205.66406,207.07031,207.77344,207.42188,212.34375,215.85938,215.15625,10.83984,8.26172,10.89844,11.66016,11.25,12.24609,12.71484,13.59375,14.64844,15.52734,16.34766,16.11328,16.23047,0.096436,0.100098,0.118408,0.115967,0.106201,0.097656,0.073242,0.070801,0.065918,0.083008,0.074463
2017-03-05T01:20:00Z,191.95313,206.01563,207.07031,206.01563,204.96094,207.42188,208.47656,207.42188,211.64063,212.34375,218.32031,214.80469,10.72266,8.84766,11.13281,11.42578,11.77734,12.53906,13.65234,14.23828,14.82422,15.52734,16.23047,16.34766,15.41016,0.108643,0.134277,0.070801,0.10376,0.093994,0.107422,0.089111,0.098877,0.093994,0.090332,0.124512
2017-03-05T01:30:00Z,193.35938,199.6875,203.55469,200.74219,205.3125,204.25781,206.71875,208.125,208.82813,211.28906,215.15625,209.53125,11.42578,9.08203,11.42578,12.07031,11.83594,12.77344,13.59375,14.23828,14.64844,15.17578,16.23047,16.81641,16.17188,0.065918,0.096436,0.098877,0.10498,0.080566,0.112305,0.102539,0.085449,0.091553,0.084229,0.092773
2017-03-05T01:40:00Z,191.95313,203.55469,202.85156,205.3125,205.3125,207.07031,210.23438,210.23438,211.64063,212.34375,214.80469,211.28906,11.48438,9.19922,11.42578,12.07031,11.89453,13.18359,13.82813,14.17969,14.82422,15.76172,15.87891,16.28906,16.46484,0.123291,0.098877,0.117188,0.097656,0.107422,0.084229,0.106201,0.079346,0.093994,0.074463,0.102539
2017-03-05T01:50:00Z,194.41406,208.125,207.77344,207.77344,207.42188,208.82813,208.82813,211.28906,211.28906,211.64063,216.21094,220.07813,11.95313,9.25781,11.95313,12.59766,12.83203,13.71094,14.53125,15.11719,15.64453,15.87891,16.34766,16.58203,16.23047,0.096436,0.113525,0.130615,0.111084,0.087891,0.092773,0.092773,0.096436,0.093994,0.080566,0.101318
2017-03-05T02:00:00Z,195.46875,207.07031,210.23438,209.88281,216.5625,214.45313,213.04688,216.5625,216.91406,217.61719,221.48438,209.88281,12.07031,9.60938,11.13281,11.89453,11.60156,12.30469,12.94922,13.65234,14.47266,15.23438,15.41016,15.64453,15.76172,0.136719,0.152588,0.087891,0.107422,0.112305,0.118408,0.107422,0.113525,0.10376,0.075684,0.083008
2017-03-05T02:10:00Z,201.79688,211.99219,212.34375,213.75,209.88281,214.45313,216.5625,216.91406,218.32031,219.72656,224.29688,226.40625,11.48438,9.08203,10.95703,11.48438,10.72266,12.48047,13.125,13.94531,14.17969,14.82422,15.41016,15.46875,15.11719,0.125732,0.118408,0.148926,0.123291,0.102539,0.10376,0.10376,0.08667,0.084229,0.084229,0.118408
2017-03-05T02:20:00Z,202.85156,217.61719,215.15625,219.72656,217.96875,221.48438,222.53906,221.13281,227.10938,226.40625,228.16406,228.16406,11.42578,8.84766,10.42969,11.25,11.01563,12.48047,13.24219,13.47656,14.17969,14.58984,15.0,15.17578,15.46875,0.115967,0.119629,0.123291,0.111084,0.093994,0.106201,0.101318,0.109863,0.111084,0.146484,0.106201
2017-03-05T02:30:00Z,206.01563,220.78125,222.89063,221.13281,222.1875,225.70313,226.40625,228.51563,230.625,229.92188,228.51563,230.27344,10.72266,8.37891,10.60547,11.30859,11.30859,11.60156,12.53906,13.35938,14.00391,14.23828,14.29688,14.00391,14.17969,0.106201,0.102539,0.10498,0.106201,0.096436,0.097656,0.111084,0.108643,0.111084,0.10376,0.108643
2017-03-05T02:40:00Z,209.53125,223.59375,222.1875,225.70313,223.94531,227.46094,222.89063,226.75781,229.57031,225.70313,234.14063,221.13281,10.13672,8.37891,10.07813,10.54688,10.42969,11.77734,12.36328,12.94922,13.24219,14.00391,14.82422,15.0,15.11719,0.092773,0.10498,0.153809,0.111084,0.090332,0.102539,0.095215,0.12085,0.093994,0.085449,0.087891
2017-03-05T02:50:00Z,216.21094,225.35156,226.05469,228.51563,228.16406,229.92188,230.97656,228.16406,231.32813,232.38281,232.03125,233.78906,10.07813,7.91016,9.96094,10.72266,10.72266,11.42578,12.83203,12.94922,13.82813,13.59375,13.88672,14.82422,15.35156,0.135498,0.109863,0.12085,0.144043,0.081787,0.10498,0.090332,0.12207,0.12085,0.102539,0.10376
2017-03-05T03:00:00Z,217.26563,222.1875,228.16406,223.94531,229.57031,233.08594,235.19531,233.78906,234.84375,232.03125,234.49219,232.03125,9.43359,7.85156,10.07813,10.95703,10.37109,11.66016,12.30469,13.24219,13.82813,14.12109,14.29688,14.76563,15.11719,0.096436,0.102539,0.096436,0.085449,0.108643,0.097656,0.098877,0.112305,0.118408,0.085449,0.097656
2017-03-05T03:10:00Z,215.15625,222.89063,223.59375,222.1875,227.8125,229.92188,229.57031,233.4375,232.38281,230.625,231.67969,235.19531,10.01953,7.79297,9.66797,10.78125,10.37109,11.48438,12.01172,12.53906,13.24219,13.71094,14.41406,14.41406,14.41406,0.126953,0.114746,0.100098,0.109863,0.117188,0.111084,0.102539,0.106201,0.10498,0.115967,0.090332
2017-03-05T03:20:00Z,214.80469,220.42969,225.35156,224.64844,224.64844,223.59375,227.8125,226.40625,233.4375,229.57031,229.57031,232.73438,9.96094,7.38281,9.84375,10.3125,10.48828,11.42578,12.53906,13.41797,14.17969,14.82422,14.64844,15.46875,16.23047,0.097656,0.102539,0.119629,0.118408,0.097656,0.10376,0.119629,0.111084,0.124512,0.123291,0.109863
2017-03-05T03:30:00Z,215.50781,228.51563,229.92188,229.57031,232.38281,232.03125,234.49219,234.84375,234.84375,235.54688,235.89844,236.95313,10.83984,7.79297,11.30859,12.07031,12.07031,13.00781,14.0625,14.58984,15.35156,15.76172,16.17188,16.64063,16.52344,0.10376,0.119629,0.107422,0.106201,0.130615,0.108643,0.125732,0.119629,0.107422,0.098877,0.12207
2017-03-05T03:40:00Z,223.59375,222.1875,220.07813,222.89063,222.1875,222.53906,223.94531,224.64844,225.35156,223.59375,225.70313,226.05469,11.19141,8.78906,10.78125,11.77734,11.71875,12.71484,13.53516,13.82813,14.41406,15.11719,15.05859,15.41016,15.9375,0.107422,0.117188,0.114746,0.123291,0.101318,0.124512,0.107422,0.095215,0.106201,0.124512,0.10376
2017-03-05T03:50:00Z,217.26563,214.10156,214.10156,210.9375,214.80469,216.91406,220.07813,220.07813,221.83594,222.53906,227.10938,229.21875,10.60547,8.49609,10.89844,11.13281,11.54297,11.89453,12.83203,13.18359,13.53516,14.12109,14.58984,14.94141,15.41016,0.135498,0.123291,0.092773,0.137939,0.128174,0.135498,0.118408,0.111084,0.12207,0.131836,0.109863
2017-03-05T04:00:00Z,209.53125,206.71875,205.66406,206.71875,209.53125,210.23438,212.34375,212.34375,216.21094,219.72656,221.83594,221.48438,10.72266,8.32031,9.84375,10.78125,10.3125,11.48438,12.12891,12.59766,12.77344,13.71094,14.17969,14.0625,14.12109,0.128174,0.136719,0.115967,0.126953,0.128174,0.111084,0.13916,0.08667,0.093994,0.13916,0.126953
2017-03-05T04:10:00Z,206.36719,207.42188,208.82813,206.01563,210.9375,213.04688,215.50781,216.91406,216.91406,218.67188,219.72656,224.29688,11.07422,8.37891,10.89844,11.54297,11.07422,12.1875,13.125,13.71094,14.17969,14.41406,15.11719,15.58594,15.99609,0.08667,0.140381,0.123291,0.113525,0.125732,0.096436,0.12207,0.108643,0.109863,0.119629,0.079346
2017-03-05T04:20:00Z,206.36719,213.39844,212.34375,212.34375,211.99219,212.69531,215.15625,217.61719,221.48438,221.48438,223.24219,224.64844,10.37109,8.49609,10.89844,11.48438,11.66016,12.30469,13.35938,14.23828,15.05859,15.05859,14.82422,15.17578,15.11719,0.10376,0.145264,0.144043,0.107422,0.109863,0.125732,0.109863,0.118408,0.141602,0.114746,0.151367
2017-03-05T04:30:00Z,210.58594,210.23438,210.9375,209.88281,211.64063,212.69531,214.80469,216.5625,218.32031,218.67188,220.78125,222.53906,10.95703,8.90625,11.48438,12.42188,12.24609,13.30078,13.76953,14.64844,14.94141,14.88281,15.29297,15.64453,15.76172,0.136719,0.134277,0.119629,0.126953,0.115967,0.111084,0.087891,0.126953,0.155029,0.118408,0.124512
2017-03-05T04:40:00Z,211.64063,212.34375,213.39844,211.99219,215.15625,216.5625,219.375,220.78125,222.89063,222.53906,225.0,225.35156,11.19141,9.31641,12.30469,12.83203,12.24609,13.71094,14.29688,15.05859,15.70313,16.58203,17.28516,17.75391,17.05078,0.133057,0.13916,0.142822,0.144043,0.130615,0.118408,0.129395,0.12085,0.134277,0.095215,0.096436
2017-03-05T04:50:00Z,214.80469,217.26563,217.26563,217.96875,217.96875,219.375,222.1875,222.53906,225.0,225.0,227.46094,229.92188,12.48047,9.96094,12.1875,12.89063,12.65625,13.76953,14.23828,14.88281,15.05859,15.82031,16.875,17.16797,17.16797,0.118408,0.106201,0.109863,0.130615,0.118408,0.112305,0.145264,0.123291,0.090332,0.126953,0.098877
2017-03-05T05:00:00Z,216.21094,215.15625,213.75,219.02344,216.91406,216.5625,220.42969,222.89063,225.0,224.29688,225.70313,228.16406,11.54297,9.60938,11.54297,12.07031,12.12891,12.77344,13.47656,14.64844,14.76563,15.35156,15.29297,16.52344,16.81641,0.115967,0.124512,0.131836,0.130615,0.130615,0.119629,0.106201,0.140381,0.151367,0.112305,0.123291
2017-03-05T05:10:00Z,214.80469,216.21094,219.02344,221.83594,219.375,220.42969,221.48438,227.8125,222.1875,225.70313,225.0,228.86719,11.13281,9.25781,11.30859,12.30469,12.1875,12.89063,14.12109,14.70703,15.05859,15.17578,15.76172,17.05078,17.16797,0.136719,0.129395,0.12207,0.10498,0.10376,0.119629,0.106201,0.101318,0.155029,0.12207,0.109863
2017-03-05T05:20:00Z,216.91406,220.78125,221.83594,217.96875,221.48438,221.48438,223.59375,223.59375,226.40625,227.46094,226.75781,228.16406,11.60156,9.49219,11.77734,12.07031,12.53906,13.06641,14.00391,14.47266,15.52734,15.76172,16.28906,17.28516,17.8125,0.111084,0.12085,0.100098,0.097656,0.145264,0.119629,0.113525,0.111084,0.097656,0.114746,0.10498
2017-03-05T05:30:00Z,217.26563,214.45313,217.96875,215.15625,220.07813,221.83594,222.1875,223.94531,225.70313,227.10938,226.05469,228.86719,11.25,9.49219,11.89453,12.65625,12.1875,13.35938,13.59375,14.70703,15.41016,16.40625,16.75781,17.40234,17.16797,0.131836,0.101318,0.133057,0.109863,0.123291,0.117188,0.12207,0.12085,0.125732,0.124512,0.090332
2017-03-05T05:40:00Z,216.21094,218.67188,219.72656,219.02344,221.13281,222.89063,223.24219,223.24219,226.40625,226.40625,227.10938,227.8125,11.54297,9.49219,11.66016,12.01172,12.12891,13.41797,14.53125,14.47266,15.87891,16.11328,16.28906,16.34766,16.75781,0.101318,0.126953,0.123291,0.092773,0.084229,0.125732,0.097656,0.08667,0.12207,0.125732,0.085449
2017-03-05T05:50:00Z,216.91406,216.91406,218.67188,217.96875,220.78125,220.42969,224.29688,225.35156,226.40625,227.46094,225.70313,227.46094,11.66016,9.60938,11.71875,12.48047,12.1875,13.125,14.00391,14.82422,15.35156,15.87891,16.11328,16.46484,16.75781,0.102539,0.095215,0.111084,0.124512,0.091553,0.095215,0.107422,0.10376,0.093994,0.097656,0.083008
2017-03-05T06:00:00Z,213.39844,209.53125,208.82813,207.42188,209.17969,210.58594,211.28906,213.04688,214.10156,218.67188,221.83594,217.26563,11.25,9.19922,10.3125,10.54688,10.72266,11.13281,11.77734,12.12891,12.65625,13.125,13.88672,14.0625,14.41406,0.114746,0.101318,0.136719,0.12085,0.118408,0.147705,0.152588,0.141602,0.129395,0.141602,0.145264
2017-03-05T06:10:00Z,203.20313,207.42188,206.71875,207.07031,206.71875,208.125,209.17969,211.28906,211.28906,212.69531,214.10156,219.02344,10.25391,8.14453,10.19531,10.19531,10.42969,11.13281,11.83594,12.24609,12.1875,12.59766,12.89063,13.18359,13.47656,0.098877,0.096436,0.111084,0.092773,0.067139,0.107422,0.10376,0.085449,0.101318,0.109863,0.089111
2017-03-05T06:20:00Z,206.36719,208.125,208.47656,208.125,207.07031,208.125,211.64063,213.04688,215.50781,215.50781,217.26563,214.80469,10.25391,8.55469,11.30859,11.54297,11.83594,12.77344,13.65234,14.29688,14.47266,14.0625,13.94531,14.0625,14.12109,0.114746,0.12207,0.109863,0.107422,0.113525,0.124512,0.102539,0.089111,0.078125,0.098877,0.096436
2017-03-05T06:30:00Z,206.71875,205.3125,202.85156,207.42188,208.125,209.53125,212.34375,213.04688,211.99219,217.61719,218.67188,217.26563,11.54297,9.49219,11.48438,12.07031,12.30469,13.06641,13.94531,14.47266,14.41406,15.05859,14.47266,14.41406,14.76563,0.091553,0.089111,0.125732,0.101318,0.083008,0.095215,0.098877,0.084229,0.119629,0.074463,0.095215
2017-03-05T06:40:00Z,205.66406,207.07031,206.71875,205.66406,204.60938,208.47656,208.47656,210.9375,213.39844,215.85938,219.02344,220.42969,11.42578,9.43359,11.36719,11.60156,12.01172,12.65625,13.47656,13.82813,14.64844,15.05859,14.94141,14.88281,14.47266,0.115967,0.125732,0.08667,0.112305,0.129395,0.08667,0.068359,0.114746,0.101318,0.100098,0.079346
2017-03-05T06:50:00Z,205.66406,205.66406,206.36719,207.07031,208.125,211.64063,209.53125,209.88281,209.88281,211.28906,214.10156,215.50781,11.60156,9.43359,11.89453,12.65625,12.36328,13.24219,13.82813,14.29688,14.82422,15.70313,16.23047,16.23047,15.64453,0.083008,0.131836,0.12207,0.081787,0.073242,0.10376,0.096436,0.059814,0.097656,0.076904,0.113525
2017-03-05T07:00:00Z,204.96094,204.96094,203.20313,205.3125,204.96094,206.01563,206.36719,208.125,208.82813,209.53125,211.99219,215.15625,12.59766,9.96094,12.77344,13.41797,13.30078,14.82422,15.35156,16.05469,16.875,17.05078,16.875,17.10938,16.34766,0.108643,0.085449,0.118408,0.081787,0.085449,0.063477,0.078125,0.081787,0.093994,0.107422,0.081787
2017-03-05T07:10:00Z,203.90625,201.09375,202.85156,201.44531,202.5,204.60938,202.5,202.5,204.25781,208.125,208.47656,211.64063,13.24219,11.07422,12.71484,13.65234,13.18359,14.41406,15.11719,15.70313,16.17188,16.93359,17.22656,16.875,16.64063,0.117188,0.102539,0.113525,0.098877,0.075684,0.12085,0.070801,0.090332,0.109863,0.063477,0.100098
2017-03-05T07:20:00Z,201.44531,197.57813,196.875,200.03906,197.57813,198.28125,197.57813,198.28125,201.09375,202.85156,203.20313,202.5,12.65625,10.48828,12.30469,12.94922,12.65625,13.65234,14.23828,14.35547,15.58594,15.87891,16.28906,16.28906,16.23047,0.134277,0.119629,0.111084,0.097656,0.109863,0.10376,0.084229,0.089111,0.095215,0.10498,0.113525
2017-03-05T07:30:00Z,196.17188,195.46875,195.46875,192.65625,195.82031,195.11719,197.57813,198.63281,202.5,202.85156,200.03906,202.14844,11.83594,9.96094,11.25,12.07031,11.77734,12.89063,13.53516,14.17969,14.58984,14.76563,14.76563,15.41016,16.46484,0.124512,0.134277,0.100098,0.098877,0.087891,0.125732,0.084229,0.12085,0.098877,0.096436,0.089111
2017-03-05T07:40:00Z,193.71094,194.41406,194.76563,194.0625,193.71094,192.65625,194.0625,197.22656,197.22656,197.57813,201.79688,200.74219,12.1875,9.60938,11.66016,12.01172,11.83594,12.77344,13.41797,14.17969,14.12109,14.70703,15.46875,15.76172,16.23047,0.124512,0.115967,0.131836,0.090332,0.093994,0.128174,0.096436,0.10498,0.087891,0.089111,0.125732
2017-03-05T07:50:00Z,194.41406,196.17188,194.0625,195.82031,196.52344,194.41406,196.52344,198.63281,199.6875,199.33594,197.92969,200.74219,12.65625,9.78516,12.36328,12.71484,12.53906,13.94531,14.23828,14.53125,15.41016,15.70313,15.35156,16.11328,16.58203,0.125732,0.147705,0.130615,0.136719,0.063477,0.098877,0.109863,0.076904,0.107422,0.073242,0.101318
2017-03-05T08:00:00Z,193.71094,192.65625,194.76563,192.30469,193.71094,192.65625,196.52344,197.92969,196.875,198.28125,199.6875,199.33594,12.65625,10.3125,13.125,12.89063,12.89063,13.47656,14.70703,15.35156,15.11719,15.76172,16.64063,17.05078,16.69922,0.098877,0.08667,0.145264,0.085449,0.123291,0.098877,0.092773,0.124512,0.100098,0.112305,0.10498
2017-03-05T08:10:00Z,193.35938,193.35938,191.25,193.71094,196.875,197.92969,198.98438,196.17188,195.11719,200.03906,197.92969,202.85156,13.35938,10.78125,13.35938,13.94531,13.88672,14.70703,15.17578,15.52734,15.76172,16.40625,16.99219,17.40234,17.98828,0.108643,0.108643,0.123291,0.095215,0.10376,0.117188,0.119629,0.10498,0.093994,0.068359,0.089111
2017-03-05T08:20:00Z,195.46875,194.76563,192.30469,197.22656,193.35938,195.46875,195.82031,195.46875,194.0625,198.63281,198.28125,199.6875,13.88672,11.01563,13.18359,13.65234,13.82813,14.29688,15.29297,15.46875,15.82031,16.69922,17.28516,17.75391,17.87109,0.13916,0.151367,0.112305,0.113525,0.10376,0.148926,0.12085,0.117188,0.12085,0.079346,0.114746
2017-03-05T08:30:00Z,194.0625,194.76563,194.41406,194.76563,193.71094,194.41406,194.41406,197.92969,196.17188,197.57813,197.92969,197.92969,13.53516,11.19141,14.0625,13.94531,14.0625,14.35547,14.88281,15.58594,16.17188,16.11328,16.28906,16.875,17.16797,0.136719,0.109863,0.096436,0.114746,0.133057,0.119629,0.10498,0.10376,0.081787,0.117188,0.12085
2017-03-05T08:40:00Z,193.00781,188.78906,189.14063,190.89844,191.60156,191.95313,193.71094,192.30469,193.71094,196.52344,196.875,196.52344,14.64844,11.36719,13.00781,13.35938,13.65234,14.00391,14.58984,14.58984,14.82422,15.41016,16.46484,16.40625,16.58203,0.125732,0.113525,0.100098,0.107422,0.150146,0.114746,0.107422,0.131836,0.092773,0.112305,0.087891
2017-03-05T08:50:00Z,189.14063,187.38281,186.32813,187.73438,187.38281,188.08594,187.03125,187.38281,188.78906,190.54688,190.54688,190.89844,13.94531,10.72266,12.71484,12.83203,13.00781,13.59375,14.0625,14.64844,15.41016,15.46875,15.05859,15.0,16.75781,0.113525,0.106201,0.130615,0.112305,0.115967,0.096436,0.10376,0.081787,0.111084,0.095215,0.111084
2017-03-05T09:00:00Z,185.27344,187.38281,184.57031,187.03125,184.21875,185.97656,189.84375,190.19531,190.19531,187.38281,189.14063,190.54688,13.53516,10.54688,12.36328,12.30469,12.94922,13.71094,14.64844,15.05859,15.05859,15.11719,15.52734,16.28906,16.64063,0.135498,0.118408,0.08667,0.12085,0.10498,0.093994,0.118408,0.119629,0.100098,0.107422,0.075684
2017-03-05T09:10:00Z,184.92188,184.21875,187.03125,184.57031,185.97656,184.57031,184.57031,188.08594,188.4375,186.67969,187.38281,191.25,12.65625,10.13672,12.48047,12.89063,12.77344,13.125,13.76953,14.47266,15.0,14.88281,15.41016,16.34766,16.23047,0.118408,0.111084,0.108643,0.092773,0.118408,0.091553,0.100098,0.087891,0.101318,0.118408,0.089111
2017-03-05T09:20:00Z,184.21875,182.8125,181.40625,182.8125,182.10938,186.32813,185.27344,188.08594,187.38281,188.4375,190.89844,190.19531,12.94922,10.42969,12.12891,12.53906,12.53906,13.53516,13.53516,14.12109,14.58984,14.76563,15.41016,15.9375,15.99609,0.10498,0.123291,0.12207,0.106201,0.097656,0.100098,0.115967,0.096436,0.112305,0.117188,0.093994
2017-03-05T09:30:00Z,180.70313,181.05469,180.70313,178.24219,179.64844,181.40625,182.46094,182.10938,184.21875,184.92188,188.08594,188.4375,12.77344,10.25391,11.66016,12.01172,11.95313,12.59766,13.30078,13.24219,13.94531,14.70703,14.88281,15.0,14.94141,0.12085,0.125732,0.150146,0.123291,0.106201,0.117188,0.100098,0.087891,0.089111,0.123291,0.107422
2017-03-05T09:40:00Z,178.24219,178.94531,178.94531,180.35156,179.64844,181.40625,181.40625,180.35156,183.16406,186.67969,186.32813,184.92188,11.89453,9.96094,11.66016,12.1875,11.77734,12.71484,13.41797,13.53516,14.35547,15.23438,15.11719,15.11719,15.23438,0.109863,0.084229,0.140381,0.124512,0.13916,0.144043,0.114746,0.10376,0.130615,0.12085,0.111084
2017-03-05T09:50:00Z,178.59375,178.24219,177.1875,177.53906,179.64844,180.35156,180.35156,181.40625,181.05469,182.10938,183.51563,185.625,11.83594,9.66797,11.13281,12.07031,11.71875,12.77344,13.18359,13.65234,14.41406,15.0,15.41016,15.35156,15.76172,0.164795,0.113525,0.134277,0.076904,0.130615,0.100098,0.119629,0.106201,0.117188,0.129395,0.085449
2017-03-05T10:00:00Z,177.89063,178.94531,181.05469,181.05469,180.35156,177.89063,177.53906,178.94531,175.78125,178.94531,181.75781,184.92188,12.36328,9.55078,10.89844,11.83594,11.66016,12.07031,13.06641,13.35938,13.94531,14.17969,15.29297,15.35156,15.23438,0.12085,0.131836,0.107422,0.129395,0.091553,0.145264,0.097656,0.108643,0.106201,0.10376,0.113525
2017-03-05T10:10:00Z,177.89063,175.78125,176.13281,177.1875,174.375,175.78125,176.48438,178.24219,176.83594,177.1875,176.83594,179.29688,10.95703,9.14063,10.72266,11.36719,11.66016,12.1875,13.24219,13.59375,13.71094,14.00391,14.41406,14.94141,14.94141,0.12085,0.101318,0.123291,0.12207,0.109863,0.124512,0.124512,0.12085,0.12085,0.130615,0.147705
2017-03-05T10:20:00Z,175.42969,172.26563,176.83594,172.61719,175.78125,173.67188,174.02344,175.42969,173.32031,173.32031,174.72656,176.83594,11.13281,8.90625,10.83984,11.13281,10.54688,11.54297,12.07031,13.24219,13.18359,13.53516,14.00391,14.58984,14.17969,0.111084,0.113525,0.118408,0.106201,0.131836,0.123291,0.074463,0.10376,0.111084,0.109863,0.111084
2017-03-05T10:30:00Z,171.5625,170.85938,169.10156,172.26563,169.45313,171.21094,165.9375,168.39844,170.85938,172.96875,174.375,176.13281,11.07422,8.67188,10.3125,11.19141,10.95703,11.66016,12.1875,12.53906,13.53516,13.71094,13.76953,14.17969,14.53125,0.159912,0.140381,0.155029,0.142822,0.100098,0.159912,0.142822,0.102539,0.145264,0.136719,0.123291
2017-03-05T10:40:00Z,168.04688,170.85938,170.50781,170.85938,171.5625,171.21094,170.85938,169.80469,171.91406,170.85938,172.26563,173.67188,11.01563,8.49609,10.78125,11.48438,11.30859,12.24609,12.77344,13.24219,13.71094,14.23828,14.12109,14.23828,14.29688,0.147705,0.117188,0.111084,0.096436,0.113525,0.111084,0.107422,0.126953,0.106201,0.128174,0.141602
2017-03-05T10:50:00Z,168.75,167.69531,169.80469,168.04688,169.80469,169.80469,169.45313,169.10156,169.45313,171.91406,171.5625,173.67188,10.83984,8.55469,10.54688,10.95703,11.07422,11.42578,12.36328,12.65625,13.24219,14.12109,13.94531,13.94531,14.35547,0.12085,0.108643,0.130615,0.114746,0.108643,0.096436,0.115967,0.080566,0.106201,0.119629,0.098877
2017-03-05T11:00:00Z,163.82813,168.39844,166.99219,168.04688,169.45313,169.45313,168.04688,172.26563,173.32031,170.85938,172.61719,174.375,9.96094,8.26172,10.13672,10.66406,10.48828,11.60156,12.48047,12.94922,13.59375,13.24219,13.53516,13.88672,14.58984,0.137939,0.15625,0.147705,0.113525,0.114746,0.096436,0.096436,0.115967,0.131836,0.135498,0.090332
2017-03-05T11:10:00Z,165.9375,168.39844,167.69531,169.10156,170.15625,170.15625,173.67188,172.61719,172.96875,172.61719,173.67188,174.02344,9.84375,8.32031,10.25391,10.95703,11.01563,11.95313,12.71484,12.89063,13.30078,13.76953,13.88672,14.47266,14.58984,0.109863,0.117188,0.123291,0.115967,0.12085,0.093994,0.133057,0.095215,0.134277,0.118408,0.093994
2017-03-05T11:20:00Z,164.88281,168.39844,168.75,171.21094,168.39844,169.80469,171.91406,174.72656,173.32031,172.96875,174.72656,174.72656,10.37109,8.26172,10.54688,11.19141,11.30859,12.07031,13.125,13.88672,13.94531,14.35547,15.11719,15.23438,15.41016,0.146484,0.112305,0.114746,0.112305,0.125732,0.096436,0.10376,0.126953,0.111084,0.109863,0.112305
2017-03-05T11:30:00Z,168.04688,168.04688,170.15625,168.04688,169.10156,171.91406,170.15625,169.80469,169.80469,171.91406,172.61719,172.96875,10.78125,8.61328,11.19141,11.48438,11.48438,12.36328,12.53906,13.24219,13.94531,14.58984,15.17578,15.17578,15.23438,0.15625,0.146484,0.118408,0.148926,0.152588,0.098877,0.129395,0.140381,0.123291,0.114746,0.142822
2017-03-05T11:40:00Z,166.99219,169.45313,170.15625,171.91406,169.80469,170.85938,170.85938,171.21094,170.50781,171.91406,171.5625,172.26563,11.13281,8.55469,10.83984,11.25,10.89844,12.48047,13.24219,13.76953,13.88672,14.53125,14.53125,14.70703,15.17578,0.135498,0.152588,0.17334,0.141602,0.113525,0.128174,0.147705,0.093994,0.108643,0.123291,0.12085
2017-03-05T11:50:00Z,163.82813,167.34375,165.58594,168.04688,166.64063,166.64063,166.64063,167.34375,171.21094,170.15625,170.15625,170.85938,10.48828,8.55469,10.72266,11.19141,11.48438,12.30469,12.77344,13.30078,14.47266,14.70703,14.47266,14.94141,15.52734,0.170898,0.145264,0.147705,0.102539,0.137939,0.151367,0.112305,0.134277,0.130615,0.131836,0.140381
2017-03-05T12:00:00Z,161.71875,160.3125,163.125,165.58594,167.69531,168.75,168.39844,167.34375,169.10156,168.75,169.80469,167.34375,10.42969,8.49609,10.78125,12.24609,11.01563,13.125,13.47656,13.47656,13.82813,14.82422,15.05859,15.17578,14.82422,0.147705,0.124512,0.17334,0.081787,0.087891,0.095215,0.112305,0.112305,0.101318,0.124512,0.118408
2017-03-05T12:20:00Z,155.39063,165.23438,165.58594,165.58594,163.82813,166.28906,169.80469,171.5625,170.15625,172.61719,171.21094,171.91406,10.37109,7.96875,10.83984,11.60156,11.54297,12.01172,12.94922,13.76953,14.41406,14.88281,15.05859,14.94141,15.17578,0.148926,0.12207,0.12207,0.111084,0.155029,0.118408,0.10498,0.117188,0.12085,0.101318,0.097656
2017-03-05T12:30:00Z,156.79688,162.42188,162.42188,165.9375,162.07031,165.23438,164.88281,163.82813,165.23438,166.64063,167.69531,166.28906,9.60938,7.85156,10.95703,11.95313,11.71875,12.77344,13.53516,14.17969,14.58984,15.0,15.41016,15.35156,15.11719,0.107422,0.131836,0.169678,0.135498,0.107422,0.13916,0.124512,0.093994,0.128174,0.107422,0.131836
2017-03-05T12:40:00Z,152.92969,167.34375,165.9375,169.10156,169.10156,170.50781,169.45313,167.34375,168.75,169.10156,169.10156,167.69531,11.25,8.37891,10.83984,11.83594,11.54297,13.35938,14.12109,14.47266,14.76563,15.05859,15.52734,15.41016,15.23438,0.118408,0.130615,0.124512,0.10376,0.119629,0.10498,0.117188,0.135498,0.129395,0.119629,0.12207
2017-03-05T12:50:00Z,159.60938,175.42969,177.53906,176.48438,175.07813,174.02344,178.24219,178.59375,175.42969,175.42969,174.72656,176.13281,10.95703,8.49609,12.42188,13.41797,12.89063,13.88672,15.17578,15.58594,15.35156,15.64453,16.52344,16.40625,16.28906,0.140381,0.146484,0.131836,0.134277,0.137939,0.123291,0.119629,0.119629,0.125732,0.100098,0.128174
2017-03-05T13:00:00Z,169.80469,182.8125,179.64844,182.10938,180.35156,182.8125,184.21875,186.67969,186.32813,184.92188,183.51563,183.51563,13.35938,10.07813,12.53906,13.24219,12.89063,13.71094,14.53125,15.35156,15.46875,15.17578,15.41016,15.82031,16.40625,0.151367,0.141602,0.134277,0.125732,0.129395,0.118408,0.108643,0.115967,0.12085,0.118408,0.119629
2017-03-05T13:10:00Z,176.13281,184.57031,185.625,184.57031,185.27344,185.27344,187.38281,189.14063,188.78906,188.78906,188.4375,188.08594,12.01172,9.66797,14.17969,14.58984,14.58984,14.82422,15.23438,16.11328,16.81641,17.05078,17.40234,17.57813,17.34375,0.142822,0.136719,0.124512,0.123291,0.141602,0.114746,0.123291,0.136719,0.112305,0.141602,0.130615
2017-03-05T13:20:00Z,178.24219,190.54688,189.14063,192.30469,190.54688,190.89844,184.57031,187.03125,188.78906,187.38281,189.84375,189.14063,14.82422,11.36719,13.94531,14.47266,14.47266,14.82422,15.41016,15.87891,16.40625,16.64063,16.93359,17.05078,17.16797,0.133057,0.148926,0.128174,0.135498,0.08667,0.109863,0.098877,0.112305,0.124512,0.089111,0.147705
2017-03-05T13:30:00Z,179.29688,182.8125,179.29688,183.51563,184.92188,183.86719,185.27344,183.51563,183.86719,184.57031,183.16406,182.10938,13.30078,10.66406,12.30469,12.77344,12.42188,13.71094,14.17969,14.64844,15.0,15.82031,15.87891,16.40625,16.34766,0.115967,0.108643,0.118408,0.093994,0.097656,0.118408,0.109863,0.087891,0.118408,0.113525,0.101318
2017-03-05T13:40:00Z,173.32031,178.94531,185.27344,183.16406,187.03125,181.40625,181.75781,181.05469,180.35156,178.59375,179.29688,177.89063,12.77344,10.07813,13.125,13.47656,13.35938,13.59375,14.0625,14.94141,15.35156,15.35156,15.64453,15.82031,16.05469,0.124512,0.125732,0.112305,0.115967,0.109863,0.12085,0.131836,0.093994,0.128174,0.130615,0.12207
2017-03-05T13:50:00Z,172.26563,185.97656,182.8125,182.8125,177.53906,181.05469,181.75781,176.13281,179.29688,180.70313,178.94531,176.48438,13.30078,10.42969,12.77344,12.83203,13.65234,13.06641,14.00391,14.0625,15.17578,15.87891,16.17188,15.82031,15.46875,0.126953,0.126953,0.113525,0.123291,0.112305,0.109863,0.10498,0.126953,0.107422,0.102539,0.140381
2017-03-05T14:00:00Z,171.21094,175.07813,172.96875,174.72656,172.26563,169.80469,169.45313,169.80469,169.10156,171.91406,174.02344,170.85938,13.35938,10.25391,13.65234,13.53516,13.59375,13.76953,14.53125,15.05859,15.29297,15.87891,16.34766,16.58203,16.99219,0.144043,0.130615,0.148926,0.125732,0.152588,0.12085,0.124512,0.123291,0.095215,0.114746,0.113525
2017-03-05T14:10:00Z,161.36719,168.04688,172.96875,167.69531,172.61719,170.85938,174.72656,174.375,172.96875,175.42969,175.07813,175.07813,13.76953,10.66406,14.12109,14.23828,14.53125,14.29688,14.94141,15.41016,15.99609,16.81641,17.8125,18.39844,17.98828,0.117188,0.12207,0.117188,0.130615,0.12085,0.123291,0.12207,0.124512,0.097656,0.095215,0.112305
2017-03-05T14:20:00Z,163.47656,174.375,172.61719,172.61719,179.64844,178.59375,181.40625,178.94531,176.83594,174.375,172.61719,172.96875,14.70703,11.60156,14.41406,14.64844,14.88281,15.23438,15.82031,16.23047,16.81641,17.05078,17.63672,17.69531,18.80859,0.141602,0.170898,0.137939,0.15625,0.125732,0.140381,0.096436,0.112305,0.13916,0.134277,0.134277
2017-03-05T14:30:00Z,167.69531,177.53906,176.83594,174.02344,181.75781,178.24219,175.42969,174.72656,171.91406,171.91406,177.1875,177.89063,15.76172,11.19141,13.47656,14.23828,13.41797,15.05859,15.11719,14.94141,15.76172,16.23047,16.99219,18.04688,17.63672,0.150146,0.136719,0.13916,0.163574,0.141602,0.130615,0.140381,0.135498,0.140381,0.17334,0.142822
2017-03-05T14:40:00Z,168.75,178.94531,179.64844,177.89063,175.07813,176.13281,174.72656,172.26563,170.50781,170.50781,174.375,176.83594,14.12109,10.66406,12.36328,12.53906,12.83203,13.125,13.59375,13.53516,14.23828,14.47266,15.82031,15.87891,15.76172,0.166016,0.159912,0.136719,0.126953,0.142822,0.142822,0.111084,0.10376,0.125732,0.148926,0.130615
2017-03-05T14:50:00Z,165.9375,173.67188,169.10156,170.85938,173.32031,178.24219,177.53906,175.42969,177.89063,177.53906,177.53906,176.13281,12.89063,9.60938,13.24219,13.76953,13.76953,14.76563,15.05859,15.05859,16.46484,17.16797,17.22656,16.23047,16.69922,0.201416,0.185547,0.126953,0.147705,0.146484,0.15625,0.147705,0.161133,0.108643,0.101318,0.108643
2017-03-05T15:00:00Z,166.64063,170.85938,171.5625,174.375,171.91406,170.50781,172.96875,173.32031,174.375,174.72656,181.05469,182.46094,15.58594,11.07422,14.29688,14.58984,14.12109,14.94141,14.82422,15.0,15.70313,16.34766,17.22656,17.16797,17.34375,0.128174,0.169678,0.135498,0.142822,0.137939,0.155029,0.112305,0.133057,0.163574,0.159912,0.10376
2017-03-05T15:10:00Z,166.28906,176.48438,178.59375,179.29688,177.1875,178.59375,177.53906,175.07813,172.61719,174.72656,171.91406,171.21094,14.64844,11.42578,14.00391,14.41406,14.35547,15.23438,15.9375,16.40625,16.40625,16.81641,17.46094,17.46094,17.57813,0.175781,0.142822,0.13916,0.141602,0.13916,0.135498,0.112305,0.146484,0.136719,0.130615,0.12085
2017-03-05T15:20:00Z,166.28906,171.5625,173.67188,172.61719,173.67188,174.02344,171.21094,177.53906,177.1875,178.94531,178.24219,181.75781,14.94141,11.07422,13.125,13.125,13.06641,14.00391,13.94531,14.41406,14.94141,15.11719,15.52734,16.58203,17.05078,0.136719,0.148926,0.125732,0.141602,0.137939,0.150146,0.133057,0.111084,0.119629,0.10376,0.091553
2017-03-05T15:30:00Z,163.47656,170.15625,164.88281,170.15625,163.82813,165.23438,165.9375,169.10156,169.80469,173.32031,176.13281,172.26563,12.89063,10.01953,12.65625,13.06641,13.125,13.35938,14.0625,14.23828,14.88281,15.05859,15.46875,15.99609,16.58203,0.129395,0.134277,0.141602,0.167236,0.119629,0.144043,0.144043,0.133057,0.124512,0.125732,0.12085
2017-03-05T15:40:00Z,159.25781,162.42188,168.39844,163.47656,170.85938,169.10156,169.80469,172.96875,166.99219,180.35156,179.64844,179.64844,13.47656,10.25391,12.94922,12.77344,13.06641,12.94922,13.65234,14.58984,14.94141,15.64453,16.11328,16.28906,16.46484,0.125732,0.133057,0.126953,0.135498,0.142822,0.124512,0.158691,0.142822,0.114746,0.125732,0.114746
2017-03-05T15:50:00Z,158.20313,166.28906,166.28906,161.36719,165.23438,168.04688,168.39844,169.80469,176.48438,181.40625,176.13281,166.99219,12.30469,9.96094,11.60156,11.77734,11.77734,12.42188,12.89063,13.24219,13.82813,14.82422,14.64844,15.0,15.11719,0.123291,0.134277,0.134277,0.12085,0.106201,0.142822,0.135498,0.153809,0.153809,0.119629,0.115967
2017-03-05T16:00:00Z,164.88281,169.45313,170.85938,169.10156,170.85938,176.83594,177.53906,176.83594,186.32813,181.75781,187.73438,174.72656,13.94531,9.49219,11.60156,11.60156,11.54297,12.07031,12.36328,12.77344,13.65234,14.70703,15.35156,14.94141,14.82422,0.135498,0.155029,0.134277,0.13916,0.125732,0.131836,0.172119,0.15625,0.126953,0.164795,0.137939
2017-03-05T16:10:00Z,167.34375,174.72656,175.78125,175.78125,173.32031,174.72656,180.0,184.57031,185.97656,184.57031,183.51563,188.08594,11.01563,9.02344,11.01563,11.36719,11.89453,12.65625,13.82813,14.58984,14.53125,14.29688,15.23438,15.87891,15.99609,0.20874,0.161133,0.175781,0.177002,0.134277,0.152588,0.124512,0.134277,0.140381,0.162354,0.12085
2017-03-05T16:20:00Z,171.5625,178.24219,177.53906,177.1875,175.78125,176.83594,178.24219,184.21875,184.57031,187.38281,187.03125,193.35938,11.89453,9.66797,11.36719,11.71875,12.01172,12.12891,13.06641,13.65234,15.29297,15.46875,15.70313,15.41016,16.17188,0.167236,0.15625,0.10376,0.163574,0.147705,0.147705,0.145264,0.128174,0.146484,0.113525,0.144043
2017-03-05T16:30:00Z,168.75,171.91406,175.07813,172.96875,173.67188,176.83594,177.53906,177.1875,185.27344,181.05469,185.97656,181.05469,11.36719,9.19922,10.60547,11.25,10.60547,10.95703,11.07422,12.48047,12.77344,14.35547,14.12109,14.35547,14.58984,0.201416,0.159912,0.167236,0.153809,0.195313,0.164795,0.185547,0.144043,0.141602,0.133057,0.162354
2017-03-05T16:40:00Z,170.85938,170.85938,171.91406,171.5625,173.67188,174.375,179.29688,182.8125,181.40625,192.30469,180.0,164.53125,11.07422,8.37891,10.48828,11.54297,10.89844,11.95313,12.42188,12.65625,13.30078,13.76953,14.88281,15.35156,15.58594,0.145264,0.114746,0.163574,0.141602,0.13916,0.144043,0.141602,0.157471,0.129395,0.124512,0.133057
2017-03-05T16:50:00Z,170.50781,176.48438,176.48438,175.07813,177.53906,178.94531,179.64844,176.83594,181.75781,172.96875,174.375,174.02344,11.71875,9.25781,11.25,11.71875,11.60156,12.36328,12.42188,12.65625,13.24219,13.41797,14.23828,14.70703,14.29688,0.137939,0.137939,0.128174,0.136719,0.155029,0.157471,0.150146,0.15625,0.142822,0.137939,0.142822
2017-03-05T17:00:00Z,173.67188,172.61719,172.96875,174.72656,173.32031,174.72656,180.70313,175.78125,191.25,192.65625,177.89063,185.625,11.89453,9.55078,11.13281,11.89453,11.30859,12.01172,12.59766,12.89063,13.125,14.64844,15.41016,15.46875,15.58594,0.157471,0.107422,0.130615,0.134277,0.123291,0.131836,0.107422,0.150146,0.151367,0.130615,0.12085
2017-03-05T17:10:00Z,172.61719,169.10156,174.02344,172.96875,177.1875,176.83594,182.46094,184.57031,177.89063,189.14063,186.32813,197.22656,11.25,8.90625,10.48828,10.72266,10.3125,11.36719,11.83594,12.59766,12.89063,13.47656,14.53125,14.88281,15.46875,0.17334,0.137939,0.137939,0.181885,0.184326,0.150146,0.150146,0.184326,0.12085,0.128174,0.115967
2017-03-05T17:20:00Z,173.67188,177.89063,175.78125,176.48438,175.78125,175.78125,178.24219,182.10938,187.03125,186.67969,175.07813,185.97656,10.72266,8.4375,10.3125,10.3125,10.60547,11.25,11.83594,12.24609,12.53906,14.00391,14.76563,15.05859,14.76563,0.134277,0.130615,0.140381,0.133057,0.133057,0.161133,0.172119,0.12207,0.172119,0.134277,0.126953
2017-03-05T17:30:00Z,175.07813,175.42969,175.42969,177.89063,177.89063,178.94531,179.29688,188.4375,189.14063,191.25,178.59375,191.25,10.72266,8.4375,10.13672,11.07422,10.37109,11.66016,11.83594,12.24609,13.65234,14.58984,14.88281,15.35156,15.17578,0.13916,0.15625,0.146484,0.112305,0.130615,0.148926,0.124512,0.164795,0.153809,0.141602,0.117188
2017-03-05T17:40:00Z,177.89063,177.89063,178.94531,180.0,179.64844,181.75781,182.10938,182.8125,185.625,183.16406,184.21875,189.49219,11.07422,8.61328,10.95703,11.07422,11.48438,11.89453,12.12891,12.89063,12.94922,13.59375,14.00391,14.23828,14.41406,0.123291,0.144043,0.118408,0.10376,0.117188,0.115967,0.095215,0.146484,0.125732,0.118408,0.146484
2017-03-05T17:50:00Z,177.89063,179.64844,179.29688,177.1875,176.83594,178.59375,182.8125,184.92188,182.8125,183.51563,186.32813,191.25,10.95703,8.84766,10.48828,10.83984,11.13281,11.48438,12.42188,13.125,13.59375,14.29688,15.05859,15.17578,15.05859,0.126953,0.102539,0.092773,0.109863,0.093994,0.128174,0.10376,0.129395,0.10498,0.12207,0.109863
2017-03-05T18:00:00Z,176.83594,179.29688,183.16406,177.89063,180.35156,181.75781,181.05469,184.57031,184.21875,183.16406,192.65625,190.19531,10.72266,8.73047,10.89844,10.89844,10.83984,11.36719,11.89453,12.36328,13.00781,13.24219,13.59375,13.53516,13.82813,0.115967,0.096436,0.111084,0.107422,0.114746,0.115967,0.10376,0.130615,0.129395,0.130615,0.112305
2017-03-05T18:10:00Z,179.64844,179.29688,180.70313,179.29688,178.59375,180.70313,181.75781,183.51563,181.40625,185.625,189.84375,194.41406,10.25391,8.49609,10.19531,10.83984,10.72266,11.36719,12.12891,12.71484,12.53906,13.35938,13.65234,13.82813,14.29688,0.125732,0.126953,0.12085,0.093994,0.089111,0.140381,0.111084,0.112305,0.128174,0.146484,0.093994
2017-03-05T18:20:00Z,178.24219,179.29688,181.75781,178.24219,178.24219,179.29688,182.10938,182.46094,181.40625,181.75781,183.16406,188.08594,10.95703,8.84766,9.90234,10.19531,10.37109,10.83984,11.77734,12.24609,12.24609,12.36328,12.59766,13.06641,13.18359,0.134277,0.134277,0.150146,0.131836,0.125732,0.117188,0.125732,0.141602,0.102539,0.119629,0.128174
2017-03-05T18:30:00Z,181.05469,176.83594,179.29688,177.89063,177.89063,178.24219,183.16406,182.46094,185.27344,188.78906,190.54688,192.65625,10.60547,8.02734,9.96094,10.42969,10.25391,10.48828,11.19141,12.36328,12.53906,13.06641,13.18359,13.125,13.41797,0.111084,0.136719,0.12207,0.107422,0.107422,0.087891,0.133057,0.097656,0.096436,0.111084,0.075684
2017-03-05T18:40:00Z,175.42969,180.0,179.64844,177.1875,178.94531,180.70313,182.46094,184.57031,185.97656,191.25,194.0625,195.46875,9.90234,8.32031,10.19531,10.19531,10.60547,11.19141,11.89453,12.42188,12.83203,13.06641,13.53516,13.53516,14.12109,0.087891,0.115967,0.133057,0.111084,0.070801,0.096436,0.089111,0.076904,0.093994,0.074463,0.074463
2017-03-05T18:50:00Z,176.83594,176.83594,175.78125,177.89063,178.24219,180.35156,184.92188,187.73438,188.78906,185.625,189.14063,195.46875,9.96094,8.26172,9.84375,10.25391,10.25391,10.78125,11.36719,11.77734,12.65625,12.53906,12.77344,13.125,13.35938,0.10498,0.12085,0.119629,0.091553,0.098877,0.10498,0.062256,0.091553,0.097656,0.083008,0.097656
2017-03-05T19:00:00Z,178.24219,185.97656,187.03125,187.38281,190.19531,191.60156,196.17188,195.46875,196.52344,201.79688,202.5,207.07031,10.60547,8.26172,10.42969,10.89844,10.72266,11.77734,11.95313,12.01172,11.89453,12.42188,12.48047,12.59766,12.36328,0.068359,0.093994,0.119629,0.131836,0.083008,0.08667,0.102539,0.081787,0.083008,0.100098,0.093994
2017-03-05T19:10:00Z,186.32813,184.92188,185.625,186.67969,188.78906,190.19531,193.00781,196.17188,197.92969,202.5,206.01563,206.36719,10.3125,8.55469,10.54688,11.19141,10.72266,11.66016,12.12891,12.24609,12.48047,12.48047,12.48047,12.71484,12.42188,0.089111,0.090332,0.109863,0.096436,0.079346,0.083008,0.102539,0.10498,0.074463,0.092773,0.083008
2017-03-05T19:20:00Z,184.21875,187.03125,187.73438,185.625,187.73438,191.25,195.46875,202.5,202.5,210.58594,208.47656,210.23438,10.19531,8.61328,10.3125,10.60547,10.60547,11.77734,12.12891,12.30469,12.12891,12.30469,12.1875,12.12891,12.07031,0.108643,0.142822,0.114746,0.130615,0.124512,0.109863,0.109863,0.081787,0.098877,0.078125,0.097656
2017-03-05T19:30:00Z,185.27344,186.67969,189.14063,186.32813,188.78906,192.30469,197.92969,200.74219,204.96094,207.77344,208.47656,208.125,10.01953,8.14453,10.54688,10.48828,10.60547,11.54297,12.36328,12.65625,12.36328,12.59766,12.30469,12.12891,12.07031,0.096436,0.108643,0.091553,0.080566,0.085449,0.097656,0.079346,0.111084,0.095215,0.08667,0.100098
2017-03-05T19:40:00Z,184.92188,185.97656,184.57031,184.57031,186.67969,190.19531,194.0625,196.875,199.33594,203.20313,206.01563,208.47656,10.01953,8.4375,10.25391,10.54688,10.95703,11.71875,12.42188,12.83203,12.65625,12.83203,12.30469,12.30469,12.07031,0.090332,0.084229,0.074463,0.079346,0.08667,0.090332,0.081787,0.057373,0.063477,0.065918,0.079346
2017-03-05T19:50:00Z,182.8125,186.67969,186.32813,187.38281,187.73438,191.60156,197.22656,200.03906,200.39063,204.60938,209.17969,210.58594,10.19531,8.32031,9.84375,10.37109,10.37109,11.36719,12.07031,12.36328,12.24609,12.77344,12.83203,12.65625,12.53906,0.085449,0.093994,0.084229,0.101318,0.085449,0.087891,0.093994,0.078125,0.079346,0.090332,0.098877
2017-03-05T20:00:00Z,183.51563,189.84375,189.84375,189.84375,193.35938,197.57813,201.09375,204.96094,208.47656,208.82813,210.58594,211.64063,9.25781,7.96875,9.49219,9.84375,10.01953,10.83984,11.36719,11.60156,11.89453,12.24609,12.36328,12.30469,12.42188,0.125732,0.108643,0.081787,0.108643,0.078125,0.114746,0.090332,0.083008,0.074463,0.06958,0.101318
2017-03-05T20:10:00Z,186.32813,190.19531,193.00781,193.00781,195.82031,199.33594,203.90625,205.3125,208.47656,210.58594,204.96094,212.69531,9.25781,7.5,9.375,10.13672,9.90234,10.95703,11.60156,11.95313,12.12891,12.1875,12.42188,12.77344,12.94922,0.12085,0.102539,0.092773,0.091553,0.081787,0.090332,0.087891,0.096436,0.057373,0.080566,0.100098
2017-03-05T20:20:00Z,191.60156,192.30469,193.71094,191.25,195.82031,198.98438,201.44531,202.5,205.3125,210.23438,210.23438,211.64063,9.19922,7.67578,10.01953,10.66406,10.42969,11.30859,11.77734,12.07031,12.24609,12.65625,12.65625,12.24609,12.53906,0.102539,0.078125,0.111084,0.089111,0.106201,0.102539,0.117188,0.084229,0.091553,0.075684,0.087891
2017-03-05T20:30:00Z,190.89844,190.19531,192.30469,191.60156,195.46875,201.09375,203.20313,206.71875,206.36719,209.88281,210.58594,210.23438,9.19922,7.5,9.31641,9.72656,9.84375,10.60547,11.30859,12.01172,11.95313,12.24609,12.36328,12.30469,12.48047,0.109863,0.084229,0.106201,0.081787,0.072021,0.090332,0.093994,0.097656,0.080566,0.095215,0.109863
2017-03-05T20:40:00Z,189.84375,196.52344,199.6875,196.52344,198.98438,202.14844,203.55469,207.07031,210.58594,213.75,215.15625,216.21094,9.02344,7.26563,9.14063,9.60938,9.84375,10.19531,10.95703,11.36719,11.89453,12.42188,12.36328,12.42188,12.89063,0.118408,0.089111,0.115967,0.111084,0.100098,0.080566,0.112305,0.090332,0.068359,0.084229,0.085449
2017-03-05T20:50:00Z,189.84375,196.875,196.52344,197.57813,201.09375,204.96094,206.71875,208.125,214.10156,217.61719,214.10156,222.53906,8.49609,7.08984,8.67188,9.31641,9.43359,10.01953,10.72266,11.07422,11.71875,11.89453,12.42188,12.59766,12.94922,0.080566,0.093994,0.118408,0.113525,0.081787,0.081787,0.084229,0.062256,0.073242,0.109863,0.075684
2017-03-05T21:00:00Z,192.65625,202.14844,204.96094,205.3125,206.71875,211.99219,215.50781,218.32031,220.42969,222.1875,225.70313,226.05469,8.08594,6.85547,8.55469,8.84766,8.78906,9.55078,10.13672,10.78125,11.30859,12.30469,12.48047,12.24609,12.59766,0.12085,0.089111,0.097656,0.083008,0.108643,0.08667,0.067139,0.06958,0.059814,0.085449,0.090332
2017-03-05T21:10:00Z,196.17188,203.90625,206.71875,206.71875,210.58594,212.34375,218.32031,223.24219,227.46094,225.35156,227.46094,223.24219,7.73438,6.44531,7.85156,8.4375,8.08594,9.25781,10.54688,11.07422,11.77734,11.66016,11.71875,11.95313,12.07031,0.115967,0.126953,0.108643,0.115967,0.112305,0.091553,0.102539,0.083008,0.073242,0.096436,0.078125
2017-03-05T21:20:00Z,202.14844,204.25781,208.47656,208.47656,213.04688,219.375,221.48438,228.16406,223.59375,227.8125,229.57031,229.92188,7.73438,6.26953,8.84766,9.43359,9.25781,10.54688,11.25,11.89453,12.42188,12.24609,12.36328,12.36328,12.1875,0.130615,0.068359,0.080566,0.096436,0.115967,0.06958,0.095215,0.091553,0.096436,0.074463,0.111084
2017-03-05T21:30:00Z,205.3125,208.82813,211.28906,211.99219,216.5625,222.1875,227.46094,231.67969,230.97656,229.92188,231.32813,230.27344,8.02734,6.5625,8.20313,9.25781,9.02344,10.13672,11.25,11.30859,11.42578,11.42578,11.89453,11.66016,11.66016,0.092773,0.080566,0.087891,0.115967,0.101318,0.109863,0.096436,0.084229,0.101318,0.108643,0.107422
2017-03-05T21:40:00Z,204.60938,208.47656,214.10156,212.69531,216.21094,222.1875,225.35156,225.35156,227.10938,225.70313,229.92188,229.92188,7.85156,6.21094,8.26172,8.73047,8.84766,9.60938,10.19531,10.48828,10.89844,10.83984,11.25,11.19141,11.19141,0.102539,0.083008,0.12085,0.12085,0.098877,0.083008,0.114746,0.12207,0.079346,0.101318,0.087891
2017-03-05T21:50:00Z,202.14844,203.20313,205.66406,204.60938,210.58594,215.85938,217.96875,223.24219,221.83594,223.94531,222.89063,225.70313,6.73828,5.68359,7.61719,8.37891,8.08594,9.02344,9.43359,9.60938,9.96094,10.25391,10.66406,10.54688,10.54688,0.108643,0.08667,0.090332,0.107422,0.092773,0.096436,0.124512,0.108643,0.074463,0.078125,0.119629
2017-03-05T22:00:00Z,196.875,203.55469,206.71875,208.125,211.64063,217.26563,218.32031,222.53906,222.1875,222.1875,226.40625,227.10938,6.44531,5.33203,7.26563,8.14453,8.02734,8.78906,9.375,10.01953,10.19531,10.48828,10.78125,10.89844,10.83984,0.115967,0.093994,0.093994,0.080566,0.08667,0.100098,0.085449,0.091553,0.123291,0.065918,0.080566
2017-03-05T22:10:00Z,196.17188,196.17188,199.33594,196.52344,206.36719,213.04688,214.80469,217.96875,220.78125,222.53906,221.13281,222.89063,6.32813,5.33203,7.38281,8.02734,7.96875,8.49609,8.96484,9.66797,9.72656,10.01953,10.07813,10.13672,10.25391,0.101318,0.102539,0.098877,0.081787,0.10376,0.081787,0.083008,0.111084,0.092773,0.101318,0.109863
2017-03-05T22:20:00Z,188.08594,187.03125,191.25,191.60156,193.71094,202.14844,204.96094,206.36719,203.90625,246.79688,148.35938,250.66406,6.15234,5.21484,6.73828,7.26563,7.5,7.91016,8.78906,8.55469,8.84766,9.25781,9.43359,9.55078,9.55078,0.125732,0.081787,0.12085,0.148926,0.097656,0.093994,0.129395,0.089111,0.090332,0.085449,0.097656
2017-03-05T22:30:00Z,180.35156,184.21875,188.08594,188.4375,193.71094,198.98438,201.09375,204.96094,206.71875,205.66406,209.53125,208.125,6.50391,5.03906,7.55859,7.96875,7.96875,8.73047,9.14063,9.49219,9.49219,9.49219,9.66797,9.55078,9.84375,0.117188,0.075684,0.117188,0.087891,0.106201,0.089111,0.118408,0.102539,0.100098,0.118408,0.098877
2017-03-05T22:40:00Z,181.05469,184.57031,188.78906,187.38281,192.30469,196.875,201.79688,205.66406,202.14844,208.47656,209.53125,212.34375,6.79688,5.68359,7.73438,8.20313,8.02734,8.96484,9.72656,10.07813,10.3125,10.19531,10.01953,10.25391,10.25391,0.119629,0.115967,0.102539,0.093994,0.084229,0.096436,0.079346,0.098877,0.113525,0.097656,0.08667
2017-03-05T22:50:00Z,182.8125,185.97656,188.08594,188.78906,192.65625,198.63281,197.92969,202.5,203.90625,207.77344,204.96094,207.42188,6.67969,5.68359,7.55859,8.32031,8.14453,9.14063,9.31641,9.66797,10.07813,10.42969,10.25391,10.13672,9.90234,0.101318,0.080566,0.101318,0.109863,0.118408,0.106201,0.108643,0.096436,0.100098,0.100098,0.090332
2017-03-05T23:00:00Z,182.10938,189.14063,189.14063,189.84375,190.89844,194.41406,197.57813,201.09375,201.79688,204.25781,206.01563,211.28906,7.38281,5.97656,8.26172,8.84766,9.19922,9.84375,10.54688,10.72266,10.54688,10.48828,10.66406,10.60547,10.19531,0.107422,0.10376,0.090332,0.10498,0.106201,0.113525,0.075684,0.112305,0.133057,0.080566,0.100098
2017-03-05T23:10:00Z,186.67969,189.14063,191.95313,192.30469,193.00781,196.875,194.76563,197.22656,200.39063,201.79688,204.25781,206.01563,8.32031,6.79688,8.73047,9.60938,9.375,10.25391,11.07422,11.25,12.12891,12.24609,12.1875,12.01172,11.54297,0.093994,0.090332,0.12085,0.091553,0.098877,0.112305,0.119629,0.093994,0.093994,0.114746,0.087891
2017-03-05T23:20:00Z,188.78906,188.08594,184.92188,186.67969,186.67969,188.78906,189.84375,195.11719,197.92969,198.63281,201.09375,202.14844,8.26172,6.91406,8.55469,8.84766,9.25781,9.60938,10.13672,10.78125,11.07422,11.25,11.36719,11.77734,12.12891,0.10498,0.101318,0.117188,0.12085,0.135498,0.095215,0.112305,0.113525,0.106201,0.107422,0.111084
2017-03-05T23:30:00Z,184.21875,181.75781,182.46094,182.46094,187.03125,188.08594,191.60156,191.25,197.22656,198.98438,198.98438,201.09375,8.26172,6.79688,8.37891,8.78906,8.55469,9.60938,9.72656,10.37109,10.83984,11.54297,11.42578,11.71875,11.83594,0.134277,0.118408,0.145264,0.114746,0.131836,0.108643,0.114746,0.153809,0.111084,0.130615,0.124512
2017-03-05T23:40:00Z,182.10938,182.8125,184.57031,183.16406,184.92188,187.38281,190.54688,193.35938,197.57813,199.33594,202.5,204.96094,8.84766,6.73828,7.96875,8.4375,8.49609,8.90625,9.72656,10.25391,10.42969,10.72266,11.13281,11.30859,11.13281,0.137939,0.114746,0.13916,0.124512,0.098877,0.109863,0.133057,0.118408,0.106201,0.101318,0.107422
2017-03-05T23:50:00Z,179.29688,183.86719,184.57031,183.86719,185.97656,188.78906,190.19531,194.76563,198.28125,200.39063,202.85156,205.3125,7.79297,6.32813,7.85156,8.14453,7.96875,8.90625,9.31641,9.66797,10.07813,10.48828,10.89844,11.36719,11.48438,0.12085,0.130615,0.125732,0.098877,0.102539,0.119629,0.075684,0.129395,0.115967,0.092773,0.085449
