LOCATION: 
SYSTEM SERIAL: HKZA
TIMESTAMP (ISO-8601) UTC,WindDir004m deg,WindDir030m deg,WindDir040m deg,WindDir040m_ref deg,WindDir060m deg,WindDir080m deg,WindDir100m deg,WindDir120m deg,WindDir140m deg,WindDir160m deg,WindDir180m deg,WindDir200m deg,WindGust004m m/s,WindSpeed004m m/s,WindSpeed030mh m/s,WindSpeed040mh m/s,WindSpeed040m_refh m/s,WindSpeed060mh m/s,WindSpeed080mh m/s,WindSpeed100mh m/s,WindSpeed120mh m/s,WindSpeed140mh m/s,WindSpeed160mh m/s,WindSpeed180mh m/s,WindSpeed200mh m/s,TI 030m,TI 040m,TI 040m ref,TI 060m,TI 080m,TI 100m,TI 120m,TI 140m,TI 160m,TI 180m,TI 200m
2017-12-03T00:00:00Z,246.44531,253.82813,251.71875,254.53125,252.07031,251.36719,251.36719,254.88281,253.82813,250.3125,255.9375,254.53125,9.14063,7.67578,8.4375,8.49609,8.4375,8.61328,8.84766,8.90625,8.84766,8.67188,8.49609,8.73047,8.37891,0.111084,0.130615,0.091553,0.140381,0.111084,0.096436,0.096436,0.145264,0.130615,0.137939,0.142822
2017-12-03T00:10:00Z,249.25781,255.23438,253.47656,253.125,253.125,251.71875,253.47656,252.77344,252.77344,255.58594,251.01563,253.125,9.49219,7.67578,8.78906,8.90625,8.84766,8.78906,8.67188,8.84766,9.02344,8.90625,9.02344,8.73047,8.73047,0.107422,0.126953,0.130615,0.085449,0.108643,0.114746,0.115967,0.089111,0.091553,0.107422,0.108643
2017-12-03T00:20:00Z,247.85156,253.47656,251.71875,249.96094,251.71875,252.42188,252.77344,254.88281,253.125,256.99219,254.53125,254.53125,8.90625,7.32422,8.14453,8.08594,8.32031,8.32031,8.61328,8.73047,8.61328,8.67188,8.67188,8.49609,8.73047,0.141602,0.106201,0.136719,0.119629,0.128174,0.115967,0.136719,0.10376,0.068359,0.118408,0.136719
2017-12-03T00:30:00Z,247.85156,248.55469,254.17969,252.77344,250.66406,252.07031,250.3125,253.47656,253.47656,249.96094,256.28906,253.125,9.31641,7.61719,8.73047,8.96484,9.08203,8.73047,9.14063,9.02344,8.96484,9.14063,9.31641,9.08203,8.61328,0.106201,0.113525,0.097656,0.109863,0.090332,0.080566,0.109863,0.12085,0.084229,0.134277,0.155029
2017-12-03T00:40:00Z,246.09375,252.42188,251.01563,251.71875,248.90625,250.66406,250.3125,252.77344,250.66406,246.09375,250.3125,248.20313,9.96094,8.14453,9.25781,8.96484,9.31641,9.55078,9.49219,9.60938,9.49219,9.31641,9.375,9.375,9.375,0.123291,0.123291,0.109863,0.095215,0.124512,0.117188,0.092773,0.081787,0.097656,0.108643,0.092773
2017-12-03T00:50:00Z,247.5,248.55469,248.20313,250.3125,248.55469,248.90625,249.60938,250.66406,248.20313,248.90625,249.60938,252.07031,9.66797,8.08594,8.84766,9.02344,9.08203,9.02344,9.25781,9.375,9.25781,8.84766,9.19922,9.19922,9.14063,0.115967,0.096436,0.123291,0.107422,0.093994,0.089111,0.102539,0.10376,0.12085,0.108643,0.111084
2017-12-03T01:00:00Z,243.63281,247.14844,247.14844,249.25781,247.85156,249.25781,246.09375,249.25781,247.85156,248.20313,248.20313,249.96094,9.43359,7.79297,8.90625,9.19922,9.02344,8.96484,9.08203,8.96484,9.19922,9.08203,9.08203,8.84766,9.02344,0.131836,0.095215,0.089111,0.090332,0.115967,0.065918,0.096436,0.098877,0.12085,0.100098,0.087891
2017-12-03T01:10:00Z,240.82031,244.33594,242.22656,248.20313,246.44531,245.39063,246.09375,245.74219,246.44531,246.79688,244.6875,245.74219,9.96094,8.26172,9.02344,9.49219,9.25781,9.43359,9.49219,9.55078,9.55078,9.55078,9.19922,9.375,9.43359,0.107422,0.092773,0.118408,0.115967,0.085449,0.080566,0.087891,0.131836,0.100098,0.091553,0.095215
2017-12-03T01:20:00Z,242.92969,247.85156,248.55469,251.01563,248.55469,246.44531,252.42188,247.5,250.66406,251.01563,249.60938,254.17969,9.90234,7.91016,9.02344,9.19922,9.19922,9.08203,9.19922,9.375,9.19922,9.31641,8.84766,9.25781,9.31641,0.111084,0.125732,0.109863,0.117188,0.114746,0.10376,0.106201,0.095215,0.087891,0.101318,0.087891
2017-12-03T01:30:00Z,248.20313,254.88281,253.47656,253.82813,254.17969,255.23438,252.77344,252.42188,254.88281,256.99219,254.17969,257.34375,9.78516,8.02734,8.90625,9.14063,9.02344,9.25781,8.96484,8.84766,9.31641,9.25781,9.02344,9.02344,8.78906,0.128174,0.125732,0.145264,0.115967,0.137939,0.087891,0.12085,0.10376,0.157471,0.129395,0.085449
2017-12-03T01:40:00Z,247.5,251.71875,252.07031,253.125,251.01563,254.17969,253.125,252.07031,250.66406,252.07031,251.36719,252.42188,8.84766,7.14844,7.91016,8.08594,7.79297,8.61328,8.67188,8.37891,8.37891,8.14453,8.49609,8.61328,8.61328,0.123291,0.142822,0.113525,0.130615,0.166016,0.095215,0.098877,0.146484,0.119629,0.137939,0.131836
2017-12-03T01:50:00Z,249.96094,246.44531,248.55469,250.3125,248.20313,250.66406,250.66406,251.01563,247.5,249.96094,250.66406,249.96094,8.78906,7.20703,8.14453,8.49609,8.02734,8.14453,8.67188,8.73047,8.37891,8.49609,8.55469,9.19922,8.90625,0.137939,0.128174,0.131836,0.136719,0.111084,0.119629,0.117188,0.12207,0.112305,0.147705,0.090332
2017-12-03T02:00:00Z,246.09375,252.77344,251.36719,257.34375,255.9375,256.64063,251.01563,254.53125,252.07031,249.96094,254.53125,254.53125,9.14063,7.32422,7.85156,8.32031,8.32031,8.32031,8.49609,8.55469,8.84766,8.26172,8.73047,8.61328,8.67188,0.151367,0.129395,0.133057,0.126953,0.134277,0.155029,0.125732,0.135498,0.126953,0.128174,0.151367
2017-12-03T02:10:00Z,251.36719,256.99219,262.61719,255.58594,257.34375,257.34375,253.47656,255.23438,254.88281,255.58594,256.99219,255.23438,9.84375,7.20703,8.02734,7.61719,7.85156,7.96875,7.61719,7.85156,8.14453,8.32031,7.85156,8.26172,8.32031,0.177002,0.145264,0.172119,0.163574,0.164795,0.145264,0.174561,0.180664,0.174561,0.145264,0.167236
2017-12-03T02:20:00Z,252.07031,259.45313,260.15625,260.85938,261.5625,261.5625,261.21094,265.42969,257.69531,263.67188,261.21094,258.04688,8.02734,5.85938,6.44531,6.32813,6.50391,6.44531,6.5625,6.67969,6.26953,6.50391,6.97266,6.79688,6.97266,0.167236,0.17334,0.183105,0.162354,0.222168,0.19043,0.186768,0.198975,0.141602,0.140381,0.15625
2017-12-03T02:30:00Z,267.1875,270.70313,270.70313,274.21875,271.40625,268.24219,270.35156,268.24219,268.94531,269.29688,268.24219,268.24219,8.02734,6.15234,7.67578,7.5,7.5,8.02734,8.14453,7.91016,8.4375,8.02734,8.26172,8.20313,8.02734,0.183105,0.186768,0.145264,0.147705,0.151367,0.168457,0.151367,0.150146,0.151367,0.141602,0.168457
2017-12-03T02:40:00Z,267.53906,269.29688,271.05469,270.35156,270.35156,271.75781,266.48438,267.89063,269.64844,267.89063,270.35156,265.07813,8.32031,6.85547,7.85156,7.73438,7.44141,8.02734,8.02734,8.08594,8.20313,8.4375,8.49609,8.55469,8.37891,0.155029,0.136719,0.166016,0.183105,0.166016,0.131836,0.137939,0.175781,0.187988,0.153809,0.140381
2017-12-03T02:50:00Z,266.13281,268.59375,270.0,270.0,267.89063,270.70313,269.64844,265.78125,265.07813,269.29688,266.83594,263.67188,8.49609,6.91406,7.61719,7.91016,7.61719,8.14453,8.08594,7.96875,8.14453,8.61328,8.37891,8.14453,8.61328,0.15625,0.150146,0.12085,0.155029,0.131836,0.166016,0.126953,0.114746,0.166016,0.142822,0.144043
2017-12-03T03:00:00Z,260.50781,263.67188,261.21094,264.02344,262.26563,266.83594,259.45313,260.15625,260.85938,260.85938,259.45313,262.96875,8.55469,6.62109,7.79297,7.67578,7.67578,7.91016,7.73438,7.61719,8.20313,8.08594,8.20313,8.02734,7.85156,0.137939,0.166016,0.202637,0.152588,0.153809,0.146484,0.15625,0.119629,0.134277,0.130615,0.134277
2017-12-03T03:10:00Z,255.58594,261.5625,260.15625,260.15625,262.61719,261.21094,256.99219,256.64063,259.80469,258.39844,258.04688,260.15625,8.26172,6.73828,7.91016,8.02734,7.73438,8.20313,8.14453,8.02734,8.08594,8.32031,8.02734,8.08594,7.91016,0.136719,0.150146,0.113525,0.12085,0.155029,0.097656,0.137939,0.080566,0.148926,0.119629,0.135498
2017-12-03T03:20:00Z,256.64063,265.07813,266.83594,264.72656,262.26563,262.96875,254.88281,258.75,258.39844,256.64063,254.88281,256.64063,8.90625,7.26563,8.08594,8.26172,8.55469,8.02734,7.96875,8.37891,8.32031,8.49609,8.20313,8.02734,8.26172,0.163574,0.148926,0.164795,0.163574,0.13916,0.162354,0.153809,0.140381,0.148926,0.174561,0.148926
2017-12-03T03:30:00Z,262.26563,261.21094,266.48438,264.72656,264.375,262.96875,261.5625,262.96875,265.42969,261.5625,259.10156,259.80469,9.14063,7.44141,8.67188,8.67188,8.84766,8.49609,8.78906,8.67188,8.61328,8.32031,8.55469,8.49609,8.37891,0.166016,0.146484,0.147705,0.151367,0.145264,0.119629,0.124512,0.106201,0.115967,0.126953,0.126953
2017-12-03T03:40:00Z,262.61719,265.78125,266.13281,264.02344,263.32031,263.67188,262.96875,263.67188,264.02344,263.32031,264.02344,265.78125,8.4375,6.91406,7.38281,7.67578,7.61719,7.61719,7.61719,7.61719,7.73438,7.61719,8.02734,8.02734,8.32031,0.163574,0.161133,0.106201,0.13916,0.174561,0.096436,0.137939,0.13916,0.115967,0.115967,0.089111
2017-12-03T03:50:00Z,261.91406,272.8125,263.67188,265.42969,268.24219,269.64844,266.13281,264.375,266.83594,265.07813,265.42969,266.83594,7.73438,6.38672,6.73828,6.91406,7.03125,6.85547,7.03125,6.79688,7.26563,7.55859,7.61719,7.91016,7.61719,0.164795,0.151367,0.175781,0.141602,0.146484,0.147705,0.170898,0.174561,0.133057,0.128174,0.129395
2017-12-03T04:00:00Z,271.40625,278.4375,281.60156,279.14063,276.67969,275.27344,274.21875,273.16406,271.05469,266.83594,266.48438,268.59375,8.02734,6.38672,7.61719,7.38281,7.55859,7.32422,7.61719,7.85156,7.79297,7.67578,7.61719,7.96875,7.85156,0.148926,0.202637,0.197754,0.213623,0.148926,0.167236,0.146484,0.170898,0.148926,0.155029,0.12085
2017-12-03T04:10:00Z,274.92188,278.4375,275.97656,277.38281,276.32813,274.21875,279.14063,277.38281,277.38281,273.86719,274.92188,274.21875,8.4375,6.73828,7.03125,7.20703,7.03125,7.20703,7.73438,7.73438,7.55859,7.5,7.85156,7.67578,7.91016,0.200195,0.144043,0.150146,0.136719,0.159912,0.137939,0.158691,0.183105,0.148926,0.150146,0.128174
2017-12-03T04:20:00Z,273.16406,276.32813,278.08594,276.32813,273.86719,274.57031,280.19531,276.67969,278.4375,279.84375,277.73438,277.03125,8.26172,6.32813,7.44141,7.08984,7.14844,7.26563,7.61719,7.61719,7.44141,7.5,7.55859,7.38281,7.38281,0.12207,0.163574,0.166016,0.131836,0.129395,0.150146,0.125732,0.118408,0.175781,0.157471,0.128174
2017-12-03T04:30:00Z,271.40625,269.29688,272.10938,275.97656,273.16406,272.8125,275.97656,270.35156,272.8125,277.38281,274.57031,271.40625,7.55859,6.32813,7.08984,7.14844,7.26563,7.20703,7.32422,7.38281,7.26563,7.20703,7.26563,7.14844,7.32422,0.181885,0.119629,0.134277,0.119629,0.167236,0.161133,0.109863,0.170898,0.17334,0.172119,0.175781
2017-12-03T04:40:00Z,273.86719,282.30469,278.4375,279.84375,279.49219,282.30469,283.71094,279.84375,278.4375,277.03125,279.14063,277.38281,8.02734,6.5625,7.5,7.5,7.67578,7.91016,7.73438,7.67578,7.26563,7.20703,7.5,7.79297,7.26563,0.130615,0.146484,0.137939,0.124512,0.147705,0.177002,0.164795,0.15625,0.13916,0.144043,0.131836
2017-12-03T04:50:00Z,280.89844,284.0625,283.00781,285.82031,287.92969,284.41406,283.35938,281.25,283.00781,283.00781,282.65625,283.35938,8.08594,6.67969,7.79297,7.55859,7.44141,7.67578,7.44141,7.44141,7.44141,7.96875,7.5,7.61719,7.14844,0.15625,0.162354,0.146484,0.147705,0.17334,0.158691,0.183105,0.150146,0.151367,0.17334,0.146484
2017-12-03T05:00:00Z,279.84375,279.84375,279.49219,284.0625,277.03125,278.78906,277.03125,278.4375,281.60156,273.16406,275.27344,279.14063,8.73047,6.32813,7.03125,7.32422,7.20703,7.03125,7.61719,7.5,7.26563,6.79688,6.85547,7.14844,7.38281,0.152588,0.152588,0.181885,0.148926,0.180664,0.151367,0.183105,0.168457,0.159912,0.172119,0.150146
2017-12-03T05:10:00Z,278.78906,282.30469,283.71094,286.875,285.46875,281.95313,281.60156,278.4375,281.60156,279.49219,275.27344,277.38281,8.02734,6.62109,7.44141,7.67578,7.44141,7.5,7.44141,7.14844,7.73438,7.32422,7.03125,6.97266,7.32422,0.136719,0.157471,0.150146,0.140381,0.128174,0.184326,0.114746,0.126953,0.142822,0.195313,0.146484
2017-12-03T05:20:00Z,280.19531,283.71094,285.46875,281.25,283.35938,283.35938,283.71094,283.71094,284.41406,282.30469,287.22656,280.89844,8.26172,6.73828,7.67578,7.44141,7.5,7.5,7.5,7.44141,7.79297,7.55859,7.67578,7.08984,7.26563,0.163574,0.128174,0.141602,0.161133,0.134277,0.142822,0.150146,0.158691,0.128174,0.20874,0.187988
2017-12-03T05:30:00Z,285.11719,294.96094,295.66406,294.60938,291.09375,291.44531,293.90625,295.66406,294.25781,288.63281,291.79688,294.25781,8.26172,6.5625,7.38281,7.5,7.67578,7.55859,7.85156,7.96875,7.61719,7.5,7.26563,7.67578,7.73438,0.097656,0.146484,0.169678,0.170898,0.131836,0.145264,0.152588,0.134277,0.141602,0.202637,0.140381
2017-12-03T05:40:00Z,284.41406,287.57813,292.5,287.57813,285.11719,288.63281,289.6875,291.44531,290.39063,290.03906,288.98438,292.85156,8.14453,6.5625,7.38281,7.20703,7.61719,7.20703,7.61719,7.5,7.55859,7.26563,7.14844,7.5,7.44141,0.157471,0.136719,0.131836,0.131836,0.158691,0.180664,0.115967,0.153809,0.19165,0.142822,0.162354
2017-12-03T05:50:00Z,282.65625,286.52344,284.0625,290.03906,288.28125,290.03906,290.39063,288.98438,287.57813,292.14844,294.25781,293.20313,8.08594,6.50391,7.03125,7.26563,7.08984,7.26563,7.26563,6.97266,6.91406,7.03125,7.20703,7.08984,6.50391,0.216064,0.133057,0.15625,0.187988,0.161133,0.126953,0.141602,0.195313,0.111084,0.150146,0.200195
2017-12-03T06:00:00Z,285.11719,288.98438,288.28125,288.63281,291.79688,288.28125,289.33594,285.82031,292.14844,286.52344,294.96094,292.85156,7.91016,6.32813,6.97266,7.44141,6.91406,7.08984,7.14844,6.62109,7.08984,6.85547,7.20703,7.08984,7.14844,0.12207,0.135498,0.133057,0.141602,0.142822,0.158691,0.12207,0.175781,0.162354,0.141602,0.109863
2017-12-03T06:10:00Z,286.52344,286.52344,294.60938,292.85156,288.63281,293.20313,289.6875,292.85156,290.03906,289.33594,294.25781,293.55469,7.73438,6.21094,6.85547,7.14844,7.14844,7.03125,7.08984,7.03125,7.03125,7.20703,7.32422,7.14844,6.67969,0.172119,0.10498,0.10498,0.137939,0.13916,0.180664,0.135498,0.10498,0.134277,0.158691,0.158691
2017-12-03T06:20:00Z,290.39063,291.79688,290.03906,293.55469,292.5,293.20313,290.74219,294.96094,296.01563,291.79688,292.5,293.90625,8.14453,6.62109,7.55859,7.5,7.96875,7.38281,7.44141,7.38281,7.67578,7.5,7.26563,7.20703,7.32422,0.128174,0.126953,0.152588,0.200195,0.151367,0.144043,0.124512,0.185547,0.151367,0.148926,0.167236
2017-12-03T06:30:00Z,296.01563,296.36719,300.9375,299.53125,299.88281,302.34375,299.88281,296.71875,300.9375,299.88281,300.23438,299.88281,8.55469,6.44531,7.08984,7.44141,6.91406,7.61719,7.20703,6.91406,7.20703,7.55859,7.5,7.32422,7.32422,0.13916,0.097656,0.198975,0.153809,0.144043,0.136719,0.108643,0.150146,0.144043,0.163574,0.152588
2017-12-03T06:40:00Z,298.125,294.96094,302.69531,296.71875,296.71875,301.64063,298.125,297.42188,301.99219,298.125,298.125,301.28906,7.96875,6.62109,7.67578,7.67578,7.32422,7.73438,7.55859,7.73438,7.91016,7.85156,7.73438,8.14453,7.73438,0.106201,0.161133,0.179443,0.128174,0.091553,0.144043,0.100098,0.085449,0.130615,0.141602,0.112305
2017-12-03T06:50:00Z,296.36719,299.88281,300.58594,299.17969,301.64063,300.23438,298.125,301.28906,303.75,301.99219,301.64063,298.47656,8.20313,6.38672,7.03125,6.91406,6.91406,7.14844,7.26563,7.32422,7.5,7.20703,7.20703,7.32422,7.55859,0.128174,0.141602,0.192871,0.13916,0.130615,0.152588,0.178223,0.13916,0.169678,0.162354,0.10498
2017-12-03T07:00:00Z,300.58594,304.10156,304.45313,304.10156,303.75,304.10156,305.50781,304.80469,304.80469,306.91406,306.91406,306.5625,7.55859,6.09375,7.08984,7.14844,6.85547,7.26563,7.26563,7.14844,7.44141,7.55859,7.61719,7.55859,7.67578,0.133057,0.129395,0.198975,0.151367,0.144043,0.155029,0.148926,0.153809,0.137939,0.196533,0.125732
2017-12-03T07:10:00Z,299.17969,299.88281,296.71875,300.23438,303.75,299.88281,301.28906,300.23438,300.9375,300.23438,301.28906,302.34375,7.96875,6.50391,7.08984,7.38281,7.38281,7.67578,7.85156,7.38281,7.61719,7.85156,7.67578,7.67578,7.85156,0.163574,0.148926,0.113525,0.113525,0.140381,0.147705,0.128174,0.177002,0.130615,0.114746,0.117188
2017-12-03T07:20:00Z,298.125,303.04688,302.34375,303.04688,304.45313,304.45313,302.69531,301.99219,302.34375,307.26563,305.15625,299.53125,8.32031,6.5625,7.55859,7.73438,7.73438,8.02734,7.67578,7.61719,8.02734,8.26172,8.08594,7.85156,7.79297,0.153809,0.140381,0.133057,0.130615,0.129395,0.147705,0.117188,0.123291,0.137939,0.12207,0.118408
2017-12-03T07:30:00Z,301.99219,304.80469,307.96875,304.10156,306.21094,304.10156,305.15625,301.64063,304.80469,304.10156,307.96875,301.99219,8.14453,6.67969,7.55859,7.73438,7.79297,7.79297,7.96875,7.85156,8.08594,8.02734,8.20313,8.14453,7.85156,0.151367,0.113525,0.167236,0.157471,0.134277,0.129395,0.119629,0.130615,0.12085,0.147705,0.118408
2017-12-03T07:40:00Z,303.39844,303.04688,303.04688,306.5625,305.15625,303.75,308.67188,304.80469,306.91406,306.21094,310.42969,307.96875,8.37891,6.50391,7.44141,7.55859,7.14844,7.67578,7.85156,7.85156,7.73438,7.67578,8.20313,8.02734,7.79297,0.155029,0.111084,0.153809,0.178223,0.141602,0.085449,0.137939,0.172119,0.133057,0.142822,0.157471
2017-12-03T07:50:00Z,304.10156,299.53125,301.28906,306.21094,302.69531,304.80469,302.69531,300.9375,304.80469,303.39844,302.34375,301.64063,8.26172,6.26953,6.67969,6.97266,6.5625,7.20703,7.32422,7.32422,7.55859,7.5,7.55859,8.02734,7.79297,0.129395,0.093994,0.167236,0.164795,0.144043,0.129395,0.142822,0.147705,0.123291,0.179443,0.153809
2017-12-03T08:00:00Z,303.75,304.10156,305.50781,307.96875,304.45313,307.61719,306.91406,306.91406,305.15625,307.96875,306.91406,307.61719,7.79297,6.26953,7.03125,7.08984,6.91406,7.14844,7.38281,7.61719,7.38281,7.44141,7.44141,7.79297,7.5,0.162354,0.150146,0.145264,0.140381,0.136719,0.148926,0.150146,0.126953,0.100098,0.146484,0.151367
2017-12-03T08:10:00Z,304.10156,305.15625,303.39844,304.80469,304.80469,305.50781,300.9375,310.07813,306.91406,304.45313,304.45313,307.26563,8.67188,6.62109,7.61719,7.55859,7.67578,7.85156,7.79297,8.20313,7.73438,7.38281,7.55859,7.96875,7.73438,0.137939,0.137939,0.147705,0.137939,0.134277,0.155029,0.148926,0.114746,0.102539,0.147705,0.096436
2017-12-03T08:20:00Z,306.91406,310.07813,309.72656,306.21094,306.21094,309.72656,308.32031,306.5625,303.39844,306.21094,309.375,308.67188,8.08594,6.67969,7.85156,7.85156,7.85156,7.91016,7.91016,7.73438,7.91016,7.79297,7.96875,8.02734,7.79297,0.124512,0.141602,0.12207,0.142822,0.133057,0.140381,0.12207,0.123291,0.134277,0.133057,0.137939
2017-12-03T08:30:00Z,307.96875,304.80469,307.26563,309.02344,307.61719,307.61719,308.32031,307.96875,305.50781,307.96875,309.02344,304.80469,8.4375,6.85547,7.85156,7.91016,7.61719,8.14453,8.08594,8.02734,8.02734,8.08594,7.91016,7.91016,7.85156,0.119629,0.087891,0.148926,0.114746,0.135498,0.12207,0.100098,0.114746,0.119629,0.085449,0.124512
2017-12-03T08:40:00Z,302.34375,305.15625,302.34375,303.75,304.80469,303.04688,305.50781,305.85938,306.5625,301.28906,306.21094,305.50781,8.4375,6.79688,7.44141,7.67578,7.79297,7.79297,8.32031,8.20313,8.14453,7.61719,8.08594,8.08594,8.08594,0.140381,0.123291,0.141602,0.12207,0.119629,0.136719,0.119629,0.164795,0.12085,0.124512,0.131836
2017-12-03T08:50:00Z,303.04688,304.10156,303.04688,304.10156,304.10156,303.39844,306.91406,304.10156,307.61719,307.61719,311.48438,308.67188,8.08594,6.67969,7.79297,7.79297,7.96875,7.55859,7.96875,7.96875,8.32031,8.08594,8.08594,7.61719,7.85156,0.130615,0.112305,0.12085,0.126953,0.123291,0.150146,0.129395,0.112305,0.117188,0.140381,0.119629
2017-12-03T09:00:00Z,304.10156,302.69531,304.45313,305.85938,305.15625,306.5625,309.02344,311.83594,309.72656,312.89063,314.64844,310.78125,8.37891,6.73828,7.61719,7.5,7.79297,7.85156,7.79297,8.14453,8.02734,7.79297,7.79297,8.02734,7.67578,0.183105,0.147705,0.155029,0.141602,0.152588,0.107422,0.113525,0.146484,0.10498,0.144043,0.101318
2017-12-03T09:10:00Z,307.26563,310.42969,308.67188,313.24219,314.29688,309.02344,308.67188,311.13281,310.07813,310.78125,313.59375,311.13281,8.84766,6.97266,7.96875,8.37891,8.02734,8.26172,8.02734,7.91016,8.08594,8.37891,7.91016,7.85156,7.96875,0.155029,0.158691,0.115967,0.161133,0.146484,0.128174,0.158691,0.137939,0.163574,0.164795,0.129395
2017-12-03T09:20:00Z,310.07813,309.72656,311.48438,311.83594,309.02344,314.64844,307.96875,313.94531,311.13281,312.1875,311.13281,312.89063,8.78906,6.91406,7.79297,7.67578,7.96875,8.02734,7.67578,7.79297,7.79297,8.08594,7.79297,7.73438,7.73438,0.152588,0.125732,0.135498,0.141602,0.175781,0.147705,0.117188,0.146484,0.117188,0.134277,0.108643
2017-12-03T09:30:00Z,299.53125,297.77344,293.90625,298.82813,295.66406,299.17969,306.21094,299.53125,304.80469,306.91406,303.75,306.91406,8.37891,6.21094,6.26953,6.5625,6.62109,6.73828,7.26563,7.03125,6.97266,6.79688,6.91406,7.32422,8.02734,0.128174,0.13916,0.150146,0.113525,0.152588,0.162354,0.147705,0.119629,0.148926,0.200195,0.113525
2017-12-03T09:40:00Z,291.79688,292.85156,293.55469,291.79688,299.88281,299.53125,304.10156,304.10156,300.9375,303.04688,309.72656,305.50781,6.91406,5.56641,6.38672,6.73828,6.32813,6.44531,6.5625,6.62109,7.14844,6.97266,7.79297,7.79297,7.67578,0.12207,0.15625,0.123291,0.125732,0.141602,0.183105,0.152588,0.12085,0.135498,0.13916,0.124512
2017-12-03T09:50:00Z,295.66406,303.75,303.04688,300.23438,304.10156,303.39844,299.17969,301.28906,300.23438,303.04688,308.32031,302.34375,8.37891,6.26953,6.91406,7.26563,6.91406,6.85547,6.91406,6.91406,7.32422,7.55859,7.79297,7.20703,7.61719,0.155029,0.130615,0.152588,0.152588,0.129395,0.145264,0.150146,0.137939,0.137939,0.180664,0.133057
2017-12-03T10:00:00Z,303.04688,308.32031,307.96875,309.02344,305.50781,305.50781,309.72656,312.1875,306.91406,313.24219,314.64844,310.78125,7.61719,5.74219,6.85547,6.67969,6.97266,6.91406,7.03125,7.14844,7.26563,7.44141,7.79297,7.5,7.67578,0.166016,0.195313,0.209961,0.169678,0.179443,0.163574,0.183105,0.13916,0.157471,0.192871,0.148926
2017-12-03T10:10:00Z,309.72656,312.89063,310.78125,311.48438,310.07813,314.29688,315.0,312.53906,311.83594,318.86719,319.21875,317.46094,8.20313,6.62109,7.32422,7.5,7.79297,7.73438,7.79297,7.79297,7.85156,7.96875,7.96875,7.96875,7.91016,0.125732,0.12207,0.123291,0.147705,0.115967,0.13916,0.148926,0.183105,0.157471,0.144043,0.161133
2017-12-03T10:20:00Z,309.02344,312.89063,314.64844,315.35156,312.1875,316.40625,316.05469,317.46094,317.10938,317.46094,318.16406,318.16406,8.20313,6.62109,7.5,8.02734,7.73438,8.14453,8.02734,8.26172,8.32031,8.26172,8.32031,8.32031,8.4375,0.159912,0.170898,0.119629,0.151367,0.142822,0.12207,0.12085,0.134277,0.134277,0.145264,0.102539
2017-12-03T10:30:00Z,312.1875,311.83594,311.83594,317.8125,317.8125,317.8125,318.51563,316.05469,318.51563,319.92188,321.32813,322.03125,8.73047,7.08984,7.67578,7.91016,7.91016,8.08594,8.55469,8.26172,8.4375,8.67188,8.96484,8.73047,8.55469,0.114746,0.141602,0.114746,0.131836,0.112305,0.12207,0.111084,0.118408,0.124512,0.123291,0.125732
2017-12-03T10:40:00Z,306.91406,309.72656,311.83594,311.13281,314.64844,313.24219,314.29688,316.05469,318.16406,317.46094,318.16406,316.75781,8.37891,6.50391,7.73438,8.02734,7.79297,8.32031,8.20313,8.32031,8.61328,9.02344,8.37891,8.67188,8.61328,0.158691,0.124512,0.161133,0.136719,0.124512,0.169678,0.140381,0.130615,0.10376,0.140381,0.162354
2017-12-03T10:50:00Z,307.96875,310.78125,310.42969,311.48438,311.83594,314.29688,316.75781,318.16406,317.46094,321.32813,318.16406,329.76563,8.61328,7.08984,7.61719,7.96875,7.85156,8.14453,8.4375,8.08594,7.91016,7.79297,8.08594,8.67188,8.49609,0.168457,0.153809,0.111084,0.158691,0.141602,0.141602,0.155029,0.180664,0.136719,0.131836,0.144043
2017-12-03T11:00:00Z,307.96875,313.59375,309.375,312.53906,311.83594,312.89063,315.0,313.59375,315.0,319.92188,319.21875,320.27344,8.67188,7.08984,7.96875,7.61719,7.79297,8.14453,8.14453,7.96875,7.79297,7.91016,8.37891,8.37891,8.26172,0.158691,0.131836,0.152588,0.142822,0.158691,0.131836,0.130615,0.167236,0.134277,0.112305,0.151367
2017-12-03T11:10:00Z,305.15625,308.32031,303.39844,308.67188,311.13281,308.67188,308.67188,307.61719,310.42969,311.83594,310.42969,316.40625,8.37891,6.97266,7.61719,7.67578,7.61719,7.55859,7.67578,7.73438,7.79297,8.37891,8.26172,8.20313,8.26172,0.170898,0.148926,0.140381,0.172119,0.172119,0.119629,0.128174,0.129395,0.134277,0.113525,0.137939
2017-12-03T11:20:00Z,301.64063,306.91406,308.32031,305.50781,311.83594,310.42969,309.72656,309.375,315.70313,312.53906,315.70313,313.94531,8.37891,6.62109,7.67578,7.73438,7.55859,7.38281,7.5,8.02734,8.08594,8.26172,8.20313,8.08594,7.96875,0.148926,0.129395,0.17334,0.162354,0.128174,0.145264,0.152588,0.145264,0.162354,0.187988,0.145264
2017-12-03T11:30:00Z,306.21094,309.375,308.32031,314.29688,311.83594,315.35156,315.35156,318.86719,315.35156,318.86719,321.32813,321.32813,8.20313,6.85547,7.61719,7.85156,8.02734,8.20313,8.49609,8.32031,8.14453,8.32031,8.73047,8.78906,8.78906,0.174561,0.131836,0.119629,0.13916,0.128174,0.100098,0.111084,0.126953,0.140381,0.12085,0.148926
2017-12-03T11:40:00Z,310.78125,312.53906,317.46094,315.0,318.86719,320.625,321.32813,320.625,320.27344,324.14063,319.92188,320.625,8.61328,6.97266,7.73438,8.02734,7.91016,8.08594,8.14453,7.96875,8.37891,8.20313,8.4375,8.55469,9.02344,0.183105,0.140381,0.167236,0.141602,0.142822,0.166016,0.133057,0.131836,0.177002,0.161133,0.124512
2017-12-03T11:50:00Z,310.42969,311.83594,310.78125,311.13281,315.70313,312.1875,317.8125,317.46094,318.16406,316.75781,320.27344,320.97656,8.14453,6.15234,6.5625,6.79688,6.79688,6.73828,7.44141,7.26563,7.5,7.14844,7.73438,7.5,7.5,0.131836,0.124512,0.159912,0.168457,0.157471,0.13916,0.161133,0.170898,0.144043,0.13916,0.136719
2017-12-03T12:00:00Z,304.10156,305.15625,309.375,305.85938,305.85938,308.32031,311.48438,309.375,313.24219,317.10938,312.53906,315.70313,7.61719,5.97656,7.44141,7.38281,7.44141,7.67578,7.61719,7.79297,7.91016,8.32031,8.14453,8.02734,7.96875,0.19165,0.131836,0.19043,0.195313,0.202637,0.123291,0.163574,0.158691,0.135498,0.169678,0.135498
2017-12-03T12:10:00Z,304.10156,309.02344,308.67188,307.61719,307.61719,313.24219,312.1875,312.1875,312.89063,307.96875,317.46094,315.0,9.08203,6.91406,7.79297,8.02734,8.14453,8.32031,8.67188,8.08594,8.32031,7.96875,8.96484,8.4375,8.55469,0.142822,0.142822,0.108643,0.134277,0.114746,0.164795,0.101318,0.117188,0.101318,0.135498,0.106201
2017-12-03T12:20:00Z,306.21094,311.48438,309.375,308.67188,311.83594,310.42969,314.29688,310.78125,311.13281,310.42969,318.51563,315.35156,7.73438,6.5625,7.67578,7.79297,7.67578,7.85156,8.20313,7.91016,7.79297,8.20313,8.55469,8.61328,8.14453,0.137939,0.148926,0.125732,0.142822,0.128174,0.129395,0.131836,0.10376,0.141602,0.129395,0.144043
2017-12-03T12:30:00Z,307.61719,309.72656,310.78125,311.83594,315.0,311.83594,316.05469,311.48438,316.40625,316.05469,317.8125,314.29688,8.02734,6.50391,7.5,8.14453,7.61719,8.14453,8.08594,8.32031,8.32031,8.55469,8.90625,8.96484,8.90625,0.153809,0.119629,0.146484,0.130615,0.134277,0.130615,0.135498,0.113525,0.113525,0.128174,0.125732
2017-12-03T12:40:00Z,305.85938,307.61719,307.96875,307.61719,307.61719,306.91406,311.48438,307.96875,315.0,310.07813,311.83594,310.42969,8.73047,6.91406,8.08594,8.08594,8.26172,8.4375,8.37891,8.67188,8.55469,8.67188,8.37891,8.73047,8.67188,0.117188,0.158691,0.141602,0.098877,0.136719,0.128174,0.123291,0.090332,0.129395,0.095215,0.130615
2017-12-03T12:50:00Z,306.5625,310.78125,311.83594,312.1875,312.1875,313.94531,313.24219,315.0,313.94531,317.10938,316.05469,315.70313,9.31641,6.85547,8.02734,8.26172,8.37891,8.49609,8.67188,8.73047,8.78906,9.19922,8.78906,8.96484,8.90625,0.129395,0.125732,0.123291,0.12207,0.100098,0.130615,0.12085,0.10498,0.129395,0.12085,0.109863
2017-12-03T13:00:00Z,310.07813,314.29688,316.75781,312.1875,316.75781,314.29688,316.40625,316.40625,316.40625,317.10938,318.16406,320.27344,8.61328,6.97266,8.37891,8.67188,8.14453,8.78906,8.78906,8.55469,8.90625,8.96484,9.02344,9.19922,8.90625,0.111084,0.111084,0.146484,0.114746,0.114746,0.168457,0.125732,0.093994,0.091553,0.106201,0.093994
2017-12-03T13:10:00Z,309.72656,314.64844,313.59375,312.53906,313.59375,315.70313,313.94531,318.16406,315.35156,317.8125,318.86719,316.75781,8.96484,7.32422,8.32031,8.4375,8.26172,8.55469,8.73047,8.67188,8.61328,8.4375,8.49609,8.55469,8.67188,0.117188,0.101318,0.123291,0.12207,0.142822,0.123291,0.112305,0.118408,0.114746,0.101318,0.12207
2017-12-03T13:20:00Z,308.67188,312.1875,312.1875,313.59375,315.0,312.89063,315.35156,316.40625,313.94531,315.70313,315.70313,318.16406,9.19922,6.91406,8.20313,8.20313,7.96875,8.55469,8.49609,8.90625,8.55469,8.67188,8.84766,8.90625,8.78906,0.096436,0.153809,0.155029,0.129395,0.131836,0.124512,0.112305,0.112305,0.108643,0.119629,0.137939
2017-12-03T13:30:00Z,309.375,313.94531,318.86719,315.70313,311.48438,315.35156,316.05469,313.94531,318.86719,318.51563,317.8125,318.86719,8.55469,7.20703,8.61328,8.73047,8.78906,8.61328,8.96484,9.02344,9.19922,9.25781,8.84766,9.02344,9.08203,0.106201,0.133057,0.131836,0.113525,0.114746,0.097656,0.126953,0.097656,0.124512,0.107422,0.111084
2017-12-03T13:40:00Z,311.48438,317.46094,315.35156,316.40625,315.0,318.16406,318.51563,313.94531,319.57031,319.21875,318.86719,319.57031,9.08203,7.20703,7.96875,8.26172,8.37891,8.49609,8.73047,8.73047,8.84766,9.08203,8.96484,9.14063,9.08203,0.093994,0.092773,0.106201,0.129395,0.080566,0.095215,0.098877,0.075684,0.093994,0.108643,0.113525
2017-12-03T13:50:00Z,310.78125,314.29688,318.16406,313.59375,317.10938,319.92188,317.46094,318.86719,317.8125,319.21875,320.625,320.27344,8.49609,6.91406,8.02734,8.08594,8.26172,8.14453,8.49609,8.49609,8.49609,8.73047,8.90625,8.73047,8.90625,0.129395,0.123291,0.12085,0.091553,0.083008,0.126953,0.107422,0.114746,0.092773,0.075684,0.084229
2017-12-03T14:00:00Z,310.42969,313.24219,315.0,314.29688,314.64844,316.40625,316.05469,318.51563,318.16406,319.92188,317.10938,321.67969,8.26172,6.67969,7.96875,7.91016,7.73438,8.14453,8.08594,8.26172,8.4375,8.49609,8.61328,8.67188,8.55469,0.129395,0.137939,0.136719,0.115967,0.13916,0.111084,0.111084,0.108643,0.118408,0.159912,0.118408
2017-12-03T14:10:00Z,309.72656,318.16406,319.57031,319.92188,315.70313,318.86719,319.92188,318.16406,319.92188,322.73438,320.97656,323.78906,8.67188,6.91406,8.08594,8.14453,8.32031,8.37891,8.61328,8.67188,8.61328,9.02344,9.14063,9.19922,9.14063,0.128174,0.12207,0.12207,0.140381,0.12085,0.114746,0.126953,0.118408,0.097656,0.125732,0.148926
2017-12-03T14:20:00Z,315.35156,319.21875,319.57031,323.08594,320.97656,318.16406,319.21875,317.46094,318.86719,319.21875,318.86719,317.10938,8.67188,6.91406,8.02734,8.26172,8.14453,8.32031,8.49609,8.55469,8.78906,8.49609,8.49609,8.49609,8.73047,0.117188,0.124512,0.124512,0.102539,0.112305,0.145264,0.136719,0.129395,0.12207,0.109863,0.123291
2017-12-03T14:30:00Z,315.70313,317.8125,317.46094,317.10938,315.70313,319.21875,317.10938,319.21875,317.8125,315.35156,314.29688,318.16406,8.4375,6.32813,7.38281,7.85156,7.67578,8.08594,8.55469,8.78906,8.73047,8.67188,8.90625,9.375,9.60938,0.201416,0.168457,0.178223,0.145264,0.145264,0.180664,0.15625,0.135498,0.129395,0.12085,0.141602
2017-12-03T14:40:00Z,308.32031,312.1875,313.94531,313.24219,312.53906,317.10938,315.35156,315.0,318.86719,318.16406,322.03125,317.8125,9.43359,7.61719,9.19922,9.31641,9.375,9.55078,9.60938,9.49219,9.55078,9.90234,10.13672,10.01953,9.78516,0.130615,0.161133,0.142822,0.124512,0.142822,0.12207,0.137939,0.13916,0.108643,0.124512,0.152588
2017-12-03T14:50:00Z,313.24219,323.08594,319.92188,323.08594,323.78906,319.57031,322.73438,323.4375,322.73438,321.67969,324.84375,321.32813,9.90234,7.91016,9.25781,9.25781,9.66797,9.84375,10.07813,10.37109,10.42969,10.3125,10.42969,10.3125,10.60547,0.134277,0.128174,0.111084,0.152588,0.118408,0.115967,0.08667,0.111084,0.113525,0.100098,0.109863
2017-12-03T15:00:00Z,318.86719,324.84375,322.03125,321.32813,326.25,321.67969,323.08594,321.32813,323.78906,324.49219,323.78906,322.73438,9.96094,8.14453,9.31641,9.60938,9.72656,9.72656,9.66797,10.01953,9.96094,10.37109,10.25391,9.84375,10.07813,0.118408,0.131836,0.118408,0.146484,0.146484,0.091553,0.124512,0.141602,0.109863,0.134277,0.13916
2017-12-03T15:10:00Z,321.67969,327.30469,326.60156,328.00781,327.65625,328.00781,328.35938,329.0625,328.35938,328.00781,329.76563,329.41406,9.84375,8.02734,9.60938,10.07813,9.55078,10.13672,10.25391,10.19531,10.42969,10.3125,10.13672,10.3125,9.96094,0.145264,0.115967,0.129395,0.093994,0.102539,0.096436,0.10376,0.092773,0.101318,0.089111,0.109863
2017-12-03T15:20:00Z,325.19531,332.22656,332.22656,333.63281,330.11719,332.92969,329.76563,329.76563,329.41406,330.11719,330.82031,331.52344,9.84375,8.14453,10.13672,10.01953,10.42969,10.07813,10.25391,10.25391,10.54688,10.48828,10.66406,10.60547,10.25391,0.12207,0.135498,0.10376,0.111084,0.115967,0.102539,0.085449,0.095215,0.098877,0.096436,0.073242
2017-12-03T15:30:00Z,324.49219,330.11719,333.63281,329.76563,328.35938,327.65625,331.52344,329.76563,332.22656,332.57813,332.92969,334.6875,10.01953,8.32031,9.60938,9.78516,9.96094,9.49219,10.13672,10.13672,10.01953,10.19531,10.01953,9.90234,9.96094,0.128174,0.117188,0.130615,0.15625,0.128174,0.126953,0.129395,0.113525,0.114746,0.112305,0.123291
2017-12-03T15:40:00Z,320.625,324.49219,328.00781,324.14063,326.95313,330.11719,327.65625,331.52344,330.46875,329.0625,332.22656,332.22656,9.90234,7.55859,8.90625,8.84766,8.67188,8.90625,9.31641,9.55078,9.66797,9.78516,10.07813,9.55078,9.78516,0.113525,0.153809,0.101318,0.135498,0.135498,0.137939,0.10498,0.10376,0.101318,0.107422,0.107422
2017-12-03T15:50:00Z,325.19531,336.09375,331.17188,333.28125,334.33594,333.63281,331.17188,335.39063,332.57813,333.98438,330.82031,333.63281,9.43359,7.08984,8.20313,8.26172,8.37891,8.37891,8.55469,8.84766,8.84766,8.90625,8.84766,8.78906,9.02344,0.111084,0.12207,0.129395,0.134277,0.130615,0.10376,0.137939,0.118408,0.125732,0.136719,0.10376
2017-12-03T16:00:00Z,327.65625,330.11719,331.17188,330.46875,329.76563,330.11719,327.65625,332.57813,330.82031,329.41406,330.11719,331.875,9.72656,7.67578,9.19922,9.08203,9.375,9.19922,9.43359,9.96094,9.90234,9.43359,9.55078,9.60938,10.13672,0.107422,0.141602,0.131836,0.12085,0.131836,0.102539,0.08667,0.129395,0.096436,0.126953,0.107422
2017-12-03T16:10:00Z,317.10938,317.8125,319.57031,323.08594,321.67969,319.21875,322.38281,325.19531,324.14063,329.41406,324.84375,324.84375,11.07422,8.37891,9.66797,9.72656,9.90234,9.90234,10.07813,10.54688,10.72266,10.42969,10.07813,10.07813,9.90234,0.192871,0.192871,0.194092,0.17334,0.15625,0.12085,0.13916,0.15625,0.175781,0.128174,0.147705
2017-12-03T16:20:00Z,322.03125,329.0625,325.89844,329.0625,330.11719,325.89844,331.875,329.41406,331.52344,331.52344,331.52344,328.35938,9.78516,7.67578,8.96484,8.96484,9.02344,9.375,9.31641,9.66797,9.375,9.84375,9.90234,10.13672,10.13672,0.153809,0.115967,0.137939,0.124512,0.140381,0.12207,0.134277,0.150146,0.102539,0.155029,0.133057
2017-12-03T16:30:00Z,326.95313,330.11719,333.63281,330.82031,332.57813,331.875,328.00781,331.52344,331.17188,330.46875,330.46875,328.71094,9.66797,7.67578,8.55469,8.67188,8.49609,8.61328,8.67188,8.90625,9.08203,9.02344,8.90625,9.19922,9.31641,0.117188,0.126953,0.151367,0.133057,0.151367,0.140381,0.125732,0.108643,0.146484,0.10498,0.108643
2017-12-03T16:40:00Z,323.78906,328.35938,325.19531,325.54688,325.89844,327.65625,325.89844,329.76563,324.49219,325.89844,326.60156,327.30469,8.26172,6.79688,7.79297,7.91016,8.02734,8.08594,8.49609,8.78906,8.73047,8.55469,8.73047,8.96484,8.96484,0.147705,0.126953,0.128174,0.124512,0.142822,0.124512,0.123291,0.126953,0.135498,0.123291,0.114746
2017-12-03T16:50:00Z,320.97656,324.49219,326.95313,325.89844,325.89844,328.00781,322.73438,324.84375,322.73438,329.0625,325.89844,325.89844,9.08203,7.03125,8.32031,8.55469,8.26172,8.55469,8.49609,8.67188,8.96484,9.31641,9.02344,8.90625,9.02344,0.157471,0.166016,0.12207,0.142822,0.152588,0.124512,0.12207,0.124512,0.117188,0.109863,0.102539
2017-12-03T17:00:00Z,324.84375,329.76563,331.17188,331.875,327.30469,331.17188,333.63281,329.41406,332.57813,331.52344,329.76563,333.98438,9.49219,7.14844,8.26172,8.55469,8.49609,9.49219,9.66797,9.31641,9.43359,9.60938,9.55078,9.78516,9.60938,0.140381,0.124512,0.151367,0.147705,0.140381,0.096436,0.131836,0.142822,0.147705,0.113525,0.118408
2017-12-03T17:10:00Z,325.54688,329.76563,327.30469,329.76563,329.41406,328.00781,328.00781,329.41406,331.17188,330.11719,331.17188,330.82031,8.90625,7.08984,8.20313,8.26172,8.20313,8.02734,8.55469,8.67188,9.02344,8.67188,8.84766,8.78906,8.96484,0.136719,0.123291,0.145264,0.117188,0.100098,0.130615,0.130615,0.096436,0.137939,0.12085,0.141602
2017-12-03T17:20:00Z,327.65625,331.17188,334.33594,333.63281,332.92969,331.52344,335.03906,329.0625,332.22656,330.82031,331.17188,333.28125,8.84766,7.03125,8.37891,8.67188,8.4375,8.73047,8.73047,8.84766,8.73047,9.19922,9.31641,9.375,9.25781,0.153809,0.172119,0.144043,0.168457,0.189209,0.155029,0.170898,0.157471,0.146484,0.134277,0.118408
2017-12-03T17:30:00Z,324.14063,325.19531,325.89844,332.57813,330.46875,331.17188,327.65625,330.82031,326.95313,331.875,328.71094,330.46875,9.25781,7.67578,9.02344,9.49219,9.375,9.55078,9.60938,9.60938,9.84375,9.78516,9.84375,9.96094,9.90234,0.134277,0.142822,0.133057,0.131836,0.113525,0.117188,0.124512,0.147705,0.134277,0.124512,0.135498
2017-12-03T17:40:00Z,328.71094,332.57813,336.44531,332.57813,334.6875,336.79688,334.6875,336.09375,330.82031,335.03906,333.63281,336.09375,9.90234,8.08594,9.43359,9.60938,9.49219,9.84375,9.49219,9.78516,9.84375,10.01953,9.96094,10.13672,9.90234,0.12085,0.135498,0.150146,0.126953,0.123291,0.141602,0.136719,0.092773,0.129395,0.13916,0.125732
2017-12-03T17:50:00Z,327.30469,335.03906,333.63281,339.96094,332.92969,337.14844,334.6875,336.44531,333.63281,336.79688,336.44531,337.5,10.37109,8.26172,9.43359,9.60938,9.55078,10.07813,10.42969,10.01953,9.84375,9.84375,9.96094,10.07813,10.19531,0.131836,0.12207,0.109863,0.119629,0.128174,0.153809,0.164795,0.135498,0.145264,0.128174,0.142822
2017-12-03T18:00:00Z,330.11719,333.98438,331.875,332.92969,330.82031,330.11719,334.33594,337.14844,331.875,331.875,332.22656,337.85156,9.43359,7.85156,8.84766,9.08203,8.84766,9.43359,9.60938,9.84375,9.60938,9.49219,9.84375,9.96094,9.96094,0.137939,0.125732,0.159912,0.13916,0.108643,0.136719,0.142822,0.10376,0.118408,0.109863,0.151367
2017-12-03T18:10:00Z,330.11719,337.85156,333.98438,333.63281,335.03906,331.17188,339.25781,334.33594,337.14844,334.33594,331.875,333.28125,10.37109,8.02734,8.90625,8.96484,9.78516,9.375,10.37109,10.3125,9.96094,9.60938,9.60938,9.84375,10.3125,0.146484,0.111084,0.131836,0.141602,0.112305,0.114746,0.168457,0.129395,0.158691,0.137939,0.114746
2017-12-03T18:20:00Z,327.30469,331.52344,330.82031,334.6875,336.79688,331.875,331.52344,337.14844,333.63281,333.63281,331.52344,335.74219,11.07422,8.37891,9.90234,10.3125,10.01953,10.25391,10.25391,10.66406,10.83984,10.42969,10.25391,10.78125,10.89844,0.133057,0.184326,0.131836,0.198975,0.155029,0.153809,0.172119,0.158691,0.178223,0.163574,0.142822
2017-12-03T18:30:00Z,334.33594,342.42188,338.90625,341.36719,340.66406,339.60938,337.85156,339.25781,339.25781,341.36719,337.85156,342.07031,12.36328,8.96484,9.96094,9.96094,10.19531,9.96094,9.72656,10.66406,10.66406,10.60547,10.60547,10.89844,10.72266,0.162354,0.148926,0.123291,0.155029,0.167236,0.129395,0.162354,0.158691,0.126953,0.167236,0.092773
2017-12-03T18:40:00Z,336.79688,341.71875,341.71875,343.82813,339.96094,342.42188,342.42188,342.07031,341.71875,339.60938,339.60938,343.125,9.31641,7.26563,7.85156,8.14453,7.96875,8.84766,8.90625,9.49219,9.84375,9.96094,10.07813,10.54688,10.72266,0.128174,0.148926,0.157471,0.10498,0.153809,0.13916,0.12207,0.109863,0.133057,0.128174,0.093994
2017-12-03T18:50:00Z,338.55469,342.42188,343.82813,343.125,345.23438,344.88281,342.77344,343.82813,343.82813,339.60938,345.23438,342.77344,10.37109,7.96875,9.25781,9.55078,9.49219,9.66797,10.01953,9.72656,10.19531,9.90234,10.60547,10.25391,10.19531,0.130615,0.12085,0.172119,0.135498,0.118408,0.134277,0.131836,0.108643,0.100098,0.111084,0.112305
2017-12-03T19:00:00Z,337.5,344.53125,341.71875,340.66406,347.34375,340.3125,346.64063,339.25781,342.42188,339.96094,343.125,337.14844,10.83984,8.20313,9.25781,9.375,9.55078,9.14063,9.90234,10.01953,9.72656,9.78516,10.13672,10.3125,10.13672,0.169678,0.133057,0.164795,0.187988,0.131836,0.15625,0.167236,0.136719,0.108643,0.150146,0.15625
2017-12-03T19:10:00Z,343.125,350.15625,348.04688,349.80469,346.64063,345.58594,343.47656,343.82813,344.17969,343.47656,344.88281,342.42188,10.13672,7.96875,9.19922,9.60938,9.49219,9.96094,9.96094,9.96094,10.3125,10.48828,10.66406,10.3125,10.66406,0.130615,0.136719,0.141602,0.133057,0.13916,0.145264,0.123291,0.118408,0.12207,0.129395,0.115967
2017-12-03T19:20:00Z,338.55469,341.71875,336.44531,341.01563,341.71875,342.07031,339.60938,340.3125,337.85156,339.96094,337.5,342.42188,10.07813,8.14453,9.25781,9.375,9.49219,9.78516,9.96094,9.78516,9.96094,10.07813,10.37109,10.25391,10.42969,0.08667,0.125732,0.144043,0.117188,0.106201,0.097656,0.107422,0.095215,0.091553,0.10376,0.098877
2017-12-03T19:30:00Z,333.98438,336.79688,336.09375,337.5,337.85156,335.74219,335.39063,338.20313,336.79688,334.6875,336.44531,337.14844,10.07813,8.32031,9.43359,9.55078,9.49219,9.72656,9.84375,10.3125,10.37109,10.07813,10.19531,10.42969,10.42969,0.10498,0.137939,0.124512,0.100098,0.114746,0.131836,0.100098,0.125732,0.126953,0.133057,0.101318
2017-12-03T19:40:00Z,330.11719,334.6875,334.33594,332.57813,335.39063,333.28125,332.92969,334.33594,334.6875,333.28125,335.03906,332.22656,10.01953,8.32031,9.49219,9.43359,9.84375,9.55078,9.84375,10.07813,10.25391,9.90234,9.96094,10.07813,10.13672,0.08667,0.126953,0.131836,0.136719,0.084229,0.114746,0.136719,0.108643,0.102539,0.126953,0.163574
2017-12-03T19:50:00Z,332.22656,336.44531,335.39063,336.44531,335.03906,336.44531,336.79688,336.44531,335.74219,335.03906,336.09375,337.85156,10.25391,8.55469,9.84375,10.01953,9.90234,10.13672,10.13672,10.13672,9.90234,10.07813,9.96094,10.3125,9.84375,0.113525,0.117188,0.131836,0.133057,0.093994,0.089111,0.113525,0.095215,0.092773,0.124512,0.102539
2017-12-03T20:00:00Z,328.00781,331.875,331.17188,329.41406,329.0625,328.71094,330.11719,330.46875,330.82031,328.35938,329.41406,332.92969,9.78516,7.91016,8.96484,9.25781,9.25781,9.25781,9.55078,10.01953,9.78516,9.60938,9.60938,9.84375,9.90234,0.129395,0.141602,0.12207,0.107422,0.109863,0.136719,0.106201,0.115967,0.128174,0.136719,0.146484
2017-12-03T20:10:00Z,325.89844,332.22656,325.54688,327.30469,330.46875,329.76563,326.25,326.95313,328.35938,326.25,328.35938,326.60156,9.84375,8.26172,9.08203,9.49219,9.43359,9.49219,9.31641,9.49219,9.66797,9.66797,9.60938,9.55078,9.60938,0.148926,0.109863,0.130615,0.136719,0.134277,0.151367,0.119629,0.12085,0.135498,0.130615,0.130615
2017-12-03T20:20:00Z,326.25,330.82031,330.11719,327.30469,331.875,330.11719,332.22656,324.49219,329.76563,331.17188,330.82031,331.875,9.96094,7.5,8.61328,9.02344,9.02344,9.02344,8.96484,8.90625,9.31641,9.55078,9.49219,9.60938,9.375,0.155029,0.153809,0.159912,0.109863,0.093994,0.117188,0.126953,0.129395,0.144043,0.13916,0.112305
2017-12-03T20:30:00Z,340.66406,350.50781,346.64063,345.58594,348.75,347.34375,343.82813,342.42188,345.58594,345.58594,342.77344,339.60938,9.84375,7.61719,8.4375,8.37891,8.55469,8.55469,8.49609,8.78906,8.90625,9.14063,9.14063,9.08203,9.60938,0.153809,0.157471,0.133057,0.177002,0.175781,0.145264,0.130615,0.13916,0.162354,0.134277,0.142822
2017-12-03T20:40:00Z,344.53125,341.71875,343.82813,341.71875,342.42188,339.25781,339.25781,337.14844,340.66406,335.39063,337.5,338.55469,9.72656,7.14844,8.84766,9.02344,9.14063,9.25781,9.375,9.96094,10.01953,9.90234,9.84375,10.19531,10.25391,0.167236,0.186768,0.140381,0.181885,0.13916,0.170898,0.150146,0.126953,0.137939,0.164795,0.115967
2017-12-03T20:50:00Z,333.98438,337.85156,333.28125,338.90625,338.20313,338.20313,338.90625,333.28125,339.96094,338.55469,337.5,339.25781,10.89844,8.84766,10.54688,10.60547,10.60547,10.89844,10.72266,10.72266,10.83984,10.72266,10.66406,11.19141,11.30859,0.119629,0.140381,0.111084,0.125732,0.133057,0.117188,0.126953,0.101318,0.123291,0.080566,0.079346
2017-12-03T21:00:00Z,337.85156,344.17969,342.77344,338.55469,339.25781,340.66406,341.36719,342.42188,337.5,343.47656,343.125,340.3125,10.60547,8.73047,10.07813,10.13672,10.42969,10.54688,10.54688,10.48828,10.54688,10.78125,10.83984,10.54688,10.60547,0.089111,0.111084,0.126953,0.089111,0.08667,0.108643,0.102539,0.092773,0.118408,0.081787,0.114746
2017-12-03T21:10:00Z,335.74219,337.5,337.5,338.20313,339.96094,337.85156,339.60938,338.90625,340.3125,339.96094,341.71875,339.60938,10.01953,8.37891,9.60938,9.84375,9.55078,10.07813,10.01953,9.78516,10.13672,10.25391,10.48828,10.48828,10.19531,0.111084,0.095215,0.162354,0.119629,0.10376,0.08667,0.106201,0.085449,0.112305,0.106201,0.108643
2017-12-03T21:20:00Z,335.03906,336.09375,339.96094,332.92969,336.44531,336.09375,337.5,337.85156,335.74219,336.44531,338.55469,336.09375,10.01953,8.14453,9.31641,9.49219,9.49219,9.375,9.78516,9.78516,9.90234,9.84375,9.90234,9.84375,10.07813,0.133057,0.148926,0.113525,0.147705,0.123291,0.100098,0.089111,0.114746,0.10498,0.115967,0.087891
2017-12-03T21:30:00Z,331.875,335.74219,332.22656,334.33594,336.44531,335.03906,338.90625,334.6875,338.90625,332.92969,335.39063,334.33594,10.07813,8.02734,9.02344,9.19922,9.25781,9.31641,9.90234,9.84375,9.60938,9.66797,9.84375,9.90234,9.72656,0.123291,0.123291,0.117188,0.128174,0.092773,0.117188,0.140381,0.124512,0.107422,0.085449,0.118408
2017-12-03T21:40:00Z,328.71094,328.00781,331.17188,333.98438,329.41406,332.92969,330.82031,333.63281,331.17188,328.00781,331.17188,331.17188,10.13672,7.96875,8.67188,9.25781,9.14063,9.90234,9.84375,10.25391,10.13672,9.66797,9.84375,10.19531,10.25391,0.106201,0.114746,0.098877,0.119629,0.098877,0.106201,0.113525,0.107422,0.136719,0.134277,0.108643
2017-12-03T21:50:00Z,326.25,327.30469,330.46875,330.82031,329.0625,329.41406,327.65625,328.00781,322.73438,328.00781,329.41406,325.54688,10.78125,8.55469,9.60938,9.84375,9.78516,10.07813,10.13672,10.07813,10.37109,10.78125,10.72266,10.42969,10.37109,0.157471,0.101318,0.128174,0.114746,0.12207,0.109863,0.114746,0.10498,0.080566,0.111084,0.151367
2017-12-03T22:00:00Z,329.41406,333.98438,337.14844,339.25781,336.44531,334.6875,339.25781,338.55469,333.98438,333.63281,334.33594,332.57813,10.83984,8.55469,9.90234,10.25391,10.07813,10.54688,10.89844,10.89844,10.66406,10.89844,11.07422,11.30859,11.01563,0.133057,0.163574,0.118408,0.164795,0.125732,0.106201,0.12207,0.118408,0.12085,0.126953,0.130615
2017-12-03T22:10:00Z,335.74219,337.85156,335.74219,335.74219,335.03906,335.03906,333.98438,339.25781,336.09375,337.14844,333.98438,335.03906,10.78125,8.78906,10.25391,10.54688,10.19531,10.72266,10.78125,11.19141,11.36719,11.07422,11.01563,11.19141,11.60156,0.140381,0.108643,0.125732,0.152588,0.124512,0.117188,0.126953,0.102539,0.106201,0.124512,0.12085
2017-12-03T22:20:00Z,325.54688,324.49219,331.875,330.11719,330.82031,330.82031,331.875,329.41406,328.35938,329.41406,332.92969,332.22656,11.83594,8.90625,10.19531,10.72266,9.78516,10.89844,10.72266,10.48828,10.54688,10.78125,10.60547,10.83984,10.48828,0.114746,0.095215,0.133057,0.129395,0.095215,0.123291,0.108643,0.114746,0.114746,0.097656,0.098877
2017-12-03T22:30:00Z,326.95313,331.52344,331.875,329.76563,327.65625,329.76563,332.22656,333.98438,334.33594,333.63281,333.63281,333.28125,10.42969,8.61328,10.07813,10.01953,9.96094,10.13672,10.42969,10.66406,10.60547,10.19531,10.48828,10.54688,10.72266,0.124512,0.118408,0.118408,0.119629,0.098877,0.10376,0.10376,0.089111,0.126953,0.101318,0.10498
2017-12-03T22:40:00Z,329.76563,334.6875,333.63281,332.22656,335.03906,336.79688,336.79688,336.09375,332.22656,332.92969,333.98438,333.98438,10.37109,8.61328,9.66797,10.07813,9.72656,10.13672,10.3125,10.19531,10.07813,10.42969,10.25391,10.66406,10.37109,0.129395,0.089111,0.146484,0.128174,0.141602,0.135498,0.137939,0.123291,0.097656,0.097656,0.119629
2017-12-03T22:50:00Z,332.57813,332.57813,337.5,335.74219,336.79688,334.6875,333.28125,334.33594,336.44531,334.33594,333.63281,332.92969,10.54688,8.20313,9.55078,9.375,9.78516,9.55078,9.72656,9.96094,10.13672,10.01953,9.90234,10.19531,10.19531,0.130615,0.098877,0.12085,0.135498,0.157471,0.109863,0.135498,0.12085,0.118408,0.107422,0.134277
2017-12-03T23:00:00Z,325.54688,328.71094,325.89844,330.82031,330.11719,331.52344,329.41406,327.30469,328.35938,329.0625,330.46875,331.17188,10.37109,8.20313,9.60938,9.90234,9.49219,10.37109,10.48828,10.07813,10.01953,10.25391,10.25391,10.66406,10.54688,0.141602,0.133057,0.109863,0.131836,0.10498,0.131836,0.128174,0.12085,0.111084,0.10376,0.129395
2017-12-03T23:10:00Z,326.60156,333.98438,331.52344,328.00781,333.98438,334.6875,335.03906,332.22656,331.17188,330.46875,333.28125,331.52344,10.01953,8.20313,9.43359,9.66797,9.60938,9.55078,9.84375,9.78516,9.90234,9.90234,9.96094,10.13672,9.84375,0.097656,0.136719,0.134277,0.096436,0.112305,0.112305,0.118408,0.102539,0.12207,0.134277,0.100098
2017-12-03T23:20:00Z,328.00781,334.6875,332.92969,329.0625,336.09375,331.17188,330.11719,331.17188,331.52344,329.76563,335.39063,329.41406,9.96094,8.20313,9.55078,9.96094,9.78516,9.84375,9.78516,9.78516,10.48828,10.19531,10.37109,10.07813,10.01953,0.123291,0.140381,0.148926,0.12085,0.114746,0.129395,0.135498,0.129395,0.098877,0.129395,0.146484
2017-12-03T23:30:00Z,325.19531,330.82031,323.78906,328.71094,328.71094,328.71094,331.17188,329.76563,331.17188,329.41406,331.52344,329.76563,10.42969,8.4375,9.78516,9.84375,9.60938,9.84375,10.13672,10.01953,10.07813,10.19531,10.19531,10.37109,10.3125,0.134277,0.140381,0.135498,0.162354,0.107422,0.148926,0.147705,0.112305,0.126953,0.134277,0.134277
2017-12-03T23:40:00Z,322.38281,325.54688,325.19531,329.0625,328.35938,325.54688,330.82031,327.30469,328.71094,328.71094,330.82031,329.76563,10.13672,7.67578,8.37891,8.61328,8.90625,9.02344,9.66797,9.375,9.66797,9.72656,9.55078,9.90234,9.66797,0.131836,0.151367,0.150146,0.136719,0.131836,0.155029,0.136719,0.097656,0.157471,0.137939,0.117188
2017-12-03T23:50:00Z,324.84375,329.0625,331.17188,328.35938,329.76563,331.52344,329.76563,331.875,328.35938,331.875,330.82031,331.52344,10.42969,7.55859,8.55469,8.96484,8.84766,9.25781,9.43359,9.25781,9.375,9.66797,9.78516,9.375,9.31641,0.148926,0.184326,0.167236,0.118408,0.13916,0.141602,0.117188,0.12085,0.131836,0.153809,0.151367