LOCATION: 
SYSTEM SERIAL: HKZA
TIMESTAMP (ISO-8601) UTC,WindDir004m deg,WindDir030m deg,WindDir040m deg,WindDir040m_ref deg,WindDir060m deg,WindDir080m deg,WindDir100m deg,WindDir120m deg,WindDir140m deg,WindDir160m deg,WindDir180m deg,WindDir200m deg,WindGust004m m/s,WindSpeed004m m/s,WindSpeed030mh m/s,WindSpeed040mh m/s,WindSpeed040m_refh m/s,WindSpeed060mh m/s,WindSpeed080mh m/s,WindSpeed100mh m/s,WindSpeed120mh m/s,WindSpeed140mh m/s,WindSpeed160mh m/s,WindSpeed180mh m/s,WindSpeed200mh m/s,TI 030m,TI 040m,TI 040m ref,TI 060m,TI 080m,TI 100m,TI 120m,TI 140m,TI 160m,TI 180m,TI 200m
2017-07-26T00:00:00Z,334.33594,338.20313,339.25781,338.55469,339.60938,335.74219,344.88281,339.96094,338.20313,338.90625,344.17969,337.85156,9.14063,7.38281,8.26172,8.55469,8.4375,8.67188,8.49609,8.08594,8.32031,8.49609,8.73047,8.49609,8.20313,0.126953,0.13916,0.098877,0.111084,0.128174,0.108643,0.117188,0.123291,0.108643,0.109863,0.117188
2017-07-26T00:10:00Z,338.90625,344.53125,345.9375,343.47656,343.82813,347.34375,343.125,345.58594,345.23438,349.80469,344.17969,341.36719,9.90234,7.32422,8.02734,7.73438,8.14453,8.08594,7.91016,8.32031,8.37891,8.26172,7.91016,7.91016,8.14453,0.123291,0.141602,0.109863,0.118408,0.142822,0.114746,0.097656,0.111084,0.146484,0.10376,0.133057
2017-07-26T00:20:00Z,342.77344,348.39844,346.64063,348.39844,350.85938,348.39844,345.9375,349.10156,343.82813,348.04688,350.15625,346.99219,8.84766,7.26563,7.91016,8.08594,8.14453,7.85156,8.08594,7.67578,7.85156,7.96875,7.85156,7.79297,7.67578,0.158691,0.118408,0.12085,0.12207,0.153809,0.13916,0.10376,0.12085,0.130615,0.119629,0.117188
2017-07-26T00:30:00Z,342.77344,343.125,344.88281,343.125,344.17969,339.25781,341.71875,348.75,342.42188,348.04688,344.53125,344.88281,9.14063,7.03125,8.32031,7.96875,8.26172,7.79297,7.85156,8.20313,8.02734,8.37891,8.20313,7.55859,7.73438,0.10376,0.123291,0.113525,0.166016,0.123291,0.119629,0.144043,0.106201,0.107422,0.113525,0.141602
2017-07-26T00:40:00Z,336.79688,340.3125,334.33594,341.36719,339.96094,342.07031,343.125,339.96094,341.01563,344.17969,339.60938,340.66406,8.49609,6.97266,7.67578,7.91016,7.67578,7.96875,7.79297,7.96875,7.79297,8.20313,7.5,7.67578,7.85156,0.157471,0.150146,0.134277,0.112305,0.112305,0.144043,0.126953,0.113525,0.147705,0.141602,0.131836
2017-07-26T00:50:00Z,336.79688,341.36719,344.53125,340.66406,342.07031,342.07031,339.96094,343.125,342.77344,341.01563,345.9375,345.23438,8.90625,7.20703,8.14453,8.49609,8.14453,7.91016,8.08594,8.14453,8.14453,8.26172,8.4375,8.08594,7.85156,0.128174,0.145264,0.113525,0.115967,0.147705,0.115967,0.092773,0.108643,0.095215,0.089111,0.131836
2017-07-26T01:00:00Z,332.92969,334.6875,332.57813,338.55469,332.92969,338.20313,336.09375,333.98438,336.44531,336.79688,333.28125,334.33594,8.73047,7.03125,7.32422,7.32422,7.44141,7.79297,7.96875,7.79297,7.61719,7.55859,7.5,7.73438,7.79297,0.166016,0.10376,0.153809,0.113525,0.118408,0.128174,0.131836,0.152588,0.159912,0.13916,0.128174
2017-07-26T01:10:00Z,325.19531,330.11719,328.00781,325.54688,329.76563,329.76563,330.82031,324.84375,333.28125,331.875,335.74219,332.57813,8.08594,6.5625,7.5,7.61719,7.5,7.55859,7.55859,7.61719,7.79297,7.67578,7.44141,7.14844,7.32422,0.111084,0.141602,0.131836,0.12207,0.12085,0.148926,0.12085,0.123291,0.10376,0.142822,0.129395
2017-07-26T01:20:00Z,324.14063,326.95313,327.65625,325.89844,329.0625,327.65625,326.60156,328.35938,331.875,330.46875,329.0625,324.84375,8.55469,6.73828,7.67578,7.73438,7.67578,7.38281,7.32422,7.5,7.85156,7.55859,7.20703,6.97266,7.20703,0.161133,0.13916,0.10376,0.135498,0.12207,0.136719,0.118408,0.128174,0.145264,0.159912,0.170898
2017-07-26T01:30:00Z,323.4375,325.19531,328.71094,326.60156,321.67969,323.78906,321.32813,326.95313,321.32813,328.35938,324.49219,323.4375,8.02734,6.21094,7.55859,7.44141,7.55859,7.5,7.67578,7.79297,7.5,7.67578,7.38281,7.32422,7.38281,0.095215,0.118408,0.142822,0.128174,0.128174,0.124512,0.177002,0.162354,0.15625,0.20874,0.144043
2017-07-26T01:40:00Z,324.49219,328.35938,326.25,325.89844,329.41406,326.25,328.35938,328.35938,327.65625,323.78906,333.28125,326.95313,8.4375,6.85547,7.67578,7.96875,7.79297,8.14453,8.14453,7.85156,7.85156,7.67578,7.79297,8.02734,7.61719,0.157471,0.133057,0.115967,0.162354,0.126953,0.128174,0.109863,0.140381,0.152588,0.142822,0.166016
2017-07-26T01:50:00Z,321.32813,326.60156,325.54688,325.19531,326.25,322.03125,328.00781,330.11719,327.65625,327.65625,330.11719,326.25,8.55469,6.79688,7.5,7.55859,7.61719,7.5,7.73438,7.85156,7.61719,7.73438,7.73438,7.44141,7.08984,0.129395,0.101318,0.157471,0.118408,0.144043,0.100098,0.13916,0.100098,0.117188,0.148926,0.141602
2017-07-26T02:00:00Z,322.38281,327.65625,326.60156,320.97656,325.19531,322.73438,327.30469,327.65625,323.78906,326.95313,325.54688,324.14063,8.20313,6.38672,7.67578,7.61719,7.67578,7.73438,7.67578,7.73438,7.67578,7.67578,7.61719,7.38281,7.44141,0.119629,0.136719,0.131836,0.126953,0.129395,0.126953,0.148926,0.118408,0.101318,0.155029,0.137939
2017-07-26T02:10:00Z,321.32813,325.54688,322.73438,327.30469,325.19531,327.30469,324.14063,330.11719,327.30469,328.35938,325.19531,329.0625,8.08594,6.67969,7.32422,7.14844,7.44141,7.55859,7.44141,7.61719,7.55859,7.38281,7.44141,7.61719,7.38281,0.119629,0.113525,0.126953,0.137939,0.126953,0.106201,0.111084,0.130615,0.15625,0.128174,0.133057
2017-07-26T02:20:00Z,323.78906,329.0625,331.52344,331.17188,329.76563,334.6875,330.46875,331.52344,331.875,332.92969,328.00781,333.63281,7.55859,6.21094,6.85547,7.14844,7.14844,7.14844,7.20703,7.08984,7.03125,6.97266,7.32422,7.08984,7.03125,0.144043,0.123291,0.114746,0.112305,0.131836,0.112305,0.136719,0.10498,0.150146,0.131836,0.109863
2017-07-26T02:30:00Z,329.0625,329.76563,323.78906,328.71094,328.71094,330.82031,332.92969,328.35938,328.35938,333.28125,330.82031,328.71094,7.38281,6.15234,6.79688,6.79688,6.79688,6.97266,7.14844,6.97266,7.14844,6.97266,6.97266,6.85547,6.73828,0.144043,0.129395,0.124512,0.098877,0.130615,0.119629,0.108643,0.130615,0.078125,0.146484,0.157471
2017-07-26T02:40:00Z,328.71094,332.92969,331.52344,335.39063,333.98438,332.22656,334.33594,332.22656,334.6875,333.63281,332.22656,333.28125,7.38281,5.91797,6.38672,6.5625,6.5625,6.62109,6.67969,6.50391,6.91406,6.5625,6.62109,6.44531,6.67969,0.126953,0.130615,0.130615,0.131836,0.136719,0.12085,0.097656,0.151367,0.146484,0.142822,0.136719
2017-07-26T02:50:00Z,328.35938,331.17188,330.46875,328.71094,329.76563,329.76563,332.22656,328.35938,332.57813,331.17188,331.52344,333.28125,7.44141,6.03516,6.91406,6.91406,6.91406,6.79688,7.14844,6.85547,6.85547,6.62109,6.50391,6.32813,5.56641,0.128174,0.125732,0.147705,0.123291,0.129395,0.124512,0.101318,0.155029,0.112305,0.145264,0.20874
2017-07-26T03:00:00Z,330.11719,330.82031,334.33594,335.74219,332.92969,335.74219,330.82031,333.28125,329.0625,332.92969,329.41406,329.76563,7.5,6.03516,6.62109,6.79688,6.67969,6.67969,6.79688,6.62109,6.38672,6.44531,6.32813,6.15234,5.27344,0.146484,0.112305,0.124512,0.126953,0.119629,0.113525,0.119629,0.119629,0.129395,0.170898,0.250244
2017-07-26T03:10:00Z,329.76563,331.875,333.28125,331.52344,333.98438,332.22656,336.44531,328.71094,332.92969,332.22656,336.79688,331.875,7.44141,5.85938,6.38672,6.26953,6.21094,6.62109,6.32813,6.09375,6.21094,6.62109,6.32813,5.97656,4.80469,0.147705,0.142822,0.111084,0.133057,0.117188,0.142822,0.148926,0.134277,0.12085,0.168457,0.245361
2017-07-26T03:20:00Z,329.76563,331.875,327.65625,330.11719,332.92969,331.52344,332.57813,331.17188,332.22656,332.57813,332.22656,331.17188,6.5625,5.44922,5.97656,6.15234,6.09375,6.21094,6.26953,6.26953,6.32813,6.21094,6.15234,5.85938,5.03906,0.098877,0.12085,0.101318,0.131836,0.100098,0.144043,0.109863,0.106201,0.130615,0.108643,0.224609
2017-07-26T03:30:00Z,329.76563,333.98438,336.79688,337.14844,337.85156,336.79688,336.44531,336.09375,332.57813,335.74219,334.33594,333.63281,6.67969,5.625,6.21094,6.5625,6.15234,6.38672,6.26953,6.50391,6.44531,6.38672,6.50391,6.32813,6.38672,0.129395,0.10498,0.102539,0.128174,0.117188,0.101318,0.080566,0.097656,0.107422,0.080566,0.114746
2017-07-26T03:40:00Z,335.39063,337.85156,336.79688,336.09375,335.03906,335.74219,337.5,335.74219,337.14844,335.03906,337.5,336.44531,7.08984,5.33203,5.85938,5.91797,5.97656,6.03516,6.26953,6.03516,6.09375,5.85938,6.03516,6.09375,6.03516,0.150146,0.155029,0.117188,0.113525,0.111084,0.13916,0.111084,0.144043,0.135498,0.085449,0.090332
2017-07-26T03:50:00Z,329.41406,334.6875,340.3125,339.60938,337.85156,337.85156,338.20313,338.20313,339.96094,336.79688,335.39063,333.98438,6.32813,5.15625,5.74219,5.74219,5.80078,5.80078,5.91797,5.91797,5.80078,5.80078,5.68359,5.80078,5.68359,0.131836,0.130615,0.102539,0.107422,0.107422,0.08667,0.106201,0.123291,0.133057,0.135498,0.102539
2017-07-26T04:00:00Z,332.57813,338.20313,338.55469,337.14844,339.25781,338.55469,338.90625,339.60938,340.3125,340.66406,339.96094,337.5,6.09375,4.80469,5.33203,5.50781,5.39063,5.44922,5.50781,5.74219,5.625,5.74219,5.625,5.68359,5.56641,0.117188,0.133057,0.131836,0.136719,0.140381,0.129395,0.111084,0.118408,0.142822,0.147705,0.112305
2017-07-26T04:10:00Z,332.57813,338.90625,337.5,337.5,337.85156,339.96094,337.85156,338.90625,337.5,337.14844,336.44531,337.14844,5.91797,4.45313,5.15625,5.15625,5.15625,5.27344,5.15625,5.39063,5.27344,5.21484,5.27344,5.33203,5.21484,0.134277,0.114746,0.101318,0.102539,0.136719,0.093994,0.10376,0.123291,0.074463,0.113525,0.074463
2017-07-26T04:20:00Z,327.30469,331.52344,332.57813,329.41406,331.52344,332.92969,333.63281,329.41406,330.11719,329.76563,328.71094,326.25,5.56641,4.21875,4.80469,4.92188,4.80469,4.86328,4.80469,4.86328,4.80469,4.92188,4.80469,4.57031,4.6875,0.17334,0.135498,0.133057,0.144043,0.117188,0.131836,0.123291,0.131836,0.130615,0.178223,0.168457
2017-07-26T04:30:00Z,317.46094,319.92188,320.625,320.97656,323.08594,316.40625,322.38281,324.49219,322.03125,326.60156,326.95313,324.14063,5.625,4.51172,4.86328,5.09766,5.09766,5.03906,5.03906,5.15625,4.74609,4.92188,4.6875,4.6875,4.6875,0.19165,0.161133,0.146484,0.151367,0.205078,0.200195,0.174561,0.163574,0.205078,0.185547,0.197754
2017-07-26T04:40:00Z,324.14063,327.65625,329.76563,330.82031,328.00781,332.92969,328.71094,330.46875,328.00781,331.17188,328.35938,330.46875,5.03906,4.10156,4.33594,4.45313,4.33594,4.33594,4.39453,4.27734,4.21875,4.39453,4.27734,4.21875,4.16016,0.153809,0.19043,0.175781,0.162354,0.15625,0.192871,0.184326,0.180664,0.205078,0.135498,0.175781
2017-07-26T04:50:00Z,329.0625,328.71094,326.95313,330.82031,329.76563,329.0625,328.35938,327.65625,325.54688,324.84375,326.25,325.19531,4.74609,3.57422,3.69141,3.86719,3.92578,3.98438,3.98438,4.04297,3.98438,3.92578,3.92578,3.86719,3.98438,0.177002,0.186768,0.184326,0.177002,0.151367,0.146484,0.180664,0.15625,0.168457,0.152588,0.157471
2017-07-26T05:00:00Z,313.94531,313.59375,311.48438,312.1875,315.70313,315.70313,314.29688,319.57031,315.0,314.29688,315.0,314.64844,4.92188,3.57422,3.92578,4.16016,4.27734,4.10156,4.21875,3.92578,4.10156,4.04297,4.04297,3.98438,3.92578,0.183105,0.131836,0.291748,0.186768,0.177002,0.241699,0.161133,0.224609,0.214844,0.262451,0.263672
2017-07-26T05:10:00Z,304.10156,313.59375,313.94531,311.83594,314.29688,312.89063,314.64844,310.42969,309.72656,313.24219,313.94531,310.42969,4.92188,3.45703,3.69141,3.57422,3.80859,3.63281,3.63281,3.63281,3.57422,3.92578,3.69141,3.69141,3.45703,0.162354,0.159912,0.201416,0.203857,0.213623,0.189209,0.198975,0.212402,0.163574,0.26123,0.180664
2017-07-26T05:20:00Z,312.1875,318.51563,316.40625,319.57031,315.35156,320.27344,319.92188,319.57031,319.92188,319.21875,322.73438,323.4375,4.45313,2.92969,3.16406,3.33984,3.28125,3.57422,3.33984,3.28125,3.16406,3.39844,3.16406,3.39844,3.16406,0.184326,0.19043,0.214844,0.183105,0.251465,0.212402,0.211182,0.168457,0.213623,0.180664,0.216064
2017-07-26T05:30:00Z,309.72656,311.13281,311.13281,311.48438,308.67188,313.59375,311.83594,316.40625,312.53906,316.40625,315.35156,315.70313,4.04297,2.87109,2.98828,3.10547,2.98828,3.04688,3.16406,3.04688,2.98828,2.98828,2.98828,3.10547,2.87109,0.203857,0.203857,0.19165,0.179443,0.146484,0.150146,0.172119,0.174561,0.161133,0.213623,0.137939
2017-07-26T05:40:00Z,305.15625,304.80469,303.04688,308.67188,305.15625,307.61719,308.32031,306.21094,304.10156,307.61719,302.69531,304.80469,3.69141,2.63672,2.92969,2.98828,2.98828,3.04688,3.10547,2.98828,2.98828,2.92969,2.92969,3.04688,2.98828,0.179443,0.220947,0.20752,0.163574,0.183105,0.175781,0.194092,0.217285,0.174561,0.164795,0.184326
2017-07-26T05:50:00Z,287.92969,290.03906,291.44531,289.33594,293.20313,293.90625,294.96094,297.07031,296.36719,296.71875,294.60938,296.36719,4.45313,3.16406,3.45703,3.33984,3.28125,3.45703,3.22266,3.45703,3.33984,3.39844,3.39844,3.45703,3.39844,0.201416,0.206299,0.186768,0.155029,0.196533,0.148926,0.168457,0.159912,0.185547,0.161133,0.19043
2017-07-26T06:00:00Z,293.55469,302.34375,300.9375,301.28906,301.64063,301.99219,305.85938,301.28906,298.82813,296.36719,303.04688,295.66406,3.86719,2.87109,2.87109,2.92969,3.04688,2.92969,2.98828,2.98828,2.92969,3.04688,2.98828,2.87109,2.75391,0.222168,0.194092,0.236816,0.211182,0.252686,0.192871,0.257568,0.223389,0.219727,0.239258,0.211182
2017-07-26T06:10:00Z,299.53125,302.34375,308.32031,305.50781,309.375,309.375,309.72656,312.89063,304.80469,308.32031,317.46094,316.75781,3.16406,2.22656,2.16797,2.28516,2.28516,2.16797,2.28516,2.34375,2.22656,2.05078,2.34375,2.16797,2.22656,0.258789,0.181885,0.216064,0.291748,0.214844,0.213623,0.206299,0.211182,0.219727,0.187988,0.159912
2017-07-26T06:20:00Z,293.20313,292.5,289.6875,291.44531,295.3125,296.36719,297.42188,302.34375,304.10156,305.85938,303.75,307.26563,3.33984,1.75781,2.05078,2.16797,2.16797,2.10938,2.16797,2.28516,2.22656,2.10938,2.22656,2.16797,2.22656,0.22583,0.212402,0.263672,0.224609,0.202637,0.228271,0.211182,0.214844,0.141602,0.185547,0.168457
2017-07-26T06:30:00Z,284.0625,289.33594,296.01563,291.79688,292.5,294.96094,296.36719,296.01563,295.66406,298.47656,297.07031,295.66406,3.28125,2.05078,2.46094,2.51953,2.46094,2.51953,2.57813,2.51953,2.46094,2.46094,2.46094,2.34375,2.34375,0.247803,0.186768,0.216064,0.222168,0.262451,0.250244,0.223389,0.218506,0.255127,0.220947,0.224609
2017-07-26T06:40:00Z,282.65625,285.46875,292.14844,286.875,289.6875,290.74219,291.44531,293.55469,291.79688,290.39063,291.79688,290.39063,3.39844,2.40234,2.75391,2.75391,2.69531,2.57813,2.69531,2.51953,2.63672,2.57813,2.63672,2.46094,2.51953,0.140381,0.196533,0.142822,0.213623,0.19043,0.19043,0.206299,0.200195,0.216064,0.230713,0.19165
2017-07-26T06:50:00Z,285.11719,281.25,286.17188,283.00781,286.875,285.82031,284.0625,284.76563,284.76563,283.71094,281.25,284.41406,3.51563,2.28516,2.69531,2.8125,2.92969,2.75391,2.87109,2.8125,2.8125,2.75391,2.69531,2.8125,2.8125,0.235596,0.246582,0.235596,0.192871,0.233154,0.217285,0.244141,0.213623,0.229492,0.217285,0.22583
2017-07-26T07:00:00Z,272.8125,282.30469,277.03125,278.08594,274.57031,278.4375,279.49219,279.49219,280.19531,279.14063,277.73438,276.67969,4.33594,2.92969,3.04688,3.10547,3.16406,3.22266,3.33984,3.39844,3.28125,3.28125,3.22266,3.22266,3.22266,0.273438,0.202637,0.216064,0.213623,0.198975,0.201416,0.206299,0.162354,0.177002,0.187988,0.170898
2017-07-26T07:10:00Z,271.40625,277.03125,276.32813,274.21875,278.08594,274.92188,278.4375,281.60156,276.32813,274.92188,276.67969,277.38281,4.57031,3.45703,3.80859,3.98438,3.98438,3.98438,4.10156,4.10156,4.04297,3.98438,4.04297,4.04297,3.98438,0.146484,0.152588,0.163574,0.145264,0.161133,0.137939,0.137939,0.166016,0.118408,0.133057,0.125732
2017-07-26T07:20:00Z,274.92188,279.84375,280.54688,281.25,279.49219,280.54688,279.14063,278.4375,277.03125,276.67969,277.73438,277.73438,5.15625,3.75,3.98438,4.16016,4.10156,4.21875,4.04297,4.16016,4.04297,4.04297,3.92578,4.04297,3.86719,0.157471,0.142822,0.136719,0.179443,0.179443,0.13916,0.142822,0.142822,0.146484,0.162354,0.161133
2017-07-26T07:30:00Z,266.83594,273.16406,272.8125,269.29688,269.64844,270.35156,261.5625,271.05469,267.1875,268.59375,262.96875,271.05469,5.03906,3.69141,3.98438,4.21875,3.98438,4.16016,4.33594,4.33594,4.21875,4.16016,4.10156,4.33594,4.27734,0.228271,0.240479,0.214844,0.229492,0.148926,0.185547,0.186768,0.195313,0.200195,0.150146,0.19043
2017-07-26T07:40:00Z,267.53906,267.89063,270.0,265.78125,269.64844,270.70313,268.94531,269.29688,269.29688,270.0,271.40625,268.24219,5.21484,4.04297,4.27734,4.27734,4.27734,4.33594,4.33594,4.33594,4.33594,4.33594,4.16016,4.27734,4.21875,0.19043,0.203857,0.19165,0.172119,0.212402,0.197754,0.194092,0.217285,0.213623,0.169678,0.174561
2017-07-26T07:50:00Z,261.21094,262.61719,260.85938,261.5625,263.67188,259.45313,261.91406,260.15625,263.32031,260.15625,262.61719,261.5625,4.62891,3.39844,3.39844,3.57422,3.63281,3.51563,3.63281,3.57422,3.63281,3.51563,3.69141,3.51563,3.75,0.194092,0.216064,0.181885,0.177002,0.186768,0.206299,0.178223,0.167236,0.174561,0.175781,0.181885
2017-07-26T08:00:00Z,252.77344,262.96875,260.85938,262.26563,264.375,260.85938,261.91406,259.80469,262.26563,261.21094,262.61719,263.67188,4.51172,3.28125,3.86719,3.69141,3.63281,3.69141,3.63281,3.75,3.75,3.75,3.75,3.69141,3.45703,0.101318,0.125732,0.128174,0.136719,0.114746,0.151367,0.189209,0.146484,0.163574,0.150146,0.161133
2017-07-26T08:10:00Z,253.82813,255.9375,255.9375,254.88281,253.82813,252.42188,253.47656,253.82813,252.42188,251.01563,251.71875,252.07031,4.51172,3.39844,3.51563,3.57422,3.51563,3.57422,3.75,3.63281,3.63281,3.51563,3.69141,3.63281,3.80859,0.157471,0.167236,0.187988,0.152588,0.142822,0.172119,0.167236,0.134277,0.147705,0.142822,0.124512
2017-07-26T08:20:00Z,249.96094,251.71875,249.60938,250.66406,249.96094,250.3125,248.55469,251.36719,250.3125,253.125,247.5,253.47656,3.98438,2.8125,3.04688,3.22266,3.16406,3.16406,3.16406,3.22266,3.33984,3.33984,3.22266,3.39844,3.39844,0.163574,0.194092,0.175781,0.196533,0.20752,0.202637,0.209961,0.198975,0.168457,0.167236,0.166016
2017-07-26T08:30:00Z,253.125,254.53125,258.39844,256.99219,256.64063,256.99219,246.44531,256.28906,249.25781,254.88281,251.01563,253.125,4.45313,3.22266,3.57422,3.57422,3.51563,3.57422,3.51563,3.63281,3.51563,3.75,3.69141,3.63281,3.45703,0.216064,0.195313,0.186768,0.159912,0.20752,0.20874,0.159912,0.164795,0.218506,0.206299,0.206299
2017-07-26T08:40:00Z,237.30469,239.76563,239.41406,243.98438,240.46875,239.76563,239.76563,239.76563,234.14063,246.09375,241.875,247.14844,4.39453,3.22266,3.51563,3.33984,3.51563,3.57422,3.63281,3.45703,3.57422,3.80859,3.51563,3.45703,3.39844,0.200195,0.246582,0.175781,0.219727,0.26123,0.198975,0.223389,0.317383,0.297852,0.195313,0.196533
2017-07-26T08:50:00Z,241.875,249.96094,245.03906,246.09375,247.5,247.14844,247.14844,247.85156,246.79688,242.92969,246.79688,250.3125,4.04297,2.75391,2.92969,3.16406,3.22266,3.33984,3.39844,3.33984,3.33984,3.39844,3.57422,3.45703,3.51563,0.218506,0.184326,0.235596,0.148926,0.179443,0.184326,0.202637,0.158691,0.231934,0.128174,0.187988
2017-07-26T09:00:00Z,243.63281,239.0625,238.71094,238.35938,236.25,240.11719,236.95313,239.0625,236.95313,242.22656,238.00781,238.35938,3.75,2.69531,3.10547,3.16406,3.22266,3.10547,3.16406,3.16406,3.22266,3.51563,3.16406,3.39844,3.10547,0.198975,0.197754,0.172119,0.201416,0.181885,0.19043,0.194092,0.174561,0.186768,0.26123,0.17334
2017-07-26T09:10:00Z,235.54688,236.25,239.0625,238.71094,239.76563,236.95313,236.95313,237.65625,235.89844,228.16406,237.65625,237.65625,3.57422,2.46094,2.92969,2.8125,2.69531,3.04688,2.75391,3.22266,2.75391,3.10547,2.87109,3.10547,2.87109,0.216064,0.228271,0.239258,0.396729,0.219727,0.500488,0.213623,0.256348,0.488281,0.185547,0.20752
2017-07-26T09:20:00Z,227.10938,232.03125,230.27344,233.4375,229.92188,230.625,229.57031,231.67969,227.10938,229.92188,227.10938,229.92188,3.80859,2.51953,2.92969,2.98828,2.98828,3.04688,3.04688,3.04688,2.98828,2.98828,3.10547,3.04688,2.98828,0.189209,0.164795,0.172119,0.175781,0.180664,0.147705,0.135498,0.202637,0.147705,0.150146,0.180664
2017-07-26T09:30:00Z,219.02344,222.53906,225.70313,223.59375,226.05469,226.75781,225.70313,225.35156,223.94531,224.64844,226.05469,224.29688,3.80859,2.63672,2.75391,2.87109,2.8125,2.8125,2.92969,2.92969,2.92969,2.87109,2.98828,2.87109,3.10547,0.177002,0.213623,0.211182,0.216064,0.197754,0.202637,0.151367,0.185547,0.180664,0.211182,0.155029
2017-07-26T09:40:00Z,213.04688,216.21094,215.85938,214.45313,214.10156,216.5625,215.85938,216.91406,216.21094,216.21094,214.80469,219.375,3.80859,2.75391,3.10547,3.10547,3.04688,3.16406,3.16406,3.16406,3.28125,3.28125,3.22266,3.33984,3.33984,0.152588,0.211182,0.19043,0.187988,0.166016,0.164795,0.167236,0.170898,0.152588,0.153809,0.152588
2017-07-26T09:50:00Z,213.75,221.83594,223.94531,226.40625,223.59375,224.29688,225.35156,221.13281,223.59375,222.1875,223.24219,221.83594,4.39453,3.16406,3.39844,3.51563,3.45703,3.57422,3.57422,3.57422,3.63281,3.69141,3.57422,3.69141,3.57422,0.162354,0.174561,0.168457,0.169678,0.19043,0.137939,0.164795,0.152588,0.179443,0.150146,0.161133
2017-07-26T10:00:00Z,219.375,219.02344,216.91406,219.02344,216.91406,215.50781,217.26563,219.72656,215.85938,216.21094,214.10156,214.10156,4.86328,3.28125,3.86719,3.92578,3.86719,3.92578,3.98438,4.04297,4.10156,4.04297,4.10156,4.04297,4.16016,0.187988,0.181885,0.192871,0.194092,0.203857,0.211182,0.212402,0.150146,0.167236,0.123291,0.178223
2017-07-26T10:10:00Z,216.21094,219.02344,219.72656,219.02344,219.02344,219.375,218.32031,219.72656,218.67188,216.91406,220.07813,220.07813,5.56641,4.21875,4.80469,4.62891,4.80469,4.6875,4.74609,4.62891,4.6875,4.74609,4.6875,4.74609,4.57031,0.13916,0.161133,0.12207,0.111084,0.118408,0.136719,0.146484,0.153809,0.144043,0.130615,0.162354
2017-07-26T10:20:00Z,211.64063,215.15625,216.21094,214.45313,217.61719,216.21094,218.32031,218.67188,217.61719,215.85938,217.26563,216.91406,5.44922,4.10156,4.57031,4.51172,4.45313,4.62891,4.6875,4.86328,4.80469,4.80469,4.86328,4.92188,4.74609,0.145264,0.12085,0.142822,0.169678,0.092773,0.106201,0.129395,0.10376,0.100098,0.095215,0.126953
2017-07-26T10:30:00Z,215.15625,214.45313,215.50781,216.91406,215.85938,217.61719,219.02344,217.26563,217.61719,217.26563,216.21094,214.10156,5.85938,4.39453,4.80469,4.80469,4.92188,5.09766,5.15625,5.03906,5.21484,5.09766,4.98047,4.98047,5.03906,0.128174,0.135498,0.135498,0.157471,0.119629,0.151367,0.119629,0.13916,0.136719,0.124512,0.134277
2017-07-26T10:40:00Z,216.91406,222.1875,226.40625,224.29688,225.0,223.94531,226.40625,223.94531,226.75781,227.10938,227.10938,226.05469,5.74219,4.51172,5.15625,5.27344,5.27344,5.15625,5.27344,5.56641,5.39063,5.09766,5.50781,5.625,5.56641,0.134277,0.172119,0.161133,0.147705,0.142822,0.155029,0.185547,0.179443,0.170898,0.198975,0.114746
2017-07-26T10:50:00Z,220.42969,216.91406,220.78125,218.32031,220.42969,221.48438,221.13281,221.13281,218.67188,224.29688,221.83594,221.83594,6.50391,4.98047,5.44922,5.625,5.56641,5.625,5.74219,5.80078,5.68359,5.74219,5.85938,6.09375,5.97656,0.131836,0.196533,0.212402,0.183105,0.161133,0.185547,0.174561,0.187988,0.117188,0.150146,0.153809
2017-07-26T11:00:00Z,221.48438,224.29688,224.29688,221.48438,228.86719,225.70313,223.59375,225.70313,226.40625,224.29688,222.89063,226.75781,6.50391,5.09766,5.68359,6.03516,5.85938,5.97656,5.85938,6.21094,6.15234,6.21094,6.32813,6.21094,6.26953,0.15625,0.158691,0.166016,0.140381,0.216064,0.168457,0.196533,0.174561,0.202637,0.200195,0.152588
2017-07-26T11:10:00Z,218.32031,216.91406,217.26563,219.72656,217.61719,220.42969,221.13281,219.375,222.1875,222.53906,220.78125,221.83594,6.79688,5.44922,6.09375,6.21094,6.09375,6.73828,6.62109,6.73828,6.67969,6.73828,6.85547,7.08984,7.14844,0.129395,0.152588,0.13916,0.129395,0.131836,0.115967,0.141602,0.150146,0.12207,0.129395,0.12207
2017-07-26T11:20:00Z,216.21094,216.21094,217.61719,216.91406,218.32031,215.15625,218.67188,218.67188,217.26563,218.67188,221.13281,219.72656,7.38281,5.68359,5.85938,6.26953,5.97656,6.26953,6.50391,6.38672,6.50391,6.67969,6.73828,6.85547,6.62109,0.144043,0.158691,0.15625,0.183105,0.152588,0.130615,0.134277,0.147705,0.12207,0.180664,0.146484
2017-07-26T11:30:00Z,210.58594,209.53125,208.47656,210.9375,211.64063,210.9375,210.23438,211.28906,213.39844,216.21094,215.15625,214.10156,6.67969,5.27344,6.15234,6.32813,6.26953,6.21094,6.32813,6.38672,6.50391,6.38672,6.38672,6.26953,6.44531,0.137939,0.10498,0.098877,0.106201,0.115967,0.092773,0.090332,0.096436,0.111084,0.10498,0.140381
2017-07-26T11:40:00Z,212.69531,213.39844,214.80469,215.15625,213.39844,214.45313,214.45313,214.45313,215.50781,215.15625,215.85938,215.50781,6.38672,4.86328,5.74219,5.85938,5.74219,6.09375,6.21094,6.21094,6.26953,6.32813,6.21094,6.26953,6.26953,0.159912,0.141602,0.125732,0.140381,0.141602,0.129395,0.126953,0.108643,0.141602,0.126953,0.113525
2017-07-26T11:50:00Z,209.17969,213.39844,214.10156,214.45313,213.39844,215.85938,214.45313,215.15625,216.5625,215.50781,215.50781,216.21094,6.79688,5.44922,6.21094,6.32813,6.26953,6.50391,6.67969,6.73828,6.62109,6.67969,6.67969,6.73828,6.62109,0.128174,0.12207,0.129395,0.140381,0.111084,0.091553,0.101318,0.107422,0.093994,0.093994,0.112305
2017-07-26T12:00:00Z,214.10156,218.32031,217.26563,216.91406,218.67188,217.26563,217.61719,215.50781,214.45313,216.91406,215.85938,219.375,7.5,5.74219,6.62109,6.85547,6.97266,7.08984,7.32422,7.08984,7.26563,7.44141,7.67578,7.61719,8.02734,0.183105,0.134277,0.148926,0.172119,0.161133,0.164795,0.137939,0.136719,0.123291,0.13916,0.147705
2017-07-26T12:10:00Z,219.375,224.29688,223.94531,227.10938,222.1875,222.53906,222.53906,222.89063,225.0,221.48438,222.89063,222.89063,8.26172,6.85547,7.67578,7.79297,7.73438,7.91016,8.14453,8.14453,8.26172,7.96875,7.79297,8.14453,7.85156,0.118408,0.129395,0.114746,0.12207,0.129395,0.126953,0.119629,0.123291,0.118408,0.130615,0.145264
2017-07-26T12:20:00Z,221.83594,225.70313,223.24219,223.24219,223.59375,222.1875,222.1875,223.94531,222.1875,220.42969,222.1875,217.26563,8.26172,6.62109,7.67578,7.79297,7.67578,7.91016,7.91016,7.67578,7.85156,7.79297,8.02734,8.08594,8.20313,0.10498,0.131836,0.129395,0.114746,0.142822,0.140381,0.114746,0.146484,0.141602,0.097656,0.135498
2017-07-26T12:30:00Z,220.78125,221.13281,225.70313,222.89063,221.13281,223.24219,220.42969,219.72656,220.07813,216.5625,216.21094,216.21094,8.32031,6.85547,7.79297,7.85156,7.67578,7.73438,7.91016,7.73438,7.85156,7.79297,7.79297,8.02734,7.96875,0.144043,0.133057,0.131836,0.111084,0.107422,0.146484,0.106201,0.130615,0.141602,0.150146,0.125732
2017-07-26T12:40:00Z,214.10156,213.39844,214.45313,212.69531,213.75,212.34375,212.34375,211.99219,210.9375,208.47656,211.28906,211.99219,7.61719,6.21094,7.14844,7.08984,7.03125,7.32422,7.08984,7.20703,7.14844,7.14844,7.44141,7.44141,7.26563,0.152588,0.124512,0.133057,0.117188,0.111084,0.113525,0.131836,0.125732,0.125732,0.089111,0.111084
2017-07-26T12:50:00Z,205.66406,208.82813,208.125,209.17969,208.125,204.60938,206.01563,206.71875,208.82813,207.42188,205.3125,207.42188,7.20703,5.56641,5.97656,6.03516,6.38672,6.03516,6.44531,6.38672,6.50391,6.44531,6.5625,6.50391,6.50391,0.12207,0.140381,0.136719,0.114746,0.112305,0.119629,0.115967,0.113525,0.109863,0.12207,0.133057
2017-07-26T13:00:00Z,204.96094,209.53125,209.17969,210.23438,211.64063,210.58594,210.58594,210.23438,208.47656,207.77344,207.42188,207.77344,6.97266,5.56641,6.32813,6.44531,6.50391,6.26953,6.5625,6.5625,6.50391,6.44531,6.62109,6.67969,6.67969,0.131836,0.109863,0.10498,0.146484,0.123291,0.13916,0.095215,0.126953,0.150146,0.08667,0.095215
2017-07-26T13:10:00Z,204.96094,210.23438,209.17969,209.17969,210.9375,211.99219,209.88281,209.88281,208.125,209.53125,207.77344,207.07031,7.5,5.85938,7.20703,7.26563,7.32422,7.67578,7.44141,7.38281,7.32422,7.5,7.61719,7.5,7.61719,0.130615,0.134277,0.137939,0.141602,0.13916,0.12085,0.140381,0.123291,0.118408,0.130615,0.134277
2017-07-26T13:20:00Z,203.20313,203.55469,204.96094,204.96094,202.14844,202.14844,207.07031,205.3125,207.07031,202.14844,202.85156,202.85156,7.85156,6.21094,7.14844,7.26563,7.61719,7.44141,7.85156,7.85156,7.73438,7.55859,7.67578,7.96875,7.96875,0.134277,0.15625,0.125732,0.128174,0.107422,0.111084,0.108643,0.124512,0.134277,0.126953,0.133057
2017-07-26T13:30:00Z,202.5,204.96094,203.55469,204.60938,205.3125,207.77344,205.66406,206.01563,203.90625,202.85156,203.90625,204.60938,8.26172,6.62109,7.79297,7.55859,7.55859,7.67578,7.61719,7.79297,7.85156,7.91016,8.14453,8.37891,8.55469,0.131836,0.126953,0.124512,0.124512,0.124512,0.111084,0.123291,0.124512,0.107422,0.109863,0.115967
2017-07-26T13:40:00Z,204.25781,206.01563,203.90625,205.3125,205.66406,207.07031,204.96094,205.3125,200.39063,206.01563,203.90625,206.36719,7.5,6.32813,7.32422,7.32422,7.32422,7.61719,7.26563,7.55859,7.73438,8.20313,8.37891,8.4375,8.61328,0.126953,0.117188,0.130615,0.124512,0.118408,0.115967,0.142822,0.095215,0.090332,0.125732,0.106201
2017-07-26T13:50:00Z,207.07031,211.28906,211.28906,209.17969,210.23438,209.88281,208.125,209.88281,207.07031,209.88281,208.47656,209.53125,8.26172,6.5625,7.32422,7.32422,7.61719,7.44141,7.55859,7.67578,7.61719,7.96875,8.14453,8.26172,8.26172,0.135498,0.164795,0.146484,0.12085,0.134277,0.12207,0.141602,0.112305,0.126953,0.136719,0.145264
2017-07-26T14:00:00Z,204.25781,207.07031,208.125,207.77344,208.47656,208.82813,206.01563,207.42188,210.23438,208.125,208.82813,209.53125,8.14453,6.15234,7.08984,7.14844,7.14844,7.03125,6.85547,7.26563,7.44141,7.55859,7.73438,8.32031,8.4375,0.119629,0.107422,0.112305,0.131836,0.133057,0.114746,0.102539,0.117188,0.123291,0.129395,0.096436
2017-07-26T14:10:00Z,204.96094,209.17969,209.17969,210.23438,209.53125,209.53125,211.28906,211.28906,209.17969,210.58594,213.04688,212.69531,7.08984,5.85938,6.38672,6.38672,6.44531,6.62109,6.85547,7.03125,7.03125,7.55859,7.85156,7.91016,8.14453,0.134277,0.157471,0.142822,0.142822,0.135498,0.107422,0.100098,0.081787,0.128174,0.109863,0.126953
2017-07-26T14:20:00Z,204.25781,204.25781,204.60938,202.85156,201.79688,203.55469,204.60938,205.3125,206.36719,206.36719,207.77344,209.17969,6.09375,4.98047,5.68359,5.625,5.625,5.85938,6.03516,6.15234,6.32813,6.67969,6.91406,7.20703,7.38281,0.168457,0.174561,0.140381,0.126953,0.096436,0.131836,0.135498,0.098877,0.144043,0.137939,0.090332
2017-07-26T14:30:00Z,201.44531,203.55469,201.79688,205.3125,203.90625,203.55469,204.25781,205.3125,201.79688,205.66406,204.96094,205.66406,5.91797,4.86328,5.27344,5.56641,5.50781,5.625,5.97656,5.97656,6.15234,6.44531,6.73828,6.79688,7.38281,0.133057,0.140381,0.155029,0.148926,0.126953,0.130615,0.125732,0.148926,0.124512,0.112305,0.123291
2017-07-26T14:40:00Z,202.14844,202.5,206.36719,204.25781,200.03906,203.90625,203.90625,201.44531,204.25781,206.36719,206.71875,206.71875,5.74219,4.80469,5.50781,5.80078,5.91797,5.625,6.03516,6.09375,6.67969,6.91406,7.20703,7.38281,7.96875,0.15625,0.157471,0.169678,0.15625,0.114746,0.12207,0.084229,0.100098,0.130615,0.134277,0.115967
2017-07-26T14:50:00Z,196.875,200.74219,198.98438,200.03906,198.63281,199.6875,200.74219,201.44531,199.33594,201.44531,201.79688,205.66406,5.68359,4.80469,5.27344,5.44922,5.50781,5.91797,6.09375,6.26953,6.50391,6.85547,7.08984,7.67578,8.08594,0.136719,0.151367,0.13916,0.112305,0.129395,0.13916,0.115967,0.114746,0.115967,0.106201,0.109863
2017-07-26T15:00:00Z,193.71094,197.92969,196.17188,195.11719,195.11719,195.82031,193.71094,193.35938,195.11719,196.17188,200.03906,202.85156,5.85938,4.62891,5.33203,5.33203,5.21484,5.44922,5.625,5.97656,6.44531,6.79688,7.38281,7.85156,8.20313,0.152588,0.108643,0.137939,0.119629,0.092773,0.13916,0.12207,0.114746,0.118408,0.096436,0.115967
2017-07-26T15:10:00Z,189.84375,192.30469,189.84375,192.65625,193.00781,190.89844,192.30469,193.00781,193.71094,197.92969,200.03906,200.03906,5.50781,4.27734,4.39453,4.57031,4.57031,4.86328,5.15625,5.80078,6.09375,6.91406,7.61719,7.91016,8.20313,0.151367,0.15625,0.129395,0.126953,0.102539,0.117188,0.118408,0.10376,0.101318,0.114746,0.097656
2017-07-26T15:20:00Z,189.14063,190.19531,187.38281,185.625,185.27344,188.4375,188.4375,189.49219,192.65625,196.52344,196.52344,199.6875,4.92188,4.16016,4.39453,4.51172,4.62891,4.86328,5.39063,5.68359,6.21094,6.91406,7.38281,7.61719,7.85156,0.152588,0.114746,0.087891,0.107422,0.097656,0.097656,0.10498,0.12207,0.106201,0.080566,0.070801
2017-07-26T15:30:00Z,175.78125,177.89063,177.53906,176.48438,175.07813,176.13281,176.83594,179.64844,181.75781,183.16406,187.73438,191.60156,5.15625,4.33594,4.86328,4.92188,4.92188,5.09766,5.21484,5.56641,5.74219,5.91797,6.5625,7.08984,7.5,0.10498,0.117188,0.083008,0.084229,0.075684,0.080566,0.070801,0.075684,0.089111,0.080566,0.058594
2017-07-26T15:40:00Z,171.91406,173.67188,174.02344,174.375,174.72656,180.70313,182.8125,181.75781,182.46094,184.21875,183.51563,184.92188,5.33203,4.51172,4.6875,4.6875,4.62891,5.03906,5.39063,5.625,6.15234,7.08984,7.55859,7.96875,8.02734,0.10376,0.10498,0.114746,0.095215,0.08667,0.084229,0.093994,0.097656,0.117188,0.074463,0.070801
2017-07-26T15:50:00Z,173.32031,180.0,175.78125,177.89063,178.59375,182.10938,182.46094,184.92188,183.51563,186.67969,184.57031,187.03125,4.80469,4.10156,4.39453,4.51172,4.45313,4.80469,5.33203,5.91797,6.5625,7.32422,7.96875,8.14453,8.32031,0.102539,0.095215,0.10376,0.080566,0.074463,0.085449,0.068359,0.087891,0.061035,0.05127,0.050049
2017-07-26T16:00:00Z,179.29688,180.0,180.35156,182.8125,182.46094,183.16406,184.92188,184.57031,185.97656,185.625,187.03125,187.38281,4.62891,3.86719,4.45313,4.45313,4.51172,4.74609,5.15625,5.80078,6.5625,7.44141,7.73438,7.96875,8.26172,0.130615,0.091553,0.112305,0.098877,0.102539,0.106201,0.140381,0.12207,0.115967,0.084229,0.083008
2017-07-26T16:10:00Z,183.16406,189.14063,184.92188,184.57031,183.86719,183.86719,183.16406,185.97656,184.57031,185.97656,188.4375,188.08594,4.86328,4.04297,4.39453,4.39453,4.39453,4.6875,4.86328,5.03906,5.39063,5.85938,6.32813,6.62109,6.97266,0.092773,0.112305,0.092773,0.092773,0.102539,0.087891,0.12085,0.15625,0.175781,0.20874,0.175781
2017-07-26T16:20:00Z,207.07031,212.69531,213.04688,210.9375,210.58594,208.82813,208.47656,206.01563,205.3125,207.42188,206.71875,206.36719,4.62891,3.80859,4.51172,4.39453,4.45313,4.51172,4.6875,4.74609,4.86328,5.03906,5.15625,5.21484,5.27344,0.108643,0.13916,0.115967,0.093994,0.117188,0.085449,0.090332,0.08667,0.108643,0.102539,0.078125
2017-07-26T16:30:00Z,200.03906,197.57813,198.28125,198.63281,195.11719,195.82031,196.52344,195.11719,195.82031,197.22656,197.22656,195.11719,4.6875,3.86719,4.39453,4.62891,4.45313,4.74609,4.92188,5.15625,5.39063,5.625,5.74219,5.91797,6.09375,0.089111,0.089111,0.079346,0.106201,0.085449,0.098877,0.089111,0.098877,0.093994,0.095215,0.091553
2017-07-26T16:40:00Z,197.57813,201.79688,201.09375,203.20313,203.20313,201.79688,203.90625,207.77344,210.23438,208.125,209.88281,209.53125,5.44922,4.21875,5.09766,5.27344,5.27344,5.625,5.74219,6.03516,6.15234,6.26953,6.67969,7.08984,7.38281,0.115967,0.112305,0.112305,0.134277,0.123291,0.155029,0.152588,0.144043,0.137939,0.129395,0.119629
2017-07-26T16:50:00Z,210.23438,222.1875,219.375,218.67188,221.48438,221.83594,221.13281,220.07813,221.83594,222.53906,220.07813,219.375,5.50781,4.45313,5.09766,5.39063,5.50781,5.50781,5.85938,6.26953,6.62109,7.03125,7.61719,8.20313,8.4375,0.128174,0.13916,0.119629,0.152588,0.185547,0.169678,0.187988,0.179443,0.153809,0.194092,0.146484
2017-07-26T17:00:00Z,228.51563,229.21875,231.32813,231.67969,232.03125,230.625,229.57031,231.67969,229.92188,232.03125,228.51563,228.16406,6.62109,5.56641,6.79688,7.03125,6.91406,7.67578,8.08594,8.67188,8.61328,9.19922,9.14063,9.14063,9.66797,0.089111,0.083008,0.089111,0.084229,0.084229,0.073242,0.068359,0.064697,0.061035,0.058594,0.133057
2017-07-26T17:10:00Z,226.75781,228.51563,228.16406,229.57031,230.97656,228.86719,229.21875,230.97656,229.21875,228.16406,229.57031,231.67969,8.73047,6.09375,7.67578,7.79297,7.73438,8.20313,8.26172,8.4375,8.61328,8.61328,8.78906,8.78906,8.73047,0.15625,0.142822,0.113525,0.134277,0.130615,0.124512,0.096436,0.08667,0.083008,0.079346,0.085449
2017-07-26T17:20:00Z,228.86719,233.4375,232.03125,233.08594,234.49219,234.49219,233.08594,231.32813,232.73438,232.73438,233.78906,230.97656,9.31641,7.85156,9.375,9.60938,9.49219,9.84375,9.84375,9.66797,9.84375,9.84375,9.72656,9.72656,9.375,0.098877,0.087891,0.089111,0.098877,0.101318,0.070801,0.081787,0.074463,0.096436,0.078125,0.064697
2017-07-26T17:30:00Z,231.67969,234.49219,234.14063,235.19531,235.54688,236.25,234.49219,233.4375,234.14063,233.78906,232.38281,232.73438,9.96094,8.4375,9.66797,9.96094,9.60938,10.13672,9.96094,9.90234,10.07813,10.13672,10.07813,10.01953,9.96094,0.096436,0.08667,0.090332,0.080566,0.089111,0.080566,0.080566,0.092773,0.080566,0.090332,0.090332
2017-07-26T17:40:00Z,232.38281,232.73438,230.97656,233.78906,233.4375,232.73438,232.03125,230.27344,229.92188,231.67969,230.27344,227.46094,9.78516,8.32031,9.375,9.78516,9.49219,9.72656,9.55078,9.66797,9.72656,9.96094,9.84375,9.60938,9.55078,0.089111,0.092773,0.087891,0.096436,0.092773,0.10498,0.113525,0.070801,0.109863,0.097656,0.091553
2017-07-26T17:50:00Z,225.0,225.35156,225.35156,226.75781,221.48438,221.83594,223.24219,222.1875,224.64844,219.72656,221.48438,223.59375,9.84375,7.96875,9.25781,9.25781,9.49219,9.25781,10.01953,10.01953,10.07813,10.13672,10.37109,10.54688,10.83984,0.10376,0.108643,0.10498,0.087891,0.10498,0.090332,0.085449,0.080566,0.096436,0.083008,0.075684
2017-07-26T18:00:00Z,218.32031,222.53906,219.02344,220.42969,222.1875,222.89063,220.42969,223.24219,220.07813,218.32031,222.53906,220.78125,10.66406,8.26172,10.01953,9.96094,10.13672,10.42969,10.72266,10.95703,11.13281,11.36719,11.83594,12.1875,12.12891,0.129395,0.134277,0.151367,0.157471,0.126953,0.133057,0.125732,0.124512,0.148926,0.13916,0.150146
2017-07-26T18:10:00Z,221.48438,221.83594,219.72656,222.89063,222.1875,222.89063,220.78125,220.42969,219.02344,220.78125,220.07813,217.61719,12.07031,9.375,11.36719,11.60156,11.48438,12.36328,12.36328,12.48047,12.77344,13.35938,13.82813,14.17969,14.29688,0.115967,0.111084,0.144043,0.06958,0.108643,0.083008,0.111084,0.108643,0.074463,0.092773,0.10498
2017-07-26T18:20:00Z,215.50781,215.85938,216.5625,213.75,214.10156,215.85938,214.80469,216.91406,214.80469,216.91406,217.61719,216.21094,12.01172,9.19922,10.83984,10.89844,11.07422,11.36719,11.07422,11.19141,11.48438,11.95313,12.30469,12.12891,12.65625,0.140381,0.144043,0.136719,0.119629,0.135498,0.091553,0.080566,0.101318,0.08667,0.108643,0.097656
2017-07-26T18:30:00Z,210.58594,212.69531,209.88281,213.04688,214.45313,212.34375,213.04688,212.69531,211.99219,213.04688,210.9375,213.04688,11.83594,8.90625,10.37109,10.72266,10.72266,11.30859,11.54297,11.77734,11.95313,12.36328,12.77344,12.77344,13.41797,0.125732,0.119629,0.102539,0.10498,0.112305,0.117188,0.114746,0.107422,0.109863,0.114746,0.084229
2017-07-26T18:40:00Z,204.60938,206.71875,206.01563,204.60938,206.01563,207.77344,208.125,208.47656,208.47656,208.125,208.47656,211.64063,11.66016,9.84375,11.54297,11.60156,11.48438,12.30469,12.65625,12.83203,13.18359,13.47656,13.88672,13.82813,13.94531,0.117188,0.135498,0.119629,0.107422,0.100098,0.128174,0.108643,0.102539,0.095215,0.102539,0.112305
2017-07-26T18:50:00Z,204.25781,207.77344,208.47656,208.82813,209.53125,206.36719,209.17969,213.39844,209.53125,212.69531,212.69531,213.75,11.36719,9.55078,11.01563,11.48438,11.36719,11.83594,12.30469,12.53906,12.48047,12.94922,13.18359,13.65234,13.88672,0.115967,0.118408,0.147705,0.109863,0.097656,0.093994,0.096436,0.106201,0.112305,0.12207,0.136719
2017-07-26T19:00:00Z,206.01563,208.47656,207.07031,208.125,207.07031,205.66406,208.125,209.88281,210.23438,210.23438,210.9375,215.15625,11.13281,9.31641,11.25,11.19141,11.54297,11.48438,11.66016,12.24609,12.36328,12.01172,12.1875,12.59766,12.59766,0.098877,0.133057,0.098877,0.109863,0.100098,0.151367,0.095215,0.098877,0.12085,0.10376,0.119629
2017-07-26T19:10:00Z,201.79688,203.20313,202.85156,203.55469,206.36719,206.71875,206.36719,206.36719,211.28906,212.69531,215.15625,218.67188,11.42578,9.08203,10.48828,10.78125,10.83984,11.19141,11.30859,11.13281,11.30859,12.24609,13.18359,13.59375,13.76953,0.112305,0.107422,0.115967,0.109863,0.126953,0.147705,0.107422,0.141602,0.142822,0.113525,0.12207
2017-07-26T19:20:00Z,197.92969,201.44531,201.79688,201.44531,201.09375,203.90625,206.01563,207.77344,213.75,220.42969,218.32031,222.89063,10.48828,8.96484,10.42969,10.54688,10.37109,10.89844,11.19141,11.66016,11.95313,12.77344,13.94531,14.17969,15.05859,0.093994,0.115967,0.118408,0.135498,0.118408,0.136719,0.129395,0.175781,0.150146,0.162354,0.115967
2017-07-26T19:30:00Z,198.63281,201.79688,203.20313,201.09375,203.90625,205.66406,205.3125,209.88281,216.21094,214.45313,213.04688,215.15625,10.83984,8.78906,10.19531,10.42969,10.66406,10.89844,11.36719,12.07031,13.06641,13.24219,13.47656,13.65234,14.64844,0.15625,0.128174,0.125732,0.109863,0.10376,0.142822,0.13916,0.141602,0.130615,0.137939,0.118408
2017-07-26T19:40:00Z,203.20313,203.90625,206.01563,204.60938,207.77344,211.28906,213.04688,214.45313,217.96875,220.78125,221.83594,219.72656,12.30469,8.96484,10.78125,11.01563,10.42969,11.36719,12.42188,12.53906,13.59375,13.35938,13.76953,13.82813,14.12109,0.12085,0.135498,0.147705,0.147705,0.148926,0.113525,0.130615,0.150146,0.162354,0.159912,0.157471
2017-07-26T19:50:00Z,208.82813,211.99219,210.58594,211.64063,214.80469,216.5625,214.45313,214.45313,216.21094,213.75,216.91406,216.91406,13.00781,9.72656,11.95313,12.71484,11.95313,13.30078,13.41797,13.41797,14.0625,14.12109,14.58984,14.64844,14.76563,0.141602,0.161133,0.172119,0.146484,0.136719,0.115967,0.153809,0.128174,0.134277,0.137939,0.124512
2017-07-26T20:00:00Z,211.99219,213.39844,215.50781,213.75,216.5625,212.69531,211.64063,211.99219,210.9375,214.10156,214.10156,215.85938,13.125,9.78516,12.07031,12.01172,12.01172,12.12891,11.95313,12.89063,13.94531,14.00391,14.58984,14.35547,14.58984,0.147705,0.157471,0.135498,0.17334,0.107422,0.123291,0.124512,0.136719,0.148926,0.118408,0.117188
2017-07-26T20:10:00Z,209.17969,212.34375,213.04688,211.28906,213.75,213.75,215.85938,218.67188,218.67188,216.21094,218.32031,217.26563,12.42188,9.55078,11.71875,11.89453,12.36328,12.48047,13.47656,13.71094,14.47266,14.29688,15.05859,15.46875,15.52734,0.130615,0.131836,0.128174,0.167236,0.159912,0.145264,0.15625,0.158691,0.146484,0.17334,0.134277
2017-07-26T20:20:00Z,209.17969,212.69531,210.58594,212.69531,213.04688,214.80469,215.15625,215.85938,214.45313,218.32031,219.375,222.1875,12.24609,9.90234,11.83594,12.1875,12.30469,12.89063,13.125,13.59375,13.71094,14.47266,15.23438,15.52734,15.87891,0.129395,0.12207,0.112305,0.162354,0.172119,0.111084,0.135498,0.155029,0.107422,0.158691,0.126953
2017-07-26T20:30:00Z,210.58594,209.88281,209.88281,212.69531,213.04688,214.80469,215.50781,215.85938,215.85938,218.32031,216.91406,217.26563,12.53906,10.07813,12.36328,12.59766,12.77344,13.18359,13.53516,14.12109,13.94531,14.64844,14.70703,15.52734,15.70313,0.153809,0.140381,0.181885,0.130615,0.119629,0.150146,0.136719,0.130615,0.134277,0.125732,0.124512
2017-07-26T20:40:00Z,213.75,217.61719,216.5625,220.42969,217.26563,216.91406,217.26563,217.61719,218.32031,221.83594,220.42969,220.78125,15.58594,11.19141,14.17969,14.76563,14.53125,14.88281,15.05859,15.52734,15.82031,16.52344,17.16797,16.99219,17.40234,0.17334,0.130615,0.159912,0.194092,0.166016,0.150146,0.166016,0.155029,0.130615,0.148926,0.141602
2017-07-26T20:50:00Z,217.61719,219.375,218.67188,218.67188,221.48438,220.78125,217.96875,213.75,218.67188,220.78125,217.61719,223.59375,14.88281,11.13281,13.53516,14.17969,14.12109,14.29688,14.17969,14.53125,15.05859,16.05469,16.52344,16.81641,16.17188,0.20874,0.192871,0.187988,0.163574,0.135498,0.164795,0.192871,0.153809,0.153809,0.150146,0.148926
2017-07-26T21:00:00Z,216.91406,221.13281,218.32031,220.42969,219.02344,221.48438,220.42969,221.13281,223.24219,223.24219,221.13281,219.375,13.47656,9.96094,12.53906,13.06641,13.06641,13.18359,14.00391,14.35547,14.47266,13.76953,13.94531,13.65234,14.12109,0.181885,0.15625,0.164795,0.180664,0.140381,0.146484,0.181885,0.152588,0.169678,0.150146,0.153809
2017-07-26T21:10:00Z,216.91406,216.91406,215.50781,219.375,222.1875,219.375,218.32031,222.1875,218.67188,214.45313,217.61719,215.85938,14.82422,11.83594,14.00391,14.41406,14.29688,14.76563,15.11719,15.46875,15.29297,15.41016,15.23438,15.41016,15.99609,0.180664,0.145264,0.155029,0.133057,0.175781,0.140381,0.146484,0.146484,0.134277,0.118408,0.150146
2017-07-26T21:20:00Z,213.75,217.26563,213.75,213.39844,213.75,213.04688,213.75,216.21094,214.45313,211.99219,214.10156,211.64063,13.88672,11.30859,12.83203,13.24219,13.82813,13.53516,14.70703,14.94141,14.76563,15.05859,15.9375,16.23047,16.52344,0.130615,0.128174,0.134277,0.144043,0.136719,0.126953,0.111084,0.130615,0.12207,0.125732,0.093994
2017-07-26T21:30:00Z,211.28906,218.32031,214.45313,216.21094,213.39844,217.26563,216.21094,217.26563,220.07813,217.26563,219.375,218.67188,13.65234,11.07422,12.59766,13.06641,13.30078,14.0625,14.47266,15.11719,15.17578,14.88281,15.0,15.0,14.88281,0.133057,0.140381,0.145264,0.15625,0.13916,0.133057,0.146484,0.126953,0.111084,0.128174,0.136719
2017-07-26T21:40:00Z,211.64063,217.26563,214.80469,216.91406,215.15625,215.50781,219.02344,214.45313,221.83594,221.83594,217.96875,219.375,13.76953,11.13281,13.35938,13.82813,13.94531,14.29688,14.53125,14.94141,15.0,15.52734,15.11719,15.0,15.35156,0.140381,0.098877,0.124512,0.142822,0.12085,0.100098,0.112305,0.12207,0.124512,0.159912,0.135498
2017-07-26T21:50:00Z,217.26563,223.94531,220.78125,222.1875,223.24219,223.24219,226.40625,227.10938,226.40625,225.70313,225.35156,222.89063,13.24219,10.54688,12.53906,12.53906,12.89063,13.125,13.76953,14.17969,13.94531,14.17969,14.17969,14.12109,14.94141,0.124512,0.151367,0.146484,0.180664,0.129395,0.13916,0.141602,0.153809,0.140381,0.144043,0.162354
2017-07-26T22:00:00Z,227.10938,228.16406,230.97656,227.8125,229.92188,230.97656,231.67969,235.89844,238.00781,230.625,236.25,232.03125,14.64844,11.60156,13.94531,14.70703,14.47266,14.64844,15.82031,15.64453,15.64453,15.35156,16.23047,16.40625,16.93359,0.15625,0.126953,0.179443,0.112305,0.128174,0.113525,0.155029,0.112305,0.111084,0.126953,0.140381
2017-07-26T22:10:00Z,226.40625,226.75781,232.03125,229.21875,225.70313,228.16406,226.40625,227.46094,229.21875,229.21875,233.08594,237.30469,14.58984,10.83984,12.94922,13.59375,13.06641,13.71094,14.0625,14.23828,15.23438,15.82031,16.93359,17.28516,16.69922,0.109863,0.108643,0.106201,0.135498,0.117188,0.102539,0.131836,0.112305,0.106201,0.111084,0.114746
2017-07-26T22:20:00Z,226.40625,225.35156,226.05469,228.16406,232.73438,228.86719,227.10938,231.32813,232.03125,233.08594,233.4375,232.73438,14.00391,11.01563,13.65234,14.23828,14.00391,14.47266,15.11719,15.46875,15.52734,15.64453,16.05469,15.58594,15.58594,0.134277,0.136719,0.12085,0.115967,0.106201,0.107422,0.112305,0.123291,0.114746,0.117188,0.106201
2017-07-26T22:30:00Z,225.0,219.72656,226.05469,225.35156,223.59375,227.46094,224.29688,225.35156,230.97656,227.46094,228.86719,234.84375,13.82813,10.78125,13.82813,13.76953,13.47656,14.23828,14.58984,14.70703,15.17578,15.0,14.88281,15.05859,15.11719,0.13916,0.118408,0.130615,0.126953,0.114746,0.108643,0.087891,0.124512,0.129395,0.097656,0.117188
2017-07-26T22:40:00Z,222.53906,222.53906,224.29688,228.16406,223.94531,226.40625,226.40625,228.86719,229.57031,227.8125,229.92188,228.86719,13.94531,10.25391,13.06641,13.53516,13.41797,14.35547,14.70703,15.0,15.17578,14.64844,15.11719,15.52734,16.17188,0.148926,0.115967,0.147705,0.101318,0.107422,0.111084,0.112305,0.12085,0.083008,0.085449,0.100098
2017-07-26T22:50:00Z,223.24219,225.0,228.16406,225.35156,227.46094,226.05469,225.35156,229.92188,229.21875,229.92188,227.10938,229.21875,13.00781,9.72656,12.59766,12.71484,12.59766,13.125,13.65234,14.76563,14.94141,15.35156,15.23438,15.99609,16.05469,0.131836,0.146484,0.124512,0.124512,0.114746,0.117188,0.102539,0.117188,0.095215,0.106201,0.081787
2017-07-26T23:00:00Z,224.29688,230.97656,225.35156,226.75781,228.51563,231.67969,228.86719,228.51563,225.70313,228.16406,230.27344,231.67969,13.24219,9.96094,12.83203,13.41797,13.18359,14.23828,14.41406,14.41406,14.64844,14.94141,15.46875,15.52734,15.46875,0.12207,0.117188,0.097656,0.134277,0.106201,0.112305,0.101318,0.095215,0.084229,0.093994,0.109863
2017-07-26T23:10:00Z,226.05469,230.625,234.49219,228.51563,230.27344,230.27344,232.73438,229.21875,230.27344,236.25,231.67969,231.32813,13.00781,9.90234,13.24219,13.35938,13.47656,13.65234,13.82813,14.0625,14.41406,14.76563,14.82422,14.76563,15.05859,0.135498,0.119629,0.117188,0.098877,0.098877,0.100098,0.117188,0.083008,0.084229,0.096436,0.081787
2017-07-26T23:20:00Z,228.86719,232.73438,231.67969,231.32813,233.78906,230.27344,235.54688,233.78906,233.08594,240.46875,240.46875,237.30469,13.35938,9.96094,12.77344,13.125,12.94922,13.35938,13.18359,13.53516,14.29688,15.11719,15.35156,15.9375,15.87891,0.107422,0.08667,0.102539,0.106201,0.117188,0.126953,0.100098,0.10498,0.130615,0.123291,0.106201
2017-07-26T23:30:00Z,229.57031,236.25,235.54688,239.0625,233.78906,236.25,232.38281,236.60156,234.84375,235.54688,240.82031,237.30469,13.125,10.13672,12.83203,13.30078,13.35938,13.47656,13.41797,14.00391,14.64844,15.17578,15.05859,15.41016,15.52734,0.129395,0.106201,0.109863,0.08667,0.108643,0.117188,0.10498,0.114746,0.128174,0.114746,0.113525
2017-07-26T23:40:00Z,231.32813,235.19531,231.67969,231.67969,237.30469,236.25,233.78906,236.95313,235.89844,239.76563,234.84375,240.11719,13.24219,9.84375,12.48047,12.65625,13.18359,13.125,13.18359,13.94531,14.17969,14.47266,14.53125,15.0,14.94141,0.12085,0.117188,0.112305,0.128174,0.128174,0.100098,0.095215,0.109863,0.095215,0.080566,0.090332
2017-07-26T23:50:00Z,231.32813,238.71094,235.54688,232.73438,235.54688,236.60156,233.78906,238.35938,238.00781,240.11719,235.89844,236.25,13.18359,10.07813,13.59375,13.65234,13.94531,13.65234,13.71094,14.12109,14.76563,14.70703,14.88281,14.94141,15.76172,0.10498,0.108643,0.096436,0.12085,0.091553,0.118408,0.111084,0.107422,0.108643,0.126953,0.112305
