LOCATION: 
SYSTEM SERIAL: HKZA
TIMESTAMP (ISO-8601) UTC,WindDir004m deg,WindDir030m deg,WindDir040m deg,WindDir040m_ref deg,WindDir060m deg,WindDir080m deg,WindDir100m deg,WindDir120m deg,WindDir140m deg,WindDir160m deg,WindDir180m deg,WindDir200m deg,WindGust004m m/s,WindSpeed004m m/s,WindSpeed030mh m/s,WindSpeed040mh m/s,WindSpeed040m_refh m/s,WindSpeed060mh m/s,WindSpeed080mh m/s,WindSpeed100mh m/s,WindSpeed120mh m/s,WindSpeed140mh m/s,WindSpeed160mh m/s,WindSpeed180mh m/s,WindSpeed200mh m/s,TI 030m,TI 040m,TI 040m ref,TI 060m,TI 080m,TI 100m,TI 120m,TI 140m,TI 160m,TI 180m,TI 200m
2018-01-07T00:00:00Z,48.86719,58.00781,56.25,54.49219,58.35938,55.19531,55.19531,54.49219,58.35938,54.84375,56.25,60.82031,11.95313,9.84375,10.95703,11.07422,11.25,11.07422,11.42578,11.71875,11.48438,11.42578,11.36719,11.71875,11.54297,0.112305,0.10498,0.106201,0.112305,0.087891,0.076904,0.078125,0.10376,0.109863,0.070801,0.095215
2018-01-07T00:10:00Z,52.03125,55.89844,55.89844,56.95313,61.875,55.54688,58.00781,58.35938,55.54688,60.11719,56.95313,54.49219,11.95313,9.49219,11.01563,11.42578,10.78125,11.54297,11.42578,11.42578,11.60156,11.54297,11.66016,11.77734,11.89453,0.096436,0.085449,0.10498,0.128174,0.089111,0.108643,0.117188,0.113525,0.078125,0.083008,0.085449
2018-01-07T00:20:00Z,50.27344,54.84375,54.84375,55.54688,55.19531,52.38281,57.65625,53.78906,55.54688,56.25,52.03125,55.19531,12.01172,9.72656,10.83984,10.95703,10.95703,11.07422,11.13281,11.25,11.54297,11.42578,11.30859,11.30859,11.71875,0.090332,0.107422,0.100098,0.087891,0.111084,0.115967,0.08667,0.107422,0.08667,0.112305,0.08667
2018-01-07T00:30:00Z,50.97656,54.49219,56.60156,59.0625,59.41406,56.25,55.54688,60.46875,55.89844,57.65625,55.54688,57.65625,12.53906,9.96094,11.60156,12.07031,11.54297,12.1875,11.95313,11.89453,11.95313,11.95313,11.95313,12.30469,11.95313,0.111084,0.097656,0.12207,0.092773,0.10498,0.101318,0.108643,0.072021,0.108643,0.10498,0.092773
2018-01-07T00:40:00Z,51.32813,51.32813,59.0625,61.52344,58.35938,56.95313,58.71094,56.60156,59.41406,60.11719,60.82031,61.52344,12.1875,10.48828,11.54297,12.24609,11.77734,12.07031,12.1875,11.95313,12.07031,12.36328,12.30469,12.30469,12.07031,0.10498,0.084229,0.10376,0.10498,0.129395,0.111084,0.111084,0.108643,0.112305,0.100098,0.091553
2018-01-07T00:50:00Z,56.25,60.46875,63.28125,62.57813,57.30469,62.57813,63.63281,62.92969,60.82031,60.82031,62.57813,59.41406,12.48047,10.42969,11.89453,12.07031,12.07031,11.95313,12.36328,12.42188,12.07031,12.48047,12.48047,12.48047,12.30469,0.113525,0.093994,0.102539,0.111084,0.12085,0.134277,0.100098,0.096436,0.091553,0.107422,0.08667
2018-01-07T01:00:00Z,53.4375,63.28125,56.60156,63.28125,58.00781,61.875,60.11719,62.57813,63.28125,63.28125,60.82031,62.57813,13.53516,10.89844,12.42188,12.42188,13.00781,12.77344,13.18359,13.06641,13.35938,12.48047,13.00781,13.18359,12.94922,0.123291,0.107422,0.087891,0.108643,0.113525,0.106201,0.10498,0.131836,0.074463,0.100098,0.117188
2018-01-07T01:10:00Z,57.65625,59.41406,66.09375,63.98438,65.74219,65.74219,66.44531,61.52344,60.46875,63.63281,67.14844,64.6875,13.18359,11.13281,12.59766,12.94922,12.65625,12.94922,12.89063,12.71484,12.65625,12.94922,13.18359,13.65234,13.30078,0.153809,0.089111,0.128174,0.135498,0.12085,0.102539,0.137939,0.115967,0.112305,0.114746,0.10376
2018-01-07T01:20:00Z,60.46875,63.98438,66.09375,63.63281,67.14844,66.09375,68.55469,67.14844,62.92969,62.57813,65.03906,66.79688,13.82813,11.30859,13.24219,13.35938,13.35938,13.30078,13.65234,13.41797,13.76953,13.71094,13.76953,13.53516,13.41797,0.10376,0.124512,0.108643,0.114746,0.095215,0.100098,0.081787,0.107422,0.091553,0.093994,0.100098
2018-01-07T01:30:00Z,60.82031,65.03906,65.74219,62.92969,65.39063,65.74219,60.46875,67.85156,64.6875,65.39063,69.96094,65.74219,14.0625,11.83594,13.53516,13.71094,13.76953,13.71094,14.00391,14.12109,14.12109,13.88672,14.53125,14.23828,13.94531,0.108643,0.10498,0.113525,0.096436,0.128174,0.098877,0.095215,0.111084,0.130615,0.090332,0.107422
2018-01-07T01:40:00Z,59.0625,66.79688,63.98438,64.33594,62.57813,65.74219,62.57813,65.03906,65.74219,63.28125,66.09375,66.09375,14.35547,11.95313,13.65234,13.94531,14.35547,14.47266,14.64844,14.53125,14.23828,14.47266,14.29688,14.35547,14.35547,0.117188,0.091553,0.107422,0.109863,0.107422,0.102539,0.117188,0.113525,0.100098,0.093994,0.102539
2018-01-07T01:50:00Z,59.0625,62.57813,63.98438,68.20313,62.22656,66.09375,64.33594,69.25781,63.63281,63.63281,65.39063,66.79688,14.41406,11.71875,13.24219,13.59375,13.88672,13.88672,14.53125,14.12109,14.17969,14.17969,14.58984,14.58984,14.47266,0.114746,0.106201,0.091553,0.125732,0.101318,0.101318,0.087891,0.117188,0.117188,0.111084,0.113525
2018-01-07T02:00:00Z,58.71094,63.98438,63.98438,62.57813,65.03906,64.6875,65.03906,62.92969,69.60938,61.17188,64.33594,63.28125,14.82422,11.83594,13.53516,13.53516,13.76953,14.29688,14.47266,14.23828,14.17969,14.17969,14.47266,14.41406,14.00391,0.146484,0.125732,0.135498,0.108643,0.10376,0.135498,0.118408,0.111084,0.08667,0.123291,0.118408
2018-01-07T02:10:00Z,58.00781,60.46875,60.46875,61.17188,58.00781,63.63281,62.22656,65.39063,67.5,63.98438,66.79688,66.09375,14.29688,12.01172,13.59375,14.17969,13.76953,14.35547,14.17969,14.12109,14.23828,14.53125,14.29688,14.47266,14.29688,0.102539,0.113525,0.10498,0.102539,0.106201,0.098877,0.123291,0.118408,0.102539,0.097656,0.098877
2018-01-07T02:20:00Z,54.49219,59.0625,59.76563,61.875,62.22656,59.0625,64.6875,62.92969,62.92969,62.57813,62.22656,65.74219,14.35547,11.60156,13.125,13.47656,13.65234,14.0625,14.12109,14.41406,14.35547,14.35547,13.82813,14.29688,14.41406,0.090332,0.126953,0.12085,0.123291,0.141602,0.151367,0.129395,0.113525,0.125732,0.126953,0.12085
2018-01-07T02:30:00Z,58.00781,64.6875,64.33594,66.44531,61.875,63.63281,61.875,63.63281,68.90625,64.33594,68.20313,65.03906,14.82422,12.01172,13.94531,14.00391,14.41406,14.17969,14.47266,14.88281,14.70703,14.41406,14.41406,14.17969,14.76563,0.111084,0.112305,0.140381,0.151367,0.12207,0.12085,0.108643,0.108643,0.141602,0.128174,0.119629
2018-01-07T02:40:00Z,51.32813,53.78906,60.11719,57.30469,57.30469,64.33594,63.63281,60.82031,64.33594,67.85156,61.52344,67.5,14.94141,12.30469,14.12109,14.58984,14.17969,14.29688,14.76563,14.23828,14.64844,14.29688,14.76563,14.88281,14.41406,0.119629,0.106201,0.119629,0.152588,0.125732,0.136719,0.118408,0.12207,0.126953,0.13916,0.081787
2018-01-07T02:50:00Z,53.78906,60.11719,61.52344,56.60156,63.98438,59.41406,62.22656,63.28125,64.6875,70.3125,65.03906,66.44531,15.52734,12.48047,14.64844,14.35547,14.76563,14.47266,14.0625,14.76563,15.05859,15.05859,14.47266,14.00391,14.17969,0.130615,0.109863,0.119629,0.119629,0.117188,0.128174,0.102539,0.090332,0.128174,0.136719,0.107422
2018-01-07T03:00:00Z,59.0625,63.63281,61.875,62.92969,63.98438,67.14844,67.5,65.74219,67.5,71.01563,62.22656,69.25781,15.29297,11.89453,13.30078,13.88672,13.24219,14.58984,14.17969,14.0625,14.35547,14.47266,14.29688,13.82813,14.94141,0.137939,0.113525,0.158691,0.114746,0.117188,0.115967,0.131836,0.123291,0.10376,0.163574,0.136719
2018-01-07T03:10:00Z,59.41406,61.52344,64.6875,63.63281,63.98438,61.52344,72.07031,65.03906,65.39063,66.44531,68.55469,68.90625,14.70703,12.07031,13.65234,13.76953,14.12109,14.47266,14.76563,14.94141,14.35547,14.35547,14.94141,14.94141,14.23828,0.141602,0.126953,0.123291,0.124512,0.129395,0.109863,0.118408,0.092773,0.101318,0.115967,0.100098
2018-01-07T03:20:00Z,58.35938,63.98438,61.52344,61.875,66.09375,62.22656,65.74219,63.28125,64.33594,71.71875,66.09375,68.90625,15.46875,12.12891,14.17969,14.47266,14.23828,14.94141,14.64844,14.64844,14.35547,15.29297,14.94141,14.41406,14.64844,0.166016,0.128174,0.119629,0.125732,0.142822,0.097656,0.119629,0.142822,0.118408,0.106201,0.10376
2018-01-07T03:30:00Z,60.11719,63.63281,64.6875,63.63281,64.6875,66.79688,64.6875,63.98438,66.09375,62.92969,62.57813,65.74219,15.9375,11.83594,14.00391,13.88672,13.82813,14.29688,14.76563,14.76563,14.53125,13.94531,14.35547,14.47266,14.64844,0.12085,0.13916,0.130615,0.10498,0.097656,0.124512,0.119629,0.137939,0.115967,0.135498,0.115967
2018-01-07T03:40:00Z,59.76563,63.63281,65.74219,68.20313,67.14844,67.14844,63.28125,67.14844,63.28125,62.57813,66.44531,60.46875,14.64844,12.01172,13.82813,14.53125,14.29688,14.29688,14.35547,14.76563,14.76563,14.70703,14.41406,14.94141,14.35547,0.119629,0.141602,0.130615,0.097656,0.119629,0.125732,0.131836,0.125732,0.125732,0.124512,0.146484
2018-01-07T03:50:00Z,56.25,60.11719,65.39063,61.875,62.22656,63.28125,67.85156,60.11719,64.33594,68.20313,68.20313,69.25781,15.9375,12.36328,14.76563,14.82422,14.53125,15.05859,14.82422,14.64844,13.94531,14.82422,14.53125,14.53125,13.53516,0.147705,0.112305,0.130615,0.129395,0.135498,0.136719,0.125732,0.118408,0.124512,0.129395,0.12207
2018-01-07T04:20:00Z,61.52344,69.60938,69.96094,66.79688,66.09375,70.66406,66.79688,62.22656,66.79688,66.79688,65.03906,68.90625,15.46875,12.36328,14.35547,14.94141,14.88281,15.0,15.17578,15.11719,15.29297,15.46875,15.29297,15.05859,15.70313,0.166016,0.145264,0.130615,0.113525,0.101318,0.13916,0.101318,0.141602,0.144043,0.131836,0.155029
2018-01-07T04:50:00Z,57.65625,63.63281,59.41406,65.39063,62.92969,63.28125,63.98438,60.82031,65.74219,63.98438,67.5,68.55469,15.52734,12.12891,14.12109,13.88672,14.47266,14.82422,15.05859,15.29297,14.64844,15.05859,15.64453,15.76172,14.76563,0.107422,0.162354,0.140381,0.159912,0.130615,0.146484,0.131836,0.134277,0.140381,0.159912,0.130615
2018-01-07T05:00:00Z,57.30469,60.11719,62.92969,63.28125,63.98438,62.22656,62.92969,63.98438,66.09375,71.01563,63.63281,62.22656,15.05859,11.71875,14.00391,14.35547,14.17969,14.41406,14.47266,14.47266,14.82422,14.94141,15.11719,14.35547,14.64844,0.137939,0.124512,0.155029,0.137939,0.170898,0.140381,0.131836,0.152588,0.126953,0.163574,0.135498
2018-01-07T05:10:00Z,61.52344,68.55469,67.14844,69.25781,67.5,68.20313,69.25781,68.90625,65.74219,69.25781,68.20313,68.55469,14.41406,11.60156,13.41797,13.88672,13.41797,14.17969,14.64844,14.23828,13.71094,13.76953,14.47266,14.29688,13.94531,0.126953,0.119629,0.118408,0.117188,0.131836,0.159912,0.159912,0.131836,0.147705,0.134277,0.13916
2018-01-07T05:20:00Z,59.0625,66.79688,63.98438,62.57813,66.79688,64.33594,63.28125,65.39063,67.85156,65.74219,66.09375,65.74219,15.17578,11.60156,14.23828,14.17969,14.0625,13.65234,13.94531,14.17969,14.41406,14.58984,14.29688,14.12109,14.17969,0.195313,0.151367,0.157471,0.159912,0.136719,0.137939,0.13916,0.152588,0.155029,0.155029,0.140381
2018-01-07T05:30:00Z,60.82031,64.33594,66.44531,67.14844,65.74219,66.09375,65.74219,64.33594,65.39063,67.5,60.82031,66.09375,15.76172,12.48047,14.35547,15.0,14.58984,15.05859,14.88281,15.17578,15.0,14.82422,15.23438,15.17578,15.46875,0.140381,0.106201,0.131836,0.115967,0.134277,0.100098,0.102539,0.153809,0.087891,0.107422,0.13916
2018-01-07T05:40:00Z,55.89844,58.00781,56.60156,60.11719,55.54688,58.35938,56.60156,56.95313,59.0625,58.71094,57.30469,56.95313,15.11719,11.83594,13.94531,14.23828,14.00391,14.17969,14.47266,14.58984,14.76563,14.88281,14.47266,14.64844,15.29297,0.126953,0.131836,0.12207,0.123291,0.093994,0.106201,0.10376,0.111084,0.12207,0.098877,0.098877
2018-01-07T05:50:00Z,51.32813,55.54688,57.65625,56.60156,56.25,58.35938,62.57813,52.73438,57.65625,59.76563,58.71094,54.14063,14.64844,11.48438,14.0625,14.0625,14.17969,14.70703,14.58984,14.41406,14.47266,15.11719,14.76563,14.64844,14.12109,0.113525,0.10498,0.101318,0.10376,0.119629,0.119629,0.124512,0.119629,0.102539,0.091553,0.097656
2018-01-07T06:00:00Z,58.71094,63.28125,59.76563,62.22656,61.875,64.6875,62.57813,63.63281,62.57813,63.28125,63.28125,63.98438,15.11719,11.30859,14.12109,14.29688,14.64844,14.94141,14.88281,14.64844,14.53125,14.76563,14.94141,14.58984,14.41406,0.131836,0.108643,0.161133,0.108643,0.118408,0.113525,0.112305,0.10376,0.111084,0.130615,0.111084
2018-01-07T06:10:00Z,59.0625,61.875,61.52344,63.63281,61.52344,59.41406,61.17188,63.28125,63.28125,64.6875,59.41406,63.98438,14.0625,11.01563,13.47656,13.88672,13.41797,14.12109,13.94531,14.0625,14.29688,14.00391,13.94531,13.65234,14.12109,0.114746,0.10498,0.115967,0.100098,0.100098,0.113525,0.097656,0.129395,0.10376,0.102539,0.10376
2018-01-07T06:20:00Z,54.49219,60.82031,57.30469,58.00781,59.41406,58.00781,61.875,60.11719,59.76563,58.00781,56.95313,59.41406,14.23828,10.25391,13.41797,13.71094,13.94531,14.17969,14.47266,14.47266,14.58984,13.94531,14.35547,14.70703,14.64844,0.10376,0.113525,0.124512,0.126953,0.101318,0.117188,0.098877,0.128174,0.17334,0.135498,0.113525
2018-01-07T06:30:00Z,55.54688,60.11719,60.46875,60.46875,60.11719,62.57813,61.17188,62.92969,60.46875,57.65625,61.17188,57.65625,14.82422,11.07422,14.17969,14.35547,14.0625,14.58984,14.58984,14.70703,14.41406,14.47266,14.88281,14.70703,14.29688,0.113525,0.126953,0.142822,0.109863,0.130615,0.101318,0.098877,0.141602,0.100098,0.167236,0.134277
2018-01-07T06:40:00Z,52.38281,54.14063,55.89844,52.38281,54.84375,58.35938,57.30469,61.52344,61.52344,62.22656,65.39063,61.875,14.35547,11.25,13.41797,13.82813,14.00391,14.70703,14.47266,14.47266,14.94141,15.05859,15.0,14.70703,15.05859,0.12085,0.131836,0.118408,0.124512,0.128174,0.144043,0.118408,0.124512,0.113525,0.129395,0.12207
2018-01-07T06:50:00Z,57.30469,60.46875,60.82031,65.03906,55.54688,56.95313,55.89844,56.25,59.41406,57.65625,58.00781,61.875,15.82031,11.07422,13.65234,13.82813,14.23828,14.29688,15.0,15.17578,15.35156,14.64844,14.70703,15.05859,15.17578,0.148926,0.158691,0.147705,0.131836,0.131836,0.112305,0.134277,0.136719,0.10376,0.159912,0.102539
2018-01-07T07:00:00Z,47.8125,53.08594,54.14063,54.49219,52.73438,56.95313,58.35938,58.35938,59.76563,57.65625,60.82031,54.14063,15.05859,11.36719,13.71094,14.00391,14.23828,13.94531,14.76563,14.88281,15.05859,14.82422,14.76563,14.53125,14.47266,0.135498,0.115967,0.146484,0.106201,0.118408,0.135498,0.113525,0.113525,0.12085,0.102539,0.10498
2018-01-07T07:10:00Z,54.49219,55.54688,56.25,56.95313,60.11719,58.71094,61.17188,60.46875,59.0625,58.00781,63.63281,63.28125,14.12109,11.01563,13.82813,14.35547,13.88672,14.58984,14.53125,14.47266,14.53125,14.82422,15.0,14.76563,14.47266,0.131836,0.133057,0.153809,0.115967,0.10498,0.108643,0.119629,0.12207,0.10498,0.145264,0.119629
2018-01-07T07:20:00Z,59.0625,60.82031,62.92969,61.875,59.0625,58.71094,62.22656,61.17188,60.46875,59.0625,60.46875,60.82031,14.70703,11.48438,14.12109,14.53125,14.88281,14.94141,14.64844,15.0,14.76563,14.47266,14.23828,14.88281,14.94141,0.124512,0.135498,0.150146,0.10498,0.113525,0.10498,0.107422,0.112305,0.101318,0.137939,0.133057
2018-01-07T07:30:00Z,56.95313,60.11719,60.82031,61.52344,56.60156,59.76563,61.17188,60.82031,60.11719,62.92969,62.57813,62.57813,14.82422,11.13281,13.65234,13.53516,14.17969,14.29688,14.76563,14.88281,14.53125,14.53125,14.41406,14.53125,14.70703,0.08667,0.134277,0.134277,0.126953,0.124512,0.085449,0.114746,0.112305,0.109863,0.096436,0.109863
2018-01-07T07:40:00Z,58.71094,64.33594,60.82031,60.46875,62.22656,63.63281,60.11719,62.57813,60.82031,60.82031,62.92969,61.875,15.17578,11.30859,13.71094,13.82813,13.59375,14.0625,14.47266,14.41406,14.70703,14.76563,14.82422,14.76563,14.35547,0.130615,0.13916,0.119629,0.100098,0.128174,0.134277,0.117188,0.092773,0.111084,0.126953,0.119629
2018-01-07T07:50:00Z,62.22656,66.44531,63.28125,66.79688,63.63281,64.6875,63.28125,67.5,65.03906,62.92969,66.09375,68.90625,14.94141,11.36719,13.94531,14.17969,14.35547,14.76563,15.11719,14.88281,14.82422,14.35547,14.53125,15.05859,15.05859,0.119629,0.107422,0.136719,0.124512,0.114746,0.115967,0.12207,0.140381,0.109863,0.10376,0.093994
2018-01-07T08:00:00Z,60.82031,63.28125,63.98438,67.85156,63.63281,60.11719,63.98438,65.03906,62.57813,65.39063,67.5,65.39063,14.70703,11.77734,14.17969,14.17969,14.41406,14.29688,14.47266,14.70703,15.17578,15.11719,15.46875,15.17578,15.11719,0.12085,0.141602,0.133057,0.126953,0.124512,0.15625,0.142822,0.107422,0.142822,0.128174,0.114746
2018-01-07T08:10:00Z,66.79688,69.25781,69.60938,72.77344,69.96094,70.3125,68.20313,69.96094,68.20313,69.60938,69.60938,65.03906,15.35156,12.1875,14.17969,14.29688,14.64844,15.0,14.82422,15.17578,15.0,14.94141,14.70703,14.70703,15.05859,0.12085,0.107422,0.128174,0.096436,0.10376,0.146484,0.119629,0.109863,0.144043,0.12085,0.093994
2018-01-07T08:20:00Z,66.44531,66.79688,68.90625,66.09375,67.85156,68.90625,66.09375,67.85156,63.28125,66.44531,66.09375,66.79688,15.17578,12.42188,14.53125,14.64844,14.70703,14.70703,15.11719,15.29297,14.94141,15.17578,15.35156,15.35156,15.35156,0.148926,0.147705,0.158691,0.12085,0.118408,0.118408,0.119629,0.115967,0.129395,0.102539,0.098877
2018-01-07T08:30:00Z,65.03906,66.79688,63.98438,69.25781,66.79688,64.6875,68.90625,66.79688,65.03906,63.98438,66.79688,64.33594,14.70703,11.77734,13.76953,13.59375,14.00391,14.23828,14.23828,14.29688,14.23828,14.47266,14.70703,14.64844,14.82422,0.153809,0.155029,0.109863,0.125732,0.129395,0.095215,0.111084,0.111084,0.126953,0.135498,0.130615
2018-01-07T08:40:00Z,62.22656,64.6875,67.5,69.25781,62.57813,64.33594,63.28125,63.98438,63.28125,66.09375,67.14844,66.44531,15.41016,12.12891,14.0625,14.17969,15.29297,14.53125,15.23438,14.76563,14.58984,15.17578,15.17578,15.0,14.94141,0.151367,0.145264,0.118408,0.137939,0.128174,0.128174,0.125732,0.141602,0.108643,0.146484,0.125732
2018-01-07T08:50:00Z,65.74219,70.66406,69.60938,68.20313,70.66406,73.125,70.3125,65.74219,68.90625,66.44531,68.55469,69.25781,16.05469,12.24609,13.94531,14.64844,14.12109,15.0,15.29297,15.0,14.41406,15.23438,15.58594,14.94141,15.52734,0.158691,0.130615,0.148926,0.096436,0.13916,0.135498,0.130615,0.115967,0.093994,0.112305,0.144043
2018-01-07T09:00:00Z,65.74219,68.20313,70.3125,68.55469,65.74219,66.44531,66.79688,70.66406,72.42188,68.90625,67.85156,68.20313,15.52734,11.89453,13.59375,13.71094,13.88672,14.00391,14.70703,15.05859,14.35547,13.94531,13.94531,14.64844,15.29297,0.13916,0.125732,0.166016,0.146484,0.111084,0.146484,0.152588,0.146484,0.164795,0.131836,0.097656
2018-01-07T09:10:00Z,62.57813,64.6875,66.44531,66.44531,66.09375,67.85156,67.5,68.20313,68.20313,68.55469,66.44531,68.55469,15.29297,12.42188,14.00391,14.17969,14.29688,14.53125,15.11719,14.64844,14.53125,15.05859,15.11719,14.76563,14.53125,0.12207,0.146484,0.136719,0.152588,0.117188,0.124512,0.100098,0.118408,0.102539,0.126953,0.113525
2018-01-07T09:20:00Z,62.57813,65.74219,58.71094,65.74219,67.85156,66.79688,66.44531,66.79688,66.44531,65.39063,69.25781,65.74219,14.70703,12.24609,14.29688,14.94141,13.94531,15.0,15.23438,14.70703,14.41406,14.41406,14.70703,14.82422,14.58984,0.113525,0.137939,0.107422,0.125732,0.124512,0.118408,0.118408,0.129395,0.10498,0.114746,0.146484
2018-01-07T09:30:00Z,61.17188,67.5,62.92969,62.92969,60.46875,66.79688,65.74219,63.63281,67.5,67.5,65.39063,66.09375,14.88281,12.24609,14.58984,13.71094,14.58984,14.23828,14.53125,14.64844,14.64844,14.88281,14.53125,14.17969,14.23828,0.135498,0.152588,0.133057,0.146484,0.109863,0.098877,0.118408,0.119629,0.111084,0.137939,0.144043
2018-01-07T09:40:00Z,60.46875,67.14844,66.79688,63.98438,61.875,63.28125,65.39063,65.03906,63.98438,66.44531,62.92969,66.44531,14.82422,12.01172,13.71094,13.82813,14.00391,14.17969,14.64844,14.70703,14.82422,14.53125,14.47266,14.47266,14.47266,0.148926,0.117188,0.131836,0.140381,0.131836,0.114746,0.12085,0.141602,0.100098,0.113525,0.129395
2018-01-07T09:50:00Z,61.17188,66.79688,65.39063,67.14844,66.79688,64.6875,68.55469,59.76563,69.25781,66.79688,69.25781,65.39063,14.94141,11.60156,13.94531,13.18359,13.88672,14.41406,14.35547,15.05859,13.88672,14.70703,15.11719,14.88281,14.70703,0.152588,0.187988,0.151367,0.179443,0.148926,0.15625,0.146484,0.145264,0.155029,0.108643,0.126953
2018-01-07T10:00:00Z,58.71094,60.82031,63.98438,66.09375,62.92969,62.92969,66.44531,64.6875,67.14844,63.98438,65.39063,62.57813,14.76563,11.95313,13.65234,14.58984,14.0625,14.41406,14.94141,14.94141,14.35547,14.00391,14.41406,14.53125,15.0,0.13916,0.12085,0.130615,0.124512,0.152588,0.112305,0.119629,0.128174,0.184326,0.161133,0.137939
2018-01-07T10:10:00Z,59.76563,65.39063,67.14844,61.17188,64.33594,69.96094,66.09375,63.63281,62.92969,64.33594,69.25781,66.79688,14.47266,12.07031,14.64844,14.64844,14.41406,15.41016,14.82422,14.23828,14.23828,14.94141,15.52734,15.29297,13.88672,0.118408,0.148926,0.144043,0.141602,0.142822,0.162354,0.163574,0.166016,0.163574,0.125732,0.134277
2018-01-07T10:30:00Z,58.35938,63.98438,65.39063,63.98438,63.28125,62.22656,65.03906,65.03906,67.5,62.92969,60.46875,67.5,15.41016,12.01172,13.82813,14.23828,13.88672,14.12109,14.35547,14.70703,15.0,14.53125,14.29688,14.41406,15.0,0.155029,0.144043,0.12085,0.113525,0.144043,0.118408,0.107422,0.155029,0.144043,0.115967,0.117188
2018-01-07T10:40:00Z,59.0625,65.03906,60.82031,64.33594,66.79688,62.92969,63.28125,65.03906,66.79688,66.44531,65.74219,63.98438,14.35547,11.71875,13.125,13.76953,13.71094,13.88672,14.41406,14.53125,15.0,14.47266,13.94531,14.00391,14.94141,0.161133,0.100098,0.152588,0.155029,0.134277,0.134277,0.118408,0.126953,0.142822,0.152588,0.131836
2018-01-07T10:50:00Z,61.875,68.20313,67.85156,67.14844,71.01563,67.14844,66.44531,67.14844,69.25781,69.60938,67.14844,67.14844,14.76563,11.71875,13.47656,13.47656,13.71094,13.94531,14.0625,14.12109,14.0625,14.29688,14.00391,14.0625,14.29688,0.12207,0.177002,0.124512,0.164795,0.146484,0.142822,0.169678,0.155029,0.166016,0.148926,0.161133
2018-01-07T11:00:00Z,60.46875,63.28125,65.74219,64.6875,62.92969,63.98438,70.3125,63.63281,67.5,65.74219,69.25781,68.55469,14.23828,11.48438,14.00391,14.29688,14.0625,14.0625,14.29688,13.82813,13.94531,14.29688,14.00391,14.00391,14.17969,0.131836,0.133057,0.144043,0.123291,0.130615,0.118408,0.145264,0.130615,0.128174,0.12085,0.134277
2018-01-07T11:10:00Z,58.71094,62.92969,67.85156,63.28125,63.28125,63.98438,66.79688,68.90625,66.44531,68.20313,67.85156,69.96094,13.82813,11.25,13.125,13.30078,13.65234,14.00391,13.82813,13.47656,13.82813,14.0625,14.00391,14.23828,14.00391,0.177002,0.158691,0.140381,0.131836,0.141602,0.10376,0.137939,0.137939,0.129395,0.113525,0.141602
2018-01-07T11:20:00Z,58.71094,66.44531,67.14844,66.44531,63.63281,62.57813,68.20313,65.39063,66.79688,68.20313,68.55469,66.44531,14.29688,11.42578,13.35938,12.94922,13.59375,13.35938,13.53516,14.12109,14.00391,13.53516,13.53516,13.53516,13.76953,0.106201,0.148926,0.131836,0.144043,0.151367,0.106201,0.109863,0.137939,0.145264,0.106201,0.137939
2018-01-07T11:30:00Z,60.46875,64.33594,65.03906,65.39063,67.5,62.22656,67.5,65.74219,64.6875,67.14844,63.63281,67.14844,14.0625,11.71875,13.53516,13.65234,13.59375,13.35938,13.47656,14.00391,14.12109,14.23828,13.82813,13.94531,14.23828,0.145264,0.125732,0.112305,0.097656,0.115967,0.091553,0.102539,0.098877,0.111084,0.117188,0.109863
2018-01-07T11:40:00Z,57.65625,60.46875,63.63281,66.09375,62.57813,65.39063,65.03906,66.09375,63.28125,68.20313,65.03906,67.14844,13.59375,11.54297,12.89063,13.18359,13.41797,13.30078,13.65234,13.47656,13.47656,13.53516,13.82813,13.47656,13.65234,0.109863,0.113525,0.112305,0.114746,0.111084,0.100098,0.10376,0.140381,0.098877,0.085449,0.119629
2018-01-07T11:50:00Z,56.60156,60.46875,60.11719,61.875,61.17188,58.00781,63.98438,59.76563,59.41406,58.00781,65.03906,64.33594,14.88281,11.42578,13.125,13.41797,13.06641,13.41797,13.65234,13.71094,13.76953,13.41797,13.94531,13.76953,13.59375,0.125732,0.113525,0.147705,0.102539,0.10498,0.100098,0.102539,0.108643,0.097656,0.101318,0.115967
2018-01-07T12:00:00Z,60.11719,61.52344,65.39063,65.74219,65.03906,65.03906,65.39063,66.44531,64.6875,68.20313,68.55469,65.03906,14.35547,11.42578,13.30078,13.47656,13.35938,13.47656,13.76953,13.71094,13.59375,13.35938,13.76953,13.82813,14.0625,0.135498,0.118408,0.087891,0.100098,0.098877,0.108643,0.111084,0.113525,0.111084,0.119629,0.117188
2018-01-07T12:10:00Z,57.30469,63.28125,62.22656,64.33594,63.28125,65.74219,62.92969,63.63281,65.74219,65.03906,66.44531,67.5,14.64844,11.19141,12.94922,13.00781,12.65625,13.30078,13.53516,13.30078,13.30078,13.47656,13.76953,13.65234,13.47656,0.131836,0.118408,0.142822,0.118408,0.107422,0.109863,0.106201,0.112305,0.093994,0.087891,0.113525
2018-01-07T12:20:00Z,61.17188,68.20313,67.14844,65.39063,66.44531,69.96094,69.25781,69.25781,69.25781,67.85156,65.74219,70.66406,13.47656,11.19141,12.94922,13.00781,12.71484,13.00781,13.53516,13.47656,13.65234,13.41797,13.59375,13.18359,13.82813,0.10376,0.101318,0.131836,0.109863,0.107422,0.124512,0.109863,0.12085,0.097656,0.119629,0.073242
2018-01-07T12:30:00Z,63.63281,71.36719,68.90625,66.44531,67.5,70.66406,67.5,71.36719,69.60938,67.14844,68.20313,71.01563,14.23828,11.89453,13.71094,13.82813,13.82813,13.82813,14.0625,14.00391,13.76953,14.12109,14.23828,14.00391,14.00391,0.124512,0.107422,0.093994,0.10498,0.095215,0.114746,0.098877,0.114746,0.10498,0.092773,0.123291
2018-01-07T12:40:00Z,67.14844,69.60938,72.42188,72.77344,69.96094,71.01563,69.60938,69.96094,72.07031,72.07031,70.3125,71.36719,14.35547,11.71875,13.47656,13.82813,13.88672,13.82813,14.35547,14.35547,14.53125,14.47266,14.23828,14.0625,14.35547,0.107422,0.126953,0.129395,0.114746,0.083008,0.092773,0.112305,0.102539,0.096436,0.095215,0.106201
2018-01-07T12:50:00Z,66.44531,72.07031,71.71875,68.20313,70.3125,68.55469,71.36719,66.79688,71.01563,68.90625,69.60938,68.90625,14.76563,11.95313,14.12109,14.0625,14.35547,14.70703,14.41406,14.64844,14.23828,14.23828,14.23828,14.41406,14.29688,0.087891,0.084229,0.098877,0.078125,0.10376,0.076904,0.107422,0.119629,0.10498,0.089111,0.10376
2018-01-07T13:00:00Z,61.52344,65.39063,67.14844,62.92969,61.52344,69.25781,66.44531,63.63281,65.74219,63.98438,67.85156,64.6875,14.29688,11.95313,13.76953,13.82813,14.00391,13.59375,13.76953,13.88672,14.35547,14.41406,14.53125,14.53125,13.88672,0.106201,0.119629,0.073242,0.118408,0.108643,0.108643,0.089111,0.095215,0.106201,0.085449,0.111084
2018-01-07T14:20:00Z,58.35938,64.6875,66.79688,64.6875,65.39063,63.98438,65.74219,66.44531,67.14844,65.74219,67.85156,63.28125,14.23828,11.83594,13.53516,13.65234,13.94531,13.65234,14.0625,14.58984,14.47266,14.12109,13.88672,13.82813,14.23828,0.12207,0.114746,0.106201,0.085449,0.073242,0.087891,0.08667,0.089111,0.087891,0.081787,0.079346
2018-01-07T14:30:00Z,59.0625,63.98438,67.5,68.20313,68.90625,64.6875,64.6875,67.5,59.76563,68.55469,69.60938,64.33594,14.82422,11.83594,13.41797,13.65234,13.65234,14.00391,13.88672,14.23828,14.41406,14.29688,14.47266,14.17969,14.29688,0.109863,0.133057,0.133057,0.085449,0.106201,0.118408,0.092773,0.102539,0.091553,0.118408,0.098877
2018-01-07T14:40:00Z,59.0625,64.33594,64.6875,59.76563,63.28125,65.03906,62.57813,62.92969,65.39063,68.20313,63.63281,67.14844,14.76563,11.83594,13.76953,14.12109,13.71094,13.59375,13.65234,14.12109,14.35547,14.23828,14.29688,14.23828,14.53125,0.093994,0.108643,0.134277,0.095215,0.114746,0.097656,0.092773,0.084229,0.087891,0.106201,0.084229
2018-01-07T14:50:00Z,61.17188,63.63281,71.01563,65.39063,63.98438,72.07031,67.85156,63.28125,69.25781,63.63281,67.85156,67.85156,15.05859,12.07031,14.17969,14.00391,14.12109,13.94531,13.88672,14.23828,14.29688,14.17969,14.29688,14.41406,14.58984,0.111084,0.115967,0.089111,0.10376,0.114746,0.112305,0.079346,0.117188,0.096436,0.096436,0.12085
2018-01-07T15:00:00Z,59.41406,62.57813,64.6875,62.57813,66.79688,63.98438,63.98438,63.98438,64.6875,70.66406,70.3125,68.20313,15.0,12.36328,14.17969,14.47266,14.23828,14.35547,14.53125,13.94531,14.53125,14.82422,14.88281,14.47266,14.53125,0.109863,0.10498,0.10376,0.102539,0.095215,0.102539,0.083008,0.089111,0.12085,0.111084,0.098877
2018-01-07T15:10:00Z,59.76563,66.09375,66.09375,63.98438,66.09375,66.44531,67.85156,62.57813,68.20313,63.28125,67.5,70.3125,14.82422,12.12891,14.00391,14.0625,14.12109,14.35547,14.88281,14.12109,14.12109,14.53125,15.05859,14.94141,14.76563,0.107422,0.109863,0.123291,0.10498,0.090332,0.108643,0.095215,0.092773,0.106201,0.107422,0.090332
2018-01-07T15:20:00Z,59.0625,63.28125,66.44531,66.44531,65.03906,67.85156,65.39063,65.03906,64.33594,61.875,67.14844,66.09375,15.23438,12.07031,13.94531,14.0625,14.0625,14.70703,14.23828,14.41406,14.70703,14.41406,15.17578,14.53125,14.64844,0.117188,0.100098,0.118408,0.102539,0.114746,0.10376,0.076904,0.10498,0.075684,0.080566,0.114746
2018-01-07T16:40:00Z,61.875,67.85156,68.55469,67.85156,67.14844,67.85156,69.25781,66.79688,68.20313,73.125,68.90625,66.79688,16.28906,13.00781,15.35156,15.58594,15.70313,15.35156,15.46875,15.52734,15.99609,16.17188,15.64453,15.29297,15.76172,0.117188,0.100098,0.097656,0.108643,0.107422,0.125732,0.089111,0.089111,0.106201,0.12085,0.112305
2018-01-07T17:10:00Z,66.79688,72.77344,71.36719,71.36719,72.07031,72.07031,71.01563,70.66406,72.42188,69.25781,72.07031,75.9375,16.64063,12.89063,14.82422,15.17578,15.11719,15.58594,15.70313,15.82031,15.29297,15.76172,16.23047,16.23047,15.99609,0.140381,0.17334,0.148926,0.129395,0.140381,0.115967,0.126953,0.151367,0.136719,0.12207,0.126953
2018-01-07T17:20:00Z,64.33594,67.14844,65.03906,70.66406,65.74219,71.01563,70.3125,69.60938,67.85156,69.96094,70.3125,72.77344,15.58594,12.65625,14.12109,14.29688,14.58984,15.11719,15.17578,15.05859,15.17578,15.41016,15.05859,15.23438,15.46875,0.152588,0.152588,0.158691,0.141602,0.142822,0.144043,0.145264,0.128174,0.128174,0.129395,0.111084
2018-01-07T17:30:00Z,64.33594,72.07031,67.85156,68.55469,69.25781,69.96094,67.14844,67.85156,69.96094,69.25781,70.66406,69.60938,15.99609,12.42188,14.88281,14.76563,14.64844,14.76563,15.23438,15.29297,15.87891,15.17578,15.23438,15.64453,15.82031,0.158691,0.142822,0.162354,0.148926,0.142822,0.133057,0.152588,0.151367,0.131836,0.131836,0.137939
2018-01-07T17:40:00Z,66.79688,69.96094,69.96094,70.66406,70.66406,70.3125,72.42188,68.90625,68.20313,69.96094,74.53125,74.17969,16.93359,12.71484,15.05859,15.52734,15.05859,15.58594,15.17578,15.11719,15.35156,15.58594,15.82031,15.76172,15.29297,0.147705,0.124512,0.162354,0.164795,0.124512,0.134277,0.137939,0.142822,0.119629,0.125732,0.146484
2018-01-07T17:50:00Z,67.85156,72.07031,72.77344,71.71875,67.14844,72.07031,73.47656,70.66406,76.28906,75.58594,71.36719,73.47656,15.9375,13.06641,15.35156,15.46875,15.9375,16.17188,15.9375,15.9375,15.82031,16.17188,16.17188,15.99609,16.11328,0.131836,0.153809,0.125732,0.135498,0.140381,0.102539,0.131836,0.137939,0.134277,0.108643,0.114746
2018-01-07T18:00:00Z,65.74219,69.60938,68.55469,69.96094,67.85156,67.85156,68.20313,67.14844,67.85156,67.14844,68.90625,71.01563,16.75781,13.18359,15.64453,15.64453,15.52734,15.70313,15.76172,15.70313,16.23047,15.99609,16.17188,16.17188,15.76172,0.151367,0.153809,0.117188,0.125732,0.12207,0.123291,0.12207,0.123291,0.114746,0.10498,0.13916
2018-01-07T18:10:00Z,67.5,72.07031,73.125,72.42188,69.96094,71.36719,69.96094,73.82813,68.20313,68.90625,69.60938,68.20313,17.05078,13.30078,15.52734,15.46875,15.9375,15.11719,15.9375,15.99609,16.46484,15.76172,16.11328,15.58594,15.82031,0.115967,0.114746,0.130615,0.108643,0.134277,0.128174,0.152588,0.145264,0.095215,0.146484,0.13916
2018-01-07T18:20:00Z,67.85156,71.01563,68.90625,66.79688,68.90625,66.79688,66.09375,69.96094,71.36719,68.90625,71.71875,69.60938,16.11328,12.77344,15.41016,15.17578,15.29297,15.11719,15.64453,16.52344,16.17188,15.99609,15.52734,15.82031,16.23047,0.172119,0.155029,0.123291,0.155029,0.147705,0.111084,0.12085,0.125732,0.134277,0.129395,0.141602
2018-01-07T18:30:00Z,66.44531,68.90625,67.85156,70.66406,68.20313,68.20313,67.14844,68.55469,71.71875,68.55469,69.96094,65.03906,16.23047,13.00781,14.82422,15.11719,15.41016,15.87891,16.17188,16.23047,16.28906,16.46484,16.11328,16.11328,16.23047,0.133057,0.145264,0.097656,0.13916,0.166016,0.144043,0.102539,0.114746,0.115967,0.118408,0.10376
2018-01-07T18:40:00Z,68.20313,71.71875,72.42188,71.36719,68.90625,69.25781,69.25781,68.20313,66.44531,67.85156,68.55469,68.90625,16.28906,12.53906,14.64844,15.17578,14.88281,15.11719,15.46875,15.70313,16.05469,15.17578,15.46875,15.70313,15.82031,0.13916,0.158691,0.153809,0.113525,0.131836,0.12085,0.102539,0.109863,0.107422,0.118408,0.144043
2018-01-07T18:50:00Z,69.60938,72.07031,75.23438,74.17969,70.66406,72.42188,69.96094,71.36719,71.71875,71.71875,72.07031,71.01563,15.46875,12.83203,15.41016,15.64453,15.82031,15.58594,15.76172,16.58203,16.875,16.17188,16.23047,16.11328,16.52344,0.115967,0.133057,0.112305,0.109863,0.101318,0.092773,0.130615,0.118408,0.102539,0.117188,0.098877
2018-01-07T19:00:00Z,71.01563,72.42188,73.47656,73.125,70.66406,71.36719,74.88281,72.42188,75.58594,73.47656,76.28906,73.47656,16.69922,12.48047,15.0,14.94141,15.0,15.41016,15.58594,15.82031,15.41016,15.29297,15.46875,15.82031,15.87891,0.146484,0.131836,0.12085,0.100098,0.130615,0.119629,0.097656,0.111084,0.123291,0.108643,0.135498
2018-01-07T19:10:00Z,69.25781,72.07031,71.71875,70.66406,73.47656,71.71875,73.47656,72.42188,73.82813,71.36719,69.25781,72.42188,17.57813,12.89063,15.35156,16.34766,15.35156,16.52344,16.05469,15.76172,15.70313,15.52734,15.87891,16.17188,16.34766,0.129395,0.10498,0.115967,0.098877,0.112305,0.144043,0.073242,0.108643,0.119629,0.12085,0.123291
2018-01-07T19:20:00Z,68.20313,70.66406,73.47656,67.85156,70.66406,69.96094,69.25781,70.66406,69.60938,74.53125,72.77344,74.88281,16.40625,12.94922,15.52734,15.9375,15.9375,16.34766,16.28906,16.05469,16.05469,16.34766,16.52344,16.17188,16.11328,0.102539,0.12085,0.113525,0.114746,0.129395,0.126953,0.123291,0.112305,0.109863,0.100098,0.10376
2018-01-07T19:30:00Z,72.07031,75.23438,73.47656,73.82813,74.53125,75.58594,74.88281,71.36719,73.125,73.82813,72.42188,76.64063,15.87891,12.71484,15.0,15.52734,15.41016,15.52734,15.82031,15.58594,16.40625,16.17188,16.05469,16.28906,15.82031,0.155029,0.141602,0.136719,0.155029,0.130615,0.128174,0.117188,0.136719,0.098877,0.123291,0.12207
2018-01-07T19:40:00Z,72.42188,77.34375,75.58594,74.17969,76.28906,72.42188,70.66406,73.47656,77.34375,75.58594,72.07031,78.39844,15.9375,12.89063,15.35156,15.35156,15.87891,15.52734,15.99609,16.28906,16.23047,16.11328,16.11328,16.28906,16.05469,0.115967,0.111084,0.123291,0.152588,0.134277,0.109863,0.106201,0.10498,0.097656,0.090332,0.108643
2018-01-07T19:50:00Z,72.42188,75.23438,74.17969,75.23438,74.88281,72.77344,75.23438,75.23438,74.17969,74.17969,75.23438,76.28906,16.52344,12.71484,15.41016,14.94141,15.23438,15.58594,15.76172,15.87891,15.76172,15.82031,15.87891,15.99609,16.46484,0.12207,0.140381,0.158691,0.111084,0.096436,0.098877,0.112305,0.131836,0.146484,0.113525,0.126953
2018-01-07T20:00:00Z,71.01563,73.82813,77.34375,73.47656,73.82813,73.47656,75.58594,70.3125,72.42188,73.82813,75.23438,73.47656,17.05078,12.83203,14.94141,15.35156,14.88281,15.11719,15.0,15.17578,15.58594,16.23047,16.11328,16.17188,16.23047,0.117188,0.135498,0.131836,0.141602,0.168457,0.128174,0.135498,0.142822,0.155029,0.133057,0.131836
2018-01-07T20:10:00Z,67.85156,73.82813,68.90625,73.82813,70.3125,72.07031,73.125,68.55469,71.36719,71.01563,73.82813,71.01563,15.87891,12.94922,15.46875,15.17578,15.82031,16.23047,16.52344,16.28906,15.64453,16.23047,16.17188,16.28906,16.34766,0.101318,0.123291,0.128174,0.142822,0.12207,0.112305,0.113525,0.130615,0.152588,0.118408,0.12085
2018-01-07T20:20:00Z,68.55469,71.01563,70.3125,71.01563,72.77344,70.3125,68.90625,73.82813,71.36719,69.96094,70.3125,75.23438,16.11328,13.24219,14.70703,15.17578,15.29297,15.82031,16.28906,16.40625,16.52344,16.40625,15.9375,15.41016,16.40625,0.151367,0.112305,0.155029,0.124512,0.106201,0.100098,0.148926,0.135498,0.111084,0.131836,0.106201
2018-01-07T20:30:00Z,67.85156,72.42188,71.36719,74.17969,68.20313,72.77344,71.71875,67.14844,69.60938,72.77344,69.25781,71.01563,16.875,12.24609,14.64844,14.94141,14.88281,14.94141,15.46875,15.70313,15.52734,15.05859,15.82031,15.9375,15.58594,0.13916,0.119629,0.157471,0.118408,0.131836,0.148926,0.115967,0.126953,0.123291,0.12085,0.153809
2018-01-07T20:40:00Z,72.07031,74.88281,75.23438,71.36719,74.53125,76.28906,78.75,79.10156,76.28906,77.34375,72.42188,74.53125,16.28906,13.00781,15.23438,15.41016,15.46875,15.87891,16.69922,15.76172,15.0,15.05859,15.52734,15.87891,15.9375,0.133057,0.114746,0.129395,0.137939,0.112305,0.107422,0.12085,0.163574,0.12207,0.12085,0.128174
2018-01-07T20:50:00Z,72.77344,72.42188,75.58594,75.23438,76.64063,75.58594,77.34375,79.10156,72.42188,76.64063,76.64063,75.58594,16.23047,12.94922,16.17188,16.23047,15.76172,16.40625,15.52734,15.76172,16.23047,15.70313,16.05469,15.70313,15.41016,0.144043,0.135498,0.146484,0.118408,0.140381,0.13916,0.133057,0.147705,0.098877,0.109863,0.140381
2018-01-07T21:00:00Z,69.96094,71.01563,73.47656,75.9375,73.82813,74.53125,73.125,76.64063,72.42188,73.125,69.96094,76.64063,16.40625,13.30078,15.17578,15.29297,15.82031,15.70313,16.69922,16.46484,16.11328,15.58594,15.76172,16.05469,16.58203,0.148926,0.162354,0.119629,0.141602,0.12085,0.100098,0.114746,0.144043,0.144043,0.157471,0.119629
2018-01-07T21:10:00Z,69.60938,71.36719,72.42188,72.77344,76.64063,73.47656,75.23438,74.17969,75.23438,72.77344,75.58594,78.04688,15.58594,13.00781,14.82422,14.88281,15.0,15.82031,16.28906,16.28906,16.11328,15.64453,16.28906,15.9375,16.11328,0.157471,0.133057,0.140381,0.113525,0.106201,0.113525,0.117188,0.136719,0.13916,0.119629,0.097656
2018-01-07T21:50:00Z,75.23438,79.45313,82.61719,80.15625,80.15625,79.45313,77.34375,83.67188,77.69531,80.15625,82.61719,79.10156,15.99609,12.94922,14.76563,15.76172,15.76172,15.87891,15.52734,15.17578,16.11328,16.52344,15.99609,15.99609,15.99609,0.12207,0.140381,0.130615,0.131836,0.130615,0.161133,0.155029,0.111084,0.137939,0.124512,0.115967
2018-01-07T22:00:00Z,75.23438,81.91406,83.32031,80.50781,78.04688,81.21094,80.50781,79.80469,77.69531,80.85938,80.50781,78.39844,16.11328,13.06641,15.35156,15.35156,15.87891,15.64453,15.58594,15.23438,15.58594,15.82031,16.05469,15.29297,15.87891,0.135498,0.148926,0.150146,0.152588,0.177002,0.17334,0.12207,0.109863,0.157471,0.166016,0.140381
2018-01-07T22:30:00Z,76.28906,79.80469,81.21094,81.91406,81.5625,81.21094,81.91406,83.67188,86.13281,79.80469,81.21094,85.07813,15.9375,12.53906,15.17578,15.35156,15.35156,15.35156,15.17578,15.76172,15.41016,14.94141,14.58984,15.05859,15.41016,0.131836,0.159912,0.140381,0.157471,0.136719,0.128174,0.142822,0.13916,0.125732,0.124512,0.131836
2018-01-07T22:40:00Z,73.125,78.04688,80.50781,79.45313,77.69531,76.28906,78.04688,78.04688,79.80469,78.39844,74.53125,76.64063,15.52734,12.65625,14.82422,14.76563,15.11719,14.82422,14.94141,15.23438,15.29297,15.58594,14.76563,14.94141,15.29297,0.169678,0.151367,0.114746,0.133057,0.133057,0.131836,0.123291,0.129395,0.134277,0.124512,0.115967
2018-01-07T23:50:00Z,78.75,84.72656,85.78125,82.26563,82.61719,80.85938,79.10156,83.67188,85.07813,80.15625,82.26563,83.32031,15.46875,12.30469,14.58984,14.12109,14.58984,14.23828,15.0,15.29297,14.64844,14.82422,14.82422,15.35156,14.58984,0.12085,0.126953,0.147705,0.130615,0.133057,0.115967,0.123291,0.133057,0.113525,0.102539,0.151367
