LOCATION: 
SYSTEM SERIAL: HKZA
TIMESTAMP (ISO-8601) UTC,WindDir004m deg,WindDir030m deg,WindDir040m deg,WindDir040m_ref deg,WindDir060m deg,WindDir080m deg,WindDir100m deg,WindDir120m deg,WindDir140m deg,WindDir160m deg,WindDir180m deg,WindDir200m deg,WindGust004m m/s,WindSpeed004m m/s,WindSpeed030mh m/s,WindSpeed040mh m/s,WindSpeed040m_refh m/s,WindSpeed060mh m/s,WindSpeed080mh m/s,WindSpeed100mh m/s,WindSpeed120mh m/s,WindSpeed140mh m/s,WindSpeed160mh m/s,WindSpeed180mh m/s,WindSpeed200mh m/s,TI 030m,TI 040m,TI 040m ref,TI 060m,TI 080m,TI 100m,TI 120m,TI 140m,TI 160m,TI 180m,TI 200m
2018-05-01T00:00:00Z,288.98438,306.5625,293.55469,298.125,288.98438,292.5,294.96094,297.42188,295.3125,298.125,295.66406,297.07031,19.45313,15.46875,17.87109,18.63281,18.39844,19.80469,20.74219,21.38672,21.38672,20.80078,21.26953,21.62109,21.50391,0.137939,0.144043,0.153809,0.130615,0.152588,0.141602,0.146484,0.114746,0.114746,0.10376,0.112305
2018-05-01T00:10:00Z,290.03906,290.74219,283.35938,293.20313,289.33594,297.42188,290.39063,293.90625,292.5,286.17188,292.5,289.33594,20.50781,15.35156,19.92188,20.33203,20.27344,21.62109,22.44141,22.85156,23.02734,22.79297,23.55469,22.91016,23.08594,0.134277,0.134277,0.151367,0.128174,0.10498,0.092773,0.136719,0.123291,0.102539,0.129395,0.098877
2018-05-01T00:20:00Z,283.71094,283.71094,280.89844,285.46875,288.63281,287.22656,290.74219,286.17188,283.35938,286.17188,290.74219,293.90625,21.5625,16.28906,20.74219,21.44531,21.67969,21.97266,22.55859,22.79297,22.91016,23.02734,23.67188,22.85156,23.67188,0.112305,0.126953,0.129395,0.148926,0.118408,0.107422,0.112305,0.124512,0.129395,0.209961,0.107422
2018-05-01T00:30:00Z,281.60156,284.41406,286.875,277.73438,291.44531,289.6875,284.41406,279.84375,282.30469,287.57813,295.3125,292.85156,21.62109,16.64063,21.79688,21.50391,21.79688,21.32813,21.50391,22.38281,23.26172,24.08203,23.96484,23.32031,23.26172,0.129395,0.145264,0.135498,0.153809,0.157471,0.155029,0.130615,0.137939,0.150146,0.144043,0.137939
2018-05-01T00:40:00Z,279.84375,281.60156,283.71094,282.30469,281.25,281.25,285.46875,285.82031,285.46875,286.52344,288.28125,288.63281,21.03516,15.82031,19.86328,20.625,20.91797,22.44141,22.79297,22.79297,22.20703,22.32422,23.61328,24.08203,24.08203,0.13916,0.114746,0.124512,0.128174,0.161133,0.162354,0.153809,0.148926,0.159912,0.136719,0.133057
2018-05-01T00:50:00Z,280.54688,286.17188,279.84375,287.92969,285.82031,288.28125,290.03906,285.82031,280.19531,286.17188,288.98438,288.28125,23.78906,17.10938,21.67969,22.5,21.50391,23.02734,23.49609,22.5,22.61719,24.43359,25.01953,24.66797,24.66797,0.134277,0.131836,0.131836,0.128174,0.12207,0.140381,0.118408,0.10498,0.128174,0.166016,0.137939
2018-05-01T01:00:00Z,282.30469,287.92969,280.89844,285.82031,284.41406,281.25,284.0625,281.95313,288.28125,279.49219,284.76563,286.17188,21.38672,16.40625,21.26953,22.03125,21.79688,22.08984,21.97266,21.97266,22.67578,22.61719,23.78906,23.84766,24.49219,0.150146,0.133057,0.15625,0.147705,0.169678,0.180664,0.133057,0.180664,0.117188,0.112305,0.12085
2018-05-01T01:10:00Z,279.14063,287.57813,284.76563,285.11719,280.19531,280.89844,286.52344,285.11719,283.35938,281.95313,282.30469,284.41406,22.20703,16.75781,21.26953,22.38281,21.5625,23.02734,23.20313,22.32422,22.55859,22.61719,23.73047,24.08203,24.31641,0.137939,0.117188,0.129395,0.133057,0.141602,0.148926,0.12207,0.107422,0.124512,0.117188,0.117188
2018-05-01T01:20:00Z,277.38281,279.84375,287.22656,280.89844,290.74219,281.25,285.82031,283.35938,289.6875,289.6875,285.11719,285.82031,20.625,16.40625,20.50781,20.97656,20.97656,21.5625,22.32422,23.14453,22.73438,22.79297,22.14844,22.38281,22.96875,0.12085,0.152588,0.157471,0.13916,0.118408,0.12085,0.162354,0.133057,0.10498,0.147705,0.124512
2018-05-01T01:30:00Z,280.89844,287.57813,293.55469,281.95313,282.65625,282.65625,279.14063,286.52344,285.46875,287.92969,285.11719,287.57813,20.97656,15.70313,20.44922,20.21484,21.03516,21.73828,21.85547,22.32422,23.14453,23.78906,23.67188,23.14453,22.91016,0.142822,0.169678,0.153809,0.15625,0.17334,0.147705,0.141602,0.131836,0.114746,0.10498,0.128174
2018-05-01T01:40:00Z,278.78906,283.00781,284.0625,282.65625,279.49219,282.30469,283.71094,280.54688,278.78906,280.89844,288.63281,286.875,21.91406,16.34766,20.85938,21.26953,21.44531,22.32422,22.14844,22.20703,22.14844,22.85156,23.49609,23.55469,23.61328,0.115967,0.115967,0.137939,0.13916,0.146484,0.130615,0.123291,0.117188,0.134277,0.123291,0.093994
2018-05-01T01:50:00Z,276.32813,283.00781,274.92188,287.22656,273.51563,284.41406,287.22656,284.41406,285.82031,288.98438,280.19531,286.875,21.09375,16.05469,19.80469,20.21484,20.33203,21.50391,21.97266,22.38281,22.5,22.85156,23.32031,23.73047,23.61328,0.129395,0.129395,0.126953,0.107422,0.102539,0.134277,0.137939,0.140381,0.106201,0.084229,0.118408
2018-05-01T02:00:00Z,278.78906,286.52344,285.82031,282.30469,286.52344,275.625,279.49219,278.4375,287.57813,286.52344,286.17188,286.875,20.44922,15.0,19.6875,19.6875,19.86328,19.51172,20.80078,21.73828,21.44531,22.03125,22.44141,22.38281,22.26563,0.164795,0.174561,0.164795,0.12207,0.117188,0.119629,0.123291,0.113525,0.106201,0.12085,0.10376
2018-05-01T02:10:00Z,280.54688,280.89844,281.95313,289.33594,285.82031,279.14063,280.54688,292.85156,281.60156,279.49219,284.41406,286.875,20.15625,15.29297,19.04297,20.44922,19.80469,20.91797,22.08984,21.97266,21.97266,22.20703,23.08594,23.37891,22.79297,0.146484,0.137939,0.133057,0.126953,0.115967,0.101318,0.128174,0.113525,0.111084,0.12207,0.107422
2018-05-01T02:20:00Z,278.08594,276.32813,284.76563,279.49219,288.98438,285.82031,281.25,287.57813,278.08594,279.14063,288.63281,293.90625,21.09375,15.23438,19.04297,19.51172,19.62891,20.09766,20.33203,20.97656,20.56641,21.03516,21.85547,22.91016,22.38281,0.123291,0.107422,0.108643,0.126953,0.142822,0.114746,0.118408,0.096436,0.108643,0.096436,0.117188
2018-05-01T02:30:00Z,279.84375,284.41406,280.54688,287.57813,280.89844,285.82031,286.52344,285.11719,282.30469,284.41406,286.875,283.00781,20.56641,15.05859,19.21875,19.86328,19.57031,20.21484,21.15234,21.15234,21.5625,22.08984,22.67578,23.02734,22.32422,0.13916,0.137939,0.163574,0.151367,0.145264,0.10498,0.146484,0.144043,0.141602,0.101318,0.119629
2018-05-01T02:40:00Z,284.41406,278.78906,279.84375,289.6875,286.875,286.17188,288.98438,293.55469,288.28125,287.22656,277.03125,282.30469,20.03906,15.0,19.62891,19.80469,19.80469,21.44531,22.03125,22.61719,21.38672,21.32813,21.85547,22.73438,22.55859,0.150146,0.148926,0.108643,0.133057,0.100098,0.089111,0.108643,0.118408,0.112305,0.092773,0.124512
2018-05-01T02:50:00Z,279.14063,287.92969,283.35938,283.00781,282.65625,288.98438,283.00781,279.84375,286.875,285.82031,284.41406,285.11719,20.56641,15.52734,19.6875,20.09766,19.74609,21.09375,21.50391,21.32813,21.26953,21.91406,21.44531,21.91406,22.5,0.108643,0.123291,0.089111,0.091553,0.084229,0.096436,0.092773,0.107422,0.137939,0.119629,0.115967
2018-05-01T03:00:00Z,281.60156,285.46875,287.92969,281.95313,286.17188,279.84375,284.0625,283.00781,286.875,280.89844,287.92969,286.17188,18.98438,15.11719,20.15625,19.98047,20.74219,20.625,22.08984,22.38281,21.91406,21.97266,22.61719,22.67578,23.37891,0.146484,0.141602,0.141602,0.146484,0.162354,0.144043,0.142822,0.114746,0.111084,0.114746,0.10498
2018-05-01T03:10:00Z,277.73438,290.03906,275.97656,291.09375,278.78906,281.95313,279.84375,286.17188,285.46875,286.52344,281.95313,279.49219,21.85547,15.64453,20.15625,21.38672,20.50781,21.97266,22.20703,23.02734,23.20313,23.14453,22.79297,22.79297,23.14453,0.096436,0.100098,0.118408,0.114746,0.133057,0.117188,0.092773,0.106201,0.10376,0.081787,0.101318
2018-05-01T03:20:00Z,279.49219,287.57813,284.76563,288.98438,279.84375,274.57031,278.4375,284.41406,286.52344,290.39063,291.79688,286.17188,20.39063,15.76172,18.92578,19.33594,19.74609,21.09375,22.73438,22.44141,22.03125,22.14844,21.73828,21.44531,22.32422,0.145264,0.196533,0.134277,0.140381,0.128174,0.151367,0.13916,0.102539,0.090332,0.107422,0.13916
2018-05-01T03:30:00Z,280.54688,286.17188,285.46875,279.49219,288.28125,284.41406,281.60156,284.0625,277.38281,278.4375,284.0625,289.6875,19.92188,14.35547,18.33984,18.39844,18.33984,18.28125,19.04297,20.03906,19.74609,19.92188,20.97656,20.68359,20.50781,0.115967,0.115967,0.135498,0.115967,0.111084,0.142822,0.123291,0.146484,0.114746,0.12207,0.115967
2018-05-01T03:40:00Z,279.14063,284.41406,278.08594,277.38281,279.49219,286.52344,285.46875,276.67969,281.60156,284.41406,286.875,283.71094,18.98438,14.76563,18.69141,19.16016,19.27734,20.09766,20.91797,21.15234,20.21484,20.85938,21.26953,21.5625,21.79688,0.10376,0.13916,0.144043,0.107422,0.113525,0.10376,0.114746,0.12085,0.113525,0.124512,0.108643
2018-05-01T03:50:00Z,277.03125,278.78906,284.76563,283.35938,285.82031,287.22656,282.30469,283.00781,288.98438,280.54688,278.4375,283.35938,20.27344,15.52734,19.27734,19.98047,20.03906,19.80469,20.21484,20.80078,20.97656,20.50781,21.03516,21.5625,21.85547,0.131836,0.136719,0.13916,0.115967,0.133057,0.131836,0.101318,0.119629,0.093994,0.093994,0.119629
2018-05-01T04:00:00Z,283.00781,280.19531,288.63281,283.71094,291.09375,285.46875,286.52344,286.875,280.89844,283.00781,288.63281,290.39063,19.86328,14.64844,19.21875,19.45313,18.92578,19.33594,19.74609,20.39063,20.50781,20.625,21.15234,20.74219,20.33203,0.157471,0.142822,0.179443,0.128174,0.148926,0.12085,0.096436,0.108643,0.114746,0.109863,0.093994
2018-05-01T04:10:00Z,278.4375,284.41406,274.57031,283.35938,275.625,276.32813,277.38281,281.60156,278.4375,282.30469,283.71094,280.54688,18.80859,14.70703,18.39844,18.98438,18.45703,19.62891,19.92188,20.33203,20.15625,19.62891,20.33203,20.80078,21.15234,0.157471,0.130615,0.142822,0.12207,0.126953,0.12207,0.130615,0.130615,0.135498,0.145264,0.108643
2018-05-01T04:20:00Z,275.27344,278.4375,280.19531,278.08594,283.71094,282.65625,282.30469,278.4375,278.4375,283.71094,281.95313,275.27344,18.75,14.17969,18.33984,18.63281,18.33984,18.86719,19.21875,19.6875,20.15625,20.44922,20.15625,20.09766,20.33203,0.137939,0.137939,0.125732,0.13916,0.163574,0.128174,0.129395,0.153809,0.137939,0.115967,0.114746
2018-05-01T04:30:00Z,280.19531,287.57813,291.44531,280.19531,290.03906,282.65625,282.30469,282.30469,283.71094,287.22656,288.28125,287.92969,18.69141,14.47266,18.22266,18.92578,18.22266,19.21875,19.51172,19.74609,20.625,21.21094,21.15234,20.33203,20.03906,0.137939,0.117188,0.157471,0.118408,0.150146,0.140381,0.12085,0.124512,0.124512,0.108643,0.10376
2018-05-01T04:40:00Z,279.49219,275.625,280.89844,279.84375,283.35938,284.0625,284.0625,281.25,285.82031,279.14063,284.0625,285.46875,19.04297,14.64844,18.63281,19.33594,18.80859,19.80469,20.33203,19.80469,20.44922,19.86328,20.91797,21.26953,20.85938,0.148926,0.131836,0.128174,0.130615,0.118408,0.136719,0.10376,0.133057,0.125732,0.118408,0.13916
2018-05-01T04:50:00Z,279.14063,283.35938,290.39063,284.0625,276.67969,287.57813,284.76563,286.52344,286.17188,282.30469,282.65625,282.65625,18.10547,14.0625,17.46094,17.22656,17.75391,18.39844,18.98438,19.21875,18.98438,19.27734,19.74609,19.39453,19.27734,0.161133,0.128174,0.133057,0.133057,0.125732,0.106201,0.080566,0.098877,0.111084,0.114746,0.109863
2018-05-01T05:00:00Z,280.89844,279.14063,281.25,280.89844,282.65625,280.54688,279.49219,278.4375,277.73438,283.71094,282.30469,278.08594,17.28516,12.94922,16.40625,16.69922,16.69922,17.05078,17.63672,18.04688,18.04688,18.04688,18.45703,19.04297,18.75,0.145264,0.137939,0.167236,0.134277,0.148926,0.172119,0.178223,0.158691,0.150146,0.142822,0.137939
2018-05-01T05:10:00Z,278.78906,286.17188,281.60156,278.4375,281.95313,278.4375,278.08594,282.30469,283.00781,281.25,284.0625,280.19531,18.92578,14.12109,17.22656,17.22656,17.87109,17.63672,18.57422,18.51563,18.51563,18.51563,18.28125,17.63672,18.10547,0.111084,0.107422,0.147705,0.107422,0.155029,0.13916,0.111084,0.111084,0.123291,0.107422,0.126953
2018-05-01T05:20:00Z,276.67969,280.54688,277.03125,276.67969,276.32813,282.30469,274.92188,281.60156,277.38281,277.73438,278.08594,277.38281,17.34375,13.30078,15.76172,16.64063,16.58203,17.51953,17.28516,17.63672,17.75391,18.39844,18.28125,18.04688,18.33984,0.124512,0.117188,0.12085,0.12207,0.145264,0.142822,0.131836,0.118408,0.107422,0.140381,0.131836
2018-05-01T05:30:00Z,271.40625,274.21875,275.625,276.67969,272.46094,275.97656,273.51563,271.05469,275.625,274.92188,272.8125,280.89844,16.11328,12.65625,15.70313,15.64453,15.87891,15.82031,15.76172,16.34766,16.46484,16.34766,16.46484,16.52344,16.17188,0.136719,0.144043,0.133057,0.124512,0.125732,0.098877,0.146484,0.124512,0.130615,0.109863,0.140381
2018-05-01T05:40:00Z,267.53906,271.40625,270.70313,273.16406,270.70313,269.29688,273.16406,275.27344,274.57031,271.40625,271.40625,273.86719,16.58203,12.59766,15.76172,15.70313,16.69922,15.9375,17.05078,17.51953,17.28516,16.875,17.46094,17.28516,17.34375,0.140381,0.123291,0.119629,0.124512,0.124512,0.108643,0.101318,0.125732,0.12207,0.092773,0.100098
2018-05-01T05:50:00Z,265.42969,264.375,265.78125,266.83594,271.75781,273.16406,273.16406,267.89063,266.13281,272.8125,271.05469,274.92188,16.875,12.65625,15.58594,16.75781,15.9375,16.58203,17.40234,16.69922,16.58203,16.69922,17.22656,17.22656,17.51953,0.155029,0.159912,0.135498,0.119629,0.136719,0.153809,0.161133,0.144043,0.136719,0.114746,0.148926
2018-05-01T06:00:00Z,265.78125,267.53906,274.21875,269.29688,270.35156,271.05469,267.1875,264.72656,268.24219,273.16406,270.35156,268.59375,15.99609,12.71484,15.76172,15.35156,15.52734,15.87891,15.46875,15.99609,16.23047,16.64063,16.69922,16.69922,16.69922,0.163574,0.157471,0.158691,0.131836,0.146484,0.136719,0.117188,0.163574,0.133057,0.111084,0.150146
2018-05-01T06:10:00Z,262.96875,265.07813,271.05469,268.94531,263.32031,271.05469,266.13281,267.89063,271.05469,266.83594,275.27344,269.29688,16.46484,12.94922,16.05469,15.9375,15.87891,16.40625,15.99609,15.99609,16.58203,16.64063,16.75781,16.52344,17.34375,0.129395,0.147705,0.130615,0.161133,0.133057,0.135498,0.136719,0.12207,0.13916,0.126953,0.101318
2018-05-01T06:20:00Z,261.5625,264.375,262.96875,266.48438,263.32031,265.07813,271.75781,264.72656,269.64844,265.07813,274.57031,268.24219,16.05469,12.48047,14.70703,15.23438,15.23438,15.17578,15.76172,15.64453,15.87891,15.29297,15.9375,16.34766,16.81641,0.130615,0.133057,0.148926,0.130615,0.155029,0.137939,0.106201,0.136719,0.147705,0.119629,0.107422
2018-05-01T06:30:00Z,262.26563,259.45313,270.0,264.02344,264.02344,271.75781,258.75,263.67188,258.75,269.29688,264.375,266.48438,15.41016,12.24609,15.17578,15.0,15.17578,15.58594,15.17578,15.46875,15.76172,16.52344,16.81641,16.52344,16.28906,0.123291,0.164795,0.12207,0.180664,0.140381,0.163574,0.148926,0.117188,0.133057,0.115967,0.108643
2018-05-01T06:40:00Z,260.15625,262.61719,264.72656,261.21094,258.39844,262.26563,266.83594,260.50781,264.375,264.02344,263.32031,264.02344,15.9375,12.42188,15.11719,14.76563,15.05859,14.88281,15.64453,15.9375,15.9375,15.35156,15.9375,15.87891,15.87891,0.118408,0.123291,0.130615,0.144043,0.131836,0.134277,0.124512,0.130615,0.085449,0.108643,0.113525
2018-05-01T06:50:00Z,259.10156,263.67188,261.91406,265.42969,265.07813,259.80469,265.78125,261.91406,262.96875,260.15625,265.07813,263.67188,15.35156,11.89453,14.23828,14.82422,14.47266,15.0,15.70313,15.29297,15.11719,14.94141,15.11719,15.23438,15.46875,0.134277,0.159912,0.15625,0.17334,0.119629,0.125732,0.145264,0.136719,0.131836,0.123291,0.118408
2018-05-01T07:00:00Z,256.99219,259.80469,258.04688,261.5625,258.75,258.39844,264.72656,257.34375,258.75,258.04688,265.42969,261.21094,15.82031,12.01172,15.23438,15.35156,15.11719,15.64453,15.87891,15.70313,15.29297,15.87891,15.70313,15.70313,15.64453,0.142822,0.140381,0.123291,0.12207,0.136719,0.133057,0.140381,0.12085,0.126953,0.133057,0.129395
2018-05-01T07:10:00Z,258.04688,263.32031,264.375,264.72656,263.67188,263.67188,266.13281,265.42969,259.10156,262.26563,267.1875,266.83594,15.05859,11.66016,13.94531,14.53125,14.41406,14.82422,14.53125,14.94141,14.76563,14.82422,14.76563,15.05859,15.11719,0.12085,0.144043,0.107422,0.130615,0.150146,0.126953,0.12207,0.142822,0.131836,0.131836,0.108643
2018-05-01T07:20:00Z,263.32031,268.59375,265.07813,266.48438,270.0,269.64844,268.59375,265.78125,272.10938,267.53906,268.24219,270.0,14.17969,11.25,13.53516,13.76953,14.29688,13.82813,14.47266,14.82422,14.64844,14.53125,14.76563,14.53125,14.53125,0.150146,0.146484,0.124512,0.136719,0.146484,0.113525,0.112305,0.140381,0.10498,0.169678,0.12207
2018-05-01T07:30:00Z,269.29688,274.21875,275.27344,276.32813,271.75781,268.94531,273.16406,274.21875,270.70313,270.0,266.83594,269.29688,13.71094,11.01563,13.59375,13.82813,14.23828,13.76953,14.00391,14.53125,14.47266,14.00391,13.59375,14.47266,14.64844,0.161133,0.13916,0.113525,0.123291,0.129395,0.126953,0.117188,0.113525,0.118408,0.12207,0.12085
2018-05-01T07:40:00Z,268.94531,271.75781,272.8125,278.08594,273.51563,274.57031,268.24219,271.05469,268.59375,269.64844,272.8125,270.0,13.88672,10.60547,13.47656,13.35938,13.59375,13.35938,13.76953,14.12109,13.94531,13.53516,13.71094,14.00391,14.41406,0.107422,0.12207,0.170898,0.166016,0.159912,0.140381,0.146484,0.108643,0.141602,0.124512,0.114746
2018-05-01T07:50:00Z,269.64844,273.86719,274.57031,273.86719,276.32813,270.35156,278.08594,274.92188,272.8125,273.86719,275.27344,272.10938,13.35938,10.01953,12.1875,12.48047,12.24609,12.77344,13.47656,13.125,12.94922,13.125,13.65234,13.30078,13.125,0.152588,0.133057,0.155029,0.161133,0.123291,0.124512,0.112305,0.167236,0.115967,0.137939,0.129395
2018-05-01T08:00:00Z,273.16406,272.10938,276.32813,270.35156,275.27344,274.57031,274.57031,277.38281,273.16406,270.35156,271.75781,269.29688,12.59766,9.43359,11.71875,11.83594,12.12891,12.01172,12.01172,12.53906,12.59766,12.53906,12.94922,12.89063,12.65625,0.150146,0.119629,0.142822,0.112305,0.145264,0.130615,0.145264,0.112305,0.096436,0.124512,0.126953
2018-05-01T08:10:00Z,271.05469,273.86719,275.27344,272.10938,267.1875,276.32813,273.16406,272.8125,278.78906,273.86719,275.97656,275.97656,12.30469,9.08203,11.71875,12.1875,12.1875,12.53906,12.53906,12.59766,12.65625,12.24609,12.24609,12.59766,12.59766,0.150146,0.126953,0.169678,0.134277,0.117188,0.146484,0.137939,0.118408,0.112305,0.129395,0.130615
2018-05-01T08:20:00Z,273.16406,282.65625,275.27344,286.875,281.95313,274.21875,279.14063,280.89844,279.84375,277.38281,275.625,275.97656,11.95313,9.14063,11.01563,11.54297,11.54297,11.89453,12.48047,12.59766,12.65625,11.83594,11.89453,12.1875,12.53906,0.133057,0.133057,0.100098,0.100098,0.117188,0.101318,0.12207,0.102539,0.134277,0.130615,0.102539
2018-05-01T08:30:00Z,274.92188,280.54688,279.14063,278.08594,280.19531,279.84375,279.49219,282.30469,278.78906,280.19531,282.65625,281.60156,11.83594,8.96484,11.36719,11.60156,11.30859,11.83594,11.66016,12.01172,11.77734,12.24609,11.95313,12.07031,12.1875,0.15625,0.131836,0.114746,0.128174,0.12207,0.136719,0.15625,0.136719,0.130615,0.114746,0.134277
2018-05-01T08:40:00Z,278.78906,277.38281,281.60156,277.73438,278.78906,281.25,278.08594,279.49219,277.73438,277.73438,275.97656,274.92188,11.19141,8.49609,11.07422,11.36719,11.01563,11.66016,11.71875,11.66016,11.07422,11.42578,11.48438,11.54297,11.77734,0.129395,0.136719,0.129395,0.109863,0.115967,0.119629,0.134277,0.155029,0.150146,0.129395,0.131836
2018-05-01T08:50:00Z,271.05469,274.92188,275.625,274.21875,275.625,273.16406,275.97656,275.97656,280.19531,281.60156,277.03125,275.97656,11.25,8.37891,10.89844,10.78125,11.13281,11.13281,11.36719,11.25,11.13281,11.66016,11.54297,11.30859,11.54297,0.135498,0.142822,0.10376,0.126953,0.109863,0.128174,0.124512,0.129395,0.091553,0.115967,0.108643
2018-05-01T09:00:00Z,269.64844,275.97656,279.84375,278.08594,276.32813,276.32813,279.14063,279.14063,275.625,275.625,279.84375,281.60156,11.25,8.49609,10.72266,10.78125,10.89844,11.01563,11.36719,11.01563,10.60547,10.78125,11.19141,11.30859,11.54297,0.119629,0.135498,0.10498,0.115967,0.119629,0.098877,0.146484,0.111084,0.101318,0.113525,0.133057
2018-05-01T09:10:00Z,270.70313,272.10938,272.46094,276.32813,278.08594,274.21875,274.92188,270.0,278.08594,277.03125,278.4375,278.4375,10.3125,8.20313,10.07813,10.60547,10.3125,10.48828,10.25391,10.37109,10.72266,11.19141,10.95703,10.78125,11.01563,0.126953,0.115967,0.136719,0.109863,0.12085,0.108643,0.10498,0.093994,0.098877,0.123291,0.107422
2018-05-01T09:20:00Z,270.35156,274.57031,273.16406,275.97656,276.32813,273.51563,270.70313,271.75781,268.59375,276.32813,271.05469,272.10938,10.66406,8.26172,10.25391,10.48828,10.54688,10.37109,10.60547,10.95703,10.89844,10.60547,10.3125,10.42969,10.83984,0.134277,0.130615,0.101318,0.117188,0.108643,0.141602,0.113525,0.125732,0.113525,0.144043,0.133057
2018-05-01T09:30:00Z,268.24219,270.70313,270.0,272.46094,270.70313,269.29688,271.40625,274.57031,274.92188,274.92188,274.21875,270.70313,10.48828,7.85156,9.84375,10.07813,10.07813,9.60938,9.66797,9.96094,10.13672,10.48828,10.3125,10.25391,10.07813,0.144043,0.125732,0.147705,0.177002,0.106201,0.12085,0.124512,0.137939,0.118408,0.109863,0.135498
2018-05-01T09:40:00Z,270.35156,277.73438,274.21875,280.89844,276.67969,273.86719,271.40625,276.32813,271.40625,269.29688,271.75781,273.86719,10.72266,8.20313,10.13672,10.3125,10.19531,10.37109,9.90234,10.25391,10.3125,10.07813,10.13672,10.42969,10.42969,0.129395,0.131836,0.117188,0.117188,0.135498,0.107422,0.124512,0.114746,0.128174,0.150146,0.109863
2018-05-01T09:50:00Z,268.59375,274.21875,276.32813,274.21875,278.4375,278.08594,276.32813,279.14063,276.67969,272.8125,272.10938,272.10938,10.42969,7.85156,10.07813,10.42969,10.19531,10.60547,10.60547,10.78125,10.48828,10.42969,10.54688,10.60547,10.72266,0.170898,0.126953,0.140381,0.117188,0.12085,0.129395,0.102539,0.147705,0.124512,0.130615,0.12085
2018-05-01T10:00:00Z,270.70313,274.92188,277.73438,277.03125,272.8125,277.03125,272.46094,272.46094,274.57031,275.625,273.51563,277.38281,10.60547,8.32031,10.66406,11.01563,10.54688,11.48438,10.83984,10.60547,11.19141,11.30859,11.01563,11.01563,11.13281,0.118408,0.109863,0.118408,0.145264,0.133057,0.140381,0.108643,0.102539,0.092773,0.101318,0.135498
2018-05-01T10:10:00Z,274.57031,278.78906,279.14063,278.78906,282.30469,280.89844,273.86719,275.97656,282.65625,276.32813,276.67969,280.19531,11.19141,8.49609,10.66406,10.89844,10.66406,11.01563,10.78125,11.07422,11.01563,11.07422,11.13281,11.25,10.83984,0.163574,0.137939,0.131836,0.131836,0.125732,0.126953,0.10498,0.10376,0.113525,0.108643,0.098877
2018-05-01T10:20:00Z,273.16406,270.70313,277.03125,277.03125,275.97656,276.32813,273.51563,275.27344,275.97656,275.97656,277.38281,280.19531,10.89844,8.55469,10.48828,10.54688,10.42969,10.42969,10.37109,10.78125,10.89844,10.89844,10.95703,11.07422,10.72266,0.140381,0.140381,0.126953,0.134277,0.136719,0.096436,0.113525,0.111084,0.106201,0.091553,0.119629
2018-05-01T10:30:00Z,268.59375,275.27344,279.49219,272.8125,277.73438,274.21875,273.16406,273.51563,273.51563,271.75781,270.35156,272.46094,11.42578,8.26172,10.19531,10.60547,10.60547,10.83984,11.19141,11.19141,11.19141,11.13281,11.42578,11.13281,11.13281,0.12207,0.098877,0.151367,0.12085,0.114746,0.112305,0.108643,0.117188,0.107422,0.115967,0.131836
2018-05-01T10:40:00Z,266.83594,268.24219,271.40625,271.75781,275.27344,274.92188,274.21875,270.70313,273.16406,268.24219,268.94531,271.75781,10.89844,8.67188,10.42969,10.89844,10.89844,10.95703,11.19141,11.30859,11.13281,10.89844,11.13281,11.30859,11.60156,0.148926,0.147705,0.128174,0.129395,0.129395,0.113525,0.107422,0.111084,0.108643,0.107422,0.097656
2018-05-01T10:50:00Z,264.02344,270.70313,269.29688,270.70313,268.59375,266.13281,265.42969,273.51563,274.21875,272.10938,272.46094,274.21875,10.95703,8.32031,10.37109,10.07813,10.37109,10.3125,10.19531,10.72266,10.60547,10.37109,10.54688,10.66406,10.48828,0.106201,0.155029,0.124512,0.162354,0.133057,0.12085,0.119629,0.10498,0.100098,0.119629,0.096436
2018-05-01T11:00:00Z,264.375,272.46094,272.10938,268.94531,270.70313,271.05469,268.24219,271.40625,271.40625,269.29688,272.10938,268.59375,10.60547,8.26172,10.07813,10.07813,10.3125,10.25391,10.37109,10.42969,10.42969,10.37109,10.42969,10.60547,10.72266,0.108643,0.096436,0.119629,0.12207,0.107422,0.089111,0.106201,0.096436,0.097656,0.098877,0.089111
2018-05-01T11:10:00Z,265.78125,271.40625,265.78125,269.29688,272.10938,269.29688,269.29688,262.96875,268.24219,265.42969,268.24219,271.05469,10.78125,7.96875,9.78516,10.19531,9.90234,10.13672,10.42969,10.66406,10.78125,10.48828,10.42969,10.60547,10.60547,0.170898,0.137939,0.128174,0.111084,0.108643,0.109863,0.101318,0.108643,0.135498,0.133057,0.133057
2018-05-01T11:20:00Z,261.91406,266.83594,265.42969,267.1875,265.78125,265.07813,260.85938,262.26563,264.375,262.26563,266.13281,264.02344,9.90234,7.79297,9.49219,9.375,9.66797,9.43359,9.66797,9.84375,9.96094,9.72656,9.78516,9.66797,9.96094,0.144043,0.137939,0.100098,0.117188,0.12085,0.113525,0.13916,0.140381,0.107422,0.137939,0.093994
2018-05-01T11:30:00Z,257.69531,261.21094,261.5625,258.04688,260.50781,261.91406,264.02344,260.85938,258.04688,263.32031,264.375,261.5625,9.78516,7.32422,8.84766,9.19922,9.19922,9.25781,9.43359,9.49219,9.31641,9.72656,9.90234,9.66797,9.84375,0.136719,0.140381,0.133057,0.111084,0.128174,0.113525,0.142822,0.131836,0.115967,0.102539,0.13916
2018-05-01T11:40:00Z,253.47656,259.80469,257.69531,258.04688,258.39844,260.50781,259.10156,258.39844,259.80469,262.61719,259.10156,258.39844,9.96094,7.26563,8.90625,9.08203,9.08203,9.375,9.14063,9.72656,10.19531,10.48828,9.78516,9.84375,10.01953,0.159912,0.136719,0.135498,0.136719,0.113525,0.128174,0.141602,0.115967,0.137939,0.153809,0.10498
2018-05-01T11:50:00Z,253.82813,254.53125,254.53125,258.39844,255.23438,253.125,254.53125,256.28906,256.28906,254.53125,255.23438,256.64063,9.55078,7.38281,9.19922,9.31641,9.31641,9.55078,9.72656,10.01953,10.01953,9.84375,9.72656,9.90234,9.60938,0.128174,0.133057,0.145264,0.135498,0.157471,0.115967,0.144043,0.106201,0.142822,0.119629,0.147705
2018-05-01T12:00:00Z,247.85156,251.71875,249.60938,251.36719,252.07031,249.96094,252.07031,248.55469,253.82813,253.82813,255.9375,252.77344,9.49219,7.5,9.55078,10.07813,9.43359,10.01953,9.96094,10.19531,10.37109,10.19531,10.37109,9.90234,10.19531,0.144043,0.124512,0.128174,0.12085,0.125732,0.117188,0.119629,0.158691,0.135498,0.137939,0.112305
2018-05-01T12:10:00Z,245.74219,246.79688,249.25781,246.09375,249.96094,246.09375,247.85156,247.85156,250.66406,244.6875,248.55469,248.90625,9.96094,7.44141,9.60938,9.60938,9.49219,9.66797,10.01953,10.3125,10.19531,9.96094,10.25391,10.48828,10.42969,0.131836,0.114746,0.109863,0.112305,0.137939,0.118408,0.124512,0.112305,0.162354,0.131836,0.115967
2018-05-01T12:20:00Z,239.41406,242.92969,239.76563,240.82031,247.14844,242.22656,245.03906,243.28125,241.875,245.03906,245.74219,246.79688,10.42969,7.44141,9.72656,9.90234,9.96094,9.84375,9.96094,10.13672,10.37109,10.48828,10.54688,10.54688,10.37109,0.140381,0.136719,0.151367,0.147705,0.153809,0.118408,0.142822,0.124512,0.128174,0.115967,0.108643
2018-05-01T12:30:00Z,237.30469,237.30469,236.60156,238.71094,240.46875,233.4375,239.0625,236.95313,238.35938,236.25,239.41406,241.52344,9.78516,7.61719,9.72656,9.96094,9.96094,10.13672,10.66406,10.54688,10.42969,10.54688,10.48828,10.95703,10.72266,0.130615,0.151367,0.153809,0.112305,0.117188,0.117188,0.089111,0.113525,0.124512,0.10498,0.150146
2018-05-01T12:40:00Z,234.49219,236.95313,233.78906,234.84375,234.14063,239.41406,236.60156,236.95313,238.00781,234.84375,235.19531,238.00781,10.07813,7.61719,9.60938,9.90234,9.78516,10.01953,10.25391,9.90234,10.13672,9.90234,10.42969,10.25391,10.01953,0.135498,0.12207,0.13916,0.10376,0.125732,0.107422,0.130615,0.161133,0.129395,0.126953,0.124512
2018-05-01T12:50:00Z,230.27344,232.03125,232.38281,229.92188,227.8125,232.73438,228.16406,229.21875,232.73438,234.84375,232.38281,233.4375,10.37109,8.02734,9.49219,9.43359,9.49219,9.84375,9.60938,9.96094,10.42969,10.54688,10.37109,10.13672,9.96094,0.133057,0.169678,0.129395,0.148926,0.157471,0.151367,0.107422,0.131836,0.102539,0.123291,0.117188
2018-05-01T13:00:00Z,228.16406,227.8125,233.08594,230.625,236.25,234.84375,231.32813,230.625,229.57031,230.97656,234.49219,234.84375,10.13672,8.14453,10.37109,10.48828,10.01953,10.60547,10.54688,10.19531,10.13672,10.48828,10.54688,10.37109,9.78516,0.136719,0.131836,0.161133,0.140381,0.130615,0.12207,0.129395,0.141602,0.126953,0.167236,0.142822
2018-05-01T13:10:00Z,226.75781,228.16406,230.27344,225.70313,227.10938,230.625,229.57031,233.08594,229.21875,227.8125,229.57031,231.32813,10.07813,7.85156,9.90234,9.96094,9.72656,10.42969,10.01953,10.13672,9.84375,10.07813,10.13672,10.19531,10.07813,0.141602,0.130615,0.151367,0.136719,0.129395,0.136719,0.12207,0.133057,0.150146,0.158691,0.12207
2018-05-01T13:20:00Z,225.0,225.70313,229.21875,226.40625,228.51563,228.16406,228.86719,227.8125,227.8125,228.86719,226.75781,225.35156,10.37109,8.08594,9.43359,10.07813,9.72656,10.25391,10.13672,10.19531,10.13672,9.96094,10.01953,10.13672,10.66406,0.095215,0.126953,0.130615,0.124512,0.124512,0.128174,0.112305,0.125732,0.119629,0.109863,0.114746
2018-05-01T13:30:00Z,222.89063,227.46094,226.40625,230.97656,224.64844,222.89063,229.57031,228.16406,229.21875,230.27344,226.75781,228.51563,10.42969,8.20313,9.49219,9.55078,10.3125,9.72656,10.89844,10.78125,10.66406,10.42969,10.48828,10.66406,11.01563,0.177002,0.15625,0.145264,0.150146,0.150146,0.137939,0.100098,0.145264,0.126953,0.106201,0.108643
2018-05-01T13:40:00Z,222.89063,226.05469,230.97656,227.10938,227.10938,227.8125,229.57031,227.46094,227.10938,229.21875,230.27344,227.10938,10.48828,8.4375,9.66797,9.78516,9.49219,10.01953,10.37109,10.54688,10.72266,10.89844,11.01563,11.07422,10.66406,0.10376,0.100098,0.12207,0.129395,0.141602,0.117188,0.12207,0.130615,0.10498,0.126953,0.12207
2018-05-01T13:50:00Z,223.59375,225.35156,228.86719,227.10938,227.10938,225.70313,227.46094,226.75781,225.35156,228.16406,227.46094,229.21875,10.25391,8.26172,9.43359,9.66797,9.49219,10.19531,10.19531,10.19531,10.37109,10.54688,10.72266,10.83984,11.25,0.150146,0.141602,0.118408,0.13916,0.159912,0.13916,0.131836,0.123291,0.112305,0.123291,0.133057
2018-05-01T14:00:00Z,223.24219,227.8125,230.27344,226.75781,227.8125,226.05469,225.70313,224.64844,229.57031,226.05469,223.94531,226.75781,10.19531,8.32031,9.84375,9.90234,10.13672,10.01953,10.66406,11.01563,10.78125,10.66406,10.83984,11.48438,11.36719,0.123291,0.117188,0.12207,0.153809,0.137939,0.095215,0.096436,0.117188,0.123291,0.108643,0.131836
2018-05-01T14:10:00Z,223.59375,227.10938,227.10938,225.70313,229.92188,229.92188,225.0,228.16406,231.67969,231.67969,228.86719,226.40625,10.78125,8.55469,10.42969,10.01953,10.42969,10.42969,10.83984,10.95703,11.13281,11.07422,10.72266,10.83984,11.13281,0.146484,0.137939,0.113525,0.113525,0.123291,0.10376,0.140381,0.093994,0.096436,0.131836,0.114746
2018-05-01T14:20:00Z,225.0,228.51563,227.46094,227.46094,228.86719,226.75781,230.27344,228.16406,227.46094,228.51563,230.625,228.16406,10.72266,8.84766,10.25391,10.48828,10.42969,10.01953,10.60547,10.54688,10.60547,11.07422,11.30859,11.13281,10.72266,0.115967,0.113525,0.092773,0.118408,0.113525,0.115967,0.101318,0.083008,0.100098,0.081787,0.092773
2018-05-01T14:30:00Z,222.1875,225.70313,227.10938,226.40625,227.10938,224.64844,228.16406,230.97656,226.75781,227.8125,229.21875,230.625,10.66406,8.4375,9.78516,10.07813,9.96094,10.19531,10.48828,10.48828,10.66406,10.72266,10.95703,11.01563,11.30859,0.102539,0.109863,0.097656,0.089111,0.093994,0.080566,0.074463,0.096436,0.123291,0.102539,0.098877
2018-05-01T14:40:00Z,224.29688,229.92188,227.46094,229.21875,230.625,227.8125,230.27344,232.03125,228.86719,230.27344,228.86719,228.86719,10.78125,8.49609,10.01953,10.3125,10.13672,10.37109,10.42969,10.48828,10.72266,10.48828,10.72266,10.83984,11.01563,0.092773,0.08667,0.084229,0.091553,0.095215,0.118408,0.095215,0.097656,0.068359,0.06958,0.096436
2018-05-01T14:50:00Z,226.05469,230.97656,226.05469,232.73438,232.73438,235.89844,230.97656,231.67969,230.625,230.625,231.32813,235.19531,10.72266,8.78906,10.07813,10.54688,10.3125,10.72266,10.95703,11.25,11.25,11.30859,11.54297,11.48438,11.36719,0.112305,0.119629,0.107422,0.089111,0.091553,0.075684,0.083008,0.078125,0.08667,0.076904,0.078125
2018-05-01T15:00:00Z,226.40625,233.08594,234.49219,230.625,230.625,231.32813,232.38281,238.35938,233.08594,232.73438,234.14063,232.38281,10.60547,8.55469,10.01953,10.01953,10.19531,10.19531,10.60547,10.83984,10.60547,10.72266,11.01563,11.07422,11.25,0.085449,0.084229,0.06958,0.075684,0.074463,0.068359,0.090332,0.074463,0.054932,0.083008,0.113525
2018-05-01T15:10:00Z,227.8125,231.67969,230.625,234.14063,234.14063,230.27344,232.03125,233.4375,233.78906,237.65625,233.78906,234.49219,10.48828,8.55469,9.78516,9.84375,9.78516,10.01953,10.13672,10.19531,10.19531,10.37109,10.48828,10.48828,10.78125,0.113525,0.114746,0.091553,0.065918,0.080566,0.078125,0.092773,0.074463,0.084229,0.084229,0.091553
2018-05-01T15:20:00Z,228.51563,235.19531,229.92188,231.32813,232.38281,229.57031,233.4375,230.625,232.73438,236.95313,234.14063,232.73438,9.90234,8.32031,9.49219,9.49219,9.25781,9.90234,9.84375,10.13672,9.96094,10.25391,10.48828,10.60547,10.48828,0.089111,0.085449,0.106201,0.113525,0.097656,0.092773,0.119629,0.10376,0.081787,0.090332,0.085449
2018-05-01T15:30:00Z,224.29688,229.21875,224.29688,226.40625,228.16406,226.40625,225.0,228.86719,231.67969,227.10938,226.75781,228.51563,10.25391,8.08594,9.49219,9.66797,9.55078,10.01953,10.07813,10.37109,10.3125,10.13672,10.42969,10.60547,10.54688,0.096436,0.091553,0.101318,0.106201,0.081787,0.085449,0.090332,0.095215,0.08667,0.097656,0.083008
2018-05-01T15:40:00Z,218.67188,220.78125,222.53906,221.48438,222.89063,221.83594,224.64844,223.59375,229.21875,224.29688,226.05469,228.16406,9.84375,8.08594,9.43359,9.84375,9.49219,9.78516,9.96094,10.01953,10.25391,10.54688,10.54688,10.54688,10.66406,0.087891,0.076904,0.076904,0.085449,0.098877,0.073242,0.067139,0.067139,0.078125,0.070801,0.074463
2018-05-01T15:50:00Z,218.32031,223.94531,224.29688,223.94531,219.375,222.89063,225.70313,228.16406,225.70313,226.40625,231.32813,227.8125,10.07813,8.08594,8.84766,8.84766,9.14063,9.25781,9.55078,9.84375,9.84375,10.13672,10.19531,10.07813,10.48828,0.089111,0.13916,0.090332,0.093994,0.080566,0.090332,0.090332,0.093994,0.092773,0.078125,0.083008
2018-05-01T16:00:00Z,218.67188,219.72656,225.35156,218.67188,223.24219,226.75781,223.59375,223.59375,226.75781,228.51563,229.21875,226.75781,9.25781,7.44141,8.37891,8.49609,8.67188,8.84766,9.25781,9.375,9.60938,9.90234,9.96094,10.01953,10.42969,0.112305,0.097656,0.107422,0.078125,0.113525,0.10376,0.075684,0.090332,0.076904,0.096436,0.075684
2018-05-01T16:10:00Z,216.5625,221.48438,220.07813,219.02344,223.59375,221.83594,224.29688,224.29688,227.10938,228.16406,229.21875,228.16406,9.14063,6.91406,7.32422,7.5,7.67578,7.96875,8.26172,8.32031,9.19922,9.31641,9.49219,9.19922,9.43359,0.128174,0.108643,0.125732,0.115967,0.089111,0.087891,0.100098,0.078125,0.090332,0.109863,0.10498
2018-05-01T16:20:00Z,214.10156,216.91406,216.21094,215.85938,219.375,222.89063,221.48438,226.40625,226.05469,225.0,227.10938,228.86719,7.73438,5.91797,6.50391,6.62109,6.79688,7.14844,7.32422,7.67578,8.02734,8.26172,8.32031,8.32031,8.55469,0.080566,0.109863,0.085449,0.114746,0.142822,0.093994,0.090332,0.129395,0.115967,0.096436,0.075684
2018-05-01T16:30:00Z,210.58594,214.10156,214.10156,211.28906,215.50781,216.21094,217.26563,223.59375,224.29688,225.35156,226.05469,228.16406,6.97266,5.68359,6.5625,6.5625,6.62109,6.97266,7.20703,7.79297,7.96875,8.14453,8.4375,8.55469,8.55469,0.109863,0.090332,0.12207,0.10376,0.083008,0.095215,0.08667,0.081787,0.093994,0.097656,0.111084
2018-05-01T16:40:00Z,208.125,214.10156,214.10156,216.21094,213.04688,217.61719,215.85938,218.32031,220.07813,220.42969,219.72656,223.59375,6.85547,5.74219,6.44531,6.67969,6.85547,7.08984,7.5,7.67578,7.79297,7.96875,8.14453,8.32031,8.61328,0.106201,0.12207,0.112305,0.091553,0.065918,0.097656,0.101318,0.078125,0.092773,0.074463,0.081787
2018-05-01T16:50:00Z,206.36719,207.77344,209.53125,210.9375,213.75,211.64063,214.10156,214.10156,217.26563,216.21094,219.375,219.375,6.91406,5.50781,6.26953,6.50391,6.50391,6.67969,6.85547,7.20703,7.44141,7.61719,7.91016,8.14453,8.08594,0.126953,0.109863,0.112305,0.112305,0.087891,0.123291,0.089111,0.095215,0.081787,0.100098,0.10376
2018-05-01T17:00:00Z,201.79688,203.90625,203.55469,203.20313,207.07031,206.36719,206.71875,210.23438,209.17969,211.64063,212.69531,217.26563,6.91406,5.56641,6.09375,6.32813,6.21094,6.5625,6.67969,7.08984,7.32422,7.44141,7.79297,7.91016,8.08594,0.130615,0.102539,0.084229,0.083008,0.090332,0.076904,0.101318,0.081787,0.085449,0.083008,0.095215
2018-05-01T17:10:00Z,196.17188,202.85156,202.5,201.44531,203.55469,204.60938,206.36719,209.17969,210.9375,214.10156,215.15625,213.39844,7.03125,5.50781,6.15234,6.21094,6.38672,6.50391,6.73828,7.08984,7.14844,7.55859,7.91016,7.79297,8.02734,0.093994,0.128174,0.095215,0.123291,0.12085,0.090332,0.081787,0.090332,0.079346,0.070801,0.10376
2018-05-01T17:20:00Z,192.65625,195.11719,197.92969,197.22656,196.875,202.85156,207.07031,207.07031,208.47656,212.34375,216.5625,216.5625,6.73828,5.15625,6.15234,6.21094,6.15234,6.62109,6.79688,7.26563,7.55859,7.85156,7.85156,7.91016,7.91016,0.072021,0.109863,0.117188,0.090332,0.100098,0.109863,0.101318,0.089111,0.075684,0.107422,0.084229
2018-05-01T17:30:00Z,190.54688,196.875,198.28125,195.46875,196.875,202.85156,206.01563,206.36719,207.42188,209.53125,210.9375,213.39844,6.79688,5.27344,6.38672,6.50391,6.38672,6.91406,7.20703,7.5,7.5,7.96875,7.85156,8.26172,8.26172,0.087891,0.12207,0.102539,0.090332,0.092773,0.111084,0.101318,0.100098,0.095215,0.092773,0.096436
2018-05-01T17:40:00Z,189.14063,194.41406,194.0625,193.00781,196.52344,200.39063,201.79688,202.85156,203.90625,207.77344,208.125,212.69531,6.91406,5.68359,6.5625,6.73828,6.67969,7.14844,7.44141,7.73438,7.96875,8.08594,8.26172,8.37891,8.32031,0.117188,0.089111,0.098877,0.098877,0.08667,0.124512,0.114746,0.10498,0.092773,0.090332,0.114746
2018-05-01T17:50:00Z,189.14063,193.71094,195.11719,193.35938,196.52344,200.03906,201.79688,202.14844,206.71875,206.71875,209.17969,211.64063,7.08984,5.625,6.67969,7.08984,6.67969,7.38281,7.79297,7.91016,8.02734,8.14453,8.26172,8.49609,8.49609,0.092773,0.101318,0.095215,0.10376,0.091553,0.073242,0.074463,0.072021,0.08667,0.093994,0.072021
2018-05-01T18:00:00Z,191.25,196.52344,195.11719,197.22656,198.63281,200.39063,203.20313,201.44531,206.71875,208.125,210.9375,213.39844,7.14844,5.68359,6.73828,7.03125,6.97266,7.55859,7.91016,7.91016,8.26172,8.49609,8.32031,8.55469,8.4375,0.083008,0.08667,0.102539,0.091553,0.087891,0.073242,0.083008,0.070801,0.087891,0.080566,0.100098
2018-05-01T18:10:00Z,189.49219,194.76563,194.0625,193.71094,194.41406,199.6875,202.14844,202.14844,204.60938,206.36719,207.77344,210.23438,7.5,5.80078,6.67969,7.20703,6.85547,7.73438,8.02734,8.02734,8.08594,8.20313,8.61328,8.61328,8.32031,0.098877,0.097656,0.102539,0.083008,0.098877,0.096436,0.101318,0.108643,0.078125,0.084229,0.08667
2018-05-01T18:20:00Z,190.19531,194.41406,196.52344,196.875,199.6875,201.44531,203.20313,207.07031,205.3125,206.36719,210.23438,211.28906,7.14844,5.74219,6.73828,7.20703,7.14844,7.67578,8.14453,8.20313,8.37891,8.37891,8.73047,8.49609,8.55469,0.131836,0.073242,0.108643,0.106201,0.10376,0.128174,0.124512,0.079346,0.113525,0.114746,0.093994
2018-05-01T18:30:00Z,191.25,196.17188,196.52344,197.92969,198.28125,202.14844,204.25781,203.90625,203.55469,206.01563,203.90625,206.71875,7.03125,5.80078,6.91406,7.32422,7.03125,8.02734,8.32031,8.49609,8.61328,8.67188,8.84766,8.61328,8.96484,0.111084,0.10498,0.113525,0.097656,0.112305,0.107422,0.106201,0.101318,0.093994,0.079346,0.107422
2018-05-01T18:40:00Z,190.54688,194.0625,194.76563,197.92969,198.28125,201.09375,202.14844,203.20313,206.01563,205.66406,207.42188,208.47656,7.38281,6.03516,6.97266,7.67578,7.5,7.79297,8.32031,8.49609,8.90625,9.25781,9.55078,9.55078,9.375,0.101318,0.085449,0.085449,0.115967,0.095215,0.115967,0.107422,0.107422,0.087891,0.101318,0.092773
2018-05-01T18:50:00Z,191.60156,196.52344,195.46875,195.82031,197.92969,198.98438,202.85156,204.96094,205.66406,204.25781,204.96094,206.71875,7.32422,6.15234,7.08984,7.38281,7.26563,7.79297,8.4375,8.90625,8.96484,8.78906,8.90625,9.375,9.31641,0.115967,0.115967,0.113525,0.108643,0.118408,0.073242,0.092773,0.098877,0.10498,0.112305,0.090332
2018-05-01T19:00:00Z,187.38281,193.35938,190.89844,191.25,188.78906,193.71094,193.00781,196.17188,196.875,196.17188,198.28125,197.22656,7.32422,5.97656,6.91406,7.14844,7.38281,7.73438,8.32031,8.96484,8.96484,9.19922,9.08203,8.78906,8.84766,0.101318,0.119629,0.12207,0.109863,0.141602,0.087891,0.10498,0.118408,0.111084,0.113525,0.107422
2018-05-01T19:10:00Z,186.32813,193.71094,195.11719,196.17188,197.92969,200.74219,199.6875,203.55469,202.85156,201.09375,206.01563,206.01563,8.08594,6.26953,7.73438,8.08594,7.91016,8.73047,9.14063,9.78516,9.96094,9.96094,10.37109,10.66406,10.89844,0.140381,0.155029,0.123291,0.118408,0.136719,0.098877,0.114746,0.109863,0.140381,0.128174,0.114746
2018-05-01T19:20:00Z,198.28125,203.90625,201.09375,204.25781,206.01563,210.23438,207.77344,206.71875,208.47656,207.77344,209.17969,212.34375,8.55469,6.97266,8.14453,8.84766,8.37891,9.78516,10.13672,10.37109,10.42969,10.72266,11.07422,11.19141,10.89844,0.150146,0.119629,0.101318,0.114746,0.10376,0.107422,0.095215,0.073242,0.10498,0.101318,0.100098
2018-05-01T19:30:00Z,203.20313,208.47656,207.77344,207.42188,207.42188,205.66406,209.53125,210.23438,211.99219,210.58594,212.69531,210.9375,8.61328,7.03125,8.37891,8.61328,8.78906,9.14063,9.84375,10.19531,10.42969,10.54688,10.72266,10.95703,11.25,0.133057,0.097656,0.131836,0.119629,0.091553,0.10376,0.108643,0.125732,0.12085,0.147705,0.126953
2018-05-01T19:40:00Z,203.55469,206.71875,206.36719,206.71875,206.01563,210.23438,209.53125,209.88281,209.88281,209.53125,208.82813,211.28906,8.90625,7.26563,8.37891,8.90625,8.73047,9.43359,10.01953,10.13672,10.3125,10.37109,10.83984,11.01563,10.95703,0.174561,0.123291,0.123291,0.13916,0.118408,0.12085,0.128174,0.157471,0.12207,0.136719,0.146484
2018-05-01T19:50:00Z,200.03906,202.5,204.96094,201.79688,204.60938,204.96094,206.71875,204.96094,207.07031,207.42188,208.125,208.125,8.67188,7.14844,8.55469,8.96484,8.84766,9.43359,10.07813,9.90234,10.19531,10.37109,10.72266,10.89844,10.95703,0.142822,0.134277,0.113525,0.119629,0.111084,0.118408,0.115967,0.129395,0.081787,0.078125,0.129395
2018-05-01T20:00:00Z,203.20313,206.71875,207.07031,209.88281,207.07031,207.07031,211.28906,212.34375,211.28906,213.04688,213.75,216.21094,8.73047,6.97266,8.26172,8.61328,8.49609,9.14063,9.96094,10.19531,10.25391,10.48828,10.95703,11.07422,10.95703,0.166016,0.101318,0.148926,0.131836,0.10498,0.119629,0.126953,0.117188,0.134277,0.112305,0.118408
2018-05-01T20:10:00Z,201.79688,205.66406,204.60938,203.20313,205.3125,206.71875,204.60938,206.36719,210.9375,210.9375,213.04688,213.04688,8.84766,6.91406,8.67188,8.73047,8.78906,8.96484,9.02344,9.66797,10.01953,10.72266,10.42969,10.60547,10.48828,0.108643,0.098877,0.145264,0.118408,0.10498,0.113525,0.10498,0.089111,0.124512,0.112305,0.113525
2018-05-01T20:20:00Z,199.33594,203.55469,200.39063,201.09375,202.85156,205.66406,208.47656,208.82813,210.58594,211.64063,214.80469,213.04688,8.67188,6.62109,8.32031,8.32031,8.4375,8.96484,9.14063,9.60938,9.90234,10.01953,10.54688,10.72266,10.78125,0.137939,0.146484,0.128174,0.102539,0.137939,0.096436,0.090332,0.136719,0.10498,0.107422,0.093994
2018-05-01T20:30:00Z,197.92969,202.5,201.79688,203.20313,204.96094,206.36719,210.58594,209.17969,206.01563,211.64063,213.39844,213.04688,7.85156,6.32813,8.20313,8.55469,8.32031,8.84766,9.60938,9.55078,9.84375,9.72656,10.19531,10.66406,10.95703,0.10376,0.089111,0.119629,0.100098,0.095215,0.124512,0.12085,0.12207,0.113525,0.097656,0.113525
2018-05-01T20:40:00Z,201.79688,209.88281,207.42188,208.125,210.23438,212.34375,215.50781,216.21094,218.32031,217.96875,218.67188,219.02344,7.85156,6.32813,7.91016,8.26172,8.14453,9.08203,9.43359,9.90234,10.25391,10.3125,10.3125,10.72266,11.13281,0.108643,0.089111,0.111084,0.081787,0.076904,0.072021,0.096436,0.107422,0.114746,0.10498,0.111084
2018-05-01T20:50:00Z,204.60938,209.17969,208.47656,207.77344,211.28906,213.04688,217.26563,217.61719,213.39844,217.26563,216.5625,220.42969,8.32031,6.44531,8.08594,8.49609,8.4375,9.08203,9.60938,9.96094,10.07813,10.19531,10.48828,11.19141,11.25,0.117188,0.098877,0.087891,0.075684,0.081787,0.075684,0.084229,0.092773,0.106201,0.101318,0.085449
2018-05-01T21:00:00Z,204.25781,209.17969,207.77344,208.47656,211.28906,214.10156,216.5625,216.5625,215.85938,221.83594,220.07813,220.78125,8.26172,6.44531,8.02734,8.49609,8.4375,9.25781,9.84375,10.07813,10.07813,10.60547,10.89844,11.01563,11.42578,0.113525,0.10376,0.134277,0.091553,0.111084,0.101318,0.102539,0.089111,0.075684,0.084229,0.081787
2018-05-01T21:10:00Z,204.96094,208.82813,209.53125,210.58594,211.28906,213.39844,214.45313,217.96875,215.85938,216.5625,220.78125,220.78125,8.61328,6.67969,8.20313,8.55469,8.67188,9.14063,9.55078,9.90234,10.13672,10.37109,11.13281,11.36719,11.30859,0.126953,0.114746,0.107422,0.083008,0.090332,0.100098,0.085449,0.093994,0.085449,0.097656,0.098877
2018-05-01T21:20:00Z,203.20313,209.53125,207.42188,211.64063,212.34375,212.34375,213.75,214.45313,215.85938,217.26563,219.72656,222.1875,8.20313,6.44531,8.02734,8.37891,8.37891,8.78906,9.08203,9.31641,9.66797,10.07813,10.48828,10.83984,11.01563,0.102539,0.124512,0.134277,0.114746,0.115967,0.081787,0.10498,0.089111,0.075684,0.064697,0.079346
2018-05-01T21:30:00Z,200.03906,203.90625,205.3125,204.60938,208.47656,211.28906,215.15625,215.50781,216.21094,220.07813,220.07813,219.375,7.67578,6.09375,7.55859,7.96875,7.91016,8.61328,9.02344,9.14063,9.43359,9.72656,10.19531,10.54688,10.83984,0.124512,0.085449,0.091553,0.074463,0.100098,0.091553,0.076904,0.114746,0.095215,0.084229,0.076904
2018-05-01T21:40:00Z,198.98438,206.01563,208.125,208.82813,209.53125,210.58594,211.64063,215.50781,217.26563,216.5625,221.83594,221.83594,7.03125,5.625,7.32422,7.67578,7.85156,8.08594,8.78906,9.375,9.78516,10.07813,10.3125,10.48828,10.78125,0.101318,0.107422,0.084229,0.108643,0.111084,0.089111,0.085449,0.068359,0.081787,0.101318,0.093994
2018-05-01T21:50:00Z,202.85156,210.23438,212.69531,209.53125,213.75,216.5625,218.67188,216.91406,220.07813,222.1875,222.1875,223.59375,7.85156,6.03516,8.02734,8.20313,8.08594,8.84766,9.19922,9.60938,9.96094,10.3125,10.78125,11.19141,11.25,0.10498,0.113525,0.118408,0.098877,0.109863,0.083008,0.10498,0.101318,0.078125,0.095215,0.109863
2018-05-01T22:00:00Z,207.77344,212.69531,212.69531,214.45313,215.50781,217.61719,218.67188,218.67188,220.78125,222.53906,223.24219,225.0,7.5,6.03516,7.79297,8.26172,8.14453,9.14063,9.55078,9.96094,10.48828,11.01563,11.48438,11.77734,11.60156,0.089111,0.090332,0.101318,0.079346,0.079346,0.091553,0.080566,0.074463,0.06958,0.073242,0.081787
2018-05-01T22:10:00Z,209.17969,215.50781,215.15625,213.39844,215.15625,217.61719,218.32031,218.32031,221.48438,221.48438,223.24219,223.24219,7.61719,6.26953,8.20313,8.67188,8.67188,9.49219,10.07813,10.25391,10.72266,11.19141,11.60156,11.83594,12.01172,0.101318,0.100098,0.070801,0.085449,0.090332,0.098877,0.081787,0.073242,0.089111,0.080566,0.081787
2018-05-01T22:20:00Z,208.125,208.125,210.23438,210.9375,213.39844,213.39844,215.50781,214.45313,217.26563,218.32031,221.13281,220.42969,7.44141,6.09375,7.85156,8.20313,8.26172,8.90625,9.49219,9.78516,10.37109,10.66406,11.19141,11.48438,11.83594,0.10376,0.12085,0.113525,0.087891,0.083008,0.087891,0.075684,0.084229,0.096436,0.08667,0.087891
2018-05-01T22:30:00Z,199.6875,203.20313,203.20313,203.20313,203.20313,207.77344,207.42188,211.28906,212.34375,214.10156,214.45313,216.91406,7.5,5.97656,7.79297,8.08594,7.96875,8.49609,9.08203,9.72656,10.07813,10.37109,10.83984,11.07422,11.54297,0.10376,0.097656,0.125732,0.111084,0.118408,0.092773,0.092773,0.096436,0.100098,0.091553,0.090332
2018-05-01T22:40:00Z,196.52344,200.74219,202.5,202.85156,206.71875,204.60938,204.60938,209.17969,209.53125,211.28906,215.50781,214.45313,7.55859,6.03516,7.96875,8.14453,8.14453,8.61328,9.14063,9.78516,10.19531,10.72266,11.19141,11.48438,11.54297,0.114746,0.12207,0.092773,0.098877,0.109863,0.072021,0.091553,0.067139,0.074463,0.067139,0.067139
2018-05-01T22:50:00Z,196.17188,202.5,202.14844,204.25781,202.85156,205.66406,207.77344,209.53125,211.28906,214.80469,215.85938,214.45313,7.91016,6.21094,8.08594,8.73047,8.61328,9.375,10.01953,10.42969,10.95703,11.36719,11.60156,11.54297,11.89453,0.118408,0.10498,0.129395,0.078125,0.114746,0.096436,0.093994,0.078125,0.080566,0.073242,0.064697
2018-05-01T23:00:00Z,198.63281,205.3125,205.66406,204.25781,208.125,209.17969,210.23438,210.58594,210.58594,212.34375,215.50781,214.80469,8.08594,6.38672,8.37891,8.90625,8.78906,9.43359,9.84375,10.48828,10.89844,11.36719,11.66016,11.95313,11.89453,0.10376,0.101318,0.100098,0.113525,0.089111,0.10376,0.100098,0.091553,0.092773,0.089111,0.095215
2018-05-01T23:10:00Z,198.63281,200.39063,204.25781,201.09375,203.55469,208.47656,210.58594,209.17969,212.34375,213.75,215.15625,215.50781,8.37891,6.67969,8.4375,8.78906,8.55469,9.66797,10.25391,10.72266,11.25,11.71875,12.12891,11.89453,12.12891,0.112305,0.10498,0.091553,0.12207,0.089111,0.085449,0.08667,0.092773,0.062256,0.096436,0.12085
2018-05-01T23:20:00Z,199.33594,205.3125,206.36719,205.66406,207.07031,209.53125,208.47656,210.23438,207.77344,210.23438,207.77344,212.69531,8.55469,6.62109,8.4375,8.90625,9.19922,9.66797,10.25391,10.66406,10.78125,11.25,11.48438,11.83594,12.01172,0.108643,0.097656,0.070801,0.08667,0.097656,0.098877,0.115967,0.089111,0.080566,0.106201,0.06958
2018-05-01T23:30:00Z,196.52344,197.57813,198.98438,197.57813,196.52344,198.28125,201.79688,199.6875,200.03906,204.25781,204.60938,203.20313,8.14453,6.62109,8.78906,9.43359,9.55078,9.84375,10.25391,10.48828,10.89844,11.36719,11.48438,11.36719,11.42578,0.081787,0.117188,0.083008,0.12085,0.111084,0.111084,0.092773,0.091553,0.076904,0.06958,0.084229
2018-05-01T23:40:00Z,189.49219,194.76563,192.65625,195.82031,194.0625,200.74219,196.875,199.6875,202.5,207.42188,204.60938,204.25781,9.14063,7.32422,9.14063,9.49219,9.25781,10.07813,10.66406,11.07422,11.66016,11.77734,12.01172,11.89453,12.1875,0.093994,0.112305,0.151367,0.112305,0.089111,0.078125,0.106201,0.091553,0.096436,0.089111,0.10498
2018-05-01T23:50:00Z,193.00781,199.6875,198.28125,199.6875,203.90625,202.5,200.39063,203.20313,205.3125,206.36719,207.77344,208.47656,9.19922,7.32422,9.43359,9.66797,9.66797,10.3125,10.37109,11.13281,11.77734,12.24609,12.12891,11.89453,11.83594,0.119629,0.128174,0.101318,0.124512,0.133057,0.128174,0.085449,0.074463,0.080566,0.092773,0.109863