LOCATION: 
SYSTEM SERIAL: HKZA
TIMESTAMP (ISO-8601) UTC,WindDir004m deg,WindDir030m deg,WindDir040m deg,WindDir040m_ref deg,WindDir060m deg,WindDir080m deg,WindDir100m deg,WindDir120m deg,WindDir140m deg,WindDir160m deg,WindDir180m deg,WindDir200m deg,WindGust004m m/s,WindSpeed004m m/s,WindSpeed030mh m/s,WindSpeed040mh m/s,WindSpeed040m_refh m/s,WindSpeed060mh m/s,WindSpeed080mh m/s,WindSpeed100mh m/s,WindSpeed120mh m/s,WindSpeed140mh m/s,WindSpeed160mh m/s,WindSpeed180mh m/s,WindSpeed200mh m/s,TI 030m,TI 040m,TI 040m ref,TI 060m,TI 080m,TI 100m,TI 120m,TI 140m,TI 160m,TI 180m,TI 200m
2018-05-23T00:00:00Z,4.57031,8.78906,12.65625,14.41406,13.00781,19.6875,22.5,26.01563,30.9375,30.58594,30.58594,29.53125,8.08594,6.5625,8.73047,8.96484,9.14063,10.01953,10.78125,10.60547,10.48828,11.13281,10.54688,11.01563,10.37109,0.123291,0.146484,0.10376,0.101318,0.115967,0.131836,0.147705,0.097656,0.153809,0.126953,0.097656
2018-05-23T00:10:00Z,7.38281,5.27344,11.95313,10.89844,12.65625,21.09375,24.96094,29.17969,24.60938,27.42188,29.17969,31.28906,8.55469,6.62109,8.61328,9.31641,8.96484,10.01953,10.60547,10.54688,10.19531,10.54688,10.78125,10.37109,10.3125,0.126953,0.113525,0.125732,0.125732,0.128174,0.115967,0.200195,0.181885,0.157471,0.218506,0.201416
2018-05-23T00:20:00Z,4.92188,10.54688,11.60156,11.60156,9.14063,14.76563,17.57813,25.66406,27.42188,29.17969,30.23438,28.125,7.96875,6.5625,8.67188,9.02344,8.90625,9.78516,10.07813,10.78125,10.89844,11.13281,11.25,11.01563,10.66406,0.13916,0.092773,0.141602,0.117188,0.117188,0.112305,0.137939,0.144043,0.135498,0.151367,0.202637
2018-05-23T00:30:00Z,4.92188,17.57813,15.46875,17.57813,16.17188,18.63281,22.14844,28.125,31.28906,29.53125,29.17969,29.53125,7.73438,6.5625,8.20313,8.67188,8.78906,9.55078,10.25391,10.95703,11.19141,11.01563,10.83984,10.78125,11.19141,0.115967,0.123291,0.08667,0.081787,0.113525,0.091553,0.114746,0.136719,0.162354,0.169678,0.172119
2018-05-23T00:40:00Z,14.0625,17.92969,21.44531,15.11719,19.6875,24.60938,32.34375,33.04688,31.64063,36.21094,38.32031,36.5625,7.38281,6.21094,8.73047,9.19922,8.90625,10.01953,10.54688,10.83984,11.36719,11.36719,10.72266,10.3125,9.84375,0.13916,0.106201,0.109863,0.131836,0.118408,0.092773,0.128174,0.131836,0.17334,0.185547,0.183105
2018-05-23T00:50:00Z,9.49219,15.82031,20.03906,20.39063,20.03906,25.3125,27.77344,33.75,34.80469,31.28906,38.67188,36.91406,7.67578,6.15234,8.14453,8.55469,8.49609,9.31641,9.90234,10.83984,11.07422,11.01563,10.60547,10.42969,9.84375,0.124512,0.098877,0.111084,0.129395,0.10498,0.147705,0.126953,0.119629,0.146484,0.148926,0.181885
2018-05-23T01:00:00Z,12.65625,11.95313,15.46875,15.11719,17.92969,24.96094,31.28906,34.80469,35.50781,41.48438,37.26563,42.1875,7.20703,5.97656,8.61328,9.14063,8.90625,10.25391,10.66406,11.07422,11.30859,10.83984,10.54688,10.19531,10.19531,0.113525,0.114746,0.133057,0.129395,0.108643,0.114746,0.125732,0.13916,0.177002,0.130615,0.140381
2018-05-23T01:10:00Z,8.4375,14.0625,16.875,15.82031,19.6875,21.44531,24.96094,31.64063,35.15625,35.85938,37.96875,39.375,7.79297,6.38672,9.14063,9.55078,9.375,9.72656,10.19531,10.83984,11.66016,11.25,10.78125,9.96094,10.25391,0.148926,0.114746,0.135498,0.12207,0.131836,0.111084,0.114746,0.12085,0.135498,0.129395,0.167236
2018-05-23T01:20:00Z,10.54688,13.35938,19.33594,21.09375,18.28125,24.60938,30.23438,37.26563,36.21094,39.72656,41.83594,43.24219,8.02734,6.79688,8.78906,9.43359,9.31641,10.42969,11.07422,11.07422,11.30859,11.19141,11.01563,10.42969,10.48828,0.141602,0.130615,0.115967,0.126953,0.091553,0.124512,0.108643,0.128174,0.167236,0.178223,0.148926
2018-05-23T01:30:00Z,10.19531,15.82031,13.35938,17.22656,17.92969,20.39063,33.39844,36.21094,35.85938,36.91406,39.72656,47.10938,7.85156,6.79688,8.55469,9.25781,9.14063,10.07813,10.72266,10.95703,11.13281,10.95703,10.83984,10.37109,10.78125,0.133057,0.096436,0.137939,0.097656,0.101318,0.112305,0.113525,0.131836,0.12207,0.168457,0.163574
2018-05-23T01:40:00Z,12.65625,21.79688,20.03906,23.90625,24.96094,35.15625,36.91406,39.375,44.29688,46.05469,50.97656,50.97656,8.32031,6.79688,8.90625,9.60938,9.43359,10.72266,11.01563,11.01563,10.60547,10.48828,9.90234,9.78516,9.66797,0.12207,0.124512,0.119629,0.124512,0.101318,0.113525,0.101318,0.136719,0.114746,0.117188,0.107422
2018-05-23T01:50:00Z,17.22656,22.85156,22.85156,24.96094,31.64063,37.61719,43.94531,43.94531,48.51563,50.625,47.46094,52.03125,8.26172,6.97266,9.25781,9.66797,9.55078,10.89844,11.13281,11.36719,10.37109,9.55078,9.375,9.72656,9.66797,0.098877,0.147705,0.113525,0.113525,0.101318,0.114746,0.10498,0.10498,0.087891,0.089111,0.119629
2018-05-23T02:00:00Z,18.63281,28.125,26.01563,25.66406,31.28906,39.72656,43.94531,45.0,48.16406,50.625,52.03125,50.27344,8.55469,6.97266,9.375,10.01953,10.07813,10.72266,11.07422,11.01563,10.37109,9.84375,9.84375,10.07813,9.96094,0.12085,0.087891,0.092773,0.096436,0.131836,0.107422,0.109863,0.101318,0.126953,0.087891,0.095215
2018-05-23T02:10:00Z,21.79688,26.36719,31.99219,33.04688,35.85938,42.89063,43.24219,49.92188,53.4375,54.49219,56.25,49.92188,8.61328,7.14844,9.25781,9.84375,9.55078,10.54688,10.60547,10.42969,9.84375,9.78516,9.55078,9.84375,9.72656,0.107422,0.129395,0.109863,0.075684,0.084229,0.097656,0.092773,0.093994,0.102539,0.084229,0.070801
2018-05-23T02:20:00Z,25.66406,27.07031,33.39844,29.53125,36.5625,40.78125,41.48438,49.21875,54.49219,52.03125,55.89844,53.78906,8.32031,6.67969,8.61328,9.43359,9.14063,10.19531,10.37109,10.54688,9.49219,8.90625,8.90625,8.73047,9.08203,0.10498,0.083008,0.107422,0.092773,0.087891,0.085449,0.109863,0.10376,0.091553,0.074463,0.095215
2018-05-23T02:30:00Z,23.55469,35.50781,34.80469,36.21094,39.72656,46.05469,47.10938,48.51563,58.00781,57.30469,62.22656,54.14063,7.73438,6.50391,8.61328,9.49219,9.19922,10.37109,10.3125,10.3125,9.31641,8.90625,8.67188,8.84766,8.96484,0.092773,0.085449,0.10498,0.075684,0.084229,0.10498,0.10498,0.080566,0.083008,0.078125,0.081787
2018-05-23T02:40:00Z,31.28906,38.32031,39.375,38.67188,46.05469,45.70313,54.14063,58.00781,58.71094,62.57813,59.76563,59.76563,7.32422,6.32813,8.67188,9.19922,9.31641,10.19531,9.49219,8.84766,8.55469,8.78906,8.90625,9.02344,9.08203,0.067139,0.10376,0.073242,0.097656,0.10498,0.092773,0.089111,0.085449,0.067139,0.10498,0.085449
2018-05-23T02:50:00Z,30.58594,38.67188,36.5625,33.39844,44.29688,45.35156,52.38281,56.25,59.76563,56.60156,54.84375,55.54688,7.44141,6.21094,8.55469,9.19922,9.02344,9.49219,8.96484,8.14453,8.20313,8.26172,8.32031,8.55469,8.61328,0.083008,0.087891,0.087891,0.101318,0.081787,0.090332,0.063477,0.061035,0.080566,0.087891,0.084229
2018-05-23T03:00:00Z,25.66406,32.34375,37.26563,36.21094,39.72656,42.1875,47.10938,53.4375,54.49219,58.71094,53.78906,47.46094,7.03125,6.09375,8.55469,9.25781,9.31641,9.43359,9.02344,8.14453,8.32031,8.02734,8.4375,8.4375,8.55469,0.090332,0.091553,0.067139,0.085449,0.093994,0.117188,0.093994,0.093994,0.090332,0.080566,0.074463
2018-05-23T03:10:00Z,28.47656,36.5625,42.89063,41.13281,46.05469,49.21875,57.30469,61.875,63.28125,67.14844,62.22656,56.60156,7.03125,6.09375,8.20313,8.78906,8.84766,9.19922,8.26172,7.91016,8.02734,8.26172,8.4375,8.26172,8.32031,0.075684,0.078125,0.072021,0.059814,0.091553,0.072021,0.061035,0.076904,0.08667,0.079346,0.076904
2018-05-23T03:20:00Z,31.64063,35.85938,39.375,39.72656,42.89063,48.51563,53.08594,63.98438,69.96094,67.5,62.57813,54.84375,6.73828,5.85938,7.96875,8.4375,8.73047,8.32031,7.44141,7.5,7.73438,7.91016,7.79297,7.73438,7.91016,0.08667,0.074463,0.064697,0.098877,0.117188,0.080566,0.073242,0.096436,0.085449,0.079346,0.095215
2018-05-23T03:30:00Z,27.07031,36.91406,33.04688,35.85938,41.13281,45.35156,52.03125,62.57813,63.98438,66.44531,63.28125,51.32813,6.62109,5.68359,7.5,8.26172,8.26172,8.37891,7.61719,6.91406,7.03125,7.20703,7.14844,7.20703,7.03125,0.08667,0.095215,0.101318,0.076904,0.101318,0.080566,0.067139,0.078125,0.102539,0.092773,0.095215
2018-05-23T03:40:00Z,20.74219,27.07031,27.07031,28.125,36.21094,42.53906,46.40625,48.16406,55.54688,54.14063,39.02344,35.15625,6.5625,5.27344,7.55859,7.85156,7.73438,8.49609,8.02734,7.26563,7.14844,6.91406,6.79688,7.20703,7.32422,0.096436,0.08667,0.084229,0.085449,0.100098,0.12207,0.087891,0.10376,0.100098,0.089111,0.125732
2018-05-23T03:50:00Z,25.3125,34.80469,37.96875,36.5625,44.64844,49.92188,55.19531,59.0625,62.57813,61.875,59.76563,58.00781,6.91406,5.85938,7.61719,8.14453,8.14453,8.02734,6.97266,6.44531,6.26953,6.50391,6.50391,6.5625,6.38672,0.092773,0.113525,0.089111,0.106201,0.148926,0.111084,0.068359,0.108643,0.08667,0.081787,0.08667
2018-05-23T04:00:00Z,29.17969,33.04688,36.5625,34.45313,45.35156,48.16406,53.4375,60.46875,62.22656,60.11719,46.75781,39.72656,6.21094,5.21484,6.85547,7.5,7.55859,8.08594,7.08984,6.21094,6.09375,6.15234,6.03516,5.97656,6.15234,0.080566,0.081787,0.08667,0.075684,0.119629,0.12207,0.091553,0.089111,0.10498,0.083008,0.095215
2018-05-23T04:10:00Z,28.47656,36.5625,41.83594,40.78125,46.40625,54.84375,60.46875,62.57813,72.42188,70.66406,72.07031,67.14844,5.97656,5.09766,7.32422,7.91016,7.85156,7.85156,6.67969,6.32813,6.73828,7.03125,6.79688,6.67969,6.79688,0.062256,0.061035,0.076904,0.093994,0.134277,0.083008,0.079346,0.093994,0.08667,0.079346,0.089111
2018-05-23T04:20:00Z,34.80469,45.0,47.46094,46.40625,51.32813,60.11719,66.09375,72.07031,74.17969,74.17969,76.64063,78.39844,5.91797,5.09766,7.38281,7.73438,7.61719,7.08984,6.5625,6.79688,7.20703,7.26563,7.20703,7.03125,6.97266,0.053711,0.080566,0.093994,0.076904,0.081787,0.087891,0.074463,0.084229,0.068359,0.080566,0.084229
2018-05-23T04:30:00Z,35.15625,43.24219,46.05469,45.35156,50.27344,58.35938,64.33594,66.09375,69.60938,65.03906,68.90625,65.39063,6.15234,5.03906,6.62109,6.62109,6.5625,6.09375,6.38672,6.97266,7.38281,7.03125,6.62109,6.67969,6.50391,0.080566,0.097656,0.091553,0.093994,0.064697,0.075684,0.068359,0.067139,0.076904,0.095215,0.126953
2018-05-23T04:40:00Z,30.9375,41.13281,43.59375,45.35156,50.97656,57.65625,63.63281,65.74219,68.55469,67.14844,66.09375,63.28125,5.27344,4.33594,6.38672,6.62109,6.62109,5.97656,6.32813,7.03125,7.38281,7.14844,6.91406,6.73828,6.62109,0.075684,0.091553,0.085449,0.092773,0.084229,0.079346,0.06958,0.070801,0.063477,0.079346,0.062256
2018-05-23T04:50:00Z,32.69531,44.29688,47.10938,45.0,50.27344,59.0625,64.6875,68.20313,68.55469,69.60938,69.96094,74.17969,5.27344,4.27734,6.62109,6.79688,6.79688,6.21094,6.26953,6.97266,7.38281,7.20703,7.08984,6.91406,6.67969,0.06958,0.097656,0.079346,0.078125,0.079346,0.095215,0.067139,0.10376,0.095215,0.08667,0.112305
2018-05-23T05:00:00Z,36.91406,43.94531,52.03125,48.86719,50.97656,57.65625,60.82031,66.79688,66.79688,69.60938,72.07031,70.66406,5.50781,4.62891,6.73828,6.62109,6.79688,6.21094,6.26953,6.97266,7.32422,7.44141,7.38281,7.32422,6.97266,0.078125,0.079346,0.097656,0.064697,0.085449,0.08667,0.085449,0.087891,0.10376,0.089111,0.118408
2018-05-23T05:10:00Z,41.13281,55.19531,56.95313,55.54688,62.22656,65.74219,68.55469,65.74219,72.77344,68.20313,73.125,70.66406,6.15234,4.98047,6.15234,6.09375,6.21094,6.32813,7.32422,8.02734,8.20313,7.61719,7.20703,6.85547,6.67969,0.083008,0.074463,0.06958,0.095215,0.107422,0.112305,0.063477,0.100098,0.10498,0.100098,0.102539
2018-05-23T05:20:00Z,44.29688,54.49219,58.71094,59.0625,62.92969,62.92969,65.39063,66.79688,69.60938,76.64063,76.99219,76.99219,5.27344,4.33594,6.15234,6.67969,6.50391,7.44141,8.14453,8.4375,8.26172,7.38281,6.67969,6.73828,6.67969,0.097656,0.073242,0.098877,0.079346,0.079346,0.074463,0.090332,0.073242,0.090332,0.087891,0.081787
2018-05-23T05:30:00Z,39.72656,53.08594,54.84375,55.89844,62.22656,63.63281,63.98438,66.09375,71.71875,74.53125,74.53125,75.23438,5.09766,4.33594,5.80078,6.5625,6.44531,7.5,7.44141,7.55859,7.32422,6.97266,6.67969,6.26953,6.15234,0.080566,0.089111,0.079346,0.078125,0.095215,0.08667,0.118408,0.133057,0.101318,0.074463,0.075684
2018-05-23T05:40:00Z,34.80469,31.64063,41.48438,39.02344,49.57031,56.25,55.19531,61.875,65.03906,67.5,70.3125,68.20313,5.09766,4.04297,6.38672,6.21094,6.21094,6.21094,6.85547,7.20703,7.32422,7.03125,6.5625,6.44531,6.44531,0.081787,0.097656,0.108643,0.130615,0.091553,0.091553,0.081787,0.087891,0.095215,0.115967,0.092773
2018-05-23T05:50:00Z,21.44531,31.99219,39.72656,40.78125,46.75781,50.97656,55.19531,60.11719,64.6875,61.52344,66.09375,65.39063,5.27344,4.51172,6.26953,6.09375,6.21094,5.80078,6.09375,6.50391,6.85547,6.62109,6.50391,6.26953,6.38672,0.083008,0.134277,0.100098,0.084229,0.083008,0.078125,0.093994,0.115967,0.08667,0.12085,0.112305
2018-05-23T06:00:00Z,22.5,30.9375,34.10156,31.64063,49.92188,51.67969,58.35938,62.22656,66.09375,65.39063,67.14844,64.6875,5.21484,4.45313,6.85547,6.79688,6.79688,5.68359,5.74219,6.15234,5.97656,6.03516,5.91797,5.80078,5.68359,0.109863,0.102539,0.083008,0.081787,0.118408,0.092773,0.112305,0.108643,0.079346,0.090332,0.126953
2018-05-23T06:10:00Z,25.66406,34.10156,36.5625,36.5625,46.40625,52.03125,53.78906,58.71094,63.63281,62.92969,60.46875,59.76563,5.97656,5.03906,7.38281,7.61719,7.5,6.97266,6.50391,6.26953,6.38672,6.26953,6.26953,6.21094,6.32813,0.095215,0.128174,0.095215,0.151367,0.112305,0.098877,0.100098,0.102539,0.092773,0.089111,0.090332
2018-05-23T06:20:00Z,36.91406,46.05469,45.0,45.70313,50.625,62.57813,65.03906,66.44531,67.85156,68.90625,67.5,72.07031,7.14844,5.27344,7.44141,7.67578,8.08594,6.97266,6.32813,6.32813,6.62109,6.50391,6.62109,6.5625,6.62109,0.098877,0.084229,0.100098,0.133057,0.124512,0.117188,0.12085,0.12207,0.119629,0.126953,0.114746
2018-05-23T06:30:00Z,43.24219,45.35156,49.21875,48.51563,54.84375,63.63281,69.60938,71.71875,75.9375,71.01563,75.23438,77.34375,6.15234,5.03906,7.03125,7.26563,7.44141,6.67969,6.67969,7.08984,7.38281,7.32422,7.5,7.14844,7.26563,0.102539,0.136719,0.106201,0.109863,0.106201,0.108643,0.126953,0.111084,0.070801,0.092773,0.085449
2018-05-23T06:40:00Z,33.75,37.96875,39.375,40.42969,49.57031,58.71094,62.57813,68.90625,63.28125,58.00781,52.03125,50.97656,6.03516,5.03906,7.32422,7.08984,7.14844,6.32813,6.62109,6.5625,6.26953,6.38672,6.50391,6.44531,6.73828,0.113525,0.119629,0.129395,0.109863,0.097656,0.13916,0.097656,0.12207,0.098877,0.112305,0.112305
2018-05-23T06:50:00Z,33.04688,41.48438,46.05469,45.35156,56.95313,65.74219,74.53125,75.23438,75.58594,71.71875,65.74219,61.52344,6.21094,5.03906,6.67969,6.32813,6.21094,5.68359,5.97656,5.85938,5.50781,5.39063,5.56641,5.74219,5.625,0.123291,0.152588,0.157471,0.142822,0.124512,0.146484,0.142822,0.117188,0.118408,0.189209,0.168457
2018-05-23T07:00:00Z,39.375,44.29688,46.05469,43.59375,52.73438,59.0625,65.39063,67.85156,62.92969,66.09375,61.17188,65.74219,5.56641,4.39453,6.5625,6.26953,6.38672,5.50781,5.50781,5.625,5.33203,5.44922,5.625,5.625,5.50781,0.111084,0.153809,0.150146,0.109863,0.091553,0.133057,0.106201,0.10376,0.140381,0.112305,0.131836
2018-05-23T07:10:00Z,33.04688,37.61719,39.02344,39.72656,46.40625,55.89844,63.63281,65.39063,65.03906,63.63281,62.57813,58.71094,5.44922,3.98438,6.38672,5.91797,6.09375,5.27344,5.56641,5.50781,5.39063,5.39063,5.33203,5.39063,5.27344,0.125732,0.136719,0.142822,0.113525,0.131836,0.137939,0.111084,0.089111,0.106201,0.115967,0.131836
2018-05-23T07:20:00Z,17.22656,31.64063,36.91406,33.39844,41.83594,48.86719,56.25,57.30469,59.76563,54.84375,49.92188,46.75781,4.98047,4.10156,6.91406,6.67969,6.50391,5.56641,5.44922,5.85938,5.56641,5.625,5.56641,5.56641,5.39063,0.097656,0.136719,0.097656,0.129395,0.140381,0.126953,0.146484,0.147705,0.161133,0.113525,0.128174
2018-05-23T07:30:00Z,22.5,30.9375,36.5625,36.21094,40.42969,51.32813,56.60156,64.6875,63.28125,65.39063,65.03906,65.39063,5.44922,4.45313,6.44531,6.79688,6.73828,6.09375,5.91797,6.32813,6.62109,6.44531,6.21094,5.85938,6.09375,0.075684,0.125732,0.111084,0.145264,0.134277,0.112305,0.08667,0.089111,0.107422,0.083008,0.089111
2018-05-23T07:40:00Z,28.125,46.75781,50.27344,47.10938,53.4375,58.71094,67.5,67.5,70.3125,70.3125,74.53125,78.04688,5.03906,4.04297,6.32813,6.09375,6.50391,5.68359,5.85938,6.50391,6.97266,7.26563,7.20703,7.26563,7.08984,0.097656,0.108643,0.134277,0.128174,0.102539,0.135498,0.125732,0.126953,0.134277,0.133057,0.097656
2018-05-23T07:50:00Z,36.91406,33.75,39.72656,36.91406,44.64844,55.54688,63.98438,72.77344,74.88281,73.82813,78.75,76.99219,5.03906,3.92578,4.98047,5.03906,5.03906,4.6875,5.50781,6.15234,6.26953,6.03516,6.15234,6.09375,6.15234,0.107422,0.152588,0.135498,0.098877,0.089111,0.137939,0.128174,0.131836,0.136719,0.130615,0.148926
2018-05-23T08:00:00Z,15.82031,23.55469,31.64063,31.28906,39.375,52.03125,61.875,72.77344,71.71875,73.82813,74.88281,76.64063,3.92578,2.98828,4.62891,4.45313,4.39453,4.27734,5.27344,5.39063,5.44922,5.39063,5.56641,5.50781,5.74219,0.125732,0.098877,0.134277,0.124512,0.078125,0.111084,0.096436,0.100098,0.109863,0.112305,0.152588
2018-05-23T08:10:00Z,16.52344,25.3125,28.47656,26.36719,39.02344,45.70313,56.60156,62.57813,70.66406,75.58594,75.58594,78.39844,4.27734,3.16406,5.625,5.21484,5.33203,4.92188,5.39063,5.50781,5.50781,5.33203,5.44922,5.33203,5.33203,0.100098,0.135498,0.123291,0.100098,0.083008,0.100098,0.119629,0.15625,0.137939,0.140381,0.153809
2018-05-23T08:20:00Z,12.30469,24.25781,23.55469,22.85156,33.39844,39.02344,47.10938,59.41406,62.22656,67.14844,70.66406,76.28906,4.62891,3.75,5.50781,4.92188,4.86328,4.6875,4.80469,4.86328,4.45313,4.45313,4.51172,4.51172,4.33594,0.097656,0.12085,0.151367,0.098877,0.114746,0.134277,0.157471,0.144043,0.163574,0.163574,0.158691
2018-05-23T08:30:00Z,11.60156,22.85156,28.47656,26.71875,34.45313,41.48438,46.05469,53.08594,60.46875,68.90625,67.85156,74.17969,4.10156,3.33984,5.33203,5.68359,5.85938,4.80469,4.86328,5.03906,4.92188,4.51172,4.45313,4.45313,4.51172,0.10498,0.100098,0.092773,0.08667,0.10376,0.107422,0.10376,0.129395,0.128174,0.114746,0.114746
2018-05-23T08:40:00Z,17.22656,26.01563,31.99219,33.39844,39.72656,50.27344,53.4375,61.875,62.57813,65.39063,69.60938,72.77344,3.92578,3.04688,5.68359,5.625,5.625,4.80469,4.74609,4.57031,4.51172,4.33594,4.27734,4.39453,4.33594,0.083008,0.123291,0.128174,0.12085,0.107422,0.12207,0.12085,0.10376,0.12207,0.141602,0.134277
2018-05-23T08:50:00Z,17.22656,21.09375,25.3125,27.07031,32.69531,42.53906,49.92188,55.19531,59.41406,69.25781,67.5,70.3125,4.39453,3.39844,5.80078,6.15234,6.21094,5.44922,4.80469,4.74609,4.6875,4.57031,4.45313,4.51172,4.45313,0.100098,0.087891,0.106201,0.185547,0.115967,0.107422,0.109863,0.126953,0.090332,0.101318,0.125732
2018-05-23T09:00:00Z,10.19531,13.71094,23.90625,20.39063,31.99219,40.78125,48.86719,60.11719,60.82031,65.74219,66.79688,68.20313,4.16016,3.28125,5.03906,5.74219,5.56641,5.56641,4.39453,4.21875,4.45313,4.33594,4.57031,4.39453,4.51172,0.124512,0.111084,0.129395,0.131836,0.142822,0.124512,0.137939,0.114746,0.115967,0.117188,0.087891
2018-05-23T09:10:00Z,0.35156,10.54688,17.22656,14.0625,25.3125,30.58594,33.75,38.67188,53.08594,61.52344,67.85156,71.36719,3.92578,3.04688,5.39063,6.03516,6.09375,6.73828,6.03516,4.45313,3.75,3.63281,3.51563,3.63281,3.69141,0.072021,0.076904,0.074463,0.072021,0.115967,0.131836,0.150146,0.141602,0.126953,0.152588,0.114746
2018-05-23T09:20:00Z,4.57031,10.54688,18.28125,18.28125,26.36719,28.82813,30.9375,29.88281,38.32031,48.51563,49.92188,56.60156,4.21875,3.22266,5.56641,6.5625,6.26953,7.26563,6.50391,5.56641,4.62891,4.10156,3.75,3.63281,3.69141,0.081787,0.091553,0.093994,0.078125,0.102539,0.113525,0.112305,0.129395,0.117188,0.141602,0.100098
2018-05-23T09:30:00Z,0.70313,8.08594,10.19531,14.41406,21.44531,27.42188,27.42188,29.17969,30.9375,37.26563,38.67188,44.64844,4.16016,3.39844,5.74219,6.32813,6.26953,7.32422,7.38281,7.14844,6.5625,5.625,4.98047,4.21875,3.98438,0.074463,0.087891,0.092773,0.118408,0.097656,0.118408,0.136719,0.205078,0.214844,0.181885,0.198975
2018-05-23T09:40:00Z,2.10938,19.6875,24.25781,22.14844,29.53125,29.88281,30.9375,30.58594,34.10156,34.80469,38.67188,41.13281,4.39453,3.57422,6.5625,7.61719,7.55859,8.08594,7.08984,6.15234,5.09766,4.98047,4.62891,4.57031,4.27734,0.092773,0.050049,0.058594,0.08667,0.137939,0.185547,0.231934,0.211182,0.214844,0.196533,0.147705
2018-05-23T09:50:00Z,354.375,1.40625,6.67969,3.51563,17.57813,18.28125,16.52344,17.92969,20.39063,18.98438,18.63281,22.14844,5.625,4.16016,7.38281,7.96875,8.02734,8.20313,7.14844,6.21094,5.39063,4.86328,4.80469,4.62891,4.80469,0.084229,0.085449,0.093994,0.100098,0.126953,0.172119,0.151367,0.125732,0.131836,0.134277,0.144043
2018-05-23T10:00:00Z,343.47656,1.75781,7.03125,4.21875,13.35938,18.63281,16.17188,14.76563,13.00781,18.63281,16.875,16.875,6.21094,5.09766,7.79297,8.26172,8.14453,8.90625,8.4375,7.85156,7.14844,6.32813,5.85938,5.50781,5.50781,0.091553,0.091553,0.095215,0.090332,0.152588,0.212402,0.222168,0.222168,0.159912,0.123291,0.091553
2018-05-23T10:10:00Z,355.78125,11.25,14.76563,14.76563,18.63281,22.5,24.96094,28.125,21.44531,21.79688,22.5,25.3125,6.73828,5.39063,8.55469,9.14063,9.25781,10.13672,10.54688,10.25391,9.72656,8.90625,7.67578,7.20703,6.85547,0.087891,0.068359,0.090332,0.080566,0.080566,0.111084,0.144043,0.158691,0.17334,0.136719,0.112305
2018-05-23T10:20:00Z,6.67969,11.95313,16.52344,16.52344,23.20313,28.125,28.82813,28.47656,24.60938,25.66406,25.3125,31.28906,6.91406,5.80078,8.61328,9.31641,9.25781,10.60547,11.30859,11.07422,10.19531,9.19922,8.26172,7.85156,7.08984,0.067139,0.096436,0.119629,0.101318,0.081787,0.12207,0.102539,0.126953,0.135498,0.100098,0.100098
2018-05-23T10:30:00Z,6.32813,16.17188,19.33594,24.60938,27.77344,31.64063,30.23438,28.125,29.17969,31.99219,34.45313,31.99219,6.97266,5.50781,7.96875,9.08203,8.84766,10.66406,10.54688,10.01953,8.96484,8.26172,7.73438,7.55859,7.55859,0.096436,0.111084,0.112305,0.075684,0.117188,0.100098,0.075684,0.083008,0.093994,0.091553,0.070801
2018-05-23T10:40:00Z,11.25,20.03906,19.6875,18.28125,29.88281,32.69531,36.91406,32.34375,34.10156,34.80469,34.80469,37.26563,6.50391,4.92188,6.73828,7.5,7.5,9.02344,8.73047,8.61328,8.61328,7.96875,7.61719,7.38281,7.32422,0.108643,0.111084,0.10376,0.074463,0.074463,0.070801,0.079346,0.087891,0.080566,0.062256,0.074463
2018-05-23T10:50:00Z,3.51563,11.95313,17.22656,17.92969,24.25781,31.64063,32.69531,35.15625,34.45313,36.5625,37.96875,40.42969,4.92188,3.86719,6.32813,7.03125,6.91406,8.32031,9.19922,9.02344,8.61328,8.4375,7.91016,7.91016,7.55859,0.118408,0.118408,0.12207,0.085449,0.072021,0.098877,0.084229,0.089111,0.085449,0.068359,0.080566
2018-05-23T11:00:00Z,9.49219,24.25781,26.01563,24.60938,31.99219,35.85938,34.10156,37.61719,35.50781,38.67188,35.85938,38.67188,5.21484,3.92578,7.44141,8.32031,7.96875,8.61328,8.26172,8.55469,8.55469,8.61328,8.26172,7.91016,7.67578,0.083008,0.081787,0.083008,0.081787,0.090332,0.079346,0.080566,0.076904,0.076904,0.080566,0.079346
2018-05-23T11:10:00Z,15.82031,26.36719,31.64063,29.88281,34.80469,36.91406,36.5625,36.21094,35.15625,34.10156,36.91406,37.26563,5.56641,4.33594,7.26563,7.96875,7.91016,7.55859,8.08594,8.32031,8.20313,8.02734,8.02734,7.91016,7.85156,0.075684,0.081787,0.072021,0.076904,0.075684,0.05127,0.068359,0.102539,0.078125,0.078125,0.075684
2018-05-23T11:20:00Z,16.52344,19.6875,24.96094,23.20313,33.04688,38.32031,36.91406,40.07813,38.32031,40.07813,36.21094,37.96875,5.21484,4.33594,6.67969,7.26563,7.20703,6.85547,6.85547,7.55859,7.85156,7.96875,8.14453,8.32031,8.55469,0.095215,0.092773,0.074463,0.100098,0.096436,0.10498,0.10498,0.095215,0.070801,0.058594,0.097656
2018-05-23T11:30:00Z,10.89844,22.5,26.36719,26.71875,31.64063,31.99219,35.15625,41.13281,39.02344,42.53906,42.53906,44.29688,4.86328,3.92578,6.38672,7.38281,7.32422,8.32031,7.38281,6.67969,6.73828,7.14844,7.38281,7.61719,7.61719,0.100098,0.079346,0.096436,0.091553,0.126953,0.079346,0.06958,0.074463,0.072021,0.067139,0.08667
2018-05-23T11:40:00Z,10.19531,16.875,17.22656,17.57813,24.60938,32.69531,34.10156,40.78125,41.83594,47.10938,46.75781,46.05469,4.80469,3.45703,5.33203,6.21094,6.15234,7.5,8.08594,7.03125,6.73828,6.79688,7.14844,7.20703,7.26563,0.144043,0.117188,0.140381,0.112305,0.080566,0.106201,0.079346,0.078125,0.08667,0.079346,0.078125
2018-05-23T11:50:00Z,3.51563,16.875,20.74219,18.98438,25.66406,29.17969,34.45313,35.85938,39.375,43.24219,46.05469,48.86719,4.57031,3.51563,6.15234,7.38281,7.26563,8.26172,8.08594,7.38281,7.20703,7.61719,7.91016,8.14453,8.20313,0.096436,0.111084,0.123291,0.102539,0.097656,0.131836,0.05249,0.068359,0.06958,0.067139,0.079346
2018-05-23T12:00:00Z,4.92188,14.76563,20.39063,20.03906,24.60938,29.17969,33.39844,37.61719,42.1875,45.0,46.75781,48.86719,5.56641,3.69141,7.5,8.49609,8.32031,9.14063,8.14453,7.44141,7.5,7.55859,7.38281,7.08984,6.73828,0.095215,0.076904,0.079346,0.096436,0.147705,0.107422,0.112305,0.098877,0.12207,0.091553,0.10376
2018-05-23T12:10:00Z,0.0,12.30469,16.52344,15.11719,19.6875,21.44531,29.88281,33.75,42.1875,44.64844,49.21875,50.97656,5.74219,4.45313,6.79688,7.44141,7.20703,8.20313,8.4375,8.20313,7.32422,6.67969,6.5625,6.32813,6.15234,0.12085,0.168457,0.179443,0.140381,0.130615,0.130615,0.174561,0.091553,0.112305,0.072021,0.075684
2018-05-23T12:20:00Z,3.51563,10.54688,15.11719,13.00781,21.09375,28.47656,32.34375,31.64063,42.53906,42.89063,52.38281,54.49219,5.33203,4.16016,6.79688,7.79297,7.5,8.96484,9.31641,8.67188,7.08984,6.26953,6.21094,6.44531,6.32813,0.068359,0.10498,0.117188,0.083008,0.084229,0.095215,0.150146,0.098877,0.089111,0.106201,0.075684
2018-05-23T12:30:00Z,358.94531,9.14063,16.52344,16.17188,23.20313,28.125,32.69531,36.91406,37.26563,42.53906,47.46094,54.49219,5.56641,4.51172,6.62109,7.5,7.61719,8.61328,8.73047,7.61719,6.67969,6.26953,6.38672,6.67969,6.97266,0.130615,0.131836,0.113525,0.100098,0.13916,0.118408,0.107422,0.111084,0.093994,0.106201,0.10376
2018-05-23T12:40:00Z,1.05469,4.92188,8.78906,10.19531,21.09375,27.42188,31.64063,37.26563,44.29688,53.08594,55.89844,59.0625,5.50781,4.51172,6.85547,7.61719,7.55859,8.49609,9.02344,8.55469,7.32422,7.03125,7.08984,7.5,7.38281,0.13916,0.100098,0.074463,0.113525,0.136719,0.147705,0.101318,0.089111,0.089111,0.091553,0.100098
2018-05-23T12:50:00Z,359.29688,12.30469,11.25,13.35938,26.01563,32.34375,35.85938,41.48438,48.16406,56.95313,61.17188,62.57813,6.5625,4.98047,7.14844,7.79297,7.73438,8.96484,9.25781,7.85156,7.14844,7.14844,7.03125,7.32422,7.44141,0.114746,0.091553,0.10376,0.092773,0.107422,0.128174,0.119629,0.097656,0.109863,0.084229,0.073242
2018-05-23T13:00:00Z,1.40625,10.54688,12.30469,12.65625,21.44531,31.99219,36.5625,40.07813,44.29688,46.75781,56.95313,63.63281,5.85938,4.92188,6.5625,7.26563,7.20703,8.08594,9.43359,8.4375,7.55859,7.38281,7.61719,7.44141,7.61719,0.106201,0.084229,0.089111,0.076904,0.101318,0.106201,0.10498,0.111084,0.109863,0.115967,0.074463
2018-05-23T13:10:00Z,0.70313,14.76563,21.09375,18.98438,31.99219,37.61719,43.94531,42.53906,47.10938,52.73438,56.95313,63.98438,5.50781,4.62891,7.03125,7.85156,7.79297,8.90625,8.49609,7.55859,7.55859,7.91016,7.67578,7.91016,7.79297,0.095215,0.096436,0.085449,0.070801,0.067139,0.10498,0.102539,0.10376,0.087891,0.067139,0.068359
2018-05-23T13:20:00Z,5.97656,19.33594,25.66406,23.55469,33.75,39.02344,46.40625,50.27344,54.14063,59.76563,63.28125,67.85156,5.80078,4.74609,7.44141,7.91016,8.08594,9.31641,8.67188,7.61719,7.73438,8.08594,8.20313,8.37891,8.55469,0.083008,0.092773,0.091553,0.072021,0.115967,0.079346,0.063477,0.089111,0.078125,0.081787,0.072021
2018-05-23T13:30:00Z,6.67969,24.25781,29.88281,29.88281,40.78125,48.86719,54.84375,58.71094,63.28125,68.55469,72.07031,76.28906,6.03516,5.09766,7.14844,7.91016,7.85156,8.84766,7.38281,7.38281,7.79297,8.02734,8.32031,8.32031,8.32031,0.081787,0.096436,0.06958,0.087891,0.097656,0.090332,0.091553,0.097656,0.075684,0.070801,0.070801
2018-05-23T13:40:00Z,10.19531,29.88281,36.91406,37.61719,47.46094,56.60156,62.57813,69.96094,73.47656,73.47656,75.9375,78.75,5.80078,4.86328,7.5,8.37891,7.96875,7.61719,7.38281,8.02734,8.32031,8.14453,8.37891,8.37891,8.4375,0.079346,0.080566,0.092773,0.129395,0.106201,0.098877,0.084229,0.096436,0.078125,0.076904,0.075684
2018-05-23T13:50:00Z,17.92969,36.5625,42.1875,40.42969,53.08594,64.33594,69.60938,72.07031,75.9375,78.39844,76.99219,82.96875,6.15234,4.80469,7.79297,8.14453,7.91016,7.03125,7.67578,8.08594,8.26172,8.20313,8.20313,8.37891,8.49609,0.081787,0.108643,0.113525,0.112305,0.063477,0.093994,0.100098,0.100098,0.084229,0.067139,0.074463
2018-05-23T14:00:00Z,22.14844,33.39844,40.78125,42.1875,51.67969,60.46875,68.90625,75.58594,77.69531,77.69531,81.21094,81.21094,5.68359,4.86328,7.55859,7.67578,7.67578,6.5625,7.85156,8.20313,7.85156,7.79297,7.85156,8.08594,8.08594,0.085449,0.092773,0.078125,0.079346,0.083008,0.096436,0.074463,0.063477,0.072021,0.073242,0.078125
2018-05-23T14:10:00Z,20.39063,37.61719,41.48438,42.1875,51.67969,60.82031,65.03906,74.17969,80.15625,79.45313,76.64063,76.99219,6.26953,5.21484,7.96875,6.79688,7.08984,7.08984,7.79297,7.61719,7.44141,7.44141,7.5,7.85156,8.14453,0.076904,0.095215,0.075684,0.065918,0.085449,0.080566,0.06958,0.097656,0.076904,0.091553,0.06958
2018-05-23T14:20:00Z,23.55469,38.67188,45.0,44.64844,54.84375,63.28125,68.55469,77.69531,83.67188,81.5625,81.5625,80.50781,6.09375,5.27344,8.20313,7.38281,7.61719,6.97266,7.38281,7.20703,7.26563,7.55859,7.85156,8.08594,8.32031,0.090332,0.097656,0.107422,0.076904,0.093994,0.068359,0.074463,0.084229,0.078125,0.059814,0.079346
2018-05-23T14:30:00Z,26.36719,37.26563,41.83594,42.89063,53.4375,59.0625,67.5,75.58594,77.69531,80.85938,81.21094,79.45313,6.44531,5.44922,9.02344,7.85156,7.91016,7.03125,7.08984,7.08984,7.14844,7.55859,7.91016,8.08594,8.26172,0.085449,0.081787,0.08667,0.050049,0.061035,0.062256,0.065918,0.05249,0.079346,0.065918,0.073242
2018-05-23T14:40:00Z,25.66406,40.07813,41.83594,40.42969,45.70313,56.60156,64.33594,70.66406,74.17969,76.64063,76.64063,79.45313,7.26563,6.21094,9.60938,8.37891,8.49609,7.08984,7.14844,7.08984,7.20703,7.67578,8.14453,8.4375,8.67188,0.06958,0.102539,0.109863,0.078125,0.053711,0.076904,0.064697,0.065918,0.067139,0.062256,0.070801
2018-05-23T14:50:00Z,27.42188,36.91406,40.07813,42.53906,48.16406,55.89844,62.57813,73.125,73.125,76.99219,75.58594,79.80469,7.5,6.5625,9.66797,9.375,9.375,7.44141,7.32422,7.26563,7.5,7.61719,8.14453,8.49609,8.96484,0.06958,0.08667,0.090332,0.072021,0.076904,0.068359,0.062256,0.054932,0.081787,0.072021,0.053711
2018-05-23T15:00:00Z,31.28906,38.67188,43.24219,43.24219,51.32813,56.95313,66.79688,70.66406,73.47656,76.28906,74.88281,75.9375,8.14453,6.73828,10.13672,9.02344,9.60938,7.26563,7.32422,7.26563,7.91016,8.08594,8.32031,8.55469,8.61328,0.06958,0.085449,0.08667,0.067139,0.074463,0.070801,0.063477,0.058594,0.072021,0.064697,0.092773
2018-05-23T15:10:00Z,27.07031,31.28906,37.61719,38.32031,39.375,45.70313,55.89844,71.01563,71.71875,76.28906,72.77344,73.82813,7.79297,6.85547,10.3125,10.60547,10.83984,8.90625,7.32422,6.5625,6.5625,6.85547,7.20703,7.20703,7.26563,0.059814,0.072021,0.050049,0.101318,0.085449,0.085449,0.117188,0.10498,0.101318,0.083008,0.070801
2018-05-23T15:20:00Z,24.60938,33.75,37.61719,36.21094,39.375,44.64844,43.94531,52.73438,55.89844,60.11719,67.14844,71.71875,7.91016,6.79688,9.84375,11.01563,11.19141,10.66406,8.90625,7.20703,6.62109,6.38672,6.26953,6.32813,6.44531,0.098877,0.083008,0.046387,0.114746,0.090332,0.090332,0.084229,0.101318,0.078125,0.073242,0.072021
2018-05-23T15:30:00Z,23.20313,35.85938,39.375,39.375,42.89063,43.24219,44.64844,50.27344,51.67969,55.54688,56.60156,67.14844,8.14453,6.50391,9.78516,11.01563,10.78125,11.95313,10.25391,8.37891,7.32422,7.03125,6.97266,6.44531,6.50391,0.079346,0.065918,0.076904,0.059814,0.090332,0.070801,0.070801,0.064697,0.065918,0.078125,0.070801
2018-05-23T15:40:00Z,25.66406,36.21094,39.72656,38.67188,42.1875,42.89063,46.75781,48.51563,55.89844,56.25,58.35938,70.3125,7.20703,6.09375,9.60938,11.13281,10.78125,12.30469,11.42578,9.78516,8.02734,6.67969,6.67969,6.44531,6.38672,0.059814,0.05127,0.062256,0.05249,0.062256,0.072021,0.124512,0.092773,0.089111,0.098877,0.074463
2018-05-23T15:50:00Z,29.88281,39.375,38.32031,39.02344,43.24219,48.51563,42.1875,48.16406,51.32813,54.49219,54.49219,60.82031,7.38281,6.32813,9.43359,10.60547,10.48828,12.36328,11.01563,9.375,8.4375,7.44141,6.73828,6.21094,6.03516,0.05249,0.05127,0.059814,0.053711,0.085449,0.081787,0.065918,0.112305,0.097656,0.079346,0.062256
2018-05-23T16:00:00Z,28.82813,36.91406,35.15625,40.42969,41.13281,47.8125,50.97656,54.14063,52.03125,53.08594,56.95313,60.46875,7.20703,6.26953,10.07813,11.01563,11.07422,12.42188,10.95703,9.31641,8.37891,7.73438,7.38281,6.85547,6.67969,0.073242,0.070801,0.067139,0.058594,0.091553,0.075684,0.061035,0.074463,0.06958,0.080566,0.090332
2018-05-23T16:10:00Z,29.17969,39.375,37.61719,36.91406,41.83594,47.8125,49.57031,53.78906,55.19531,54.14063,56.25,59.0625,7.73438,6.79688,10.3125,11.30859,11.60156,12.12891,10.13672,9.31641,9.14063,8.67188,8.32031,7.44141,7.20703,0.073242,0.078125,0.075684,0.075684,0.101318,0.080566,0.081787,0.073242,0.057373,0.072021,0.073242
2018-05-23T16:20:00Z,27.42188,30.23438,35.85938,38.32031,41.48438,47.46094,52.03125,58.35938,60.11719,59.41406,58.00781,67.85156,7.96875,6.85547,10.37109,11.42578,11.71875,12.24609,10.54688,9.31641,8.96484,8.78906,8.4375,7.85156,7.26563,0.058594,0.06958,0.042725,0.079346,0.096436,0.058594,0.081787,0.075684,0.093994,0.134277,0.084229
2018-05-23T16:30:00Z,24.25781,30.9375,37.26563,35.15625,39.02344,47.10938,52.03125,59.41406,60.11719,67.5,68.90625,67.14844,8.4375,6.91406,10.3125,11.19141,10.95703,11.36719,9.49219,8.49609,8.67188,8.32031,7.5,7.38281,7.38281,0.068359,0.074463,0.067139,0.081787,0.097656,0.089111,0.097656,0.08667,0.096436,0.085449,0.087891
2018-05-23T16:40:00Z,18.98438,30.9375,35.15625,35.50781,37.26563,46.05469,52.03125,54.49219,60.46875,64.33594,67.14844,68.55469,8.02734,6.44531,9.66797,10.95703,10.60547,11.95313,10.25391,8.67188,8.67188,8.96484,8.90625,9.02344,9.02344,0.072021,0.075684,0.080566,0.073242,0.107422,0.084229,0.057373,0.070801,0.078125,0.062256,0.068359
2018-05-23T16:50:00Z,23.55469,36.5625,36.21094,37.26563,42.53906,48.86719,53.78906,62.57813,61.52344,64.33594,69.60938,71.01563,8.37891,6.73828,10.54688,11.77734,11.71875,11.54297,9.55078,8.90625,9.14063,9.31641,9.55078,9.43359,9.49219,0.101318,0.095215,0.075684,0.080566,0.090332,0.087891,0.075684,0.059814,0.079346,0.092773,0.084229
2018-05-23T17:00:00Z,27.77344,33.75,35.85938,36.91406,44.29688,52.38281,54.14063,61.875,62.57813,67.5,70.3125,69.96094,9.02344,7.61719,11.25,12.1875,12.24609,10.66406,8.90625,9.08203,9.375,9.84375,9.96094,9.72656,9.55078,0.070801,0.090332,0.084229,0.112305,0.092773,0.079346,0.068359,0.064697,0.065918,0.070801,0.096436
2018-05-23T17:10:00Z,29.17969,35.15625,40.07813,36.91406,44.64844,48.51563,55.54688,60.82031,68.20313,73.125,72.07031,72.42188,9.55078,8.02734,11.42578,12.07031,12.48047,10.48828,9.375,9.60938,9.72656,10.01953,9.96094,10.01953,10.07813,0.084229,0.080566,0.08667,0.114746,0.06958,0.073242,0.075684,0.061035,0.078125,0.081787,0.064697
2018-05-23T17:20:00Z,29.53125,37.61719,40.78125,40.07813,42.53906,48.16406,53.78906,59.0625,65.03906,66.44531,74.53125,72.42188,9.78516,8.26172,11.66016,12.53906,12.71484,11.07422,9.375,9.55078,9.60938,10.07813,10.3125,10.3125,10.19531,0.079346,0.092773,0.092773,0.080566,0.100098,0.089111,0.065918,0.083008,0.079346,0.10498,0.064697
2018-05-23T17:30:00Z,31.28906,39.02344,45.0,47.10938,44.64844,48.51563,53.78906,58.00781,63.98438,67.14844,71.71875,69.96094,9.78516,8.55469,12.07031,12.71484,13.00781,10.72266,9.49219,9.78516,9.78516,9.96094,9.90234,10.13672,10.13672,0.089111,0.081787,0.090332,0.129395,0.087891,0.072021,0.074463,0.083008,0.068359,0.074463,0.085449
2018-05-23T17:40:00Z,34.10156,40.07813,46.05469,44.64844,50.97656,48.16406,53.4375,56.60156,58.71094,63.63281,66.09375,64.33594,10.13672,8.61328,11.83594,12.42188,12.59766,10.07813,9.90234,9.96094,10.19531,10.25391,10.19531,10.07813,10.13672,0.084229,0.106201,0.097656,0.090332,0.061035,0.101318,0.070801,0.070801,0.076904,0.085449,0.075684
2018-05-23T17:50:00Z,33.39844,39.02344,46.40625,45.70313,48.16406,48.51563,50.625,58.71094,55.54688,58.35938,66.09375,63.98438,9.60938,8.14453,11.42578,12.24609,12.59766,10.07813,9.84375,10.48828,10.66406,10.48828,10.89844,10.78125,11.07422,0.079346,0.096436,0.089111,0.150146,0.090332,0.079346,0.109863,0.075684,0.098877,0.083008,0.093994
2018-05-23T18:00:00Z,34.10156,42.1875,48.16406,47.46094,47.46094,52.38281,56.25,55.19531,58.35938,59.0625,59.0625,65.74219,9.55078,8.08594,11.83594,12.12891,12.42188,10.48828,10.83984,11.25,11.36719,11.25,11.60156,11.66016,11.66016,0.100098,0.068359,0.096436,0.087891,0.100098,0.068359,0.075684,0.097656,0.096436,0.083008,0.070801
2018-05-23T18:10:00Z,34.80469,40.07813,44.29688,46.40625,49.21875,55.89844,54.14063,56.25,53.4375,58.35938,58.71094,61.875,9.66797,8.26172,11.42578,12.12891,12.1875,11.54297,11.66016,11.42578,11.95313,12.53906,12.59766,12.53906,12.71484,0.10376,0.102539,0.085449,0.090332,0.109863,0.114746,0.081787,0.098877,0.097656,0.083008,0.092773
2018-05-23T18:20:00Z,35.15625,41.48438,48.86719,48.51563,51.67969,54.49219,57.30469,56.95313,56.60156,60.82031,59.0625,58.71094,9.66797,7.85156,11.77734,12.36328,12.65625,12.77344,13.125,13.24219,13.71094,13.82813,14.0625,13.94531,13.94531,0.073242,0.098877,0.092773,0.093994,0.097656,0.106201,0.111084,0.12085,0.114746,0.10498,0.084229
2018-05-23T18:30:00Z,38.32031,47.8125,48.51563,49.92188,55.19531,58.71094,57.65625,58.71094,58.71094,59.76563,60.82031,61.52344,9.43359,7.96875,11.19141,12.53906,12.42188,13.53516,13.94531,13.94531,14.35547,14.82422,14.94141,14.70703,14.64844,0.098877,0.098877,0.091553,0.080566,0.093994,0.101318,0.083008,0.096436,0.095215,0.100098,0.115967
2018-05-23T18:40:00Z,39.375,44.29688,47.10938,49.57031,55.54688,56.25,58.71094,59.76563,58.71094,63.98438,62.22656,58.71094,8.96484,7.38281,10.66406,11.71875,11.77734,13.30078,14.41406,14.23828,14.41406,14.82422,15.41016,15.23438,15.11719,0.06958,0.091553,0.075684,0.097656,0.080566,0.072021,0.090332,0.109863,0.091553,0.087891,0.092773
2018-05-23T18:50:00Z,36.5625,46.05469,50.97656,50.97656,56.25,58.35938,59.76563,61.52344,60.46875,63.28125,62.22656,59.0625,8.49609,7.08984,11.01563,12.36328,12.36328,13.82813,14.76563,15.11719,15.35156,15.41016,15.29297,15.23438,15.29297,0.100098,0.08667,0.091553,0.080566,0.085449,0.075684,0.085449,0.089111,0.08667,0.107422,0.102539
2018-05-23T19:00:00Z,39.02344,47.8125,52.38281,51.32813,57.30469,55.89844,66.79688,59.0625,62.22656,62.92969,64.6875,63.98438,8.32031,6.97266,11.07422,12.1875,12.59766,13.94531,14.76563,15.23438,15.23438,15.23438,15.64453,15.64453,15.64453,0.102539,0.10498,0.111084,0.095215,0.075684,0.079346,0.095215,0.092773,0.067139,0.079346,0.092773
2018-05-23T19:10:00Z,41.48438,48.86719,55.19531,54.49219,57.30469,62.92969,63.28125,62.57813,62.57813,67.85156,71.36719,67.5,8.32031,7.08984,11.25,12.83203,12.94922,13.82813,14.58984,14.82422,15.41016,15.76172,15.64453,14.88281,14.58984,0.092773,0.10376,0.102539,0.115967,0.106201,0.102539,0.08667,0.108643,0.093994,0.085449,0.097656
2018-05-23T19:20:00Z,42.1875,52.38281,54.84375,56.60156,60.82031,63.63281,61.17188,66.09375,66.09375,65.74219,68.20313,67.85156,8.37891,7.14844,11.54297,13.00781,12.71484,14.17969,14.94141,14.58984,15.05859,15.35156,15.11719,14.82422,15.17578,0.096436,0.092773,0.093994,0.108643,0.100098,0.081787,0.107422,0.117188,0.093994,0.085449,0.107422
2018-05-23T19:30:00Z,42.53906,49.21875,59.41406,59.0625,63.63281,67.14844,62.92969,66.09375,68.90625,67.5,72.07031,68.55469,9.02344,7.03125,10.78125,12.53906,12.77344,13.94531,14.47266,14.76563,14.94141,14.76563,14.88281,14.76563,14.94141,0.125732,0.112305,0.111084,0.155029,0.106201,0.115967,0.101318,0.078125,0.083008,0.102539,0.089111
2018-05-23T19:40:00Z,43.59375,54.49219,62.57813,57.30469,64.6875,67.14844,70.3125,68.55469,70.3125,66.79688,71.36719,72.42188,7.38281,6.26953,10.60547,12.01172,12.07031,14.0625,14.47266,13.94531,14.35547,14.70703,14.58984,14.23828,14.53125,0.108643,0.10376,0.111084,0.101318,0.096436,0.109863,0.10498,0.128174,0.106201,0.097656,0.108643
2018-05-23T19:50:00Z,46.40625,54.14063,58.00781,63.63281,60.11719,65.74219,67.85156,68.90625,68.55469,68.55469,72.42188,69.25781,7.20703,6.15234,10.42969,11.83594,11.60156,13.59375,14.47266,14.53125,14.41406,14.70703,14.76563,15.23438,15.11719,0.126953,0.112305,0.089111,0.109863,0.106201,0.112305,0.098877,0.089111,0.109863,0.096436,0.080566
2018-05-23T20:00:00Z,47.46094,52.73438,55.54688,56.60156,60.11719,67.85156,64.6875,68.55469,67.14844,68.90625,72.42188,67.85156,7.32422,6.09375,9.90234,10.95703,10.83984,12.53906,13.41797,14.0625,14.47266,14.94141,15.0,14.94141,14.76563,0.141602,0.114746,0.119629,0.123291,0.12085,0.097656,0.101318,0.108643,0.089111,0.096436,0.112305
2018-05-23T20:10:00Z,41.13281,46.75781,51.32813,50.97656,57.65625,62.57813,65.39063,63.98438,62.92969,64.6875,70.3125,68.55469,6.91406,5.68359,10.19531,11.36719,10.54688,13.00781,13.65234,14.17969,14.23828,14.82422,15.58594,15.87891,15.46875,0.10376,0.078125,0.13916,0.076904,0.096436,0.111084,0.080566,0.085449,0.097656,0.076904,0.107422
2018-05-23T20:20:00Z,37.61719,47.46094,52.73438,51.67969,54.14063,59.41406,60.82031,62.22656,62.22656,63.63281,63.98438,68.90625,6.79688,5.74219,10.3125,11.48438,11.36719,12.65625,13.59375,14.29688,14.76563,14.64844,15.11719,15.35156,15.23438,0.092773,0.101318,0.115967,0.12085,0.073242,0.087891,0.091553,0.12085,0.12085,0.073242,0.102539
2018-05-23T20:30:00Z,34.45313,45.70313,49.92188,48.16406,53.78906,55.89844,60.82031,60.11719,63.28125,65.74219,66.44531,66.09375,6.91406,5.625,10.13672,10.89844,11.19141,12.07031,13.125,14.17969,14.53125,14.76563,14.76563,14.47266,14.53125,0.117188,0.083008,0.083008,0.079346,0.092773,0.067139,0.107422,0.101318,0.08667,0.097656,0.090332
2018-05-23T20:40:00Z,35.15625,47.46094,50.27344,47.10938,55.19531,53.08594,58.71094,60.46875,56.95313,63.28125,63.28125,69.60938,7.14844,5.91797,10.48828,11.54297,11.60156,12.83203,13.47656,14.23828,14.64844,14.53125,14.64844,14.94141,15.23438,0.091553,0.083008,0.084229,0.074463,0.090332,0.090332,0.10498,0.107422,0.123291,0.124512,0.096436
2018-05-23T20:50:00Z,36.21094,44.64844,47.8125,48.16406,55.89844,57.30469,60.46875,59.41406,62.57813,65.03906,69.25781,68.55469,6.91406,5.80078,10.13672,11.48438,11.36719,12.89063,13.94531,14.58984,14.58984,14.88281,14.76563,14.82422,14.64844,0.079346,0.085449,0.091553,0.06958,0.056152,0.06958,0.093994,0.073242,0.087891,0.117188,0.075684
2018-05-23T21:00:00Z,34.10156,42.89063,46.05469,47.46094,52.73438,55.19531,58.00781,58.71094,63.28125,63.28125,69.25781,67.85156,6.91406,5.68359,9.14063,10.3125,10.07813,12.1875,13.30078,13.88672,14.17969,14.41406,14.41406,14.64844,14.47266,0.083008,0.111084,0.093994,0.08667,0.100098,0.081787,0.076904,0.08667,0.084229,0.083008,0.090332
2018-05-23T21:10:00Z,34.10156,48.86719,52.38281,47.10938,52.38281,56.60156,57.65625,58.71094,63.63281,65.03906,65.39063,67.14844,6.38672,5.33203,9.43359,10.66406,10.89844,12.30469,13.125,13.82813,14.47266,14.23828,14.00391,14.0625,14.64844,0.12207,0.080566,0.084229,0.090332,0.085449,0.081787,0.075684,0.085449,0.091553,0.073242,0.091553
2018-05-23T21:20:00Z,37.26563,44.29688,47.8125,46.05469,52.38281,54.84375,56.25,56.95313,64.33594,64.33594,65.03906,65.03906,6.38672,5.44922,9.60938,11.01563,10.78125,12.48047,13.30078,13.94531,14.23828,14.35547,14.12109,13.82813,13.88672,0.079346,0.080566,0.083008,0.092773,0.102539,0.097656,0.106201,0.109863,0.092773,0.079346,0.097656
2018-05-23T21:30:00Z,34.10156,48.16406,48.51563,51.67969,53.78906,53.78906,54.49219,56.25,58.00781,62.92969,66.79688,67.85156,6.44531,5.39063,9.84375,11.07422,11.13281,12.1875,12.89063,13.76953,14.17969,14.17969,14.47266,14.47266,14.53125,0.081787,0.085449,0.078125,0.087891,0.075684,0.075684,0.068359,0.109863,0.101318,0.090332,0.083008
2018-05-23T21:40:00Z,36.5625,45.0,45.0,46.40625,50.97656,53.78906,57.65625,58.35938,66.09375,69.25781,70.3125,70.66406,6.85547,5.39063,8.96484,10.01953,9.96094,11.42578,12.24609,13.47656,14.00391,14.12109,14.29688,14.23828,14.23828,0.115967,0.115967,0.106201,0.100098,0.098877,0.076904,0.081787,0.097656,0.083008,0.059814,0.112305
2018-05-23T21:50:00Z,33.75,45.70313,45.35156,48.86719,50.625,52.73438,55.19531,57.30469,61.17188,63.98438,66.79688,68.20313,6.21094,5.15625,8.78906,9.84375,9.60938,11.71875,13.24219,13.65234,14.29688,14.0625,14.17969,14.29688,14.29688,0.098877,0.08667,0.073242,0.095215,0.08667,0.079346,0.095215,0.089111,0.079346,0.098877,0.100098
2018-05-23T22:00:00Z,33.39844,41.48438,45.35156,47.8125,50.27344,56.60156,57.30469,58.71094,62.92969,65.03906,68.90625,67.85156,5.97656,4.80469,8.14453,9.60938,9.19922,11.71875,12.71484,13.47656,13.59375,14.0625,13.94531,14.17969,14.17969,0.124512,0.101318,0.112305,0.089111,0.080566,0.064697,0.109863,0.083008,0.080566,0.083008,0.107422
2018-05-23T22:10:00Z,37.26563,47.8125,50.27344,51.67969,52.73438,54.84375,55.19531,58.71094,62.57813,65.03906,65.74219,71.71875,6.85547,5.21484,9.72656,10.78125,10.72266,12.12891,12.59766,13.125,13.65234,13.82813,14.0625,14.0625,14.41406,0.06958,0.070801,0.062256,0.089111,0.085449,0.083008,0.076904,0.100098,0.106201,0.08667,0.083008
2018-05-23T22:20:00Z,41.48438,50.27344,49.21875,49.92188,51.67969,54.84375,59.0625,65.03906,66.44531,67.5,68.20313,73.47656,7.08984,5.85938,9.66797,10.78125,10.48828,12.42188,13.41797,13.59375,13.35938,13.35938,13.59375,13.88672,14.41406,0.070801,0.053711,0.092773,0.06958,0.106201,0.080566,0.111084,0.113525,0.090332,0.113525,0.081787
2018-05-23T22:30:00Z,42.1875,47.46094,49.21875,49.21875,52.38281,55.89844,61.875,62.57813,66.79688,68.55469,71.36719,73.47656,7.20703,5.85938,9.49219,10.66406,10.66406,11.95313,12.83203,13.06641,13.41797,13.30078,13.76953,14.23828,14.82422,0.084229,0.067139,0.087891,0.080566,0.080566,0.101318,0.073242,0.074463,0.079346,0.057373,0.065918
2018-05-23T22:40:00Z,43.24219,47.8125,50.27344,48.86719,56.25,59.0625,63.98438,66.44531,65.74219,69.25781,71.71875,79.45313,6.91406,5.74219,9.19922,10.60547,10.3125,12.36328,13.00781,13.06641,13.35938,13.76953,14.00391,14.41406,14.70703,0.085449,0.097656,0.070801,0.102539,0.081787,0.079346,0.090332,0.08667,0.074463,0.074463,0.096436
2018-05-23T22:50:00Z,46.40625,50.625,53.4375,53.78906,58.35938,61.17188,65.39063,68.20313,67.85156,71.71875,74.53125,73.82813,7.08984,5.80078,9.90234,11.01563,10.89844,12.48047,13.00781,13.30078,13.53516,13.47656,14.23828,14.76563,14.88281,0.08667,0.070801,0.090332,0.070801,0.070801,0.083008,0.06958,0.067139,0.102539,0.081787,0.100098
2018-05-23T23:00:00Z,47.8125,48.16406,51.67969,51.32813,58.00781,62.92969,65.39063,69.96094,71.36719,75.9375,79.80469,78.39844,7.20703,6.09375,9.90234,11.19141,11.25,12.65625,13.18359,13.24219,13.71094,14.17969,15.29297,15.46875,15.52734,0.10498,0.090332,0.100098,0.095215,0.112305,0.091553,0.081787,0.090332,0.078125,0.102539,0.10376
2018-05-23T23:10:00Z,48.16406,49.57031,49.57031,51.32813,54.49219,62.92969,67.14844,69.60938,71.71875,73.82813,77.69531,79.45313,7.55859,6.03516,9.49219,10.95703,10.48828,12.71484,13.30078,13.30078,13.47656,13.71094,14.58984,15.35156,15.46875,0.08667,0.065918,0.076904,0.076904,0.078125,0.075684,0.072021,0.089111,0.065918,0.084229,0.085449
2018-05-23T23:20:00Z,44.29688,46.40625,48.16406,49.21875,54.84375,60.11719,65.39063,66.79688,68.90625,71.36719,77.34375,80.15625,7.38281,5.97656,9.43359,10.60547,10.48828,11.89453,12.42188,12.59766,13.06641,13.94531,14.58984,15.29297,15.23438,0.079346,0.098877,0.083008,0.075684,0.095215,0.113525,0.084229,0.067139,0.073242,0.084229,0.090332
2018-05-23T23:30:00Z,41.83594,48.51563,48.51563,49.57031,50.625,58.00781,64.6875,61.17188,66.09375,68.55469,74.53125,77.34375,6.85547,5.85938,9.375,10.42969,10.3125,11.83594,12.53906,12.71484,12.36328,13.35938,14.12109,14.41406,14.94141,0.08667,0.076904,0.092773,0.081787,0.092773,0.097656,0.093994,0.056152,0.064697,0.087891,0.096436
2018-05-23T23:40:00Z,39.72656,46.05469,44.64844,46.05469,50.625,53.78906,57.65625,59.76563,60.11719,66.09375,69.60938,71.71875,7.5,5.91797,9.25781,10.37109,10.3125,11.77734,12.65625,12.65625,12.65625,13.125,14.12109,14.53125,14.70703,0.100098,0.061035,0.06958,0.067139,0.08667,0.111084,0.074463,0.074463,0.074463,0.061035,0.075684
2018-05-23T23:50:00Z,36.5625,44.29688,46.05469,49.92188,49.92188,53.4375,58.71094,58.00781,61.17188,67.14844,69.25781,71.71875,7.03125,5.80078,9.14063,10.07813,9.90234,11.48438,12.1875,12.71484,12.77344,13.24219,13.88672,14.58984,14.58984,0.096436,0.079346,0.081787,0.079346,0.085449,0.097656,0.072021,0.072021,0.079346,0.102539,0.085449