LOCATION: 
SYSTEM SERIAL: HKZA
TIMESTAMP (ISO-8601) UTC,WindDir004m deg,WindDir030m deg,WindDir040m deg,WindDir040m_ref deg,WindDir060m deg,WindDir080m deg,WindDir100m deg,WindDir120m deg,WindDir140m deg,WindDir160m deg,WindDir180m deg,WindDir200m deg,WindGust004m m/s,WindSpeed004m m/s,WindSpeed030mh m/s,WindSpeed040mh m/s,WindSpeed040m_refh m/s,WindSpeed060mh m/s,WindSpeed080mh m/s,WindSpeed100mh m/s,WindSpeed120mh m/s,WindSpeed140mh m/s,WindSpeed160mh m/s,WindSpeed180mh m/s,WindSpeed200mh m/s,TI 030m,TI 040m,TI 040m ref,TI 060m,TI 080m,TI 100m,TI 120m,TI 140m,TI 160m,TI 180m,TI 200m
2018-01-09T00:40:00Z,92.8125,98.08594,97.03125,99.84375,95.625,92.8125,98.4375,98.78906,97.73438,100.19531,101.25,101.95313,11.71875,9.49219,10.54688,10.54688,10.83984,10.89844,11.13281,11.36719,10.89844,11.36719,11.54297,11.71875,11.48438,0.124512,0.13916,0.10376,0.125732,0.151367,0.140381,0.144043,0.146484,0.12085,0.137939,0.124512
2018-01-09T00:50:00Z,94.92188,98.4375,99.14063,97.38281,103.00781,100.54688,97.03125,99.14063,99.84375,100.89844,100.89844,103.00781,12.12891,10.01953,11.89453,11.71875,11.30859,11.54297,11.13281,11.36719,11.89453,12.12891,11.95313,12.01172,11.95313,0.131836,0.113525,0.152588,0.13916,0.133057,0.153809,0.125732,0.109863,0.112305,0.118408,0.140381
2018-01-09T01:20:00Z,97.38281,98.78906,103.35938,102.65625,98.4375,102.65625,98.4375,104.0625,102.65625,103.35938,101.25,102.65625,11.30859,9.31641,11.13281,11.07422,11.13281,11.13281,11.30859,11.25,11.60156,11.36719,11.30859,11.36719,11.54297,0.106201,0.124512,0.150146,0.134277,0.113525,0.141602,0.167236,0.141602,0.129395,0.124512,0.12085
2018-01-09T01:30:00Z,97.38281,99.49219,99.49219,101.25,100.54688,102.65625,99.14063,104.76563,104.0625,102.65625,104.0625,104.41406,11.19141,9.08203,10.19531,10.19531,10.25391,10.13672,10.72266,10.78125,11.01563,10.48828,10.25391,10.54688,10.83984,0.148926,0.150146,0.136719,0.134277,0.115967,0.126953,0.102539,0.137939,0.145264,0.141602,0.130615
2018-01-09T01:40:00Z,100.89844,104.0625,103.00781,106.875,101.25,104.41406,104.0625,104.0625,103.71094,103.35938,104.41406,107.92969,11.48438,8.73047,9.55078,9.96094,10.13672,9.96094,10.60547,10.13672,10.25391,9.78516,10.19531,10.54688,10.60547,0.140381,0.137939,0.15625,0.126953,0.119629,0.130615,0.133057,0.155029,0.130615,0.12085,0.147705
2018-01-09T01:50:00Z,100.89844,105.82031,104.0625,104.41406,104.76563,104.76563,104.76563,106.875,104.41406,103.71094,111.44531,105.11719,10.48828,8.32031,9.49219,9.55078,9.66797,10.19531,10.13672,10.01953,9.84375,10.37109,10.25391,10.3125,10.42969,0.142822,0.12207,0.123291,0.153809,0.125732,0.129395,0.148926,0.155029,0.146484,0.137939,0.106201
2018-01-09T02:00:00Z,102.30469,105.82031,104.0625,107.57813,105.11719,107.22656,104.76563,106.52344,104.76563,103.00781,105.11719,105.82031,10.48828,8.73047,9.72656,9.90234,10.19531,10.37109,10.37109,10.37109,10.3125,10.13672,10.13672,10.42969,10.66406,0.135498,0.126953,0.123291,0.129395,0.114746,0.12207,0.140381,0.126953,0.111084,0.157471,0.119629
2018-01-09T02:10:00Z,104.41406,106.52344,107.92969,110.39063,102.30469,107.57813,102.65625,106.875,106.17188,109.6875,110.03906,112.14844,11.30859,9.08203,10.13672,10.25391,10.13672,10.48828,10.37109,9.90234,10.3125,10.72266,10.54688,10.78125,10.78125,0.146484,0.125732,0.119629,0.108643,0.134277,0.137939,0.12207,0.137939,0.142822,0.118408,0.124512
2018-01-09T02:20:00Z,108.28125,113.90625,113.20313,113.90625,110.39063,112.14844,111.09375,110.03906,110.39063,110.39063,110.03906,111.09375,11.19141,8.84766,9.72656,9.96094,10.07813,10.01953,10.42969,10.37109,10.3125,10.37109,10.42969,10.3125,10.66406,0.196533,0.129395,0.161133,0.093994,0.114746,0.146484,0.12085,0.100098,0.115967,0.111084,0.119629
2018-01-09T02:30:00Z,104.0625,108.28125,108.63281,110.39063,107.57813,107.92969,108.28125,111.09375,109.6875,108.28125,108.63281,107.22656,10.95703,8.67188,9.84375,9.60938,10.3125,9.96094,9.84375,10.3125,10.3125,10.13672,10.19531,10.25391,10.13672,0.111084,0.106201,0.117188,0.114746,0.123291,0.125732,0.115967,0.114746,0.101318,0.130615,0.112305
2018-01-09T02:40:00Z,101.60156,107.92969,103.35938,104.76563,107.22656,103.35938,105.46875,103.35938,105.82031,104.41406,106.875,105.11719,11.25,8.4375,9.55078,9.375,9.49219,9.72656,9.60938,9.84375,9.55078,9.78516,9.60938,9.60938,9.72656,0.117188,0.150146,0.144043,0.157471,0.157471,0.145264,0.155029,0.090332,0.140381,0.140381,0.117188
2018-01-09T02:50:00Z,100.19531,103.35938,104.76563,105.82031,104.0625,104.41406,104.41406,105.11719,105.82031,105.11719,106.52344,104.0625,10.42969,8.49609,9.49219,9.31641,9.66797,9.55078,9.78516,9.84375,9.43359,9.14063,9.02344,9.66797,9.72656,0.144043,0.119629,0.12207,0.126953,0.134277,0.12085,0.108643,0.114746,0.136719,0.114746,0.125732
2018-01-09T03:00:00Z,99.49219,104.0625,99.84375,103.00781,102.30469,100.89844,103.00781,104.41406,104.41406,101.60156,103.00781,103.35938,10.3125,8.61328,9.19922,9.49219,9.49219,9.78516,10.01953,9.90234,9.78516,9.19922,9.43359,9.72656,10.13672,0.135498,0.12085,0.119629,0.112305,0.130615,0.113525,0.112305,0.153809,0.135498,0.12085,0.117188
2018-01-09T03:10:00Z,100.54688,103.00781,102.65625,105.82031,101.25,104.0625,101.60156,107.22656,102.30469,106.17188,104.0625,106.52344,10.19531,8.14453,9.02344,9.08203,9.02344,9.43359,9.31641,9.375,9.55078,9.43359,9.78516,9.55078,9.66797,0.098877,0.111084,0.112305,0.083008,0.087891,0.117188,0.130615,0.108643,0.111084,0.102539,0.102539
2018-01-09T03:20:00Z,99.49219,100.89844,98.4375,105.11719,103.71094,106.52344,106.875,104.0625,106.52344,105.46875,105.11719,106.52344,10.78125,8.49609,9.375,9.375,9.55078,9.49219,9.49219,9.31641,9.43359,9.66797,9.78516,9.55078,9.60938,0.102539,0.12207,0.118408,0.144043,0.158691,0.130615,0.114746,0.147705,0.10376,0.136719,0.115967
2018-01-09T03:30:00Z,101.95313,101.95313,105.46875,105.11719,102.30469,106.52344,104.0625,107.92969,105.11719,111.44531,108.63281,106.875,11.48438,9.25781,10.3125,10.3125,10.25391,10.13672,10.54688,10.42969,10.60547,10.60547,10.72266,10.37109,10.83984,0.134277,0.100098,0.118408,0.112305,0.136719,0.106201,0.107422,0.117188,0.102539,0.102539,0.109863
2018-01-09T03:40:00Z,100.54688,103.71094,104.0625,102.30469,106.52344,105.46875,104.0625,106.17188,106.52344,106.52344,110.74219,107.92969,11.13281,9.31641,10.25391,10.25391,10.19531,10.3125,10.42969,10.42969,10.54688,10.60547,10.89844,10.83984,10.54688,0.131836,0.147705,0.108643,0.136719,0.12207,0.123291,0.118408,0.118408,0.10376,0.118408,0.107422
2018-01-09T03:50:00Z,102.65625,105.82031,106.875,109.33594,106.875,107.22656,103.71094,109.33594,108.28125,108.98438,109.6875,108.98438,11.77734,9.66797,10.78125,11.07422,11.30859,10.54688,10.78125,11.13281,11.30859,11.07422,11.19141,10.83984,11.54297,0.118408,0.095215,0.117188,0.140381,0.114746,0.098877,0.102539,0.118408,0.095215,0.145264,0.112305
2018-01-09T04:00:00Z,103.35938,109.6875,105.46875,107.57813,104.41406,105.82031,107.57813,108.98438,108.98438,112.14844,109.33594,110.03906,11.48438,9.66797,10.83984,10.78125,11.25,10.83984,11.25,11.54297,11.13281,11.42578,11.30859,11.54297,11.36719,0.097656,0.115967,0.128174,0.126953,0.134277,0.128174,0.136719,0.108643,0.125732,0.128174,0.095215
2018-01-09T04:10:00Z,101.25,105.82031,104.41406,105.11719,106.875,105.46875,108.28125,104.0625,108.28125,108.63281,107.92969,107.92969,11.60156,9.72656,10.95703,11.13281,11.07422,11.48438,11.30859,11.07422,11.19141,11.60156,11.36719,11.25,11.77734,0.083008,0.129395,0.119629,0.107422,0.10376,0.134277,0.119629,0.101318,0.112305,0.136719,0.108643
2018-01-09T04:50:00Z,98.08594,101.95313,104.41406,104.0625,103.71094,103.35938,104.0625,105.46875,103.00781,104.0625,108.98438,106.17188,11.48438,9.60938,10.83984,11.07422,10.95703,11.07422,11.54297,11.07422,11.36719,11.36719,11.30859,11.89453,11.71875,0.151367,0.134277,0.117188,0.113525,0.129395,0.153809,0.123291,0.147705,0.142822,0.080566,0.125732
2018-01-09T05:00:00Z,95.27344,100.19531,101.95313,100.19531,99.14063,104.0625,102.65625,102.65625,104.0625,103.71094,105.82031,107.22656,13.06641,9.66797,10.60547,10.72266,10.72266,10.89844,10.83984,11.07422,11.07422,10.89844,11.25,11.48438,11.77734,0.153809,0.152588,0.128174,0.155029,0.133057,0.130615,0.117188,0.130615,0.090332,0.12085,0.114746
2018-01-09T05:10:00Z,93.16406,99.49219,100.89844,100.19531,100.89844,100.19531,100.54688,102.30469,101.95313,104.0625,104.0625,103.71094,11.30859,9.25781,10.3125,10.42969,10.48828,10.19531,10.42969,10.37109,10.48828,10.48828,10.89844,10.89844,11.01563,0.134277,0.135498,0.136719,0.124512,0.119629,0.106201,0.147705,0.131836,0.109863,0.142822,0.113525
2018-01-09T05:20:00Z,95.625,99.49219,99.49219,103.71094,95.27344,101.60156,100.89844,100.19531,101.95313,102.30469,99.84375,105.82031,11.36719,8.67188,9.55078,9.55078,9.72656,9.84375,9.72656,9.78516,9.66797,10.01953,9.96094,10.3125,10.42969,0.161133,0.109863,0.180664,0.148926,0.114746,0.12207,0.153809,0.152588,0.107422,0.115967,0.130615
2018-01-09T05:30:00Z,92.10938,93.51563,94.57031,98.08594,95.97656,98.08594,98.78906,97.73438,103.00781,99.14063,101.60156,102.65625,10.3125,8.73047,9.25781,9.66797,9.49219,9.90234,9.90234,9.43359,9.66797,9.55078,9.55078,9.90234,10.07813,0.115967,0.13916,0.137939,0.097656,0.089111,0.129395,0.111084,0.098877,0.129395,0.166016,0.100098
2018-01-09T05:40:00Z,90.70313,94.92188,98.08594,94.21875,96.67969,93.51563,95.625,99.14063,99.14063,98.08594,102.30469,99.49219,11.25,9.19922,10.42969,10.13672,10.42969,9.60938,10.13672,10.42969,10.25391,10.19531,10.25391,10.72266,10.37109,0.128174,0.134277,0.157471,0.179443,0.12207,0.129395,0.180664,0.141602,0.140381,0.12207,0.112305
2018-01-09T05:50:00Z,95.97656,103.35938,99.84375,98.4375,98.4375,102.65625,101.95313,99.14063,100.89844,101.25,101.60156,107.22656,11.13281,9.14063,10.01953,10.07813,10.25391,10.54688,10.54688,10.25391,10.3125,10.48828,10.72266,10.89844,10.72266,0.115967,0.129395,0.125732,0.130615,0.113525,0.150146,0.102539,0.141602,0.130615,0.068359,0.128174
2018-01-09T06:00:00Z,93.16406,94.21875,98.78906,96.32813,98.4375,97.38281,98.78906,100.54688,101.25,102.30469,104.0625,101.60156,11.83594,9.375,10.25391,10.72266,10.25391,10.78125,10.48828,10.42969,10.72266,10.89844,11.01563,10.72266,10.72266,0.153809,0.155029,0.10498,0.137939,0.118408,0.137939,0.123291,0.126953,0.147705,0.135498,0.113525
2018-01-09T06:10:00Z,94.57031,98.4375,99.49219,99.84375,100.19531,99.49219,100.54688,97.38281,97.38281,101.60156,101.25,101.60156,11.95313,9.31641,10.3125,10.19531,10.37109,10.48828,10.19531,10.13672,10.3125,10.48828,10.42969,10.42969,10.42969,0.126953,0.133057,0.106201,0.101318,0.141602,0.133057,0.115967,0.126953,0.128174,0.102539,0.118408
2018-01-09T06:20:00Z,95.27344,99.49219,99.49219,99.84375,98.78906,98.78906,96.67969,100.89844,100.19531,100.19531,102.65625,99.49219,11.54297,9.72656,10.19531,10.3125,10.66406,10.42969,10.66406,10.78125,10.60547,10.60547,10.54688,10.66406,10.72266,0.137939,0.144043,0.144043,0.13916,0.136719,0.133057,0.113525,0.106201,0.124512,0.118408,0.092773
2018-01-09T06:30:00Z,99.49219,101.60156,104.0625,103.00781,102.65625,102.65625,103.35938,103.00781,103.35938,104.41406,107.57813,107.22656,11.60156,9.66797,11.07422,11.13281,10.54688,10.60547,10.3125,10.54688,10.48828,11.01563,10.95703,10.89844,10.60547,0.145264,0.092773,0.117188,0.10498,0.153809,0.10498,0.109863,0.141602,0.106201,0.111084,0.142822
2018-01-09T06:40:00Z,101.25,107.92969,104.76563,101.25,101.25,104.76563,102.30469,104.41406,106.875,106.52344,108.98438,107.22656,11.77734,9.375,10.25391,9.84375,10.66406,9.96094,10.42969,10.60547,10.25391,10.07813,10.25391,10.60547,10.72266,0.140381,0.140381,0.115967,0.141602,0.118408,0.126953,0.144043,0.161133,0.140381,0.140381,0.126953
2018-01-09T06:50:00Z,101.25,104.41406,102.30469,103.00781,105.11719,105.46875,106.17188,106.52344,108.63281,108.28125,105.11719,107.22656,10.89844,9.19922,10.19531,10.25391,10.3125,10.3125,10.42969,10.42969,10.60547,10.78125,10.3125,10.3125,10.89844,0.135498,0.098877,0.119629,0.109863,0.129395,0.106201,0.101318,0.113525,0.114746,0.12207,0.113525
2018-01-09T07:00:00Z,101.25,104.76563,105.46875,101.60156,102.65625,104.0625,103.00781,102.65625,108.63281,107.92969,105.11719,105.46875,11.25,9.375,10.07813,10.13672,10.78125,9.90234,10.3125,10.54688,10.89844,10.78125,10.42969,10.19531,10.83984,0.126953,0.096436,0.131836,0.096436,0.107422,0.097656,0.106201,0.101318,0.100098,0.117188,0.113525
2018-01-09T07:10:00Z,100.89844,101.60156,102.30469,101.25,105.11719,102.65625,102.65625,102.65625,107.57813,104.0625,105.82031,104.41406,11.66016,9.72656,10.95703,10.78125,10.83984,10.89844,10.66406,11.01563,10.89844,10.72266,10.89844,10.89844,11.19141,0.108643,0.098877,0.115967,0.109863,0.102539,0.085449,0.113525,0.10376,0.100098,0.097656,0.085449
2018-01-09T07:20:00Z,104.41406,104.76563,104.41406,107.57813,106.875,105.11719,106.52344,108.28125,106.17188,110.39063,110.39063,110.39063,10.78125,8.73047,9.43359,9.55078,9.78516,9.78516,9.78516,9.66797,10.07813,9.90234,10.19531,10.07813,10.3125,0.114746,0.130615,0.109863,0.109863,0.12207,0.126953,0.08667,0.095215,0.108643,0.107422,0.129395
2018-01-09T07:30:00Z,105.82031,108.63281,107.22656,107.57813,110.39063,108.28125,105.82031,113.55469,111.09375,111.79688,113.90625,116.01563,10.66406,8.78906,9.66797,9.84375,9.78516,9.60938,9.72656,9.66797,9.96094,9.84375,9.60938,9.60938,9.66797,0.135498,0.147705,0.112305,0.111084,0.119629,0.108643,0.090332,0.130615,0.133057,0.108643,0.107422
2018-01-09T07:40:00Z,108.28125,108.98438,111.09375,110.39063,112.5,111.79688,111.44531,113.90625,115.3125,116.01563,121.28906,137.46094,9.96094,8.4375,9.19922,9.43359,9.31641,9.375,9.375,9.25781,9.55078,9.55078,9.375,9.55078,9.49219,0.115967,0.080566,0.147705,0.100098,0.119629,0.113525,0.096436,0.100098,0.109863,0.087891,0.097656
2018-01-09T07:50:00Z,110.74219,112.14844,112.14844,110.03906,109.6875,112.5,113.55469,114.96094,114.60938,115.3125,121.99219,125.85938,10.25391,8.61328,9.31641,9.14063,9.31641,9.43359,9.49219,9.55078,9.375,9.375,9.55078,9.66797,9.66797,0.126953,0.112305,0.119629,0.113525,0.101318,0.101318,0.137939,0.158691,0.146484,0.141602,0.119629
2018-01-09T08:00:00Z,111.79688,113.90625,112.5,110.39063,113.20313,113.20313,112.14844,114.25781,117.07031,116.71875,117.07031,120.9375,10.48828,8.73047,9.49219,9.43359,9.55078,9.43359,9.25781,9.60938,9.49219,9.49219,9.60938,9.49219,9.375,0.12207,0.133057,0.10498,0.10376,0.10498,0.100098,0.114746,0.15625,0.169678,0.119629,0.129395
2018-01-09T08:20:00Z,111.79688,112.14844,112.14844,110.03906,112.14844,114.25781,112.14844,113.55469,115.66406,118.47656,122.34375,124.80469,10.19531,8.26172,9.02344,9.14063,9.14063,9.19922,9.02344,9.08203,9.19922,9.72656,9.31641,9.19922,9.08203,0.100098,0.091553,0.158691,0.115967,0.12085,0.090332,0.147705,0.131836,0.137939,0.155029,0.148926
2018-01-09T09:10:00Z,121.99219,121.99219,122.69531,125.15625,123.75,124.80469,122.69531,126.21094,126.91406,131.48438,134.64844,131.48438,10.37109,8.32031,8.73047,8.78906,8.90625,8.90625,8.84766,8.67188,8.84766,8.90625,9.02344,8.4375,8.84766,0.098877,0.089111,0.114746,0.119629,0.106201,0.111084,0.12085,0.108643,0.097656,0.159912,0.137939
2018-01-09T09:20:00Z,122.34375,123.39844,121.99219,127.61719,125.15625,124.10156,130.07813,130.42969,132.53906,134.29688,137.46094,140.27344,9.375,7.44141,8.02734,7.96875,8.14453,8.26172,8.4375,8.37891,8.20313,8.4375,8.20313,8.08594,8.32031,0.119629,0.140381,0.134277,0.128174,0.115967,0.126953,0.107422,0.125732,0.124512,0.151367,0.159912
2018-01-09T09:30:00Z,124.80469,125.15625,124.80469,130.42969,126.91406,130.07813,131.83594,129.375,130.07813,135.35156,133.24219,138.16406,9.08203,7.44141,7.79297,8.02734,7.91016,8.37891,8.08594,8.02734,8.4375,8.02734,8.55469,8.26172,8.4375,0.137939,0.112305,0.172119,0.123291,0.172119,0.136719,0.115967,0.135498,0.136719,0.109863,0.111084
2018-01-09T09:40:00Z,127.96875,129.72656,132.1875,130.42969,129.02344,130.78125,132.53906,134.64844,135.0,140.27344,138.86719,145.54688,9.66797,7.55859,8.14453,8.02734,7.91016,8.14453,8.26172,8.26172,8.32031,8.26172,8.32031,8.61328,8.78906,0.096436,0.108643,0.113525,0.108643,0.095215,0.144043,0.147705,0.107422,0.119629,0.13916,0.126953
2018-01-09T09:50:00Z,126.21094,124.45313,126.91406,125.15625,127.96875,129.375,130.78125,134.64844,136.40625,142.38281,144.49219,146.95313,8.90625,7.32422,7.73438,7.85156,7.5,7.79297,7.61719,7.61719,7.67578,7.79297,7.73438,7.38281,7.5,0.10498,0.113525,0.141602,0.113525,0.126953,0.142822,0.111084,0.128174,0.140381,0.136719,0.15625
2018-01-09T10:00:00Z,121.64063,122.69531,123.04688,122.69531,124.80469,126.91406,129.72656,131.13281,132.1875,139.92188,143.78906,145.54688,8.02734,6.67969,6.97266,7.08984,7.03125,7.26563,7.08984,7.08984,7.08984,7.03125,7.20703,7.20703,7.08984,0.115967,0.101318,0.161133,0.142822,0.161133,0.141602,0.161133,0.184326,0.137939,0.157471,0.131836
2018-01-09T10:10:00Z,119.88281,117.42188,121.64063,122.34375,119.88281,121.64063,124.45313,126.21094,129.375,135.0,139.57031,136.05469,8.20313,6.5625,7.08984,7.14844,7.20703,7.08984,6.97266,6.97266,6.73828,6.91406,6.67969,6.44531,6.62109,0.134277,0.126953,0.141602,0.152588,0.175781,0.152588,0.157471,0.147705,0.168457,0.200195,0.151367
2018-01-09T10:20:00Z,116.71875,116.36719,116.01563,116.71875,118.125,120.58594,123.39844,126.21094,130.42969,136.05469,132.53906,139.92188,7.85156,6.03516,6.44531,6.73828,6.32813,6.73828,6.44531,6.5625,6.44531,6.50391,5.97656,6.15234,6.15234,0.130615,0.150146,0.12207,0.101318,0.13916,0.133057,0.135498,0.114746,0.131836,0.202637,0.131836
2018-01-09T10:30:00Z,114.25781,117.42188,114.60938,112.85156,115.66406,121.64063,121.28906,124.45313,126.91406,135.0,131.13281,134.64844,7.96875,6.26953,7.03125,6.91406,6.91406,6.97266,6.44531,6.67969,6.44531,6.5625,6.26953,6.21094,6.21094,0.150146,0.140381,0.144043,0.131836,0.186768,0.151367,0.169678,0.17334,0.180664,0.227051,0.163574
2018-01-09T10:40:00Z,112.5,116.01563,111.79688,116.01563,114.96094,117.42188,122.69531,123.04688,126.91406,131.83594,140.97656,137.8125,7.5,5.91797,6.26953,6.38672,6.79688,6.32813,6.38672,5.85938,6.15234,5.91797,5.97656,5.74219,5.68359,0.172119,0.166016,0.130615,0.147705,0.17334,0.212402,0.202637,0.209961,0.175781,0.214844,0.17334
2018-01-09T10:50:00Z,113.55469,117.42188,113.55469,114.25781,116.01563,118.47656,121.28906,122.69531,128.67188,132.89063,127.26563,136.05469,7.44141,5.68359,6.09375,6.03516,6.09375,6.15234,5.85938,6.09375,5.91797,5.97656,5.44922,5.74219,5.39063,0.092773,0.111084,0.155029,0.158691,0.181885,0.124512,0.17334,0.179443,0.253906,0.197754,0.218506
2018-01-09T11:00:00Z,123.04688,123.04688,125.15625,126.91406,126.91406,127.96875,125.85938,130.42969,128.67188,131.13281,133.59375,135.35156,8.37891,6.5625,6.97266,7.03125,6.85547,6.91406,6.79688,7.08984,6.91406,6.91406,6.97266,6.85547,6.85547,0.144043,0.136719,0.152588,0.155029,0.180664,0.168457,0.152588,0.179443,0.167236,0.135498,0.140381
2018-01-09T11:10:00Z,120.23438,123.04688,123.04688,125.50781,124.10156,125.50781,124.10156,130.42969,133.59375,132.53906,135.0,134.64844,8.02734,6.44531,6.91406,6.85547,6.97266,7.03125,7.08984,7.20703,6.97266,6.85547,6.62109,6.97266,7.08984,0.124512,0.157471,0.153809,0.141602,0.137939,0.180664,0.129395,0.129395,0.181885,0.140381,0.15625
2018-01-09T11:20:00Z,120.9375,122.34375,123.04688,121.28906,125.85938,128.67188,129.72656,131.48438,131.83594,137.10938,138.16406,140.27344,7.79297,6.03516,6.32813,6.67969,6.50391,6.62109,6.85547,6.44531,6.50391,6.44531,6.85547,6.79688,6.5625,0.196533,0.144043,0.152588,0.192871,0.150146,0.200195,0.134277,0.177002,0.15625,0.135498,0.167236
2018-01-09T11:30:00Z,125.15625,128.32031,124.80469,124.45313,128.32031,129.375,134.64844,135.0,133.94531,138.51563,141.67969,140.97656,7.96875,6.09375,6.38672,6.62109,6.67969,6.5625,6.73828,6.79688,6.50391,6.50391,6.79688,6.79688,6.32813,0.126953,0.126953,0.159912,0.141602,0.15625,0.111084,0.125732,0.169678,0.135498,0.158691,0.163574
2018-01-09T11:40:00Z,129.72656,131.13281,129.72656,130.07813,132.1875,134.29688,137.10938,138.86719,140.97656,143.08594,144.14063,146.25,8.67188,6.73828,7.20703,7.32422,7.38281,7.26563,7.32422,7.55859,7.55859,7.32422,7.38281,7.44141,7.32422,0.151367,0.145264,0.114746,0.153809,0.170898,0.157471,0.13916,0.184326,0.158691,0.167236,0.159912
2018-01-09T11:50:00Z,131.48438,129.72656,132.1875,133.24219,131.83594,134.64844,136.05469,140.27344,137.8125,139.57031,143.08594,146.95313,8.67188,6.79688,7.14844,7.67578,6.97266,7.85156,7.73438,7.67578,7.5,7.26563,7.61719,7.79297,7.55859,0.134277,0.112305,0.109863,0.131836,0.106201,0.112305,0.107422,0.134277,0.146484,0.111084,0.114746
2018-01-09T12:00:00Z,130.78125,133.59375,132.53906,133.24219,133.59375,137.10938,138.16406,137.10938,142.73438,143.4375,143.78906,144.84375,8.4375,6.50391,7.03125,7.14844,7.26563,7.20703,7.32422,7.08984,7.26563,7.61719,7.26563,7.20703,7.14844,0.168457,0.119629,0.098877,0.157471,0.151367,0.124512,0.10498,0.144043,0.133057,0.169678,0.131836
2018-01-09T12:10:00Z,131.13281,133.59375,135.70313,135.70313,136.75781,135.70313,140.27344,141.67969,143.78906,145.54688,149.41406,150.82031,7.61719,6.15234,7.03125,7.03125,6.97266,7.03125,7.03125,7.08984,7.03125,6.85547,7.20703,7.03125,7.03125,0.167236,0.131836,0.087891,0.098877,0.140381,0.135498,0.111084,0.124512,0.115967,0.096436,0.117188
2018-01-09T12:20:00Z,133.24219,136.75781,137.10938,136.05469,136.05469,140.625,142.03125,142.03125,143.08594,145.19531,151.875,151.17188,7.44141,5.80078,6.67969,6.5625,6.73828,6.91406,6.85547,6.67969,6.50391,6.91406,7.03125,7.20703,7.08984,0.150146,0.115967,0.185547,0.106201,0.12207,0.124512,0.150146,0.140381,0.107422,0.100098,0.135498
2018-01-09T12:30:00Z,138.16406,139.92188,142.03125,139.92188,138.86719,143.08594,144.49219,146.25,148.00781,149.76563,153.28125,158.20313,7.55859,5.74219,6.38672,6.26953,6.38672,6.44531,6.62109,6.79688,6.73828,6.91406,7.26563,7.5,7.73438,0.159912,0.123291,0.131836,0.118408,0.135498,0.10376,0.131836,0.130615,0.123291,0.119629,0.098877
2018-01-09T12:40:00Z,139.57031,143.4375,140.27344,144.49219,145.89844,146.60156,149.41406,150.46875,151.52344,156.79688,159.60938,167.34375,7.03125,5.50781,6.38672,6.15234,6.38672,6.62109,6.5625,6.5625,6.85547,7.03125,7.44141,7.44141,7.38281,0.15625,0.134277,0.169678,0.129395,0.142822,0.144043,0.145264,0.119629,0.10498,0.158691,0.181885
2018-01-09T12:50:00Z,139.57031,146.95313,146.60156,145.89844,149.0625,150.82031,153.63281,155.74219,158.55469,162.77344,165.58594,171.21094,6.62109,5.39063,5.85938,6.15234,5.91797,6.03516,6.21094,6.38672,6.5625,6.73828,7.38281,7.67578,7.91016,0.172119,0.178223,0.109863,0.137939,0.201416,0.17334,0.134277,0.137939,0.172119,0.114746,0.13916
2018-01-09T13:00:00Z,143.78906,148.71094,152.22656,150.11719,153.63281,155.39063,157.85156,163.125,166.28906,171.21094,172.96875,177.1875,6.67969,4.98047,5.56641,5.68359,5.68359,5.68359,5.97656,6.32813,6.38672,6.91406,7.26563,7.44141,8.08594,0.115967,0.137939,0.158691,0.168457,0.141602,0.142822,0.168457,0.205078,0.150146,0.136719,0.135498
2018-01-09T13:10:00Z,146.60156,155.39063,153.98438,155.03906,156.79688,159.96094,164.53125,166.64063,172.96875,177.89063,185.97656,187.03125,5.91797,4.86328,5.39063,5.33203,5.44922,5.39063,5.74219,6.03516,6.44531,6.85547,7.5,7.5,7.85156,0.108643,0.144043,0.109863,0.093994,0.112305,0.130615,0.12085,0.151367,0.192871,0.179443,0.117188
2018-01-09T13:20:00Z,146.95313,153.63281,155.03906,156.09375,157.14844,157.5,162.77344,164.53125,171.91406,181.05469,186.32813,189.84375,6.03516,4.92188,5.39063,5.50781,5.625,5.56641,5.68359,5.91797,6.15234,6.73828,7.14844,7.73438,7.85156,0.100098,0.136719,0.113525,0.096436,0.098877,0.162354,0.123291,0.162354,0.174561,0.112305,0.074463
2018-01-09T13:30:00Z,146.95313,153.63281,152.92969,155.03906,155.03906,157.85156,159.96094,164.88281,169.80469,178.59375,185.625,184.21875,6.38672,5.39063,5.74219,5.625,5.625,5.85938,5.85938,6.26953,6.21094,6.67969,7.61719,7.96875,8.20313,0.089111,0.068359,0.140381,0.125732,0.087891,0.092773,0.112305,0.087891,0.068359,0.10498,0.101318
2018-01-09T13:40:00Z,151.17188,158.20313,155.03906,154.6875,158.55469,159.60938,162.42188,165.58594,172.61719,178.24219,184.92188,189.84375,6.15234,5.03906,5.56641,5.56641,5.68359,5.80078,5.85938,6.21094,6.26953,6.73828,7.20703,7.85156,7.73438,0.119629,0.137939,0.093994,0.111084,0.141602,0.08667,0.113525,0.137939,0.097656,0.106201,0.133057
2018-01-09T13:50:00Z,148.00781,151.875,154.33594,154.33594,152.57813,154.6875,158.20313,164.17969,170.15625,177.53906,181.40625,183.16406,6.09375,4.98047,5.44922,5.50781,5.50781,5.80078,5.85938,5.97656,6.15234,6.38672,7.14844,7.20703,7.44141,0.159912,0.128174,0.111084,0.115967,0.137939,0.075684,0.102539,0.125732,0.119629,0.117188,0.123291
2018-01-09T14:00:00Z,147.30469,153.28125,153.63281,153.28125,150.11719,155.03906,157.85156,159.96094,166.28906,173.32031,177.89063,180.0,6.50391,5.15625,5.625,5.625,5.85938,5.85938,5.85938,6.21094,6.15234,6.50391,6.79688,7.26563,7.26563,0.146484,0.092773,0.136719,0.115967,0.124512,0.090332,0.089111,0.096436,0.108643,0.102539,0.10498
2018-01-09T14:10:00Z,144.14063,151.875,148.35938,151.52344,152.57813,148.35938,157.85156,158.90625,160.66406,167.69531,171.21094,176.48438,6.73828,5.39063,5.80078,5.625,5.85938,5.74219,5.80078,6.15234,6.32813,6.62109,6.97266,7.32422,7.44141,0.136719,0.152588,0.150146,0.15625,0.128174,0.151367,0.129395,0.133057,0.145264,0.130615,0.125732
2018-01-09T14:20:00Z,139.92188,145.19531,144.14063,145.89844,150.11719,154.6875,157.14844,159.60938,165.9375,166.99219,171.91406,180.0,7.32422,5.97656,6.50391,6.38672,6.03516,6.50391,6.50391,6.79688,7.08984,7.26563,7.91016,8.37891,8.61328,0.159912,0.145264,0.180664,0.145264,0.137939,0.12085,0.12085,0.131836,0.135498,0.155029,0.114746
2018-01-09T14:30:00Z,137.46094,141.32813,141.32813,141.32813,142.73438,149.76563,152.22656,157.5,159.25781,170.15625,171.21094,178.24219,7.38281,6.15234,6.38672,6.44531,6.50391,6.62109,7.03125,6.85547,7.20703,7.44141,7.85156,8.4375,8.37891,0.145264,0.153809,0.117188,0.134277,0.164795,0.170898,0.113525,0.164795,0.126953,0.13916,0.128174
2018-01-09T14:40:00Z,137.46094,143.4375,144.49219,143.78906,142.03125,148.00781,155.74219,158.55469,160.66406,163.82813,170.50781,168.04688,7.67578,6.38672,6.85547,7.03125,7.08984,6.97266,7.5,7.79297,7.61719,7.85156,8.14453,8.32031,8.55469,0.137939,0.129395,0.133057,0.125732,0.12207,0.129395,0.135498,0.124512,0.137939,0.147705,0.102539
2018-01-09T14:50:00Z,137.46094,142.38281,139.57031,140.27344,145.89844,147.30469,152.22656,154.6875,158.55469,164.17969,169.45313,172.26563,7.44141,6.09375,6.85547,6.73828,6.67969,7.08984,7.08984,7.44141,7.79297,8.14453,8.26172,8.4375,8.14453,0.19165,0.097656,0.135498,0.135498,0.151367,0.101318,0.146484,0.142822,0.108643,0.166016,0.158691
2018-01-09T15:00:00Z,138.51563,140.625,144.14063,140.625,148.35938,152.57813,156.09375,160.3125,163.125,169.80469,170.85938,173.67188,7.85156,6.26953,6.91406,7.03125,7.03125,7.14844,7.5,7.55859,7.73438,8.14453,8.4375,8.32031,8.49609,0.140381,0.123291,0.12207,0.153809,0.129395,0.141602,0.155029,0.166016,0.111084,0.150146,0.109863
2018-01-09T15:10:00Z,135.35156,138.16406,140.625,141.67969,147.65625,151.17188,156.79688,163.47656,162.42188,170.50781,174.02344,170.50781,7.55859,6.32813,6.67969,6.79688,6.67969,7.08984,7.08984,7.44141,7.5,7.79297,8.14453,7.91016,8.26172,0.106201,0.108643,0.161133,0.148926,0.129395,0.141602,0.117188,0.187988,0.129395,0.128174,0.136719
2018-01-09T15:20:00Z,138.16406,139.92188,144.49219,143.78906,146.25,151.875,157.5,163.82813,166.28906,172.96875,173.67188,176.48438,7.38281,6.09375,6.44531,6.62109,6.62109,6.85547,6.97266,7.32422,7.55859,7.55859,8.14453,7.85156,8.32031,0.123291,0.13916,0.097656,0.128174,0.155029,0.148926,0.123291,0.159912,0.147705,0.128174,0.096436
2018-01-09T15:30:00Z,142.03125,146.60156,148.35938,148.35938,149.0625,154.33594,157.5,164.88281,168.04688,175.07813,177.89063,178.59375,7.67578,6.44531,6.79688,7.20703,6.91406,7.20703,7.67578,7.5,7.91016,7.96875,8.61328,8.4375,8.73047,0.148926,0.146484,0.147705,0.155029,0.114746,0.158691,0.13916,0.112305,0.125732,0.106201,0.135498
2018-01-09T15:40:00Z,140.625,144.14063,146.60156,143.78906,149.41406,155.74219,153.98438,161.71875,160.66406,170.50781,170.15625,181.05469,7.91016,6.38672,6.91406,7.03125,7.03125,6.85547,7.08984,6.91406,7.61719,7.85156,8.32031,8.26172,9.02344,0.113525,0.106201,0.133057,0.141602,0.126953,0.179443,0.115967,0.161133,0.155029,0.119629,0.117188
2018-01-09T15:50:00Z,147.65625,150.46875,152.57813,151.52344,152.92969,157.14844,158.55469,166.99219,166.99219,175.78125,176.13281,180.35156,8.37891,6.5625,6.79688,7.32422,7.20703,7.20703,7.67578,7.79297,7.91016,8.14453,8.67188,8.78906,9.19922,0.13916,0.118408,0.142822,0.161133,0.130615,0.137939,0.15625,0.152588,0.150146,0.147705,0.148926
2018-01-09T16:00:00Z,149.0625,151.875,153.28125,151.17188,155.74219,157.5,159.96094,163.82813,165.9375,170.50781,172.96875,181.75781,8.37891,6.91406,7.38281,7.5,7.38281,7.73438,8.08594,8.37891,8.02734,8.84766,8.96484,9.25781,9.55078,0.161133,0.166016,0.152588,0.137939,0.12207,0.146484,0.151367,0.177002,0.119629,0.112305,0.096436
2018-01-09T16:10:00Z,145.89844,152.57813,149.41406,149.41406,156.44531,161.36719,164.53125,169.80469,174.02344,187.38281,185.27344,189.84375,8.32031,6.85547,7.55859,7.85156,7.85156,8.08594,8.4375,8.37891,8.73047,8.96484,9.78516,9.60938,10.07813,0.130615,0.129395,0.123291,0.147705,0.174561,0.181885,0.168457,0.167236,0.117188,0.131836,0.111084
2018-01-09T16:20:00Z,144.49219,149.41406,151.17188,148.00781,152.92969,158.20313,161.36719,161.71875,171.91406,186.67969,187.73438,190.54688,8.78906,6.62109,7.38281,7.61719,7.55859,7.61719,7.79297,7.85156,8.4375,8.78906,9.78516,9.84375,9.96094,0.175781,0.166016,0.162354,0.119629,0.15625,0.184326,0.166016,0.17334,0.158691,0.155029,0.135498
2018-01-09T16:30:00Z,146.95313,152.92969,152.57813,152.57813,156.09375,164.17969,171.21094,173.32031,177.53906,187.03125,184.21875,188.08594,7.61719,6.09375,6.67969,6.85547,6.91406,7.32422,7.5,7.67578,8.20313,8.61328,9.55078,9.375,10.01953,0.106201,0.131836,0.131836,0.130615,0.151367,0.178223,0.202637,0.146484,0.145264,0.137939,0.100098
2018-01-09T16:40:00Z,147.65625,153.63281,153.98438,153.28125,158.90625,168.04688,172.26563,172.61719,182.8125,182.10938,180.0,182.8125,7.32422,5.91797,6.79688,6.73828,6.62109,7.20703,7.38281,7.73438,8.32031,9.14063,9.25781,9.14063,9.60938,0.136719,0.151367,0.114746,0.145264,0.17334,0.195313,0.111084,0.144043,0.117188,0.137939,0.131836
2018-01-09T16:50:00Z,173.67188,176.83594,177.89063,178.94531,181.75781,180.0,184.57031,183.51563,189.84375,194.0625,193.00781,192.65625,8.55469,6.5625,7.61719,7.55859,7.91016,7.91016,8.20313,8.49609,9.25781,9.14063,9.375,9.19922,9.375,0.201416,0.180664,0.157471,0.20752,0.140381,0.172119,0.10498,0.137939,0.106201,0.135498,0.123291
2018-01-09T17:00:00Z,182.8125,185.625,187.38281,185.97656,190.54688,190.89844,190.54688,185.625,192.65625,191.60156,195.46875,192.65625,9.31641,7.73438,8.84766,9.02344,9.14063,9.02344,9.14063,8.96484,9.43359,9.78516,9.66797,9.78516,9.43359,0.108643,0.145264,0.133057,0.140381,0.119629,0.155029,0.111084,0.117188,0.140381,0.157471,0.097656
2018-01-09T17:10:00Z,185.625,190.19531,188.08594,191.60156,190.89844,192.65625,194.0625,190.19531,194.0625,192.65625,192.65625,195.46875,9.19922,7.38281,8.26172,8.4375,8.4375,9.02344,9.31641,9.14063,9.14063,9.66797,9.66797,9.72656,10.07813,0.151367,0.148926,0.130615,0.118408,0.130615,0.135498,0.107422,0.141602,0.112305,0.140381,0.111084
2018-01-09T17:20:00Z,183.86719,189.84375,189.84375,187.03125,190.89844,190.19531,191.60156,192.30469,195.46875,193.00781,192.30469,194.0625,9.66797,7.73438,8.78906,9.08203,8.84766,8.96484,9.43359,9.66797,10.19531,10.07813,9.96094,10.13672,10.48828,0.166016,0.140381,0.130615,0.10498,0.130615,0.134277,0.157471,0.119629,0.111084,0.119629,0.095215
2018-01-09T17:30:00Z,183.51563,187.73438,187.73438,188.08594,188.08594,190.54688,190.89844,187.03125,192.30469,196.17188,196.17188,191.95313,10.48828,8.26172,9.31641,9.84375,9.78516,10.13672,10.42969,10.01953,10.66406,10.89844,10.83984,10.3125,10.83984,0.111084,0.134277,0.152588,0.128174,0.153809,0.150146,0.112305,0.089111,0.157471,0.136719,0.095215
2018-01-09T17:40:00Z,191.60156,196.52344,197.22656,197.92969,193.00781,194.76563,196.875,197.22656,199.6875,197.57813,195.11719,197.22656,11.13281,8.4375,9.60938,9.78516,10.01953,9.96094,10.95703,11.13281,11.30859,10.72266,10.78125,11.07422,11.30859,0.145264,0.135498,0.147705,0.155029,0.118408,0.135498,0.109863,0.109863,0.111084,0.131836,0.144043
2018-01-09T17:50:00Z,193.00781,195.82031,198.28125,197.57813,196.875,197.57813,201.44531,200.39063,198.63281,198.98438,199.33594,203.55469,9.78516,8.20313,9.66797,9.60938,9.375,9.66797,10.13672,10.13672,10.25391,10.25391,10.89844,11.25,10.42969,0.124512,0.141602,0.177002,0.17334,0.130615,0.113525,0.123291,0.123291,0.100098,0.151367,0.147705
2018-01-09T18:00:00Z,190.19531,196.52344,196.17188,198.28125,196.17188,199.6875,200.74219,202.14844,199.6875,200.39063,200.03906,206.36719,10.07813,7.96875,9.14063,9.49219,9.49219,9.72656,10.01953,9.60938,9.60938,9.84375,10.01953,10.37109,10.54688,0.163574,0.163574,0.117188,0.12207,0.136719,0.148926,0.100098,0.145264,0.142822,0.128174,0.15625
2018-01-09T18:10:00Z,193.71094,197.92969,198.28125,198.98438,197.92969,198.63281,198.63281,199.6875,205.66406,202.14844,200.39063,203.55469,9.43359,7.73438,8.78906,9.375,9.08203,9.25781,9.49219,9.375,9.84375,9.66797,9.60938,9.55078,10.13672,0.168457,0.150146,0.170898,0.147705,0.148926,0.135498,0.147705,0.151367,0.164795,0.177002,0.142822
2018-01-09T18:20:00Z,190.54688,195.46875,197.92969,194.0625,198.63281,196.52344,197.22656,197.57813,197.22656,197.92969,197.92969,198.98438,9.31641,7.38281,8.61328,8.96484,8.96484,8.73047,8.84766,8.96484,9.31641,9.14063,9.25781,9.375,9.31641,0.203857,0.119629,0.135498,0.117188,0.136719,0.164795,0.136719,0.136719,0.158691,0.10498,0.161133
2018-01-09T18:30:00Z,190.89844,198.98438,195.82031,196.52344,197.57813,197.22656,198.63281,195.82031,198.63281,200.74219,198.98438,199.33594,8.96484,7.32422,8.49609,8.73047,8.49609,8.78906,8.90625,8.96484,9.375,9.25781,9.02344,9.49219,9.49219,0.140381,0.168457,0.161133,0.137939,0.112305,0.197754,0.164795,0.101318,0.180664,0.192871,0.140381
2018-01-09T18:40:00Z,189.49219,197.22656,194.41406,194.41406,194.0625,195.46875,193.00781,198.28125,197.22656,197.57813,196.52344,199.33594,9.43359,7.32422,8.32031,8.26172,8.4375,8.73047,8.96484,9.08203,9.375,9.19922,9.31641,9.60938,9.84375,0.148926,0.142822,0.179443,0.134277,0.107422,0.12207,0.134277,0.109863,0.134277,0.187988,0.090332
2018-01-09T18:50:00Z,189.14063,192.30469,195.11719,194.76563,197.92969,197.22656,198.28125,200.74219,201.09375,202.5,200.03906,202.85156,9.08203,7.5,8.67188,9.02344,8.26172,8.84766,8.84766,9.375,9.08203,8.90625,9.25781,9.43359,9.55078,0.155029,0.095215,0.145264,0.142822,0.137939,0.106201,0.130615,0.133057,0.111084,0.142822,0.119629
2018-01-09T19:00:00Z,192.65625,194.76563,195.11719,198.28125,195.82031,199.6875,199.6875,200.74219,202.14844,201.09375,205.3125,205.3125,9.43359,7.79297,8.73047,8.73047,8.61328,9.31641,9.31641,9.49219,9.25781,9.31641,9.78516,9.84375,9.84375,0.102539,0.114746,0.130615,0.112305,0.136719,0.145264,0.108643,0.137939,0.13916,0.109863,0.113525
2018-01-09T19:10:00Z,192.30469,197.57813,197.57813,195.46875,197.22656,201.79688,201.44531,203.20313,203.55469,206.71875,206.01563,206.36719,9.375,7.55859,8.67188,8.67188,8.61328,8.78906,8.84766,9.02344,9.14063,9.72656,9.375,9.55078,9.55078,0.135498,0.134277,0.125732,0.096436,0.140381,0.076904,0.080566,0.136719,0.115967,0.093994,0.102539
2018-01-09T19:20:00Z,191.60156,198.28125,197.22656,196.875,201.09375,198.98438,200.03906,202.14844,203.90625,200.39063,207.42188,206.01563,9.25781,7.61719,8.4375,8.78906,8.84766,8.90625,8.96484,9.31641,9.19922,9.19922,9.31641,9.84375,9.49219,0.113525,0.112305,0.118408,0.118408,0.147705,0.095215,0.111084,0.13916,0.145264,0.098877,0.113525
2018-01-09T19:30:00Z,194.41406,201.44531,200.03906,198.63281,202.5,202.85156,200.74219,204.25781,204.96094,207.42188,207.07031,206.01563,9.60938,7.79297,8.55469,8.61328,8.73047,8.73047,8.84766,9.31641,9.25781,9.25781,9.31641,9.49219,9.55078,0.133057,0.119629,0.12207,0.135498,0.146484,0.097656,0.106201,0.117188,0.113525,0.119629,0.117188
2018-01-09T19:40:00Z,198.63281,207.07031,205.66406,204.96094,204.96094,205.66406,205.3125,211.64063,210.58594,209.17969,211.99219,210.23438,10.13672,8.02734,8.96484,9.08203,9.25781,9.25781,9.60938,9.66797,9.84375,9.66797,9.72656,9.55078,9.84375,0.128174,0.098877,0.125732,0.123291,0.159912,0.100098,0.129395,0.126953,0.096436,0.113525,0.108643
2018-01-09T19:50:00Z,195.46875,202.85156,196.875,204.25781,201.79688,206.01563,204.25781,204.25781,208.47656,207.77344,207.77344,206.71875,9.02344,7.5,8.02734,8.37891,8.73047,8.84766,8.49609,8.73047,9.19922,8.96484,8.84766,8.84766,8.84766,0.108643,0.10498,0.148926,0.140381,0.144043,0.126953,0.153809,0.13916,0.113525,0.126953,0.158691
2018-01-09T20:00:00Z,188.78906,193.00781,195.46875,193.71094,196.52344,196.875,197.22656,197.22656,200.03906,198.28125,196.875,194.76563,8.84766,6.91406,7.79297,8.08594,8.02734,8.08594,8.20313,8.4375,8.4375,8.37891,8.26172,8.32031,8.32031,0.15625,0.141602,0.151367,0.129395,0.115967,0.145264,0.135498,0.152588,0.113525,0.155029,0.100098
2018-01-09T20:10:00Z,188.4375,191.25,194.76563,192.65625,194.41406,193.71094,194.41406,193.71094,196.17188,194.41406,197.92969,194.41406,8.37891,7.03125,7.85156,7.91016,7.79297,7.96875,8.26172,8.14453,8.26172,8.14453,8.08594,8.26172,8.61328,0.13916,0.107422,0.102539,0.107422,0.106201,0.109863,0.10498,0.119629,0.12085,0.102539,0.087891
2018-01-09T20:20:00Z,190.54688,194.76563,196.52344,195.11719,194.41406,198.98438,198.98438,199.33594,204.25781,201.09375,203.90625,205.66406,8.55469,6.91406,7.55859,8.02734,7.79297,8.02734,8.20313,8.14453,8.32031,8.37891,8.20313,8.61328,8.37891,0.119629,0.153809,0.129395,0.114746,0.111084,0.140381,0.164795,0.10498,0.123291,0.179443,0.124512
2018-01-09T20:30:00Z,194.41406,203.20313,195.82031,200.39063,200.39063,198.28125,198.63281,198.63281,198.98438,202.5,197.92969,198.28125,9.02344,7.03125,7.73438,7.85156,8.02734,7.85156,8.26172,8.08594,8.20313,8.4375,8.37891,8.26172,8.55469,0.115967,0.135498,0.148926,0.115967,0.153809,0.130615,0.137939,0.133057,0.140381,0.133057,0.125732
2018-01-09T20:40:00Z,189.84375,195.46875,193.71094,198.98438,195.11719,197.22656,197.22656,197.57813,199.6875,200.39063,199.33594,202.85156,8.32031,7.08984,7.67578,8.02734,8.02734,8.08594,8.49609,8.61328,8.78906,8.84766,8.84766,8.96484,9.02344,0.131836,0.144043,0.12207,0.113525,0.151367,0.113525,0.074463,0.115967,0.102539,0.106201,0.101318
2018-01-09T20:50:00Z,189.49219,193.71094,195.46875,196.17188,198.98438,198.28125,198.28125,198.98438,194.41406,201.09375,200.74219,199.6875,8.08594,6.85547,7.44141,7.5,7.55859,7.91016,7.73438,8.02734,8.37891,8.67188,8.78906,8.55469,8.55469,0.129395,0.128174,0.118408,0.118408,0.147705,0.115967,0.083008,0.109863,0.133057,0.102539,0.102539
2018-01-09T21:00:00Z,184.92188,190.19531,187.38281,189.49219,192.65625,188.4375,190.89844,193.35938,193.35938,195.82031,193.35938,195.11719,8.67188,6.62109,7.14844,7.14844,7.38281,7.44141,7.67578,8.02734,7.85156,7.91016,8.08594,7.96875,7.91016,0.161133,0.177002,0.161133,0.142822,0.117188,0.140381,0.155029,0.126953,0.136719,0.151367,0.131836
2018-01-09T21:10:00Z,186.32813,191.60156,192.30469,193.00781,189.84375,192.30469,191.95313,194.0625,191.60156,192.65625,193.00781,191.95313,8.90625,7.73438,8.26172,8.20313,8.37891,8.37891,8.78906,8.78906,8.78906,8.84766,8.84766,9.14063,8.90625,0.111084,0.101318,0.129395,0.119629,0.106201,0.096436,0.119629,0.12085,0.097656,0.107422,0.095215
2018-01-09T21:20:00Z,190.54688,194.0625,195.82031,195.82031,194.41406,197.92969,194.0625,196.875,195.46875,194.41406,196.17188,195.46875,9.84375,7.85156,8.49609,8.49609,8.78906,8.84766,8.84766,9.19922,9.375,8.90625,9.31641,9.49219,9.49219,0.084229,0.101318,0.097656,0.084229,0.106201,0.091553,0.115967,0.112305,0.102539,0.090332,0.119629
2018-01-09T21:30:00Z,190.89844,197.22656,198.98438,195.46875,194.0625,192.30469,195.82031,195.46875,194.76563,198.28125,199.33594,198.28125,9.19922,7.79297,8.32031,8.32031,8.55469,8.26172,8.90625,9.14063,9.31641,9.72656,9.84375,9.84375,10.19531,0.085449,0.107422,0.096436,0.125732,0.083008,0.123291,0.101318,0.095215,0.080566,0.10376,0.089111
2018-01-09T21:40:00Z,188.4375,193.71094,191.60156,190.54688,191.60156,193.71094,194.41406,195.11719,193.71094,194.0625,195.46875,199.33594,10.07813,8.49609,9.25781,9.31641,9.25781,9.43359,9.84375,9.90234,9.96094,10.13672,10.48828,10.66406,10.37109,0.117188,0.10498,0.108643,0.119629,0.092773,0.108643,0.083008,0.073242,0.097656,0.095215,0.101318
2018-01-09T21:50:00Z,181.75781,186.32813,186.67969,185.27344,185.625,186.67969,188.4375,190.19531,191.25,194.41406,194.41406,197.22656,9.78516,8.14453,9.08203,8.90625,8.96484,9.14063,9.31641,9.78516,9.90234,10.01953,9.90234,10.3125,9.72656,0.08667,0.095215,0.096436,0.136719,0.141602,0.090332,0.140381,0.119629,0.108643,0.111084,0.133057
2018-01-09T22:00:00Z,182.10938,184.21875,182.46094,184.92188,183.16406,187.38281,188.4375,188.78906,187.73438,190.54688,188.78906,193.71094,9.66797,7.79297,8.73047,8.78906,8.73047,9.08203,9.19922,9.14063,9.49219,9.31641,9.375,9.55078,9.375,0.08667,0.093994,0.126953,0.119629,0.081787,0.113525,0.12085,0.08667,0.126953,0.131836,0.109863
2018-01-09T22:10:00Z,181.05469,184.57031,184.21875,182.10938,184.21875,185.27344,187.73438,190.19531,189.14063,189.14063,190.19531,189.84375,10.01953,7.85156,8.78906,8.78906,9.14063,9.14063,9.49219,9.31641,9.31641,9.43359,9.49219,9.66797,9.55078,0.107422,0.115967,0.093994,0.114746,0.101318,0.113525,0.095215,0.079346,0.125732,0.124512,0.089111
2018-01-09T22:20:00Z,184.21875,184.21875,187.38281,184.21875,189.49219,186.67969,186.32813,188.08594,189.14063,191.25,193.35938,191.25,9.55078,8.08594,9.02344,9.55078,8.96484,9.43359,8.90625,9.25781,9.66797,9.55078,9.55078,9.43359,9.375,0.076904,0.101318,0.107422,0.084229,0.12085,0.114746,0.10376,0.135498,0.136719,0.133057,0.095215
2018-01-09T22:30:00Z,182.8125,186.67969,185.97656,186.32813,189.49219,185.97656,188.4375,188.78906,190.54688,191.60156,190.54688,190.89844,9.49219,7.96875,8.84766,9.02344,8.96484,9.19922,9.31641,9.375,9.60938,9.72656,9.60938,9.14063,9.84375,0.126953,0.124512,0.124512,0.108643,0.101318,0.123291,0.113525,0.12207,0.107422,0.157471,0.114746
2018-01-09T22:40:00Z,184.57031,187.73438,188.78906,188.08594,186.32813,191.25,189.84375,191.25,193.35938,191.60156,193.35938,192.65625,9.55078,7.85156,8.84766,8.96484,8.84766,9.02344,9.43359,9.31641,9.66797,9.72656,9.66797,9.78516,9.60938,0.124512,0.108643,0.115967,0.142822,0.157471,0.108643,0.098877,0.144043,0.090332,0.117188,0.108643
2018-01-09T22:50:00Z,181.40625,185.27344,187.03125,185.27344,185.27344,187.38281,187.03125,187.73438,186.67969,188.08594,188.4375,187.73438,10.60547,8.37891,9.14063,9.19922,9.25781,9.31641,9.72656,9.60938,9.375,9.43359,9.60938,9.60938,9.55078,0.118408,0.102539,0.133057,0.124512,0.163574,0.10498,0.117188,0.114746,0.141602,0.129395,0.151367
2018-01-09T23:00:00Z,182.10938,188.4375,185.27344,185.625,187.38281,188.4375,187.73438,190.54688,188.4375,189.84375,188.78906,196.17188,9.84375,7.55859,8.55469,8.67188,8.61328,8.90625,8.73047,9.08203,8.78906,9.08203,9.19922,9.25781,8.78906,0.135498,0.137939,0.131836,0.112305,0.129395,0.12085,0.152588,0.155029,0.161133,0.161133,0.124512
2018-01-09T23:10:00Z,183.86719,184.57031,187.38281,183.51563,187.38281,189.84375,188.78906,183.51563,187.03125,189.49219,192.30469,190.19531,8.61328,7.03125,8.26172,8.67188,8.14453,8.26172,8.02734,7.67578,7.91016,8.78906,8.73047,8.26172,7.5,0.146484,0.153809,0.115967,0.129395,0.142822,0.146484,0.147705,0.128174,0.131836,0.118408,0.180664
2018-01-09T23:20:00Z,182.10938,185.27344,183.86719,185.27344,184.57031,186.32813,189.84375,190.19531,188.4375,187.03125,188.78906,189.84375,8.61328,7.08984,7.44141,7.96875,7.73438,8.02734,8.49609,8.32031,8.32031,7.96875,8.49609,8.49609,8.55469,0.144043,0.123291,0.123291,0.169678,0.152588,0.114746,0.12085,0.115967,0.123291,0.113525,0.112305
2018-01-09T23:30:00Z,177.1875,179.29688,181.40625,181.40625,181.05469,184.92188,182.10938,187.73438,185.625,183.51563,187.03125,185.27344,8.96484,7.26563,8.37891,8.20313,7.79297,8.26172,8.14453,8.61328,8.49609,8.4375,8.37891,8.49609,8.08594,0.136719,0.12207,0.145264,0.147705,0.135498,0.10376,0.114746,0.129395,0.161133,0.128174,0.128174
2018-01-09T23:40:00Z,181.40625,184.57031,184.57031,185.27344,185.27344,188.4375,189.84375,187.73438,189.84375,189.84375,191.60156,191.60156,8.4375,6.91406,7.73438,7.73438,7.61719,8.02734,8.32031,8.20313,8.4375,8.4375,8.90625,8.61328,8.55469,0.15625,0.166016,0.183105,0.172119,0.146484,0.130615,0.101318,0.12207,0.107422,0.164795,0.125732
2018-01-09T23:50:00Z,185.625,188.4375,190.54688,189.49219,191.60156,194.41406,190.19531,194.0625,196.17188,196.875,193.71094,194.0625,8.08594,6.67969,7.44141,7.26563,7.32422,7.61719,7.73438,8.08594,8.4375,8.90625,8.49609,8.78906,8.78906,0.146484,0.126953,0.152588,0.130615,0.155029,0.10376,0.101318,0.128174,0.117188,0.109863,0.124512
