LOCATION: 
SYSTEM SERIAL: HKZA
TIMESTAMP (ISO-8601) UTC,WindDir004m deg,WindDir030m deg,WindDir040m deg,WindDir040m_ref deg,WindDir060m deg,WindDir080m deg,WindDir100m deg,WindDir120m deg,WindDir140m deg,WindDir160m deg,WindDir180m deg,WindDir200m deg,WindGust004m m/s,WindSpeed004m m/s,WindSpeed030mh m/s,WindSpeed040mh m/s,WindSpeed040m_refh m/s,WindSpeed060mh m/s,WindSpeed080mh m/s,WindSpeed100mh m/s,WindSpeed120mh m/s,WindSpeed140mh m/s,WindSpeed160mh m/s,WindSpeed180mh m/s,WindSpeed200mh m/s,TI 030m,TI 040m,TI 040m ref,TI 060m,TI 080m,TI 100m,TI 120m,TI 140m,TI 160m,TI 180m,TI 200m
2018-06-02T00:00:00Z,256.28906,256.28906,256.28906,259.45313,259.10156,259.80469,262.96875,261.91406,261.21094,260.15625,263.67188,261.91406,6.09375,4.92188,6.15234,6.44531,6.5625,7.20703,7.67578,7.55859,7.85156,7.73438,8.02734,7.96875,8.20313,0.109863,0.129395,0.153809,0.129395,0.100098,0.123291,0.096436,0.10498,0.129395,0.151367,0.119629
2018-06-02T00:10:00Z,252.42188,259.45313,255.9375,258.04688,259.45313,259.45313,260.15625,262.96875,264.02344,267.1875,267.53906,267.53906,6.50391,5.33203,6.38672,6.44531,6.79688,7.73438,8.14453,8.61328,8.4375,8.67188,8.49609,8.78906,8.49609,0.109863,0.113525,0.118408,0.129395,0.092773,0.106201,0.10498,0.106201,0.092773,0.115967,0.123291
2018-06-02T00:20:00Z,253.82813,251.36719,250.66406,251.36719,253.47656,253.47656,254.17969,255.58594,253.125,255.9375,253.47656,253.82813,6.44531,5.21484,6.44531,7.03125,7.08984,7.5,8.26172,8.49609,8.37891,8.37891,8.26172,8.67188,8.37891,0.159912,0.136719,0.166016,0.144043,0.10376,0.111084,0.128174,0.106201,0.119629,0.137939,0.117188
2018-06-02T00:30:00Z,246.79688,247.5,247.85156,251.01563,251.71875,249.96094,254.17969,254.88281,259.10156,260.15625,266.48438,265.78125,6.91406,5.21484,6.79688,7.5,7.26563,8.08594,8.73047,8.90625,8.96484,9.08203,9.08203,8.84766,8.84766,0.131836,0.117188,0.140381,0.129395,0.135498,0.128174,0.137939,0.10498,0.101318,0.166016,0.136719
2018-06-02T00:40:00Z,246.09375,254.53125,250.3125,253.125,252.77344,255.23438,262.26563,263.67188,265.42969,265.78125,267.1875,266.13281,6.91406,5.625,7.20703,7.67578,7.61719,8.4375,8.96484,8.67188,8.55469,8.55469,8.84766,8.96484,9.43359,0.131836,0.112305,0.090332,0.087891,0.097656,0.12085,0.098877,0.150146,0.102539,0.106201,0.084229
2018-06-02T00:50:00Z,247.85156,250.66406,249.25781,252.77344,252.42188,252.42188,259.45313,259.10156,262.61719,261.21094,264.02344,264.72656,7.20703,5.91797,7.14844,7.44141,7.55859,7.96875,8.78906,8.67188,8.73047,8.73047,8.84766,8.96484,9.02344,0.158691,0.111084,0.137939,0.130615,0.092773,0.126953,0.117188,0.109863,0.113525,0.10498,0.114746
2018-06-02T01:00:00Z,247.5,252.77344,250.3125,247.14844,252.77344,254.88281,256.28906,258.75,261.5625,260.85938,262.61719,262.61719,7.03125,5.85938,7.20703,7.91016,8.02734,8.4375,8.96484,8.96484,8.78906,8.84766,8.96484,8.67188,8.84766,0.147705,0.123291,0.101318,0.10498,0.133057,0.109863,0.092773,0.114746,0.108643,0.085449,0.089111
2018-06-02T01:10:00Z,248.20313,249.60938,251.01563,252.07031,253.125,256.64063,260.50781,264.02344,258.39844,261.91406,266.13281,264.375,7.61719,6.03516,7.03125,7.14844,6.97266,8.49609,9.02344,8.96484,8.26172,8.61328,8.73047,9.02344,8.55469,0.12207,0.141602,0.137939,0.118408,0.112305,0.100098,0.123291,0.111084,0.111084,0.115967,0.130615
2018-06-02T01:20:00Z,251.01563,255.23438,253.47656,254.53125,256.28906,259.10156,263.32031,259.45313,259.80469,261.5625,261.21094,262.26563,7.20703,5.39063,6.09375,6.79688,6.67969,7.61719,8.49609,7.96875,7.73438,7.85156,8.08594,8.08594,8.37891,0.130615,0.114746,0.12085,0.130615,0.10376,0.119629,0.117188,0.113525,0.109863,0.126953,0.119629
2018-06-02T01:30:00Z,249.25781,251.01563,252.07031,249.96094,253.82813,259.10156,261.5625,258.39844,260.15625,260.15625,261.5625,263.32031,6.09375,4.62891,5.74219,6.09375,5.91797,6.91406,7.67578,7.85156,7.73438,7.5,7.5,7.61719,7.79297,0.153809,0.128174,0.137939,0.098877,0.118408,0.087891,0.107422,0.119629,0.126953,0.123291,0.10498
2018-06-02T01:40:00Z,246.44531,251.01563,250.3125,254.53125,252.77344,258.04688,266.48438,264.02344,264.375,260.15625,264.02344,264.375,5.27344,4.21875,4.98047,5.68359,5.33203,6.32813,7.5,7.91016,7.67578,7.55859,7.67578,7.73438,8.02734,0.12207,0.111084,0.131836,0.097656,0.118408,0.096436,0.131836,0.12207,0.078125,0.078125,0.078125
2018-06-02T01:50:00Z,247.5,249.25781,246.09375,247.85156,248.55469,258.75,262.61719,262.26563,259.45313,262.61719,260.50781,264.02344,5.15625,3.92578,4.92188,5.15625,5.15625,6.03516,7.20703,7.44141,7.32422,7.55859,7.44141,7.73438,7.67578,0.107422,0.10498,0.123291,0.096436,0.084229,0.112305,0.100098,0.098877,0.111084,0.109863,0.076904
2018-06-02T02:00:00Z,240.82031,224.29688,225.70313,227.8125,230.625,237.65625,246.79688,247.5,249.25781,247.14844,249.60938,246.79688,4.92188,3.75,5.09766,5.44922,5.56641,6.15234,6.85547,7.08984,7.38281,7.32422,7.20703,7.20703,7.32422,0.131836,0.119629,0.126953,0.130615,0.12085,0.097656,0.10498,0.12085,0.095215,0.095215,0.102539
2018-06-02T02:10:00Z,218.67188,223.24219,225.35156,222.53906,227.10938,235.54688,242.57813,238.71094,243.28125,243.63281,243.28125,243.28125,5.21484,4.21875,6.03516,6.44531,6.32813,7.03125,7.44141,7.38281,7.55859,7.55859,7.61719,7.61719,7.38281,0.150146,0.174561,0.137939,0.168457,0.164795,0.152588,0.142822,0.148926,0.134277,0.136719,0.136719
2018-06-02T02:20:00Z,213.39844,216.91406,214.45313,216.21094,216.21094,222.1875,223.59375,227.8125,235.89844,234.14063,234.49219,230.97656,5.91797,4.80469,5.97656,6.5625,6.32813,6.97266,7.44141,7.5,7.85156,7.73438,7.79297,7.73438,7.73438,0.166016,0.164795,0.17334,0.130615,0.134277,0.136719,0.117188,0.129395,0.10498,0.151367,0.134277
2018-06-02T02:30:00Z,210.23438,221.48438,222.1875,222.53906,221.83594,225.70313,225.70313,231.67969,233.08594,233.78906,232.03125,228.51563,6.62109,5.27344,6.32813,6.5625,6.91406,7.26563,7.5,8.02734,8.02734,8.20313,7.73438,7.79297,7.79297,0.175781,0.174561,0.144043,0.161133,0.107422,0.093994,0.134277,0.124512,0.125732,0.162354,0.126953
2018-06-02T02:40:00Z,214.10156,221.13281,226.05469,228.51563,232.03125,235.89844,237.65625,239.41406,240.46875,236.60156,238.71094,239.76563,6.32813,5.09766,6.21094,6.73828,6.67969,7.73438,8.37891,8.55469,8.32031,8.20313,8.37891,8.14453,8.02734,0.203857,0.170898,0.177002,0.168457,0.118408,0.115967,0.140381,0.126953,0.073242,0.153809,0.114746
2018-06-02T02:50:00Z,218.32031,228.16406,229.92188,233.08594,239.41406,242.57813,247.14844,242.22656,242.92969,242.92969,245.39063,246.79688,6.26953,4.92188,6.09375,6.73828,6.79688,7.61719,7.91016,7.44141,7.32422,7.38281,7.44141,7.73438,7.61719,0.183105,0.175781,0.148926,0.133057,0.150146,0.170898,0.146484,0.184326,0.152588,0.111084,0.145264
2018-06-02T03:00:00Z,219.02344,219.375,217.26563,217.96875,219.72656,228.51563,235.89844,240.46875,238.71094,243.28125,240.11719,240.11719,5.85938,4.86328,6.32813,6.38672,6.5625,6.5625,7.03125,7.44141,7.38281,7.08984,6.79688,6.79688,6.85547,0.135498,0.091553,0.136719,0.115967,0.115967,0.114746,0.112305,0.170898,0.133057,0.118408,0.144043
2018-06-02T03:10:00Z,213.04688,223.94531,227.46094,225.35156,228.16406,233.08594,238.00781,238.00781,240.82031,238.71094,239.76563,239.41406,6.97266,5.44922,6.32813,6.91406,6.5625,7.44141,7.91016,7.85156,7.79297,7.55859,7.55859,7.79297,7.61719,0.12085,0.135498,0.112305,0.126953,0.090332,0.100098,0.096436,0.113525,0.131836,0.141602,0.098877
2018-06-02T03:20:00Z,221.83594,230.27344,234.14063,236.60156,232.03125,235.89844,235.54688,241.17188,241.52344,242.22656,242.57813,242.92969,6.67969,5.44922,6.85547,7.08984,7.08984,7.44141,7.55859,7.91016,8.14453,7.67578,7.67578,7.85156,7.79297,0.158691,0.124512,0.140381,0.10376,0.125732,0.097656,0.087891,0.124512,0.112305,0.150146,0.108643
2018-06-02T03:30:00Z,228.51563,232.73438,231.32813,233.78906,235.19531,234.14063,236.25,234.84375,240.11719,240.46875,235.54688,236.60156,7.38281,5.85938,7.26563,7.55859,7.32422,7.44141,7.85156,7.85156,8.08594,7.91016,7.44141,8.08594,7.73438,0.10498,0.129395,0.10498,0.093994,0.102539,0.107422,0.10498,0.115967,0.128174,0.107422,0.092773
2018-06-02T03:40:00Z,229.21875,232.73438,233.08594,236.25,235.89844,239.0625,235.89844,237.65625,239.41406,239.0625,234.49219,236.60156,7.38281,6.32813,6.73828,7.08984,7.32422,7.26563,7.38281,7.5,7.79297,7.5,7.5,7.67578,7.55859,0.152588,0.109863,0.125732,0.133057,0.128174,0.15625,0.126953,0.112305,0.145264,0.133057,0.096436
2018-06-02T03:50:00Z,228.51563,224.64844,227.10938,229.21875,229.21875,229.57031,228.86719,230.97656,232.03125,234.84375,231.32813,230.97656,8.02734,6.15234,6.97266,7.26563,7.20703,7.32422,7.26563,7.08984,7.55859,7.38281,7.44141,7.14844,7.32422,0.152588,0.128174,0.133057,0.113525,0.137939,0.12085,0.10498,0.153809,0.135498,0.128174,0.108643
2018-06-02T04:00:00Z,220.78125,222.89063,227.46094,223.24219,228.16406,227.46094,226.40625,224.64844,234.49219,227.46094,225.70313,225.70313,7.85156,6.38672,7.5,7.5,7.38281,7.32422,7.5,7.85156,7.79297,7.44141,7.5,7.5,7.44141,0.123291,0.102539,0.078125,0.107422,0.081787,0.095215,0.096436,0.12085,0.114746,0.123291,0.106201
2018-06-02T04:10:00Z,220.78125,232.73438,226.40625,228.16406,228.51563,228.16406,227.46094,227.8125,225.0,227.8125,229.92188,225.0,8.08594,6.62109,7.79297,7.85156,7.91016,8.08594,8.08594,7.91016,7.67578,7.73438,7.79297,7.96875,8.02734,0.128174,0.119629,0.115967,0.124512,0.117188,0.12085,0.131836,0.12207,0.131836,0.126953,0.091553
2018-06-02T04:20:00Z,222.89063,230.625,230.97656,228.51563,229.57031,229.57031,227.8125,228.51563,230.97656,229.92188,229.92188,232.03125,8.32031,7.08984,8.02734,8.08594,7.96875,8.08594,8.26172,8.14453,8.26172,8.14453,8.20313,8.37891,8.08594,0.123291,0.10376,0.081787,0.083008,0.10498,0.118408,0.112305,0.114746,0.102539,0.10498,0.133057
2018-06-02T04:30:00Z,223.59375,228.51563,229.21875,229.92188,228.86719,232.38281,227.10938,229.21875,227.10938,229.57031,228.86719,226.40625,8.20313,7.03125,7.55859,7.44141,7.55859,8.02734,7.96875,7.85156,7.79297,7.55859,7.73438,7.73438,7.67578,0.115967,0.10376,0.076904,0.087891,0.10376,0.114746,0.111084,0.129395,0.108643,0.118408,0.095215
2018-06-02T04:40:00Z,221.83594,226.75781,230.97656,229.21875,232.03125,229.92188,230.97656,230.27344,229.92188,228.86719,230.27344,226.75781,8.32031,7.03125,8.55469,8.61328,8.67188,8.67188,8.67188,8.37891,8.67188,8.26172,8.26172,8.4375,8.55469,0.10376,0.10498,0.100098,0.089111,0.100098,0.133057,0.093994,0.102539,0.117188,0.124512,0.102539
2018-06-02T04:50:00Z,223.94531,225.0,229.57031,228.86719,227.10938,230.97656,226.05469,226.05469,231.67969,229.92188,230.27344,227.8125,9.02344,7.85156,8.49609,8.67188,8.37891,8.73047,8.73047,8.67188,8.84766,8.73047,8.84766,8.37891,8.61328,0.10498,0.101318,0.100098,0.097656,0.083008,0.128174,0.12085,0.137939,0.102539,0.133057,0.095215
2018-06-02T05:00:00Z,223.24219,226.05469,227.10938,226.40625,231.67969,226.75781,229.57031,230.97656,225.35156,233.08594,229.92188,234.49219,8.67188,7.44141,7.79297,8.08594,8.08594,8.20313,8.32031,8.55469,8.55469,8.55469,8.4375,8.55469,8.20313,0.109863,0.125732,0.12207,0.098877,0.102539,0.093994,0.119629,0.130615,0.158691,0.117188,0.142822
2018-06-02T05:10:00Z,222.53906,227.8125,228.16406,226.40625,228.51563,228.86719,233.78906,228.51563,229.57031,232.38281,231.32813,233.78906,8.08594,6.79688,7.20703,7.5,7.38281,7.61719,7.73438,7.73438,7.44141,7.85156,7.67578,7.61719,7.67578,0.128174,0.135498,0.119629,0.12085,0.087891,0.100098,0.114746,0.131836,0.136719,0.131836,0.10498
2018-06-02T05:20:00Z,223.94531,229.57031,229.57031,229.92188,229.21875,228.16406,230.97656,227.10938,229.21875,229.21875,231.67969,232.03125,8.14453,6.85547,8.49609,8.26172,8.37891,8.4375,8.49609,8.32031,8.4375,8.55469,8.32031,8.49609,8.20313,0.097656,0.124512,0.090332,0.108643,0.092773,0.130615,0.119629,0.101318,0.093994,0.119629,0.106201
2018-06-02T05:30:00Z,223.94531,229.57031,229.57031,229.57031,230.97656,230.97656,230.625,230.625,230.625,228.16406,229.57031,228.16406,9.08203,7.44141,8.78906,8.78906,8.90625,8.73047,8.90625,8.84766,8.84766,8.67188,8.84766,9.08203,8.73047,0.118408,0.096436,0.109863,0.113525,0.096436,0.108643,0.113525,0.112305,0.106201,0.112305,0.090332
2018-06-02T05:40:00Z,226.05469,232.38281,237.30469,232.73438,234.49219,233.4375,233.08594,234.49219,234.14063,233.4375,234.84375,235.19531,8.96484,7.32422,9.02344,8.96484,8.90625,9.08203,9.25781,9.31641,9.08203,9.08203,9.02344,8.90625,8.90625,0.114746,0.107422,0.130615,0.090332,0.095215,0.123291,0.128174,0.123291,0.102539,0.131836,0.098877
2018-06-02T05:50:00Z,228.86719,232.38281,234.84375,236.60156,232.38281,234.14063,232.38281,235.54688,236.25,232.73438,235.54688,233.78906,9.02344,7.67578,8.37891,8.73047,8.67188,9.08203,9.14063,9.14063,8.96484,8.67188,8.49609,8.78906,9.02344,0.158691,0.140381,0.147705,0.100098,0.107422,0.125732,0.108643,0.135498,0.129395,0.137939,0.114746
2018-06-02T06:00:00Z,229.57031,231.32813,233.4375,231.32813,234.49219,232.03125,232.73438,234.49219,233.08594,233.78906,233.4375,233.4375,8.78906,7.26563,8.90625,8.84766,9.14063,9.02344,9.19922,9.375,9.31641,9.14063,8.90625,8.84766,9.08203,0.123291,0.131836,0.12085,0.126953,0.163574,0.124512,0.090332,0.128174,0.125732,0.153809,0.136719
2018-06-02T06:10:00Z,227.46094,229.92188,232.73438,230.625,229.21875,230.625,234.49219,236.95313,236.60156,228.86719,233.78906,232.38281,9.43359,7.5,8.14453,8.4375,8.37891,9.02344,9.19922,9.19922,8.78906,8.61328,8.67188,8.78906,8.78906,0.117188,0.125732,0.161133,0.13916,0.150146,0.136719,0.140381,0.175781,0.100098,0.144043,0.153809
2018-06-02T06:20:00Z,227.10938,235.54688,232.73438,233.08594,231.67969,230.625,232.73438,233.78906,231.67969,234.49219,232.73438,231.32813,9.02344,7.08984,7.85156,7.91016,8.37891,8.20313,8.96484,8.96484,9.08203,8.73047,8.61328,8.67188,8.49609,0.123291,0.135498,0.150146,0.12207,0.108643,0.140381,0.118408,0.141602,0.117188,0.162354,0.117188
2018-06-02T06:30:00Z,227.10938,229.21875,229.57031,229.57031,230.97656,231.67969,232.38281,229.57031,232.73438,232.38281,233.78906,236.25,8.14453,6.73828,7.73438,8.02734,7.85156,8.08594,8.26172,8.61328,8.61328,8.61328,8.32031,8.26172,7.96875,0.130615,0.151367,0.118408,0.113525,0.136719,0.117188,0.131836,0.12085,0.126953,0.136719,0.164795
2018-06-02T06:40:00Z,225.0,228.51563,228.51563,228.16406,228.86719,229.21875,234.14063,229.21875,231.67969,229.92188,232.38281,229.92188,8.08594,6.50391,7.67578,8.08594,7.61719,8.26172,8.49609,8.49609,8.55469,8.32031,8.37891,8.32031,8.14453,0.142822,0.146484,0.147705,0.145264,0.12085,0.125732,0.141602,0.119629,0.12085,0.185547,0.169678
2018-06-02T06:50:00Z,223.59375,227.8125,227.46094,229.21875,231.32813,228.51563,227.8125,228.86719,230.97656,230.27344,232.73438,233.08594,7.85156,6.62109,7.73438,8.26172,8.49609,8.20313,8.37891,8.49609,8.90625,8.90625,8.84766,8.4375,8.32031,0.150146,0.15625,0.111084,0.147705,0.147705,0.119629,0.135498,0.137939,0.126953,0.140381,0.124512
2018-06-02T07:00:00Z,223.24219,223.94531,225.0,224.29688,224.64844,225.70313,226.40625,227.8125,228.16406,228.86719,227.46094,230.27344,8.02734,6.73828,8.20313,8.37891,8.55469,8.73047,9.02344,9.31641,9.25781,9.14063,8.96484,8.90625,8.78906,0.126953,0.117188,0.129395,0.131836,0.10498,0.136719,0.146484,0.12207,0.117188,0.177002,0.117188
2018-06-02T07:10:00Z,220.42969,226.05469,223.94531,220.42969,224.64844,226.40625,222.53906,224.64844,227.10938,229.21875,233.78906,229.57031,8.4375,7.14844,8.4375,8.4375,8.96484,8.84766,8.55469,8.90625,9.14063,9.08203,8.61328,8.20313,8.4375,0.146484,0.113525,0.108643,0.12085,0.114746,0.111084,0.111084,0.142822,0.12207,0.128174,0.126953
2018-06-02T07:20:00Z,218.67188,221.48438,221.83594,221.48438,225.0,223.94531,227.46094,224.29688,225.0,228.86719,230.97656,231.32813,8.67188,7.20703,8.61328,8.78906,8.4375,9.19922,9.08203,8.78906,8.96484,9.08203,9.08203,8.55469,8.49609,0.124512,0.119629,0.118408,0.090332,0.119629,0.090332,0.112305,0.129395,0.118408,0.135498,0.112305
2018-06-02T07:30:00Z,218.67188,218.67188,218.32031,217.96875,216.91406,221.48438,219.375,222.89063,221.48438,224.29688,223.59375,226.75781,8.61328,7.26563,8.14453,8.26172,8.32031,8.84766,8.84766,9.02344,8.84766,9.25781,9.02344,9.25781,8.84766,0.129395,0.141602,0.108643,0.123291,0.098877,0.109863,0.118408,0.134277,0.10498,0.119629,0.12207
2018-06-02T07:40:00Z,215.15625,220.78125,219.375,221.13281,217.96875,222.53906,219.02344,221.13281,223.94531,222.1875,217.61719,219.02344,9.02344,7.20703,7.96875,8.26172,8.49609,8.49609,8.84766,9.14063,8.78906,9.02344,8.67188,8.78906,8.61328,0.141602,0.131836,0.10498,0.135498,0.137939,0.135498,0.125732,0.140381,0.118408,0.145264,0.10498
2018-06-02T07:50:00Z,216.5625,219.72656,220.42969,220.78125,219.375,220.78125,222.89063,220.07813,223.24219,219.375,221.13281,222.53906,8.78906,7.26563,8.20313,8.61328,8.49609,8.78906,8.96484,9.02344,8.96484,9.02344,9.02344,8.96484,9.02344,0.161133,0.108643,0.12085,0.111084,0.137939,0.119629,0.109863,0.135498,0.111084,0.142822,0.107422
2018-06-02T08:00:00Z,215.15625,216.21094,217.61719,216.21094,214.45313,217.96875,217.96875,219.02344,215.85938,214.45313,216.91406,219.72656,8.73047,7.26563,7.96875,8.08594,8.20313,8.61328,8.61328,8.73047,8.49609,8.20313,8.32031,8.84766,8.20313,0.146484,0.12085,0.125732,0.142822,0.111084,0.129395,0.145264,0.15625,0.133057,0.153809,0.163574
2018-06-02T08:10:00Z,213.39844,217.61719,218.32031,221.13281,217.96875,215.85938,215.85938,214.45313,218.32031,217.61719,218.67188,218.67188,8.26172,6.67969,7.44141,7.20703,7.32422,7.26563,7.79297,7.91016,7.91016,7.67578,7.44141,7.44141,7.38281,0.136719,0.111084,0.151367,0.147705,0.144043,0.159912,0.164795,0.158691,0.136719,0.198975,0.150146
2018-06-02T08:20:00Z,213.75,217.96875,215.85938,216.5625,213.75,219.02344,216.21094,217.26563,219.02344,212.69531,215.50781,215.15625,7.91016,6.03516,6.62109,6.73828,7.08984,7.38281,7.55859,7.44141,7.26563,6.85547,6.91406,7.26563,7.26563,0.146484,0.142822,0.129395,0.117188,0.109863,0.125732,0.159912,0.137939,0.155029,0.153809,0.164795
2018-06-02T08:30:00Z,211.28906,216.21094,215.15625,213.04688,215.85938,217.26563,216.5625,214.45313,217.26563,218.32031,212.69531,215.50781,7.08984,5.85938,6.91406,7.03125,7.08984,7.26563,7.44141,7.32422,7.14844,7.38281,6.73828,7.03125,6.62109,0.198975,0.148926,0.134277,0.117188,0.141602,0.119629,0.168457,0.144043,0.146484,0.174561,0.168457
2018-06-02T08:40:00Z,211.99219,218.67188,216.21094,220.78125,216.21094,218.67188,217.96875,215.85938,216.5625,214.10156,214.80469,213.04688,7.14844,5.85938,6.50391,6.73828,6.67969,6.85547,7.08984,6.91406,6.73828,6.50391,6.67969,6.67969,6.5625,0.172119,0.130615,0.158691,0.100098,0.115967,0.197754,0.150146,0.174561,0.140381,0.168457,0.117188
2018-06-02T08:50:00Z,214.45313,216.21094,220.42969,215.50781,215.50781,219.02344,218.67188,220.42969,216.91406,217.96875,220.78125,220.07813,6.67969,5.33203,6.62109,6.62109,6.62109,7.14844,7.14844,7.38281,6.91406,6.97266,6.85547,6.97266,6.44531,0.146484,0.134277,0.142822,0.137939,0.152588,0.155029,0.164795,0.148926,0.130615,0.153809,0.148926
2018-06-02T09:00:00Z,214.80469,214.80469,215.85938,215.85938,219.02344,217.26563,215.85938,216.91406,217.61719,217.61719,215.15625,216.5625,6.73828,5.39063,6.67969,6.91406,6.79688,7.14844,7.5,7.08984,7.08984,7.03125,6.91406,7.03125,6.79688,0.187988,0.133057,0.147705,0.129395,0.128174,0.159912,0.175781,0.135498,0.163574,0.135498,0.128174
2018-06-02T09:10:00Z,214.10156,219.375,219.375,220.07813,218.32031,220.78125,221.83594,217.96875,217.26563,221.13281,217.26563,219.02344,6.85547,5.625,6.79688,7.03125,7.08984,7.44141,7.38281,7.08984,6.85547,6.85547,6.73828,6.97266,6.79688,0.161133,0.126953,0.118408,0.131836,0.10498,0.152588,0.151367,0.150146,0.129395,0.133057,0.119629
2018-06-02T09:20:00Z,217.61719,222.89063,223.59375,225.35156,220.07813,225.35156,221.13281,220.42969,226.05469,227.8125,221.83594,222.89063,6.73828,5.68359,7.14844,7.32422,7.38281,7.44141,7.32422,7.14844,6.91406,6.91406,6.79688,6.91406,6.62109,0.144043,0.126953,0.108643,0.151367,0.140381,0.164795,0.134277,0.145264,0.12085,0.147705,0.115967
2018-06-02T09:30:00Z,222.1875,225.70313,226.40625,226.40625,226.40625,228.86719,223.59375,227.10938,227.10938,230.625,223.94531,227.8125,7.14844,5.74219,7.20703,7.32422,7.26563,7.73438,7.44141,7.32422,7.26563,7.03125,6.91406,6.97266,6.67969,0.125732,0.145264,0.118408,0.107422,0.130615,0.163574,0.125732,0.177002,0.131836,0.177002,0.163574
2018-06-02T09:40:00Z,222.53906,228.86719,230.27344,228.86719,227.8125,228.16406,231.32813,229.57031,229.57031,226.75781,232.03125,229.21875,7.20703,5.56641,7.26563,7.55859,7.61719,7.61719,7.85156,7.38281,7.20703,7.20703,7.38281,7.20703,6.91406,0.130615,0.10376,0.096436,0.113525,0.12085,0.140381,0.140381,0.135498,0.125732,0.096436,0.126953
2018-06-02T09:50:00Z,225.70313,233.08594,233.08594,234.49219,232.73438,233.08594,232.73438,230.97656,233.4375,231.67969,233.08594,232.03125,7.26563,5.80078,7.5,7.61719,7.85156,7.96875,8.14453,7.73438,7.32422,7.55859,7.5,7.61719,7.44141,0.147705,0.13916,0.111084,0.12085,0.144043,0.125732,0.115967,0.142822,0.163574,0.155029,0.126953
2018-06-02T10:00:00Z,230.97656,231.32813,232.38281,231.67969,229.57031,232.73438,229.21875,233.08594,234.84375,233.4375,235.19531,232.03125,7.96875,5.91797,7.61719,7.61719,7.73438,8.02734,8.14453,8.32031,7.96875,7.55859,7.38281,7.20703,7.32422,0.101318,0.117188,0.125732,0.111084,0.108643,0.12085,0.100098,0.107422,0.148926,0.179443,0.12207
2018-06-02T10:10:00Z,229.92188,236.60156,233.08594,234.14063,232.38281,233.78906,236.25,233.78906,235.89844,234.14063,231.32813,235.19531,7.85156,5.91797,7.38281,7.67578,7.79297,8.20313,8.20313,7.85156,7.55859,7.38281,7.26563,7.38281,7.20703,0.109863,0.124512,0.093994,0.115967,0.106201,0.135498,0.136719,0.117188,0.144043,0.152588,0.108643
2018-06-02T10:20:00Z,230.97656,233.08594,230.97656,232.73438,234.49219,235.54688,235.19531,232.38281,233.08594,231.67969,230.27344,232.73438,7.67578,6.03516,7.5,7.91016,7.85156,8.32031,8.08594,7.79297,7.5,7.38281,7.44141,7.55859,7.5,0.134277,0.109863,0.107422,0.125732,0.092773,0.089111,0.174561,0.144043,0.129395,0.140381,0.144043
2018-06-02T10:30:00Z,229.57031,232.03125,233.78906,232.38281,235.19531,235.54688,235.19531,234.14063,233.78906,234.14063,234.14063,233.78906,7.5,5.91797,7.5,7.85156,7.73438,8.32031,8.02734,7.55859,7.38281,7.32422,7.38281,7.08984,7.20703,0.114746,0.12085,0.141602,0.111084,0.146484,0.144043,0.130615,0.140381,0.128174,0.179443,0.125732
2018-06-02T10:40:00Z,230.625,232.03125,234.14063,232.73438,234.14063,232.03125,235.54688,234.49219,231.32813,233.4375,234.49219,232.73438,7.32422,5.68359,7.20703,7.44141,7.38281,7.96875,8.02734,7.79297,7.20703,7.08984,7.26563,7.03125,7.20703,0.157471,0.118408,0.098877,0.13916,0.098877,0.129395,0.167236,0.157471,0.134277,0.181885,0.118408
2018-06-02T10:50:00Z,229.57031,227.10938,227.8125,228.86719,231.67969,232.38281,229.57031,226.05469,228.86719,230.27344,229.57031,228.86719,7.08984,5.74219,7.14844,7.67578,7.67578,8.08594,7.91016,7.38281,7.38281,7.5,7.32422,7.26563,6.79688,0.108643,0.113525,0.101318,0.106201,0.108643,0.129395,0.130615,0.150146,0.153809,0.118408,0.128174
2018-06-02T11:00:00Z,223.59375,223.94531,222.53906,226.05469,226.40625,224.29688,222.53906,224.64844,223.59375,226.05469,225.70313,222.53906,7.14844,5.97656,7.38281,7.91016,7.79297,8.14453,8.08594,7.85156,7.61719,7.44141,7.61719,7.32422,7.38281,0.124512,0.107422,0.107422,0.096436,0.109863,0.114746,0.131836,0.119629,0.118408,0.168457,0.140381
2018-06-02T11:10:00Z,221.13281,227.46094,228.51563,229.21875,228.86719,226.40625,226.40625,228.16406,228.51563,227.8125,227.8125,228.51563,7.26563,6.03516,7.73438,7.91016,7.73438,8.20313,8.32031,7.91016,7.96875,7.85156,7.55859,7.44141,7.26563,0.124512,0.083008,0.097656,0.091553,0.12085,0.152588,0.13916,0.13916,0.130615,0.153809,0.133057
2018-06-02T11:20:00Z,224.64844,228.51563,228.51563,229.21875,230.27344,228.86719,227.10938,229.57031,229.21875,230.27344,227.10938,230.625,7.73438,6.15234,7.55859,7.91016,7.61719,8.20313,8.14453,7.91016,7.91016,7.61719,7.5,7.20703,7.14844,0.133057,0.109863,0.109863,0.129395,0.119629,0.130615,0.131836,0.168457,0.130615,0.126953,0.129395
2018-06-02T11:30:00Z,224.64844,229.21875,228.16406,230.97656,228.51563,231.67969,231.32813,229.92188,232.03125,232.38281,227.8125,229.21875,7.79297,6.15234,7.67578,8.14453,8.14453,8.37891,8.37891,8.20313,7.96875,7.55859,7.67578,7.73438,7.67578,0.114746,0.102539,0.10376,0.128174,0.091553,0.115967,0.129395,0.151367,0.10376,0.162354,0.150146
2018-06-02T11:40:00Z,226.05469,230.625,229.57031,233.08594,229.92188,230.625,229.57031,230.97656,230.27344,228.16406,232.73438,229.21875,7.67578,6.38672,7.5,7.73438,7.61719,8.26172,8.20313,8.14453,7.67578,7.55859,7.5,7.38281,7.44141,0.151367,0.106201,0.091553,0.124512,0.133057,0.118408,0.107422,0.135498,0.115967,0.145264,0.155029
2018-06-02T11:50:00Z,226.75781,229.57031,229.21875,230.27344,231.32813,230.27344,230.97656,232.38281,227.46094,232.38281,232.03125,235.19531,7.55859,5.85938,7.08984,7.5,7.38281,7.96875,8.08594,7.85156,7.61719,7.38281,7.5,7.61719,7.38281,0.131836,0.124512,0.133057,0.113525,0.106201,0.125732,0.140381,0.130615,0.13916,0.163574,0.119629
2018-06-02T12:00:00Z,225.0,232.38281,232.38281,230.97656,230.27344,231.32813,232.03125,229.57031,231.32813,231.67969,230.27344,229.92188,7.32422,5.80078,7.44141,7.55859,7.96875,7.85156,8.20313,8.20313,8.32031,8.14453,8.02734,8.08594,7.96875,0.126953,0.089111,0.096436,0.136719,0.115967,0.130615,0.119629,0.10498,0.106201,0.129395,0.135498
2018-06-02T12:10:00Z,225.70313,232.38281,231.32813,232.38281,232.03125,233.4375,235.54688,234.14063,233.78906,233.4375,234.14063,234.14063,7.96875,6.09375,6.97266,7.03125,6.97266,7.85156,7.91016,8.14453,7.85156,7.79297,7.91016,8.08594,7.67578,0.136719,0.146484,0.12085,0.107422,0.106201,0.125732,0.137939,0.102539,0.164795,0.128174,0.10498
2018-06-02T12:20:00Z,227.10938,230.625,234.84375,231.32813,235.54688,236.60156,234.49219,235.19531,235.54688,235.54688,234.49219,237.30469,7.20703,5.85938,6.79688,6.97266,6.73828,7.14844,7.44141,7.38281,7.44141,7.38281,7.14844,7.32422,6.97266,0.118408,0.090332,0.129395,0.090332,0.114746,0.144043,0.117188,0.133057,0.124512,0.111084,0.134277
2018-06-02T12:30:00Z,227.8125,228.16406,228.86719,229.92188,231.32813,232.73438,236.25,231.67969,230.625,232.38281,229.92188,227.46094,6.67969,5.44922,6.67969,7.14844,7.03125,7.5,7.73438,7.5,7.5,7.08984,7.08984,6.91406,7.26563,0.136719,0.134277,0.128174,0.10376,0.123291,0.109863,0.144043,0.175781,0.146484,0.170898,0.147705
2018-06-02T12:40:00Z,223.24219,221.83594,224.29688,227.8125,226.40625,228.16406,228.86719,229.57031,226.40625,229.21875,227.10938,228.16406,7.44141,5.50781,6.21094,6.67969,6.32813,7.20703,7.38281,7.38281,7.26563,6.91406,7.08984,6.91406,6.5625,0.169678,0.10498,0.117188,0.12085,0.112305,0.106201,0.083008,0.135498,0.118408,0.158691,0.162354
2018-06-02T12:50:00Z,218.67188,223.24219,225.0,224.64844,226.75781,226.75781,226.75781,226.05469,228.16406,227.10938,226.40625,224.29688,6.67969,5.27344,6.38672,6.62109,6.67969,6.85547,7.14844,7.32422,7.08984,7.14844,6.67969,6.44531,6.79688,0.144043,0.135498,0.137939,0.124512,0.118408,0.142822,0.123291,0.144043,0.169678,0.163574,0.129395
2018-06-02T13:00:00Z,218.32031,223.59375,226.40625,227.8125,225.35156,227.10938,229.57031,231.32813,230.27344,227.46094,227.46094,227.8125,6.79688,5.33203,6.26953,6.79688,6.50391,6.91406,7.38281,7.61719,7.44141,7.14844,7.03125,7.03125,6.79688,0.167236,0.136719,0.106201,0.113525,0.162354,0.113525,0.140381,0.123291,0.140381,0.12207,0.128174
2018-06-02T13:10:00Z,221.48438,225.0,226.40625,224.29688,228.51563,227.10938,229.92188,229.21875,232.38281,228.86719,225.70313,228.16406,6.5625,5.09766,6.67969,6.73828,6.67969,6.91406,7.20703,7.5,7.55859,7.20703,6.91406,7.20703,7.08984,0.147705,0.109863,0.15625,0.135498,0.145264,0.140381,0.130615,0.164795,0.13916,0.175781,0.148926
2018-06-02T13:20:00Z,216.91406,219.02344,219.02344,218.67188,219.02344,222.53906,221.83594,222.53906,224.64844,225.0,225.70313,223.24219,6.5625,5.33203,6.5625,6.5625,6.38672,7.14844,7.26563,7.5,7.61719,7.79297,7.44141,7.61719,7.14844,0.108643,0.135498,0.185547,0.131836,0.128174,0.108643,0.123291,0.115967,0.131836,0.137939,0.133057
2018-06-02T13:30:00Z,213.75,223.59375,222.53906,224.64844,226.40625,228.16406,229.21875,228.51563,230.625,229.21875,227.46094,229.92188,6.62109,5.09766,6.21094,6.67969,6.79688,7.14844,7.26563,7.5,7.55859,7.73438,7.55859,7.61719,7.67578,0.123291,0.117188,0.145264,0.087891,0.114746,0.093994,0.117188,0.114746,0.128174,0.125732,0.123291
2018-06-02T13:40:00Z,220.78125,224.64844,223.59375,224.64844,224.29688,225.0,224.64844,226.40625,227.10938,226.40625,226.05469,223.94531,6.38672,5.09766,6.73828,6.91406,7.08984,7.20703,7.5,7.85156,8.02734,7.73438,7.55859,7.67578,7.79297,0.119629,0.109863,0.133057,0.123291,0.085449,0.114746,0.115967,0.117188,0.135498,0.131836,0.137939
2018-06-02T13:50:00Z,219.02344,219.72656,220.78125,220.78125,223.94531,220.78125,223.59375,221.48438,222.53906,221.48438,221.48438,219.72656,7.20703,5.56641,6.44531,6.79688,6.62109,7.03125,7.14844,7.26563,7.14844,7.20703,7.32422,7.32422,7.38281,0.12085,0.123291,0.107422,0.112305,0.108643,0.145264,0.126953,0.141602,0.129395,0.141602,0.126953
2018-06-02T14:00:00Z,216.21094,221.83594,222.89063,222.1875,219.72656,223.24219,220.42969,222.89063,224.64844,224.64844,222.53906,222.1875,6.50391,5.27344,6.67969,6.73828,6.73828,7.14844,7.20703,7.55859,7.14844,7.08984,6.79688,6.67969,6.73828,0.142822,0.119629,0.133057,0.142822,0.142822,0.111084,0.130615,0.129395,0.162354,0.163574,0.124512
2018-06-02T14:10:00Z,218.32031,215.15625,216.21094,217.26563,219.72656,217.96875,220.07813,215.50781,216.21094,216.21094,222.1875,217.61719,6.79688,5.33203,6.44531,6.97266,6.73828,7.14844,7.26563,6.73828,6.67969,6.91406,6.85547,6.79688,6.44531,0.153809,0.161133,0.161133,0.152588,0.153809,0.177002,0.15625,0.174561,0.148926,0.180664,0.169678
2018-06-02T14:20:00Z,209.88281,213.39844,214.80469,213.04688,214.45313,214.45313,214.10156,213.75,213.39844,211.99219,212.34375,210.58594,6.62109,5.56641,6.62109,6.85547,6.91406,7.03125,7.26563,7.08984,6.85547,6.91406,6.67969,6.62109,6.5625,0.151367,0.137939,0.174561,0.131836,0.133057,0.140381,0.158691,0.164795,0.162354,0.163574,0.125732
2018-06-02T14:30:00Z,205.3125,210.23438,211.99219,209.88281,211.99219,214.10156,214.10156,211.28906,210.23438,214.45313,213.75,213.75,6.62109,5.39063,6.50391,7.14844,7.14844,7.5,7.73438,7.26563,7.44141,7.32422,7.26563,7.26563,6.97266,0.153809,0.153809,0.136719,0.10498,0.13916,0.155029,0.109863,0.133057,0.144043,0.159912,0.157471
2018-06-02T14:40:00Z,207.07031,211.28906,209.17969,211.28906,212.34375,214.10156,212.69531,212.34375,214.10156,213.75,211.99219,211.99219,7.14844,5.74219,7.38281,7.5,7.5,7.96875,8.08594,8.20313,8.02734,7.96875,7.91016,7.67578,7.67578,0.166016,0.131836,0.161133,0.152588,0.142822,0.129395,0.162354,0.137939,0.146484,0.129395,0.158691
2018-06-02T14:50:00Z,206.36719,214.45313,215.15625,213.75,212.69531,215.50781,220.42969,216.5625,215.85938,213.39844,215.15625,215.15625,7.5,6.09375,6.62109,7.14844,7.5,7.32422,8.08594,8.02734,7.73438,7.44141,7.55859,7.67578,7.85156,0.157471,0.140381,0.126953,0.142822,0.128174,0.131836,0.148926,0.130615,0.111084,0.113525,0.157471
2018-06-02T15:00:00Z,207.07031,213.39844,213.75,215.50781,214.80469,216.21094,219.02344,216.91406,216.21094,215.85938,214.10156,216.5625,7.91016,5.91797,7.08984,7.14844,7.55859,7.91016,7.96875,8.20313,7.85156,8.26172,7.96875,8.14453,7.85156,0.162354,0.166016,0.148926,0.135498,0.124512,0.128174,0.130615,0.125732,0.157471,0.159912,0.106201
2018-06-02T15:10:00Z,207.77344,209.17969,210.23438,210.9375,211.64063,214.10156,216.21094,215.15625,215.85938,215.15625,215.15625,216.5625,8.4375,5.85938,6.44531,6.97266,6.91406,7.5,7.91016,7.79297,7.67578,7.55859,7.73438,7.79297,7.5,0.159912,0.113525,0.135498,0.124512,0.141602,0.13916,0.159912,0.175781,0.146484,0.150146,0.170898
2018-06-02T15:20:00Z,206.01563,214.45313,217.26563,218.32031,219.72656,222.53906,217.26563,220.07813,219.02344,216.91406,220.78125,215.50781,6.73828,5.625,6.32813,6.62109,6.26953,7.14844,7.38281,7.26563,7.32422,7.38281,7.55859,7.38281,7.03125,0.150146,0.128174,0.148926,0.128174,0.124512,0.142822,0.117188,0.131836,0.128174,0.152588,0.10376
2018-06-02T15:30:00Z,211.64063,216.21094,220.07813,218.32031,224.29688,220.42969,221.83594,222.1875,224.29688,220.07813,220.42969,218.67188,6.62109,5.44922,6.62109,7.32422,6.97266,7.96875,8.14453,8.26172,7.96875,7.85156,7.73438,7.38281,7.61719,0.150146,0.133057,0.12207,0.096436,0.12085,0.124512,0.108643,0.130615,0.10376,0.175781,0.114746
2018-06-02T15:40:00Z,213.39844,221.48438,223.59375,219.375,224.29688,223.59375,225.0,228.51563,227.8125,225.70313,227.8125,225.35156,7.14844,5.91797,6.73828,6.91406,7.26563,7.20703,7.79297,7.91016,8.26172,8.14453,7.91016,7.79297,7.73438,0.131836,0.15625,0.092773,0.125732,0.114746,0.146484,0.131836,0.13916,0.155029,0.17334,0.158691
2018-06-02T15:50:00Z,216.21094,224.64844,228.86719,227.8125,230.97656,232.38281,236.60156,239.41406,245.39063,242.92969,241.52344,240.82031,6.79688,5.56641,6.38672,6.73828,6.79688,7.38281,7.91016,8.49609,8.73047,9.02344,8.73047,8.73047,8.78906,0.084229,0.131836,0.107422,0.13916,0.091553,0.095215,0.140381,0.100098,0.101318,0.108643,0.10498
2018-06-02T16:00:00Z,219.02344,223.94531,227.46094,227.8125,229.57031,233.08594,237.30469,240.46875,244.33594,243.28125,244.33594,239.41406,6.97266,5.39063,6.44531,6.91406,6.62109,7.61719,8.14453,8.20313,8.61328,8.67188,8.73047,8.55469,8.55469,0.098877,0.124512,0.126953,0.151367,0.095215,0.111084,0.097656,0.118408,0.079346,0.118408,0.102539
2018-06-02T16:10:00Z,220.42969,228.16406,232.38281,231.67969,234.49219,237.30469,240.11719,241.17188,243.63281,243.63281,243.98438,245.74219,6.62109,5.33203,6.73828,7.08984,7.20703,7.91016,8.20313,8.55469,8.61328,9.14063,9.02344,9.02344,8.73047,0.158691,0.135498,0.101318,0.130615,0.115967,0.098877,0.089111,0.070801,0.095215,0.093994,0.091553
2018-06-02T16:20:00Z,220.42969,225.35156,227.10938,226.05469,229.92188,233.4375,238.71094,243.98438,252.77344,252.77344,247.14844,252.42188,6.26953,5.39063,6.50391,6.73828,6.79688,7.5,7.79297,8.61328,9.14063,9.60938,9.43359,9.60938,9.66797,0.080566,0.085449,0.076904,0.085449,0.096436,0.074463,0.117188,0.101318,0.084229,0.111084,0.101318
2018-06-02T16:30:00Z,219.72656,227.46094,228.51563,230.27344,231.32813,242.92969,247.14844,251.71875,253.82813,255.23438,256.28906,253.82813,6.62109,5.44922,6.26953,6.73828,6.62109,7.32422,8.14453,8.55469,8.90625,9.375,9.49219,9.31641,9.02344,0.102539,0.111084,0.108643,0.100098,0.142822,0.107422,0.107422,0.084229,0.083008,0.115967,0.10498
2018-06-02T16:40:00Z,220.07813,223.59375,228.86719,225.0,227.10938,234.84375,236.95313,240.82031,252.42188,251.36719,253.47656,252.77344,6.32813,5.15625,6.21094,6.32813,6.38672,6.73828,7.38281,7.73438,8.26172,8.67188,8.96484,8.84766,9.19922,0.084229,0.087891,0.093994,0.102539,0.10498,0.119629,0.125732,0.084229,0.098877,0.10498,0.075684
2018-06-02T16:50:00Z,220.78125,230.625,229.21875,228.16406,233.4375,234.84375,240.46875,247.85156,253.125,256.64063,253.82813,254.88281,5.80078,5.09766,6.03516,6.50391,6.44531,6.97266,7.44141,8.08594,8.61328,8.73047,8.84766,8.96484,9.02344,0.096436,0.096436,0.113525,0.107422,0.106201,0.092773,0.08667,0.092773,0.091553,0.109863,0.087891
2018-06-02T17:00:00Z,223.59375,226.40625,228.51563,229.21875,228.86719,234.14063,238.71094,245.03906,251.71875,256.64063,256.99219,256.99219,5.97656,5.15625,6.09375,6.50391,6.32813,6.79688,7.38281,7.73438,8.37891,8.73047,8.73047,8.78906,8.49609,0.091553,0.084229,0.090332,0.084229,0.10498,0.096436,0.118408,0.092773,0.101318,0.100098,0.093994
2018-06-02T17:10:00Z,222.89063,233.08594,230.625,231.32813,231.67969,234.49219,237.30469,241.52344,243.28125,248.55469,252.42188,255.58594,6.15234,5.09766,6.21094,6.67969,6.5625,7.38281,7.73438,8.08594,8.32031,8.55469,8.84766,8.73047,8.90625,0.084229,0.093994,0.106201,0.074463,0.091553,0.073242,0.079346,0.114746,0.097656,0.102539,0.084229
2018-06-02T17:20:00Z,228.86719,235.54688,231.32813,233.78906,235.19531,236.95313,242.57813,245.74219,251.36719,252.77344,256.28906,258.39844,6.26953,5.27344,5.85938,6.26953,6.26953,6.85547,7.61719,8.02734,8.32031,8.26172,8.37891,8.20313,8.26172,0.079346,0.091553,0.090332,0.085449,0.095215,0.08667,0.089111,0.087891,0.079346,0.079346,0.090332
2018-06-02T17:30:00Z,229.57031,238.35938,235.89844,234.49219,233.78906,238.35938,240.46875,253.125,256.64063,257.34375,256.99219,258.75,5.85938,4.86328,5.56641,5.80078,5.80078,6.38672,6.97266,7.67578,7.38281,7.38281,7.26563,7.32422,7.26563,0.092773,0.075684,0.093994,0.074463,0.062256,0.061035,0.089111,0.053711,0.065918,0.067139,0.065918
2018-06-02T17:40:00Z,229.57031,230.625,234.14063,233.78906,234.49219,237.65625,244.6875,251.01563,252.77344,252.07031,252.77344,251.36719,5.56641,4.51172,5.03906,5.39063,5.44922,6.03516,6.79688,7.20703,6.91406,6.97266,6.79688,7.03125,6.85547,0.091553,0.095215,0.087891,0.089111,0.061035,0.063477,0.059814,0.059814,0.063477,0.083008,0.073242
2018-06-02T17:50:00Z,226.05469,231.32813,232.03125,229.92188,233.08594,241.52344,246.09375,252.77344,250.3125,249.96094,252.77344,254.53125,5.50781,4.21875,5.56641,5.80078,5.85938,6.26953,6.73828,6.85547,6.91406,6.79688,7.03125,6.79688,6.79688,0.095215,0.107422,0.093994,0.111084,0.098877,0.072021,0.124512,0.111084,0.12085,0.084229,0.087891
2018-06-02T18:00:00Z,223.94531,223.24219,223.59375,223.59375,229.92188,230.97656,234.49219,242.57813,245.03906,246.44531,245.39063,247.85156,5.625,4.6875,5.15625,5.50781,5.44922,5.85938,6.38672,7.08984,6.85547,6.62109,6.44531,6.32813,6.50391,0.068359,0.080566,0.072021,0.074463,0.089111,0.064697,0.124512,0.157471,0.12085,0.108643,0.141602
2018-06-02T18:10:00Z,216.21094,224.64844,226.05469,225.0,228.16406,234.49219,237.65625,242.22656,242.57813,242.22656,243.98438,245.03906,5.27344,4.45313,5.56641,5.74219,5.85938,6.26953,6.91406,7.38281,6.09375,5.91797,5.97656,5.80078,5.80078,0.085449,0.068359,0.075684,0.075684,0.075684,0.085449,0.142822,0.148926,0.137939,0.075684,0.101318
2018-06-02T18:20:00Z,217.61719,221.13281,224.29688,225.0,229.21875,236.60156,239.41406,243.28125,242.22656,244.6875,247.5,244.6875,5.625,4.80469,4.86328,5.21484,5.21484,6.32813,7.03125,7.85156,8.4375,8.26172,7.73438,7.38281,6.62109,0.157471,0.158691,0.184326,0.135498,0.128174,0.107422,0.053711,0.078125,0.131836,0.115967,0.15625
2018-06-02T18:30:00Z,218.32031,219.375,223.59375,224.29688,227.10938,232.38281,237.65625,240.11719,243.63281,244.6875,243.98438,242.92969,4.86328,3.92578,4.57031,4.74609,4.74609,5.56641,6.50391,7.03125,7.79297,7.96875,7.61719,7.08984,6.50391,0.117188,0.123291,0.097656,0.108643,0.073242,0.087891,0.084229,0.092773,0.141602,0.155029,0.167236
2018-06-02T18:40:00Z,218.32031,222.53906,223.94531,228.16406,232.38281,234.14063,236.95313,239.76563,244.6875,243.98438,245.74219,248.55469,4.51172,3.86719,4.6875,5.03906,4.80469,5.68359,6.21094,6.85547,7.61719,8.02734,7.79297,7.91016,6.91406,0.091553,0.080566,0.098877,0.092773,0.093994,0.118408,0.091553,0.085449,0.129395,0.101318,0.080566
2018-06-02T18:50:00Z,221.13281,224.64844,229.21875,230.625,232.38281,235.89844,241.52344,242.92969,245.03906,245.74219,246.79688,247.14844,4.33594,3.80859,4.21875,4.57031,4.45313,5.68359,6.44531,7.26563,7.96875,8.37891,8.08594,7.85156,7.20703,0.095215,0.109863,0.140381,0.111084,0.102539,0.065918,0.067139,0.076904,0.134277,0.128174,0.146484
2018-06-02T19:00:00Z,220.78125,221.48438,225.70313,223.94531,228.51563,236.60156,240.82031,244.6875,248.20313,247.5,249.25781,246.09375,4.16016,3.51563,3.86719,4.45313,4.27734,4.98047,6.38672,7.32422,7.61719,7.73438,7.32422,7.08984,6.50391,0.117188,0.136719,0.123291,0.150146,0.117188,0.078125,0.117188,0.101318,0.107422,0.125732,0.123291
2018-06-02T19:10:00Z,214.10156,212.34375,214.45313,213.04688,220.07813,224.64844,229.92188,238.00781,241.875,243.28125,245.39063,244.33594,3.92578,3.22266,3.98438,4.33594,4.27734,4.92188,5.44922,6.03516,6.67969,7.03125,6.73828,6.32813,6.44531,0.091553,0.08667,0.085449,0.111084,0.118408,0.108643,0.10498,0.093994,0.128174,0.183105,0.15625
2018-06-02T19:20:00Z,208.47656,212.34375,216.91406,214.10156,218.32031,227.10938,234.14063,239.41406,242.22656,245.39063,247.14844,246.44531,3.51563,3.04688,3.45703,3.75,3.69141,4.27734,5.03906,5.80078,6.44531,6.73828,6.50391,6.73828,6.50391,0.137939,0.148926,0.155029,0.135498,0.092773,0.12207,0.135498,0.130615,0.13916,0.117188,0.12207
2018-06-02T19:30:00Z,208.82813,216.91406,218.67188,221.83594,224.64844,228.86719,233.78906,242.92969,245.39063,253.82813,246.09375,249.60938,2.98828,2.40234,2.75391,3.04688,2.98828,3.69141,4.39453,5.50781,6.38672,6.73828,6.73828,7.03125,6.50391,0.133057,0.130615,0.135498,0.153809,0.140381,0.101318,0.10376,0.108643,0.123291,0.10498,0.124512
2018-06-02T19:40:00Z,208.125,208.47656,213.04688,212.34375,219.72656,227.10938,232.03125,240.82031,243.98438,246.79688,247.85156,246.79688,2.51953,1.99219,2.57813,2.92969,2.87109,3.45703,4.21875,5.03906,6.03516,6.79688,6.44531,6.73828,6.15234,0.134277,0.126953,0.144043,0.140381,0.169678,0.163574,0.131836,0.101318,0.13916,0.137939,0.152588
2018-06-02T19:50:00Z,197.22656,212.69531,221.48438,219.72656,227.10938,236.95313,238.00781,246.79688,246.79688,253.125,248.55469,248.55469,2.34375,1.99219,2.75391,3.04688,2.92969,3.63281,4.39453,5.33203,6.26953,6.85547,6.26953,6.50391,5.80078,0.10498,0.095215,0.130615,0.151367,0.159912,0.15625,0.119629,0.111084,0.109863,0.144043,0.136719
2018-06-02T20:00:00Z,199.6875,210.23438,218.67188,217.26563,228.16406,238.35938,243.98438,251.71875,252.77344,252.77344,253.47656,256.28906,2.16797,1.875,2.69531,2.92969,2.87109,3.57422,4.16016,5.15625,6.09375,6.44531,6.26953,6.15234,5.44922,0.117188,0.111084,0.150146,0.137939,0.145264,0.142822,0.130615,0.118408,0.125732,0.146484,0.169678
2018-06-02T20:10:00Z,192.65625,210.23438,217.61719,218.67188,228.86719,239.0625,245.03906,254.88281,254.17969,257.34375,257.69531,254.88281,2.16797,1.69922,2.46094,2.69531,2.57813,3.22266,3.80859,4.6875,6.03516,5.91797,5.625,5.15625,5.15625,0.129395,0.112305,0.108643,0.107422,0.123291,0.155029,0.164795,0.198975,0.158691,0.209961,0.146484
2018-06-02T20:20:00Z,184.92188,207.42188,217.96875,217.26563,234.14063,244.6875,255.58594,255.9375,254.17969,254.53125,257.69531,256.28906,2.10938,1.75781,2.05078,2.28516,2.34375,2.87109,3.80859,4.33594,5.15625,5.21484,5.50781,5.56641,5.21484,0.140381,0.162354,0.130615,0.100098,0.155029,0.172119,0.200195,0.211182,0.161133,0.201416,0.141602
2018-06-02T20:30:00Z,176.83594,199.33594,210.58594,209.53125,223.59375,238.00781,242.22656,253.125,253.82813,261.5625,261.5625,262.26563,2.46094,1.46484,2.46094,2.34375,2.51953,2.98828,3.39844,4.10156,4.45313,4.98047,4.92188,4.74609,4.74609,0.20752,0.186768,0.164795,0.117188,0.146484,0.15625,0.177002,0.235596,0.17334,0.249023,0.194092
2018-06-02T20:40:00Z,177.89063,199.33594,204.60938,204.60938,221.83594,233.78906,243.28125,249.60938,254.17969,257.34375,253.47656,259.10156,2.28516,1.875,2.51953,2.40234,2.40234,2.69531,3.04688,3.51563,4.04297,3.98438,4.33594,4.27734,4.45313,0.153809,0.167236,0.206299,0.125732,0.187988,0.180664,0.209961,0.20752,0.187988,0.198975,0.185547
2018-06-02T20:50:00Z,180.35156,198.28125,206.71875,207.77344,221.13281,233.08594,239.0625,253.125,255.58594,257.69531,262.26563,260.15625,1.93359,1.46484,2.51953,2.57813,2.57813,2.87109,3.16406,3.63281,4.21875,4.21875,4.39453,4.27734,4.27734,0.145264,0.140381,0.133057,0.142822,0.161133,0.19043,0.206299,0.239258,0.217285,0.201416,0.20752
2018-06-02T21:00:00Z,176.83594,201.09375,211.64063,210.23438,223.94531,236.25,241.17188,251.01563,252.07031,254.53125,253.47656,255.58594,1.99219,1.64063,2.75391,2.92969,2.92969,3.16406,3.69141,3.86719,4.57031,4.21875,4.57031,4.04297,4.51172,0.181885,0.163574,0.187988,0.151367,0.159912,0.179443,0.169678,0.187988,0.218506,0.209961,0.214844
2018-06-02T21:10:00Z,182.46094,201.79688,207.42188,206.71875,217.96875,223.94531,229.92188,236.25,239.41406,245.74219,248.90625,249.96094,2.63672,2.05078,3.33984,3.51563,3.39844,3.69141,3.80859,4.04297,3.98438,4.21875,4.16016,3.86719,3.86719,0.133057,0.111084,0.125732,0.17334,0.168457,0.178223,0.20752,0.194092,0.186768,0.192871,0.220947
2018-06-02T21:20:00Z,184.92188,211.99219,212.34375,216.21094,222.1875,228.16406,232.38281,239.41406,238.35938,243.28125,244.33594,243.28125,2.98828,2.46094,3.75,4.10156,4.04297,4.62891,4.80469,4.92188,4.92188,4.57031,4.74609,4.27734,4.6875,0.137939,0.109863,0.117188,0.115967,0.128174,0.124512,0.17334,0.229492,0.213623,0.224609,0.170898
2018-06-02T21:30:00Z,201.09375,213.04688,217.26563,216.21094,221.48438,226.05469,229.21875,233.4375,235.89844,239.41406,236.60156,239.0625,3.75,2.8125,4.74609,4.92188,4.98047,5.27344,5.85938,6.03516,6.03516,6.15234,5.85938,5.50781,5.33203,0.117188,0.108643,0.079346,0.144043,0.114746,0.115967,0.126953,0.124512,0.159912,0.211182,0.170898
2018-06-02T21:40:00Z,208.47656,225.70313,229.21875,229.57031,230.97656,239.0625,240.46875,246.44531,247.85156,253.125,253.47656,254.17969,3.80859,3.28125,4.57031,4.80469,4.74609,5.21484,5.625,5.97656,6.32813,6.5625,6.50391,6.85547,6.09375,0.126953,0.134277,0.135498,0.134277,0.109863,0.115967,0.123291,0.097656,0.153809,0.150146,0.15625
2018-06-02T21:50:00Z,221.13281,225.35156,226.05469,225.35156,231.67969,238.71094,240.11719,249.25781,253.82813,256.99219,255.58594,256.28906,4.21875,3.22266,3.69141,3.69141,3.75,4.16016,4.39453,4.80469,5.15625,5.68359,5.91797,6.26953,5.74219,0.100098,0.119629,0.153809,0.135498,0.137939,0.142822,0.170898,0.159912,0.147705,0.177002,0.148926
2018-06-02T22:00:00Z,214.80469,217.61719,224.64844,225.35156,231.32813,241.17188,243.28125,255.23438,261.21094,262.61719,256.99219,257.34375,3.51563,2.28516,3.22266,3.16406,3.16406,3.33984,3.69141,4.10156,4.74609,5.27344,5.39063,5.03906,5.15625,0.113525,0.140381,0.13916,0.135498,0.175781,0.135498,0.169678,0.218506,0.179443,0.229492,0.19043
2018-06-02T22:10:00Z,206.36719,212.69531,217.96875,218.32031,228.51563,236.95313,245.74219,255.58594,255.9375,262.26563,257.69531,257.69531,2.51953,1.99219,2.63672,2.69531,2.75391,2.87109,3.10547,3.57422,4.04297,4.74609,4.98047,4.80469,4.6875,0.111084,0.102539,0.113525,0.131836,0.150146,0.159912,0.212402,0.19043,0.200195,0.174561,0.184326
2018-06-02T22:20:00Z,187.38281,201.09375,207.07031,206.71875,215.50781,229.92188,241.52344,251.01563,255.58594,256.99219,253.47656,254.88281,2.22656,1.81641,2.87109,2.69531,2.69531,2.57813,2.57813,3.10547,3.51563,4.04297,4.27734,3.98438,4.33594,0.101318,0.098877,0.102539,0.197754,0.129395,0.197754,0.236816,0.236816,0.258789,0.308838,0.236816
2018-06-02T22:30:00Z,182.8125,201.79688,210.9375,210.23438,219.02344,233.4375,243.98438,252.77344,254.17969,258.04688,252.42188,262.26563,2.51953,1.75781,2.8125,2.57813,2.57813,2.51953,2.57813,2.87109,3.51563,3.63281,4.04297,3.69141,4.04297,0.12085,0.130615,0.131836,0.137939,0.194092,0.202637,0.240479,0.244141,0.229492,0.222168,0.20752
2018-06-02T22:40:00Z,185.27344,200.74219,206.36719,207.77344,213.04688,222.89063,231.67969,241.875,240.82031,248.20313,241.52344,251.36719,2.28516,1.81641,3.33984,3.28125,3.22266,3.04688,2.92969,3.10547,3.39844,3.63281,4.27734,3.80859,4.39453,0.131836,0.123291,0.140381,0.137939,0.145264,0.135498,0.200195,0.211182,0.251465,0.222168,0.234375
2018-06-02T22:50:00Z,190.19531,197.57813,201.79688,200.39063,208.47656,214.80469,221.48438,227.10938,226.75781,240.46875,234.14063,242.57813,2.57813,1.99219,3.57422,3.57422,3.57422,3.33984,3.10547,3.10547,3.22266,3.45703,3.80859,3.75,4.04297,0.093994,0.076904,0.075684,0.080566,0.098877,0.130615,0.152588,0.181885,0.252686,0.247803,0.233154
2018-06-02T23:00:00Z,184.57031,200.39063,204.96094,204.25781,210.9375,220.78125,229.21875,239.76563,253.125,264.72656,267.53906,268.59375,2.51953,2.10938,3.28125,3.57422,3.45703,3.10547,2.69531,2.75391,2.8125,3.39844,4.27734,4.86328,4.98047,0.072021,0.098877,0.109863,0.146484,0.109863,0.080566,0.124512,0.238037,0.159912,0.076904,0.08667
2018-06-02T23:10:00Z,187.38281,205.3125,206.71875,207.77344,212.34375,228.16406,240.82031,256.64063,260.50781,264.72656,255.58594,261.21094,2.51953,1.875,2.87109,2.92969,2.92969,2.51953,2.34375,2.69531,3.28125,3.98438,4.27734,4.04297,4.16016,0.070801,0.092773,0.083008,0.117188,0.161133,0.146484,0.201416,0.241699,0.200195,0.257568,0.231934
2018-06-02T23:20:00Z,187.73438,201.09375,201.79688,203.20313,202.5,213.39844,222.1875,236.60156,244.33594,249.96094,247.14844,256.28906,2.10938,1.69922,3.39844,3.22266,3.22266,2.8125,2.51953,2.75391,2.98828,3.16406,3.39844,3.39844,3.80859,0.090332,0.107422,0.10498,0.142822,0.195313,0.157471,0.192871,0.19043,0.281982,0.217285,0.258789
2018-06-02T23:30:00Z,186.32813,197.92969,198.98438,198.28125,202.5,206.01563,211.28906,216.21094,218.32031,230.27344,229.92188,249.25781,3.04688,2.05078,4.21875,4.27734,4.21875,3.98438,3.57422,3.57422,3.45703,3.57422,3.80859,3.75,4.27734,0.061035,0.061035,0.079346,0.096436,0.129395,0.150146,0.166016,0.195313,0.172119,0.169678,0.175781
2018-06-02T23:40:00Z,187.03125,198.63281,203.20313,202.5,208.125,210.23438,214.80469,219.72656,221.13281,229.21875,223.24219,232.73438,3.22266,2.57813,4.33594,4.39453,4.33594,4.33594,4.04297,3.75,3.75,3.86719,3.80859,3.86719,3.98438,0.056152,0.068359,0.057373,0.078125,0.114746,0.131836,0.133057,0.123291,0.178223,0.153809,0.169678
2018-06-02T23:50:00Z,185.625,200.39063,203.55469,204.60938,209.88281,213.39844,217.26563,222.1875,230.625,249.25781,254.88281,253.82813,3.33984,2.69531,4.62891,4.74609,4.74609,4.62891,4.51172,4.45313,4.16016,3.80859,4.21875,4.6875,4.80469,0.062256,0.068359,0.058594,0.064697,0.098877,0.074463,0.092773,0.114746,0.124512,0.115967,0.13916