LOCATION: 
SYSTEM SERIAL: HKZMAST
TIMESTAMP (ISO-8601) UTC,WindDir030m deg,WindDir040m deg,WindDir060m deg,WindDir080m deg,WindDir100m deg,WindSpeed030mh m/s,WindSpeed040mh m/s,WindSpeed060mh m/s,WindSpeed080mh m/s,WindSpeed100mh m/s,TI 030m,TI 040m,TI 060m,TI 080m,TI 100m
2016-07-11T00:00:00Z,232.021818,219.2658203,225.4664854,221.4693238,218.4855454,14.02712162,13.85535863,14.6683965,14.95323671,15.58037852,0.144003028,0.128736368,0.145339233,0.103041811,0.123522913
2016-07-11T00:10:00Z,236.3318778,243.328617,236.7836609,225.0013216,242.5720051,13.01692067,14.43409398,14.35940104,14.91519871,15.49949087,0.155030332,0.141701998,0.121294234,0.122751437,0.152056781
2016-07-11T00:20:00Z,222.2076594,235.7814304,228.5144379,243.6504316,238.0029753,13.55398021,13.73286526,14.2126826,15.03211139,15.03746665,0.149478462,0.165341203,0.12867515,0.159812185,0.142688636
2016-07-11T00:30:00Z,228.9972714,237.1242974,236.3117745,236.9015166,229.763244,13.90079903,14.07091742,13.79640626,14.15429576,14.72231322,0.164831608,0.120762138,0.127268099,0.097964702,0.108010108
2016-07-11T00:40:00Z,228.2288167,253.0315398,231.8097373,231.1363332,228.6212845,13.47010377,14.04428744,14.21188715,14.38794461,15.1133806,0.140901364,0.113982102,0.133378028,0.16517097,0.105344887
2016-07-11T00:50:00Z,226.4002692,215.837766,249.5120703,241.8004045,231.431793,13.80205748,12.98999934,12.81839525,13.71425395,14.54970923,0.133671785,0.097787048,0.161604095,0.105812172,0.090058735
2016-07-11T01:00:00Z,246.5733801,226.7910631,226.6617959,243.6832622,213.2160828,13.50192965,13.89353871,14.01688379,14.76547023,14.93829823,0.133192479,0.126291381,0.143847708,0.135107047,0.087876419
2016-07-11T01:10:00Z,242.0798196,231.688205,242.0651836,227.668048,223.4200808,13.25332243,13.4943172,15.24168375,15.20463426,15.12045423,0.13656476,0.12595326,0.137966749,0.077489204,0.117517734
2016-07-11T01:20:00Z,244.5203422,233.4532599,213.8022218,239.9607665,236.3732586,13.92442016,14.42498703,14.77000666,15.15326663,16.01456349,0.126326186,0.148744325,0.09352321,0.093297711,0.09305954
2016-07-11T01:30:00Z,239.4964117,227.9297739,226.1575987,237.5602537,233.1798045,14.73068599,14.30497155,14.86301777,14.73523189,14.98774992,0.123289362,0.10198285,0.138601228,0.12264444,0.124897306
2016-07-11T01:40:00Z,228.4787847,224.9935313,221.7379064,234.6538892,238.7303546,13.64774926,13.78765979,14.65801255,14.56985714,14.3288517,0.098396833,0.099690989,0.093626647,0.118512302,0.114895792
2016-07-11T01:50:00Z,214.8962144,228.6026603,222.2030077,238.2464072,223.2048925,14.95822799,15.69037304,15.20497424,16.41224122,16.95436992,0.096736734,0.090478737,0.137974598,0.086732655,0.101729033
2016-07-11T02:00:00Z,239.7602411,222.1520157,210.8721532,220.7711042,226.3260519,14.76882695,15.16665999,15.97300502,16.52413367,15.4997685,0.108083914,0.113091536,0.190347125,0.150203107,0.14783753
2016-07-11T02:10:00Z,233.9323484,232.4756571,219.3125181,228.7969304,229.9107604,14.01328167,14.38113745,14.46543812,14.48316116,14.57133386,0.143703486,0.119633492,0.134199822,0.103638345,0.116305132
2016-07-11T02:20:00Z,253.1650631,256.6415997,226.3942473,244.3772221,247.0503658,14.20995058,13.70253502,15.029136,14.18602853,14.77778806,0.144549464,0.115754619,0.108060317,0.099007121,0.089544311
2016-07-11T02:30:00Z,241.1211482,227.605639,247.4582435,222.740176,245.3939307,12.82815143,14.16813127,14.8988539,14.48842019,15.40315749,0.132250541,0.137185255,0.158798635,0.112431028,0.115070678
2016-07-11T02:40:00Z,249.9186318,238.4048257,231.8993843,226.964419,251.4978542,13.21312896,13.65386093,14.11413573,13.95678685,14.48114029,0.096621033,0.12100953,0.118361452,0.114612515,0.123842437
2016-07-11T02:50:00Z,238.1301752,225.0029481,230.2268843,226.6331207,224.2618829,14.01262406,13.93337754,14.38327974,14.95073318,15.06407357,0.1271925,0.162434749,0.109362474,0.115364756,0.090768849
2016-07-11T03:00:00Z,213.7829762,229.8524881,234.1009215,239.0839238,236.3868813,13.602492,13.83908156,14.72369411,15.2240844,14.46719664,0.157149936,0.157905791,0.203935536,0.139681421,0.100411515
2016-07-11T03:10:00Z,252.5870118,235.2720759,234.2220619,234.6695821,209.1710243,13.55718357,13.75060967,14.40698759,15.4301754,15.25642421,0.154683832,0.144200625,0.133213944,0.132377022,0.108487109
2016-07-11T03:20:00Z,240.2283298,240.6305634,226.4170281,259.2031223,223.0694006,14.46567193,14.63904361,14.08467115,14.490056,15.33403677,0.12565788,0.158519119,0.146633929,0.120560095,0.097664935
2016-07-11T03:30:00Z,235.833093,222.0691014,231.6776837,245.2529791,222.0253734,13.18998757,14.08703781,14.61486719,14.99467464,14.74349928,0.140813819,0.137024183,0.12202756,0.122924468,0.139334818
2016-07-11T03:40:00Z,244.2393882,252.0140829,237.1930423,244.3350427,243.8070647,13.87938551,14.7530638,14.76068656,15.0313381,16.13309811,0.141464105,0.167974441,0.153239919,0.102771472,0.092668553
2016-07-11T03:50:00Z,251.6969255,249.4972892,225.4520366,245.4644569,238.0160757,12.52729265,13.24600288,13.95193182,12.93205215,13.79871722,0.109569061,0.139524174,0.138479915,0.116218461,0.143866886
2016-07-11T04:00:00Z,240.7300671,237.6955583,234.2487167,236.9673629,238.5754816,12.77962882,13.39492407,13.72860034,13.3829482,13.41271634,0.172614655,0.132017229,0.176173778,0.110792816,0.153242515
2016-07-11T04:10:00Z,226.0632286,233.5353276,240.1271389,233.4759306,234.9401817,12.13913943,12.1440147,12.98598095,12.53161011,13.20151906,0.158121995,0.134435646,0.13289204,0.133644726,0.108434934
2016-07-11T04:20:00Z,226.0414338,240.277825,233.2708648,237.1952202,218.3330506,13.06402109,13.49732529,13.65554337,13.15637142,13.67233201,0.132214378,0.150110773,0.144779315,0.141413532,0.12579485
2016-07-11T04:30:00Z,231.3959121,224.2583449,243.3945241,226.0653515,230.6163761,13.76423272,13.39088808,14.12061272,13.57540244,14.29396352,0.139537642,0.144564299,0.145557851,0.127773606,0.137347125
2016-07-11T04:40:00Z,222.6006737,230.5908151,213.8008148,226.2343218,230.5230132,12.22638723,12.96601962,12.75675982,12.2649206,13.14915315,0.158919229,0.153230823,0.157241766,0.154902054,0.172536729
2016-07-11T04:50:00Z,229.397458,227.6873947,234.6304809,225.8363227,247.0545079,12.58553356,13.55157047,12.6819182,13.04535118,13.78365781,0.197584025,0.130102139,0.139612855,0.112233255,0.106985661
2016-07-11T05:00:00Z,229.3366445,220.5939115,218.3573635,221.3219287,227.9165395,11.5089634,12.24857898,12.89211945,12.81388365,13.32094236,0.138282037,0.149180441,0.108702309,0.156457712,0.132376606
2016-07-11T05:10:00Z,232.0136838,233.6183591,231.6996191,228.7112532,232.5689727,12.00531865,12.14821477,12.57046829,13.7527878,14.05747155,0.134040578,0.158941312,0.1140825,0.15111465,0.122440413
2016-07-11T05:20:00Z,222.3616134,216.2096138,225.2595208,239.6483628,215.3697452,13.42794363,13.44912961,13.17898052,13.39550646,14.40923481,0.148798548,0.134261924,0.14728569,0.141645663,0.109933547
2016-07-11T05:30:00Z,223.9998732,231.289112,243.5211155,220.9026121,224.5744776,12.83492028,13.65085893,13.86127989,13.88971919,14.50761744,0.139978304,0.076831264,0.105373542,0.097842653,0.118274407
2016-07-11T05:40:00Z,223.4299554,255.2432279,220.036099,212.5496318,228.432717,12.83613789,12.59662765,12.92433236,13.97544299,13.79739885,0.120641061,0.13624148,0.111729044,0.093994631,0.087510748
2016-07-11T05:50:00Z,234.2892948,240.5593481,227.6524966,228.4932944,211.5289837,13.5411537,13.79398034,14.27428834,14.35219313,14.77123551,0.134275722,0.123557463,0.104645798,0.122439462,0.104701619
2016-07-11T06:00:00Z,229.5615728,209.7461802,221.6619176,221.8802254,226.2343872,14.19733934,14.64916203,14.85254221,15.30870306,14.89678908,0.130020399,0.144435574,0.158037388,0.115336572,0.107605937
2016-07-11T06:10:00Z,218.0187585,209.849804,235.0658604,236.3784088,235.7819351,14.44704596,13.98419653,14.89305602,14.71032013,15.32611493,0.110505472,0.101300596,0.115429805,0.127639956,0.147223996
2016-07-11T06:20:00Z,229.4049674,227.2234321,223.5197773,222.3891163,236.0856834,14.67409069,14.56280821,14.80001706,15.10517626,14.85850943,0.111712988,0.118009192,0.118208023,0.128505737,0.127310292
2016-07-11T06:30:00Z,226.9024619,216.412015,226.316063,231.9804632,226.545113,13.81079141,14.16456296,15.00383123,14.85319734,15.07216053,0.149092025,0.121196267,0.088253781,0.11269982,0.099401648
2016-07-11T06:40:00Z,240.2619566,226.5574317,224.4232121,234.4310726,225.5690997,14.58026886,15.3404621,15.13791013,15.7639921,16.35026637,0.114140762,0.114115838,0.110579068,0.11880586,0.098764983
2016-07-11T06:50:00Z,219.409809,230.3841225,219.526323,226.9368241,221.4419776,15.79969834,15.46444222,15.93739862,16.05304248,16.0191912,0.127590177,0.118719576,0.069116808,0.09557614,0.097430742
2016-07-11T07:00:00Z,226.5216155,208.1139303,211.8148597,211.7400356,214.0197329,14.60992958,15.22688477,15.89262293,16.25270802,15.55771536,0.139070446,0.145750418,0.104609695,0.098229238,0.110906808
2016-07-11T07:10:00Z,219.7336388,220.484884,220.5676518,217.3779016,228.9986624,14.71930298,15.11187428,14.07647447,14.55504475,15.26843918,0.127719058,0.116123084,0.117372099,0.113006959,0.110965593
2016-07-11T07:20:00Z,219.8442885,219.0708754,230.7106647,227.3645488,218.0064486,14.33697035,14.33730649,14.75838145,15.3901888,15.53517598,0.139143466,0.089759217,0.083811304,0.115695697,0.099064819
2016-07-11T07:30:00Z,219.6774422,220.8645894,218.5752303,217.1269614,219.1351779,13.47258494,13.8249948,15.22017011,15.17123704,15.27319346,0.164619677,0.119480019,0.114129004,0.10893017,0.128065602
2016-07-11T07:40:00Z,218.4795002,221.494312,228.9817699,217.5015012,223.3430165,13.82603247,14.60331021,14.80340536,15.79764721,14.8071215,0.115176639,0.133241039,0.140838105,0.128734397,0.092165884
2016-07-11T07:50:00Z,238.7425695,231.0440998,235.3749417,236.844096,229.4789201,14.0240433,13.38439753,13.98831018,15.05546364,15.06672669,0.13096417,0.121797157,0.12429236,0.131979603,0.123548961
2016-07-11T08:00:00Z,223.0501141,216.7239929,213.2828406,234.0475925,217.091471,14.56826946,15.45146255,15.78013979,15.42064829,16.23674965,0.159227913,0.141169494,0.138304097,0.122790556,0.094375334
2016-07-11T08:10:00Z,205.7624917,249.5506557,240.3684487,236.2511016,240.1562324,15.51385461,15.80326363,17.00538193,17.46344625,18.25324999,0.133188283,0.106399154,0.109379098,0.115896502,0.12221513
2016-07-11T08:20:00Z,206.9857538,237.9330575,219.4442481,238.063273,242.083406,15.88957563,16.34566803,17.32429834,17.70494587,17.97146331,0.125869023,0.141365657,0.139604254,0.108495867,0.112657233
2016-07-11T10:10:00Z,245.1807096,228.3746021,223.2986409,220.4545994,220.2462299,18.49293397,18.45775537,19.69484809,19.29119539,20.72954145,0.175771207,0.167263028,0.097613537,0.099429216,0.124201393
2016-07-11T10:20:00Z,223.8829196,213.9728469,221.3374635,233.5124083,211.7938125,17.08541274,18.28721365,18.81861258,18.11342926,18.55505829,0.137270842,0.13898443,0.123812429,0.119587769,0.124945245
2016-07-11T10:30:00Z,206.6007659,230.636346,222.5531669,232.2662092,235.9262921,16.42036464,16.85665736,17.86094648,18.71119714,19.07060455,0.166405087,0.167779293,0.147162398,0.115001922,0.183860841
2016-07-11T10:40:00Z,212.6581925,225.8903706,224.6541855,237.1527975,215.3682835,17.87718742,17.73091849,19.11562978,18.49077025,19.89908263,0.156919912,0.146367401,0.140805876,0.164877506,0.120334108
2016-07-11T10:50:00Z,218.7783932,240.2689865,222.0157159,226.7256362,217.4249117,18.04572768,17.8569862,18.4913584,19.04711017,18.27763646,0.143704393,0.14574544,0.121814007,0.121377021,0.110240077
2016-07-11T11:00:00Z,226.5083395,226.223399,221.8334434,208.5501667,230.2525715,18.49922474,19.31120764,18.42622582,18.276812,19.11744518,0.13290249,0.164969353,0.149463832,0.152111038,0.162866691
2016-07-11T11:10:00Z,231.6848124,237.2453635,239.6382211,225.3599813,236.6717505,18.51146595,18.99505774,18.97689068,19.1847686,19.22632831,0.118939593,0.104954176,0.155108405,0.164897456,0.146485906
2016-07-11T11:20:00Z,209.0194428,233.333246,213.5626888,227.2157888,233.4954,16.86768185,17.0396768,17.636318,19.06390135,19.43909621,0.142189979,0.145257765,0.142338254,0.126424476,0.090514153
2016-07-11T11:30:00Z,228.4973712,237.4013029,212.228411,226.4648167,213.7375634,16.19476229,15.91548594,16.97713006,17.73942631,17.92777342,0.164529411,0.149517761,0.129802527,0.138211753,0.130134161
2016-07-11T11:40:00Z,243.5222929,203.6715542,247.1980481,239.3560182,230.7818204,16.56115757,17.01592519,17.31099144,18.18856549,18.74875139,0.156558432,0.076967357,0.106760737,0.111953819,0.115481628
2016-07-11T11:50:00Z,225.5287781,216.1393984,227.0652739,218.7902452,221.7960817,17.46653506,16.90416344,17.62755059,17.36153242,18.77136343,0.135058304,0.131191242,0.141426406,0.131165764,0.133134328
2016-07-11T12:00:00Z,236.2737877,227.0447811,224.2336227,220.2558381,234.1132356,16.15934374,16.35934025,16.71860393,17.59380931,17.68146146,0.12824256,0.162909852,0.117860809,0.149429126,0.111424931
2016-07-11T12:10:00Z,217.1018948,215.1128107,235.942632,222.5519764,215.9348817,15.31913611,16.39121599,16.17149428,17.95655545,18.00731248,0.157344139,0.158513619,0.173919444,0.105344925,0.105457781
2016-07-11T12:20:00Z,220.6262936,216.910848,218.3381142,226.6362212,216.0660213,15.86019201,15.56891635,16.45456797,17.28861013,17.42310136,0.13490774,0.12248632,0.146108462,0.12336982,0.123624707
2016-07-11T12:30:00Z,231.7303315,220.9973995,224.1247201,226.3981886,235.0061979,16.66959015,16.16406468,17.12015263,17.84817238,18.06527051,0.128292646,0.15436557,0.115579463,0.122770452,0.085458155
2016-07-11T12:40:00Z,220.4181566,225.2893339,241.982102,239.2646541,222.7403066,15.55628146,15.75280621,16.7172057,17.37929865,17.97450286,0.174138085,0.16270503,0.160746836,0.179655622,0.163430339
2016-07-11T12:50:00Z,224.4253572,226.0372843,230.9470369,211.450675,237.7731144,16.18679681,17.63899075,18.21048565,17.93745185,17.53229271,0.085686426,0.131747807,0.105301478,0.103088328,0.106754495
2016-07-11T13:00:00Z,222.8301995,227.3285176,225.3423651,228.7091841,226.6802195,15.87848815,16.33534609,16.24037808,17.12021639,18.29275589,0.115033595,0.102997711,0.147640149,0.161827747,0.120595316
2016-07-11T13:10:00Z,236.8686969,223.688479,226.4295325,225.3006413,210.803719,16.57924848,18.33402467,18.12195133,18.55648383,19.04999789,0.131289198,0.150870671,0.087172733,0.116006443,0.126818926
2016-07-11T13:20:00Z,211.9025384,231.1607931,219.6071923,230.269603,236.326004,15.71647611,15.96129716,16.49745792,17.44618246,18.45840464,0.116386196,0.151091515,0.114979467,0.128122171,0.097045705
2016-07-11T13:30:00Z,212.3759963,219.9129475,222.685202,229.0019038,216.9329728,15.44724935,16.08106072,16.80310157,17.11195395,17.47666404,0.190510367,0.156036565,0.122731337,0.121097674,0.125479902
2016-07-11T13:40:00Z,211.6432805,248.2813871,212.8545683,213.3184521,222.6660424,16.24965704,16.9185567,16.51292125,17.83172341,17.58750682,0.163756607,0.169639606,0.190690585,0.122027651,0.104223307
2016-07-11T13:50:00Z,228.685188,231.8885093,221.2037569,209.3254113,220.4532414,17.27921871,16.33107394,16.98327384,16.82676961,18.32819457,0.088915334,0.147546097,0.106474485,0.134385612,0.118795857
2016-07-11T14:00:00Z,221.5223993,240.2183052,207.3022356,225.7545704,211.4476124,15.88182463,15.51855155,16.56435588,17.11988561,18.1116891,0.17923425,0.117732507,0.132296789,0.158004778,0.159349542
2016-07-11T14:10:00Z,230.3552738,218.3320516,231.6824412,224.3934095,233.3984315,15.06827774,15.97259303,16.5459386,17.63645643,17.7487775,0.183496837,0.174083197,0.168396489,0.114845643,0.102827492
2016-07-11T14:20:00Z,212.3975638,226.1256802,217.2129052,227.4541119,209.2430208,15.88987016,16.73411778,17.45411275,17.46554524,17.36480494,0.126429963,0.121200076,0.133306273,0.181818406,0.191963414
2016-07-11T14:30:00Z,219.7855282,219.3432218,225.1119221,235.295225,207.2793231,15.31338497,15.79480203,16.7665503,17.2102523,16.53733828,0.13765129,0.137741292,0.153714382,0.116713442,0.130624097
2016-07-11T14:40:00Z,216.2476117,219.0995857,233.3825343,217.8911682,223.0296972,15.64446419,15.71770982,16.07676065,16.80308927,16.49302203,0.114432124,0.110912304,0.123688429,0.13192567,0.122097163
2016-07-11T14:50:00Z,213.7187974,218.6469705,235.9423319,244.6488397,213.5734999,14.83053006,15.79459084,16.36757362,15.2553585,15.89633114,0.145588642,0.137879162,0.134289494,0.108715186,0.136235605
2016-07-11T15:00:00Z,218.456182,212.3794156,218.763963,220.8328289,216.5812178,14.60186771,15.03542427,15.81673365,17.3431228,17.02664737,0.126043353,0.127501959,0.131511941,0.149036904,0.139555559
2016-07-11T15:10:00Z,212.6093679,239.0502558,235.536422,222.8159921,221.0010896,16.03595131,16.70752372,15.72769526,16.29715135,16.33670337,0.154533152,0.144268697,0.153621639,0.103573647,0.114423713
2016-07-11T15:20:00Z,214.2004061,223.0300762,219.2162708,220.5786233,219.5026882,15.83466406,16.09299159,16.61480958,17.16041132,17.48851201,0.140864451,0.130004987,0.136918209,0.114715736,0.1167758
2016-07-11T15:30:00Z,222.110317,218.4176556,201.6628749,229.1417515,216.8580959,15.31671878,16.54755437,16.03851496,17.00195788,17.21024804,0.158283203,0.130439981,0.108894512,0.119405667,0.158096871
2016-07-11T15:40:00Z,225.5137454,214.6135353,222.8320122,207.6897039,231.8956446,14.59865327,15.25876833,16.02057686,16.68314956,17.81893194,0.109968565,0.123883858,0.117632984,0.09679574,0.121495652
2016-07-11T15:50:00Z,249.8729837,211.5435966,204.6744555,221.1946305,221.0570664,14.66505296,14.43988245,14.70129479,15.66746417,15.93845641,0.15263389,0.163992931,0.175278,0.142044561,0.135617853
2016-07-11T16:00:00Z,234.3593548,207.5162658,217.3511246,224.2933349,204.9713123,14.21495303,14.91878576,15.25660081,15.28109324,15.33351166,0.130301667,0.1612894,0.172055932,0.078354782,0.154650435
2016-07-11T16:10:00Z,215.6938225,232.5799147,198.9286183,218.9806071,224.1913866,15.32499444,15.2997155,15.99992617,16.48355169,16.09986737,0.137531912,0.132491127,0.130452991,0.156986075,0.153581582
2016-07-11T16:20:00Z,222.7084004,224.5798176,213.8625438,203.9300326,222.2326529,14.37400364,15.43301697,15.68256591,15.78647102,15.98265843,0.188505592,0.158454959,0.144771985,0.124536706,0.172147927
2016-07-11T16:30:00Z,211.8726635,241.5367326,237.8402601,227.6857976,232.5571858,14.22681768,14.73878278,14.95198528,14.79180282,15.36005283,0.134810213,0.116952722,0.198939793,0.150415199,0.104564337
2016-07-11T16:40:00Z,225.6733872,213.9374315,236.9815233,211.7584008,233.7314148,14.9298639,15.55619977,16.24575669,16.21236166,16.51069148,0.156572299,0.157108386,0.11693867,0.151340764,0.128439308
2016-07-11T16:50:00Z,233.2308667,225.8238403,223.7034923,213.119482,210.3302246,13.71757234,14.43843706,15.22223671,15.8567149,15.51152884,0.148299797,0.158020187,0.134076518,0.129266692,0.120454171
2016-07-11T17:00:00Z,213.0163656,212.9054019,211.3569129,219.0316059,227.9486439,14.87196093,14.23705708,15.1910919,15.50449953,15.74669831,0.103816251,0.135400976,0.154067175,0.177464098,0.133831189
2016-07-11T17:10:00Z,227.4945425,226.8185183,238.7459358,228.955074,221.8162553,15.59352402,16.00301198,15.46590777,16.3389149,17.03181958,0.141039404,0.130962581,0.117596633,0.127578024,0.127450857
2016-07-11T17:20:00Z,230.2594964,222.5929157,219.6153529,236.2076896,231.9234598,15.18825486,15.20501332,16.29841144,17.33175271,17.06925828,0.154666716,0.145696885,0.111091837,0.096301687,0.161674152
2016-07-11T17:30:00Z,235.0796334,224.2218135,231.3640222,242.9512623,241.986809,14.14921712,15.56575754,15.05009199,15.72423709,16.07421827,0.130815265,0.143866248,0.152884561,0.177938637,0.182880832
2016-07-11T17:40:00Z,238.3234877,210.2029267,215.4432292,216.3357021,227.5890001,15.14304247,16.61011253,16.74172032,16.51099598,16.2349784,0.136791402,0.132136354,0.136049699,0.106447763,0.113591276
2016-07-11T17:50:00Z,226.7413908,218.4512448,230.7589226,222.417099,222.6207634,14.25418113,14.74221814,15.91934838,15.97997239,16.37219518,0.11253229,0.148535851,0.122877122,0.108686032,0.112375356
2016-07-11T18:00:00Z,228.0891231,236.8993822,215.6744488,223.6634742,211.1173362,13.44099578,14.2248127,15.49052624,15.20690849,15.02799175,0.140309383,0.125299752,0.115179037,0.103772718,0.098239293
2016-07-11T18:10:00Z,224.2751253,225.4030016,224.1945679,204.562351,222.7890564,13.51146637,13.98147437,14.77749484,15.03958588,15.64387062,0.110881389,0.099782048,0.090893949,0.101601313,0.091875685
2016-07-11T18:20:00Z,215.3116444,218.2053582,229.8108685,236.3898469,219.9258398,13.95373451,14.56209581,15.48837401,16.42818059,15.5366833,0.143115387,0.12718469,0.086735672,0.111506265,0.153643718
2016-07-11T18:30:00Z,227.8398953,236.0726511,220.7866361,221.7002061,219.5479216,14.78931448,14.98306578,15.89796164,16.1748031,16.00282625,0.093263442,0.074288176,0.107463215,0.088846743,0.094196211
2016-07-11T18:40:00Z,224.5020124,241.796215,207.3366031,246.270976,231.6651221,14.72451808,14.94929371,15.01459842,16.36348819,16.84951004,0.125167126,0.142368027,0.103018903,0.136341629,0.114682711
2016-07-11T18:50:00Z,227.7823139,229.9741654,220.131122,211.3454686,224.3526267,15.20344874,15.93744875,16.15618571,16.09022786,16.88811637,0.123751149,0.126200442,0.124553644,0.095581064,0.118205812
2016-07-11T19:00:00Z,230.5485881,221.1326747,228.2167389,233.969254,241.3568377,13.26069053,14.1348247,14.22494975,14.88417297,15.3675486,0.155142383,0.13638317,0.114015392,0.112086942,0.125472825
2016-07-11T19:10:00Z,235.3445538,213.5305154,218.2942867,242.9537315,237.0177236,15.14555534,15.33467641,15.42201746,16.25079492,16.96603232,0.119945653,0.148135546,0.10995041,0.12307363,0.151460774
2016-07-11T19:20:00Z,241.55278,216.9343899,222.0605072,228.3696648,220.4777546,14.78875531,15.36023325,15.74010724,15.57429386,15.70957775,0.110434266,0.124781369,0.100628729,0.10458548,0.078146238
2016-07-11T19:30:00Z,219.9760056,252.2529112,239.5093134,244.1500296,243.8393574,14.44645729,14.26390772,15.6464404,15.15320478,16.18037916,0.121607749,0.124028454,0.135336389,0.072687194,0.117027746
2016-07-11T19:40:00Z,230.6416772,227.1182904,226.6441794,227.064801,239.8516604,13.33233979,13.79801937,15.41302996,15.7609694,16.03163063,0.108966397,0.132946376,0.121930403,0.082168316,0.104229459
2016-07-11T19:50:00Z,223.6482658,232.1300672,254.053757,220.0073853,225.083155,13.16480778,14.41486061,14.90828139,15.11273429,15.14287256,0.108590145,0.09958286,0.150256431,0.138025439,0.113430583
2016-07-11T20:00:00Z,213.2442975,231.4142942,233.3704252,211.8799217,230.0608733,14.63469876,15.04365324,14.55190216,14.97864907,16.04967082,0.107016967,0.129542069,0.139881222,0.140430666,0.125889368
2016-07-11T20:10:00Z,210.8125969,223.3163008,238.448544,228.7420928,217.7417661,13.97178112,13.51441585,14.71535953,15.81279919,16.04608669,0.160064191,0.181095546,0.131768393,0.126058997,0.105606071
2016-07-11T20:20:00Z,244.1274904,213.4282299,221.8835478,242.5101314,226.4688534,14.38143231,14.41054405,14.52257644,15.33802737,15.47532281,0.127274501,0.122307685,0.151941846,0.11957754,0.114534835
2016-07-11T20:30:00Z,235.152348,231.3642357,232.915799,220.5192035,241.0371238,13.86647524,13.63821248,13.87547674,15.01771736,15.13216886,0.108461498,0.151445035,0.081976912,0.105048244,0.099825663
2016-07-11T20:40:00Z,242.5464153,239.2144483,219.0525202,234.889347,238.4407071,12.81359952,13.33755158,14.34493177,14.04207462,15.43297696,0.154804733,0.131370858,0.146213246,0.134803397,0.082955926
2016-07-11T20:50:00Z,236.8270553,230.9467201,219.6230952,231.3889742,230.8117761,12.91485322,13.2587361,13.82467997,14.19635398,14.15118896,0.096765805,0.124897013,0.136222344,0.133267756,0.122078433
2016-07-11T21:00:00Z,239.0142386,237.15814,232.0942946,224.7472706,232.2787998,12.69429707,12.42175062,13.60544372,13.68219755,14.7265474,0.126869359,0.122741415,0.116401933,0.090739111,0.086854363
2016-07-11T21:10:00Z,227.0829034,231.0643759,232.8378783,244.9082119,224.7907524,13.14688111,13.72947194,13.61002704,14.32609567,14.69614582,0.106913879,0.1188244,0.138720844,0.094755354,0.094296902
2016-07-11T21:20:00Z,245.9721698,240.9242166,251.0252465,234.4292978,246.8487581,12.07706696,12.19231525,12.92984306,13.17868991,14.50172125,0.148904537,0.146016737,0.112780773,0.129192558,0.10409526
2016-07-11T21:30:00Z,234.5436901,231.6338881,248.5049436,248.0128774,234.9052033,12.52107545,12.71353672,13.13695012,13.54878935,14.03973058,0.136319408,0.1512569,0.166454419,0.149865303,0.157240621
2016-07-11T21:40:00Z,245.3678464,230.5704084,248.2213705,237.4345354,241.1197519,12.17454678,12.30760155,12.47553152,13.75301054,13.77840208,0.185698284,0.181076759,0.149216112,0.104018684,0.112887879
2016-07-11T21:50:00Z,235.6430686,237.2301196,235.6193435,222.235922,243.3144862,12.18621519,13.08437735,13.61228764,14.62004358,15.19416096,0.139278988,0.097100033,0.10637774,0.089687066,0.110368861
2016-07-11T22:00:00Z,244.412326,236.3617399,241.3997227,244.3282985,240.1221829,12.03137989,12.24585302,13.05534662,13.64290261,13.37753259,0.111030959,0.137211184,0.111168918,0.130612693,0.100111494
2016-07-11T22:10:00Z,235.6556042,255.1324252,221.7732033,242.6607373,224.8379462,12.03856314,12.4367526,12.0340405,12.66578224,12.51205282,0.108352711,0.122266869,0.130300214,0.131404075,0.108268631
2016-07-11T22:20:00Z,238.0227187,236.7495245,236.47784,239.0015359,246.9307153,11.10576739,11.81505517,11.95823577,12.02954051,12.40580253,0.131966437,0.121020138,0.171792286,0.097787855,0.120965438
2016-07-11T22:30:00Z,253.5507403,248.7232515,215.2822008,242.9976956,236.8483291,10.40905114,10.99582878,11.21764375,12.21776273,12.81541534,0.167164364,0.111524397,0.117429705,0.165946913,0.144339563
2016-07-11T22:40:00Z,230.6783874,227.0375705,243.9090936,237.7021988,233.8352199,10.32457106,11.13722121,11.64342816,12.15985186,13.0339523,0.152848625,0.131917952,0.120049819,0.164526068,0.108639779
2016-07-11T22:50:00Z,242.1407262,229.9882803,246.6534621,245.2964836,250.2100159,10.81001513,10.9292662,12.06181312,12.31048381,12.4573402,0.126460044,0.141837249,0.10283628,0.114327265,0.117150161
2016-07-11T23:00:00Z,233.080844,231.6265801,246.2030223,245.620609,247.2244857,10.62352801,11.23251521,11.39270109,12.36303262,12.92069854,0.127034842,0.125890673,0.175973945,0.126461008,0.129885716
2016-07-11T23:10:00Z,238.3450111,237.2390933,232.3979205,241.9657739,233.6470573,10.74494055,10.98459766,11.16986033,11.6468924,11.63541198,0.154832739,0.129729863,0.124093614,0.128036205,0.14649427
2016-07-11T23:20:00Z,239.4882174,225.9429765,260.8283461,245.2840047,232.4667788,10.14719463,10.47619538,11.14568494,11.13730523,11.92074165,0.128405556,0.121748459,0.149702212,0.173304159,0.103380044
2016-07-11T23:30:00Z,226.2614442,241.6872264,242.3423724,240.099341,239.6304274,10.19629934,10.37871077,11.0756018,11.51706091,12.04159274,0.138653946,0.135060366,0.111219399,0.14915995,0.100995053
2016-07-11T23:40:00Z,257.5493912,232.5087457,240.4206309,231.4807853,240.3094344,10.22766218,11.04161995,11.17275338,12.08392589,12.98302937,0.163386407,0.148074663,0.148281362,0.125119668,0.087853788
2016-07-11T23:50:00Z,264.1183048,242.2273263,263.2264248,249.3051997,260.6675804,11.03460317,10.98034805,11.36934874,11.7164048,12.69518629,0.134332922,0.077391612,0.110272744,0.107957599,0.10451403