LOCATION: 
SYSTEM SERIAL: HKZMAST
TIMESTAMP (ISO-8601) UTC,WindDir030m deg,WindDir040m deg,WindDir060m deg,WindDir080m deg,WindDir100m deg,WindSpeed030mh m/s,WindSpeed040mh m/s,WindSpeed060mh m/s,WindSpeed080mh m/s,WindSpeed100mh m/s,TI 030m,TI 040m,TI 060m,TI 080m,TI 100m
2016-10-31T00:00:00Z,86.0937386,100.6132735,94.63152501,94.84153077,91.2158438,4.555478235,4.539887913,4.645985827,4.483880232,4.490438833,0.05925554,0.115341904,0.098231547,0.114761602,0.062584005
2016-10-31T00:10:00Z,81.14682725,80.13321682,82.47889791,77.63440119,84.58125778,4.056057022,4.256026975,3.830311946,3.888683242,4.013209847,0.030687246,0.073844084,0.066998896,0.032840073,0.017377036
2016-10-31T00:20:00Z,76.05840136,85.12582012,79.46760673,85.66290643,84.5717182,4.279643948,4.218947865,4.15945844,4.087847301,4.288500029,0.126671687,0.068242177,0.042993384,0.050084519,0.123906107
2016-10-31T00:30:00Z,77.0872658,83.48885501,77.2774073,78.52545148,82.87674377,4.144074729,4.409833962,4.276091012,4.228216822,4.232430399,0.05661319,0.024151827,0.090650581,0.060169094,0.057563353
2016-10-31T00:40:00Z,81.73283422,86.36618382,77.63901908,83.50083935,85.78603636,4.075932047,4.110036415,4.200703354,4.220477587,4.423874804,0.066923113,0.085628712,0.0913503,0.057908585,0.072766676
2016-10-31T00:50:00Z,107.3972528,104.1247907,109.6558489,108.4335083,115.512716,3.973003732,4.115359138,4.258100763,4.038405234,4.374500625,0.039815187,0.059037707,0.088240368,0.054398602,0.09627034
2016-10-31T01:00:00Z,97.40975601,106.3820395,91.3784336,88.15514769,99.52407367,3.403456232,3.509446886,3.269314168,3.446600883,3.695585606,0.12667631,0.136337949,0.13359352,0.117059932,0.150317941
2016-10-31T01:10:00Z,213.8846994,228.39857,219.6919897,196.7198448,225.2701496,2.865965825,2.93641297,2.938327412,3.171563066,3.164272589,0.05341359,0.065307461,0.0514231,0.035725444,0.04280994
2016-10-31T01:20:00Z,207.9967593,235.620655,212.4514025,223.5501902,236.4022931,2.800412128,2.80599474,2.649089678,2.639916167,2.861001837,0.044874503,0.040977194,0.051934938,0.036872049,0.06611935
2016-10-31T01:30:00Z,225.3815592,226.4333772,222.5933869,230.9735125,222.8262394,3.204840179,3.353090397,3.157017466,3.271508413,3.231400609,0.133145795,0.111426484,0.127740108,0.099759056,0.090573956
2016-10-31T01:40:00Z,242.6408665,219.2957496,201.2203663,228.6822317,225.3508974,2.953949469,2.839347384,2.905139966,3.068001745,3.115567008,0.129523435,0.077544979,0.055525074,0.083048113,0.064664119
2016-10-31T01:50:00Z,219.8054095,217.752257,217.8448867,219.4419426,219.4932548,2.455451328,2.438340031,2.345812955,2.575286441,2.540048828,0.027046895,0.036840024,0.043706473,0.031619417,0.059465217
2016-10-31T02:00:00Z,214.8772849,215.5449022,216.5336339,212.7213351,227.2620068,2.626113322,2.667442609,2.695698645,2.586938873,2.688020972,0.05142843,0.040253046,0.028045665,0.055331831,0.041121692
2016-10-31T02:10:00Z,202.817301,201.6559367,217.8546346,206.1567616,207.7652008,2.702933112,2.605963339,2.713558195,2.548999791,2.446604471,0.048140367,0.036823095,0.029985314,0.047000888,0.029688014
2016-10-31T02:20:00Z,203.1170451,230.7877592,216.8568836,205.3919396,215.7402261,2.846888861,3.025491481,2.99588158,2.674595597,2.886916057,0.058077003,0.068154839,0.080516957,0.051416432,0.056422167
2016-10-31T02:30:00Z,218.7460262,218.6778591,201.9267191,218.2142537,202.6683408,2.960618021,2.939580894,2.936055053,2.864548421,3.010297415,0.065313706,0.058918087,0.031674756,0.047998769,0.053281237
2016-10-31T02:40:00Z,193.1395933,186.3370783,185.9795436,197.7959172,185.3766437,2.365294382,2.259621485,2.541469356,2.370869234,2.24581301,0.07220298,0.086240072,0.169347311,0.074278355,0.048461138
2016-10-31T02:50:00Z,193.8146282,191.6332853,189.258475,192.5274191,199.1031047,2.604439621,2.668657035,2.635738445,2.528725756,2.521872932,0.042240551,0.086755038,0.061607138,0.040232166,0.06426166
2016-10-31T03:00:00Z,208.8778253,212.0118478,209.309563,211.0180662,199.1891275,2.887588849,2.963671195,3.038983386,2.981881926,2.968501239,0.037904484,0.044053365,0.021437613,0.028896936,0.157121505
2016-10-31T03:10:00Z,221.9953194,213.7274021,192.8110811,196.3593257,209.1670415,2.874324499,2.833777509,2.901502859,2.969045799,2.910125599,0.056972824,0.068416497,0.097561434,0.092716434,0.053381056
2016-10-31T03:20:00Z,195.6744069,208.291206,195.7390615,190.9145609,192.6201554,2.586660025,2.642033663,2.650643492,2.488874986,2.677292931,0.048804505,0.039624509,0.047796954,0.046652624,0.227294573
2016-10-31T03:30:00Z,210.6447485,209.020241,205.7547659,203.6914628,201.8712184,2.745487824,2.688746667,2.738461302,2.707648422,2.663677327,0.046426315,0.040676611,0.032753543,0.054382065,0.046704107
2016-10-31T03:40:00Z,209.9452565,229.0500016,220.5523987,214.4142153,205.6183809,2.642176189,2.715695048,2.676878056,2.614821178,2.729143761,0.049706471,0.082869559,0.096865134,0.064251026,0.046179713
2016-10-31T03:50:00Z,193.3401217,191.9659584,207.9062782,177.1448238,177.032196,2.288805683,2.503683462,2.268692479,2.40425759,2.258784955,0.061878146,0.203915731,0.040514964,0.199615132,0.080835286
2016-10-31T04:00:00Z,192.395412,204.7923752,194.6737004,207.806503,177.9212211,2.691936871,2.538328507,2.635530526,2.533217503,2.72187551,0.535952727,0.13220523,0.298951032,0.11573894,0.330086561
2016-10-31T04:10:00Z,189.041163,210.3070942,205.7391554,198.02379,156.200825,2.808968124,2.822864951,3.349426164,2.951888192,3.113583458,0.079823805,0.099313755,0.492070616,0.067605998,0.113996502