LOCATION: 
SYSTEM SERIAL: HKZMAST
TIMESTAMP (ISO-8601) UTC,WindDir030m deg,WindDir040m deg,WindDir060m deg,WindDir080m deg,WindDir100m deg,WindSpeed030mh m/s,WindSpeed040mh m/s,WindSpeed060mh m/s,WindSpeed080mh m/s,WindSpeed100mh m/s,TI 030m,TI 040m,TI 060m,TI 080m,TI 100m
2016-09-05T00:00:00Z,289.0033992,282.2232517,275.2594348,310.87286,288.3811079,11.94192321,12.47092365,12.75581024,13.45398199,12.92173311,0.136548392,0.141637572,0.116910835,0.138768695,0.116746902
2016-09-05T00:10:00Z,273.6743717,299.8447296,283.8144618,304.920066,301.6147044,11.50816069,12.20893915,12.5926524,12.59797338,13.01061592,0.16338312,0.141271526,0.133417154,0.126173599,0.110389919
2016-09-05T00:20:00Z,292.9527618,316.2622298,285.4054267,299.1509431,293.1995044,12.33471535,12.37481395,13.0166571,13.14256225,13.51064167,0.118936974,0.11684109,0.149165016,0.13318548,0.130440162
2016-09-05T00:30:00Z,295.1780167,295.927944,298.6031938,313.0477156,292.6848379,12.23034908,12.09506786,12.55086421,12.20265984,12.29289934,0.135330545,0.145892255,0.117205893,0.148406054,0.123552287
2016-09-05T00:40:00Z,298.542158,286.9230447,301.9817407,289.7165164,288.1099916,12.00447479,12.28659309,11.16935815,11.76948614,11.79738074,0.124396592,0.113043918,0.104543744,0.144431491,0.152608518
2016-09-05T00:50:00Z,305.8961892,304.7877494,293.4910733,299.0882758,287.1946713,11.87884686,11.86323292,12.16341432,12.15474702,12.10211833,0.142057571,0.145150435,0.109573859,0.084573676,0.124724414
2016-09-05T01:00:00Z,291.8389399,301.3182702,277.4946364,291.2754823,283.9294538,11.15518758,11.26079835,11.16802098,11.45471098,11.27502472,0.160886848,0.127701102,0.131537979,0.145700321,0.132690968
2016-09-05T01:10:00Z,300.0918344,280.9057053,315.0116867,302.8975167,309.7053774,11.57138799,11.56134806,11.93511972,12.2063794,11.71246069,0.11888845,0.111110101,0.12177235,0.11855671,0.146577405
2016-09-05T01:20:00Z,292.3135111,278.9192311,304.173384,307.7579682,312.3793556,11.51716227,11.6724592,12.20341485,12.04122959,11.72383679,0.113603641,0.163947797,0.121897805,0.133769266,0.156760934
2016-09-05T01:30:00Z,287.2045347,277.2343983,302.1278964,274.2713006,296.0259565,12.22929787,12.26989289,12.66148916,12.60738813,12.47819275,0.094753823,0.114596539,0.140636371,0.096825356,0.10360583
2016-09-05T01:40:00Z,291.8368884,311.3931609,312.3355449,297.6496927,293.8434091,11.26215479,11.86915548,11.724699,11.85868233,11.75154433,0.151188802,0.14742262,0.149836336,0.107527447,0.17264654
2016-09-05T01:50:00Z,289.6117654,294.8525136,291.0923999,290.1047457,289.6529742,12.24899856,12.44701951,11.98050501,12.20681083,11.89697296,0.148315888,0.131677342,0.160698992,0.114368349,0.155128875
2016-09-05T02:00:00Z,302.628287,285.8767555,287.5400699,302.6730133,312.5968743,12.20715714,12.44996919,12.24887821,12.36746326,11.81918889,0.154693622,0.14736444,0.128407539,0.153458928,0.107315804
2016-09-05T02:10:00Z,313.3850841,297.7749203,268.0475814,281.2368472,293.5187723,10.9062773,11.06866654,11.68281382,11.49278938,11.2184743,0.15799484,0.138361558,0.131617105,0.162467198,0.191124758
2016-09-05T02:20:00Z,295.0674179,302.6809444,294.7990361,286.2557248,281.8033004,11.00175098,11.33776363,11.03522454,10.63663002,11.94961425,0.128941428,0.104102873,0.157383676,0.151270272,0.142318067
2016-09-05T02:30:00Z,300.9446692,286.7581266,296.4297957,288.4599025,292.5789857,11.5524626,10.96796725,11.32016087,11.80939282,11.26134995,0.139341738,0.119437704,0.093778897,0.157164974,0.131911215
2016-09-05T02:40:00Z,295.2977179,287.4594917,282.3927396,312.0880195,290.8192765,10.97131107,10.44528308,11.45117569,12.0769587,12.34781369,0.155435097,0.121208141,0.124394693,0.105440021,0.146249572
2016-09-05T02:50:00Z,292.3773817,286.5389028,302.0984202,297.0187148,310.1312077,11.27388267,11.40890586,10.89808588,11.62375674,12.14317402,0.113182922,0.168108132,0.118086794,0.156786122,0.155592791
2016-09-05T03:00:00Z,283.9246532,298.3215203,279.3337669,285.2346826,271.9115144,9.715227221,10.09280495,10.59655696,11.21685819,11.1108181,0.170044703,0.165701088,0.134018442,0.122578853,0.163393028
2016-09-05T03:10:00Z,302.8189135,299.055138,281.1645817,303.4267047,305.6397817,10.03382738,10.18681764,10.41548547,10.75465525,10.71525641,0.141696231,0.152241637,0.11786018,0.121077389,0.149882673
2016-09-05T03:20:00Z,301.6692131,306.5597697,298.3365958,290.6729343,307.1926464,10.48163987,10.6261433,10.32101271,10.34615172,10.24291153,0.157434569,0.201931242,0.147453974,0.184546891,0.12914638
2016-09-05T03:30:00Z,291.8104311,301.4592953,287.0216598,307.4914119,296.8715942,10.22608093,9.686853991,10.25162331,9.799495687,10.35114483,0.127148053,0.126975824,0.094291914,0.113748199,0.106334419
2016-09-05T03:40:00Z,289.917782,287.7730802,322.296694,306.3623967,299.4368172,9.502021874,10.07944895,9.719314417,10.11107324,10.05063207,0.160993414,0.125714472,0.105179502,0.10558596,0.101073954
2016-09-05T03:50:00Z,297.5549092,293.7406368,304.1274947,279.9338557,278.9777228,9.722785197,9.336878516,9.418324965,9.350473655,9.857033348,0.113482823,0.130885788,0.100460312,0.09872532,0.094882892
2016-09-05T04:00:00Z,299.4883794,303.5965774,318.3657416,314.1132432,293.2025896,9.755323199,9.591814707,8.954617146,9.646615776,9.652445118,0.085368276,0.093783512,0.100032201,0.106047496,0.102236123
2016-09-05T04:10:00Z,294.4643995,301.9209093,293.0892213,313.3175373,293.2189979,9.012511047,8.58605122,9.208040761,9.186258058,9.058479748,0.124347018,0.124300002,0.132960291,0.148097608,0.208803187
2016-09-05T04:20:00Z,301.7855255,302.5160365,300.7203606,289.2639718,287.8748788,9.24188232,9.155592676,8.558866889,8.652959131,9.002243759,0.130733778,0.137642978,0.105875363,0.150022676,0.080300734
2016-09-05T04:30:00Z,313.349345,308.3604505,296.5576951,298.8551998,293.7424605,8.795918629,8.827328867,8.691802594,8.917620653,9.511854589,0.131603814,0.123154856,0.136197859,0.118285646,0.120463335
2016-09-05T04:40:00Z,318.4110404,310.4129581,297.2089059,292.3489034,287.1208834,8.987117068,8.79948871,9.09833183,8.898486652,8.693170763,0.147306966,0.136812074,0.124897256,0.159131197,0.130498005
2016-09-05T04:50:00Z,306.8775385,298.0917956,283.7138237,303.2481239,310.0420358,7.9932123,8.102998995,8.445829186,8.458338675,8.241087877,0.101752579,0.139982542,0.124492809,0.139561284,0.205641259
2016-09-05T05:00:00Z,332.1218362,292.7162383,279.6974207,307.7526689,286.5237915,8.515101524,8.464060253,8.744292748,8.651219755,8.151135821,0.119962882,0.147977694,0.169763696,0.155816612,0.183562347
2016-09-05T05:10:00Z,314.0449608,292.9083489,300.0870647,279.0033613,303.3376735,8.432700318,8.410284384,8.84126376,8.489839434,8.50217875,0.152897905,0.172035598,0.153440915,0.170355087,0.153809572
2016-09-05T05:20:00Z,289.3591493,292.2953454,305.545449,304.0693343,298.7263999,8.184306778,8.531133348,8.812346209,8.449381999,8.546239102,0.1363805,0.169890579,0.116260099,0.150558659,0.162625448
2016-09-05T05:30:00Z,310.9348018,297.9443984,295.4045127,300.7827449,277.182616,7.81485901,7.644811019,7.917249962,8.133054402,8.177199603,0.132882406,0.095139674,0.135689907,0.154247341,0.127518413
2016-09-05T05:40:00Z,287.6107227,284.9552169,300.532893,327.3571742,297.2817317,7.888264827,8.00907896,8.085537663,8.34454256,8.104035209,0.146931525,0.138861357,0.160301589,0.141353564,0.192008864
2016-09-05T05:50:00Z,299.8911538,310.0407236,286.1202824,303.4102304,287.9838715,7.950794624,7.630353665,7.77434384,7.945766966,8.077777626,0.103611317,0.131162807,0.143011298,0.164555479,0.160100308
2016-09-05T06:00:00Z,291.5015722,285.17897,294.2691947,302.6989033,284.3178981,7.665980039,7.638891844,7.713183669,7.9023623,8.192531685,0.154247085,0.151035725,0.178861444,0.140673454,0.130249482
2016-09-05T06:10:00Z,267.7903281,304.3548641,309.4127599,273.580286,305.2154206,8.048109467,7.922460501,7.554724325,8.158286617,7.840605914,0.12666056,0.147549451,0.126208198,0.114663515,0.124746969
2016-09-05T06:20:00Z,308.725352,299.3370407,308.020647,292.623924,305.2407149,7.058903347,7.509625632,7.105202057,7.128504726,7.489917694,0.128232005,0.109548761,0.148802143,0.122435574,0.125183864
2016-09-05T06:30:00Z,299.811617,300.7557793,312.9928573,318.9020674,310.5145966,6.915455442,7.059780241,7.543886558,6.806510657,7.153075652,0.162333633,0.098350222,0.134075364,0.130786923,0.124965344
2016-09-05T06:40:00Z,312.4806907,318.2957365,294.5622947,282.2765062,295.364707,7.27450497,7.114697295,7.134544177,7.210016658,7.546293408,0.146424386,0.097711432,0.085027667,0.126862993,0.089093115
2016-09-05T06:50:00Z,309.9787745,296.319061,303.8831003,288.083837,301.433791,7.279087154,7.398223208,7.311579338,7.458102296,7.181228479,0.092810118,0.139911733,0.138066809,0.12663006,0.173496773
2016-09-05T07:00:00Z,304.7940149,287.808599,280.6504936,275.0217573,299.8181151,6.608067106,6.355424487,6.648479091,6.853621577,6.510484293,0.157236649,0.14249214,0.141870248,0.130826322,0.112198447
2016-09-05T07:10:00Z,302.892286,296.1430683,303.1298289,304.660019,307.847102,6.409206147,6.863415036,6.858866294,7.17838349,6.713935935,0.123992714,0.114246673,0.116785908,0.123555453,0.135174298
2016-09-05T07:20:00Z,300.5555545,308.8429077,311.6872383,307.4220437,294.2727984,6.042971323,6.24592442,6.875072715,6.388227381,6.845824247,0.11730543,0.129333812,0.103830757,0.115598645,0.118402348
2016-09-05T07:30:00Z,288.417505,277.7790444,293.5493084,289.723652,297.406659,6.050038679,5.830521584,6.086479694,6.132500479,6.207081447,0.158913742,0.13415915,0.146044247,0.141987307,0.173488559
2016-09-05T07:40:00Z,263.8885576,287.5263521,312.7374639,289.6012384,300.7390832,5.730661466,5.860720528,6.231804609,5.729158831,6.026929108,0.125177643,0.202608828,0.170925489,0.162394654,0.118902456
2016-09-05T07:50:00Z,274.9929868,286.4723505,282.5668349,315.462154,303.7083647,5.431265227,5.274815869,5.707229791,5.580330013,5.972086304,0.121871961,0.129437288,0.188809504,0.145934356,0.15957511
2016-09-05T08:00:00Z,295.4526594,288.9895234,280.3348059,290.8423338,304.5093397,5.727622124,6.137339608,6.109394109,6.433868974,5.986051594,0.157534403,0.152127842,0.151031562,0.116991587,0.133037284
2016-09-05T08:10:00Z,276.941419,286.5385689,282.5593528,313.0372674,293.060993,6.143272048,6.181322421,6.532002311,6.678053813,6.432688361,0.128048731,0.208040306,0.118599092,0.149951505,0.127189877
2016-09-05T08:20:00Z,286.047942,288.4832738,290.0447922,285.9627083,300.8961286,6.67224704,6.652928197,6.547343778,6.380120557,6.11044504,0.188992052,0.111921503,0.126650452,0.18839011,0.157395561
2016-09-05T08:30:00Z,280.7180066,283.2645955,283.0332867,281.6950676,280.2672582,6.04008958,6.346118578,6.098174999,6.002675368,6.44227775,0.127406036,0.142367192,0.114290613,0.153409772,0.09917446
2016-09-05T08:40:00Z,305.5431301,294.6713126,277.5159605,312.7893119,296.0118592,6.542871039,6.409013044,6.388144358,6.313125211,6.11659605,0.156025854,0.10635449,0.136874035,0.153922772,0.135958393
2016-09-05T08:50:00Z,274.2977742,279.6462805,300.214791,292.6299026,310.2349316,6.289056999,6.430114143,5.917404051,6.092297444,6.163594653,0.152433673,0.109657423,0.174232877,0.112071636,0.138161718
2016-09-05T09:00:00Z,288.7668328,288.4176816,287.0610412,280.7981043,321.4997357,6.281425559,6.454857694,6.142253246,6.184535594,6.202901401,0.11453459,0.18708569,0.113118915,0.156234148,0.145869498
2016-09-05T09:10:00Z,298.7090396,289.8126047,285.3263975,295.382746,296.1616593,5.616488997,5.933701061,5.813562166,5.763008021,5.564038797,0.143790002,0.207984289,0.10958547,0.135536063,0.209214001
2016-09-05T09:20:00Z,313.1325376,300.8888203,280.1890775,284.4065201,308.481999,5.267977716,4.889839252,5.250621938,5.237272804,5.085617712,0.225613807,0.121478746,0.119002028,0.164169253,0.132897875
2016-09-05T09:30:00Z,271.1443552,304.0623919,268.7879215,297.5764296,289.0663392,4.834204041,4.660078647,4.528190131,4.819496026,4.678140816,0.119122847,0.134044169,0.150882138,0.139856482,0.095448363
2016-09-05T09:40:00Z,288.2326689,281.1167554,280.4021864,273.9488259,295.5634141,4.451297178,4.327425275,4.431217208,4.514741032,4.433150038,0.120613714,0.150165386,0.116456348,0.180155694,0.138745631
2016-09-05T09:50:00Z,270.1871647,276.6243943,286.0634032,261.1133687,278.9644036,4.221071389,4.501780534,4.316390389,4.124244186,4.346524545,0.138651202,0.178391249,0.161495614,0.215280117,0.213430874
2016-09-05T10:00:00Z,285.8354069,289.5358297,288.154629,277.6734391,271.9513903,4.416145763,4.390080355,4.299013696,4.289168373,4.464904415,0.196665368,0.178244431,0.153981024,0.250020991,0.142091819
2016-09-05T10:10:00Z,273.621459,282.1980376,280.1568979,270.8221859,284.111107,4.844659988,4.475625296,4.78573124,4.729255751,4.821815371,0.130300401,0.138805345,0.13383758,0.15901673,0.167788803
2016-09-05T10:20:00Z,285.2133714,293.675222,277.2877329,274.1372473,264.644894,4.064526666,4.341023442,4.256670686,3.90340373,4.085971505,0.196174024,0.191639095,0.169535593,0.200830528,0.167960552
2016-09-05T10:30:00Z,295.8928001,292.0196186,296.743457,290.4857932,291.6278134,3.919395235,3.857267648,3.801971124,3.827666672,3.817124267,0.182777901,0.161915948,0.182228595,0.126986603,0.173548007
2016-09-05T10:40:00Z,286.180023,290.9929488,281.2000572,259.959259,277.9126181,3.448395624,3.387235116,3.453318949,3.376369077,3.645019875,0.170684569,0.215716845,0.180442926,0.178076614,0.154646761
2016-09-05T10:50:00Z,264.9633439,273.5609583,288.6795011,284.9677871,273.3581777,3.518478793,3.791539605,4.099018713,3.872442249,3.965276355,0.200158772,0.175543155,0.190022811,0.196324309,0.14698501
2016-09-05T11:00:00Z,282.8826478,271.0452241,265.8678067,273.2112494,270.2858848,3.438908873,3.610119934,3.644503951,3.867888002,3.714521789,0.207543524,0.165987481,0.201512735,0.232727228,0.2251183
2016-09-05T11:10:00Z,273.1268467,287.7865824,285.4257908,275.7817329,251.4261433,3.882631981,3.87411009,3.888115245,3.766978656,3.588326649,0.201563062,0.198435658,0.257454416,0.191349931,0.221633907
2016-09-05T11:20:00Z,291.7629489,276.1779348,269.7077503,284.1701969,267.4669128,3.8423205,3.801443256,4.013072862,4.039468607,3.927458869,0.188684301,0.205692845,0.23904313,0.377954158,0.161608057
2016-09-05T11:30:00Z,265.873799,263.359086,266.7463076,276.1610993,274.969124,3.279304267,3.45001385,3.437024025,3.638407802,3.464618393,0.188410829,0.221800217,0.142041592,0.209906051,0.196684193
2016-09-05T11:40:00Z,251.7250909,259.9620807,244.2407654,280.1346658,268.5937041,3.411050106,3.540673712,3.591575287,3.448668973,3.641729906,0.209738941,0.307635241,0.254573974,0.317133159,0.244626272
2016-09-05T11:50:00Z,267.1772674,264.6998041,265.6410416,248.7352173,266.3269524,3.181598563,3.452765372,3.7002817,3.446650238,3.742979539,0.261207933,0.247768917,0.317228392,0.284653267,0.217807068
2016-09-05T12:00:00Z,284.4904512,283.0439422,280.7974975,279.7783047,287.1289454,3.911116559,3.784840438,3.980440909,3.711439595,3.841005847,0.163727207,0.240393624,0.145394057,0.192414546,0.222876234
2016-09-05T12:10:00Z,250.5058664,258.0664073,257.7936162,274.5800713,273.5488395,3.515464486,3.650070774,3.945419767,3.547999576,3.521242728,0.154544127,0.190552487,0.138206781,0.201239991,0.173591561
2016-09-05T12:20:00Z,260.1842526,246.2190816,259.6561557,265.8566604,231.2409773,3.397133204,3.627007136,3.527777346,3.617810126,3.497226187,0.135266873,0.131104344,0.147951973,0.137099925,0.134631104
2016-09-05T12:30:00Z,274.4615144,262.9953892,247.5256206,255.7324813,273.1997041,3.3471972,3.382243558,3.247500247,3.443493477,3.736019927,0.157270323,0.18602646,0.172800616,0.145973354,0.143423948
2016-09-05T12:40:00Z,255.8088966,274.6096298,235.7516302,267.5086309,263.9466844,3.825245222,3.922965007,3.974544897,4.031466467,4.110688454,0.143303493,0.167536597,0.135410805,0.143288694,0.176441042
2016-09-05T12:50:00Z,280.5797483,285.870039,262.9519838,257.1281209,264.6703192,3.796663234,3.656528987,3.59432439,3.673659681,3.628201751,0.203301287,0.140369261,0.196109034,0.178934991,0.183285845
2016-09-05T13:00:00Z,235.8047618,256.3428209,269.9957278,259.9068358,250.7697789,3.272759377,3.515478306,3.272142838,3.410618839,3.251699419,0.137951405,0.15075434,0.189041876,0.149770947,0.188570481
2016-09-05T13:10:00Z,266.670759,255.6746968,279.3173019,257.808748,271.2912086,2.984698468,2.87870657,3.176193969,3.153857903,3.154518097,0.209762167,0.253065222,0.241279041,0.19985872,0.216110164
2016-09-05T13:20:00Z,253.1009927,251.5294053,257.7468778,243.918588,263.1203587,2.3191776,2.525600641,2.513941981,2.578156335,2.518250617,0.209139707,0.212625988,0.211171157,0.191220795,0.246341984
2016-09-05T13:30:00Z,242.0009012,223.4621166,237.7651127,238.6048655,256.7710516,2.234062572,2.399295218,2.335810281,2.622326313,2.723221202,0.268336576,0.219040451,0.34545739,0.225637984,0.21076087
2016-09-05T13:40:00Z,262.9806822,259.7769172,279.3459624,258.7096297,245.3863771,2.842991786,2.84294572,2.92277697,3.034116665,2.90485394,0.197274126,0.152512375,0.198092139,0.184229223,0.17297862
2016-09-05T13:50:00Z,226.2051786,238.030922,231.3342473,231.456171,238.1434606,2.746658136,2.589730621,2.708560982,2.754672499,2.802693411,0.246881453,0.21262125,0.230338908,0.156809511,0.209031904
2016-09-05T14:00:00Z,241.7068929,238.0357883,251.1667529,252.8383813,236.7358096,3.075208197,2.884422668,3.107262848,3.149227842,3.096278798,0.13956117,0.158443892,0.17157586,0.208115888,0.192061114
2016-09-05T14:10:00Z,271.4425657,260.9263468,247.2051408,243.9904463,241.4296277,3.134709195,3.409066964,3.59499837,3.502957462,3.601099649,0.184692185,0.131254871,0.145897362,0.159101998,0.164899371
2016-09-05T14:20:00Z,234.064757,249.417965,274.7838032,251.0454741,231.178538,3.381667492,3.180349029,3.354363619,3.456665446,3.641733693,0.120833426,0.167356463,0.151881605,0.163151233,0.174733206
2016-09-05T14:30:00Z,239.9434017,256.1770742,261.9467704,242.1275392,243.0435423,2.959411198,2.88042772,3.114607018,2.986358079,3.043044765,0.18797619,0.132811804,0.130578698,0.127019125,0.123774474
2016-09-05T14:40:00Z,256.6564209,257.6251347,256.4120781,243.3626203,243.0215259,3.036838089,3.140952576,3.296590446,3.247796388,3.149990413,0.166363919,0.202487984,0.155036481,0.192439457,0.189858842
2016-09-05T14:50:00Z,247.3112684,241.450854,241.8582192,255.7019139,245.8231241,3.058202076,3.065167626,3.104148602,2.941512059,2.98158248,0.149492705,0.172964129,0.214618751,0.218004895,0.160617103
2016-09-05T15:00:00Z,234.2642182,255.48389,243.4526159,244.3008602,226.8577751,2.514815537,2.656042841,2.585002609,2.679496865,2.57042469,0.226033294,0.140781185,0.2436337,0.214810676,0.218499176
2016-09-05T15:10:00Z,248.6691261,237.8345641,230.1544186,243.1885647,238.5223941,2.594487761,2.568856901,2.479449038,2.61389206,2.597652627,0.20726156,0.195876394,0.250689421,0.22177234,0.159107296
2016-09-05T15:20:00Z,240.8806036,235.3427479,236.7763648,240.3398031,224.3517848,2.658427902,2.613380119,2.72748682,2.825312718,2.769345195,0.175079647,0.136089542,0.174124813,0.174823148,0.135663883
2016-09-05T15:30:00Z,218.1935471,219.9537777,224.9775926,248.0278025,236.1466893,2.411174705,2.480865402,2.538519848,2.726475146,2.715699478,0.199382352,0.15625286,0.140468211,0.150256855,0.160972998
2016-09-05T15:40:00Z,252.8804497,261.4252324,220.7233853,239.7261145,235.793834,2.002725009,2.138868198,2.167635593,2.204331893,2.382498377,0.293694143,0.190054514,0.307121115,0.155790443,0.203085027
2016-09-05T15:50:00Z,199.0450127,208.3302415,201.9660907,194.6560288,215.9889598,2.088424636,1.985274306,2.150067882,2.110179569,2.104002049,0.240933581,0.193567734,0.225063057,0.254826261,0.209937207
2016-09-05T16:00:00Z,193.0810028,195.2177848,181.2589818,188.9813795,188.8403417,1.874199049,1.836302426,1.937706194,1.979870243,2.02983582,0.207812152,0.188157508,0.148254033,0.179117863,0.201550609
2016-09-05T16:10:00Z,206.4834203,199.6069385,203.8648776,186.2120484,219.8632277,2.300582422,2.273456013,2.359043321,2.420823616,2.304166921,0.17978009,0.184446509,0.16101897,0.231564528,0.180149834
2016-09-05T16:20:00Z,180.8682513,173.367857,193.8810713,183.9859314,200.3735002,1.650030353,1.511271772,1.592788468,1.483617895,1.432262328,0.247661107,0.274268771,0.271699828,0.24568034,0.340546835
2016-09-05T16:30:00Z,194.7529601,182.5589697,176.5173928,182.9651368,188.0290473,1.815908906,1.707619463,1.837824282,1.738375762,1.77318921,0.177508081,0.225241293,0.243207674,0.204978158,0.222756008
2016-09-05T16:40:00Z,214.5944146,208.1493418,206.6320837,205.6500966,201.6209458,1.744855313,1.699408684,1.66975817,1.712619101,1.780316032,0.242730865,0.204544917,0.256772231,0.25360855,0.223681045
2016-09-05T16:50:00Z,199.8783242,201.0132165,203.9096436,190.9292953,211.0756744,1.661293269,1.763334899,1.672528384,1.744521458,1.844076372,0.189111439,0.196303134,0.189839731,0.16834479,0.162928707
2016-09-05T17:00:00Z,208.3512396,184.0878945,200.5701087,193.5236484,194.7407674,1.581809287,1.509033906,1.548869124,1.713136635,1.687336315,0.248386781,0.314134624,0.163523601,0.255188701,0.167229461
2016-09-05T17:10:00Z,213.2423173,206.1565228,190.6493007,199.0589009,214.0860309,1.833978357,1.628221425,1.656749508,1.727668472,1.789007465,0.236520087,0.243036364,0.197992292,0.196169503,0.211419065
2016-09-05T17:20:00Z,181.5471198,192.5083068,188.4474556,174.5422125,213.6634352,1.364081219,1.446367424,1.447861473,1.426916883,1.628136067,0.24080749,0.239933296,0.171072048,0.179344914,0.192677445
2016-09-05T17:30:00Z,172.5617988,181.3059577,165.2681699,177.2149185,183.4144009,1.44686035,1.336381183,1.357859379,1.341237674,1.413581418,0.168919258,0.188190318,0.219106492,0.249096815,0.211421886
2016-09-05T17:40:00Z,174.9525585,163.1393465,157.6353586,176.6950044,186.4441251,1.330603779,1.260691947,1.370897055,1.357671975,1.257577687,0.200094902,0.253009228,0.201839857,0.23593064,0.154243349
2016-09-05T17:50:00Z,161.7691174,163.2806359,144.9707801,144.9606194,155.830824,1.390945949,1.285221126,1.367913133,1.362407431,1.404932124,0.252957622,0.22071981,0.261585354,0.244899993,0.292242138
2016-09-05T18:00:00Z,157.2443498,166.1371119,153.1986733,166.0860755,181.5046892,1.453929187,1.543268355,1.436765469,1.489603714,1.555451025,0.229900353,0.298253269,0.162255925,0.232488011,0.237084093
2016-09-05T18:10:00Z,154.4116282,161.6203463,157.9781074,155.6073385,166.4153445,1.67475136,1.655776696,1.729014158,1.772496503,1.685012398,0.173864849,0.17901042,0.205756047,0.178777521,0.207317384
2016-09-05T18:20:00Z,157.644744,158.3092117,157.7765716,160.173626,156.9854926,1.776954242,1.621602056,1.72155569,1.746543858,1.678562908,0.190680794,0.198345879,0.215514715,0.232354324,0.166880167
2016-09-05T18:30:00Z,156.3442618,152.7990894,166.4283639,173.9226308,153.8991294,1.898935709,1.856916978,1.823466148,1.857679019,1.88132885,0.2008403,0.197312571,0.161131662,0.211130283,0.176444612
2016-09-05T18:40:00Z,159.7984253,162.402922,168.5957402,163.3967828,164.6162487,1.971585196,1.983124998,1.977609075,1.992026423,1.820250374,0.191206521,0.14801814,0.16435374,0.130684088,0.177561886
2016-09-05T18:50:00Z,165.2315366,175.0735089,159.7647362,164.6796893,157.4206927,2.125294729,2.016404281,2.366306405,2.182362306,2.109515255,0.137740448,0.129945351,0.1525224,0.10436865,0.18586771
2016-09-05T19:00:00Z,173.3702875,165.7563122,169.8367061,152.4187397,157.2133558,1.939594401,2.012001601,1.829239976,2.006542014,1.934290351,0.196322864,0.171332011,0.181299664,0.179741181,0.163126914
2016-09-05T19:10:00Z,170.2692338,156.4624104,171.1284626,160.6366769,168.7794029,2.139879799,1.981548906,1.986910638,2.028038721,2.013529888,0.392085263,0.206784001,0.135152277,0.117348483,0.204548888
2016-09-05T19:20:00Z,161.0481835,150.5333439,175.2535611,161.7553994,170.2431552,2.117052514,2.191835301,2.169506158,2.080729187,2.217349703,0.133898196,0.137429884,0.182670209,0.173166396,0.210959791
2016-09-05T19:30:00Z,149.3075125,164.8380421,162.9234548,154.4873468,164.823008,2.506805662,2.375036598,2.424420401,2.461054569,2.504393775,0.1180522,0.148338048,0.11779787,0.185291997,0.155736967
2016-09-05T19:40:00Z,156.5823149,172.8855812,169.3303314,170.3077399,164.688613,2.605785892,2.547639596,2.520389744,2.550245344,2.498505271,0.149230888,0.148355214,0.162247587,0.159820016,0.133969616
2016-09-05T19:50:00Z,151.3519601,159.1517583,169.8275384,154.7812229,166.911206,2.562120229,2.633525802,2.689415163,2.604245003,2.603257836,0.12299008,0.120008317,0.115198499,0.119790218,0.088759192
2016-09-05T20:00:00Z,175.2934192,162.9517666,165.4996064,157.89885,182.4913902,2.593293258,2.551862,2.53880749,2.721562496,2.657559741,0.11124508,0.109259311,0.112006033,0.124701644,0.12372626
2016-09-05T20:10:00Z,170.324122,177.9262833,166.8215769,182.0540461,175.4346164,2.47992387,2.470920796,2.528596287,2.522685703,2.58732886,0.119692268,0.134425712,0.136663444,0.117891628,0.131384766
2016-09-05T20:20:00Z,194.4299147,185.8455103,183.450283,176.1968395,170.443405,2.376657379,2.425949009,2.296083819,2.329657865,2.448028892,0.133949627,0.133424865,0.136716399,0.113567092,0.117462361
2016-09-05T20:30:00Z,159.276785,174.8800929,168.8198931,169.8643974,178.1300263,2.256348025,2.415361321,2.486695089,2.478580878,2.532873989,0.106187331,0.129202344,0.149876498,0.095415229,0.122796427
2016-09-05T20:40:00Z,172.8875625,176.0739563,179.7815491,177.152335,165.9931075,2.430786371,2.54691219,2.443777744,2.515932762,2.621298986,0.148381611,0.182218927,0.102407606,0.120021182,0.135353726
2016-09-05T20:50:00Z,171.6224669,175.5718424,169.3287179,187.4888543,186.5173374,2.59889864,2.677665188,2.675596805,2.807166846,2.796767519,0.104868663,0.155760381,0.170632256,0.126343621,0.108365885
2016-09-05T21:00:00Z,159.4930853,177.6322836,164.4143152,182.0265885,178.2733133,2.91421039,2.948449085,3.17024286,3.126756448,3.428573837,0.098078562,0.12899126,0.159309315,0.194381444,0.588644305
2016-09-05T21:10:00Z,152.7157519,146.2561751,159.5124599,165.3912372,161.342303,2.991554616,3.069363212,3.15748849,3.173621035,3.315998762,0.115210668,0.116967154,0.108160025,0.132833203,0.167356444
2016-09-05T21:20:00Z,158.9427136,177.1859028,168.5487788,168.7376435,170.3155293,2.998686404,2.906414757,3.066958384,2.852239368,3.241980189,0.109127083,0.083564613,0.107007497,0.171123928,0.139707902
2016-09-05T21:30:00Z,169.00989,172.3971882,173.3317836,167.4249668,169.0985539,2.599811941,2.634716931,2.69481857,2.876846656,3.048821675,0.140328501,0.128059312,0.13011678,0.20027646,0.19126395
2016-09-05T21:40:00Z,169.6972414,150.5559486,171.6624357,167.565685,163.9237096,2.558059013,2.629235549,2.861420281,3.007131918,3.036068938,0.184666454,0.140188775,0.158274438,0.18266357,0.21809636
2016-09-05T21:50:00Z,162.8891335,153.2887282,170.240661,158.7339823,164.6112782,2.55346655,2.744612589,2.7062459,2.829415988,3.043700491,0.120206611,0.119511018,0.163653816,0.111962132,0.152980433
2016-09-05T22:00:00Z,155.9366029,158.7595499,159.2888972,169.9194563,163.173295,2.855208701,2.887395799,3.081824338,3.243983414,3.144590826,0.144453273,0.159676724,0.168244101,0.193179786,0.226954226
2016-09-05T22:10:00Z,149.70868,160.8500751,140.0483184,154.6084181,155.0065592,3.39661283,3.502500632,3.394293389,3.419772135,3.518204547,0.167749144,0.136707741,0.143361173,0.131870951,0.154114978
2016-09-05T22:20:00Z,141.0854267,152.8697357,151.9707711,140.5670006,151.9898138,4.01189179,3.819768908,3.815070066,3.768703366,3.823912649,0.117099706,0.121949008,0.120946468,0.120909093,0.109110142
2016-09-05T22:30:00Z,143.8251196,157.1405781,156.2826752,145.9968807,153.0330644,4.007733136,4.057694373,4.029725953,4.029920901,3.898828673,0.117160062,0.090613015,0.089452335,0.09102637,0.152352189
2016-09-05T22:40:00Z,144.4484556,143.9180931,159.3370351,146.5760125,157.8578257,4.091184562,4.069933062,4.209311298,4.210304771,4.123802938,0.090857893,0.094777682,0.113667219,0.090556801,0.101219538
2016-09-05T22:50:00Z,154.7096465,151.5020735,144.6170328,151.3118515,152.1962461,4.343922,4.336488637,4.600084503,4.509453868,4.387596941,0.068032332,0.097536712,0.084734493,0.093630488,0.08603316
2016-09-05T23:00:00Z,157.8552938,149.204212,158.3149197,159.2526735,160.1941233,4.124595934,4.210310169,4.312726507,4.116214132,4.159474248,0.095517411,0.08922333,0.107386383,0.0939708,0.121705077
2016-09-05T23:10:00Z,152.5355043,161.4165581,164.3946575,159.8046919,149.4614882,4.457006987,4.275344486,4.326442479,4.509201689,4.354487209,0.115670861,0.108237583,0.096492032,0.118833653,0.078030344
2016-09-05T23:20:00Z,147.9465892,152.0250855,154.9896057,160.3175247,157.7729668,4.181386873,4.271940276,4.563200971,4.227168722,4.504981421,0.11044032,0.111426517,0.118757979,0.107504144,0.112706868
2016-09-05T23:30:00Z,142.5573329,154.7181203,154.7316507,148.3181515,158.8727809,4.647397045,4.978867343,4.904792776,4.835929219,4.627835146,0.081960855,0.056510615,0.107840111,0.084605862,0.086851098
2016-09-05T23:40:00Z,147.9191942,145.3174234,136.76297,144.1515636,150.1730302,4.891654633,4.838739866,4.798560431,4.961206851,4.870503955,0.095389932,0.110214204,0.071533942,0.072164429,0.090841914
2016-09-05T23:50:00Z,128.9680799,148.6402048,138.8032696,147.8280371,159.8620147,4.618819812,4.722937401,4.691590643,4.765447967,4.660121308,0.089178938,0.098130011,0.124033963,0.100245091,0.101313804
