LOCATION: 
SYSTEM SERIAL: HKZMAST
TIMESTAMP (ISO-8601) UTC,WindDir030m deg,WindDir040m deg,WindDir060m deg,WindDir080m deg,WindDir100m deg,WindSpeed030mh m/s,WindSpeed040mh m/s,WindSpeed060mh m/s,WindSpeed080mh m/s,WindSpeed100mh m/s,TI 030m,TI 040m,TI 060m,TI 080m,TI 100m
2016-07-15T00:00:00Z,311.5560969,292.8043075,279.2007006,309.1704673,300.713929,8.549274426,8.691594981,8.808289512,8.478317023,8.885048685,0.098469377,0.093064264,0.124953197,0.119945968,0.117551837
2016-07-15T00:10:00Z,307.7446697,306.3583911,263.6821847,305.593972,299.7330713,7.962216572,8.214941707,8.47361777,8.543593211,8.217665886,0.11528584,0.113845214,0.125561608,0.117093603,0.102724973
2016-07-15T00:20:00Z,293.1601479,298.3689737,313.5702986,282.6163857,304.3159237,8.118321482,8.402888962,8.313915626,8.61127924,8.839479628,0.170652539,0.158529829,0.144817457,0.140958664,0.107012473
2016-07-15T00:30:00Z,289.8163237,297.5964012,300.2111165,284.3769901,287.944125,8.07577489,8.601529677,8.226289442,8.520310514,8.70859313,0.145603776,0.121189945,0.149029715,0.121634008,0.148335334
2016-07-15T00:40:00Z,286.100305,301.472937,281.3627902,314.0893401,322.2931288,8.331186733,8.514688959,8.248239553,8.570025051,9.004395426,0.126209024,0.124130187,0.127772333,0.092398853,0.135439415
2016-07-15T00:50:00Z,277.8119942,288.6237184,292.0886146,292.9724958,279.5539173,8.163271911,7.951101235,8.118880125,8.001110877,8.504344953,0.132053655,0.12140793,0.146379284,0.108827926,0.11798783
2016-07-15T01:00:00Z,291.5043368,296.6263933,280.5104269,292.2592018,313.0669698,7.828277789,7.977747963,8.200584011,7.790877899,8.077809059,0.12725479,0.144259802,0.102996223,0.165792564,0.133058811
2016-07-15T01:10:00Z,288.017502,297.7624649,292.2034295,278.5406884,282.8928537,7.873474823,7.665105803,7.610594613,7.553731894,7.763784537,0.12455091,0.100225003,0.156962056,0.170303512,0.180093309
2016-07-15T01:20:00Z,284.3293849,317.2228111,267.5207252,297.112089,292.9212112,7.753146028,7.783535515,7.693622919,7.452494901,7.574427192,0.080635093,0.110904414,0.160162105,0.130403321,0.138843517
2016-07-15T01:30:00Z,307.8133161,284.1318698,281.5596172,300.516209,271.2827477,7.308459382,7.600855682,7.59537505,7.288346498,7.508417784,0.093027826,0.117417956,0.117096591,0.129303456,0.165237339
2016-07-15T01:40:00Z,307.5860175,306.9400038,287.8099024,288.6826594,292.4170797,7.146817068,7.276415365,7.472552775,7.264090686,7.296190825,0.151137005,0.119663447,0.138333515,0.140294453,0.174320691
2016-07-15T01:50:00Z,294.7501772,281.3620114,273.8269525,291.3531662,283.2803294,6.923823021,7.408840362,7.305403507,7.414606848,7.368531283,0.137013355,0.130926783,0.122320495,0.123794828,0.114897144
2016-07-15T02:00:00Z,281.5029132,270.0464993,288.8924383,291.1583803,310.1543834,6.880054083,6.930324956,7.568735223,7.589467304,7.380695405,0.176062211,0.158745687,0.166878598,0.135299286,0.130849133
2016-07-15T02:10:00Z,273.924187,283.5452411,270.2414359,298.2770576,274.8353404,7.204585499,7.276525355,7.350271221,7.43713142,6.955054476,0.138657447,0.126071852,0.140483434,0.149443925,0.119028676
2016-07-15T02:20:00Z,283.8013623,269.6321379,286.1523501,270.2403944,272.7180167,6.803651525,6.823720566,7.686989749,7.258832322,7.232754609,0.152433679,0.153414671,0.150878583,0.118608108,0.133459579
2016-07-15T02:30:00Z,271.5148912,283.5896086,283.2563206,278.6326178,286.7782023,6.980774482,6.811380786,7.186133485,7.300440386,7.545673082,0.180328255,0.17168275,0.153596531,0.135994392,0.151986599
2016-07-15T02:40:00Z,298.7482077,264.4299241,282.6889869,261.6654857,279.6518919,7.107866756,7.146498513,7.083578046,7.267125368,7.492256437,0.151302185,0.132232456,0.171740197,0.143578058,0.122270783
2016-07-15T02:50:00Z,269.6682087,274.0259083,267.7737978,303.5781451,291.8661629,6.298465308,6.059613999,6.684582916,6.902802447,6.717496495,0.130834899,0.145167167,0.15593584,0.139147676,0.14184291
2016-07-15T03:00:00Z,256.9727154,287.9721943,297.512641,283.9249331,286.5334782,6.593799136,6.646395673,6.702728969,6.596517705,6.659671933,0.124208407,0.134318417,0.194953376,0.117185494,0.151114674
2016-07-15T03:10:00Z,267.9470184,256.8241859,273.3875754,248.5267772,270.1357433,6.318348278,6.176769897,6.296184868,5.804658224,6.422330368,0.156357035,0.18542556,0.193720426,0.160834004,0.136293607
2016-07-15T03:20:00Z,290.5435789,266.3666198,292.6145756,291.1524744,283.3866342,5.762357533,5.969759509,6.224646772,5.933173713,6.414957167,0.152319193,0.148289886,0.150479826,0.131705295,0.141531218
2016-07-15T03:30:00Z,278.060021,264.3360825,254.0668516,253.1682681,274.2927387,5.693453079,5.583498343,6.072364797,5.769003568,6.211623253,0.133894224,0.10270272,0.141005193,0.159673946,0.143315867
2016-07-15T03:40:00Z,287.8603414,289.491814,267.5745034,287.0617925,264.1320895,6.183717993,6.265761909,6.241615436,6.01375616,6.174681101,0.104461364,0.121825402,0.151284404,0.094973891,0.109218314
2016-07-15T03:50:00Z,279.894838,279.2091832,273.8979499,262.282065,276.1377574,5.917518152,6.146810554,5.930265934,6.068985566,5.908031736,0.115458431,0.180278977,0.205115062,0.143690995,0.151758256
2016-07-15T04:00:00Z,294.362569,289.4832303,286.0441689,270.7989895,281.6067796,5.545707283,5.489496042,5.314896026,5.384094924,5.551006153,0.115401092,0.125788834,0.169031597,0.164680563,0.185208138
2016-07-15T04:10:00Z,261.3272839,267.5913285,263.2021548,284.9538011,275.8975353,5.242171392,5.519931068,5.807182801,5.587504324,5.374926779,0.112650739,0.151570094,0.104859927,0.114384512,0.118983595
2016-07-15T04:20:00Z,269.5892861,272.0815199,247.7770381,268.0877813,257.5861871,4.930598407,5.073875209,5.297204586,5.299222801,5.140231601,0.154964674,0.136444704,0.153269968,0.114096081,0.174701309
2016-07-15T04:30:00Z,289.3836886,287.0958187,285.3359147,256.9427687,270.3249655,4.686541195,5.030698521,4.821194216,4.869724406,4.896548357,0.137249157,0.103674846,0.12450832,0.148270738,0.144671248
2016-07-15T04:40:00Z,278.1169005,275.2721057,274.4976963,279.5749524,302.2306731,4.768377532,4.793050237,5.009922706,4.814002328,4.653373251,0.154341663,0.113895721,0.103972496,0.14103018,0.158586853
2016-07-15T04:50:00Z,257.7709002,270.5124736,302.1855287,291.2455054,279.9430894,5.050510136,5.019366977,5.255060212,5.189024429,5.277119689,0.166496612,0.153826773,0.103928346,0.078650813,0.109480382
2016-07-15T05:00:00Z,297.0187002,263.3413882,291.0114855,291.0856243,276.6353958,4.819857149,4.563748382,4.650163052,4.822867457,4.96453033,0.149103292,0.165707673,0.159853131,0.156556972,0.149759609
2016-07-15T05:10:00Z,281.0857057,267.7578301,288.1320154,277.5707871,265.6161135,4.880439507,5.284144251,5.186722161,4.878951795,5.235678364,0.192839333,0.169283279,0.179837284,0.152254595,0.150727682
2016-07-15T05:20:00Z,254.4839561,258.5015198,284.9979179,276.0880628,288.5349138,4.429985732,4.754911536,5.274429545,5.59157605,5.287200931,0.206558815,0.130192169,0.193412494,0.165805276,0.202862688
2016-07-15T05:30:00Z,275.2486871,263.4782856,257.5989267,270.5453881,280.5861134,3.667153689,3.844633398,4.20006809,4.180201453,4.3128815,0.159967904,0.15298598,0.159324126,0.259445566,0.262737178
2016-07-15T05:40:00Z,269.3712703,262.1118357,274.2180583,278.6612863,269.8994689,3.515429236,3.66233238,3.694835047,3.810214926,3.646939788,0.129475289,0.169770912,0.168927974,0.151310872,0.150220727
2016-07-15T05:50:00Z,270.3155985,256.9025141,265.358769,281.7832196,269.178755,2.9323341,2.998558473,2.742958876,2.957964552,2.837183693,0.182250165,0.204296797,0.1785723,0.168196541,0.189405735
2016-07-15T06:00:00Z,264.3802433,234.3289197,264.1488608,252.4952058,245.2254104,2.160434487,2.253132714,2.767911573,2.835298079,2.687704576,0.211536196,0.231401709,0.314305509,0.310259975,0.329649596
2016-07-15T06:10:00Z,265.7306865,279.6221982,260.2764571,277.5393772,243.883454,2.360660739,2.472217486,2.339576233,2.353345459,2.391504347,0.195352525,0.190876564,0.21987251,0.1397433,0.206240943
2016-07-15T06:20:00Z,259.0347339,246.0109357,231.5238003,245.70462,248.1003769,2.548735594,2.507773223,2.412812872,2.469793826,2.367979136,0.176821912,0.208204138,0.133091959,0.193975838,0.222998578
2016-07-15T06:30:00Z,258.8473175,249.9841016,252.3260215,254.1561022,258.0563507,2.497037796,2.42906793,2.566708339,2.344454233,2.404175256,0.181450624,0.173928048,0.195601487,0.252819463,0.191088038
2016-07-15T06:40:00Z,256.1473853,243.7337803,235.8167353,212.1780346,252.0284863,2.283898733,2.46283365,2.662439975,2.546105106,2.574991732,0.234632849,0.184389732,0.20258231,0.191709484,0.223073823
2016-07-15T06:50:00Z,238.5407077,247.0150547,250.9905394,240.7856348,237.9019391,2.525980854,2.473883031,2.438575569,2.397784492,2.567519879,0.151078325,0.16765173,0.130405831,0.17101166,0.192245474
2016-07-15T07:00:00Z,236.0189306,237.3737617,232.3701434,236.2816757,237.0152405,2.101481692,2.021473979,2.098112745,2.205608161,2.291076687,0.226965435,0.223306087,0.197651608,0.187106455,0.191005073
2016-07-15T07:10:00Z,211.2114747,214.7124708,219.5032022,245.0025142,244.9867337,2.202156775,2.294616116,2.158524082,2.247879809,2.224156445,0.213134495,0.231308708,0.174244442,0.196476801,0.253299268
2016-07-15T07:20:00Z,230.8275008,211.2219217,223.6120758,208.1427054,203.7279986,2.090809828,2.275705151,2.098706938,2.266417635,2.057593881,0.169778441,0.224192934,0.23202241,0.132728869,0.244964828
2016-07-15T07:30:00Z,204.307457,226.1703781,219.4917822,212.5759428,212.6920469,2.086100776,2.003577406,2.299465875,2.20293596,2.366898771,0.233051013,0.21928643,0.19811888,0.301790917,0.161721851
2016-07-15T07:40:00Z,197.3248157,199.7008049,192.4597513,234.1505066,231.6460585,1.938294463,2.223007537,2.212916757,2.162232256,2.362032417,0.342888873,0.694190094,0.223640953,0.346478778,0.281832874
2016-07-15T07:50:00Z,212.6190427,198.9291889,205.44115,219.0056113,204.0105409,2.251105378,2.123138661,2.153783613,2.153049342,2.304878716,0.447208194,0.278442962,0.286972127,0.401415831,0.300013788
2016-07-15T08:00:00Z,212.5103102,205.5165953,206.864582,199.1600024,192.9577582,1.950916781,2.048782968,2.189901381,2.100865783,2.173104439,0.27339709,0.287291059,0.530950827,0.347677693,0.26059477
2016-07-15T08:10:00Z,201.7809984,197.5011425,187.9968751,192.6712509,166.6728537,2.324646197,2.364254628,2.211855303,2.670075744,2.361910769,0.282178543,0.221392235,0.347931722,0.29714347,0.334247553
2016-07-15T08:20:00Z,181.5389739,191.2830374,221.5867589,195.7451431,181.7511096,2.197544735,2.53397822,2.676049715,2.552835088,2.846763876,0.323565744,0.365323296,0.311926125,0.368134501,0.285726917
2016-07-15T08:30:00Z,176.3033511,178.4902439,199.0602755,212.0468857,173.3524463,2.13344474,2.089306072,2.535507395,2.377661186,2.434837274,0.470278216,0.307255317,0.441369222,0.302657562,0.317575092
2016-07-15T08:40:00Z,175.1336489,187.5144834,177.8102939,164.8765781,172.6974433,2.229789165,2.002777699,2.51820266,2.336679213,2.472846206,0.349587814,0.30270192,0.257936193,0.328879703,0.338776006
2016-07-15T08:50:00Z,199.5146446,190.2531428,186.3932128,191.413819,192.2006779,2.404111157,2.447532328,2.700857662,2.535969318,2.360220398,0.219191402,0.283937178,0.333861539,0.229007281,0.193209087
2016-07-15T09:00:00Z,183.2725583,195.6454332,174.4257575,188.613967,212.104535,2.695794258,2.957377779,2.710417668,3.138377542,3.138378532,0.240745772,0.2058696,0.225826093,0.170283067,0.261279346
2016-07-15T09:10:00Z,193.649269,193.2022684,197.056002,206.3385658,208.6555609,2.923571347,2.838059816,2.995251896,3.002920536,2.949149622,0.232537328,0.241168645,0.220430177,0.154955893,0.160917368
2016-07-15T09:20:00Z,234.4695952,224.7419606,215.8948328,201.9701633,224.6442138,2.432857673,2.580485241,2.783070952,2.670611734,2.85545244,0.219034186,0.231374007,0.278331996,0.290442302,0.224268318
2016-07-15T09:30:00Z,246.0613837,255.2795862,260.8011477,262.4460866,256.756923,4.272558482,4.101498467,4.30787069,4.06516857,4.172155866,0.16595397,0.197575982,0.177668589,0.20784034,0.18439504
2016-07-15T09:40:00Z,279.9949004,261.999496,259.470958,264.0803239,258.3569125,4.872926847,4.946371307,5.010567217,4.86794154,4.827361052,0.135210422,0.148809213,0.126742146,0.152867776,0.154518837
2016-07-15T09:50:00Z,285.3510329,267.3314055,281.0720689,263.1681152,272.9941884,5.406538603,5.366601334,5.458484238,5.203579724,5.512810103,0.102922828,0.102440668,0.077613174,0.102648636,0.143426251
2016-07-15T10:00:00Z,269.2675229,274.5824902,258.9001963,283.4973473,264.0244624,5.70088244,5.728659216,5.731616088,5.981577018,5.979663519,0.105982186,0.138311752,0.116040024,0.138909924,0.088011836
2016-07-15T10:10:00Z,272.0216473,259.6973553,280.0119763,274.3074188,270.085087,5.413491375,5.777233258,5.676948774,5.646851065,5.480499953,0.119590059,0.116039251,0.11616153,0.106179736,0.118571848
2016-07-15T10:20:00Z,271.0219266,257.7307105,263.1327367,247.9822411,262.0254233,5.728237103,5.428545445,5.432995108,5.842165048,5.364954304,0.116122777,0.090521145,0.078984002,0.08973428,0.082595283
2016-07-15T10:30:00Z,268.8920379,257.3055584,251.7540072,266.6752784,265.8403408,5.372413299,5.436434358,5.587851367,5.656701154,5.457150893,0.115946151,0.101160711,0.149364918,0.148533387,0.149342638
2016-07-15T10:40:00Z,267.4207982,253.1781484,255.7316396,260.6824685,272.7803173,6.313273693,6.489864218,6.247441267,6.32997421,6.263165457,0.131079764,0.119690331,0.132459405,0.12647233,0.130815034
2016-07-15T10:50:00Z,255.824957,283.4300925,264.692584,265.3174958,277.0308043,6.971864712,7.271431081,7.520507438,7.215501601,6.583407694,0.148000815,0.162532944,0.125452436,0.132004423,0.149880764
2016-07-15T11:00:00Z,278.7467736,262.3926401,257.3331973,255.2553498,256.5095942,7.765189263,7.751589597,7.603982495,7.474872438,7.411085257,0.095863634,0.105100669,0.117369525,0.099606013,0.124313648
2016-07-15T11:10:00Z,257.0916394,260.7945615,268.3040842,266.7513901,275.3291106,6.750929915,6.887745033,6.966414269,7.157871034,7.201265049,0.103008496,0.150249408,0.173329493,0.148416421,0.098718131
2016-07-15T11:20:00Z,282.7157488,292.5003603,274.247717,289.0173884,265.2795895,6.818915743,7.241479066,7.195866913,7.151802979,7.45997274,0.146186258,0.140828029,0.118135475,0.146629268,0.146017734
2016-07-15T11:30:00Z,265.744929,254.4123166,270.3906579,277.289211,273.7999575,6.506346576,6.826524852,6.663488758,7.004010914,7.243478988,0.080954536,0.084762355,0.141296657,0.128047094,0.148247154
2016-07-15T11:40:00Z,271.0578542,259.6937281,289.5973666,273.7283735,255.6153884,7.199056946,7.054859017,6.714093362,7.006746326,6.778786869,0.111606035,0.117889617,0.160999663,0.1128494,0.104693484
2016-07-15T11:50:00Z,264.5515874,255.635081,267.1556318,286.1460574,289.5012313,6.636135257,6.68755224,6.854024495,6.980337712,6.481728372,0.093442083,0.119289102,0.094764206,0.120198494,0.161050139
2016-07-15T12:00:00Z,283.1855019,282.5022178,262.7108872,269.685992,283.7931237,6.370611845,6.100102099,6.343038944,6.152334195,6.624032185,0.125102292,0.129580179,0.11422832,0.137448557,0.119817236
2016-07-15T12:10:00Z,264.20848,270.0273962,279.0642581,260.4170329,259.6030584,5.849181808,5.800293305,6.072224802,5.965839888,5.77481912,0.160357852,0.111357577,0.123501366,0.151152903,0.101014565
2016-07-15T12:20:00Z,273.7124729,262.63682,289.3818839,257.4188515,270.6327744,5.522147454,5.771024098,5.703954656,5.556498204,5.773189626,0.130234057,0.104230217,0.139239239,0.142091757,0.086186455
2016-07-15T12:30:00Z,271.7318597,268.5458996,287.9477742,285.8098096,257.4123324,5.197403061,4.997878158,4.906076766,5.115443787,5.186515126,0.16556328,0.128551615,0.1624144,0.149372516,0.12398796
2016-07-15T12:40:00Z,276.851457,286.0744929,267.8627413,253.5051967,284.2470522,5.064114054,5.306433563,5.517984922,5.416232562,5.199497833,0.1897275,0.137348237,0.110857996,0.198171093,0.161173478
2016-07-15T12:50:00Z,281.9456905,285.6995966,274.4014016,268.5526427,268.2406908,5.356574385,5.168315213,5.348069312,5.229698964,5.381255607,0.121954171,0.15070133,0.120775867,0.149307987,0.116265131
2016-07-15T13:00:00Z,279.1386874,248.4150282,271.9445483,261.596042,250.2104666,5.62776462,5.762856108,5.691235291,5.583077782,5.428740122,0.172488582,0.13266301,0.106212917,0.158642726,0.155472266
2016-07-15T13:10:00Z,261.3159338,282.8055648,277.3168637,266.2978035,283.8092478,5.618910112,5.601498555,5.585327029,5.74525564,5.495878885,0.12852291,0.083451329,0.103856457,0.135985447,0.142647535
2016-07-15T13:20:00Z,259.4465246,257.1006674,258.7307332,262.1602716,267.5689762,5.459259317,5.992944201,5.968032589,5.719148358,5.700861639,0.123334342,0.152446883,0.103072265,0.162181665,0.169114244
2016-07-15T13:30:00Z,262.4709733,262.8829944,271.76091,269.6169311,271.1288444,5.127306953,5.14557505,5.381480627,5.535609822,5.594844445,0.129232678,0.125566473,0.116597996,0.172749094,0.151948841
2016-07-15T13:40:00Z,272.1116923,254.7383805,244.5421709,252.5282449,267.0523021,5.515691454,5.642316368,6.083142777,5.648944936,5.660171518,0.126441629,0.11904723,0.119963778,0.12081889,0.130452705
2016-07-15T13:50:00Z,265.0357297,257.9121401,248.4051461,260.8679634,228.3172867,5.983256008,5.831597491,5.903146348,5.759657333,6.298324384,0.106604046,0.123294863,0.132632012,0.19231019,0.12427247
2016-07-15T14:00:00Z,264.6218472,237.5242802,268.0681744,247.0327845,254.4072405,5.685750505,5.648725086,5.879137422,5.878653211,5.752522357,0.146953669,0.109191997,0.109687197,0.099292858,0.105823547
2016-07-15T14:10:00Z,258.4049514,262.0717508,270.6268566,238.3711015,252.4805384,5.504615863,5.482712642,5.113392842,5.657434925,5.657158824,0.170772733,0.166066735,0.149209775,0.115640096,0.133242743
2016-07-15T14:20:00Z,261.1978845,238.0628838,241.1891433,256.6800149,264.7257316,5.731746303,5.52828424,5.778687195,5.354032712,5.421542108,0.145081123,0.119936542,0.106033911,0.149135109,0.154336693
2016-07-15T14:30:00Z,269.0346461,240.6676377,253.6357524,248.6176833,251.9556685,5.294805135,5.335621767,5.554263578,5.561122095,5.534851076,0.078505374,0.127443577,0.113872276,0.126034888,0.106242656
2016-07-15T14:40:00Z,222.0438167,247.4011778,255.1557255,254.1307454,246.6625193,5.932309824,5.815504388,5.547443438,5.643943178,5.423027493,0.120134301,0.117937113,0.111478163,0.127666009,0.132328639
2016-07-15T14:50:00Z,254.9425424,239.9553483,260.1985742,276.5674548,234.9250248,5.352156732,5.135813937,5.210807468,5.253120778,5.40677941,0.124526102,0.128236484,0.14165673,0.13636765,0.160030398
2016-07-15T15:00:00Z,227.4631859,252.3903403,241.476543,245.1889142,245.9463346,5.02544101,5.303987255,5.478326898,5.43411863,5.034110448,0.16008536,0.141064119,0.198635603,0.117265685,0.155950455
2016-07-15T15:10:00Z,233.6361029,245.5825158,235.1632072,233.5506586,240.892283,5.32810732,5.339859913,5.367179578,5.128546832,5.261379067,0.132927325,0.143111377,0.146742113,0.114096497,0.159132699
2016-07-15T15:20:00Z,234.7218544,231.7088829,228.8380951,220.3116178,233.6009998,5.203332111,5.284872766,5.509355549,5.033015231,5.488689569,0.147112928,0.159247837,0.12756323,0.154395899,0.142930571
2016-07-15T15:30:00Z,222.4181486,221.6440222,224.5719424,244.9129971,240.0738305,6.203162497,6.187828963,6.137668412,5.943973635,6.289738703,0.104964812,0.12634155,0.134757617,0.095421335,0.147475541
2016-07-15T15:40:00Z,240.6210328,231.292188,234.7150652,235.527401,235.5667152,6.260211077,6.343340684,6.070109316,6.222932303,6.547300757,0.156795657,0.15277988,0.106115047,0.133140131,0.117278722
2016-07-15T15:50:00Z,208.438897,237.9784029,230.842211,237.9594308,239.9385542,6.810602972,7.052027923,6.810201166,6.718611472,6.718945448,0.143901793,0.120883054,0.145937201,0.13185777,0.148298806
2016-07-15T16:00:00Z,247.1518968,255.5740589,245.0146453,239.1588359,244.26695,6.658934922,6.878446401,6.51450184,6.473527922,6.76998884,0.123177896,0.148508108,0.158674276,0.12093933,0.13008387
2016-07-15T16:10:00Z,239.1595964,246.2485369,248.3518474,251.4360325,252.2367621,6.102826577,6.400830579,6.608697141,6.545014366,6.833820379,0.157853693,0.117956548,0.110408795,0.133728847,0.116949696
2016-07-15T16:20:00Z,245.1463709,233.154046,243.3034529,216.5598605,237.8842793,6.132537483,6.108721997,6.287064954,6.07001516,6.460065346,0.130380404,0.167373098,0.185299917,0.162812899,0.126240125
2016-07-15T16:30:00Z,228.4765843,235.0441906,225.3067134,232.7591449,239.9151117,6.598288485,6.830904814,6.512360448,6.61573987,6.501189373,0.11517209,0.14079121,0.135354837,0.102035255,0.142392929
2016-07-15T16:40:00Z,247.5486576,242.6176009,227.7476028,233.6041855,237.6523913,6.870436509,6.916061698,6.93940347,7.234362093,7.108909337,0.123778956,0.18323671,0.131286886,0.103134385,0.109723208
2016-07-15T16:50:00Z,225.9364784,234.085198,235.1932104,222.7350121,244.0095446,7.050565962,7.500669191,7.177215333,7.191824958,7.273842209,0.121396965,0.134385326,0.132136111,0.08346204,0.175930854
2016-07-15T17:00:00Z,221.7700976,226.9168557,213.2436137,216.0465662,237.4535779,6.999392634,7.006048639,7.424080407,7.316336797,7.171394684,0.107371166,0.120617326,0.107256489,0.150307788,0.121470968
2016-07-15T17:10:00Z,229.5962702,236.8431539,239.6072169,223.5330286,217.9986751,7.051220842,6.970913154,6.977698464,7.222285325,7.297463659,0.136289062,0.140431916,0.134135576,0.155780649,0.143024034
2016-07-15T17:20:00Z,218.3320507,230.9709144,229.2994123,220.9046975,199.4513366,7.516142924,7.628734662,7.719795387,7.390359863,7.257808638,0.141269262,0.138947982,0.10525083,0.119253894,0.114941184
2016-07-15T17:30:00Z,211.0736851,228.5821847,227.4240318,224.127708,216.6496684,7.990447215,7.927188086,8.006402026,7.529668859,7.727823122,0.136222302,0.112406495,0.089008883,0.133863609,0.14043829
2016-07-15T17:40:00Z,213.5431729,226.0149361,202.94959,215.6622057,221.6580043,7.28237172,7.77380426,7.979923437,7.987970027,7.526253335,0.126778351,0.119670393,0.140310017,0.12535372,0.099010965
2016-07-15T17:50:00Z,218.7532032,207.682993,212.0750067,212.285128,212.1751979,7.959546142,7.656738926,7.811628275,8.0698246,8.183346013,0.144897256,0.10933894,0.097509621,0.12184822,0.111453621
2016-07-15T18:00:00Z,222.2151695,219.1546416,207.9772054,222.6697088,212.3710633,8.093111937,8.283524281,8.314995357,8.17555413,8.379418814,0.138136292,0.13406177,0.095638177,0.133728462,0.106548337
2016-07-15T18:10:00Z,213.4466301,209.1259,239.3969757,232.3180658,234.1095792,8.384879924,8.345823447,8.096599443,8.376814318,8.398477841,0.089172222,0.132172328,0.117922622,0.128214644,0.161650318
2016-07-15T18:20:00Z,218.3865553,224.0154558,221.8516389,227.7293602,211.6968092,7.893018546,8.048802796,8.213223611,8.165872581,8.036796106,0.14228046,0.131460421,0.133100854,0.112661438,0.119958073
2016-07-15T18:30:00Z,231.4499419,227.2279935,211.1982774,208.8746215,211.6803698,9.019529226,9.050265654,8.894050069,8.964214685,9.523007729,0.13049092,0.130845608,0.145823652,0.08245965,0.10792974
2016-07-15T18:40:00Z,209.9343995,237.4930738,207.3939606,230.1808463,236.0678745,9.193980976,9.492535221,9.225498492,10.09125014,9.731731877,0.131344499,0.120800324,0.136636112,0.11274881,0.115975816
2016-07-15T18:50:00Z,228.3684729,221.0717777,226.3110436,238.4195868,217.3430056,8.878606683,9.190893964,9.089016408,9.616532038,9.23325323,0.09944029,0.133612883,0.151596544,0.096389655,0.117750714
2016-07-15T19:00:00Z,225.0818425,234.2721445,230.1203471,222.7975961,232.8316512,9.999696783,9.626955386,9.524561285,10.05824013,10.58128085,0.137882073,0.167103218,0.138467656,0.145900652,0.103716987
2016-07-15T19:10:00Z,225.1590168,219.8527715,218.9480646,222.8596012,226.8933846,9.117289198,9.41225104,10.09643959,10.1109602,9.948055129,0.192263636,0.207455561,0.192898801,0.147383982,0.120332233
2016-07-15T19:20:00Z,245.5541543,221.4787359,221.1498019,230.4791531,233.1236622,8.411203241,8.909339993,8.822367046,9.266757981,9.687429752,0.157463929,0.1435362,0.159493485,0.134544019,0.135222879
2016-07-15T19:30:00Z,234.3393546,230.9173608,217.7953299,218.1440416,238.6716162,9.663994938,9.636001182,9.878716442,9.653923906,10.06603255,0.106923525,0.137152523,0.120734045,0.097334421,0.150196667
2016-07-15T19:40:00Z,229.5724221,246.171948,224.7008165,229.3619497,226.0493119,8.456780711,8.664433194,9.66544294,9.483800375,9.784741984,0.105711708,0.139751065,0.106055625,0.128784308,0.09284432
2016-07-15T19:50:00Z,227.4948581,227.4016624,233.9566243,234.0451291,226.0538444,9.170187205,9.834894338,10.07290118,9.240120909,9.473484467,0.136313976,0.13905781,0.150434753,0.122522327,0.122185889
2016-07-15T20:00:00Z,232.1520075,221.9856764,231.8361203,225.0753596,220.7839638,9.460298203,9.580829255,9.234503798,9.404318846,9.478403509,0.153243079,0.147730214,0.161393094,0.102129699,0.117256131
2016-07-15T20:10:00Z,224.7305518,230.9975245,216.1179386,240.8282689,230.5353802,9.316519002,9.985092265,10.03572387,9.823130028,9.746632616,0.182986719,0.09633925,0.083022149,0.123389254,0.096742828
2016-07-15T20:20:00Z,235.0755913,229.9983029,215.7387183,229.4772184,243.1640287,8.596905316,9.008002017,9.239236433,9.292215367,9.925372789,0.152007256,0.111520133,0.119348936,0.154745945,0.140297435
2016-07-15T20:30:00Z,230.2604815,225.537853,215.4433508,212.5418645,240.3018735,9.230609031,9.20091219,9.840778996,10.15632257,9.824448758,0.187270076,0.178707749,0.134349725,0.119295425,0.152945006
2016-07-15T20:40:00Z,225.6848471,230.1647463,225.4568972,223.3302843,228.8196626,9.515194718,9.940177246,9.536061349,9.966316074,10.4203929,0.123061233,0.140117031,0.204826764,0.116340894,0.139784712
2016-07-15T20:50:00Z,204.3449422,237.6714331,216.2916802,251.9889172,230.259469,9.630336646,9.649829608,10.01391735,10.04843641,10.07769028,0.189276159,0.157633758,0.180380582,0.17524714,0.130971742
2016-07-15T21:00:00Z,233.1919182,236.0663619,235.8624329,215.9904769,251.920341,8.866019911,8.998328711,8.884978237,9.377020292,9.620117071,0.158188489,0.127944934,0.176474638,0.131244581,0.085927767
2016-07-15T21:10:00Z,225.5880358,230.2427167,231.0887486,211.7546485,234.0475325,9.155573217,9.4736089,9.340198357,10.40404334,9.952588517,0.141734909,0.192989064,0.13264695,0.116473106,0.102211486
2016-07-15T21:20:00Z,238.3678489,224.5984193,230.7543938,233.3410047,242.6436235,9.678946412,9.574156162,9.715939665,10.35027105,10.0603358,0.168068069,0.151548424,0.204334504,0.12819878,0.138221002
2016-07-15T21:30:00Z,228.5419216,227.640345,218.3821426,216.8593775,247.1671937,9.209181855,9.479376087,9.69363763,10.08709444,10.5524671,0.181278205,0.181512727,0.137666318,0.153460549,0.1011574
2016-07-15T21:40:00Z,234.5586873,226.2771526,216.1256539,248.0210648,217.1847137,9.334399295,10.08788929,9.839653299,10.62302568,10.45022351,0.16474484,0.146643994,0.118226985,0.123899925,0.118260701
2016-07-15T21:50:00Z,239.4457273,239.8351772,224.1238866,231.6069231,226.8595648,9.383600335,9.06915096,9.768665694,10.32813693,10.53129347,0.109067182,0.110712211,0.11868749,0.11263481,0.119510204
2016-07-15T22:00:00Z,244.0105411,228.6508795,236.009761,229.8808108,237.3104273,9.938855767,10.55301666,11.03127065,10.25806359,10.93651971,0.126954204,0.124773188,0.139582672,0.103220723,0.109287832
2016-07-15T22:10:00Z,219.1639595,246.1119208,242.2380576,237.5301663,245.5908189,10.14923347,10.417079,10.72997875,10.48401276,10.24916284,0.086411752,0.111241415,0.081992859,0.129809286,0.188348691
2016-07-15T22:20:00Z,254.8665625,242.3779262,258.2104845,248.5962042,245.4309781,10.29178341,9.5332823,10.30958616,10.26138427,10.41944693,0.13557296,0.120411252,0.125728073,0.115241826,0.096653894
2016-07-15T22:30:00Z,243.5728605,231.7306953,245.9509891,241.379426,243.9905278,8.636850682,8.961189742,8.908115267,9.352760913,9.796805256,0.101761796,0.115898404,0.12050172,0.097695686,0.099215249
2016-07-15T22:40:00Z,244.0553277,245.0831906,237.8274463,244.3488848,240.2672241,8.345976634,8.855029209,9.146380416,9.529972431,9.444842255,0.130272398,0.113052616,0.088953123,0.122641943,0.141358204
2016-07-15T22:50:00Z,220.8147853,258.8286103,234.8409983,242.7562984,244.3414903,8.473140548,9.12152124,8.540608585,8.906076542,9.477531956,0.076039814,0.092936915,0.123193395,0.128482781,0.096588743
2016-07-15T23:00:00Z,256.0802776,241.2919779,262.1194808,241.1966786,253.0675476,8.195206615,8.416199294,8.590326243,8.805590477,9.240560559,0.108474568,0.117054141,0.136226418,0.103644453,0.132395534
2016-07-15T23:10:00Z,249.7698986,236.6050894,252.0707162,217.5757869,231.9240227,7.959174267,8.305098946,8.735898334,9.172253552,9.156007909,0.096979553,0.081748354,0.092124735,0.113528861,0.103656884
2016-07-15T23:20:00Z,223.9182891,219.9881426,246.3305532,227.9869917,228.2624075,8.547549717,8.171665297,9.084485201,9.275408877,9.504318982,0.12571401,0.104167522,0.110539325,0.088981243,0.100241734
2016-07-15T23:30:00Z,228.9166625,242.9158614,238.4825273,239.9312888,243.1133467,9.022910109,9.325971011,9.531840232,10.07991373,10.33410619,0.133621808,0.1098035,0.104782969,0.110621779,0.070403716
2016-07-15T23:40:00Z,238.1768401,225.4412995,227.0283269,240.6401263,256.5339908,9.624457915,9.833846139,10.3604743,10.71745173,10.96617206,0.087081535,0.147113021,0.106044149,0.104668444,0.101188302
2016-07-15T23:50:00Z,259.3302757,243.0435811,242.5167702,247.8667375,248.2914195,9.721714345,9.752972278,9.58463734,10.51457315,10.88214763,0.134900754,0.126037304,0.091165508,0.091114912,0.089935415