LOCATION: 
SYSTEM SERIAL: HKZMAST
TIMESTAMP (ISO-8601) UTC,WindDir030m deg,WindDir040m deg,WindDir060m deg,WindDir080m deg,WindDir100m deg,WindSpeed030mh m/s,WindSpeed040mh m/s,WindSpeed060mh m/s,WindSpeed080mh m/s,WindSpeed100mh m/s,TI 030m,TI 040m,TI 060m,TI 080m,TI 100m
2016-09-26T00:00:00Z,290.2887715,294.3678568,306.5675041,326.909822,295.0396422,8.011575082,8.170636644,8.098680916,7.949286521,8.026668594,0.161940845,0.163233526,0.161387905,0.157032673,0.12819363
2016-09-26T00:10:00Z,281.447911,297.970413,309.5339873,275.4312838,277.6766551,8.074043969,8.547348598,8.756203322,8.931448386,8.954390625,0.139900911,0.140056471,0.138394643,0.122946942,0.112832969
2016-09-26T00:20:00Z,294.3178472,311.9517815,288.5899953,291.3708613,298.7333055,8.81505527,8.070876941,8.430316138,8.020954091,8.433064481,0.134878787,0.110408856,0.185441452,0.172910302,0.150262576
2016-09-26T00:30:00Z,324.8618929,309.5923114,294.3703885,291.0597669,277.3452822,8.37535222,8.530882413,8.471598426,8.387533159,8.266621815,0.127720632,0.146387025,0.129293028,0.122334477,0.116109937
2016-09-26T00:40:00Z,280.2244635,285.1225869,302.1244046,317.9602237,307.5984006,8.813713871,8.662543625,8.767579357,9.009861743,8.710115317,0.173419039,0.182785159,0.123328186,0.135832738,0.142102979
2016-09-26T00:50:00Z,294.9413438,283.5839251,306.0491748,297.3807395,300.1130424,8.329434014,8.322889012,8.326845541,8.289321177,8.674577031,0.147574764,0.179347959,0.161203616,0.201849267,0.143075889
2016-09-26T01:00:00Z,294.4143462,299.0026061,280.140062,288.8691063,273.5897796,7.734851595,8.220385173,7.829783313,8.291815583,8.228183789,0.121393077,0.122442643,0.147856821,0.152598113,0.158719468
2016-09-26T01:10:00Z,290.5161402,278.4329139,295.6499849,286.9184366,292.1802871,8.003672191,8.191241239,8.001759429,8.137922631,8.048198627,0.175846983,0.137949234,0.132293064,0.15163134,0.133034538
2016-09-26T01:20:00Z,283.7045419,290.503002,291.3664695,302.9124229,286.0837554,7.634983682,7.692683718,7.86686772,8.030827732,7.991878856,0.139069527,0.148913613,0.141396527,0.149583193,0.174800446
2016-09-26T01:30:00Z,293.969037,281.2710255,264.7799875,270.0968895,296.7867332,7.492063545,7.235272779,8.023059297,7.360369604,7.699642903,0.13615296,0.157502882,0.098751928,0.185048656,0.148692389
2016-09-26T01:40:00Z,304.3749467,296.3239059,310.7205483,302.1024259,287.2233563,7.264584028,7.336524186,7.652196986,7.303355509,7.414070015,0.120481302,0.193023184,0.142672387,0.151846866,0.164926644
2016-09-26T01:50:00Z,289.9411957,286.6145901,276.5756377,270.2314427,301.0202817,7.756276392,7.826243178,7.816187084,7.732425611,7.621832654,0.211172754,0.165410952,0.200607271,0.11647665,0.129962198
2016-09-26T02:00:00Z,278.1027481,271.5785818,303.2118587,272.6472538,288.0343613,6.618169516,6.96102208,6.878264062,7.176062647,6.90816703,0.189009761,0.192354285,0.139362778,0.15135788,0.174740816
2016-09-26T02:10:00Z,272.2194553,294.3609284,278.2405861,276.1657572,272.0710284,6.486467507,6.813372092,6.955201339,6.869074197,6.900940252,0.167542639,0.153504227,0.13986298,0.160464864,0.156197656
2016-09-26T02:20:00Z,270.3868204,295.666215,279.4034951,279.863539,311.6839641,7.26827419,7.061931408,6.995476202,7.377469328,7.221663735,0.166923878,0.179432784,0.135629695,0.155677241,0.161102178
2016-09-26T02:30:00Z,293.249614,274.476784,280.8449314,293.3947907,295.275692,6.76055403,6.916781362,6.822468192,7.124019673,6.913400734,0.201735955,0.13585065,0.134017442,0.181289645,0.174582377
2016-09-26T02:40:00Z,297.2082464,303.4988513,286.3121295,288.168993,276.1972328,7.303395061,7.312711858,7.248335506,6.827511629,7.506575054,0.194640712,0.154439802,0.143422816,0.18745729,0.171727529
2016-09-26T02:50:00Z,308.163937,298.2382929,314.2936038,296.8051539,285.2559626,7.394962822,7.546480645,7.265861253,7.306467961,7.265708285,0.150394641,0.139569798,0.160349979,0.204225664,0.152482216
2016-09-26T03:00:00Z,310.9024596,306.7744298,295.1231696,320.7266008,291.0518236,6.6251713,6.958782079,6.706690352,7.397895205,6.388119789,0.230315424,0.179778684,0.201566337,0.154687501,0.186732468
2016-09-26T03:10:00Z,305.5361285,315.1734686,290.2392783,307.0669531,288.6133391,6.550301799,6.625802312,7.084784518,7.386799041,7.060706377,0.157337282,0.149794406,0.172275363,0.180179085,0.181529878
2016-09-26T03:20:00Z,283.1891607,289.0079013,288.7269376,297.1453369,292.2463609,6.392482805,6.603057097,6.989908449,6.702560017,7.164129356,0.119296491,0.169529743,0.212419634,0.181227467,0.136735616
2016-09-26T03:30:00Z,301.0004865,304.9317026,302.5716581,311.9315899,312.7794613,6.204167637,6.018774641,6.257776266,6.53325087,6.559234553,0.230644549,0.166912001,0.146227905,0.140098654,0.131164409
2016-09-26T03:40:00Z,272.7042356,297.8885649,304.4708985,293.3410607,295.9013518,6.345242089,5.937857817,6.369777837,6.403157834,6.616268079,0.165811666,0.185029761,0.139691515,0.110577981,0.136745929
2016-09-26T03:50:00Z,318.3707344,294.7738824,310.6142727,299.6679813,284.984577,5.720546782,5.916543156,5.946187248,6.518793881,6.386565701,0.177738148,0.161451728,0.213581312,0.175745695,0.186800718
2016-09-26T04:00:00Z,291.479095,305.1188991,293.2615319,321.6563111,297.5161212,5.469658974,5.506693177,5.657157694,5.664063435,5.38717387,0.248557062,0.166585148,0.197618878,0.194978152,0.220043797
2016-09-26T04:10:00Z,304.2203885,286.6748215,306.409404,283.8725787,280.795062,5.714755126,5.914669182,5.768986313,5.875666948,6.01583032,0.25664241,0.302443746,0.181423129,0.186872172,0.157948385
2016-09-26T04:20:00Z,304.4497251,300.1342017,293.2856271,299.311062,306.6374522,5.031245457,5.159264647,5.532271942,5.466006863,4.998968517,0.210570554,0.23322095,0.242525314,0.136800194,0.230991448
2016-09-26T04:30:00Z,281.1935869,293.1549301,279.1495931,285.663412,283.3243807,4.533025566,4.473405197,4.478425454,4.825324885,4.919074455,0.180649659,0.167711684,0.221614968,0.199444917,0.192393893
2016-09-26T04:40:00Z,299.0840732,300.4531069,313.3390165,315.6376441,301.6592672,4.541720873,4.77989352,4.70469835,4.672417143,4.59632413,0.229840786,0.183060486,0.162999374,0.225860743,0.212838127
2016-09-26T04:50:00Z,289.9394967,301.7986172,278.7892542,282.6161542,307.4760728,4.544581344,4.949578346,4.797623083,4.878275212,4.952364465,0.176415256,0.215242075,0.204502111,0.166759119,0.205468908
2016-09-26T05:00:00Z,297.6486626,312.467953,314.002091,318.8740688,310.8983215,4.069393739,4.242408192,4.243440535,4.420539137,4.353783336,0.236519549,0.21934536,0.216315285,0.20909964,0.263460421
2016-09-26T05:10:00Z,290.2101309,293.887774,298.609955,294.0421097,288.8814711,4.44749134,4.307534799,4.118765745,4.295143022,4.484834366,0.207955625,0.199161273,0.158372947,0.193749038,0.176714632
2016-09-26T05:20:00Z,322.3121182,309.8161691,309.8337245,309.2444381,298.1779323,3.92963065,3.904482788,3.987254261,3.942527529,3.98900373,0.197984369,0.179132638,0.161746636,0.155356076,0.136193843
2016-09-26T05:30:00Z,319.8381201,291.6437242,302.3573615,305.147671,308.8450884,3.935826428,4.050358937,4.054474168,4.124636284,4.123471239,0.224677634,0.237724448,0.20039449,0.203704578,0.204319968
2016-09-26T05:40:00Z,334.0598651,283.4769483,292.4374855,309.4060028,273.5757202,4.572711388,4.238611609,4.575271617,4.411113144,4.248140337,0.238823082,0.226806468,0.190571888,0.140178346,0.141028684
2016-09-26T05:50:00Z,300.4266056,314.9949048,302.3759613,312.8634184,314.4100644,3.721836291,3.807521732,3.809326558,4.140999192,4.30670011,0.220322214,0.218203321,0.218662157,0.181740775,0.169294916
2016-09-26T06:00:00Z,321.7540687,340.8258446,318.4549142,305.4096568,298.603212,3.134537374,3.077509813,3.273553319,3.332846217,3.386545458,0.39112763,0.288198059,0.329460519,0.256580152,0.324951802
2016-09-26T06:10:00Z,307.3873757,279.3101264,300.8364359,290.4739415,270.9297761,3.199627123,3.214052981,3.2719148,3.098590399,3.38221507,0.242669945,0.260403932,0.177638894,0.177039338,0.186125134
2016-09-26T06:20:00Z,294.7863217,294.2016896,285.1042839,318.4853368,321.8245349,2.650661734,2.841413096,2.786302563,2.929063,2.933878529,0.256363522,0.243661828,0.195469759,0.194920169,0.203912547
2016-09-26T06:30:00Z,303.9386532,284.2810702,264.5568945,288.0885817,280.4440965,2.238639267,2.210441272,2.310262632,2.346411158,2.36280253,0.205950693,0.326893483,0.255551837,0.259035257,0.248581881
2016-09-26T06:40:00Z,304.6090017,307.5757706,305.6512978,303.2956683,301.6783264,1.887848339,1.968009171,2.183882995,2.096952999,2.074192682,0.237834483,0.240822194,0.24427911,0.344788505,0.33945749
2016-09-26T06:50:00Z,290.6521826,331.464833,300.8078908,307.6571611,311.6229605,1.533353736,1.807825697,1.741905421,1.883561169,1.895557084,0.418417132,0.280206811,0.40770049,0.301918307,0.385931759
2016-09-26T07:00:00Z,292.0695307,273.8462881,280.3233267,280.752632,267.5669586,1.535557604,1.682589159,1.720754726,1.736285173,1.845520266,0.388647168,0.371374414,0.34251865,0.339794749,0.29071605
2016-09-26T07:10:00Z,245.2518716,272.6915011,261.2263226,252.7575752,265.1188742,2.189206484,2.192375028,2.169216181,2.484357248,2.23270226,0.291765793,0.182933068,0.160337984,0.197903701,0.203162301
2016-09-26T07:20:00Z,208.7236032,241.5574576,193.862043,235.7123658,235.30061,1.764185538,1.679150216,1.577512384,1.543200572,1.550374727,0.264169956,0.230018625,0.244372389,0.328208071,0.311879098
2016-09-26T07:30:00Z,10.46761604,244.0189109,2.736450826,351.4896908,287.3875029,1.350297101,1.545513348,1.487966991,1.323174554,1.390791262,0.266715979,0.31407927,0.255305696,0.262265988,0.323459949
2016-09-26T07:40:00Z,219.6275362,207.1889336,238.4466473,253.781578,246.2604306,1.716009773,1.750421433,1.69654366,1.809064842,1.715827609,0.324903361,0.376651208,0.304229571,0.295232241,0.219102052
2016-09-26T07:50:00Z,238.7601267,238.0869022,247.5193908,213.9616454,234.2462223,2.278591339,2.334987126,2.249329088,2.417313058,2.429441302,0.202160025,0.249294124,0.294616964,0.23972245,0.251655708
2016-09-26T08:00:00Z,214.0873855,257.4113517,246.580161,261.2261961,223.0663801,1.556890914,1.765731235,1.726317646,1.803653538,1.991674449,0.321866915,0.24836803,0.256123007,0.305228009,0.247257745
2016-09-26T08:10:00Z,234.4042233,231.8413249,243.1780234,234.1650723,239.8969588,1.888847276,1.909768182,1.946187535,2.056175999,2.001977828,0.344430736,0.363790482,0.283977928,0.314257823,0.277383795
2016-09-26T08:20:00Z,241.6875499,214.9811908,246.7102358,256.5243775,260.2157181,2.027117052,2.02260767,2.305122935,2.3528789,2.347220227,0.254681857,0.323116142,0.253164189,0.324781348,0.252747226
2016-09-26T08:30:00Z,199.0526364,217.2413419,195.1981302,203.9981553,193.7455128,2.454534804,2.352501792,2.550205553,2.602362407,2.57076641,0.186473086,0.219747227,0.185925866,0.241923052,0.259078323
2016-09-26T08:40:00Z,155.4495462,172.3147501,167.936248,154.5300125,193.4786076,1.823750258,1.828039648,1.83987117,2.062871578,2.187555188,0.317947624,0.242406838,0.267826611,0.241350216,0.263401262
2016-09-26T08:50:00Z,157.7804082,121.6217194,89.98124134,116.8916332,174.2817578,1.394721047,1.423997281,1.473789836,1.372712444,1.574634341,0.287578972,0.286174115,0.309467415,0.247659684,0.332009635
2016-09-26T09:00:00Z,179.276186,172.7139857,187.4577606,187.5363886,166.2198979,1.769048937,1.817119835,2.014184194,2.074831784,1.955512421,0.210034409,0.249795803,0.297048929,0.205831983,0.283159786
2016-09-26T09:10:00Z,170.8774259,162.9799849,174.4277719,168.71328,173.9538872,1.828098126,1.716735246,1.822703277,1.788625503,1.885852727,0.253989372,0.2912664,0.202108563,0.200204079,0.251381078
2016-09-26T09:20:00Z,167.7412627,148.3923148,165.3018358,169.6017405,148.4206676,1.515390568,1.645170414,1.592180264,1.738771523,1.774638666,0.375686499,0.23302402,0.294375656,0.230586175,0.179172307
2016-09-26T09:30:00Z,185.4327787,152.2035669,175.6632226,190.3651533,171.5836017,2.030975248,2.134866626,1.941056558,2.220131684,1.968001122,0.304888728,0.29286699,0.351138219,0.236028688,0.221572221
2016-09-26T09:40:00Z,137.444342,173.6687197,155.7799963,144.0424518,119.0423576,1.281536255,1.505723703,1.639381596,1.431954138,1.54665879,0.344340946,0.257665457,0.692730557,0.311613367,0.36396401
2016-09-26T09:50:00Z,160.568608,132.9112718,183.0460352,129.0475663,95.79303729,1.42281252,1.508685076,1.585095295,1.531627727,1.518879488,0.294560768,0.32765151,0.252861352,0.273818652,0.35313882
2016-09-26T10:00:00Z,159.387711,165.1140108,153.3442378,159.6928866,178.16541,1.682040598,1.728492441,1.782949602,1.659835653,1.728719574,0.309308532,0.20126457,0.229648716,0.206435932,0.318719206
2016-09-26T10:10:00Z,155.0215911,165.8713375,169.5051378,172.5061936,172.8598118,1.403817983,1.314193363,1.378105929,1.426851312,1.566927995,0.287849038,0.194214412,0.285042975,0.2355376,0.243766129
2016-09-26T10:20:00Z,171.6718617,172.5963915,165.4830422,157.37041,169.8176306,2.564499984,2.582494177,2.70597722,2.82176329,2.689557816,0.165548207,0.199594152,0.221427157,0.215617488,0.200950208
2016-09-26T10:30:00Z,165.0911494,149.8974957,163.5019496,166.8198304,174.8825211,2.351931981,2.304393745,2.519209304,2.645725954,2.445581178,0.265390173,0.275644812,0.246483401,0.224843235,0.220119924
2016-09-26T10:40:00Z,156.2264251,160.2233831,144.4403661,161.6846271,152.1265708,3.0957905,3.031082235,3.177546257,3.085681493,3.325833883,0.235924133,0.252118362,0.178334819,0.181883393,0.217018941
2016-09-26T10:50:00Z,175.5002026,174.1623947,175.5175416,172.7276889,177.285636,3.401915441,3.40629132,3.171435725,3.528883719,3.549877503,0.300171465,0.314595655,0.386699003,0.264950999,0.369655154
2016-09-26T11:00:00Z,202.6452835,203.3255399,209.6293139,205.2981152,195.7456093,5.38053898,5.335379577,5.587368095,5.674767836,5.738538553,0.17674032,0.142472107,0.140826347,0.12028084,0.135766138
2016-09-26T11:10:00Z,211.6401162,206.0886227,220.6880085,217.2547751,218.1402181,6.131192024,6.219985731,6.485107049,6.408344217,6.559513628,0.136593656,0.176377953,0.085528274,0.109197473,0.10159574
2016-09-26T11:20:00Z,208.0113993,227.9421516,229.5907066,219.0067624,217.1931236,5.954579023,6.088333751,6.380693173,6.50434727,6.35810913,0.21894792,0.177922188,0.181380353,0.143341609,0.154538357
2016-09-26T11:30:00Z,189.2224304,211.5581515,198.4883719,213.9249285,201.270063,8.190035825,8.190755962,7.952121991,8.021754709,8.005475764,0.101582929,0.111689357,0.085868254,0.074699683,0.104124274
2016-09-26T11:40:00Z,200.4005332,209.5172977,203.3974639,201.1599462,200.6563192,5.355601399,5.164652878,5.228311659,5.480125765,5.585950102,0.231672684,0.157439496,0.213207675,0.184831571,0.183855169
2016-09-26T11:50:00Z,199.4819736,186.5440423,174.3493716,192.6218081,203.7870011,3.666540324,3.439641652,3.56991454,3.871315414,3.83362773,0.263850748,0.31022019,0.392263019,0.298357215,0.214637596
2016-09-26T12:00:00Z,152.4806121,154.9423174,144.2750602,161.5799501,176.2801739,1.510933321,1.59253657,1.750468957,1.970785337,2.178201923,0.303079056,0.277177961,0.272546748,0.209078317,0.230821631
2016-09-26T12:10:00Z,186.7657515,186.9647152,194.4790808,179.1772593,184.565134,2.098570194,2.276221425,2.421323547,2.433380298,2.706100306,0.361758963,0.26456297,0.309652944,0.233499078,0.206349509
2016-09-26T12:20:00Z,189.6562712,183.1813111,177.7576768,181.0679961,181.1466775,2.322357097,2.373373162,2.557583726,3.096681777,3.426611302,0.215628322,0.230060687,0.25412198,0.274472113,0.242527305
2016-09-26T12:30:00Z,202.1670123,196.4014543,200.4174194,190.5132998,199.4218375,3.778197305,4.050123739,4.007950058,4.265989181,4.497185947,0.307549533,0.292244554,0.242121828,0.221105849,0.200321287
2016-09-26T12:40:00Z,230.584439,211.5631658,233.5525762,223.6485714,228.7512312,6.233976666,6.274921343,6.411749615,6.567396705,6.067005842,0.11073298,0.128715115,0.11473223,0.12692542,0.113665263
2016-09-26T12:50:00Z,259.8226279,263.6722331,253.1605837,232.4382865,242.2717746,5.529303995,5.392330914,5.823231073,5.535687495,5.519665141,0.238027455,0.184540589,0.135883449,0.175675731,0.163565979
2016-09-26T13:00:00Z,267.7830291,247.2800359,263.555797,262.0569295,272.6355169,5.344662513,5.277860173,5.018857647,5.233027832,5.293653039,0.109796522,0.113919603,0.086003002,0.089079233,0.106425822
2016-09-26T13:10:00Z,293.3448296,282.4532349,271.9577674,279.2480451,261.045477,4.677809605,4.635784584,4.69452117,4.625334501,4.709990837,0.12896829,0.158949331,0.158903786,0.141423741,0.144500339
2016-09-26T13:20:00Z,261.9417021,284.9617854,283.561759,262.6469199,275.1572906,3.290367438,3.512595544,3.501998526,3.445938156,3.575534444,0.223837588,0.229540133,0.21662288,0.233681291,0.21649522
2016-09-26T13:30:00Z,219.5086335,219.3438791,229.8661531,249.0674806,225.4803164,3.274664532,3.24081578,3.221792072,3.072576039,3.13211044,0.251088607,0.196463949,0.205841187,0.158433206,0.219225128
2016-09-26T13:40:00Z,226.4678369,237.519254,211.046017,225.671134,239.3213512,3.409721308,3.513893648,3.543884549,3.819961336,3.854371572,0.143648561,0.196447489,0.213517101,0.151914244,0.188177748
2016-09-26T13:50:00Z,222.7175695,223.6088742,224.6838609,241.9145072,224.2099772,3.598041338,3.890811854,3.749355501,3.726760405,3.714071528,0.196241052,0.219623815,0.165653215,0.140333166,0.146579249
2016-09-26T14:00:00Z,201.0624419,215.6636681,206.8635109,224.1081431,220.1046837,4.46599338,4.672502146,4.775818919,4.928792861,4.743423013,0.206307327,0.211948849,0.182062602,0.172104162,0.171251153
2016-09-26T14:10:00Z,204.5890748,197.8144227,206.9712203,200.9140603,211.3879829,5.381336171,5.47100762,5.498821392,5.184070709,5.46055505,0.102130888,0.108460377,0.093942462,0.075824692,0.112177675
2016-09-26T14:20:00Z,216.3043398,210.6238963,221.7660945,218.2803691,201.7720167,5.617179177,5.687209811,5.67792616,5.378461438,5.407712943,0.129183688,0.160678015,0.140482092,0.155942997,0.16029358
2016-09-26T14:30:00Z,222.5448592,209.7135946,219.8214701,215.350622,216.5797339,5.626944623,5.846574205,6.007006966,5.879745193,5.850310661,0.089932589,0.094383315,0.134193544,0.110831332,0.072331889
2016-09-26T14:40:00Z,204.798156,199.4380599,208.2210624,219.6889614,209.8867521,6.099195978,5.929761699,6.263596973,6.426819483,6.281650972,0.131606891,0.089246846,0.121814303,0.161788039,0.154686595
2016-09-26T14:50:00Z,204.5173302,238.9497319,213.4963724,216.9483063,211.8258442,5.975734744,5.954369234,5.890013001,5.841820025,6.156980576,0.109680521,0.153021872,0.115223432,0.103666976,0.121623378
2016-09-26T15:00:00Z,207.9622934,225.5755394,221.9216891,212.060265,230.1490985,5.918105817,6.216188833,5.608665882,5.80915853,5.930917435,0.151752094,0.117042175,0.103886764,0.105212563,0.096165959
2016-09-26T15:10:00Z,206.8938963,211.4332064,223.0445187,228.6545343,227.5034924,5.639702699,5.41704164,5.387968,5.574939054,5.528664182,0.127823922,0.130849892,0.147418886,0.084670957,0.112378791
2016-09-26T15:20:00Z,196.4545277,216.6278372,193.7653077,197.3631867,196.7947898,5.899080632,5.779594726,5.870873413,5.809751901,5.791696022,0.159543754,0.140667253,0.133243201,0.098468151,0.147439591
2016-09-26T15:30:00Z,204.5440513,205.0727241,197.8832138,223.3649356,218.0596212,5.962325881,5.494546051,5.708655274,5.443526781,5.839630137,0.174949486,0.159406632,0.124372587,0.144089771,0.152014637
2016-09-26T15:40:00Z,215.5945306,212.1195216,215.7509005,205.5088365,213.2390386,4.826130271,4.886252141,5.438288184,5.276243053,5.567885031,0.205329935,0.184975074,0.134553049,0.125532667,0.155902681
2016-09-26T15:50:00Z,207.8273939,207.6527179,225.5313979,208.8140366,221.6474085,4.545822218,4.751194196,4.46092059,4.662454332,4.496476023,0.14520569,0.123078376,0.214255646,0.122693136,0.168815875
2016-09-26T16:00:00Z,208.614505,211.6717831,218.6204278,211.9212831,209.277689,4.054863786,4.318245086,4.25763752,4.465997758,4.52111736,0.154135008,0.171809794,0.193853011,0.178389482,0.150176712
2016-09-26T16:10:00Z,217.0533723,210.4228635,207.8249388,206.3247211,211.1576717,3.537253366,3.598522045,3.767604707,3.773111508,3.701523232,0.208298751,0.200290186,0.196040146,0.171474703,0.213520005
2016-09-26T16:20:00Z,217.6701947,205.1108185,204.6282781,218.6369839,203.1095416,3.962213698,3.989129265,4.263478194,4.338257794,4.271744729,0.193237844,0.230818227,0.153004987,0.140928931,0.137125849
2016-09-26T16:30:00Z,237.4866493,217.0625964,224.569578,211.5893502,214.0136112,3.789589513,4.088128402,3.834476789,3.962570332,4.245981552,0.152429483,0.196914941,0.121783401,0.188166569,0.216355979
2016-09-26T16:40:00Z,232.0412433,246.8017572,234.9136265,231.5532498,224.4206846,4.116135572,4.285324007,4.15470866,4.207031154,4.177101414,0.139156722,0.143168867,0.098192869,0.113146899,0.105641784
2016-09-26T16:50:00Z,261.1930136,237.7391277,251.2818537,234.5856154,250.1796136,3.66468517,3.671513888,3.913352954,3.857388367,4.030982182,0.117896008,0.130969084,0.177768979,0.227017444,0.18467019
2016-09-26T17:00:00Z,252.4671537,237.223008,237.3135752,245.5253703,227.3945191,3.594233842,3.659613045,3.695588884,3.915749928,3.60291258,0.218800281,0.215090233,0.20174332,0.136364067,0.163785286
2016-09-26T17:10:00Z,238.0082308,246.7564424,238.7557265,222.3565238,239.7117893,3.171388751,3.371144648,3.451165301,3.409045586,3.579938912,0.18314952,0.173307079,0.162892952,0.157935464,0.187825775
2016-09-26T17:20:00Z,225.3572889,218.5146266,240.2411445,224.9673948,229.1168071,3.300139132,3.438543983,3.401811296,3.630063969,3.743192745,0.236508571,0.21407659,0.183638345,0.183839272,0.19974432
2016-09-26T17:30:00Z,235.7136013,214.9225242,233.9862746,239.3601931,220.8360744,3.063043085,3.132644569,3.158569848,3.238555218,3.15607761,0.176844776,0.217737933,0.191647642,0.217721698,0.180349993
2016-09-26T17:40:00Z,229.3243846,241.5483844,240.1217725,207.2973155,221.8436564,2.474241113,2.690133231,2.71854115,2.631620717,2.971103094,0.192960926,0.262292345,0.219577939,0.272644859,0.253020319
2016-09-26T17:50:00Z,213.3313851,236.1314746,225.3756575,227.9777881,228.9056835,2.900478094,2.905918345,3.037982731,2.971738241,3.081077454,0.210522872,0.222309997,0.176097913,0.203351503,0.173534365
2016-09-26T18:00:00Z,210.4964813,202.263579,209.964636,207.0671054,205.1792703,2.309241213,2.322686045,2.350475763,2.348413279,2.199571158,0.247735341,0.316577499,0.323757417,0.350868025,0.247532698
2016-09-26T18:10:00Z,228.1599675,234.3019931,213.9177441,231.8334825,226.9133729,2.742579252,2.767501212,2.907838014,2.854676623,2.721198804,0.18414112,0.266285983,0.252468588,0.230706504,0.20828919
2016-09-26T18:20:00Z,207.6168636,211.9696125,212.7671335,212.7402421,224.9839391,2.807424919,2.854564359,2.835805139,2.789966837,2.884940837,0.218266261,0.180184114,0.247152057,0.193979372,0.262541224
2016-09-26T18:30:00Z,188.8294736,201.3814438,215.2017132,210.003296,215.7677416,2.922930854,3.017908363,3.117425168,2.877764274,2.983224144,0.173232918,0.158446111,0.211620809,0.222839398,0.181298917
2016-09-26T18:40:00Z,210.059703,211.170073,204.3224564,190.9859054,209.4645745,3.223300703,3.156669246,3.170552538,3.317537549,3.324018288,0.243219516,0.245309059,0.250581336,0.198483977,0.172110869
2016-09-26T18:50:00Z,191.6175073,213.4602,199.9856937,222.0645485,200.9720116,3.133670238,3.014986255,3.089668221,3.267193669,3.412081579,0.163927058,0.149752197,0.157848398,0.148056202,0.155444231
2016-09-26T19:00:00Z,185.5843583,195.8837509,198.6949939,196.8396624,194.3223175,3.32711673,3.264784505,3.35457282,3.354165042,3.424396453,0.143272051,0.172403555,0.144705064,0.1626683,0.165939598
2016-09-26T19:10:00Z,212.7551365,205.5102437,200.6990607,201.8125172,212.6469663,2.813852662,2.955235353,2.931710617,3.049355334,2.929980782,0.193530684,0.143411061,0.185839965,0.172094277,0.192728868
2016-09-26T19:20:00Z,199.7449231,193.0023911,196.8964554,195.9157243,188.82134,3.481955878,3.573182502,3.637433442,3.658176593,3.704957181,0.159791692,0.168027144,0.125433189,0.183738898,0.173838047
2016-09-26T19:30:00Z,191.8605195,204.9655602,197.3687025,212.1793092,207.870061,3.204209872,3.164324872,3.236473712,3.302438933,3.252163237,0.228583232,0.144385439,0.173426349,0.198526754,0.17625668
2016-09-26T19:40:00Z,200.4691587,195.738793,197.6718338,193.6427068,195.6806297,3.047239584,3.41598084,3.176810577,3.43798995,3.204537916,0.212570045,0.191644286,0.149116328,0.172867483,0.163055063
2016-09-26T19:50:00Z,206.9589718,204.6292317,215.3560541,213.4243873,222.5478793,3.14358066,3.232390925,3.129996334,3.196265578,3.191511792,0.176845719,0.149128622,0.175829523,0.19487076,0.242103106
2016-09-26T20:00:00Z,200.2161889,205.4783381,212.8978453,219.3553272,207.9834781,2.597628915,2.621365544,2.742112667,2.825285777,2.683794472,0.221208432,0.164256497,0.156608491,0.215777451,0.175268058
2016-09-26T20:10:00Z,199.6877473,189.2697171,201.5227083,201.4072359,217.2712569,2.997858756,3.096027589,3.140559953,3.042552591,3.113896315,0.197193063,0.207653788,0.217132226,0.287952827,0.174980908
2016-09-26T20:20:00Z,202.843079,204.2419474,199.2174495,211.4056322,217.3287541,2.501311752,2.848672268,2.746425723,2.812513071,2.826393188,0.251875588,0.237656118,0.2547132,0.200823272,0.223677484
2016-09-26T20:30:00Z,191.9035183,213.6489968,205.5799939,197.6758355,183.4404656,2.640275473,2.613421193,2.79466976,2.824326651,2.909590164,0.278652618,0.234031859,0.276475961,0.20276283,0.202553287
2016-09-26T20:40:00Z,172.7843336,183.0169763,184.8079288,184.3743185,177.319099,2.817531113,2.863531897,2.777629355,2.82882901,2.795890321,0.175791064,0.171823192,0.213681762,0.163318499,0.178357533
2016-09-26T20:50:00Z,206.573664,200.4571798,193.6490191,194.0745062,191.3479912,2.74314509,2.828726302,3.066310342,2.908380811,3.053149351,0.154802975,0.150271288,0.155754983,0.178863066,0.19266743
2016-09-26T21:00:00Z,184.4582964,184.1339979,171.5208744,183.7312067,183.6892342,3.197537059,2.945091598,3.316004875,3.366840245,3.254961617,0.18942207,0.180660402,0.169185152,0.176765537,0.191901161
2016-09-26T21:10:00Z,209.207271,184.9741046,188.6641468,194.5517984,192.6982385,3.219872602,3.189598542,3.26521931,3.293777352,3.266022881,0.190250969,0.179788802,0.232678194,0.196328467,0.190839629
2016-09-26T21:20:00Z,190.9325062,191.1973275,186.6151964,203.1363363,189.9349377,3.48931146,3.42935324,3.569282356,3.399441116,3.452261236,0.160256381,0.175295587,0.150121219,0.117993276,0.166318384
2016-09-26T21:30:00Z,193.6702237,188.9450251,181.0564171,183.6584164,197.7328753,3.596992165,3.382842383,3.268825322,3.692496295,3.701619978,0.184009247,0.210934837,0.210953265,0.149756931,0.141071696
2016-09-26T21:40:00Z,187.7877343,183.3559812,193.3435313,189.5642666,190.580509,3.458528378,3.822899659,3.62089333,3.697857853,3.728261706,0.238086031,0.200091443,0.359518914,0.179293373,0.203853903
2016-09-26T21:50:00Z,192.5895872,185.6726991,194.1266504,177.6199052,191.9752936,3.559478735,3.703176914,3.520455962,3.664621477,3.676963085,0.208875004,0.170561647,0.237736266,0.194838137,0.182708531
2016-09-26T22:00:00Z,186.9411262,196.1596564,186.2161219,171.1811746,180.1144651,3.889771325,4.122689854,4.268351556,4.418654979,4.45864105,0.149918132,0.153900546,0.187012745,0.163503064,0.211451292
2016-09-26T22:10:00Z,165.0182763,185.2346915,175.5504063,185.6235867,187.0925152,4.60838092,4.795448975,4.847796226,4.620471345,4.966788778,0.147416262,0.199897368,0.168748783,0.172684801,0.189176543
2016-09-26T22:20:00Z,196.6082825,190.2987874,189.3916736,185.4973255,197.4899574,4.526700963,4.610939925,4.595416073,4.780754905,4.671084709,0.155057097,0.126358176,0.13348786,0.133442244,0.108296715
2016-09-26T22:30:00Z,190.8429376,200.6075027,184.2926817,197.0492091,185.1662613,4.820656372,4.740438198,4.882570495,5.186963983,4.86698545,0.104365973,0.117062011,0.102188536,0.119598968,0.135939944
2016-09-26T22:40:00Z,195.7715284,186.4742926,183.8730717,200.6490436,184.7079916,4.390719826,4.529844872,4.390668952,4.591775745,4.591522311,0.133671086,0.157553163,0.160665622,0.154296228,0.184154583
2016-09-26T22:50:00Z,176.050333,172.5039302,188.4095677,178.884786,175.9410862,4.951646859,5.212345035,5.200611151,5.077871673,5.299380884,0.111774756,0.110611609,0.106362167,0.135866438,0.106941316
2016-09-26T23:00:00Z,185.6476058,179.0563099,170.5137503,172.2713358,182.2973121,5.026242266,4.987746807,5.020005409,4.946711756,4.935628554,0.191480818,0.119775471,0.133008547,0.110391243,0.156309991
2016-09-26T23:10:00Z,180.0200716,180.4847843,167.2158464,191.2289387,182.7787249,4.847723194,4.839562619,4.708832159,4.962517403,4.691552225,0.1212164,0.115129875,0.126960404,0.147861583,0.159804471
2016-09-26T23:20:00Z,182.8992333,186.4257359,172.5117902,187.1369532,189.3517894,5.178379399,4.971925879,4.996769999,5.174756876,5.205184361,0.162821734,0.107058066,0.154607551,0.156852496,0.125953645
2016-09-26T23:30:00Z,182.4806445,176.7171581,170.4563357,190.6108262,164.0644085,4.698668102,4.827924575,4.917598663,5.002247186,4.951498557,0.124185861,0.105425949,0.130852196,0.124356415,0.119604915
2016-09-26T23:40:00Z,158.3470455,177.8965541,159.9513597,183.3589344,162.7904702,5.010410716,5.060668559,4.913228869,5.071608658,5.118652116,0.110351251,0.12784966,0.137668753,0.124146047,0.129669095
2016-09-26T23:50:00Z,172.2033275,175.115762,175.2860549,179.4847214,172.9460169,5.275662368,4.900363579,5.202397192,5.118504168,5.269792282,0.161982642,0.158600923,0.171157722,0.124580856,0.142245948