LOCATION: 
SYSTEM SERIAL: HKZMAST
TIMESTAMP (ISO-8601) UTC,WindDir030m deg,WindDir040m deg,WindDir060m deg,WindDir080m deg,WindDir100m deg,WindSpeed030mh m/s,WindSpeed040mh m/s,WindSpeed060mh m/s,WindSpeed080mh m/s,WindSpeed100mh m/s,TI 030m,TI 040m,TI 060m,TI 080m,TI 100m
2016-10-06T00:00:00Z,76.28423797,76.88560875,76.04515166,74.19363662,81.01321683,10.25866348,10.53425527,10.54147338,10.61607887,10.22386819,0.178587189,0.122513115,0.100516118,0.089687951,0.145416566
2016-10-06T00:10:00Z,87.736027,82.4252604,86.17735788,85.91172962,83.57916048,10.08116965,10.01007964,10.48787269,10.13134207,10.39177852,0.143917628,0.142575351,0.121069963,0.186435207,0.145872733
2016-10-06T00:20:00Z,76.14052587,83.91285701,84.9943938,86.51803615,77.50721246,9.826847932,10.10665215,9.730405687,9.748685347,9.562855977,0.143576142,0.16449187,0.149802219,0.173342038,0.160889334
2016-10-06T00:30:00Z,81.69689,81.48959787,81.97940093,75.55001227,89.65444032,9.375712855,9.269808222,9.475189286,9.62720027,9.718561384,0.136306059,0.128949753,0.13452275,0.141508707,0.12303782
2016-10-06T00:40:00Z,79.17034288,85.23657182,89.8239209,83.97099762,85.92778426,10.1953122,9.972316815,9.870857266,10.55757642,10.53277769,0.118587345,0.17604804,0.135466983,0.130834586,0.153500661
2016-10-06T00:50:00Z,77.33356023,84.31253167,72.5783108,76.26276418,75.32174414,10.44429658,10.12056057,10.39846805,10.06447548,10.1777973,0.152616747,0.149467996,0.167288308,0.139927039,0.177520919
2016-10-06T01:00:00Z,81.42765197,74.96901634,85.57041075,76.47869582,74.06059325,10.62014263,11.08267479,10.90764074,10.76457466,10.94214655,0.170645889,0.176590385,0.175747135,0.196464002,0.108914391
2016-10-06T01:10:00Z,78.11892865,83.1883659,77.62899787,84.46460783,81.91938319,11.03440323,10.97722967,10.7154591,11.31705271,11.26961983,0.085742628,0.108520853,0.143810851,0.136187333,0.152870354
2016-10-06T01:20:00Z,73.89268442,73.29003843,70.29239588,73.86296515,76.89612387,11.56381255,11.3395461,11.07426466,10.78829301,10.85967159,0.107796161,0.120581246,0.161003001,0.145126498,0.185152945
2016-10-06T01:30:00Z,79.5229363,75.50069681,78.25985758,80.87533135,80.51054724,9.987444554,10.64361173,10.9389413,10.42800943,11.12514654,0.175657542,0.160259163,0.135408614,0.118588435,0.13419376
2016-10-06T01:40:00Z,73.16341884,74.13245116,80.68017168,75.75859429,75.37088128,11.35630333,11.1720684,11.16749268,10.86819762,10.981753,0.123483054,0.128197109,0.138253425,0.161518412,0.134649099
2016-10-06T01:50:00Z,72.21596019,82.77935395,80.51449552,82.56627834,82.24980785,10.82137006,11.00494912,11.09947516,11.10704415,10.64040567,0.146946712,0.143585051,0.149583744,0.103320273,0.14856896
2016-10-06T02:00:00Z,86.53586044,80.55131124,84.61477146,82.96948189,84.2467618,10.82282955,11.01324968,11.82772362,11.91052176,11.24642494,0.160222278,0.114139812,0.111507591,0.127666299,0.160830722
2016-10-06T02:10:00Z,75.41757518,75.52858086,83.29239924,82.36385525,72.85164663,11.78487054,11.33225608,11.10974534,11.27015537,11.34147451,0.102537057,0.124640959,0.145512992,0.173608248,0.169491817
2016-10-06T02:20:00Z,82.90705522,72.00761275,74.58650554,77.79658683,78.02715638,11.36321634,12.41026144,11.98915009,12.08559834,12.42228194,0.157328387,0.137919643,0.141848825,0.171829723,0.134353399
2016-10-06T02:30:00Z,76.51733899,80.16785833,73.35122504,77.8478159,75.80091436,10.91642919,11.43601236,11.55049781,11.21743761,11.64150518,0.179293987,0.157390687,0.175606446,0.209385621,0.133916787
2016-10-06T02:40:00Z,88.24054777,83.36811938,77.09192819,88.25714612,82.05040655,10.65818392,10.86598475,11.18191037,11.65167203,11.53429194,0.13423638,0.141967636,0.135290655,0.172258195,0.158534562
2016-10-06T02:50:00Z,75.81679867,78.3278073,76.82812449,76.68632307,78.09549449,11.36146584,11.16674059,11.03123697,11.66563076,12.09927682,0.119022178,0.131516737,0.178884452,0.142784041,0.126754453
2016-10-06T03:00:00Z,86.44869973,80.31579242,77.90652314,83.85905174,85.31162079,11.1154331,10.71450541,10.72800481,11.49263995,11.2712345,0.149455113,0.141888564,0.131697871,0.14325915,0.147022016
2016-10-06T03:10:00Z,77.22145937,79.18470771,88.56824213,81.73602815,88.14298752,10.07412909,10.57035999,10.55262534,10.06343845,9.87089958,0.149357827,0.144706195,0.139944736,0.120166532,0.17629701
2016-10-06T03:20:00Z,78.12898468,79.63444312,79.43711613,78.84416635,79.69253547,9.942286589,10.00411134,9.889330482,10.37347245,10.24916156,0.154829209,0.132661125,0.124383466,0.08633968,0.148795456
2016-10-06T03:30:00Z,78.04107319,76.50853257,78.23586733,77.07316057,81.97115482,10.13713973,10.17077372,10.49430769,10.37623807,9.970609291,0.10131183,0.11875833,0.147012789,0.154339789,0.141576879
2016-10-06T03:40:00Z,79.584027,79.6706495,81.44768763,80.27207312,78.16348854,10.16307923,10.18235633,10.3195272,10.59735693,10.11105152,0.117506738,0.130752754,0.123072949,0.146357306,0.165044172
2016-10-06T03:50:00Z,83.83994465,80.19305028,81.54312297,77.74819008,73.39052355,9.779339447,10.18894505,10.55854763,10.0656707,10.58968309,0.137719468,0.140797256,0.16704782,0.104511753,0.095744258
2016-10-06T04:00:00Z,88.66667051,83.56849996,72.0282383,79.02603009,85.53091076,10.40372709,10.24991874,10.3376122,10.08538546,10.13002132,0.163488729,0.112077809,0.096296067,0.12311758,0.184132587
2016-10-06T04:10:00Z,75.00007502,75.57106975,79.07280028,83.78520574,77.54913241,9.385044649,10.0330529,9.768552517,9.627548403,9.767520994,0.15631548,0.141284279,0.162466604,0.132857259,0.115532032
2016-10-06T04:20:00Z,87.91686514,85.02180706,78.37812697,77.8199936,71.37999022,9.16515265,9.486435791,9.794879734,10.02922498,10.17644381,0.141566014,0.129198038,0.108297923,0.122004018,0.13801752
2016-10-06T04:30:00Z,68.83463527,73.23685972,68.25821705,66.24130166,70.06661938,8.613945705,8.277009372,9.046432201,8.846222511,8.905425028,0.166511724,0.136398527,0.157799185,0.130969028,0.184473133
2016-10-06T04:40:00Z,68.64681102,67.76304386,74.77648323,71.35360186,74.05268931,8.409346331,7.955924428,8.482178216,8.758203747,8.572426273,0.166850346,0.15650731,0.141021393,0.142352381,0.152529389
2016-10-06T04:50:00Z,75.38143593,75.51587031,69.42963093,70.29996597,71.0361667,7.901131937,8.28431194,8.404642709,8.147637389,8.753347285,0.136610762,0.151853479,0.157594611,0.117847032,0.136181446
2016-10-06T05:00:00Z,65.2915016,72.55023928,70.59099933,70.44997083,72.93778397,7.987776153,7.707117009,7.889087677,8.141000417,8.406144932,0.136318784,0.134185429,0.169605889,0.108644182,0.118897621
2016-10-06T05:10:00Z,53.51747984,59.2168637,57.14588354,60.38438646,57.99981844,8.128974623,7.923608032,8.105618942,8.229649997,8.245641202,0.131696501,0.115474713,0.152308982,0.182597845,0.144463278
2016-10-06T05:20:00Z,55.03989188,62.53141002,59.67687606,64.90619346,64.10793574,8.369329737,8.941000326,9.000021632,9.089305472,9.402610765,0.165882556,0.138835749,0.125854506,0.095765144,0.127640502
2016-10-06T05:30:00Z,64.36204048,62.638864,63.92430539,59.58682709,64.5994675,8.81766483,9.097647897,9.716632714,9.652938718,9.389603931,0.13527236,0.161971457,0.16551528,0.166387992,0.174549775
2016-10-06T05:40:00Z,65.46497913,73.85512143,73.45340089,70.43305631,67.99004976,9.407378279,9.600653943,10.3626677,10.05418072,9.928331367,0.117888754,0.116948652,0.1334878,0.170843585,0.164388755
2016-10-06T05:50:00Z,68.06557404,70.65750083,72.04407716,63.39374982,66.20964604,11.09669725,11.66732951,11.40819539,12.2941852,12.44687025,0.15718921,0.139356413,0.10889037,0.122619071,0.139452044
2016-10-06T06:00:00Z,69.07977637,65.35375894,68.5472801,69.43394691,67.97666763,12.97986715,12.87265738,12.72094163,12.92797207,12.97377555,0.151956921,0.140263421,0.169528173,0.13668427,0.14830724
2016-10-06T06:10:00Z,69.140555,66.80210665,70.11835647,61.10885658,62.10927889,12.43897988,12.56006368,12.5222337,13.06845845,13.1380671,0.143515295,0.153754839,0.167497607,0.115618614,0.187913475
2016-10-06T06:20:00Z,74.8231589,71.60579451,67.53529509,73.9705969,68.08868359,11.36894251,11.41399335,11.32176378,11.41868776,11.1993474,0.152414219,0.132712651,0.135763743,0.167190609,0.101628447
2016-10-06T06:30:00Z,76.83677619,82.12274011,83.93257099,82.40076882,78.83463313,11.2878108,11.25295627,10.60869243,10.68848261,11.71689211,0.172161554,0.125358809,0.161904871,0.115448429,0.131195734
2016-10-06T06:40:00Z,78.63377075,71.65250782,76.8564065,74.31920398,72.85773601,10.60278418,10.91584093,11.46651595,11.84027963,11.50886515,0.163211386,0.178033558,0.148873169,0.146423234,0.158192235
2016-10-06T06:50:00Z,74.97267901,74.83654814,63.30394188,65.8325571,72.51674832,9.975546609,10.48702072,10.09244364,10.82236086,10.54024789,0.190916058,0.139428178,0.153313667,0.121242668,0.138098126
2016-10-06T07:00:00Z,68.35249424,77.58727944,80.09677726,77.20198837,73.3922838,10.15011663,10.28189301,11.07571977,11.0353308,11.24576544,0.160842275,0.124374621,0.172963801,0.113662807,0.14758357
2016-10-06T07:10:00Z,75.54856623,77.65667623,75.91288713,73.09380845,79.98464255,9.739566808,9.790544373,10.09334348,10.3296969,10.32469422,0.121598807,0.121996334,0.140530346,0.13456525,0.131649566
2016-10-06T07:20:00Z,76.14452644,73.73510047,81.23928867,77.168212,76.00330582,9.81430207,9.769393599,9.60227843,9.129654987,9.638772664,0.186788702,0.155845295,0.170672116,0.10837221,0.113212486
2016-10-06T07:30:00Z,75.53458606,71.85745657,68.06328434,73.91080538,71.35815022,9.481708525,9.412418641,9.628684941,9.331950874,9.624879005,0.166697422,0.14593109,0.1184378,0.140567158,0.121425643
2016-10-06T07:40:00Z,78.1654199,79.23981674,78.31553933,74.09154571,76.63350785,8.726119737,8.455101038,9.029694051,9.4125115,9.23729275,0.148709173,0.118988386,0.209758868,0.187745131,0.128247484
2016-10-06T07:50:00Z,79.39133765,79.16731999,83.31987214,80.89187999,79.18447328,8.637873163,8.750813763,8.900326767,9.222688098,9.41676302,0.160010915,0.152073846,0.152107149,0.175643333,0.136588744
2016-10-06T08:00:00Z,86.32429301,91.3246584,93.0475264,84.8351599,90.62657026,8.932239328,8.789525014,8.676003913,8.893633004,9.224015406,0.158172141,0.161070335,0.161040369,0.123340628,0.180791577
2016-10-06T08:10:00Z,86.34255459,79.47082621,82.04143739,82.8754791,80.78846688,8.360505922,8.463518066,8.614512146,9.201555181,9.395273062,0.158536608,0.143205707,0.209647231,0.147430977,0.16931758
2016-10-06T08:20:00Z,73.09878917,82.43870417,76.35582406,81.46966619,72.44045318,9.175147108,9.662594923,9.592737376,9.560581274,8.986239219,0.16178772,0.153573843,0.146320148,0.140305907,0.180706743
2016-10-06T08:30:00Z,75.00466912,69.70808445,75.32385469,79.61067426,72.00905133,8.741824551,8.570370557,8.429819073,8.707450932,8.820039337,0.153673162,0.165475432,0.163164721,0.167599365,0.102701322
2016-10-06T08:40:00Z,80.93892778,72.98254329,83.95389215,71.60245859,79.5195883,8.708266268,8.547428156,8.739368853,8.542966717,8.668727749,0.133882768,0.170893105,0.1514978,0.131049259,0.153401937
2016-10-06T08:50:00Z,74.42037606,75.16850728,78.19703768,74.64773298,73.08766904,8.778746082,9.018014733,9.634299602,8.75462331,8.535738987,0.229142222,0.163749427,0.142540068,0.149821833,0.185629686
2016-10-06T09:00:00Z,82.59533258,81.938315,77.68186062,72.96468594,81.2754446,8.203579037,8.490091205,8.275466486,8.333211122,8.436796616,0.154743231,0.176268111,0.146598134,0.170216085,0.191579654
2016-10-06T09:10:00Z,73.8799214,76.11140587,76.0878401,78.95334733,82.19944587,8.727974376,8.778107716,8.482562687,9.039091105,9.261227996,0.178071875,0.161270686,0.232476972,0.168016406,0.135620266
2016-10-06T09:20:00Z,71.42755781,78.84807911,82.04446096,83.82410976,79.91160002,8.75149105,8.985608268,8.962542818,9.424091357,9.167918986,0.152306766,0.221846829,0.159311494,0.171499612,0.158273645
2016-10-06T09:30:00Z,76.5981369,79.25087762,78.52773051,72.07560581,75.1405532,8.36780763,8.911935474,8.745065679,8.965480734,8.7214291,0.156588896,0.183862614,0.158831738,0.18649075,0.172754308
2016-10-06T09:40:00Z,82.6398567,76.8392728,72.9468848,76.77193479,75.96424907,8.809070012,9.024947057,8.559526374,8.56138713,8.403743732,0.132631454,0.117659971,0.170915404,0.208498794,0.179896453
2016-10-06T09:50:00Z,69.25868268,79.7588943,81.87652212,74.79320542,72.22825593,9.397327688,9.063732082,9.063732256,9.074685622,9.547216383,0.127281909,0.144264277,0.117394261,0.162385069,0.163118802
2016-10-06T10:00:00Z,75.85289256,71.36441379,73.53316335,74.9241781,77.00356685,9.446460504,9.348459807,9.600744531,9.235219341,8.816301233,0.161637377,0.175671959,0.159297819,0.187079423,0.135053743
2016-10-06T10:10:00Z,85.90538881,85.30404997,78.94705634,75.01210319,79.97243629,9.170263232,9.123506156,9.198746828,9.863941224,9.098352025,0.141972357,0.234360296,0.144782436,0.168632633,0.140793842
2016-10-06T10:20:00Z,79.33679067,80.37699595,82.63499206,81.16945498,82.54624113,10.5312516,10.41975971,10.52857966,10.895595,11.42328015,0.118405452,0.13384374,0.119422436,0.153369393,0.176880661
2016-10-06T10:30:00Z,81.82366979,75.49234315,78.62072216,77.23747453,78.37404957,9.650159785,9.639609412,10.09729348,9.857424224,9.551191174,0.146778603,0.152881295,0.15839352,0.169054284,0.152457069
2016-10-06T10:40:00Z,70.16607601,67.54323698,75.47202983,79.61091967,77.59601988,10.09195503,10.62109044,10.4865148,10.36323006,10.38656005,0.137076401,0.117470524,0.150982906,0.161094808,0.140262024
2016-10-06T10:50:00Z,69.79965109,68.52704669,75.68868726,67.12171081,62.16884464,10.79257431,10.55627149,10.3903921,10.56214517,11.46020908,0.211675086,0.164427174,0.160843934,0.145864017,0.171187456
2016-10-06T11:00:00Z,75.10723472,73.38412251,75.13144531,74.30576504,72.67169111,10.10929207,9.820968868,10.55569877,10.11155313,10.61214241,0.1683998,0.139381857,0.169071716,0.140445042,0.167849485
2016-10-06T11:10:00Z,85.63765237,76.99361854,78.63651624,83.86940502,81.82403635,8.724480771,8.987121037,9.438012119,9.363701335,9.372654566,0.149669377,0.133660517,0.122844701,0.123597831,0.199641576
2016-10-06T11:20:00Z,70.89513898,78.35869501,72.17944233,80.06914349,84.52040573,7.962755397,8.581018863,8.328957347,8.688598394,8.668284229,0.156707828,0.133392386,0.126811784,0.194344227,0.13075154
2016-10-06T11:30:00Z,89.24750962,87.16507164,94.20130991,91.51972268,88.07406868,8.358292454,8.749177086,8.968121635,8.639349703,9.346360834,0.215458932,0.166699779,0.170244768,0.163786702,0.167232173
2016-10-06T11:40:00Z,97.97627747,97.40766714,101.0373184,99.64768412,112.4687445,7.589424888,7.77224793,7.729945355,8.381406569,7.917442632,0.172923666,0.177381839,0.158137745,0.14823018,0.150864542
2016-10-06T11:50:00Z,102.2100105,100.7173421,96.08231021,91.76104221,95.56824158,8.227137455,7.786920261,8.050171967,8.00034171,8.441682942,0.170876146,0.127857634,0.150552307,0.103076719,0.099639582
2016-10-06T12:00:00Z,94.72220683,102.0961098,106.6017864,101.2246755,101.9834169,7.602741584,7.820383329,7.592499861,7.50079237,7.766434038,0.146607597,0.211720431,0.176978478,0.159157941,0.176064
2016-10-06T12:10:00Z,96.79691205,99.59712694,94.54912649,92.74324529,98.17259816,7.737765848,7.954862996,8.20667459,7.851869999,8.372929628,0.184895704,0.177542817,0.142726553,0.174466198,0.138707262
2016-10-06T12:20:00Z,92.21143696,97.63822856,90.87890149,101.8212092,92.72765402,8.63586569,8.81455506,9.28893505,9.073820508,8.547126856,0.15500785,0.149093193,0.126710568,0.209724581,0.219513153
2016-10-06T12:30:00Z,81.11218637,77.79507742,79.1820517,81.78954254,89.21134804,8.992130727,9.275719784,9.597927085,9.297921611,9.533199856,0.155307045,0.132926029,0.161585836,0.174802761,0.175264026
2016-10-06T12:40:00Z,84.63499182,82.88058062,81.65195779,85.05185378,83.93710006,8.452968706,8.578025929,9.256571937,8.546770149,8.837282509,0.139718395,0.123220518,0.127887582,0.205128159,0.185980051
2016-10-06T12:50:00Z,83.88607971,78.24707085,76.30187105,82.21321801,84.6068596,8.707000672,8.622875873,8.964056875,9.01158581,9.132120397,0.172727571,0.103107945,0.169235666,0.145230832,0.175446327
2016-10-06T13:00:00Z,84.49469842,75.10867164,79.55511428,76.59263587,79.36230671,8.865070367,8.443771874,7.935200631,8.408084984,9.443470619,0.122045343,0.128749895,0.178567039,0.180676371,0.187573527
2016-10-06T13:10:00Z,73.75889721,71.29482413,69.65054256,74.79411911,71.87760821,8.292781741,8.818280243,8.860429124,8.857734397,9.141330931,0.113871116,0.154771228,0.130222226,0.179946971,0.183493721
2016-10-06T13:20:00Z,72.05636333,84.88971365,85.51305607,83.3593006,77.90543395,8.565481942,8.639149552,9.033000361,8.679496511,8.490137353,0.106786346,0.136309481,0.124381159,0.146774218,0.117683075
2016-10-06T13:30:00Z,80.01839438,75.93498754,80.12457529,78.68048499,74.21723276,8.248005073,8.899300635,8.927147508,8.680182777,8.617654809,0.130113964,0.143936565,0.146481357,0.143208052,0.154414346
2016-10-06T13:40:00Z,75.48428875,74.49132848,73.01029614,72.05891021,70.34512219,9.44372473,9.690626303,9.413908071,9.982048035,9.758924388,0.144051522,0.117804087,0.191468291,0.205164995,0.13621329
2016-10-06T13:50:00Z,72.01600195,68.43488904,72.44664426,69.80015824,74.22026307,8.804482601,9.54397692,9.542453632,9.977977232,9.303431006,0.129072769,0.10101118,0.1314311,0.183091479,0.164512924
2016-10-06T14:00:00Z,64.87781601,72.17116608,77.96743846,71.20796118,73.41691615,9.289392204,9.366356796,9.430269814,9.255201982,9.56114913,0.097715146,0.13361199,0.146535874,0.131715411,0.149085813
2016-10-06T14:10:00Z,68.38147017,71.3587663,67.52302839,69.98407288,64.017424,8.889910447,8.93797588,9.649034779,9.675331231,9.031693958,0.157090747,0.119136779,0.152030143,0.107859066,0.157145775
2016-10-06T14:20:00Z,65.10224375,63.47883537,60.05847523,62.78402675,62.25702794,9.275713121,9.012428923,8.641088016,8.730601038,9.60730301,0.099518868,0.137102739,0.143752364,0.138939671,0.133892618
2016-10-06T14:30:00Z,65.99174602,66.65577797,65.45520256,64.39077405,59.1761413,9.002542829,8.482229304,9.326460948,9.578285492,9.638909847,0.130840644,0.158190848,0.144127997,0.145913649,0.159856203
2016-10-06T14:40:00Z,70.17030063,71.11215708,68.79388917,72.01425586,70.98398893,8.887795627,9.054191557,9.242310411,9.07361182,9.4493358,0.158428026,0.171017707,0.120635172,0.179465299,0.141008596
2016-10-06T14:50:00Z,73.44569431,74.81277427,66.80566581,67.26202388,71.56621256,8.778313321,8.930919214,9.023225714,9.257152312,10.08238675,0.160999221,0.153584577,0.152293003,0.109946738,0.145023769
2016-10-06T15:00:00Z,74.26356036,73.62960095,75.75516102,78.47142768,73.12491961,9.473634191,9.75876837,10.21738618,9.972376109,9.604264659,0.118546341,0.099353183,0.166083779,0.150350574,0.133870349
2016-10-06T15:10:00Z,75.47811013,72.19567774,69.01271341,69.67706624,65.38687496,9.083426649,8.892155569,9.23972019,8.83363507,9.766199065,0.150284812,0.148049907,0.160699127,0.113237631,0.116193433
2016-10-06T15:20:00Z,65.54598345,67.43384581,71.44419181,68.11031099,70.00078956,9.184586831,9.295069387,8.940912827,8.924770072,8.726033675,0.147042526,0.155065916,0.154808466,0.187296203,0.176793865
2016-10-06T15:30:00Z,73.30370199,76.99546054,74.81939999,68.40967147,64.75603317,8.403272128,9.002843793,9.053716683,8.962721686,8.706077083,0.1580618,0.147248546,0.145046876,0.150342242,0.187176187
2016-10-06T15:40:00Z,61.72546611,65.6326852,62.91021465,60.99062173,67.3898474,8.570473857,8.795453039,9.503249126,9.385159786,9.545912717,0.165809893,0.171892114,0.17020199,0.163985921,0.123152764
2016-10-06T15:50:00Z,57.54648972,61.25076509,57.16411912,59.37590009,63.52163021,9.265581975,9.897118522,9.834450745,10.06341273,9.367310385,0.170405254,0.106295778,0.106933144,0.14920421,0.170348821
2016-10-06T16:00:00Z,62.75892407,59.15210397,66.24538727,66.40760648,68.167306,9.80249159,9.764606287,10.50666774,10.29430989,10.55028824,0.164181048,0.106171902,0.136548861,0.110521719,0.14355008
2016-10-06T16:10:00Z,60.31411674,61.79886902,60.92217672,59.35888406,60.60941016,9.365069336,9.850622307,10.38579616,10.61461996,10.58231134,0.115564545,0.191578051,0.142392313,0.132234884,0.13151219
2016-10-06T16:20:00Z,57.08194524,54.72646408,56.87142802,61.29976462,61.74640651,9.368487114,9.740487678,10.60991814,10.79402652,10.3069239,0.155876106,0.140638454,0.137691455,0.120781599,0.169760513
2016-10-06T16:30:00Z,64.54411728,63.52697219,69.20392761,68.48489574,72.96508175,9.964148678,10.98619234,10.94672105,10.81942556,10.68759382,0.097248368,0.164759254,0.118643459,0.129161022,0.166567059
2016-10-06T16:40:00Z,71.14509107,65.74952203,65.14780782,68.20623676,65.2096409,9.952370323,9.91226598,10.43263075,10.21880871,10.49666346,0.091458426,0.126623867,0.173324184,0.170125898,0.143385613
2016-10-06T16:50:00Z,58.09901823,59.5477547,59.78911545,54.26021198,60.40245137,10.38470561,10.4499339,9.935753873,10.66199136,10.66796873,0.136752866,0.172338693,0.201048565,0.14862146,0.128320282
2016-10-06T17:00:00Z,59.89505291,56.22801214,57.56770735,56.71525109,56.75808627,10.07766044,10.35276602,11.17545199,10.57721842,11.10384969,0.10703755,0.178058276,0.12452424,0.124913329,0.148891196
2016-10-06T17:10:00Z,64.05347513,62.98403649,60.47790682,65.70543824,67.00925457,9.960430725,10.57952012,10.51751901,10.97536975,10.14850856,0.095537923,0.154932195,0.109298681,0.128739645,0.142091925
2016-10-06T17:20:00Z,55.25416197,52.98086644,53.35786967,58.39391019,65.52620887,10.00435812,10.30213033,10.5469901,10.44283611,10.98529378,0.093014863,0.088493388,0.103682899,0.099857462,0.122248033
2016-10-06T17:30:00Z,69.85482916,67.00393452,69.90328312,65.45712482,67.86712483,10.79954108,11.02458207,10.99115178,10.88520669,11.0320499,0.101764864,0.122284486,0.117307703,0.132473364,0.117959385
2016-10-06T17:40:00Z,65.34314867,65.09306207,65.72406911,65.28445146,62.93247042,10.66323082,10.44017212,10.60245652,11.44879828,11.06899549,0.107815901,0.105181166,0.130823361,0.094788628,0.105274841
2016-10-06T17:50:00Z,61.3632113,56.90483447,57.1104834,57.93432643,62.43485977,10.9463468,11.12553972,11.04791425,11.03628611,11.06103992,0.140714349,0.086928819,0.113010685,0.140549252,0.129250276
2016-10-06T18:00:00Z,59.90311068,59.5473369,60.14209961,62.26698347,52.29902275,10.31185407,10.76866066,11.1794409,10.81906494,10.20583625,0.115569525,0.141149144,0.107357028,0.12333167,0.150979226
2016-10-06T18:10:00Z,60.50391794,63.79804943,65.99744174,68.69833552,68.30191877,10.59283494,11.20610577,11.10339862,10.81669136,11.01580563,0.122234302,0.1122415,0.116133651,0.107886293,0.125008729
2016-10-06T18:20:00Z,62.30284141,58.6966289,62.30983972,66.34729507,60.26399338,10.66715527,10.51911349,10.68475585,10.6357757,10.55702167,0.13728676,0.123979744,0.106900333,0.144710195,0.188910724
2016-10-06T18:30:00Z,67.23284769,67.68470614,72.03262475,71.22742277,73.45989968,10.18790923,10.20283461,10.46770995,10.01685508,10.6982842,0.10311828,0.161758404,0.131979592,0.130805994,0.12457138
2016-10-06T18:40:00Z,69.45630103,73.87454727,72.58615053,67.85622912,67.13493856,10.06857723,10.35076783,10.93520881,10.78998128,11.13658417,0.123538071,0.138856708,0.164824048,0.216990758,0.17238485
2016-10-06T18:50:00Z,65.76033928,67.3070744,65.93873451,72.52022328,69.13547997,10.71410899,10.30036121,10.63426789,10.52198447,10.89478085,0.11728757,0.136870172,0.130469512,0.15089544,0.1493852
2016-10-06T19:00:00Z,75.24117623,75.5042144,71.85602182,70.89242312,75.33128827,10.7052885,9.947354607,10.62426796,10.89867264,10.69032706,0.148930963,0.140021153,0.159671604,0.135087636,0.147405961
2016-10-06T19:10:00Z,85.76668022,86.88026308,81.15920205,87.34949739,86.54330521,10.18776403,10.47055655,10.60361466,10.54241497,10.35490095,0.181653449,0.15290014,0.086640561,0.11417576,0.152430555
2016-10-06T19:20:00Z,81.07571425,85.8452642,81.09321432,86.07572747,82.05128123,10.19465277,10.11403406,10.20042842,10.52038545,10.563924,0.165687033,0.229821078,0.163592421,0.146451844,0.16226481
2016-10-06T19:30:00Z,71.20524661,80.13320017,74.12297523,72.18388397,75.590351,9.954302345,10.62298101,10.78744913,10.99816586,10.75671025,0.166483928,0.235748557,0.203763279,0.141766918,0.151445282
2016-10-06T19:40:00Z,85.25273562,80.76948741,82.96756225,74.25546475,83.44901586,10.12085254,10.38552334,10.38758586,10.12435056,10.37222594,0.109671648,0.169125777,0.161499659,0.15493501,0.15941701
2016-10-06T19:50:00Z,74.11747182,73.52945548,73.53085182,72.65361816,80.06509369,8.774597564,9.239015557,9.82091404,10.03277346,10.2623776,0.14257535,0.140081468,0.124162221,0.175687348,0.126721511
2016-10-06T20:00:00Z,74.94606067,71.81252438,78.31057463,70.2816405,69.76282128,10.12666172,10.33454397,10.52187401,10.21103369,11.03784447,0.127229074,0.115277229,0.147173891,0.149276017,0.14539353
2016-10-06T20:10:00Z,75.51649275,72.52030713,71.63834495,80.29740541,75.5488792,10.58329632,10.51088708,11.16847567,11.30953235,11.23836401,0.146739807,0.158086365,0.173686054,0.15617209,0.134709817
2016-10-06T20:20:00Z,76.3812615,83.79746694,79.79405132,82.79768971,79.26211661,11.33840512,11.02137528,11.93386701,11.52386662,11.77144506,0.169368536,0.139421998,0.144826074,0.16992536,0.183364658
2016-10-06T20:30:00Z,78.50556758,82.8340725,72.03072254,76.24672334,78.77049209,11.07662918,10.61960304,10.82967261,11.7921223,11.10045624,0.145233154,0.15438526,0.159824524,0.173311414,0.131399058
2016-10-06T20:40:00Z,75.48197251,78.1440946,79.05802151,73.17096428,77.62347539,10.05702595,10.30728615,10.03930859,10.17245378,10.66212356,0.110793937,0.14067288,0.101976055,0.095753128,0.147892738
2016-10-06T20:50:00Z,75.00879792,80.83830882,78.28495458,79.4309909,83.46668563,9.852596883,10.27165258,10.14338509,11.00145519,10.32014203,0.136983219,0.166182536,0.128312408,0.134104957,0.136111188
2016-10-06T21:00:00Z,76.11970064,74.63086004,86.5090532,78.12191741,77.75729499,10.21318138,9.811890814,10.57766346,11.03200651,11.02279966,0.159333124,0.152400752,0.141156512,0.167987234,0.156770796
2016-10-06T21:10:00Z,32.70408476,34.22358592,36.97593342,32.95924492,35.266876,10.14685311,10.06825261,10.18705986,9.675236245,10.29204165,0.128190587,0.146197299,0.132341239,0.11607066,0.205102716
2016-10-06T21:20:00Z,26.26060186,22.21428245,24.59384271,26.83000193,27.62355261,10.35039504,10.03363203,9.752974385,10.25173808,10.31770437,0.119943035,0.111781472,0.157485665,0.154039827,0.164649684
2016-10-06T21:30:00Z,63.45592318,66.42350562,62.05541207,62.37350609,65.65542458,9.393911223,9.678133229,10.25490662,10.45525865,10.03715438,0.156478011,0.131450399,0.147525045,0.139067031,0.153410547
2016-10-06T21:40:00Z,72.1055745,78.53846184,74.75987349,82.11758669,74.2431536,9.745773691,9.530519625,9.994987117,9.869877105,9.756005107,0.18364164,0.183591715,0.15835561,0.155977417,0.180824875
2016-10-06T21:50:00Z,86.5903111,82.75918877,79.93264409,84.8435573,75.89861851,9.379527383,9.200241864,9.085533449,9.407941193,9.734037961,0.112416131,0.165763575,0.179810239,0.161143449,0.174027158
2016-10-06T22:00:00Z,77.88459263,78.40699958,77.70872414,78.56439151,82.27150866,10.04934758,9.83443587,10.29137901,10.0633506,10.35727548,0.151217451,0.155867114,0.139610644,0.167885011,0.16496247
2016-10-06T22:10:00Z,83.90598151,85.87717558,83.13037286,87.76550908,85.49586835,10.59178632,10.13228018,10.97905067,10.2254331,9.772811222,0.153973824,0.170772899,0.161695344,0.113407017,0.163343088
2016-10-06T22:20:00Z,80.27498443,88.14435001,76.78079864,81.09081163,76.93963932,9.778760928,9.517364173,9.549395203,9.568623994,10.38673807,0.159968604,0.19189043,0.190535003,0.159360728,0.164840746
2016-10-06T22:30:00Z,79.20941281,76.04891898,76.25110202,76.29864055,74.6895636,9.048205045,9.087880061,9.614603356,9.735030563,9.460953261,0.125099633,0.204007164,0.142289909,0.153866001,0.146896071
2016-10-06T22:40:00Z,83.30072767,81.41560426,79.30917174,83.60360899,72.87464498,9.091921369,8.760857349,9.000077524,9.003161838,9.463528691,0.11522198,0.158760889,0.124774475,0.171813494,0.151284534
2016-10-06T22:50:00Z,73.59469805,80.52731258,75.94957595,78.28362892,76.16358162,8.208092927,8.222771292,8.594211918,8.893341028,8.901327864,0.132769393,0.156698178,0.163204989,0.1662207,0.191103938
2016-10-06T23:00:00Z,84.02278328,91.38654738,84.36820434,78.97423294,67.30835409,8.150826756,8.266509285,8.805356364,8.652553721,8.982871395,0.128597158,0.129985218,0.177367294,0.107484363,0.114585641
2016-10-06T23:10:00Z,77.46340279,71.53135717,73.63641754,76.00175169,72.27603691,7.663641704,7.827598416,7.954654596,8.355806545,8.214470587,0.167433757,0.141479865,0.145450217,0.165358194,0.137616384
2016-10-06T23:20:00Z,69.49026916,74.56357949,73.36568987,75.0182319,80.35104695,7.577027189,7.917097117,8.320319344,8.786728283,8.548341803,0.147793998,0.193016806,0.172429193,0.114558685,0.147574937
2016-10-06T23:30:00Z,76.91501977,76.97399389,78.0340417,77.5543987,73.81812936,8.312578907,8.124008865,8.345492959,8.279940415,8.560795707,0.120758709,0.172468522,0.169551158,0.128341137,0.153440763
2016-10-06T23:40:00Z,74.07037089,70.13866443,62.53579485,68.19182222,70.24436501,8.467067784,8.60580972,9.001231506,8.833262256,9.073425569,0.163394932,0.171229058,0.156900833,0.135592923,0.169100563
2016-10-06T23:50:00Z,71.25024935,67.77729573,69.40022325,67.60700296,73.19467501,9.344576881,8.895652519,9.498194939,9.669441639,10.09282061,0.179233775,0.18385736,0.129728154,0.166734942,0.149164799