LOCATION: 
SYSTEM SERIAL: HKZMAST
TIMESTAMP (ISO-8601) UTC,WindDir030m deg,WindDir040m deg,WindDir060m deg,WindDir080m deg,WindDir100m deg,WindSpeed030mh m/s,WindSpeed040mh m/s,WindSpeed060mh m/s,WindSpeed080mh m/s,WindSpeed100mh m/s,TI 030m,TI 040m,TI 060m,TI 080m,TI 100m
2016-10-04T00:00:00Z,79.25779201,77.43159028,75.00462631,81.02120887,73.19092075,9.56353932,9.995001991,10.373137,10.78095641,10.84477965,0.120053448,0.165356831,0.113328738,0.119063908,0.121381336
2016-10-04T00:10:00Z,79.07722673,77.80307278,83.02924167,80.14341206,83.05319486,9.803253557,10.21875148,9.993284196,9.78239735,10.13346648,0.147802265,0.137183506,0.145224795,0.141615074,0.125579339
2016-10-04T00:20:00Z,77.29292624,76.00554361,73.09600714,80.42168782,82.43122868,9.768151979,9.907466583,10.23411492,10.54568576,10.29660364,0.141724663,0.142631267,0.144304688,0.11827425,0.129045993
2016-10-04T00:30:00Z,80.91532911,79.85163681,77.38623266,89.71458939,81.03077756,9.490549097,9.306598502,9.97444756,9.717475133,10.17514203,0.123812581,0.140784718,0.138422139,0.127538083,0.190660544
2016-10-04T00:40:00Z,87.05638071,81.1452316,86.50077292,85.5181833,77.07824009,10.20799975,9.972364064,10.16604288,10.84595765,11.36497963,0.142885341,0.121792061,0.124442344,0.167583575,0.130085288
2016-10-04T00:50:00Z,81.70149038,88.26609369,87.74298068,85.2502144,89.56439051,8.792132949,9.58868789,9.853742223,10.85839458,10.40241081,0.101535508,0.154290869,0.164291296,0.137998523,0.149087412
2016-10-04T01:00:00Z,90.05733479,87.57062199,88.40120687,82.10696694,87.98384059,9.534117739,9.988357691,10.47234352,10.18594494,10.43442118,0.193206368,0.14586931,0.152468456,0.186471332,0.130878379
2016-10-04T01:10:00Z,83.4904225,83.51323663,83.84535022,86.25936741,86.58392033,9.811149436,9.925482808,10.02945175,10.22928946,9.442107341,0.181988507,0.174628326,0.132277309,0.190949735,0.179556083
2016-10-04T01:20:00Z,88.32696003,92.48033586,87.82285436,91.2541779,92.58058191,10.36041349,10.31897524,10.72619958,11.08932827,11.42768812,0.15022402,0.125752636,0.149655371,0.155366217,0.180396678
2016-10-04T01:30:00Z,99.34231663,91.98215621,88.54277701,96.41329592,94.70035204,11.59948178,11.58592998,11.29511362,11.23178808,10.93643733,0.160174797,0.147237995,0.15256475,0.160049508,0.128801048
2016-10-04T01:40:00Z,86.87379812,96.40657208,98.27848435,95.24338453,92.63558636,12.2046599,11.83111437,12.37704958,12.22526297,11.67188934,0.158086039,0.132863635,0.135915115,0.125920589,0.1080366
2016-10-04T01:50:00Z,90.8832557,103.0025898,98.13368384,95.93555518,92.1543094,11.04155373,11.07166221,11.71629277,11.36121148,10.73700839,0.174403622,0.126855731,0.148544725,0.169715077,0.214173598
2016-10-04T02:00:00Z,95.31794988,89.29795933,97.26566979,99.3555575,99.6223886,11.40574915,11.15033251,11.90982301,12.32149318,11.79878568,0.147279114,0.166661128,0.112816793,0.121256255,0.126444098
2016-10-04T02:10:00Z,97.39559185,91.44270314,99.41170638,94.30906901,89.12268352,10.83710859,11.33647658,11.22854623,11.06255983,12.03689034,0.164833573,0.140976175,0.109623754,0.126435595,0.13156206
2016-10-04T02:20:00Z,80.50667664,84.83440849,88.19172932,95.42804895,91.12810228,11.01203949,12.02307054,12.20706779,11.74129976,11.30657916,0.156486712,0.128963591,0.136197136,0.142016371,0.180794074
2016-10-04T02:30:00Z,97.18234842,93.86410519,101.2154065,95.32137643,94.90662536,11.34626354,11.45861083,12.05129718,12.31335827,12.32653302,0.147157325,0.13837904,0.156591003,0.111020276,0.166673608
2016-10-04T02:40:00Z,101.4580463,97.22705285,100.9376778,92.63376059,102.491633,11.92722091,12.10807864,12.61027132,11.95175278,12.0115785,0.13707425,0.13699041,0.118754326,0.110933952,0.136859584
2016-10-04T02:50:00Z,87.66627447,95.85871959,83.11856,97.98681138,100.8597455,11.97543896,11.81629422,12.34485377,12.1119004,11.29938864,0.146070315,0.165481743,0.143198592,0.155676328,0.148590722
2016-10-04T03:00:00Z,88.58699496,92.19021626,94.12373708,97.75003639,88.54111652,11.06958343,11.23837946,11.3181671,11.83104906,11.33813706,0.108654782,0.12891912,0.096881114,0.113423864,0.144067229
2016-10-04T03:10:00Z,91.64342663,96.07872718,90.6905936,90.57684576,82.36151848,11.58388998,11.75064855,11.83773937,11.44607428,11.54125048,0.103499169,0.125091843,0.15245878,0.130269565,0.148046424
2016-10-04T03:20:00Z,96.31337144,99.11784072,92.56755363,91.75356158,93.5549419,10.70610054,11.13730682,11.10131856,11.48899618,11.58156103,0.103633232,0.133796728,0.105760237,0.157313983,0.094838282
2016-10-04T03:30:00Z,90.69716115,90.36361464,91.42219495,89.9602233,89.53797443,10.30978468,10.59013507,11.00315506,10.28616188,10.42485818,0.145425374,0.127017898,0.153172084,0.111866404,0.140945611
2016-10-04T03:40:00Z,89.51687538,94.27489681,94.42422531,93.20251638,96.58464975,11.01764276,11.34877932,11.21943525,11.42708042,11.42153744,0.112005476,0.150551998,0.075261099,0.094754878,0.127425009
2016-10-04T03:50:00Z,98.71352228,98.97866345,104.5688052,84.87038439,98.21862785,11.20479339,10.92929068,10.48848296,11.48442557,11.45468133,0.098877493,0.07843195,0.124655058,0.145397609,0.130647218
2016-10-04T04:00:00Z,91.01656412,97.78864424,88.37827621,95.58284356,93.23216596,10.79749464,10.7644165,10.88165186,10.50423035,10.76927114,0.114120192,0.139960294,0.144983991,0.116199206,0.118608915
2016-10-04T04:10:00Z,103.305515,96.98171582,104.0158819,104.4178068,112.0179367,10.75068723,10.61869944,10.59233569,11.40245753,10.59861565,0.114539919,0.157284608,0.137359669,0.129621382,0.126734469
2016-10-04T04:20:00Z,106.6261302,102.408426,98.20587581,94.97428273,98.40227584,10.68666438,10.5421683,10.40352215,10.43883901,10.52895432,0.129928239,0.14164044,0.137206069,0.129921218,0.102214902
2016-10-04T04:30:00Z,106.5332002,95.70918807,106.4903655,100.0696918,99.95163186,10.94634025,10.7615724,11.11258527,10.771474,11.42923007,0.113492694,0.122886083,0.092708373,0.107206763,0.143008985
2016-10-04T04:40:00Z,94.76759521,93.43449078,92.0268135,92.97491942,95.19144636,10.22883714,10.2175697,10.363864,10.90250969,10.71911117,0.090751747,0.138064712,0.129395357,0.155431337,0.128360734
2016-10-04T04:50:00Z,97.16375829,98.29562723,96.57737095,99.9691938,95.01790912,10.39729558,10.81557918,10.72058157,10.38650782,10.08224143,0.158642316,0.104599986,0.16176589,0.146667462,0.147208405
2016-10-04T05:00:00Z,95.01237497,97.34051579,89.96471486,97.52872922,98.67304246,9.900507214,9.549069653,10.06696331,9.991415,10.03325649,0.128213423,0.13382965,0.158684434,0.144219625,0.132827041
2016-10-04T05:10:00Z,86.26862759,99.7278781,89.22735202,95.50662058,89.13341767,10.78742257,10.99330258,11.16752148,11.28073091,11.42670557,0.130592533,0.137391339,0.141520849,0.096388184,0.116321615
2016-10-04T05:20:00Z,97.73333425,95.88223678,96.18527633,96.43016057,104.4003996,11.09473741,11.1354355,11.18422474,11.84336641,11.58515234,0.128426611,0.144020135,0.158442242,0.150613765,0.154874806
2016-10-04T05:30:00Z,94.72134366,98.02401351,108.8884735,103.1801219,105.6332919,10.37765451,10.70817889,10.92886117,10.90730243,11.28197019,0.135656683,0.145703884,0.133043243,0.160656965,0.121587868
2016-10-04T05:40:00Z,104.1972147,106.77569,105.6496167,99.37571152,100.8091932,10.55245459,10.25561425,10.52509085,10.21251105,11.18941203,0.189088252,0.173135228,0.152464398,0.15433961,0.118032882
2016-10-04T05:50:00Z,105.4977173,93.11489331,93.88909115,95.29385604,96.77945487,10.58470623,10.48965228,11.3934708,10.81174813,11.07883294,0.163385151,0.145465436,0.15347045,0.146086942,0.135437847
2016-10-04T06:00:00Z,97.95385549,92.07606748,101.9352066,97.41285134,96.89239186,10.9529452,11.37678425,11.15252447,11.7016498,11.21377432,0.122501227,0.12171922,0.160676041,0.09657391,0.140241367
2016-10-04T06:10:00Z,93.0458411,95.21856385,91.5755461,98.14613544,93.8409285,11.90906342,12.36695505,12.10947832,11.60404389,10.71752105,0.159936923,0.140782315,0.114109942,0.132757319,0.13671795
2016-10-04T06:20:00Z,96.6669913,100.7842376,88.50323892,89.83023534,94.86032982,11.15861398,11.48267845,10.94494829,11.41581103,11.74998063,0.118810316,0.150197092,0.162446909,0.118027043,0.177125582
2016-10-04T06:30:00Z,98.84591706,101.1749526,103.7909264,100.0151836,98.82072471,11.79999067,12.33884006,11.97602876,12.04540253,11.98129708,0.130990456,0.13221533,0.151883435,0.145709535,0.160643885
2016-10-04T06:40:00Z,109.1113759,100.4347343,102.6684478,103.7094336,100.2270792,11.32879341,11.43316563,12.01217438,11.8120034,12.2444697,0.158849354,0.142045324,0.117895251,0.114545557,0.110664435
2016-10-04T06:50:00Z,108.9359619,106.7105332,108.326241,119.8294736,105.339411,11.37844878,11.64149952,12.0347277,11.44105418,11.65877445,0.192586129,0.163860746,0.10249044,0.121838549,0.116648826
2016-10-04T07:00:00Z,98.99885466,102.6903219,98.67711869,108.9509934,96.31021241,10.88760583,10.92371917,11.53988076,11.28238985,11.01719544,0.161047858,0.178213825,0.174519465,0.152731201,0.173579515
2016-10-04T07:10:00Z,105.4446196,105.9198751,102.0263113,101.4056621,101.9563225,9.681111238,10.02634654,10.29847302,9.818103027,9.829464288,0.162010373,0.148597697,0.166229605,0.116860755,0.139318449
2016-10-04T07:20:00Z,110.3989237,97.1758194,106.076866,104.7182039,108.0471904,9.595460278,9.635673936,10.16012685,9.627019054,9.263126786,0.195695492,0.169750949,0.189996415,0.159801765,0.146612457
2016-10-04T07:30:00Z,108.0553058,104.1143128,105.6531309,106.2239962,100.979413,9.173382983,8.97384061,9.238792358,9.285075586,9.233080037,0.16633261,0.151478909,0.135912391,0.166084288,0.118367475
2016-10-04T07:40:00Z,109.9574712,107.794459,110.3110164,103.8074901,97.4846601,7.969965784,8.990477077,8.477196247,8.98690365,8.900913275,0.176898583,0.203116903,0.117343721,0.152421197,0.145789308
2016-10-04T07:50:00Z,107.7470254,107.4508696,103.3967632,108.2960189,99.7319624,8.237740907,8.440474648,8.33359249,9.261010494,8.993432463,0.147014765,0.173346578,0.166702745,0.158604601,0.139389779
2016-10-04T08:00:00Z,98.62519467,99.95902009,111.8924837,94.3287137,99.02811204,8.40395797,8.271216666,8.908091089,8.398941565,8.791094345,0.149834921,0.135578623,0.150661414,0.102611938,0.197839315
2016-10-04T08:10:00Z,94.27521052,94.0413609,102.1778384,95.51078984,89.35048364,8.453295955,8.710012422,8.880945541,9.178668924,8.96038664,0.193645164,0.170355262,0.217777608,0.21555433,0.158756089
2016-10-04T08:20:00Z,93.89291159,98.09499132,100.386148,92.26814977,95.17150123,8.74826187,8.767855038,8.855584712,8.800520002,9.122683045,0.167421667,0.225491974,0.160304338,0.138740246,0.141987705
2016-10-04T08:30:00Z,94.94335305,104.4553708,96.47227073,106.8523414,104.2880203,9.060943837,8.702899454,9.154059477,8.795281528,8.738652209,0.123609857,0.137562906,0.161943,0.199018985,0.175271528
2016-10-04T08:40:00Z,89.1721678,78.69547658,92.09407638,100.7584914,94.6710497,8.339253771,8.255663254,8.541803269,8.793221273,8.640551341,0.20974752,0.147398114,0.171197552,0.161697107,0.225688108
2016-10-04T08:50:00Z,97.92576199,84.56367303,96.15067777,97.1711828,93.0666872,8.237994508,8.243082981,8.019735164,8.573724351,7.908949529,0.175848469,0.16313698,0.14268116,0.163192079,0.205109871
2016-10-04T09:00:00Z,110.1656642,109.0840722,100.8940831,106.207027,100.5909313,8.51384504,8.730006905,8.833766005,8.960827236,8.982465782,0.140113603,0.130917278,0.14488591,0.125430377,0.170410132
2016-10-04T09:10:00Z,101.6569745,91.66618645,94.99139267,110.316925,96.00976338,7.967656387,8.179397454,8.238958891,8.626536417,8.604169864,0.126218191,0.205745131,0.137664576,0.1790014,0.171370127
2016-10-04T09:20:00Z,103.324019,100.3653449,99.39096703,101.7162234,102.0094832,7.963147781,7.780016054,7.679749647,7.959711689,8.644640444,0.133540518,0.143031932,0.106138432,0.149610033,0.136014665
2016-10-04T09:30:00Z,105.3839744,91.94468511,92.17731676,92.699667,97.81459637,7.876726888,7.735656071,8.232929535,8.309318422,7.912853046,0.115714598,0.142396699,0.16504407,0.184069651,0.183650191
2016-10-04T09:40:00Z,92.30490343,95.71838959,88.91618833,97.76025103,92.34860805,8.455938958,8.814713556,8.786376677,8.70796171,8.78074658,0.173798786,0.113690794,0.137854317,0.120609651,0.138791896
2016-10-04T09:50:00Z,90.49332492,87.94361645,93.29220313,84.05307121,92.02235479,8.895039557,8.140386084,8.288156043,8.133254111,8.699762033,0.101664399,0.118075673,0.136732025,0.139873024,0.121006757
2016-10-04T10:00:00Z,87.00839037,88.09821456,89.69786921,91.76278129,86.98841977,6.798949612,7.491843623,7.358568295,7.541891029,7.325888001,0.141863064,0.094847055,0.094940429,0.130727235,0.173236265
2016-10-04T10:10:00Z,90.56169364,94.78229762,90.07205438,102.742637,92.69337405,6.902886814,6.859537371,6.901905546,7.019198377,7.272283082,0.138873922,0.16510465,0.19154078,0.194801738,0.175829263
2016-10-04T10:20:00Z,88.68862487,87.1664325,91.79950692,89.02818031,93.93997776,6.560746488,6.620151063,6.392785172,6.678556574,6.629977759,0.158438639,0.178656917,0.180494645,0.183097759,0.129589061
2016-10-04T10:30:00Z,92.20798484,96.61940292,90.8973832,88.58531832,87.26017789,6.998881382,6.686146339,7.183596412,7.249378979,7.029691785,0.128504779,0.175571443,0.191885414,0.188799193,0.125234932
2016-10-04T10:40:00Z,78.91659398,79.21049654,84.06990258,95.01882325,86.67198883,6.515429428,6.693870734,7.01751601,7.006192753,7.023124107,0.174207928,0.203969579,0.192403741,0.166173328,0.146074283
2016-10-04T10:50:00Z,85.30766544,88.73915274,81.11540873,84.02223876,74.56678361,5.888142964,6.024429786,6.51457087,6.411641416,6.569826376,0.149982535,0.222404037,0.162286994,0.19048285,0.182865801
2016-10-04T11:00:00Z,87.40306933,89.97635303,92.45680418,83.29291242,86.91751169,6.824101129,6.519256809,6.873570101,7.055753531,7.18026163,0.171039341,0.161588377,0.181686881,0.198003233,0.170993092
2016-10-04T11:10:00Z,94.57258245,87.25116435,107.7422087,98.12610325,92.12368699,7.306294985,6.968598584,7.282538821,7.344823919,7.545564955,0.125223545,0.18252268,0.152434583,0.163627503,0.143800406
2016-10-04T11:20:00Z,85.02591409,99.80648438,85.68247642,88.54353064,82.48466047,7.356015198,8.02934246,7.678051781,7.468813494,7.661883654,0.148741898,0.200345806,0.148615159,0.155472387,0.151658208
2016-10-04T11:30:00Z,85.02836969,99.1751556,96.98901622,97.58212791,98.10481479,7.35212987,7.741541153,7.642642003,8.011043271,7.851809414,0.178988482,0.228007555,0.190160096,0.142021025,0.202782638
2016-10-04T11:40:00Z,95.36875387,101.7529942,94.81099868,92.04862959,94.9470857,7.945343053,7.631602578,7.921593201,8.287726652,8.072051948,0.112536822,0.188111023,0.145305381,0.152849486,0.134740697
2016-10-04T11:50:00Z,96.61240777,90.17303464,88.00961612,100.9132149,93.98065955,7.995142657,7.819343239,8.2481799,7.710502674,7.867751861,0.143062594,0.167097299,0.147347236,0.11940583,0.139070743
2016-10-04T12:00:00Z,85.70340634,92.46829036,87.68702875,89.12788657,83.46542881,6.888451499,7.567802411,7.365673898,7.402514137,7.025243225,0.103516789,0.125623212,0.172094988,0.130537933,0.120918593
2016-10-04T12:10:00Z,94.67991047,99.93219247,93.02290341,99.93577579,91.84495452,7.07745922,7.183855253,7.123745309,7.165784826,7.511023664,0.12265896,0.139027697,0.14204281,0.137185787,0.158333789
2016-10-04T12:20:00Z,84.264753,89.87930459,83.16743187,84.73051013,80.06276227,7.477288349,7.275957255,7.09429702,7.67134826,7.444213021,0.101056926,0.129351055,0.126681493,0.174140612,0.144146361
2016-10-04T12:30:00Z,90.0354048,90.75335752,94.48531974,89.35507654,88.1078568,6.602509256,7.308252543,7.233836244,7.579160363,7.102286412,0.083061131,0.199735989,0.133089901,0.086384627,0.120277419
2016-10-04T12:40:00Z,97.361901,85.61729826,90.45390971,89.40468704,89.97433956,7.82087536,8.379496869,8.157513784,8.119059809,8.272873258,0.138659997,0.151303969,0.208403695,0.156022997,0.114104531
2016-10-04T12:50:00Z,81.66680749,89.05899581,91.36785507,84.40404247,88.21946053,7.984760766,8.020247353,8.137063825,8.358191718,8.395064939,0.140591651,0.152042857,0.111262591,0.154239714,0.158142433
2016-10-04T13:00:00Z,82.26973015,83.76059388,83.15850812,77.48419378,85.13633971,8.060110029,8.460032888,8.482087049,8.567379931,8.346618203,0.120565734,0.11226059,0.116878587,0.125415151,0.153839066
2016-10-04T13:10:00Z,79.04087023,81.19496859,77.66496778,80.38991881,75.37570424,7.690758891,7.68758123,7.811909146,7.650019049,7.951516783,0.146292848,0.158729773,0.161303112,0.138486428,0.209721905
2016-10-04T13:20:00Z,75.86350111,75.2707287,77.79626268,82.06144757,82.2434649,9.328113763,9.052291499,9.499369895,9.287003492,8.764793051,0.157568691,0.126191258,0.101904615,0.117537072,0.151780469
2016-10-04T13:30:00Z,78.03439348,72.31860938,74.79896452,82.62184412,83.92409868,9.204605249,9.915666839,9.105082208,9.305278974,9.337396883,0.186323003,0.12037191,0.112727584,0.119335912,0.121692654
2016-10-04T13:40:00Z,79.46392633,76.45317979,83.98740703,79.44188332,86.2152194,9.079945638,9.654998607,9.499615339,9.438142572,9.585532463,0.157973771,0.144473193,0.158084908,0.147011016,0.157151884
2016-10-04T13:50:00Z,78.63782912,82.50787365,72.89388826,74.67636298,85.67685372,9.249456685,9.565525563,9.73582924,10.01800187,9.633381953,0.134404071,0.154183195,0.173813883,0.139200061,0.163440529
2016-10-04T14:00:00Z,73.38645771,72.51988103,77.35814281,76.15970396,84.71862983,9.542227046,9.568660055,9.511921206,10.30606844,10.02891955,0.1291323,0.185183781,0.108490279,0.145797108,0.207300504
2016-10-04T14:10:00Z,76.38308834,79.88358073,78.34676972,80.73397994,75.19096121,10.06846668,9.841403373,10.03376769,9.705410247,9.816085401,0.149428505,0.156368655,0.113819334,0.08399508,0.12458163
2016-10-04T14:20:00Z,79.39872737,85.82413199,76.87803998,73.56211425,76.69870819,9.678664526,9.922598249,9.830231513,9.819481548,10.24962693,0.13477269,0.134303014,0.128261671,0.145866648,0.130559885
2016-10-04T14:30:00Z,77.633438,74.9824102,81.92782024,79.21530202,76.27220312,9.702289468,9.733657633,10.14577471,9.856927331,10.00298238,0.113125888,0.156225971,0.113924063,0.147233929,0.146431191
2016-10-04T14:40:00Z,79.88509812,76.44913366,73.52311151,75.72775883,73.25073318,11.17055394,10.8860751,11.19238918,11.21458076,11.34712296,0.128327584,0.115606414,0.090596846,0.13502168,0.143024822
2016-10-04T14:50:00Z,72.67244161,76.90406299,73.3356516,75.79774364,75.04565946,10.48668467,11.34581377,11.22993794,11.57028224,11.17175466,0.161682055,0.121915268,0.09108782,0.126925853,0.129765464
2016-10-04T15:00:00Z,77.91803124,75.69296691,74.97282935,76.55850208,72.52703274,11.0390925,11.18980263,11.35109177,11.13536893,10.74447402,0.125937655,0.182934502,0.144687571,0.135395426,0.132796999
2016-10-04T15:10:00Z,84.23963797,72.15452258,81.73203845,84.15809607,74.18176517,11.04186811,11.30083609,11.10838746,11.22053284,11.83110407,0.156929373,0.109003728,0.138998586,0.141008185,0.104654333
2016-10-04T15:20:00Z,80.37484055,73.14956908,76.04778727,76.3665355,70.75908336,10.99150838,11.22258255,11.41670524,11.12651607,11.52726062,0.150944756,0.123514626,0.146351388,0.104403674,0.11294979
2016-10-04T15:30:00Z,81.81391191,79.05100591,79.4580116,81.1881917,80.78211057,11.18432458,11.46540977,11.64381258,12.17335515,12.15075,0.087973754,0.115461226,0.094109992,0.112955303,0.095225008
2016-10-04T15:40:00Z,79.08444044,88.61504226,87.27576791,84.33061932,83.20369375,10.80278921,11.51954652,11.69177593,11.49619191,11.6689945,0.126565311,0.110370963,0.098641958,0.082490239,0.081694691
2016-10-04T15:50:00Z,79.90622223,84.66687521,82.45392404,83.0762412,81.41425263,10.13623692,10.63779674,11.13798289,11.2375617,11.16472654,0.11464336,0.12367361,0.119452895,0.093398924,0.093812461
2016-10-04T16:00:00Z,81.85557881,81.57079979,71.19523827,78.01444496,76.15416869,10.71003787,11.1630654,11.80826048,11.3912295,11.38228442,0.116543053,0.09165933,0.099750183,0.120303258,0.113130047
2016-10-04T16:10:00Z,68.87810436,73.20707274,81.76074182,78.43864547,79.70924214,11.22696487,11.29282321,10.63476286,11.5226315,11.80447861,0.096243495,0.105061284,0.132201049,0.108357008,0.139301842
2016-10-04T16:20:00Z,86.37068332,80.40168389,82.19975787,74.82201654,75.79591845,11.40563891,10.93011477,11.38781412,11.20075621,11.51110189,0.135763536,0.110578107,0.133485455,0.135478114,0.125570612
2016-10-04T16:30:00Z,87.12469666,81.25152638,84.7346221,80.88151172,81.87585816,10.68086022,11.20749138,10.87900994,11.25324889,11.30824521,0.098849169,0.091675477,0.138510439,0.107769615,0.155261572
2016-10-04T16:40:00Z,85.3050872,86.14484383,83.81797208,84.85881176,84.81750088,11.321579,11.70301697,11.77380013,12.10019415,12.28168698,0.121964175,0.08059729,0.109465839,0.122068292,0.11033947
2016-10-04T16:50:00Z,85.3181838,83.59223745,82.53489913,91.92047246,86.64457039,10.9081937,10.73104263,11.48591306,11.07364054,11.02121116,0.124304155,0.133617378,0.126491958,0.147867172,0.112523394
2016-10-04T17:00:00Z,87.55710155,80.36355095,85.62589981,81.3066972,87.45989492,10.86875935,10.86738594,10.87796779,11.39634949,10.96660586,0.106892205,0.12844571,0.111355934,0.120362903,0.132472523
2016-10-04T17:10:00Z,80.46809916,82.61774838,90.17482281,87.88059283,86.87708127,10.57412709,9.815093334,10.47912811,10.89795389,11.35277265,0.106272603,0.145639072,0.121717278,0.128044742,0.133507477
2016-10-04T17:20:00Z,86.65297175,81.76343371,87.66663157,86.18506051,83.46085446,10.02684579,10.52281674,11.11119703,11.04321861,10.77235053,0.144040932,0.130679762,0.121908745,0.121439873,0.112228714
2016-10-04T17:30:00Z,83.70774589,86.67969872,73.49528384,76.30668055,80.97141618,11.60412197,11.45255333,10.90528223,11.38839507,11.67743382,0.104212215,0.116031422,0.137388249,0.136426066,0.112614438
2016-10-04T17:40:00Z,87.08119948,97.22494498,94.57123148,95.1218547,92.02975166,9.984408522,10.78924471,11.22817897,11.10021128,10.93569527,0.105251702,0.125135788,0.135599206,0.139332272,0.16800544
2016-10-04T17:50:00Z,86.29029478,80.91688303,81.43411702,92.8882427,87.66971419,10.25019206,10.44295604,10.12086697,10.61410757,10.71313793,0.17824558,0.123867356,0.120935239,0.147059701,0.143780014
2016-10-04T18:00:00Z,96.73807929,87.41629287,90.75324136,94.79350396,81.70773583,9.879691736,10.45815059,10.76526054,10.55403504,10.17577693,0.125974991,0.133687194,0.145488219,0.095406378,0.101443685
2016-10-04T18:10:00Z,93.5055572,98.63049014,87.06405846,93.38644601,92.0367821,10.46886155,10.28671228,10.77831692,11.233166,10.63936407,0.146567637,0.173969399,0.124580477,0.165371597,0.124542897
2016-10-04T18:20:00Z,90.56689724,84.39581352,87.29913119,90.84309861,92.13976432,11.24262701,10.76131822,10.89782056,10.88486088,11.22189289,0.109584234,0.143791655,0.120537393,0.170977922,0.153175
2016-10-04T18:30:00Z,81.4800983,92.95759768,88.43697972,92.05659291,96.48337214,11.90900362,11.72440676,11.63430255,11.88679067,12.40324501,0.129747323,0.104525119,0.138565896,0.107386899,0.124224093
2016-10-04T18:40:00Z,93.60657817,93.19642294,95.52515796,86.89251853,92.47947028,11.46204205,11.25803386,10.84510026,10.85412918,11.64443344,0.120152261,0.124462554,0.119076453,0.100290134,0.108862546
2016-10-04T18:50:00Z,85.18447568,94.08216969,89.62837167,86.81442804,93.35695278,11.93357795,11.94392044,11.85738176,11.36734999,11.53679494,0.139376587,0.126079583,0.13668913,0.11696781,0.185463479
2016-10-04T19:00:00Z,87.73205603,81.5513449,90.4220845,95.80479735,91.52110474,10.58645158,11.27807283,11.65730506,10.90514174,11.77750975,0.131847474,0.094073496,0.132596278,0.125024533,0.111257886
2016-10-04T19:10:00Z,92.01886892,92.70385505,85.49209109,92.25064074,91.01666666,10.42588483,10.46155032,11.26914595,10.64949899,11.51553645,0.095663366,0.134051145,0.128848683,0.148217467,0.128005578
2016-10-04T19:20:00Z,89.92444127,85.07409809,96.21501257,84.19884938,95.46719629,10.49767569,11.5210384,11.46791563,11.60476797,11.32194111,0.124807225,0.114682763,0.121087311,0.134290765,0.138571785
2016-10-04T19:30:00Z,97.95163152,95.6824052,95.36389465,92.4216445,97.20428013,11.15799616,10.87582648,10.67011926,11.30422142,11.47495406,0.128978676,0.103511905,0.120932953,0.12367617,0.109336829
2016-10-04T19:40:00Z,96.80223991,85.55561498,93.98114638,96.22997902,93.89962477,10.67789751,11.24830508,11.37226045,10.7963483,9.927103304,0.171109606,0.150130204,0.125596202,0.135447091,0.119395776
2016-10-04T19:50:00Z,103.4627985,99.34332202,99.27373361,97.07315247,99.75563116,11.19341833,10.56787759,10.21035673,11.06582803,11.30656019,0.123299669,0.151817072,0.136394043,0.13875358,0.160029583
2016-10-04T20:00:00Z,89.44730506,94.48951765,96.38819338,97.06532875,95.22493479,10.98549884,10.99484729,11.32953615,11.78855344,12.12446136,0.118238745,0.152356779,0.151432456,0.123054393,0.106882972
2016-10-04T20:10:00Z,93.96742581,93.52562114,92.26212751,96.48936434,92.32892941,10.97942808,10.98165886,11.5617477,11.37938984,11.80068288,0.102342758,0.142949822,0.135133125,0.175893992,0.138921735
2016-10-04T20:20:00Z,98.00684027,83.47702332,89.63722054,98.28796743,96.65519414,11.71792046,11.28006841,12.4934894,12.56636107,12.5473238,0.136544096,0.127822774,0.116208055,0.198016971,0.12953882
2016-10-04T20:30:00Z,96.34397013,89.32550572,91.93013113,94.53319228,88.04290082,11.60620554,12.4318755,12.95826108,12.47150237,12.92654967,0.163184219,0.128822705,0.193221709,0.09621986,0.156790326
2016-10-04T20:40:00Z,102.7287278,96.31142974,93.39601938,96.76000583,95.46977566,12.89429578,13.15838586,13.29147683,12.85060862,12.31606183,0.14225595,0.111108144,0.114010206,0.162436124,0.13563298
2016-10-04T20:50:00Z,103.5053522,92.94788217,100.2908395,94.67025615,94.81882115,12.28087538,12.98224233,13.36222708,12.39044964,12.90268518,0.106001123,0.118354695,0.112759844,0.147949029,0.127081114
2016-10-04T21:00:00Z,100.9047676,93.04841584,94.97832725,101.7120414,93.55877877,12.70639659,12.94455927,12.85449836,13.23812724,12.79695941,0.142093694,0.083006696,0.171005484,0.118982522,0.141975997
2016-10-04T21:10:00Z,97.3340276,94.86896675,103.5897006,101.6897766,98.59612435,13.15991407,13.53566046,13.31509572,13.57142988,13.31083853,0.132693863,0.157690497,0.135201336,0.11010847,0.14794809
2016-10-04T21:20:00Z,94.04157761,90.4215375,100.2719735,91.76427329,97.51976366,13.54542074,12.94740664,13.5633269,14.42040681,13.06144145,0.136644652,0.112728007,0.140077765,0.107957611,0.106141989
2016-10-04T21:30:00Z,93.78677708,84.70820301,95.90685678,93.03056749,88.23140551,13.23257332,13.31514308,13.37018384,13.44415041,13.96826001,0.132431044,0.149073372,0.127129536,0.1183541,0.138397813
2016-10-04T21:40:00Z,96.666255,98.9525512,94.09677244,90.59102584,89.71823165,13.91633005,13.11929123,14.33326429,14.39915708,14.77215776,0.102271488,0.128373002,0.129638058,0.09519321,0.135971123
2016-10-04T21:50:00Z,99.1247162,94.69329659,91.04177045,104.3024391,99.543356,13.63872075,13.97390758,14.13441213,14.55344809,13.53312819,0.118549438,0.123828962,0.086589336,0.10857623,0.129222896
2016-10-04T22:00:00Z,98.38365629,93.13460717,99.58241123,94.46404824,89.09257986,13.6098287,13.46523776,14.83597651,14.47921452,14.78232083,0.097017503,0.102528285,0.124549893,0.099988744,0.080691872
2016-10-04T22:10:00Z,91.60540159,81.52280593,93.88428799,97.67795576,96.19470725,13.85121369,13.57685723,14.23994261,13.9474785,14.1821058,0.148846285,0.139604885,0.124982469,0.127932483,0.121375662
2016-10-04T22:20:00Z,86.12209389,95.25609455,100.3901039,94.24008754,92.56369478,13.261155,13.12696494,13.1716476,13.09161615,14.10394269,0.126540378,0.095730032,0.100078943,0.146909619,0.154660271
2016-10-04T22:30:00Z,91.80158735,89.49759845,92.32845978,83.88915997,97.28331847,13.41365841,13.87162662,14.35038537,13.76584287,14.48504589,0.112224689,0.076221527,0.109518075,0.131139374,0.132569087
2016-10-04T22:40:00Z,87.25975607,86.39822274,85.9681421,92.38111872,97.64746474,13.02295729,13.27084651,13.90353413,14.24958974,13.45215167,0.100272317,0.130765107,0.102433695,0.096599257,0.138837366
2016-10-04T22:50:00Z,97.71656844,100.8990573,98.83252788,95.74657696,103.0388095,13.92553049,14.33611743,14.46694294,14.8037802,14.5048735,0.134542257,0.127801744,0.147159725,0.093453928,0.133469029
2016-10-04T23:00:00Z,91.20259146,95.24838766,83.90691588,89.71002547,100.4206406,14.78328818,14.64766286,14.48094406,14.91755039,14.99387654,0.122791706,0.115535433,0.128271393,0.100494428,0.098640779
2016-10-04T23:10:00Z,101.0749795,91.28325667,91.51367677,95.40068009,90.46865223,13.66254148,14.29138632,13.97909341,14.47962882,13.54714929,0.131943236,0.084912778,0.094190331,0.167005417,0.127844043
2016-10-04T23:20:00Z,98.0130169,91.44559939,92.07141409,99.65783875,96.43559296,14.55744096,14.47829668,14.75585425,14.69791615,15.17164526,0.112102473,0.14281037,0.109145511,0.130629813,0.138780396
2016-10-04T23:30:00Z,92.91549493,91.42788097,91.17296389,101.7428809,93.47847361,14.68440703,15.08539335,14.35839642,14.64076737,14.5738076,0.110259836,0.148482918,0.177466522,0.093082053,0.121951376
2016-10-04T23:40:00Z,97.34799562,97.87941144,87.07609583,97.72333502,92.21075531,14.5835621,14.19687916,14.20659844,14.68222444,14.79057355,0.11623349,0.112205603,0.091236002,0.126604303,0.165784525
2016-10-04T23:50:00Z,93.20543247,99.76903616,103.1981265,92.03700213,100.319936,14.30815795,14.43018257,14.71015883,15.85439827,15.27100582,0.126302381,0.114298691,0.116124265,0.159172195,0.116026642