LOCATION: 
SYSTEM SERIAL: HKZMAST
TIMESTAMP (ISO-8601) UTC,WindDir030m deg,WindDir040m deg,WindDir060m deg,WindDir080m deg,WindDir100m deg,WindSpeed030mh m/s,WindSpeed040mh m/s,WindSpeed060mh m/s,WindSpeed080mh m/s,WindSpeed100mh m/s,TI 030m,TI 040m,TI 060m,TI 080m,TI 100m
2016-12-11T00:00:00Z,239.2865165,219.5992179,230.3703159,223.5376109,217.8643697,16.0224927,16.72276053,15.99045972,17.57587991,19.6684955,0.11017611,0.103436537,0.119159265,0.126850677,0.099016739
2016-12-11T00:10:00Z,239.3746959,234.4416498,249.339384,247.1091471,241.5984617,13.97110935,14.44066908,15.01912161,14.62683339,15.34163295,0.127946518,0.127340594,0.126613374,0.167241887,0.208272669
2016-12-11T00:20:00Z,327.7895138,322.5575882,305.9913993,297.7394039,326.2268715,16.27493224,17.43832709,16.58233315,16.37540029,18.07895855,0.206370339,0.311700031,0.246071677,0.233283924,0.223974713
2016-12-11T00:30:00Z,336.2084852,329.0168188,347.0457866,342.8610083,330.2571221,18.46777607,19.695502,20.17294134,19.95363878,21.0947067,0.125291608,0.113173989,0.105190395,0.147152622,0.122047747
2016-12-11T00:40:00Z,352.6184807,349.8524182,353.1014876,354.8405457,314.2945246,19.34282025,19.40412357,19.06968636,19.56774689,20.04465303,0.125074308,0.120921694,0.132574746,0.122650347,0.143276303
2016-12-11T00:50:00Z,364.2280578,344.5913322,359.4364035,349.5258462,339.9540898,15.82156639,15.9975504,16.99818086,17.46204231,17.64701797,0.210886747,0.189556363,0.160995507,0.20286633,0.17795647
2016-12-11T01:00:00Z,363.2964365,347.5818126,346.4835815,331.9051122,319.2375923,14.0787814,14.67252016,14.57413676,16.53774338,16.67881329,0.117883793,0.120443225,0.16500746,0.142817251,0.114137162
2016-12-11T01:10:00Z,348.0121427,349.2790765,347.5781341,326.59966,338.9236212,14.49256497,15.37006773,15.97718247,16.76853171,17.05326306,0.181695549,0.144951935,0.14358595,0.130791335,0.140708899
2016-12-11T01:20:00Z,361.6593519,318.7603578,356.9601619,353.187678,331.1325724,13.09936101,13.49950512,14.00701436,14.44154216,14.43739932,0.151732908,0.116719793,0.198198299,0.147993734,0.099284492
2016-12-11T01:30:00Z,321.0100235,318.2252636,321.6339283,346.3879322,325.4392747,12.6191699,13.65502556,13.42409823,13.92602454,14.07904891,0.172814335,0.173094712,0.169410907,0.159959729,0.171049829
2016-12-11T01:40:00Z,325.6368856,342.8667374,321.945631,323.9738826,319.8415289,13.50573689,13.79801676,14.32990698,15.2765974,14.84346248,0.154134851,0.12898637,0.157033137,0.182135038,0.167566089
2016-12-11T01:50:00Z,333.3155798,328.5928475,346.8880723,329.0426726,311.1237665,15.20875285,14.4758495,16.7210812,16.45291183,16.47193447,0.125169455,0.098500716,0.090749311,0.183847297,0.107891752
2016-12-11T02:00:00Z,322.7487428,342.8330465,314.2598667,338.1639402,328.4353082,13.99633587,14.55037337,15.51459185,15.35089624,15.06900013,0.173785201,0.12397883,0.121842678,0.159417403,0.171670982
2016-12-11T02:10:00Z,313.7826286,308.9868994,347.375732,320.5988758,362.4178863,14.79038027,15.53793162,15.85583218,16.97813207,17.03432103,0.161231372,0.111349829,0.123643185,0.12831459,0.118155154
2016-12-11T02:20:00Z,323.6584035,321.3790391,321.0523679,321.5744154,332.1889047,13.4720237,13.77866376,13.67802583,13.48340996,13.49124561,0.178426026,0.186678362,0.204082456,0.189133693,0.138161369
2016-12-11T02:30:00Z,356.8147005,334.7449875,361.5922769,350.024365,302.5320803,13.06708819,13.29252633,13.33965961,12.84995543,13.68237021,0.126715592,0.154454925,0.129985971,0.153267103,0.139001247
2016-12-11T02:40:00Z,305.5710397,308.4408233,344.6650665,324.6931166,300.0822317,12.69303891,12.77594182,13.10767834,13.3438736,14.31249585,0.143505047,0.178031145,0.150485769,0.133837097,0.130499636
2016-12-11T02:50:00Z,316.1280346,317.8414138,319.2551012,322.0117526,361.3272888,12.04795722,12.48442868,12.48080403,12.96287885,13.03157079,0.103188706,0.130984153,0.107608848,0.133602139,0.158793901
2016-12-11T03:00:00Z,307.9521033,321.5041343,297.5782264,325.9062215,360.2206918,11.04262793,11.35084278,11.84948566,11.79302083,11.66196846,0.11593479,0.166082498,0.124754668,0.132010005,0.133716129
2016-12-11T03:10:00Z,335.0248251,313.8302682,309.8499348,304.7999084,328.3784304,11.41268272,11.01542061,11.42877719,12.07344966,12.46218607,0.117950567,0.115474058,0.156808138,0.097300548,0.098189152
2016-12-11T03:20:00Z,319.8152346,318.4595688,313.6515199,321.9660361,308.8228368,10.902957,10.80000407,11.67519699,12.13972798,12.26166163,0.12661638,0.104096714,0.112338948,0.133304574,0.101140954
2016-12-11T03:30:00Z,323.7897383,312.1523342,300.3321883,333.2162748,319.5069208,11.23979374,11.18494668,11.77672273,12.1185135,12.1547777,0.13602763,0.109163349,0.166999898,0.171326832,0.138558502
2016-12-11T03:40:00Z,303.6438418,311.22693,310.3118638,302.3768241,317.0974249,10.87747669,11.53465159,12.1455354,11.65302393,11.10066739,0.167175895,0.147286623,0.115760115,0.167595506,0.137093366
2016-12-11T03:50:00Z,296.6300672,289.9680135,289.6945173,283.4879057,298.1515139,10.79828652,10.96038552,11.15091176,11.59713134,11.81079607,0.108558663,0.08899525,0.15588311,0.108570964,0.105114375
2016-12-11T04:00:00Z,295.1001132,301.3566369,291.159897,315.4263576,299.3393904,10.09558487,10.18437189,10.63230576,11.08970787,11.10127698,0.145544105,0.148619068,0.115483176,0.126499955,0.126680275
2016-12-11T04:10:00Z,283.5989067,291.97661,305.9701496,302.9010457,291.6925541,9.434847901,9.628595735,10.19085526,10.50026463,10.62777006,0.156844214,0.14965632,0.143614872,0.121336322,0.199623559
2016-12-11T04:20:00Z,309.6440681,308.3847383,301.4051642,293.0289374,283.2012978,10.54911687,11.29206512,10.91789787,11.84793404,12.73455014,0.158725953,0.176581525,0.188957208,0.111672752,0.149176461
2016-12-11T04:30:00Z,299.9393165,286.6505409,296.9730318,301.4497176,301.9377127,13.49202102,13.75933051,13.72635359,13.83097022,13.90015205,0.150730114,0.121596305,0.156305424,0.135470335,0.120586762
2016-12-11T04:40:00Z,299.5105063,305.7679669,285.673341,295.8789161,307.8970429,14.38490519,14.44411431,14.73202788,16.2210509,15.43806861,0.144426503,0.156913014,0.121801466,0.095010844,0.127374476
2016-12-11T04:50:00Z,296.7946045,284.3211741,316.7796528,293.0068658,307.1677145,13.65314813,14.58473026,15.00306962,15.09776741,14.86543097,0.153184476,0.134631036,0.128143549,0.156501201,0.135187936
2016-12-11T05:00:00Z,290.8257503,297.725385,280.1801635,307.3485981,296.9110055,13.0324777,14.12173773,14.12083699,14.94207281,15.56565435,0.104290438,0.157605988,0.171988656,0.128815187,0.115060435
2016-12-11T05:10:00Z,321.6407048,288.4524932,300.959428,300.117068,309.411971,11.98382873,12.50802393,13.45812147,13.3335328,13.47146723,0.115804175,0.131197436,0.106326849,0.101845842,0.169168778
2016-12-11T05:20:00Z,294.3736574,290.3483982,289.6112545,304.2320439,309.0785146,10.93178477,11.53357249,12.0881675,12.65904561,13.22116503,0.122256444,0.140870946,0.11329884,0.137641348,0.149554471
2016-12-11T05:30:00Z,315.7422032,299.7069875,314.6731276,303.8124704,301.5069317,12.35054126,12.21660454,12.25942736,13.31944251,13.11342284,0.11716269,0.137403755,0.128398539,0.148844264,0.12009813
2016-12-11T05:40:00Z,277.495946,289.900972,290.1840026,294.8473885,301.0172678,10.86463571,10.86980971,11.23118361,12.00168687,12.13746408,0.121486493,0.135723626,0.130288324,0.144341283,0.130791942
2016-12-11T05:50:00Z,316.6948619,295.792429,314.2873107,298.19864,312.1287917,10.97571525,11.24407939,11.79273043,11.62479846,11.57967401,0.160053262,0.154484164,0.088135002,0.10718652,0.1054186
2016-12-11T06:00:00Z,294.2077376,284.2322191,283.9588229,291.7561402,262.4314401,10.74272579,11.52293241,11.23333502,11.02178168,11.67897232,0.097386992,0.172819176,0.19038936,0.141869979,0.099475767
2016-12-11T06:10:00Z,296.7154649,318.7402795,314.9593277,296.0548831,291.0273657,10.26385865,10.42063584,11.50825712,11.59224229,11.9073689,0.171680819,0.15504451,0.098177138,0.114428979,0.104006574
2016-12-11T06:20:00Z,311.1889236,300.6489675,303.5886589,283.132519,296.9816585,10.92628081,10.84834205,11.50393991,11.8928721,11.62617146,0.137813403,0.162043687,0.139120157,0.161925906,0.2153706
2016-12-11T06:30:00Z,305.2166818,303.4853349,313.0237465,325.8219677,292.5691329,11.53025158,12.02985888,12.33985277,12.81624289,12.42915281,0.103610645,0.139146157,0.143872913,0.119770813,0.100980829
2016-12-11T06:40:00Z,286.0422006,309.1967928,305.0423647,301.9930934,313.8817854,11.74378748,13.13653815,13.1483582,12.9051466,12.81939207,0.121330127,0.115234942,0.096111147,0.123564265,0.132805256
2016-12-11T06:50:00Z,329.5548177,328.5836719,277.6743705,291.2371516,332.0692756,10.91111576,11.14968389,11.31303641,11.72544059,12.11300004,0.115384393,0.14988143,0.131566572,0.143053877,0.110361284
2016-12-11T07:00:00Z,312.9051734,293.8748352,302.4182506,296.6609752,313.0449921,10.80154074,10.96634292,11.67717171,11.93039926,12.74141721,0.172057139,0.152603021,0.141378874,0.185766569,0.127655488
2016-12-11T07:10:00Z,310.7165851,286.0713585,310.899818,299.0785206,294.6000941,12.18832881,11.92197469,12.67157623,12.72347323,13.35922596,0.143650004,0.144592642,0.141871378,0.128500706,0.114623505
2016-12-11T07:20:00Z,287.8673357,291.3602595,279.7504068,305.3450587,298.79486,12.02498079,12.28317878,12.74915441,13.72911796,14.76562549,0.13546048,0.142117299,0.131392223,0.139218596,0.128995344
2016-12-11T07:30:00Z,298.199249,285.7582639,301.758312,305.2400749,294.0811267,11.67470939,12.19447805,13.3742634,12.9512037,13.01038089,0.119312641,0.131412158,0.11803197,0.126933071,0.124583467
2016-12-11T07:40:00Z,297.5803811,287.9924122,294.2023373,318.9613417,308.233203,12.53207468,12.63634005,13.10042578,13.12258919,13.94739903,0.127451554,0.170947407,0.141722198,0.088747411,0.120108758
2016-12-11T07:50:00Z,287.615372,311.6736825,300.7529801,275.4956305,300.8887767,12.63620706,13.30653999,12.92159631,13.68901961,13.36129941,0.136847768,0.136712961,0.117473614,0.133785355,0.110905605
2016-12-11T08:00:00Z,316.7552879,315.4904989,291.1737899,300.6309228,291.7109263,12.24482531,12.73314032,12.47890073,13.30741662,13.53840108,0.141133617,0.083576909,0.140897696,0.149453086,0.119951469
2016-12-11T08:10:00Z,297.0512107,303.2070014,299.2856616,300.7837381,298.5216585,12.89145071,12.47031635,13.09451646,12.88687178,13.47239344,0.117429166,0.110995431,0.090667805,0.132002964,0.168962551
2016-12-11T08:20:00Z,286.3464977,305.8853171,289.4615418,307.2540295,295.3159079,12.79451609,13.82193529,14.09735072,13.6632176,13.97644297,0.12151158,0.108057025,0.151068628,0.122228805,0.125823278
2016-12-11T08:30:00Z,313.5655275,324.1708964,298.0358127,312.9172677,293.597287,11.70120263,12.64863217,12.69073669,14.06013935,13.72034087,0.137078177,0.126298226,0.126467689,0.139385025,0.116023097
2016-12-11T08:40:00Z,307.5720532,302.6239218,303.5558182,293.2952626,308.0200862,12.61514733,12.81922843,13.40882144,14.22961786,13.82945405,0.139884916,0.13201103,0.136799561,0.150371737,0.116032836
2016-12-11T08:50:00Z,297.6266502,317.7044004,290.3830466,300.7182617,309.0151459,11.95139439,12.54540687,12.82361494,12.88178563,13.34544802,0.132600034,0.12492352,0.128665197,0.116139269,0.140361553
2016-12-11T09:00:00Z,307.8281925,315.3450095,285.7497396,316.3360395,301.8733914,10.99813935,11.15964535,12.33732719,12.88138861,12.98717568,0.152447365,0.171355608,0.152447782,0.122284909,0.136621901
2016-12-11T09:10:00Z,291.8044841,283.5738393,308.9113477,283.3924247,294.4264188,11.51288097,11.83868914,12.70025002,11.95850921,12.8194298,0.117871181,0.126481529,0.139962268,0.127084292,0.162213589
2016-12-11T09:20:00Z,294.6996723,302.4965719,301.1559593,289.5200549,316.2099839,11.11734708,11.10369657,11.24831503,11.95004461,12.49580946,0.141652212,0.117015612,0.113663531,0.11214094,0.158783191
2016-12-11T09:30:00Z,289.507453,284.0246405,300.797177,296.7807546,297.613302,12.92520599,13.17798999,12.91970949,13.32361253,13.84445072,0.103517776,0.139270578,0.133693916,0.117154238,0.123071545
2016-12-11T09:40:00Z,279.2300667,303.6505696,293.2767343,313.192046,302.1541378,12.47207688,12.50246904,12.80430437,12.83022015,13.17822613,0.141976643,0.131260448,0.149369139,0.085405037,0.126340018
2016-12-11T09:50:00Z,290.2018649,299.8071777,292.2702991,282.3490914,295.5781289,11.75273113,11.5818805,12.66016386,12.6863858,11.95307252,0.118102513,0.173484594,0.133498943,0.159477022,0.133597846
2016-12-11T10:00:00Z,274.0770622,304.4695458,286.6744489,307.6812759,292.2718338,11.48684849,11.81015991,12.01720321,12.07136901,12.11827575,0.156996828,0.120935957,0.134793563,0.112504298,0.130836874
2016-12-11T10:10:00Z,290.5255414,290.7988924,301.316346,286.0548269,285.5539795,10.8373027,11.00116568,11.459866,11.67433004,12.23477036,0.16724593,0.166197052,0.166340561,0.127238294,0.134173677
2016-12-11T10:20:00Z,298.7960223,291.1504689,284.4446639,290.212248,291.3082659,12.54131058,12.3641431,12.67335228,11.8459862,12.96143232,0.144531664,0.176129457,0.119469895,0.099195688,0.133418475
2016-12-11T10:30:00Z,293.1332029,281.3021036,283.239243,284.1465334,271.0345327,11.73506791,11.68061447,11.35964725,12.74133245,12.68725886,0.130708575,0.120216059,0.151553505,0.136433496,0.148531317
2016-12-11T10:40:00Z,269.559979,298.1536119,293.5898847,281.0714239,294.5407354,11.44733952,12.01674511,12.47567156,13.54891872,13.54860907,0.111692257,0.13136592,0.117096477,0.11097993,0.137413251
2016-12-11T10:50:00Z,274.8510636,292.3042834,288.8681974,281.5913814,278.4735023,11.30970431,11.74136905,12.0523894,12.17148763,13.04111348,0.156772156,0.158267929,0.10788523,0.125937914,0.133804737
2016-12-11T11:00:00Z,268.9585137,275.9014228,304.7447709,307.0478643,295.1153435,12.72115331,12.66289732,13.13700306,13.70356414,13.7099563,0.13132066,0.134276643,0.093364412,0.121991809,0.124119587
2016-12-11T11:10:00Z,277.4602265,281.6110002,289.7951967,280.9397018,279.6156185,11.40471462,11.72475478,12.15870356,12.86990799,12.42572741,0.113140145,0.121726458,0.109556544,0.122394014,0.096074419
2016-12-11T11:20:00Z,286.3750129,294.6656579,285.0841967,275.3391913,276.4196962,12.34151991,12.63286782,12.68907595,12.8211143,12.83248403,0.154668558,0.101993498,0.101683916,0.129977474,0.126185833
2016-12-11T11:30:00Z,260.0796269,283.9795356,250.918984,273.0433258,257.7076962,11.30357775,11.46571064,11.44099907,12.85001786,13.46203518,0.149864809,0.111084393,0.116643912,0.145563394,0.091074557
2016-12-11T11:40:00Z,277.3245174,287.5628318,282.586757,303.5152334,285.099186,11.59242736,11.15571683,12.16481814,12.1096417,12.02542623,0.094714244,0.127711014,0.158059917,0.152169258,0.123445707
2016-12-11T11:50:00Z,286.8693522,291.3464066,279.9183554,276.4753208,284.9811153,11.30813607,11.5377085,11.62869995,11.54869247,12.11422791,0.134058333,0.128496438,0.158517541,0.11885009,0.110118712
2016-12-11T12:00:00Z,257.2689968,275.711269,259.5295788,272.6946448,287.2587943,11.50532854,11.93069,11.85172531,12.00454853,11.86325737,0.09880998,0.170499041,0.129467554,0.143641186,0.114566815
2016-12-11T12:10:00Z,278.2720394,272.825185,257.2192354,288.433067,299.0416411,11.56401129,11.54388764,11.60398675,12.12905942,12.42489831,0.109633741,0.089715236,0.140631707,0.112307041,0.146935943
2016-12-11T12:20:00Z,301.8540672,303.3866187,294.7309807,281.3601334,289.8973942,11.11809781,11.4924189,11.55500389,11.42497086,12.11650866,0.125590641,0.130234181,0.112253218,0.152900176,0.097430206
2016-12-11T12:30:00Z,278.7768012,277.656633,272.5146842,274.2894908,275.0582154,11.06868978,11.2233849,12.26940308,12.31653876,11.80208173,0.142943112,0.129630635,0.140697797,0.099647969,0.139530907
2016-12-11T12:40:00Z,281.352904,268.6783995,268.8425858,267.2887482,283.1844085,10.74017969,11.82321634,12.01954808,12.0973025,12.17720824,0.105143222,0.138157864,0.116634064,0.101239523,0.129276651
2016-12-11T12:50:00Z,283.8375768,261.3397562,272.2550571,255.7629977,276.7434105,10.45636991,10.36185856,10.84758673,11.55510038,12.03178293,0.150855689,0.143110245,0.128660027,0.099604614,0.112954669
2016-12-11T13:00:00Z,277.8628876,269.5945948,281.0368128,288.1017771,289.1307763,10.2581044,10.3107547,11.3268464,10.80486313,10.80066856,0.143167448,0.130693179,0.143596238,0.113229129,0.156366998
2016-12-11T13:10:00Z,296.1479205,268.0473562,260.4410255,250.6704195,294.8103853,11.20819424,11.30731404,11.47667694,10.98897138,11.08070806,0.110342953,0.11429122,0.138445115,0.104637554,0.144758407
2016-12-11T13:20:00Z,273.0789987,278.2940294,280.2402013,281.1688185,278.9723584,10.34611761,10.8763757,10.88353439,11.39282459,11.14339457,0.130814473,0.136951475,0.121816592,0.159646064,0.118318355
2016-12-11T13:30:00Z,301.1821481,280.829394,266.3954109,292.3054298,278.7787028,11.20983936,10.53290304,11.16606142,11.61174081,11.70273832,0.107595984,0.141358224,0.127793732,0.116363572,0.125216401
2016-12-11T13:40:00Z,272.216547,287.9409564,289.3215757,279.4379088,290.2271955,11.95559513,11.84641204,12.08165857,12.28710044,12.4445098,0.139815342,0.140240003,0.153998492,0.105428178,0.164695121
2016-12-11T13:50:00Z,276.3261995,285.5928738,278.7805028,286.97355,264.5917157,11.09714005,11.10626643,11.91097763,11.86847057,12.05205662,0.145946593,0.102858647,0.099997319,0.171482121,0.156179223
2016-12-11T14:00:00Z,293.395977,300.8032575,278.0846228,276.5157199,289.5268852,11.02335403,10.84736563,11.65380627,12.06547244,12.09043047,0.151972323,0.101617209,0.118190689,0.136072194,0.120850079
2016-12-11T14:10:00Z,286.268564,280.5631508,300.5008525,312.6467097,290.6703788,11.85029807,12.39651737,12.76596242,12.23792941,12.96697907,0.174873759,0.11098581,0.112688684,0.088136343,0.106287365
2016-12-11T14:20:00Z,290.4276163,286.6614456,276.4028336,297.1903109,309.4059023,12.07625858,11.86977827,12.60453228,13.14701278,13.25396912,0.109373971,0.119271512,0.120610465,0.122132444,0.113795052
2016-12-11T14:30:00Z,271.013667,301.5502851,294.4984321,257.822888,278.3837715,10.89801681,11.12754951,11.83339889,11.60827464,12.17310006,0.165383295,0.117288589,0.136413691,0.138648528,0.133269446
2016-12-11T14:40:00Z,273.6814524,272.4040884,304.2548464,265.6609973,294.5737113,11.42281772,11.62714038,11.52125684,12.14447457,12.55226994,0.136582622,0.137856907,0.115894542,0.141829257,0.120855732
2016-12-11T14:50:00Z,296.9830157,281.5191894,296.8474204,281.0312433,318.9903008,10.89836712,10.52722216,10.76674258,10.95851931,11.34070604,0.14126948,0.10699261,0.136620331,0.142484634,0.160129632
2016-12-11T15:00:00Z,282.055414,276.0790835,307.8060535,295.7140591,281.5731665,9.828693814,10.29482469,10.40937159,10.73068023,10.58783615,0.089399344,0.110679024,0.15827367,0.134083263,0.125815827
2016-12-11T15:10:00Z,288.527425,311.5467479,295.5133867,290.4858733,285.996423,10.88814276,10.88438434,11.30428349,11.68284323,12.26716536,0.169770145,0.144815885,0.148119395,0.1449869,0.138724034
2016-12-11T15:20:00Z,295.7122283,256.4752075,274.130558,289.9288005,288.1631934,10.14236512,10.74009364,10.63663902,10.9998029,11.16059093,0.1000423,0.118142515,0.125830293,0.118763771,0.116639923
2016-12-11T15:30:00Z,282.8244571,277.9702245,273.1214247,280.3622378,292.8424783,10.23781863,11.17549314,11.18015612,11.58842794,11.5773975,0.100178827,0.141211279,0.120336748,0.128991336,0.161667063
2016-12-11T15:40:00Z,268.3914793,275.6333618,287.0162454,282.5430914,286.7756924,10.39758874,11.38166779,11.18018489,12.07860314,11.68732041,0.09395179,0.117311018,0.144694057,0.153040341,0.195527258
2016-12-11T15:50:00Z,267.0098098,288.0827838,267.4038108,288.9840752,283.7273296,11.20995618,11.65418507,12.04970748,12.19114552,12.18833369,0.173463408,0.133751188,0.140971289,0.115578861,0.157341689
2016-12-11T16:00:00Z,273.9248375,290.3627078,293.1319742,271.3870057,299.0698122,11.39465744,11.30851574,12.0060145,12.35165795,11.69963231,0.143288608,0.151518325,0.131947475,0.128844459,0.138790328
2016-12-11T16:10:00Z,273.5968101,292.4352697,283.0417221,268.2681091,297.7416554,11.29919712,11.57789412,12.20935371,12.55776251,13.42532089,0.154020738,0.133233692,0.145952528,0.113436109,0.128297931
2016-12-11T16:20:00Z,305.060682,283.7559156,295.5711701,295.6139218,289.1712946,11.39566424,11.42453413,11.90954523,11.95276036,13.12533217,0.152280581,0.079627168,0.118271144,0.094390792,0.100827249
2016-12-11T16:30:00Z,309.6729325,310.9515066,298.608827,292.8145847,295.9247103,11.44911717,11.74362223,12.09670159,12.60295548,12.83575443,0.183744487,0.13210048,0.111254402,0.136942882,0.132149384
2016-12-11T16:40:00Z,271.641005,304.3142739,308.1793425,319.7258062,303.9439958,11.40124166,11.79638471,11.86946547,12.60384463,12.84775327,0.114464737,0.151837289,0.136130256,0.100958187,0.118656068
2016-12-11T16:50:00Z,282.2822118,295.1410079,288.1830078,283.4932221,293.839253,11.27727807,10.93351837,12.01962222,12.24236729,12.4105263,0.152115635,0.094236391,0.103967339,0.160197248,0.149164391
2016-12-11T17:00:00Z,314.4906981,303.9211374,304.245127,277.4980868,311.0221903,11.08216078,10.76488353,11.31245919,11.8339275,12.43877919,0.125851211,0.160846769,0.122855443,0.123475952,0.137569683
2016-12-11T17:10:00Z,311.0649989,316.5582649,279.9994498,301.5918001,298.4913333,10.79349447,11.91020801,11.96955736,12.0939813,12.81281674,0.113084219,0.116342804,0.105154727,0.151313384,0.180322314
2016-12-11T17:20:00Z,326.3380574,286.6327668,300.7095848,303.8557706,319.1571345,10.9064904,11.52798992,12.71330518,13.13714545,12.96411199,0.176524897,0.128255705,0.11336466,0.128501784,0.126611921
2016-12-11T17:30:00Z,297.6472545,293.1008758,306.5513652,320.0110383,299.9676671,10.82280971,11.99492066,11.95378797,12.67419635,12.4768146,0.123233692,0.128644536,0.131123504,0.119977309,0.07411969
2016-12-11T17:40:00Z,308.0739833,304.9405995,295.353364,320.7818321,323.2245572,11.5163362,12.15085553,11.91274612,12.01972088,12.61191595,0.128763818,0.134312745,0.108726088,0.096924218,0.10615799
2016-12-11T17:50:00Z,305.8811918,274.7900576,308.5155094,298.3578632,288.5272584,11.50594832,11.29225866,11.64548235,12.34110066,12.76023578,0.115890255,0.135928863,0.131726938,0.108062966,0.122675599
2016-12-11T18:00:00Z,319.823732,314.04787,297.2195906,298.5607568,297.2765721,11.68836821,11.42702454,11.70546648,12.84244439,13.33788261,0.160161219,0.090868492,0.13304458,0.157743598,0.115421456
2016-12-11T18:10:00Z,287.8851274,296.3644125,331.7899731,316.5463957,304.8147909,11.7628966,11.66895747,12.52284501,12.61971143,12.86724571,0.108529355,0.122477198,0.131805463,0.146287375,0.094986816
2016-12-11T18:20:00Z,312.1599562,302.6664257,303.5184704,291.1150963,291.2383762,11.54872473,11.38464453,12.48009656,12.89055044,13.18987679,0.135012585,0.113517517,0.089614596,0.092764601,0.11695
2016-12-11T18:30:00Z,295.3326932,309.1615126,296.2831308,299.9353115,310.1840092,11.83405171,12.06281459,12.79781915,13.34624448,12.67982969,0.115200052,0.168463957,0.160529952,0.103204675,0.147986358
2016-12-11T18:40:00Z,332.4521801,301.1308742,305.2518216,309.9303532,301.6521806,11.09818586,11.4488506,11.3331738,12.25995712,13.14081017,0.108016855,0.136548928,0.134372046,0.119818943,0.11360665
2016-12-11T18:50:00Z,304.699209,289.1110377,319.3739592,303.7713595,303.2997198,11.26892839,11.60481685,11.4823831,11.75633467,12.5650604,0.105996492,0.141984234,0.122380019,0.099889169,0.07670028
2016-12-11T19:00:00Z,293.906799,317.8267527,289.7234899,310.8283478,299.0904749,11.34441735,11.80437357,11.92522178,11.93038453,11.97877303,0.08729519,0.129260461,0.122870376,0.135050302,0.132718108
2016-12-11T19:10:00Z,290.0496998,302.8142009,286.3710296,306.2882007,298.4648298,10.71248491,10.95486208,11.09617258,11.58898832,11.39607063,0.11490946,0.135465239,0.137295163,0.121502162,0.147791787
2016-12-11T19:20:00Z,289.9097249,286.3479263,312.1441065,282.8790262,282.5095195,10.75585734,10.89114324,10.92963058,11.10383452,12.13383612,0.13966425,0.104280594,0.121052098,0.134810844,0.114241061
2016-12-11T19:30:00Z,312.1393718,308.4246124,313.3104698,324.6524703,308.8910892,10.43732481,10.63856608,10.6298563,11.12228174,11.30529244,0.144069188,0.131113027,0.092122137,0.134721747,0.103902597
2016-12-11T19:40:00Z,317.0746957,287.9911044,296.8176576,332.3985789,299.1379268,9.648105511,10.05870212,10.13735241,10.68057747,11.23568718,0.128880208,0.104963594,0.120269983,0.113269018,0.098513183
2016-12-11T19:50:00Z,316.0009248,308.4460992,303.8897544,272.2876993,311.8435426,10.19596661,10.40858012,10.33143603,10.8480995,10.80735577,0.175217903,0.173439972,0.156427948,0.132538427,0.147852288
2016-12-11T20:00:00Z,290.3908316,308.732034,304.9969522,298.9555651,309.0570644,9.883470913,9.747111771,11.04540715,11.06538715,11.14515606,0.098229164,0.140860685,0.132299894,0.103722594,0.123043623
2016-12-11T20:10:00Z,316.0726948,287.9209809,311.5630778,294.6610565,305.6457418,10.08282445,9.76347388,10.45845488,10.70102401,11.05473263,0.18278912,0.147359545,0.140583269,0.10686317,0.122584254
2016-12-11T20:20:00Z,313.6685954,303.2149623,298.8904183,279.3581783,315.3848508,8.824508403,8.749470105,9.416581144,9.780412728,10.31143098,0.113778676,0.099453543,0.115292549,0.119562936,0.082232305
2016-12-11T20:30:00Z,300.4951163,318.8232266,333.9274255,332.8971901,293.3168021,8.932691179,8.778321248,9.84155925,9.553147153,10.48600372,0.137741471,0.137011513,0.165521443,0.183471892,0.129001349
2016-12-11T20:40:00Z,321.5731549,317.0674564,328.9724126,315.4042196,322.5555465,8.86908082,9.767670302,10.18305418,9.767524635,10.64615942,0.136788344,0.113992881,0.081229732,0.148783377,0.108883134
2016-12-11T20:50:00Z,315.8959559,323.5063498,328.9913917,344.1806064,331.6223111,8.829795656,9.137297686,9.695743156,9.95051,10.19874659,0.12907835,0.127775966,0.129014259,0.110321644,0.125032065
2016-12-11T21:00:00Z,314.0242035,335.9650698,311.3649332,314.9062701,313.5369256,8.194943494,9.355587732,9.482788437,9.647898399,9.732682544,0.101511587,0.103161482,0.114069881,0.122950376,0.159636912
2016-12-11T21:10:00Z,315.9607514,329.8503189,294.5445756,288.7988386,326.3612421,8.008512558,8.37291984,8.95694972,8.941294243,9.479340943,0.10344477,0.143928391,0.12962439,0.108018229,0.090954095
2016-12-11T21:20:00Z,305.5060401,305.938241,320.6115607,313.0566604,328.6590682,8.199415154,8.543897708,8.739297333,9.419386154,9.526561951,0.148135888,0.131460833,0.119966979,0.130725496,0.104813062
2016-12-11T21:30:00Z,285.8885734,313.6749508,321.8976198,304.2336206,299.1061071,8.377378741,8.892693144,9.381315153,9.528401929,9.402321905,0.163168205,0.107146774,0.115609245,0.145903038,0.111419192
2016-12-11T21:40:00Z,305.3072197,315.1247314,329.126511,307.2327456,309.2901122,8.102144851,7.647837891,8.446974073,8.987941859,9.352329885,0.102695671,0.180551889,0.136529162,0.136585578,0.130735174
2016-12-11T21:50:00Z,310.6130589,319.6923519,292.9275995,310.9180141,304.5882518,8.257155558,8.671535926,9.178903867,9.23928504,9.576151926,0.124288786,0.119548927,0.154042474,0.148676482,0.113503505
2016-12-11T22:00:00Z,323.0782494,294.4735753,308.1519419,289.3955669,324.5943823,8.454761301,8.668286336,9.293274654,9.751435555,10.21115077,0.108868816,0.106460966,0.116436275,0.102555612,0.092177273
2016-12-11T22:10:00Z,295.6203979,297.5530328,274.0554982,297.5491923,321.7874129,8.821311858,9.233971476,9.471528496,9.881255137,9.815938092,0.112171822,0.111006694,0.126671433,0.113702749,0.108865927
2016-12-11T22:20:00Z,302.3271212,321.7587572,305.4769034,299.5319952,296.5474505,9.137152196,9.891442696,9.269867634,10.39686937,10.69934704,0.119681204,0.126363891,0.138435938,0.114797933,0.093149881
2016-12-11T22:30:00Z,281.2838434,267.7608901,314.0799142,281.3110238,295.9727627,9.03375076,9.18120651,9.6310786,11.05242437,10.93538738,0.132877606,0.12096104,0.131497462,0.102836452,0.12282494
2016-12-11T22:40:00Z,294.2028048,289.3367435,303.978561,279.3299638,296.9325805,8.884130477,9.210020298,9.812086915,10.01068462,10.19512419,0.133752331,0.096580079,0.131812547,0.151493408,0.179125294
2016-12-11T22:50:00Z,303.8755013,312.363304,304.638524,298.3972886,282.0715189,9.012994324,9.306041319,9.730022716,9.991455193,10.06800267,0.150347668,0.128180708,0.108649524,0.152716381,0.161543045
2016-12-11T23:00:00Z,278.7546521,280.4916848,304.8053666,289.2274248,320.8124229,8.356647593,8.928071982,9.527800659,9.88723865,9.792400452,0.082285047,0.110563442,0.110005925,0.112810317,0.121284953
2016-12-11T23:10:00Z,308.0601478,288.9017098,294.1058913,312.5052053,306.7863389,8.392993113,8.810329596,9.658484584,9.272594847,9.494516128,0.070309133,0.107316755,0.130120953,0.129798838,0.075618751
2016-12-11T23:20:00Z,307.9221935,322.4702238,289.8221126,313.9161214,306.9625013,8.548463983,8.541456741,9.048748743,9.509756085,9.875029533,0.145058218,0.099676296,0.113218051,0.115743508,0.088853098
2016-12-11T23:30:00Z,296.2963219,297.9350492,291.8023744,282.8696934,318.086037,7.881737197,8.349460846,8.515529564,9.481321282,8.991895136,0.105691612,0.086498904,0.135057455,0.112182105,0.090654071
2016-12-11T23:40:00Z,284.8796995,297.8567539,295.7668148,289.8937229,277.9173098,7.36865959,7.723969746,8.026154515,8.472052055,8.753484546,0.161638742,0.13106146,0.112926885,0.105577523,0.117707636
2016-12-11T23:50:00Z,293.0021889,284.5949777,283.3985678,287.4397998,303.3554541,7.889467983,8.138737274,8.928676601,8.805932608,8.928311147,0.114921402,0.118782325,0.114655378,0.12795418,0.109324949