LOCATION: 
SYSTEM SERIAL: HKZMAST
TIMESTAMP (ISO-8601) UTC,WindDir030m deg,WindDir040m deg,WindDir060m deg,WindDir080m deg,WindDir100m deg,WindSpeed030mh m/s,WindSpeed040mh m/s,WindSpeed060mh m/s,WindSpeed080mh m/s,WindSpeed100mh m/s,TI 030m,TI 040m,TI 060m,TI 080m,TI 100m
2016-07-08T00:00:00Z,195.0516248,207.424375,212.4767263,214.9462437,205.6075972,4.213875684,4.607923928,5.01749504,5.772103064,6.535744714,0.092995949,0.077885367,0.062337679,0.051359837,0.050095384
2016-07-08T00:10:00Z,202.9671343,218.8438307,211.6559808,228.1093639,235.617417,3.826423679,4.128899821,4.6614963,5.266614004,6.34350215,0.117365633,0.099062293,0.103341358,0.073394157,0.065589029
2016-07-08T00:20:00Z,227.1167707,212.7787016,242.8752219,224.7459066,222.1334925,4.071209007,4.351817888,5.016584865,5.641013351,5.907193035,0.077948214,0.089300975,0.065276319,0.048231057,0.049716945
2016-07-08T00:30:00Z,236.1888438,224.4936104,218.2311738,230.7131746,234.1431765,3.768130892,4.018502186,4.56307018,5.101799955,5.340048641,0.070560486,0.122046792,0.057604626,0.071789089,0.056749079
2016-07-08T00:40:00Z,198.0845187,221.3791672,222.3328287,214.7793519,232.6920871,4.154380329,4.488574834,4.730962316,5.453049697,6.242216721,0.084602532,0.070710988,0.050814249,0.070178027,0.064084583
2016-07-08T00:50:00Z,216.5844004,203.7059858,217.5517875,227.0432801,234.705043,4.241693666,4.564418313,5.023402025,5.5623294,6.036967363,0.100930394,0.078484854,0.082412274,0.053884131,0.057232865
2016-07-08T01:00:00Z,219.9555726,220.773297,216.410374,233.5360249,212.7488889,5.145867862,5.366452531,5.729730233,6.21937553,6.569117967,0.122014429,0.077459775,0.080558052,0.093882836,0.087335359
2016-07-08T01:10:00Z,231.2631393,221.9941423,212.0085394,237.2269426,226.3777101,5.577301223,5.782850603,6.195230156,6.740318527,6.77124538,0.069785492,0.103540229,0.066026302,0.052865294,0.055199061
2016-07-08T01:20:00Z,222.51668,219.305414,220.202583,207.9297938,235.1751869,4.94470966,5.09968007,5.588505728,5.963254558,6.083368348,0.099680529,0.081368537,0.077899689,0.070320572,0.054180324
2016-07-08T01:30:00Z,231.33812,223.7404262,231.9704804,236.9944801,216.4437161,4.833378145,4.78641077,5.045512592,5.453255987,5.699995798,0.095775425,0.111462953,0.091605632,0.081837896,0.077950125
2016-07-08T01:40:00Z,248.2826116,216.7698815,226.2115439,207.3859765,208.9544709,4.179289207,4.268035135,4.511966359,4.71800997,5.184973287,0.154520374,0.11975448,0.106977329,0.104986373,0.071618354
2016-07-08T01:50:00Z,231.1746662,233.63377,233.6473751,228.425542,235.4151463,4.260543771,4.38876708,4.803098543,5.12144656,5.147953747,0.145003233,0.111917777,0.104633162,0.130556092,0.116613167
2016-07-08T02:00:00Z,219.8352677,180.4636103,195.0996903,231.9196839,210.2425482,5.32148765,5.717858354,6.058730575,6.159559252,6.398855255,0.117194887,0.113898419,0.112062113,0.139893145,0.121596236
2016-07-08T02:10:00Z,201.7065711,198.6647065,209.0141904,200.8992635,207.4322724,6.039838923,6.041161735,6.278075028,6.426277887,7.170466203,0.111292383,0.07916674,0.086195646,0.084007424,0.082350921
2016-07-08T02:20:00Z,218.6320073,202.5888431,209.4226841,213.3701671,235.0979418,5.044495933,5.283148567,5.701929682,5.846810488,6.077179846,0.137153568,0.107274736,0.121859121,0.093663117,0.081253831
2016-07-08T02:30:00Z,232.1301281,233.9525026,225.8347259,218.0978555,214.4141038,5.171781733,5.10166745,5.638889464,5.458693495,6.147258008,0.142260585,0.145578287,0.07201838,0.068792294,0.087283864
2016-07-08T02:40:00Z,224.6522121,226.0599854,235.9070429,225.1217591,236.8586797,4.72709875,4.971147176,5.341283856,5.591500313,6.029146187,0.131551931,0.137266065,0.092381282,0.087911325,0.095071116
2016-07-08T02:50:00Z,211.4621738,213.3765877,206.0105438,205.5360191,216.6222705,5.373495997,5.465516785,5.809781166,6.063451303,6.166848333,0.099197194,0.139895234,0.09767933,0.094266587,0.114263184
2016-07-08T03:00:00Z,232.507109,218.7731795,219.9977792,222.7834636,219.0689785,5.5590123,5.769259727,6.202769912,6.558103883,6.935028215,0.135556272,0.127636585,0.061003304,0.099744146,0.086182575
2016-07-08T03:10:00Z,218.7888203,220.9586449,220.2900696,211.1097547,228.9154492,5.490931849,5.766784543,6.05076495,6.615491838,6.679951156,0.100352093,0.104836746,0.094152014,0.106785851,0.075981018
2016-07-08T03:20:00Z,203.2912524,196.6000736,207.4152781,208.1699476,200.6854399,4.891619114,5.030715577,5.36049901,5.477758322,5.832137049,0.149951874,0.144776302,0.121134371,0.100869336,0.141700493
2016-07-08T03:30:00Z,217.3375587,205.2068536,213.2057782,223.6437953,231.1536574,4.996341508,4.993002153,5.566510817,5.787140956,5.800758682,0.132879037,0.11655486,0.21444159,0.127973081,0.115116413
2016-07-08T03:40:00Z,231.6532728,209.1650341,218.7231185,213.6758238,222.9651851,6.031752064,6.075935203,5.973801217,6.079593465,6.672525502,0.106575829,0.075985884,0.083993833,0.090633284,0.084704667
2016-07-08T03:50:00Z,235.7688958,225.3769267,226.8388393,223.5158201,228.1056216,5.846381247,5.931992675,5.999552368,6.134387886,6.881600291,0.102142691,0.098333152,0.094095671,0.064415415,0.085971513
2016-07-08T04:00:00Z,220.0664535,221.8748049,204.6109353,217.5110617,224.0952206,6.31232504,6.432164717,7.151239343,7.184081438,7.655142281,0.087047644,0.064316762,0.091889324,0.074141911,0.077207193
2016-07-08T04:10:00Z,210.8808451,218.2466452,217.9146239,205.8198182,214.8741541,7.270921359,7.122215951,7.665066985,7.918409538,8.34174304,0.097943666,0.094836848,0.074872514,0.088236383,0.080738432
2016-07-08T04:20:00Z,208.9410278,225.9563426,220.8547896,221.5038876,214.2433061,7.228449682,7.604576912,7.821869766,8.506763104,8.695098928,0.077577264,0.073271553,0.077629208,0.060044618,0.085958326
2016-07-08T04:30:00Z,210.2596712,209.953925,220.7518164,215.4346485,224.3546564,6.838611232,6.899909649,6.938403385,7.983552373,8.395593657,0.087974989,0.108234267,0.114009237,0.121430339,0.105560747
2016-07-08T04:40:00Z,241.0402261,233.5655524,210.6959852,244.9704863,220.553062,7.735702638,7.628894959,8.173140976,8.457473614,9.012621248,0.10693142,0.123725489,0.112142732,0.114893471,0.103161982
2016-07-08T04:50:00Z,223.6565288,219.6634999,238.3327185,237.8615413,229.1347168,7.887381971,8.15855683,7.986507947,8.356072392,9.228139324,0.069490821,0.084329293,0.064710104,0.080414383,0.056302368
2016-07-08T05:00:00Z,232.15149,251.8508573,225.0927385,221.7000031,223.0790533,7.738178406,7.936221765,8.253546889,8.611905162,9.027709541,0.109430348,0.094534353,0.107137153,0.077659125,0.048645163
2016-07-08T05:10:00Z,234.5332602,215.1391672,229.3251642,219.5023371,222.9506803,7.945620337,8.539706222,8.596089848,8.54616462,8.516824646,0.104969896,0.084615384,0.096669088,0.081990074,0.079779982
2016-07-08T05:20:00Z,221.3118262,219.6489518,234.8131668,230.8533085,216.960382,7.994108662,8.496235857,8.676319342,8.714443726,9.294549965,0.140690917,0.088559584,0.084290401,0.105355512,0.090093833
2016-07-08T05:30:00Z,234.7584914,227.9654084,219.9511315,223.2678756,224.3829433,8.233565245,8.757829992,9.036972178,9.303561535,9.517958074,0.089687901,0.070974606,0.06369,0.046287873,0.058251003
2016-07-08T05:40:00Z,222.8273714,232.5353068,223.1322975,233.0290019,227.4312306,9.01773208,9.117549217,8.985435957,8.748866355,9.714082906,0.059023355,0.082455591,0.088503826,0.05644288,0.078288349
2016-07-08T05:50:00Z,223.6735249,234.0116099,234.8009877,237.1165173,230.8843038,9.100152159,9.052200768,8.973277806,8.998096747,9.495154491,0.085837945,0.068254311,0.114593348,0.065351676,0.073130992
2016-07-08T06:00:00Z,229.4471811,228.1173892,229.300645,218.5862402,227.81296,8.4615448,8.859296979,8.985095533,9.00534015,9.081077355,0.080400037,0.088802314,0.070475486,0.10453989,0.073162313
2016-07-08T06:10:00Z,230.0255642,218.6142735,249.6045537,220.5048068,237.8877959,8.849239517,8.898825538,9.413810479,9.190799532,9.022169042,0.082699709,0.111873744,0.103067627,0.048053233,0.12398093
2016-07-08T06:20:00Z,230.8492282,229.9181398,224.9196811,223.099056,223.4958389,9.303564763,8.89183469,9.510091272,9.496329307,9.799432104,0.148277367,0.123681447,0.079729417,0.084421557,0.151561122
2016-07-08T06:30:00Z,221.1751851,230.5832782,212.9594618,219.8567761,221.417907,8.742802219,8.776387967,9.077185591,9.12061634,9.417177625,0.124728329,0.07084718,0.100940368,0.118251646,0.144811588
2016-07-08T06:40:00Z,217.1470815,208.973181,224.3843603,229.9650463,215.2717274,9.609952297,9.672657964,9.961240911,10.52823493,10.37733978,0.129556356,0.073761795,0.11299149,0.093388162,0.112897266
2016-07-08T06:50:00Z,229.2666521,232.535732,240.0199525,218.6051227,217.2243268,10.39330473,10.3636264,10.6200948,10.32410253,10.67766424,0.135090041,0.11376733,0.091241816,0.141105082,0.140871556
2016-07-08T07:00:00Z,234.2895324,227.815581,213.6145074,244.4956239,227.2014305,10.18931608,10.154779,10.64725885,10.99449824,10.89679361,0.134648721,0.081928403,0.111178897,0.114159377,0.147431323
2016-07-08T07:10:00Z,229.8401715,219.294369,235.008712,213.558672,219.8216448,9.76747296,9.416770066,9.833009067,10.31622381,10.43382601,0.152167191,0.124714559,0.140911471,0.156603623,0.105159625
2016-07-08T07:20:00Z,226.5242721,222.4588457,221.6727815,229.8479333,228.2405474,8.636632774,8.626118978,9.389515198,9.874171994,9.902822906,0.133676131,0.108425279,0.132602298,0.135951187,0.138958332
2016-07-08T07:30:00Z,232.2101888,231.3015092,218.861306,230.7352064,240.9549709,8.991326937,9.538409297,9.939673363,9.434946962,9.822501502,0.135760243,0.12814433,0.087246524,0.146381978,0.0864735
2016-07-08T07:40:00Z,222.5780323,241.9640578,216.7494374,233.1398876,233.2715816,10.01442294,9.779811731,9.430802048,9.821439247,10.19425967,0.096586932,0.103346384,0.148256225,0.148487743,0.159180166
2016-07-08T07:50:00Z,223.9948347,253.7881017,260.9239927,252.8908695,227.1929635,10.57845947,10.95299734,10.01824763,10.32405745,11.01690014,0.136253946,0.131265476,0.121560776,0.103045432,0.133652854
2016-07-08T08:00:00Z,233.9538333,226.0801338,233.330068,240.6059045,231.2523789,11.02064677,11.27040924,11.60782112,10.94134073,11.29119443,0.150604726,0.149728284,0.131219136,0.145966119,0.154914667
2016-07-08T08:10:00Z,238.3997537,233.6660255,222.8294547,222.1520247,210.4397361,11.33371642,11.65728678,11.2199945,11.62281845,11.80968804,0.118550892,0.106027585,0.130585999,0.150970177,0.100533204
2016-07-08T08:20:00Z,237.0221611,244.4046597,237.5270468,233.1505909,221.6575543,11.03857676,11.28190216,11.65388324,12.0521183,11.97530113,0.125373273,0.109283173,0.137497214,0.129111047,0.110543828
2016-07-08T08:30:00Z,234.1032735,228.3805553,228.7127269,224.6560457,222.6076429,12.56292479,12.52936515,12.68678706,12.72582928,13.44624143,0.138505633,0.147446519,0.096641712,0.141206605,0.136000598
2016-07-08T08:40:00Z,231.0371009,220.9585914,234.1546897,223.4574334,234.6356952,11.48805172,11.86949305,11.75906274,12.16564494,12.61696642,0.119185187,0.164583189,0.120848761,0.119437048,0.125137929
2016-07-08T08:50:00Z,241.3369268,258.0411165,242.8371592,232.6801095,251.2118647,11.31734193,11.980519,12.25843435,12.88122466,13.17387361,0.132216146,0.136561964,0.120890824,0.137146234,0.123670869
2016-07-08T09:00:00Z,232.2554229,251.1410565,235.4563506,250.4820044,237.9743562,12.48485953,12.65400425,12.47325579,13.43361184,13.46389535,0.147478835,0.114382139,0.172503549,0.100592335,0.11316098
2016-07-08T09:10:00Z,248.8875651,250.9180088,267.8305758,225.4386565,236.373055,11.3482305,11.56834236,12.45623446,12.51527306,12.64412189,0.139003649,0.145554471,0.144970374,0.130727789,0.160019738
2016-07-08T09:20:00Z,246.9791362,227.1694624,244.9636671,226.1606451,254.9622334,10.64722095,10.64260427,10.59134006,11.37724327,11.93176123,0.156694403,0.159077772,0.177136209,0.111537531,0.113522532
2016-07-08T09:30:00Z,235.4880115,234.3503665,253.683224,252.5632552,250.6987557,10.01788122,10.1659332,10.40278507,10.94050303,11.01829486,0.124195102,0.186167986,0.140656229,0.171151265,0.166588513
2016-07-08T09:40:00Z,254.9396056,254.6922974,252.7944776,254.9609502,225.7725627,10.54624995,10.41132019,11.28501184,11.50456092,12.06314389,0.155485252,0.154833241,0.134255672,0.111217078,0.09915736
2016-07-08T09:50:00Z,248.624859,257.1274132,246.1595087,231.2797982,262.5014729,10.59040533,11.56027261,11.41025431,12.30808333,12.6146168,0.148732212,0.12207954,0.161837099,0.132456366,0.137625495
2016-07-08T10:00:00Z,254.1822654,274.0260712,265.712063,253.3200223,263.4882749,12.4590103,12.27986875,12.90024289,13.08816234,12.98261221,0.135326127,0.1443325,0.139608798,0.1548532,0.128396818
2016-07-08T10:10:00Z,238.4745035,281.5192046,244.4053524,259.5577485,256.4869611,11.1092859,11.16028129,11.17210559,11.14577486,11.98864009,0.146259204,0.102671939,0.12259734,0.174903668,0.168100734
2016-07-08T10:20:00Z,234.1602814,238.1004868,237.9146756,244.4628641,239.5574454,8.669618848,9.070500009,9.210177873,8.717352159,8.999328134,0.115744085,0.160679636,0.174365456,0.124942165,0.120196079
2016-07-08T10:30:00Z,233.5208055,214.3272319,239.4094357,227.8186507,241.5822623,8.873043655,9.010185243,9.09566915,9.403618358,9.395466145,0.101347497,0.093171779,0.106339554,0.106438125,0.105717229
2016-07-08T10:40:00Z,218.319303,246.2399109,222.8053959,241.6018124,229.2258359,8.974495432,9.171702814,9.117933078,9.353438889,9.510608367,0.128125102,0.064407103,0.091339893,0.153428752,0.131974637
2016-07-08T10:50:00Z,236.348472,240.1378569,228.6557559,232.5867206,257.2861644,7.626739629,8.209363855,8.42949095,8.719159254,8.940082046,0.132205796,0.102172563,0.096224727,0.154019432,0.085708366
2016-07-08T11:00:00Z,251.1921167,234.0258472,234.7904015,234.946702,211.5746467,8.80500799,8.692735718,9.044028641,9.15449756,9.822028121,0.122926611,0.100238982,0.097433813,0.104097056,0.130474537
2016-07-08T11:10:00Z,226.5475936,227.6950552,227.4097346,245.3833068,203.9773418,10.04091292,9.957611562,10.72365321,11.29901342,11.4924933,0.107144498,0.12840714,0.126552239,0.093856435,0.102448373
2016-07-08T11:20:00Z,231.0202043,218.5195418,221.8140926,229.4712565,230.4932797,10.7406953,11.52035906,12.15665098,11.9052897,12.07845951,0.09432876,0.122548894,0.086278699,0.119091523,0.121766248
2016-07-08T11:30:00Z,223.6702995,223.679008,257.7775365,230.9286339,224.8905506,11.81490992,11.81031346,12.64870931,12.59108028,12.89103961,0.1379507,0.116148602,0.113649534,0.110975939,0.122709498
2016-07-08T11:40:00Z,245.0315748,216.0440409,238.4732891,231.3037757,227.3056621,11.28894261,11.29746888,11.46984405,12.25485872,12.30390035,0.11873261,0.109422075,0.122634029,0.115676558,0.14733628
2016-07-08T11:50:00Z,244.0891752,227.2563139,244.5385668,214.7216233,235.1933226,11.6990955,12.34705633,12.44858645,12.94455702,13.1176513,0.099114907,0.102469603,0.105306857,0.108223108,0.110542263
2016-07-08T12:00:00Z,229.5701902,232.9419851,209.999084,230.5834173,231.4297841,11.77310718,12.0892425,12.10274387,12.76459562,13.62302552,0.143557263,0.14590001,0.140639664,0.160952791,0.114970712
2016-07-08T12:10:00Z,247.1990208,207.2500892,220.1590765,235.1537127,231.3190086,11.41284627,12.17090086,12.2821193,12.18283675,12.04599262,0.103108742,0.146815273,0.137625301,0.148651316,0.110906815
2016-07-08T12:20:00Z,225.8934819,222.6969182,223.4767708,218.0735648,222.6291959,11.33173379,11.46888211,12.13791234,12.96875423,13.66252974,0.111417466,0.088762596,0.072070112,0.104322772,0.11462474
2016-07-08T12:30:00Z,239.6255346,240.7869253,247.7018818,222.6756254,231.5514435,11.18212832,11.59814555,11.96952977,12.20858257,12.49469045,0.146278662,0.15262988,0.114043153,0.0750438,0.099523197
2016-07-08T12:40:00Z,240.7893047,232.9495541,232.2423202,236.9873373,247.9701244,11.75536519,11.82563635,12.74622824,12.99251208,13.14763072,0.10850705,0.118755356,0.103201323,0.095190788,0.070145548
2016-07-08T12:50:00Z,218.9026167,234.6714345,220.5262561,266.0300495,219.9599775,11.2477994,11.60424048,12.30042489,13.09675606,13.4400715,0.144755675,0.129406422,0.121974334,0.123040055,0.111121915
2016-07-08T13:00:00Z,252.2486906,253.5629285,234.6604161,241.1831719,229.7294005,11.63298201,12.25183388,12.6106274,12.92134097,13.67790866,0.145385417,0.119043357,0.098773458,0.105003246,0.112733331
2016-07-08T13:10:00Z,233.075885,244.4364261,235.1894429,230.8352609,236.65003,12.06966104,12.40918569,12.0386032,13.30182693,13.61350217,0.13855988,0.160787041,0.143372823,0.145229741,0.112829129
2016-07-08T13:20:00Z,228.436335,217.3159239,240.00579,229.5367649,254.6562574,12.32512686,12.82211616,13.28594859,13.69837553,13.77150844,0.140844709,0.136390525,0.090464284,0.129258222,0.136738109
2016-07-08T13:30:00Z,246.6623348,230.8602646,225.8051687,241.7489386,235.8412889,12.29101885,13.02481557,13.057499,13.44136851,13.72811691,0.117559538,0.103050447,0.140615385,0.116271575,0.122576396
2016-07-08T13:40:00Z,230.6569471,216.9814312,241.1809262,238.089241,245.7696067,12.39799202,12.34507645,13.13648575,13.81454297,13.80715072,0.101246043,0.096212086,0.152956235,0.115544269,0.10704521
2016-07-08T13:50:00Z,227.3300548,239.3743558,247.266813,256.6579362,245.7038157,12.4723048,12.33349634,13.07525116,13.22770912,14.18182199,0.179351399,0.097909299,0.148583059,0.122653735,0.079394663
2016-07-08T14:00:00Z,232.4078572,232.7923319,230.6956418,224.5085772,231.8790765,12.39496437,12.76135903,13.11610913,14.2027266,13.91891972,0.136081417,0.126889126,0.101321931,0.101912298,0.102480883
2016-07-08T14:10:00Z,231.3794752,227.0140389,244.8147953,243.9092442,225.9345251,12.03542371,12.88159306,13.21753867,12.93000625,14.19783859,0.157359383,0.106832572,0.121884438,0.112163137,0.099793669
2016-07-08T14:20:00Z,229.3625243,247.2318427,241.8764759,239.7492398,244.5220602,11.32236425,11.61784821,13.70884255,14.04441395,14.00349176,0.109012093,0.134627777,0.12340439,0.120261149,0.146887935
2016-07-08T14:30:00Z,238.0632525,242.8361466,229.2631202,243.4084799,225.1109121,12.46121947,12.72315751,13.37894831,14.50765896,14.38578888,0.132521089,0.132402424,0.148547491,0.092238876,0.144824203
2016-07-08T14:40:00Z,228.5724991,238.3133492,232.9747892,227.6570498,238.5810402,12.78433847,12.73342545,13.34924899,13.95597511,14.95084244,0.163367073,0.107642461,0.094328301,0.112268798,0.128737973
2016-07-08T14:50:00Z,211.9283972,221.6814241,227.1743478,242.9031716,237.736485,13.18396298,13.47085295,13.65715861,14.29795129,14.66087535,0.125598968,0.111856937,0.162550698,0.147279939,0.082769643
2016-07-08T15:00:00Z,238.0448493,235.1448598,228.3472561,220.8363772,226.7652074,12.62782394,12.3740287,12.97722204,13.68484534,14.32377601,0.133094927,0.13003803,0.131746098,0.172486697,0.086451842
2016-07-08T15:10:00Z,230.4572115,238.514606,234.2541538,226.6643679,243.7328136,12.11370529,12.08869878,13.23716431,13.84860446,14.89556814,0.147763577,0.098713614,0.134322749,0.14864036,0.120655132
2016-07-08T15:20:00Z,236.0434438,240.5902234,216.6723257,234.647545,215.6785108,11.9330475,11.45914001,12.97842397,14.30643332,15.03818272,0.148447755,0.103477643,0.140855075,0.115225547,0.094146344
2016-07-08T15:30:00Z,235.4616096,224.5870243,234.9706248,219.7143777,242.8316101,11.70219051,12.23733881,12.59147889,13.26601363,14.08543579,0.102035136,0.112317804,0.131729111,0.15247108,0.123325521
2016-07-08T15:40:00Z,215.2407158,234.9893754,224.4323045,215.7986958,218.117741,11.16514718,12.32273623,13.27746971,13.64223903,14.39814608,0.14669877,0.116064972,0.119469035,0.098277502,0.088217239
2016-07-08T15:50:00Z,231.4798954,238.0596529,245.2711959,216.7821188,236.454783,11.94590049,11.95038962,12.93374594,13.07869806,14.12030965,0.117050093,0.098513603,0.099743184,0.125464056,0.093126077
2016-07-08T16:00:00Z,234.0218008,226.8854644,228.2690331,245.2653709,242.640116,11.78660173,12.25494048,12.83651806,13.63780658,14.02313402,0.142929436,0.087321896,0.097214281,0.107149101,0.092993008
2016-07-08T16:10:00Z,231.5377321,221.0516476,245.6595549,228.7941128,231.7959443,11.22379726,12.23129164,13.20257215,13.32701101,13.55854162,0.086676368,0.081647609,0.111260359,0.089045577,0.094259099
2016-07-08T16:20:00Z,227.7084055,236.4321667,241.107354,236.1221511,233.0087215,11.99541099,11.88161766,12.23426651,13.46818756,14.12908078,0.105466181,0.126169761,0.102541277,0.086607094,0.063015496
2016-07-08T16:30:00Z,222.1420786,225.5418197,223.0302464,230.020837,224.2430356,11.65818453,12.15928363,12.37209832,12.88610093,13.43638414,0.137156986,0.097794135,0.109817491,0.091821568,0.082339724
2016-07-08T16:40:00Z,240.4936041,236.5206231,234.9045648,246.5656627,234.8775225,10.54179614,11.12445525,11.58678038,12.63380822,12.93716725,0.11821969,0.105754258,0.086081781,0.095733117,0.083369321
2016-07-08T16:50:00Z,218.516798,236.1569693,217.1317317,245.240405,227.4324983,11.20243478,11.60802105,12.09663301,12.30098103,13.62952995,0.084503196,0.075609791,0.100199226,0.091301387,0.095569582
2016-07-08T17:00:00Z,231.6521394,213.1121698,232.0967479,223.3903291,226.1473058,10.60550739,10.97927451,11.64669547,12.23419684,13.55891801,0.079235679,0.093364952,0.115557913,0.068111495,0.059449664
2016-07-08T17:10:00Z,231.6504734,239.5745689,239.7480622,243.6666324,240.3343408,10.32321703,10.83414066,12.05450206,12.77791345,13.4061883,0.091198122,0.090706814,0.07986212,0.097427261,0.080468094
2016-07-08T17:20:00Z,241.8939544,231.1277369,229.990992,242.6097281,230.2945376,10.46785361,11.17227244,11.46586564,12.17390044,13.26153783,0.074180381,0.098612806,0.099219369,0.125330159,0.07612016
2016-07-08T17:30:00Z,234.0818664,221.8199321,272.7194368,234.552823,238.1110097,8.996534886,9.855690024,10.70374848,11.36483669,11.54524848,0.135366929,0.11045449,0.130649068,0.090429121,0.087427247
2016-07-08T17:40:00Z,240.5426316,250.6670477,263.7717018,231.2782713,257.7572398,9.758279447,9.772707716,10.90270861,11.55434535,11.95144255,0.133031575,0.120631187,0.131428498,0.132917569,0.151558603
2016-07-08T17:50:00Z,266.7520352,256.9034395,255.7234311,251.4121049,253.3249444,8.696426318,9.097955439,9.39941632,10.1371676,10.628807,0.14974044,0.133870558,0.126323238,0.103357536,0.084077934
2016-07-08T18:00:00Z,259.5134222,243.0922922,270.79523,264.6291965,278.9597462,8.331140567,8.518752652,9.329919906,9.778864156,10.08021291,0.108945954,0.15251388,0.154421222,0.120450285,0.112618615
2016-07-08T18:10:00Z,279.2386044,255.4597904,247.766177,269.5718218,250.4809144,7.64761772,8.180413786,8.569987222,8.885465981,9.105753175,0.127224912,0.12441247,0.103835771,0.11664689,0.105523781
2016-07-08T18:20:00Z,262.1188894,261.3059371,234.7349217,254.903269,246.5254007,8.249620677,8.229758257,9.105418037,9.365507312,10.35700726,0.118862376,0.156068471,0.109290415,0.119237787,0.069902276
2016-07-08T18:30:00Z,255.3241558,271.8092011,239.9666377,260.7963782,257.5632209,8.060461157,8.596294746,8.878410993,9.432723542,9.715328536,0.10241241,0.128374095,0.094699822,0.107675974,0.109361788
2016-07-08T18:40:00Z,246.7283057,264.1988488,264.9161925,259.020689,258.8447563,7.667223938,8.008443957,8.459281134,8.592311152,9.488860428,0.094814857,0.117518248,0.114389601,0.119184404,0.09009154
2016-07-08T18:50:00Z,241.5387159,249.6773152,260.7233291,266.7103363,243.8241915,7.597192342,7.607572895,8.260319937,8.425774178,9.05844403,0.122511023,0.09087119,0.111784371,0.103776594,0.068081638
2016-07-08T19:00:00Z,278.7790291,249.2990929,247.4731482,242.5030612,258.0265013,6.42974591,6.771179782,7.478153204,7.863873973,8.291513778,0.155441347,0.162759496,0.135773261,0.129260801,0.075396545
2016-07-08T19:10:00Z,244.9914103,263.5516231,259.6080626,269.9122101,247.2334046,6.556524512,7.054030273,8.081595685,8.113427401,8.934401422,0.133880152,0.132311092,0.105564037,0.117315716,0.097968611
2016-07-08T19:20:00Z,267.815014,254.8233715,264.4569494,256.0095039,254.3854211,6.525220465,6.533975246,7.423706839,8.179381078,8.362660684,0.128779832,0.083022491,0.088361224,0.120027898,0.104613124
2016-07-08T19:30:00Z,244.2355567,253.7959982,261.6925007,254.6636319,249.6131096,6.143321074,7.152695338,7.096894655,7.609481037,8.094135463,0.14869836,0.099135997,0.105531534,0.104899066,0.104561288
2016-07-08T19:40:00Z,256.7143229,241.7812991,263.9869264,265.8939929,253.6451365,6.822905852,6.64963785,7.206468076,7.970204738,8.090748528,0.127806037,0.154074489,0.091393129,0.116823869,0.089661036
2016-07-08T19:50:00Z,252.3957906,250.5110002,222.9417053,279.8001063,272.8464558,6.440691802,6.306858017,7.078676391,7.042724269,7.506230702,0.120286482,0.12949677,0.096407478,0.106761203,0.123475178
2016-07-08T20:00:00Z,250.0106898,247.6958131,257.0057468,258.5304735,272.1980847,5.673759173,5.937478445,6.443193139,6.982436186,7.210003687,0.130060234,0.137842808,0.126333362,0.102613705,0.093107115
2016-07-08T20:10:00Z,255.5295288,257.8376061,259.9910191,265.7485741,271.4825882,5.885050067,6.239058186,6.387320671,6.70589816,6.780859324,0.105391836,0.109234732,0.090788981,0.12739578,0.091049396
2016-07-08T20:20:00Z,273.457443,269.9052189,262.1133679,272.7581144,259.0241472,5.201105146,5.416374638,5.905628238,5.808542176,5.966448284,0.109258287,0.115045025,0.068731481,0.136429655,0.122963643
2016-07-08T20:30:00Z,267.9715497,277.5092119,251.656669,266.6426402,253.6157223,4.94011833,5.028800215,5.409917634,5.594448122,5.701178216,0.153280063,0.15253605,0.133188967,0.128826156,0.152866506
2016-07-08T20:40:00Z,288.2673128,262.870806,259.6252869,250.1561537,253.6091251,4.548388738,4.53527497,4.990967747,4.970372637,5.226113383,0.110583301,0.085883617,0.122078722,0.10457679,0.132977164
2016-07-08T20:50:00Z,249.1931232,261.3756466,266.8664553,268.0658045,271.6109772,4.469006447,4.537622376,4.795475239,4.862148803,5.305105632,0.122851349,0.141415889,0.190601055,0.161983922,0.105485538
2016-07-08T21:00:00Z,267.1137538,277.2859353,268.3063862,291.3948629,278.2198595,4.176130573,4.418069768,4.888692081,4.928169936,4.947227805,0.266868287,0.227893746,0.115616796,0.137432826,0.109043511
2016-07-08T21:10:00Z,262.8854335,284.524679,280.7690429,299.7983963,297.1169912,4.27478369,4.425422646,4.798151898,4.473249507,4.402652442,0.136799287,0.116228722,0.10383665,0.145974232,0.143670835
2016-07-08T21:20:00Z,244.2022266,246.3767442,280.7873623,276.6151628,287.1580399,3.952768916,4.237954025,4.553093419,3.985326979,3.882090887,0.105263237,0.108979687,0.085322197,0.139510508,0.143415257
2016-07-08T21:30:00Z,254.1077009,247.1431716,268.9184446,288.7020842,299.0171826,3.819488353,4.229809753,4.423881222,3.895462628,3.965895575,0.121512408,0.125142678,0.125044175,0.176114413,0.176816925
2016-07-08T21:40:00Z,255.8454485,262.2175201,262.4399674,307.5316096,301.7212,4.153995244,3.917734374,3.731533739,3.026375469,3.128229291,0.135272598,0.161144933,0.185993702,0.140517148,0.140603244
2016-07-08T21:50:00Z,270.1488693,255.3022771,305.0094366,290.9117212,282.0449284,3.873330501,3.496437143,3.048699259,2.855610784,2.90487772,0.110581886,0.130037258,0.173907811,0.176264307,0.155533942
2016-07-08T22:00:00Z,284.0944957,269.923955,295.8782332,292.6145311,285.428019,3.650678458,3.081178972,3.031344675,3.102095277,3.391677874,0.152234135,0.178719449,0.182147677,0.139691475,0.142651054
2016-07-08T22:10:00Z,273.6879925,289.4926651,285.1414069,294.016625,302.258043,3.5551141,3.297649162,3.114115427,3.701955344,3.728496474,0.138387306,0.15861909,0.108313737,0.139450525,0.149550463
2016-07-08T22:20:00Z,288.626303,322.7463703,314.4010611,322.3844198,308.494026,3.381022184,3.337302212,3.414049965,3.621739577,4.033061638,0.161668331,0.198672113,0.122312219,0.203013512,0.177356559
2016-07-08T22:30:00Z,290.8760141,291.688387,321.3903748,344.4503822,332.5245125,3.260605672,3.438895807,3.727288074,3.875407083,4.236657465,0.16923572,0.15273805,0.15178672,0.160589827,0.167756341
2016-07-08T22:40:00Z,258.3081111,232.3938166,240.200418,274.2052258,255.5684609,4.039239417,3.96840577,4.278087698,4.007009938,4.059719599,0.215252952,0.176691822,0.183539437,0.171195394,0.197814508
2016-07-08T22:50:00Z,239.9933651,243.5675536,250.9325035,254.3105164,263.9310184,3.534809778,3.597453056,3.656471753,3.508894048,3.274050099,0.155599281,0.197975182,0.181641343,0.218572627,0.26745175
2016-07-08T23:00:00Z,277.5795551,268.4885687,283.6023407,273.5477922,279.9833575,3.562174732,3.500191221,3.489363623,3.502054882,3.173756536,0.137648975,0.109087696,0.105991683,0.086757119,0.141759931
2016-07-08T23:10:00Z,251.8547103,247.0994324,250.2423413,264.9855585,265.8183106,3.687854749,3.787079167,3.628674852,3.54442249,3.295812516,0.16776035,0.146284731,0.126555903,0.09245619,0.109742417
2016-07-08T23:20:00Z,232.6828974,231.2449769,239.6113887,271.1966535,251.5003995,3.722848663,3.815422248,3.676312043,3.315193016,3.178945082,0.14071371,0.124997719,0.10630932,0.122361735,0.153409199
2016-07-08T23:30:00Z,235.4847613,247.6917872,263.2010656,278.4329378,266.592919,4.032316563,3.874484337,3.626098877,3.23561224,3.018595889,0.111750307,0.111687212,0.118252037,0.108345119,0.144959848
2016-07-08T23:40:00Z,262.6610083,272.0331759,264.3931046,264.0096003,252.5522219,3.78950629,3.623921738,3.704421607,3.488352126,3.224046529,0.106100908,0.170947861,0.097706881,0.135163656,0.098723774
2016-07-08T23:50:00Z,262.7574814,258.5236145,260.0312377,259.9732263,280.4819205,4.018356225,3.957570367,3.536902249,3.34182627,3.327236887,0.098922168,0.129497892,0.116767501,0.147639008,0.110405794