LOCATION: 
SYSTEM SERIAL: HKZMAST
TIMESTAMP (ISO-8601) UTC,WindDir030m deg,WindDir040m deg,WindDir060m deg,WindDir080m deg,WindDir100m deg,WindSpeed030mh m/s,WindSpeed040mh m/s,WindSpeed060mh m/s,WindSpeed080mh m/s,WindSpeed100mh m/s,TI 030m,TI 040m,TI 060m,TI 080m,TI 100m
2016-09-07T00:00:00Z,142.1334599,155.8466619,150.9415965,154.5286225,148.3721272,4.277423418,4.386193317,4.105585183,4.009171073,3.812252089,0.091111736,0.086084785,0.121952475,0.132922897,0.105522017
2016-09-07T00:10:00Z,131.5671863,138.340266,154.8224371,154.197429,152.1213853,4.755778494,4.960908496,5.068046681,4.948952293,4.405220392,0.049396211,0.051099508,0.082136346,0.101971795,0.095225135
2016-09-07T00:20:00Z,148.774249,146.1235667,161.9844805,152.8208453,150.473801,5.118850681,5.510387968,5.601335349,5.862441711,5.390224254,0.049023343,0.037711087,0.040703123,0.054858537,0.048311042
2016-09-07T00:30:00Z,157.0660892,144.1326536,155.9468524,158.3165906,152.6116351,4.624286021,5.417689843,5.574842705,5.512006674,5.635123582,0.057824377,0.055199137,0.057184571,0.045031921,0.044257345
2016-09-07T00:40:00Z,152.7954346,164.8703749,152.13885,157.6483906,180.1529697,4.456510721,5.03222521,5.85785609,5.656215472,5.577817942,0.064443764,0.040826005,0.036679365,0.044776871,0.02583099
2016-09-07T00:50:00Z,161.3887012,163.594746,173.1640147,177.7273087,174.4385058,4.447274065,5.041060306,5.912133317,5.742685005,5.870112073,0.028359694,0.038498285,0.039854708,0.028996386,0.036269332
2016-09-07T01:00:00Z,161.3249256,166.1754847,174.1660032,178.5349836,179.8288332,4.199955061,4.823816773,5.588606899,5.904152891,5.551839932,0.040249994,0.044764332,0.046765906,0.042778653,0.036718648
2016-09-07T01:10:00Z,144.0738119,132.3247114,151.0765763,149.7444583,158.4461314,4.047160224,4.30820152,5.423613583,5.753276919,5.793014106,0.070465989,0.040911573,0.042181256,0.036278183,0.051986726
2016-09-07T01:20:00Z,131.4925521,137.3938779,143.2000317,142.1503397,146.1260317,3.753295919,4.364849436,5.177637602,5.589925956,5.419077899,0.053646635,0.039637977,0.038080506,0.056604811,0.032221839
2016-09-07T01:30:00Z,127.4924059,123.7813305,125.3571954,129.2333838,147.3396028,3.749350604,4.147742049,5.072392558,5.546922003,5.624078689,0.051256358,0.050444606,0.038467196,0.0430491,0.040234001
2016-09-07T01:40:00Z,114.7249351,135.2725436,130.8777148,131.530984,134.3100677,3.727082143,4.179443656,5.177557096,5.319650495,5.023806008,0.062067484,0.041322454,0.030935709,0.048813486,0.051478931
2016-09-07T01:50:00Z,123.9698159,127.631483,123.3339445,129.5745532,133.9501455,3.938803432,4.676173338,5.434493759,5.605586805,5.0497514,0.062542198,0.037491181,0.041860341,0.048035059,0.048582353
2016-09-07T02:00:00Z,118.100285,122.2203896,117.8204725,126.6649208,135.1816084,4.0746742,4.613066474,5.537014832,5.382735194,4.906092417,0.051113152,0.054104235,0.044051059,0.058187968,0.050749548
2016-09-07T02:10:00Z,109.1000725,113.7110347,111.3624973,131.4220965,117.8418681,3.979259287,4.640932066,5.543785821,5.15858506,4.936499204,0.04823454,0.043902354,0.036235367,0.113278945,0.043507735
2016-09-07T02:20:00Z,104.4468895,95.97093062,115.194665,116.9460696,115.9085966,4.261917219,4.912668529,5.946641459,5.320627825,5.361259452,0.057127723,0.051693666,0.053836966,0.052332059,0.040689647
2016-09-07T02:30:00Z,89.38155297,97.11412585,100.3243045,103.576206,109.0920999,4.575472761,5.362377107,5.606256887,5.021219439,4.997748061,0.037314056,0.047316347,0.046805285,0.063726263,0.048628962
2016-09-07T02:40:00Z,86.43888778,88.75199126,101.5346779,97.94408669,93.86062734,4.085172239,4.930941455,5.66973008,5.780280383,5.375392757,0.04182348,0.045756904,0.052087051,0.054395398,0.063699858
2016-09-07T02:50:00Z,85.52332143,85.80911806,92.29557058,93.84456933,98.10257483,4.051151869,5.031413996,5.813181045,5.600600724,5.134390099,0.054968892,0.047906985,0.040020794,0.047659712,0.053355201
2016-09-07T03:00:00Z,69.12672871,70.93274423,79.14428939,83.56017241,81.64938952,4.25135669,5.072490258,5.514882497,5.772094684,5.610879998,0.047159627,0.04667745,0.055961844,0.049547576,0.0498662
2016-09-07T03:10:00Z,58.01620105,61.50628415,64.17368078,70.40033553,70.38503099,3.923157734,4.61360746,5.026203993,5.581689385,5.604358032,0.057131967,0.046293501,0.065963111,0.042732728,0.042970967
2016-09-07T03:20:00Z,219.5818917,50.6324737,55.66344715,60.89834219,61.85968468,4.149474793,4.799494011,4.919027427,5.302919002,5.360562312,0.067636118,0.043750709,0.04704337,0.057684613,0.048297534
2016-09-07T03:30:00Z,221.3697922,219.6677747,228.8669114,50.87778069,54.7633954,3.740404856,4.278656259,4.925527623,4.739810967,5.113926553,0.056442764,0.060701608,0.073257336,0.268979192,0.087013931
2016-09-07T03:40:00Z,220.0709723,225.9144238,208.3567217,220.3710259,232.6979147,3.699264432,4.232617689,4.569091221,4.298400027,4.588767509,0.046653165,0.046796186,0.044785945,0.04740087,0.061097451
2016-09-07T03:50:00Z,127.6296896,219.6088846,201.2180797,209.5962454,219.0701159,3.758074037,4.264345289,4.303705806,4.28411138,4.561094171,0.09247051,0.07221889,0.089849082,0.059719288,0.063457871
2016-09-07T04:00:00Z,188.1156779,171.1622025,168.7900294,164.9812984,206.7767009,3.766625913,3.967109298,4.294256333,4.495446744,4.567370255,0.064153729,0.043471586,0.052387109,0.059076211,0.047475948
2016-09-07T04:10:00Z,152.7710852,158.2702247,157.5123245,159.317841,158.8560264,3.060161867,3.306844716,3.672242807,4.250266855,4.393010177,0.116549465,0.093837639,0.095173956,0.058580897,0.040267129
2016-09-07T04:20:00Z,138.0908908,140.3712466,141.9583896,153.4409716,152.869042,3.023969755,3.0441853,3.483535482,4.140042012,4.50673489,0.080597885,0.098271306,0.114326483,0.107899285,0.071072717
2016-09-07T04:30:00Z,144.1685981,148.9465053,156.2673018,152.5617345,169.7194295,3.201672559,3.372834337,3.855161616,4.217658297,4.338750588,0.05465149,0.037568664,0.052668022,0.055330757,0.045143468
2016-09-07T04:40:00Z,142.7893216,166.179207,151.1241289,164.8972436,166.2516784,3.349878401,3.490176424,4.030506376,4.573429672,4.477034012,0.072794571,0.061528909,0.074122901,0.047746425,0.05937016
2016-09-07T04:50:00Z,145.9527115,148.3187073,155.809302,155.6624243,175.2137264,3.408307666,3.869797027,4.901545957,4.778643374,4.794892373,0.104235582,0.059746175,0.240879299,0.068917247,0.244223394
2016-09-07T05:00:00Z,158.4691378,142.7813934,168.2019749,164.3390252,170.3255739,3.085347414,3.545577577,4.036217916,4.301537284,4.273770876,0.082158473,0.061456476,0.04218079,0.039052956,0.032858144
2016-09-07T05:10:00Z,143.5475292,153.9581472,153.7325798,155.5156495,167.1535022,2.73177171,2.910969974,3.798522819,4.311714403,4.208870049,0.078113255,0.052108813,0.055999283,0.041679386,0.042103548
2016-09-07T05:20:00Z,143.4067751,155.3114988,163.2488202,161.6963134,169.0377091,2.689367735,2.965327096,3.708494577,4.506319308,4.250013965,0.049452069,0.052715032,0.055804144,0.029777232,0.03578993
2016-09-07T05:30:00Z,147.1527491,155.0270584,163.6603817,159.715112,151.2076712,2.793300043,2.722899622,3.614677972,4.172293467,4.220883684,0.068421076,0.053752357,0.055734097,0.035993886,0.040031266
2016-09-07T05:40:00Z,135.2883555,145.3632444,148.1189293,166.4655936,154.005592,2.896879256,3.025562735,3.81247717,4.222586269,3.947776113,0.075336834,0.042494424,0.055509701,0.051852453,0.033563543
2016-09-07T05:50:00Z,141.0613907,144.7065156,152.2551963,155.2351647,153.9709296,2.869812031,2.895046217,3.327877584,3.922923402,3.832133719,0.073366812,0.06180779,0.088814066,0.073237552,0.039535599
2016-09-07T06:00:00Z,141.5922626,152.236399,157.9378504,168.6410306,200.9580084,2.405591925,2.523148489,3.089702441,3.611950445,3.544563135,0.118749271,0.09443071,0.080513326,0.05607309,0.062931118
2016-09-07T06:10:00Z,134.8539236,138.6946423,140.1847016,128.1563245,216.9128061,2.263373103,2.332160178,2.573271892,3.164104995,3.311571583,0.193670428,0.171636156,0.081767909,0.091899954,0.109026412
2016-09-07T06:20:00Z,130.2206632,134.8895586,137.4137786,151.8700813,153.1231158,2.585950057,2.646258405,2.711470406,2.731752397,3.240826676,0.09325962,0.127743149,0.090787489,0.074389976,0.110170511
2016-09-07T06:30:00Z,144.0144844,141.414504,149.2834486,142.455593,140.8635001,2.637718231,2.642206234,2.832529801,2.931442877,3.590649931,0.13789389,0.219719488,0.532107078,0.180665273,0.144562525
2016-09-07T06:40:00Z,135.549657,152.4820222,155.5797756,164.3384445,158.5327415,2.854974038,2.885887828,2.98921683,3.160257278,3.701798456,0.087581123,0.142831322,0.144055971,0.120315155,0.156657813
2016-09-07T06:50:00Z,138.1954181,142.354621,134.0534537,149.2412847,143.6057863,2.811067226,3.004649349,3.018047506,3.000253194,3.696689788,0.09282642,0.10552659,0.167472959,0.145435872,0.162098976
2016-09-07T07:00:00Z,142.2246414,152.3514216,150.0599374,152.8588064,163.2729054,2.415449746,2.469010798,2.414083482,3.185436234,4.041084696,0.113792303,0.210476565,0.156447061,0.130357134,0.158272783
2016-09-07T07:10:00Z,153.0044792,153.3863189,139.7150197,152.8443965,151.3858925,2.500003263,2.554783599,2.543085015,2.883456823,4.046476363,0.106575269,0.117631882,0.098211621,0.132291004,0.122503423
2016-09-07T07:20:00Z,155.6940882,145.0298326,170.8561037,164.4558857,169.7449649,2.515790486,2.735209331,2.969931159,3.587245715,3.817752483,0.122377837,0.138068916,0.176729505,0.158213234,0.064568149
2016-09-07T07:30:00Z,140.3020652,138.5743118,168.6615869,160.2354009,162.4430339,2.848496596,3.112177822,3.921340502,4.087767937,4.129075502,0.074520291,0.071679691,0.043444295,0.040570957,0.063511789
2016-09-07T07:40:00Z,149.1989911,152.8577091,148.1296839,154.9767389,150.8582543,3.085253483,3.101821594,3.614771496,4.209148192,4.109242298,0.064151958,0.04909394,0.056874601,0.061614687,0.042661424
2016-09-07T07:50:00Z,154.6279125,146.3386648,160.7780328,164.7527229,152.7534667,2.969532994,2.994295857,4.205999161,4.67405104,4.138611135,0.064125369,0.069601682,0.070484621,0.045565712,0.047513168
2016-09-07T08:00:00Z,138.8438206,158.5522222,150.1714153,161.215491,149.2391744,3.22804038,3.624957975,4.817899296,4.525056166,3.778703515,0.079767683,0.076698816,0.054481906,0.054913453,0.075785141
2016-09-07T08:10:00Z,149.4223849,138.6185838,151.7318992,150.0668541,168.0299225,3.067533346,3.421242275,4.374016792,4.108391786,3.568466559,0.059039196,0.082421307,0.054292383,0.089965059,0.059969368
2016-09-07T08:20:00Z,159.4045182,159.2132638,161.8858357,149.1918262,151.129812,2.795692324,3.468288374,3.640387697,3.201761475,2.992307845,0.089185472,0.084743878,0.065862644,0.071390523,0.090237295
2016-09-07T08:30:00Z,140.7390727,143.1060336,160.9122472,164.5229209,157.4613045,2.500827551,3.173190622,3.588688524,3.344092888,2.977109204,0.079480543,0.092849883,0.072379218,0.073654043,0.074885663
2016-09-07T08:40:00Z,142.2121697,145.1719789,164.9938582,166.9899155,163.3684426,2.335667471,2.798702293,3.308087097,3.619153576,3.130255757,0.073838956,0.080835685,0.047697518,0.034891265,0.060293142
2016-09-07T08:50:00Z,142.3497226,143.2779476,158.8271295,162.5860244,163.0099493,2.427409146,2.477953202,2.880057847,3.539705523,3.289504753,0.061978463,0.076988947,0.059594106,0.063574144,0.080842389
2016-09-07T09:00:00Z,145.7270883,146.8724812,155.10295,172.1720067,167.1610704,2.049894799,2.241281949,2.660500408,3.519394335,3.287069247,0.163143541,0.167812932,0.112603723,0.107999322,0.086791198
2016-09-07T09:10:00Z,157.0046161,153.775758,159.3778944,175.7817431,174.4614382,1.624355381,1.765547598,2.033623781,2.943164318,3.088659088,0.157169929,0.108451817,0.084533415,0.087629779,0.056547906
2016-09-07T09:20:00Z,150.5517333,150.2630714,167.005639,166.1508921,187.1655725,1.413404108,1.560808951,2.07054955,2.879576135,3.124125714,0.109201225,0.106899182,0.094086498,0.117348809,0.07754557
2016-09-07T09:30:00Z,136.9146946,144.0108729,158.4587551,172.8790181,176.8233455,1.557565472,1.714417254,1.883206302,2.408033474,3.294656755,0.08874706,0.101106368,0.107995644,0.082167341,0.096390662
2016-09-07T09:40:00Z,145.9282068,133.3679858,156.9303918,154.29771,182.7119647,1.589738026,1.695086359,1.926269546,2.447492501,3.315762898,0.160119904,0.157531738,0.141950636,0.157066291,0.129341273
2016-09-07T09:50:00Z,129.9104614,143.2542767,154.6470405,165.1372011,160.8019363,2.184285467,2.243568761,2.463076774,2.843848522,3.470644053,0.154663312,0.109757769,0.06666134,0.077453656,0.088446507
2016-09-07T10:00:00Z,130.3215327,135.2134653,153.3915156,151.0434369,141.0864023,2.074888365,2.191235881,2.5707142,3.050297706,3.796927659,0.106172956,0.079624414,0.116494693,0.09849408,0.106008497
2016-09-07T10:10:00Z,132.891084,131.6636644,141.2901911,146.9764947,151.2164452,2.151322255,2.285119782,2.18717697,2.436138433,2.966320173,0.270896729,0.212781642,0.127041009,0.152111766,0.206850345
2016-09-07T10:20:00Z,121.574389,129.0922941,152.2062285,158.8509789,145.3009065,2.23855126,2.239712991,2.419390471,3.110450499,3.47177703,0.207331902,0.109706717,0.166336656,0.440690171,0.231266438
2016-09-07T10:30:00Z,134.6107829,139.6610813,162.1721082,170.0908256,174.8793437,2.260846144,2.415740863,3.105465622,3.565135021,3.757639802,0.071743551,0.092860761,0.143275208,0.082206828,0.042840446
2016-09-07T10:40:00Z,126.4652795,124.6662438,139.365805,164.2888965,186.4900251,2.308039235,2.347234426,2.738488426,3.56771592,3.764690788,0.151041532,0.128979995,0.174825866,0.129538719,0.08502759
2016-09-07T10:50:00Z,127.6274774,132.4730895,155.2801704,152.9976231,173.2881668,2.120316097,2.24379752,2.952258617,3.3104518,3.484582444,0.051239317,0.072378448,0.06281132,0.059508606,0.064867348
2016-09-07T11:00:00Z,110.4566334,123.6523028,149.4375539,164.7980402,174.4406699,1.845889083,2.07143328,2.498104622,3.035601879,3.372779182,0.0889393,0.076355021,0.103374319,0.103531975,0.086809625
2016-09-07T11:10:00Z,107.011333,113.3667874,134.4058012,154.9544144,174.3006607,1.897596104,1.915874988,2.245936818,2.865265126,3.089253635,0.116787081,0.12197816,0.210860904,0.066200792,0.06243353
2016-09-07T11:20:00Z,104.7314325,109.2857062,140.1872558,161.1449635,167.8368651,1.506163663,1.513325485,1.881198264,2.370323894,2.613491851,0.142615808,0.141118361,0.121934445,0.112299102,0.072555016
2016-09-07T11:30:00Z,91.72250423,100.1276596,32.66162081,148.4169184,168.9105162,1.101000089,1.248991596,1.663814404,1.981294887,2.279568188,0.174837499,0.15341772,0.094153091,0.118899314,0.102189529
2016-09-07T11:40:00Z,58.70162875,62.8639862,127.5925525,150.9878684,339.9768505,1.159401252,1.088784095,1.349272019,1.557786211,1.917232344,0.177212109,0.195290474,0.200775319,0.132509203,0.081403748
2016-09-07T11:50:00Z,29.68516976,37.56173942,12.96740821,106.7402238,117.1350939,1.607160475,1.449017397,1.171670269,1.211496059,1.436671845,0.115112284,0.144249347,0.154878174,0.234564292,0.233795076
2016-09-07T12:00:00Z,29.67232578,33.31564561,18.73470467,314.1016816,331.5688785,1.782722993,1.59629356,1.098399287,1.018459552,1.174019041,0.082242891,0.12579211,0.252650665,0.185394452,0.192718847
2016-09-07T12:10:00Z,33.2845144,35.0283286,41.40670782,281.4841549,331.1839624,1.732795155,1.631251211,1.162286547,0.87596531,1.121392807,0.1152283,0.134278355,0.156269759,0.19218364,0.182936663
2016-09-07T12:20:00Z,48.34421453,47.22378829,56.0616913,115.9709603,328.3991377,1.806130084,1.741976981,1.458099231,1.146072229,1.202845294,0.093545078,0.118829432,0.10598282,0.159257444,0.14224169
2016-09-07T12:30:00Z,48.96310298,55.47665885,61.80944949,119.9733874,326.8369122,2.072156024,1.93333083,1.612092308,1.12539986,1.06069591,0.061722067,0.06860324,0.101174936,0.158058142,0.207987199
2016-09-07T12:40:00Z,38.09996152,43.63521644,54.18577021,102.3606005,89.77578573,2.140885839,2.100351035,1.573198307,0.870935258,0.698987317,0.089029241,0.064369228,0.107204997,0.197725776,0.129129887
2016-09-07T12:50:00Z,37.78233661,39.82116118,34.80005235,99.25951816,53.60173637,2.410230747,2.224242444,1.045842062,0.696248299,0.694496132,0.063271906,0.086743493,0.274826019,0.070734484,0.103417846
2016-09-07T13:00:00Z,28.60801658,30.58983476,32.44702772,101.4397978,87.47258051,2.39295233,2.198761493,1.360818361,0.714050637,0.710985407,0.073929825,0.083670924,0.215864045,0.050647803,0.077307241
2016-09-07T13:10:00Z,33.49561632,35.58251384,18.88395819,106.0746172,96.8483664,2.485644622,2.030766164,0.993037011,0.691517281,0.741707199,0.10030245,0.177428782,0.242500308,0.078727021,0.104244524
2016-09-07T13:20:00Z,41.58123862,47.38537373,341.7017447,105.1291595,102.423786,2.589337358,1.889226702,0.879280111,0.691644186,0.703197164,0.114419013,0.14827741,0.284562496,0.021963387,0.063496955
2016-09-07T13:30:00Z,54.51501408,54.53039156,62.41088558,311.1387226,108.2448576,3.26757494,2.676107239,1.674239226,0.783231404,0.704164836,0.067249387,0.099108598,0.162765296,0.200041208,0.109444003
2016-09-07T13:40:00Z,61.39458907,64.49168239,64.19179114,61.23902103,52.45026644,3.587627567,3.257094913,2.308796367,1.648723864,1.242516634,0.067608038,0.06091956,0.092777476,0.216648174,0.26913743
2016-09-07T13:50:00Z,54.7091678,59.37650924,56.07881845,53.78284659,34.86997773,3.566027413,3.269925818,2.463431599,1.909574936,1.145915126,0.034311278,0.060675052,0.048073097,0.080249815,0.137186425
2016-09-07T14:00:00Z,55.38622802,56.08069456,52.00870967,44.25616975,36.23271302,3.511594062,3.078795519,2.454284602,1.868262193,1.57667667,0.041065346,0.038211472,0.069842275,0.135871006,0.221640447
2016-09-07T14:10:00Z,55.80950205,55.14869993,46.98470604,42.64273354,34.14254945,3.072639108,2.818178481,2.288696587,2.028462538,1.585311402,0.074194445,0.093874233,0.087866117,0.062618661,0.115910615
2016-09-07T14:20:00Z,52.24989312,54.99693346,47.15054817,44.70816084,32.169755,2.788092098,2.395600107,2.143022219,1.837333613,1.397102042,0.072053189,0.04330506,0.048631238,0.063446982,0.155207529
2016-09-07T14:30:00Z,43.03148501,36.75317834,31.54006214,24.58035022,15.24663287,2.680839267,2.364580015,2.197839206,1.967729266,1.712254891,0.057462915,0.064309029,0.077539249,0.092734812,0.095687154
2016-09-07T14:40:00Z,28.25829891,23.34727582,17.73758292,7.697235101,1.028364706,2.478732267,2.274783155,2.13654625,1.750273496,1.224281491,0.074349961,0.079932152,0.084974308,0.124064255,0.228116668
2016-09-07T14:50:00Z,43.24549416,39.89062172,35.61292524,32.03474707,26.25785774,3.972689924,3.309400173,2.905398225,2.555671892,2.169691611,0.116060983,0.119105504,0.09884293,0.095491778,0.146046683
2016-09-07T15:00:00Z,49.32192718,48.38895311,39.12047669,36.4811123,28.61864542,3.964086233,3.725116712,2.889624901,2.589424406,2.225524647,0.065908742,0.065932653,0.060844394,0.079003941,0.080226427
2016-09-07T15:10:00Z,45.04183972,38.60078032,38.81060591,32.91208712,25.13890981,3.819473335,3.662610911,3.031757454,2.633412065,2.437589224,0.100783513,0.065355824,0.044630819,0.046595249,0.081179013
2016-09-07T15:20:00Z,43.57441982,42.0901253,39.82828133,34.31805076,28.75394227,3.830916383,3.811817436,3.410520146,3.130096956,2.7822125,0.042916863,0.046593144,0.053750614,0.084011186,0.108230532
2016-09-07T15:30:00Z,34.38167761,33.88173781,30.84429139,24.30475006,22.33454335,3.598046735,3.557955609,3.176154901,2.780658481,2.327633728,0.086113646,0.064923551,0.051108127,0.095721431,0.1303166
2016-09-07T15:40:00Z,38.43148797,33.17318939,33.24625208,22.68672673,27.36379083,3.910088416,3.352522609,3.129952746,2.64346913,2.447562223,0.065423543,0.059840067,0.054500243,0.082440906,0.053769008
2016-09-07T15:50:00Z,36.1673064,35.93868387,36.55715287,30.94434028,26.63056944,4.292754793,3.896568278,3.872343244,3.283110996,2.823070593,0.06284055,0.071900493,0.087292286,0.116642562,0.128522821
2016-09-07T16:00:00Z,42.47734664,45.32830091,44.39448922,38.78757059,34.82641073,4.436369044,4.531097319,4.412312245,3.823355886,3.569926099,0.040494839,0.053191685,0.102137903,0.09928176,0.1081932
2016-09-07T16:10:00Z,40.59092636,40.69854293,41.62046842,39.98264902,37.7313904,4.950092743,5.202240295,5.358435597,5.102164593,4.521752004,0.044698149,0.070073259,0.067797624,0.100511023,0.088597876
2016-09-07T16:20:00Z,38.73175825,41.20099731,40.90037477,41.3885071,36.58490187,4.699713086,5.14168756,5.077847645,4.519423184,4.28267091,0.049948008,0.050078331,0.091015938,0.112355034,0.134391507
2016-09-07T16:30:00Z,37.70484839,33.66548539,36.13376453,35.40924929,35.90404868,4.967260886,5.298804704,5.616297694,5.184141128,4.546448801,0.048977681,0.099221324,0.060248375,0.078629142,0.10995193
2016-09-07T16:40:00Z,37.93364664,37.09094796,42.49496249,37.73009875,34.50941633,5.027092163,5.485915216,5.090235831,4.760827761,4.502848785,0.052223289,0.048259016,0.059879597,0.071799143,0.074281653
2016-09-07T16:50:00Z,42.1255263,38.96087349,41.73734439,40.35604106,34.34483846,5.2820986,5.529051779,5.147995148,5.245634002,4.435540556,0.051163584,0.066273174,0.078176499,0.080561082,0.085091811
2016-09-07T17:00:00Z,47.627993,45.3922372,39.08993282,36.35890882,34.12872122,5.415135106,5.775532882,5.584491423,5.144025438,4.566347492,0.067926548,0.051685449,0.05992705,0.064425446,0.064481229
2016-09-07T17:10:00Z,47.26967237,48.57389107,42.01920413,40.57783335,37.31088172,4.641812826,5.156603314,5.678895591,5.383319326,4.819114257,0.054066482,0.06320033,0.052991599,0.048232285,0.083964751
2016-09-07T17:20:00Z,53.86217217,52.76960512,49.71749053,48.56916106,45.85304227,4.848407712,5.38381382,5.72604395,5.624655852,5.136120001,0.050349732,0.054793374,0.042935461,0.057983971,0.09359544
2016-09-07T17:30:00Z,53.7541591,55.86882794,48.83904061,47.15684972,43.63916348,4.936864587,5.12566603,5.591877171,5.373862864,4.943960614,0.076038755,0.05607598,0.067346754,0.066898384,0.054848862
2016-09-07T17:40:00Z,58.78214083,54.97782148,51.6181781,47.31195554,48.67319052,4.315560245,4.903720967,5.382617277,5.392544243,5.0690383,0.080940727,0.077558921,0.061599828,0.065074438,0.061976434
2016-09-07T17:50:00Z,53.78852845,55.39417014,52.19865624,47.42406951,47.32729772,4.483101632,4.86296374,5.205353735,5.199929024,5.026460743,0.085977388,0.085821734,0.064672144,0.071810764,0.084648426
2016-09-07T18:00:00Z,61.88020538,60.1633706,57.24978818,54.08679567,50.59463824,5.30055852,5.54818275,5.811330633,5.427879944,5.101356552,0.085691073,0.066918094,0.095190863,0.06931354,0.0611786
2016-09-07T18:10:00Z,59.41080407,56.66601085,58.68388541,52.93679606,53.76793594,5.241682079,5.401323116,5.442242692,5.578655421,5.159281724,0.109968662,0.068599433,0.065842101,0.082387615,0.068191976
2016-09-07T18:20:00Z,59.18886099,60.53544419,60.0777481,55.07724341,49.38944824,5.072468851,5.267675504,5.212320652,5.177445927,5.230128,0.092817128,0.090435268,0.066055805,0.083686141,0.076836528
2016-09-07T18:30:00Z,55.17791183,56.67989588,56.68547287,55.43685885,50.62552244,5.23350922,5.26749349,5.348334278,5.231451363,5.51467303,0.076960392,0.084235282,0.03996831,0.060584585,0.068304879
2016-09-07T18:40:00Z,60.91824807,57.85546149,55.41384696,54.40630296,61.12361617,4.853307515,5.347143844,5.586003199,5.54464749,5.693174519,0.105341153,0.081149202,0.060551744,0.064843533,0.060293304
2016-09-07T18:50:00Z,59.48671721,54.37134265,55.42731956,56.90357161,56.58879898,5.43086761,5.863163858,5.764670283,5.985216101,6.299225407,0.078508914,0.066887865,0.060939615,0.078937139,0.083605076
2016-09-07T19:00:00Z,50.90905139,49.69239692,54.69733096,57.04690492,60.2379977,5.33975785,5.797811563,5.95710125,6.602504352,6.692958917,0.063026301,0.063198255,0.06313838,0.053123633,0.043433228
2016-09-07T19:10:00Z,55.3886937,56.41616048,53.41099231,55.33513202,55.00687709,5.067470615,5.824540729,6.300618638,6.764746497,7.208055694,0.052116026,0.081680066,0.073447317,0.07752614,0.062896896
2016-09-07T19:20:00Z,47.53638381,47.68570921,49.91210795,50.04115728,54.07203403,4.830666854,5.623930775,6.070177443,6.387295356,6.59680025,0.077092872,0.056898643,0.074602379,0.075012876,0.075787848
2016-09-07T19:30:00Z,51.10046317,53.24705532,51.82917962,56.18903631,61.41932435,5.140802963,5.49962358,6.097635363,6.90390823,6.690327857,0.055928591,0.073896899,0.067325222,0.060559418,0.063694038
2016-09-07T19:40:00Z,53.73168202,55.67956268,61.83241578,60.91967683,60.49329092,5.204993461,5.854587007,6.257435054,6.835031061,6.960897789,0.078276623,0.068346276,0.05768942,0.05703344,0.085300755
2016-09-07T19:50:00Z,57.40930054,56.49606783,63.55809245,65.46912791,73.08507789,4.976235043,5.851074803,6.477329548,6.886401656,6.714834878,0.087778075,0.079235945,0.060930875,0.088545584,0.084870623
2016-09-07T20:00:00Z,63.25084332,64.55019815,73.48107971,89.35196329,86.64793039,4.627083685,5.041911342,5.928469731,6.606285478,7.050710048,0.070459589,0.069484777,0.06121756,0.087048007,0.085733256
2016-09-07T20:10:00Z,69.34876705,78.91588731,84.39987073,82.51953506,85.11950197,5.392827791,5.637040317,6.711903934,7.405127756,7.518298801,0.084398937,0.064170362,0.096972619,0.058041856,0.06483223
2016-09-07T20:20:00Z,90.01227083,91.71087804,96.22678723,102.3930806,97.75139115,5.822968187,6.603907397,7.533255479,7.779547408,7.309321087,0.075341632,0.086354212,0.077937359,0.075276239,0.087253038
2016-09-07T20:30:00Z,103.9830986,102.9749581,97.73044126,95.90189994,102.8395905,6.752880567,7.725615379,7.804299933,7.474300537,7.638976648,0.048345405,0.070573093,0.091268765,0.047704808,0.06417933
2016-09-07T20:40:00Z,94.31644415,95.91493647,96.03941337,99.406234,101.6456942,6.449343381,7.808586613,8.494383554,8.082805438,8.193380207,0.058843395,0.081913464,0.084601495,0.053019635,0.058693034
2016-09-07T20:50:00Z,94.55704943,100.0662859,99.7986419,104.6432272,99.81780246,6.40483843,7.258765624,7.919024521,8.521269583,8.136062748,0.073875075,0.062933097,0.065946792,0.063894372,0.08135668
2016-09-07T21:00:00Z,84.82479067,86.60715009,97.304906,102.0674179,103.6677161,6.257630981,6.893794104,8.280232893,9.108797231,8.661328646,0.068762306,0.070011238,0.054587971,0.056674666,0.051064267
2016-09-07T21:10:00Z,90.2112557,97.80865263,95.13422887,102.6656503,100.9194644,6.381146995,7.149925592,8.223723919,8.431199439,8.320556746,0.064883455,0.068644583,0.073235049,0.068319156,0.082269855
2016-09-07T21:20:00Z,94.7569079,90.58649756,95.37619945,102.6965928,97.98446152,6.38393209,6.921850293,8.294442405,8.897166455,8.207100609,0.098050467,0.054177785,0.075442802,0.065944552,0.072543656
2016-09-07T21:30:00Z,95.0197164,99.43532093,103.2400633,96.91954394,108.1826694,6.823730081,7.615687619,8.223323394,8.483056416,7.991630927,0.055845993,0.071872731,0.070623477,0.071181941,0.093131731
2016-09-07T21:40:00Z,94.20758831,95.87104309,104.3634886,100.3230677,101.6390048,7.00241143,7.353098003,8.749475719,8.260049379,7.988975336,0.072817659,0.091077867,0.075188248,0.068240921,0.068143034
2016-09-07T21:50:00Z,96.17978521,98.82751746,100.8853718,98.26998273,111.7507244,6.924492634,7.48039279,8.611950247,8.21361348,7.735545124,0.087233462,0.082127104,0.044849551,0.085902455,0.075241808
2016-09-07T22:00:00Z,101.7043092,99.86761101,110.1564623,105.8473954,114.7809092,7.000390721,7.886826872,8.535339808,8.311256165,8.15369871,0.084147559,0.066284608,0.062367815,0.063388992,0.059465865
2016-09-07T22:10:00Z,94.73681397,105.3680855,109.2824482,115.1417979,104.33183,6.680988927,7.741456912,8.604959023,8.448004806,8.696153529,0.108218305,0.094264264,0.070131361,0.068144935,0.104699021
2016-09-07T22:20:00Z,99.52148972,108.3642609,112.1238762,106.2870633,108.9109045,5.375477332,6.010240244,7.257721698,7.882935396,7.777997724,0.106352387,0.087742289,0.075863159,0.09815848,0.063455632
2016-09-07T22:30:00Z,102.1210948,101.8050275,103.358895,109.0644228,107.0702224,5.358736904,6.481352542,7.28949536,6.941210999,7.35845224,0.120528732,0.101725859,0.071593189,0.101169637,0.088094517
2016-09-07T22:40:00Z,103.5941793,102.5066877,104.0100602,111.1225853,115.0481668,6.012577546,6.880134866,7.283098541,8.010071535,8.638795595,0.076062592,0.075889329,0.092143473,0.109472292,0.06211233
2016-09-07T22:50:00Z,100.7251722,98.77093047,111.1344008,106.3082559,115.6512197,6.077095816,6.850525992,7.98952061,9.183273143,8.478814487,0.07362835,0.079765412,0.072482967,0.072724489,0.081995503
2016-09-07T23:00:00Z,94.86382307,97.69841562,105.9574576,106.765907,107.3855178,5.901921766,6.793667052,8.439837767,9.235467231,9.299113995,0.106508613,0.098836725,0.07639985,0.053571902,0.069249599
2016-09-07T23:10:00Z,99.09457275,91.44672908,102.9617837,111.0900301,114.5534622,5.495356618,6.001440848,7.144904057,8.353041972,8.97627728,0.118245715,0.067822361,0.106916459,0.07979549,0.079576019
2016-09-07T23:20:00Z,87.74305098,84.2700161,95.21049821,109.2706059,111.6071286,5.401925834,6.072615537,7.459270293,8.364331773,8.351464155,0.074884725,0.079680204,0.080698431,0.057199956,0.060996344
2016-09-07T23:30:00Z,99.82012319,90.5381227,107.5827898,112.0261908,121.5918243,5.708254423,6.602925228,7.548668392,8.071561021,8.152021572,0.080838136,0.063598098,0.09620187,0.100455328,0.079123273
2016-09-07T23:40:00Z,99.02280916,106.8237422,102.4311011,102.0929294,108.2132077,5.61910062,6.07108044,6.822243632,7.715407433,7.931293336,0.092920369,0.066641181,0.062853999,0.05624631,0.063425105
2016-09-07T23:50:00Z,102.2243849,103.4227384,111.9967857,107.5709477,117.4496517,4.986931202,5.290035245,6.117746357,7.295584105,7.924509776,0.085313361,0.051806589,0.058347472,0.053888,0.072030466
