LOCATION: 
SYSTEM SERIAL: HKZMAST
TIMESTAMP (ISO-8601) UTC,WindDir030m deg,WindDir040m deg,WindDir060m deg,WindDir080m deg,WindDir100m deg,WindSpeed030mh m/s,WindSpeed040mh m/s,WindSpeed060mh m/s,WindSpeed080mh m/s,WindSpeed100mh m/s,TI 030m,TI 040m,TI 060m,TI 080m,TI 100m
2016-11-30T00:00:00Z,259.6948164,241.4114661,264.8746176,280.6000097,260.7297926,5.439602496,5.837574307,5.885235069,5.704577219,5.681864253,0.163369749,0.205189173,0.154638493,0.160898548,0.133162323
2016-11-30T00:10:00Z,244.9290237,253.6921732,244.4863577,254.1049109,240.3578883,5.73667031,5.746007384,6.062277686,5.947806454,6.111196674,0.144893712,0.125911623,0.095156964,0.16250391,0.154516736
2016-11-30T00:20:00Z,244.3946023,248.743211,244.2394438,238.2721289,246.4165999,6.26480244,6.462787966,6.304672786,6.2169246,6.267786657,0.152926259,0.148531148,0.159548649,0.111709156,0.141053682
2016-11-30T00:30:00Z,253.0319047,237.7334974,240.5063698,240.5505037,251.8145159,6.429326699,6.431383097,6.576300341,6.475162431,6.112906723,0.233143509,0.196695014,0.163505873,0.138290472,0.223521064
2016-11-30T00:40:00Z,250.8087432,248.2964225,252.871355,251.5039055,245.0392407,6.194957494,6.589894727,6.727806712,6.974337056,6.765318639,0.178805198,0.171185188,0.124223228,0.14948928,0.134995951
2016-11-30T00:50:00Z,262.6512042,264.0083259,239.0861603,241.2244994,244.7452056,6.145768943,6.651862847,6.991416299,6.51185695,6.464358204,0.174605949,0.165611826,0.170827197,0.17993721,0.176795997
2016-11-30T01:00:00Z,265.9247491,240.1730272,242.6783424,247.5993033,249.2535897,6.662555633,6.709487025,6.846396988,6.959141195,6.830717518,0.14526415,0.101477512,0.133914075,0.161497149,0.144151674
2016-11-30T01:10:00Z,240.9975869,253.373211,260.3868509,266.609867,252.248688,6.896630897,7.018206976,7.066773399,7.229594797,6.544065787,0.137883036,0.140684987,0.10946927,0.135422266,0.191894554
2016-11-30T01:20:00Z,264.2967137,247.7675388,252.6186547,260.9101911,255.841255,7.118712064,7.35470053,7.544894522,7.463440869,7.461412454,0.123734292,0.174151784,0.143398111,0.14292113,0.124772575
2016-11-30T01:30:00Z,245.6928134,239.9593038,245.4127904,236.0475637,244.3910522,7.345686985,7.640823023,7.479591487,7.448321901,7.792882945,0.170810074,0.134117154,0.132956705,0.147158868,0.141343269
2016-11-30T01:40:00Z,251.8887978,252.0732383,243.9640244,265.2331502,249.4307116,7.401718555,7.447915781,7.746066517,7.63175357,7.729903121,0.155244186,0.098312454,0.1564101,0.133390531,0.153766801
2016-11-30T01:50:00Z,244.5387775,256.7824155,258.1578047,248.8958076,246.1600236,7.762070939,8.164206318,7.971463171,7.654091986,7.712309894,0.148427464,0.147031,0.148579807,0.125336595,0.110359066
2016-11-30T02:00:00Z,265.2776449,253.7412282,262.7420235,277.100755,254.3117688,7.594622063,7.900992962,8.022472079,7.903647693,8.166211466,0.139874262,0.103525886,0.121732607,0.138983928,0.120494013
2016-11-30T02:10:00Z,235.9961274,242.8323183,250.7474663,243.2246359,268.6638999,7.541317037,7.452530847,7.697269531,7.855355913,7.633891082,0.103635879,0.137109503,0.124573721,0.099424864,0.107093076
2016-11-30T02:20:00Z,282.3927196,269.0377753,271.0607058,277.0140277,252.8751543,7.831928668,7.564271585,7.86914847,7.873244547,8.059594085,0.173787993,0.134584558,0.113973421,0.090323961,0.133243379
2016-11-30T02:30:00Z,259.0479548,252.1936764,269.0186291,257.5472429,271.4240386,7.761290625,7.937311399,7.9328409,8.102799522,8.317942343,0.106879661,0.118627715,0.12286309,0.129401757,0.108604828
2016-11-30T02:40:00Z,260.8850585,258.339385,262.5799371,258.5948895,261.519932,8.577743598,8.778079399,8.178491838,8.36750353,8.66546695,0.107528882,0.11595776,0.132473634,0.129972075,0.118489229
2016-11-30T02:50:00Z,301.1086057,292.6070934,262.3215625,274.3189825,286.3527325,8.604577461,8.318928917,8.335985427,8.585968701,8.821064616,0.144362106,0.113909496,0.163095197,0.176777044,0.117488099
2016-11-30T03:00:00Z,265.4812671,248.3162447,266.8382635,273.2112402,251.6971459,8.382655077,8.146657096,9.002376412,8.813631389,8.997948977,0.116168703,0.124102381,0.11431337,0.171673805,0.107957575
2016-11-30T03:10:00Z,286.9916785,274.1933322,275.210206,287.0405684,268.8255053,8.608801418,8.534059785,8.768945514,8.588171864,8.486368068,0.147408673,0.122373837,0.148783199,0.14819114,0.113726958
2016-11-30T03:20:00Z,271.9313298,263.779946,256.7156472,265.8012954,248.5430267,9.028983593,8.666948052,9.167382023,9.658424177,9.274219889,0.136886283,0.120321233,0.09178506,0.095316983,0.128082487
2016-11-30T03:30:00Z,283.352112,255.3819485,273.3362678,285.2040442,278.5750088,8.83739009,9.15070341,9.364419943,9.519647762,9.652968612,0.135297069,0.106469958,0.12326407,0.135986684,0.149927944
2016-11-30T03:40:00Z,289.7412199,288.3212263,290.260596,279.4340089,281.0305327,8.850946589,8.886223734,9.6577034,9.043050502,9.0960187,0.147852296,0.120798304,0.155598113,0.09102038,0.12385272
2016-11-30T03:50:00Z,261.4184355,239.2993114,272.672879,278.4906241,266.5662578,9.041715798,9.202058706,9.002131208,9.082848828,9.237344813,0.097125861,0.153374625,0.173489365,0.119997666,0.147459859
2016-11-30T04:00:00Z,268.6096571,266.1753477,277.6724156,287.2351946,257.5971683,9.284679865,9.571074165,9.61170713,9.413615646,9.069841591,0.120346854,0.104754228,0.080416883,0.104920135,0.137135609
2016-11-30T04:10:00Z,267.9521642,279.4089665,253.8497327,289.1524151,270.9631677,9.25926034,9.593989841,9.674485216,9.629188883,9.589042797,0.131231176,0.113496584,0.111589521,0.156856723,0.115552633
2016-11-30T04:20:00Z,279.9446834,275.4864361,257.2680795,262.8968719,276.4114976,8.939808045,9.700932845,9.303570883,9.532319439,9.407575796,0.095693001,0.163865004,0.137651539,0.112124637,0.118531908
2016-11-30T04:30:00Z,277.8654972,277.7977966,284.8046423,286.3008792,280.1420997,9.496897432,9.459285285,9.645616938,9.320450781,9.637132331,0.144368122,0.116246146,0.143980981,0.111182762,0.140842841
2016-11-30T04:40:00Z,258.2482393,289.288623,286.7397142,269.6116983,272.04405,9.146116671,9.498237381,9.299403765,9.792533334,9.899960985,0.172118161,0.134225455,0.084263112,0.14537477,0.110447114
2016-11-30T04:50:00Z,270.0236271,256.9568577,269.2561461,263.2041279,287.2861019,10.03857488,10.20902396,10.20516584,10.74516028,9.895374419,0.102122955,0.127921587,0.119257065,0.161741796,0.119752806
2016-11-30T05:00:00Z,272.1788688,261.7049864,278.2196729,291.6463336,260.4962279,9.970648025,9.991061657,10.50422638,9.764891168,9.65351883,0.166589545,0.130503577,0.150416777,0.158281692,0.135333367
2016-11-30T05:10:00Z,283.5071662,260.664905,261.9061118,261.4945185,293.0000405,10.11894606,10.32437382,10.35116993,11.11273345,10.40363152,0.184892708,0.127664025,0.107262868,0.138292162,0.100824953
2016-11-30T05:20:00Z,277.1859839,284.7504095,264.3637662,275.1069039,282.4777197,10.15523688,9.970496559,10.29109598,10.53584901,9.893238207,0.143020508,0.112913598,0.144467447,0.133275347,0.132669814
2016-11-30T05:30:00Z,279.7991442,283.2056945,288.9408812,267.7420527,271.3838503,9.495405119,9.909806854,10.2149127,9.764433432,9.584854024,0.144584664,0.099156399,0.119211644,0.170866635,0.141860846
2016-11-30T05:40:00Z,289.6275511,279.5290315,264.7616808,255.2162002,285.4705267,10.11851762,10.44791047,10.24801107,10.3001498,10.03739916,0.123005197,0.18710069,0.162804101,0.12940761,0.180209567
2016-11-30T05:50:00Z,272.1283789,280.3216696,294.0712728,273.1299491,288.4606883,10.00258119,9.605985464,10.14819583,9.95556506,10.10797071,0.161079909,0.109673437,0.095100252,0.121980768,0.169825697
2016-11-30T06:00:00Z,269.7851192,305.5109208,292.0704801,275.192639,289.547467,9.361724735,9.558670848,10.17053029,10.35603241,9.775941788,0.112794897,0.146291219,0.144218947,0.114332007,0.143052601
2016-11-30T06:10:00Z,285.3707204,292.8553383,293.1758161,312.3156761,281.9771531,9.224890661,9.623458282,9.659243729,10.04297447,9.714032336,0.16637668,0.108568803,0.128501829,0.130585195,0.117679066
2016-11-30T06:20:00Z,301.5190665,285.3356705,289.5568408,275.8828608,296.4993588,9.322543615,9.433520512,9.458144498,9.725760157,9.661312122,0.161673695,0.153476644,0.128274238,0.125622084,0.123471652
2016-11-30T06:30:00Z,294.6081956,306.5365187,300.4529665,295.1530748,280.5671011,8.981038688,9.274197077,9.478894704,9.785846153,9.339816938,0.153799608,0.173918665,0.138256225,0.151485395,0.130854156
2016-11-30T06:40:00Z,302.4339191,280.5767806,293.0717219,289.0379141,305.4974904,9.653411351,9.71232866,9.89777378,9.810719317,9.907321723,0.127164436,0.144269404,0.165191219,0.143678366,0.150291534
2016-11-30T06:50:00Z,295.0272729,315.2224591,309.7157929,279.9833066,302.7903569,8.979874524,9.062244148,9.181554594,9.316493691,9.208435044,0.145449247,0.1609181,0.11701136,0.142758177,0.119492372
2016-11-30T07:00:00Z,320.4426173,311.3087135,294.6806214,288.945003,284.4446464,8.583731813,8.853640199,8.991575552,9.070123999,9.017521793,0.155319905,0.145045177,0.157665968,0.131498613,0.122550877
2016-11-30T07:20:00Z,302.052824,276.0272467,293.4864855,278.242111,286.5730794,8.632485077,8.631596607,9.045299964,9.014557546,8.796376828,0.127158861,0.115072381,0.118678524,0.123886193,0.153364675
2016-11-30T07:30:00Z,291.3413433,287.7385539,288.9405839,301.3801043,306.4269151,8.493837197,8.620358082,8.94896106,9.142542387,8.908955304,0.11066572,0.119952303,0.106819823,0.129241423,0.130862914
2016-11-30T07:40:00Z,275.3906867,291.2103986,292.6547479,292.2848497,292.2115631,8.569788993,8.807788587,8.944403252,8.894098625,8.673843881,0.115026242,0.122006799,0.086366306,0.083565395,0.094623614
2016-11-30T07:50:00Z,289.8687655,314.8324489,266.0722858,298.1419304,281.3694938,8.194263222,8.464175781,8.822902931,8.037601458,8.70296135,0.156148101,0.223863409,0.120049987,0.09494582,0.112805394
2016-11-30T08:00:00Z,267.7574526,285.4128253,283.0972364,278.0878947,316.9803152,8.202853287,8.26059152,8.542763961,8.582066797,8.359693795,0.100924575,0.091120217,0.103861005,0.124220953,0.13082128
2016-11-30T08:10:00Z,290.9440971,299.4312156,300.9528171,270.4711678,284.8188972,7.900102387,8.05390944,7.998516218,8.266494962,8.369082707,0.173601151,0.138623051,0.133318199,0.115736989,0.125701128
2016-11-30T08:20:00Z,286.1411353,289.105415,283.8011082,281.871327,291.8456446,7.699188389,8.078570889,8.056132298,8.395318646,7.988209274,0.110601998,0.138612235,0.160031316,0.107115806,0.12984813
2016-11-30T08:30:00Z,289.8505733,277.8513832,266.978539,284.1872089,302.1348082,8.102124781,8.255505834,8.321077671,8.588616413,8.546708031,0.15186729,0.132968171,0.121980058,0.111292234,0.157683091
2016-11-30T08:40:00Z,273.2737498,289.9560805,260.1087747,275.7316444,284.0733009,8.399217987,8.108423976,8.244588951,8.764587293,8.444792344,0.153867596,0.146058044,0.156540434,0.159948367,0.120091262
2016-11-30T08:50:00Z,280.4430863,262.9379003,279.8378232,267.6569423,290.5773896,8.634858133,8.895199561,8.387806178,8.771414352,8.593039128,0.153845382,0.112062633,0.09553235,0.081309779,0.170009121
2016-11-30T09:00:00Z,290.5442471,272.0609354,276.6923233,276.6017926,275.8368705,8.342397461,8.33145157,8.695005179,8.630033176,8.54726882,0.131794126,0.138430578,0.145255209,0.112863657,0.136979809
2016-11-30T09:10:00Z,275.5620756,261.5467951,284.0726888,286.0495583,275.0320272,8.725820058,9.083030882,9.400572753,9.280509416,8.900311141,0.137794182,0.115957624,0.135658734,0.119948763,0.119779251
2016-11-30T09:20:00Z,283.945974,276.2917982,278.5900488,279.0748224,282.2153398,8.68771967,9.147577317,9.049390719,8.748302541,8.84277145,0.126148711,0.072041984,0.118645932,0.115058988,0.145860696
2016-11-30T09:30:00Z,297.6083888,293.3647791,280.9255241,268.7907173,278.305386,9.228294869,9.626058391,9.004749204,9.144970665,9.444991892,0.078483947,0.078726872,0.117829315,0.147045641,0.137832584
2016-11-30T09:40:00Z,288.6901894,291.0187644,276.9733894,294.5197968,270.2573627,8.743401597,9.341563795,8.452986602,8.964653361,8.656621524,0.081862578,0.138647477,0.130679348,0.125936665,0.126896589
2016-11-30T09:50:00Z,268.3025122,270.7149287,274.13454,283.2405113,267.5604324,8.318979656,8.5598052,8.430031803,9.044216993,9.241951264,0.140781736,0.117429868,0.091924615,0.124504016,0.11778509
2016-11-30T10:00:00Z,260.7380704,272.8075047,271.6876879,279.4856815,259.1597188,8.977752099,9.099152325,9.178788708,9.468244713,9.491657492,0.089400261,0.111557417,0.124176507,0.133597779,0.110395174
2016-11-30T10:10:00Z,278.968637,261.4889185,276.6660066,272.5334022,273.6919603,9.038570647,9.152657032,9.180032852,8.982651742,9.17967947,0.104113255,0.15244992,0.150665235,0.146073765,0.129022625
2016-11-30T10:20:00Z,263.8364603,263.9242712,296.615537,264.7140257,288.0777496,8.733087656,9.040919791,8.761419054,8.735796135,9.099992385,0.111746551,0.081115619,0.082382156,0.082080362,0.114827528
2016-11-30T10:30:00Z,292.5545967,262.9732383,277.9228929,292.7311784,271.9775827,8.788348895,9.248673674,9.399440786,8.976102796,9.350248926,0.130589785,0.133909373,0.14830489,0.116760571,0.130389132
2016-11-30T10:40:00Z,284.9681455,266.7562368,289.0934708,294.3033365,308.3901172,8.638002204,8.651607301,9.31806834,9.22352088,9.352191498,0.115974602,0.15239732,0.133825872,0.138313878,0.144020643
2016-11-30T10:50:00Z,289.231913,308.5000676,285.3818196,274.6384238,300.0491615,9.070635889,9.233169558,9.339013418,9.045749681,9.338881802,0.121697317,0.137524388,0.128428608,0.13612232,0.102297568
2016-11-30T11:00:00Z,260.1570955,290.512938,287.4168452,304.1622864,273.2946129,8.367370652,8.753752542,8.855977127,8.438783871,8.680814199,0.118142123,0.146011041,0.141493265,0.097811702,0.144658663
2016-11-30T11:10:00Z,289.0007224,280.4702219,272.216688,256.6989226,272.0576657,7.902226266,8.422245346,8.185793703,8.261972464,8.861561592,0.11973981,0.117292727,0.12838615,0.15390729,0.165038166
2016-11-30T11:20:00Z,314.0311332,276.1775461,258.0457238,274.373983,269.0861474,8.313230481,8.748690122,9.096716429,9.391652528,9.249988365,0.144602354,0.138807209,0.136247644,0.119490557,0.130615084
2016-11-30T11:30:00Z,261.2701927,268.5920154,275.1964986,268.8934869,267.3164373,9.323065554,9.361965813,9.693081467,9.626615945,9.888129066,0.122492394,0.147064103,0.136468472,0.082369763,0.117304612
2016-11-30T11:40:00Z,259.3546953,285.3509815,270.0551077,265.2463129,289.8263847,9.111147334,9.179043064,9.334771233,9.290705913,9.271178899,0.18274988,0.111490043,0.142659723,0.126393863,0.112508609
2016-11-30T11:50:00Z,292.0420515,266.3241074,280.9483284,265.2505403,298.3390484,8.583285246,8.749387482,8.891245679,9.326710943,9.163638346,0.133894031,0.093860663,0.15611698,0.118168757,0.172681131
2016-11-30T12:00:00Z,276.5721413,275.7930722,273.8695737,278.4176056,270.3969333,8.892500891,9.15476377,9.254106735,9.560323916,9.262591376,0.151162763,0.145261771,0.112326884,0.139234578,0.129418465
2016-11-30T12:10:00Z,277.1956445,279.2224444,249.9748318,283.3441539,273.4395667,8.702165071,8.723834702,9.159343388,9.443444347,9.563383425,0.130195424,0.155514688,0.146889876,0.13713822,0.127057388
2016-11-30T12:20:00Z,283.3211526,254.953778,291.9746795,265.1017976,268.808004,9.117825221,9.035570691,9.730766301,9.399551848,9.36060806,0.10670151,0.122657104,0.083185713,0.099500169,0.100804751
2016-11-30T12:30:00Z,277.0084254,289.8526472,267.080849,298.8125337,266.1341895,9.766466378,9.98126527,9.681325583,9.692157338,9.921104295,0.144620445,0.137649405,0.116023608,0.096877842,0.131761723
2016-11-30T12:40:00Z,272.1771092,282.9380134,282.7582592,259.5937253,283.5546154,9.342388947,9.694512787,9.233218066,9.149282176,9.061759612,0.114998895,0.131727522,0.133011253,0.127057428,0.163845546
2016-11-30T12:50:00Z,274.7044229,294.1695841,286.710939,255.4593221,272.9546989,9.323110916,9.674807669,9.756239401,10.06192127,9.879006342,0.098953183,0.140494104,0.114077934,0.125958029,0.124032832
2016-11-30T13:00:00Z,276.8425966,261.1114006,279.7717842,272.0219346,282.9475562,9.376463721,9.888614424,9.998093401,10.32253004,9.544129204,0.138284374,0.142570373,0.128613754,0.112090646,0.180196768
2016-11-30T13:10:00Z,265.2657795,262.7967172,250.8907477,277.5858177,259.2466502,9.582058068,9.502526812,10.10896217,10.34150313,10.70799667,0.142992385,0.193340022,0.108203779,0.108242559,0.107700144
2016-11-30T13:20:00Z,270.7289441,273.0747613,275.0671042,273.2269288,282.3912642,9.516763756,9.618425601,9.364331893,10.00696987,9.952409888,0.143651371,0.101677436,0.127408423,0.13570066,0.136530762
2016-11-30T13:30:00Z,283.1784024,277.8437075,316.3374517,271.6489187,285.7176448,9.684449914,9.392276918,9.916113414,10.35588619,10.68660959,0.134577977,0.129402545,0.095630074,0.118673133,0.093234798
2016-11-30T13:40:00Z,299.7150365,267.6008302,292.9354012,268.7389605,282.6106399,10.11447147,10.55945421,10.1923792,10.6458066,9.974515921,0.120832054,0.118492124,0.091265062,0.090489215,0.104382133
2016-11-30T13:50:00Z,289.2315229,277.1367998,278.8830405,273.6413687,292.529854,8.988786587,9.369863806,9.856319853,10.024365,9.536608158,0.111472007,0.06452448,0.140251952,0.104006683,0.116256534
2016-11-30T14:00:00Z,295.115366,278.438467,272.7146032,287.202744,277.6603726,9.31978597,9.803040782,9.705551529,9.848506231,9.720385394,0.122335355,0.128749311,0.102897282,0.133064715,0.106192992
2016-11-30T14:10:00Z,293.9123776,269.8755676,285.5183746,260.0921507,278.1668714,9.230183599,9.054982482,9.264367589,9.186082062,9.334407065,0.154294704,0.128720961,0.097378093,0.090531,0.109921072
2016-11-30T14:20:00Z,262.1315686,271.0555016,285.6471175,274.426828,272.0328579,9.019336684,9.180629711,9.458420153,9.417860247,9.410967532,0.130475957,0.104347449,0.099257289,0.125061901,0.100015785
2016-11-30T14:30:00Z,254.171365,277.8878512,290.0310792,286.6515356,287.7044505,9.163133878,9.782978798,9.510182783,9.435740957,9.776245274,0.15277598,0.120085594,0.107987535,0.123286763,0.125222481
2016-11-30T14:40:00Z,278.5114448,266.294673,268.2726909,258.7381657,270.3952905,9.342071254,9.388005832,9.299918717,9.317374688,9.323499351,0.091930875,0.121040707,0.164983973,0.116362438,0.139951635
2016-11-30T14:50:00Z,295.0696389,272.6607649,286.7965355,276.1483602,268.0611907,8.879571255,9.473281345,9.451815176,9.157086939,9.501676905,0.113983015,0.12157082,0.156276949,0.128638131,0.080193984
2016-11-30T15:00:00Z,270.0878552,270.7668058,286.1003155,282.3352647,280.6701856,9.566720186,10.00048774,10.15823963,9.538574137,10.24780504,0.147446582,0.141471045,0.097537995,0.139133776,0.126126648
2016-11-30T15:10:00Z,260.8049173,279.7861521,258.16981,291.8955396,279.7153035,9.222044285,9.650069653,10.02305414,10.18980143,10.03768222,0.115451098,0.136512611,0.14846365,0.118149534,0.129672761
2016-11-30T15:20:00Z,260.8856626,273.9973329,273.2846216,271.6165838,270.5323122,9.248044741,9.166061558,9.43393964,10.33840189,10.26557334,0.14409964,0.148882381,0.10167348,0.102544289,0.087660662
2016-11-30T15:30:00Z,275.0115636,278.1922201,277.8773586,280.802689,289.8633154,9.286768416,9.147680302,9.613793559,9.713158172,9.684556784,0.196135929,0.149846477,0.107480385,0.128358652,0.124192919
2016-11-30T15:40:00Z,283.5001042,281.2280137,280.6452069,277.8981985,285.4936776,9.310667627,9.485076,9.912730018,9.979588739,9.743677873,0.157496688,0.161952198,0.128655639,0.149911822,0.103948437
2016-11-30T15:50:00Z,288.2703673,285.5424227,289.545239,275.1101064,260.2575073,9.116223499,9.869664701,10.07741985,10.29372921,10.50349436,0.175386906,0.122742518,0.089982262,0.127806186,0.109818026
2016-11-30T16:00:00Z,268.4809217,296.0487341,291.6241095,269.3802693,273.7471607,9.513760002,9.81801111,10.54168722,10.02908843,10.4290342,0.158851691,0.161108136,0.095872884,0.134909319,0.125997606
2016-11-30T16:10:00Z,301.0852485,282.5492012,285.8874209,286.6096081,297.0370615,9.939723311,10.19934034,10.24710274,11.19783762,10.07925076,0.110805565,0.164877499,0.148242246,0.141770454,0.117469467
2016-11-30T16:20:00Z,277.8825817,280.6188179,280.4566476,287.9134187,269.0404543,9.277639271,9.185911554,10.01655452,9.418663382,10.07652569,0.132178274,0.118863099,0.129941131,0.116478058,0.117304172
2016-11-30T16:30:00Z,275.5364337,260.2151067,265.2425982,268.0380835,258.230347,10.04832669,9.956957537,10.53271739,10.48425844,11.33017478,0.121130302,0.10341117,0.151459977,0.16538797,0.128924231
2016-11-30T16:40:00Z,270.7557391,264.7944624,283.3853312,266.4677135,288.755346,9.871040013,10.18462354,10.4903424,10.6557391,9.898371824,0.157235036,0.089514013,0.119225224,0.119242428,0.138993356
2016-11-30T16:50:00Z,269.1907296,273.5623016,269.4819479,258.6519948,276.2571129,10.0195089,9.942173307,10.38005193,11.28209785,10.51012096,0.138613878,0.10982737,0.126172922,0.116478781,0.120542976
2016-11-30T17:00:00Z,269.2668767,260.1939125,288.928107,265.9153992,267.1428335,9.954389875,10.40850548,10.50206205,10.51211187,10.9772011,0.092307855,0.120811873,0.141073725,0.109829771,0.135018783
2016-11-30T17:10:00Z,238.2283369,277.6737717,279.3602222,268.7098853,292.7819012,9.806519928,10.45892713,10.69199093,10.54651928,10.39020036,0.145809891,0.131480976,0.112641178,0.125204092,0.116183767
2016-11-30T17:20:00Z,283.4959487,283.6784624,284.0112409,286.94385,280.3655788,9.462268683,9.476003091,10.03441534,10.84770604,10.07782842,0.144208971,0.166100809,0.13778141,0.132738795,0.152265743
2016-11-30T17:30:00Z,302.1669443,277.5214138,279.0530429,288.6046372,271.8134331,10.10559021,10.45768082,10.58146734,10.00008763,10.39413209,0.210572657,0.128527341,0.179265561,0.158001542,0.129548486
2016-11-30T17:40:00Z,286.9937918,301.9518628,278.7654626,283.2150325,266.072145,10.34139007,10.18568783,9.704150005,9.98414262,9.853030198,0.159210355,0.143947799,0.141808867,0.128865591,0.188297617
2016-11-30T17:50:00Z,291.3767088,289.6598132,306.3083136,279.4827781,273.1658551,10.1984584,10.2494703,10.59575922,10.5166545,10.3228009,0.145973303,0.16040045,0.141134537,0.168801271,0.14764772
2016-11-30T18:00:00Z,302.6044644,270.5825894,279.1467616,312.3036229,264.459489,9.909542582,10.89408207,11.00088351,11.51862604,11.27885115,0.179950476,0.156914304,0.140722559,0.143459425,0.086183937
2016-11-30T18:10:00Z,283.8232665,287.2236174,265.6838465,286.2195216,280.1939181,9.952150765,10.41281396,10.65890989,10.20808459,10.71880018,0.12711078,0.102599717,0.146807115,0.139922206,0.14216844
2016-11-30T18:20:00Z,292.5463914,297.2872457,271.1712269,292.8576081,300.746686,9.178275848,9.659819361,9.867445196,10.036951,9.984311489,0.156365924,0.132233604,0.135633721,0.155636027,0.130457608
2016-11-30T18:30:00Z,297.2410131,303.1504108,297.8925826,288.281696,313.978122,9.859149519,9.96986985,9.599799129,10.03393287,10.29609752,0.164689179,0.122202634,0.143155636,0.134754189,0.117253839
2016-11-30T18:40:00Z,305.1212196,295.6497448,299.5119808,296.170807,288.6829642,9.910194373,9.725434394,9.952421809,9.816726923,10.14385147,0.160283148,0.117948637,0.128064354,0.162479276,0.151064798
2016-11-30T18:50:00Z,298.9528063,288.9991391,309.0378405,291.6034047,300.2438642,8.845775261,9.240121912,9.182356714,9.305642135,9.724631546,0.113322302,0.155694691,0.171342626,0.139253119,0.136794379
2016-11-30T19:00:00Z,283.4162007,277.3846372,284.3032712,305.632944,287.418423,9.014657271,8.959631373,9.068173559,9.181453299,9.74829485,0.148117864,0.122746811,0.166414559,0.105349475,0.129350444
2016-11-30T19:10:00Z,279.0117415,286.4433954,300.2538027,268.773304,296.2905324,8.876870625,9.038671152,9.404283779,9.464160522,9.631012583,0.174071,0.192504095,0.147619386,0.133639537,0.138344561
2016-11-30T19:20:00Z,311.7199786,292.1204598,281.0053608,285.10977,289.21691,9.545388458,9.547941803,9.977073529,10.34695088,10.63823062,0.151957228,0.21238038,0.11795239,0.127294519,0.167179099
2016-11-30T19:30:00Z,292.9975033,314.8136671,303.5159297,307.1312976,289.7484131,8.171531312,8.737733822,9.163103146,9.053715774,9.23126864,0.162992039,0.15058134,0.148407834,0.13815537,0.136921336
2016-11-30T19:40:00Z,297.0140821,280.4980988,307.9402841,321.1535946,295.8062854,9.634953121,9.025261815,9.115124002,9.44838194,9.426670313,0.11658608,0.15467023,0.134971011,0.107576848,0.150781891
2016-11-30T19:50:00Z,261.5905721,303.4127754,288.7523634,270.7212371,281.86755,8.758628927,9.374778341,9.626567076,9.953256919,9.80509077,0.142861048,0.12427411,0.149578545,0.193239532,0.136968599
2016-11-30T20:00:00Z,283.1470106,299.5010557,286.3513565,302.3091784,288.5800476,8.992550784,8.580261193,8.574989652,9.145839795,9.444771919,0.12612888,0.133018351,0.106309909,0.086419685,0.130219671
2016-11-30T20:10:00Z,289.560418,287.4019516,285.7796487,279.5307347,289.1084167,8.379307108,8.749231691,8.72044633,8.85071099,9.091900197,0.136292946,0.140190444,0.100476703,0.115276968,0.087811225
2016-11-30T20:20:00Z,270.4072586,298.475129,303.8994829,314.1507208,309.8131737,8.966189382,9.142314189,9.074358627,9.121073598,9.040301521,0.122246847,0.130383724,0.142002576,0.107214142,0.117778384
2016-11-30T20:30:00Z,310.1640115,273.684844,283.9828658,278.9626298,270.8886089,9.171334585,9.260622255,8.956038353,9.237480879,8.764834921,0.150346683,0.10348921,0.137737212,0.119480606,0.17133775
2016-11-30T20:40:00Z,282.8967951,264.0341963,279.2237363,273.5685722,279.8268656,8.624881398,8.87688508,9.111665782,9.465249372,8.696832192,0.155376859,0.139389451,0.106360107,0.125907962,0.138779166
2016-11-30T20:50:00Z,280.4306462,296.6733485,284.3966116,299.0901913,282.3047009,8.496440716,8.990452344,8.954122521,8.972838862,9.309346497,0.130368653,0.120591631,0.107166544,0.138974459,0.133247795
2016-11-30T21:00:00Z,310.4414719,297.6622738,291.2458533,297.860701,273.188614,9.175924221,9.088212301,9.008043485,9.245196506,9.095083689,0.116862355,0.116440245,0.135748175,0.154731709,0.141297963
2016-11-30T21:10:00Z,293.5691548,292.3650031,303.1220467,305.5273984,291.0279045,8.099473594,8.026321645,8.195398282,8.01709701,8.365202968,0.103652498,0.094395498,0.144746251,0.143079649,0.124488078
2016-11-30T21:20:00Z,310.5203463,305.250347,306.6855194,313.9406784,311.0416187,7.795774551,7.94962907,7.903914588,8.035931935,8.627780632,0.095147072,0.095636311,0.123991036,0.126219849,0.092992327
2016-11-30T21:30:00Z,313.565199,307.6981694,297.3527848,312.1833624,287.1455687,7.606761555,7.979509241,8.052218827,8.248417112,7.921453351,0.103302536,0.149442876,0.109027793,0.132854255,0.1714685
2016-11-30T21:40:00Z,285.8330024,283.2828518,304.3335576,267.7905194,306.6044509,8.233131918,8.397010331,8.170073584,8.290110889,8.487234981,0.129589676,0.117983583,0.136510639,0.12472636,0.127282567
2016-11-30T21:50:00Z,269.0635912,284.2724616,302.8915038,293.1236863,307.6678575,8.361193629,8.747815148,8.579508446,8.529029903,8.719981142,0.179775849,0.143898147,0.148047938,0.124816477,0.100023179
2016-11-30T22:00:00Z,271.6699321,298.8625484,301.3383787,282.1978954,285.5129312,8.473549427,8.886300905,8.382493177,8.519011521,8.865858683,0.117840374,0.099858133,0.126402582,0.121784725,0.129456211
2016-11-30T22:10:00Z,295.5199167,300.3716989,262.9896456,287.0167266,304.219653,8.409734491,8.506270014,8.362935399,8.274822513,8.544094229,0.135234878,0.103462153,0.128655204,0.166594023,0.114363252
2016-11-30T22:20:00Z,295.9301164,310.9473258,321.2016133,293.8900629,308.7620237,8.527268987,8.294752803,8.18157442,8.641282403,8.225428687,0.112298123,0.127544411,0.113553658,0.128574012,0.154746541
2016-11-30T22:30:00Z,292.9812002,294.2320151,301.3998905,310.990317,310.1221222,8.358929087,8.539761637,8.728923828,8.522192123,8.846859913,0.170890134,0.134411027,0.149978602,0.108573109,0.136997674
2016-11-30T22:40:00Z,281.0476642,297.2051517,295.893263,306.0063175,300.1994217,8.165622019,8.429905989,8.680040234,8.25827452,8.666288261,0.164558072,0.143948241,0.134041693,0.130629205,0.131301034
2016-11-30T22:50:00Z,301.6956311,278.3062274,311.5087476,297.874982,310.8051332,8.420608704,8.361392089,9.015684905,8.79760585,8.557394369,0.135712528,0.160436822,0.141488641,0.14686922,0.102243142
2016-11-30T23:00:00Z,291.1386232,290.42184,289.315678,293.6066663,267.3032018,8.619998874,8.31397038,8.413367509,8.368792258,8.338369905,0.129711031,0.172134339,0.122353784,0.108707846,0.187419845
2016-11-30T23:10:00Z,286.8839135,299.0172635,305.7094421,311.7668849,291.4934227,8.190198223,8.639376363,8.354998272,8.740393145,8.334243168,0.154725067,0.143492689,0.141529653,0.114910567,0.106926494
2016-11-30T23:20:00Z,278.2781142,291.6707484,310.4780214,290.721582,302.3955251,8.112295052,8.331722816,8.538687026,8.657021222,9.134699706,0.130977225,0.132179151,0.119088473,0.115750429,0.117537572
2016-11-30T23:30:00Z,301.0140772,313.7682261,319.0462559,315.2142235,311.3771324,9.023592604,9.102959782,8.972691015,8.92635907,9.401739399,0.101313841,0.122557692,0.079814758,0.104312451,0.111985879
2016-11-30T23:40:00Z,291.9365566,272.5789584,293.3110417,292.9439473,293.1839416,8.832260047,8.945186178,9.433758993,9.44985453,9.738175156,0.122793572,0.15054029,0.152839174,0.13557646,0.131716675
2016-11-30T23:50:00Z,301.6807696,264.3965789,286.0233144,298.6828361,298.2726418,8.632014264,8.98642681,9.33274029,9.599485398,8.874609286,0.116920322,0.172098876,0.177760416,0.14477282,0.167804625
