LOCATION: 
SYSTEM SERIAL: HKZMAST
TIMESTAMP (ISO-8601) UTC,WindDir030m deg,WindDir040m deg,WindDir060m deg,WindDir080m deg,WindDir100m deg,WindSpeed030mh m/s,WindSpeed040mh m/s,WindSpeed060mh m/s,WindSpeed080mh m/s,WindSpeed100mh m/s,TI 030m,TI 040m,TI 060m,TI 080m,TI 100m
2016-11-29T00:00:00Z,118.0281402,114.3731372,117.4889681,116.5134436,124.7937203,7.903950619,8.116570044,7.918640249,8.26965423,8.125773752,0.193095056,0.128584948,0.227798688,0.179153034,0.180299333
2016-11-29T00:10:00Z,108.6644963,114.5544414,117.8093123,115.5636407,121.963873,8.033905505,7.483687054,8.28939007,7.690169165,7.888055333,0.14823983,0.162349116,0.145041397,0.151794973,0.160533738
2016-11-29T00:20:00Z,113.3406818,122.9493452,111.9778734,105.9471231,117.1207429,8.119408098,7.999626517,7.898972771,7.6949734,8.25240188,0.122022877,0.119358975,0.137921493,0.132700017,0.111768332
2016-11-29T00:30:00Z,104.6125928,103.8693802,110.1981429,113.4298172,117.7076586,8.188402787,8.187454063,8.074816252,8.443534127,8.0213352,0.145213804,0.127132298,0.139114208,0.141960341,0.200948898
2016-11-29T00:40:00Z,111.4847097,109.8970135,111.0484645,119.1638001,119.7817077,8.404746441,8.587597488,8.244792413,7.975707146,7.896889337,0.146253331,0.144865587,0.124050024,0.16816838,0.150759351
2016-11-29T00:50:00Z,110.9739028,112.7879949,112.9203257,108.2583547,112.3615066,7.661888063,7.644109563,7.497453506,7.545130902,7.427824931,0.180249374,0.155751939,0.160770721,0.145325848,0.139009609
2016-11-29T01:00:00Z,106.3530641,123.3554663,121.7807518,125.021633,114.9160727,7.579385031,7.752503125,7.28880814,7.556123361,7.975954862,0.154535183,0.141978055,0.146457298,0.114744239,0.159354145
2016-11-29T01:10:00Z,113.5321503,117.0226871,113.5924104,116.3284426,109.6318014,7.869348047,8.190200525,7.986226324,7.81394642,7.879394846,0.133152288,0.119708139,0.152293537,0.128575441,0.097397629
2016-11-29T01:20:00Z,136.1183608,131.4897811,127.1383258,121.1088744,129.9623612,7.727392604,7.724201371,7.315507999,7.553690011,7.934433129,0.158878052,0.118363328,0.120860018,0.116927734,0.135445966
2016-11-29T01:30:00Z,118.9396687,119.7484251,118.4745928,124.4554322,117.8364331,7.182508968,7.290947484,7.948796405,7.732483118,7.729462419,0.167028651,0.151594525,0.108137486,0.171862462,0.1609138
2016-11-29T01:40:00Z,108.9048202,121.4452493,116.9768256,122.686322,120.3283122,7.932124791,8.036045362,7.775345136,8.118968859,7.808466058,0.112800207,0.225195014,0.155445147,0.114517969,0.153491636
2016-11-29T01:50:00Z,112.2601095,130.5376985,123.8160457,130.8190169,117.8719458,7.348713353,8.000167341,8.344186252,7.312684537,7.644854327,0.190660351,0.14443233,0.16729324,0.119669701,0.117093553
2016-11-29T02:00:00Z,116.0623466,123.5549435,123.6022825,123.5379306,130.306874,7.922821238,8.093644191,8.148853477,7.948312008,8.141686806,0.135287033,0.160247793,0.151078744,0.163243032,0.187334263
2016-11-29T02:10:00Z,125.5341701,122.7300363,124.5238092,131.6433429,121.0104499,7.725898409,8.307627772,7.843074909,8.225918321,7.343750652,0.124879578,0.118884728,0.135120533,0.125342579,0.133499757
2016-11-29T02:20:00Z,128.1865381,132.8307095,123.6518437,121.3392224,123.59077,7.457405299,7.912822721,7.707482669,7.75359978,7.865508507,0.148299054,0.122364827,0.111196482,0.153364464,0.153960812
2016-11-29T02:30:00Z,117.1417152,122.8105957,127.9704801,123.8245536,130.4954996,7.69786798,7.752822277,7.768699899,7.707663275,7.901241207,0.138870718,0.141871451,0.132365557,0.1814231,0.107919348
2016-11-29T02:40:00Z,126.5537613,140.6010303,124.715164,135.9515489,130.8038786,7.61500215,7.562965438,7.899747206,7.898717113,7.669833158,0.157814065,0.092831308,0.091681786,0.113766618,0.114286241
2016-11-29T02:50:00Z,138.7879149,142.1401921,127.5450605,137.5450575,129.5540908,7.245838459,7.163816823,7.428402964,7.338428602,7.171525571,0.142453694,0.124343919,0.090568602,0.108641599,0.12895225
2016-11-29T03:00:00Z,124.7214794,127.0225643,127.2041776,140.9780684,124.2411356,6.583738691,6.486756741,6.91000197,7.169347704,6.821702371,0.178967703,0.182799409,0.119770833,0.183074626,0.174896631
2016-11-29T03:10:00Z,127.3575735,127.1683153,125.3018985,133.44587,132.1347153,6.801835098,6.77294232,6.614409171,6.979365283,6.573119655,0.225238819,0.169750862,0.131877522,0.189077793,0.208320017
2016-11-29T03:20:00Z,130.7117473,129.9243732,126.9450445,131.952308,139.6169116,6.634151913,6.731126996,6.505821313,6.446074237,6.079408938,0.149402361,0.185376102,0.149055362,0.104339628,0.146657882
2016-11-29T03:30:00Z,141.5018943,128.5678468,127.2660996,131.0302238,130.6543251,6.568070493,6.350046865,6.326707041,6.501659378,6.221878894,0.133424893,0.108830827,0.103059512,0.138522897,0.119988566
2016-11-29T03:40:00Z,134.840679,143.1855742,134.3471881,131.0255053,139.7281673,5.892068299,5.817105769,6.01299542,5.95201418,6.028534907,0.127766419,0.143529605,0.107058155,0.135477069,0.205682356
2016-11-29T03:50:00Z,134.4652074,143.4532367,134.598954,133.7919955,139.9131765,5.831231939,6.096157409,5.967333261,6.06686203,5.702217845,0.150882612,0.116681258,0.147908701,0.133694607,0.160005417
2016-11-29T04:00:00Z,134.8619493,143.2590328,134.3000538,140.2157278,137.4509523,5.83453216,5.985965437,5.902364705,5.610405007,5.872956387,0.113844894,0.121015207,0.183595837,0.18803064,0.137218109
2016-11-29T04:10:00Z,141.4944513,132.2890064,135.8834944,134.2724603,138.586209,5.893711666,5.598070712,5.778726287,6.012498575,6.24713038,0.161657526,0.223094056,0.185157112,0.182712161,0.158610909
2016-11-29T04:20:00Z,141.6990064,143.3877778,137.1931545,136.9787815,136.6180551,5.546322494,5.724244277,5.896312858,5.657160812,5.48736384,0.140997907,0.1448835,0.304795016,0.154244992,0.138641647
2016-11-29T04:30:00Z,139.8653884,144.2132423,134.4022703,133.0395505,128.5462159,5.223031876,5.246363097,5.422835661,5.32658264,5.377990869,0.189337466,0.199074358,0.098757511,0.148018305,0.176955408
2016-11-29T04:40:00Z,127.946076,145.6215254,138.2404456,142.3415403,142.0796775,4.975082842,5.060120353,4.739004016,5.262468456,5.287775553,0.168481822,0.144369917,0.189003627,0.140368812,0.116385108
2016-11-29T04:50:00Z,133.5687511,126.0511275,131.7534772,140.0654721,142.2506277,5.234835161,4.981858148,5.250077514,4.957752052,5.221870956,0.17277782,0.151164462,0.19073766,0.143300572,0.168794911
2016-11-29T05:00:00Z,145.6788638,152.3213734,130.8820183,140.5580473,145.9722382,5.198591036,5.066049623,4.980627646,4.982479348,4.708572448,0.161193465,0.167962471,0.178318034,0.1752342,0.148743055
2016-11-29T05:10:00Z,146.5782631,138.7450035,146.8377538,150.5372029,145.7640439,4.659964918,4.839821476,4.922377225,4.738586581,4.502109464,0.223662668,0.162631522,0.18946036,0.194072931,0.238162251
2016-11-29T05:20:00Z,135.6244205,145.7978689,140.8431121,134.75927,141.9272088,4.275362146,4.571017894,4.507085948,4.424715277,4.563612586,0.180845873,0.216566585,0.206114819,0.159668893,0.162331919
2016-11-29T05:30:00Z,144.7387259,140.0534574,139.0159048,149.7701942,143.7431869,3.857704208,3.986983269,4.150157578,3.995678269,3.909694095,0.169098562,0.21949696,0.171966856,0.185375076,0.201894842
2016-11-29T05:40:00Z,135.8369764,142.4687749,135.5313756,135.5521916,158.5194842,3.96578067,4.201543586,3.994021681,3.885654877,4.007626967,0.180639189,0.179223386,0.134804152,0.18968513,0.199253902
2016-11-29T05:50:00Z,161.3109241,148.529414,152.979305,144.137703,151.9608524,4.08267003,4.017889673,4.160367544,3.915775995,4.002370092,0.174928389,0.234408236,0.192410479,0.172411491,0.192758685
2016-11-29T06:00:00Z,159.5492438,156.0552607,147.8848132,147.5467506,151.2178367,3.72899448,3.91239669,3.605350598,3.897178252,3.771969221,0.249067432,0.181783597,0.259087511,0.193094106,0.148334022
2016-11-29T06:10:00Z,156.9942873,160.2271867,161.1952932,147.8733439,146.0302941,3.978771665,4.118340554,4.166756527,4.039233312,3.929762679,0.221838851,0.165786446,0.18531027,0.223869586,0.166666647
2016-11-29T06:20:00Z,141.3669508,144.2277975,143.2321523,144.1430448,145.3548446,3.641640496,3.786065394,3.636023036,3.83787981,3.736188006,0.13343516,0.194223484,0.220258685,0.222886138,0.216173592
2016-11-29T06:30:00Z,157.3428152,164.2318393,149.1569018,148.4918762,160.3373451,3.397079866,3.350972553,3.24160164,3.134361967,3.214759435,0.176563044,0.198372694,0.166163505,0.184981417,0.186006324
2016-11-29T06:40:00Z,151.7663444,158.6956833,172.7202023,166.1667104,161.6653251,3.445891941,3.585299265,3.464699148,3.670494865,3.555686566,0.245631666,0.172877446,0.241785694,0.191396022,0.188210844
2016-11-29T06:50:00Z,163.5423155,154.8108764,159.1947949,174.2450014,159.9647625,3.536937487,3.631989083,3.718811348,3.549692459,3.610966369,0.213051785,0.205689732,0.173792753,0.229841556,0.153437244
2016-11-29T07:00:00Z,155.5282699,165.1525151,153.6164409,156.3831493,156.0005279,3.476447279,3.666509614,3.621313561,3.728602496,3.608636436,0.220075372,0.128892415,0.188220011,0.143614707,0.20441421
2016-11-29T07:10:00Z,159.3960413,160.7910171,153.5755873,165.229777,161.6971839,3.546834449,3.597748398,3.710275912,3.960118406,3.940103391,0.181614098,0.223424712,0.237261881,0.212229117,0.15094427
2016-11-29T07:20:00Z,160.3396803,161.9775545,166.9365995,150.8773785,160.811779,3.555677187,3.436168498,3.510450973,3.53569564,3.658561791,0.190847714,0.187142994,0.196110305,0.187639264,0.178807807
2016-11-29T07:30:00Z,151.4160452,140.7865639,154.9907044,157.7591117,152.4332742,3.500218599,3.545977218,3.835122691,3.443832952,3.499225271,0.191100123,0.217413805,0.173443925,0.208194795,0.16369455
2016-11-29T07:40:00Z,163.7188501,159.330105,158.8086077,159.0175437,156.9809468,3.407224686,3.405989411,3.490962855,3.35507183,3.44212157,0.163221749,0.206186503,0.174165793,0.233961602,0.21841533
2016-11-29T07:50:00Z,147.3263699,150.8943971,154.8023411,145.9578402,157.1031312,3.541040371,3.506673585,3.456085329,3.235636571,3.376437274,0.213619645,0.156561991,0.195399858,0.172587787,0.194711753
2016-11-29T08:00:00Z,158.1851844,156.0506431,168.5757785,154.8112093,156.7551133,3.469403969,3.834680054,3.64554303,3.753219567,3.731242122,0.175219012,0.186781532,0.20306087,0.123826992,0.153369704
2016-11-29T08:10:00Z,154.2256082,151.1186187,147.4295376,149.9099559,155.9646268,3.597040454,3.925901003,3.594376055,3.627438427,3.636170157,0.181625837,0.146527307,0.179447376,0.120840621,0.154498188
2016-11-29T08:20:00Z,154.1267117,148.6958184,137.0401542,148.3644237,144.5560931,3.659903838,3.757825599,3.824534502,3.686329697,3.779410687,0.178424738,0.149966536,0.190707409,0.187576037,0.118609178
2016-11-29T08:30:00Z,145.9709132,153.1531873,151.6136897,146.7049835,149.9791075,3.427810761,3.546255616,3.374094302,3.355504521,3.461569523,0.223137358,0.233396872,0.137774502,0.250742207,0.225473457
2016-11-29T08:40:00Z,150.966005,152.9870331,146.3305315,156.6764288,156.4272737,3.448919204,3.296186966,3.689642891,3.407403782,3.609337566,0.179250592,0.181991441,0.186353897,0.169630193,0.195235241
2016-11-29T08:50:00Z,146.3707063,169.3426799,149.7163382,153.213011,157.5034792,3.529852996,3.549475646,3.260523729,3.378454197,3.269631416,0.166667445,0.146428207,0.218816169,0.191234078,0.132168131
2016-11-29T09:00:00Z,166.8346693,149.6373911,144.2564884,150.9362193,155.5122066,3.300989782,3.152044568,3.253117812,3.105544051,3.19881277,0.171456397,0.182926973,0.200977023,0.238288042,0.223918018
2016-11-29T09:10:00Z,150.2898905,155.4010479,156.1035811,160.7698705,161.6473709,3.476580401,3.259618705,3.372931587,3.19855245,3.40250057,0.137390936,0.220164472,0.168833472,0.227011471,0.169063068
2016-11-29T09:20:00Z,156.6769456,149.2880841,165.2771896,162.7514525,158.3707988,3.424367841,3.369629174,3.402901145,3.397774259,3.289981386,0.194876443,0.243684868,0.187070913,0.182627511,0.234043232
2016-11-29T09:30:00Z,155.0280635,156.0863922,153.5073745,159.5797516,154.152266,3.293056884,3.319830507,3.449013694,3.391303639,3.407920158,0.148163292,0.207575257,0.168761861,0.191704445,0.17482679
2016-11-29T09:40:00Z,161.5814234,153.6647246,155.2215913,153.5741142,152.839977,3.251230033,3.29303302,3.092314957,3.269948977,3.309730428,0.202313161,0.185447897,0.193897231,0.187257895,0.186554751
2016-11-29T09:50:00Z,148.3407579,149.2693022,147.6326551,148.2079949,153.6198305,3.469402203,3.547529859,3.609544721,3.373531422,3.358882955,0.135651577,0.207040366,0.156622075,0.195971237,0.136534912
2016-11-29T10:00:00Z,149.5164484,149.1939784,145.5742037,154.3649892,149.61709,3.204292406,3.305626343,3.366239589,3.238423271,3.30576081,0.161271311,0.212350785,0.182830194,0.161473057,0.211528484
2016-11-29T10:10:00Z,151.6847259,152.837247,156.4506335,150.7153032,156.2705271,2.865405064,3.090895768,3.172678865,2.959342736,2.992734567,0.242597073,0.189655687,0.170212435,0.194999485,0.248715324
2016-11-29T10:20:00Z,144.8304799,146.1193399,141.7950301,138.786858,141.3481242,2.943805115,3.078597231,3.111493309,3.098198187,3.187604101,0.146780028,0.277576098,0.216105349,0.210835688,0.181228789
2016-11-29T10:30:00Z,156.5270578,145.3687161,163.5095886,156.6317045,156.2626022,3.111823034,3.164358031,3.301845203,3.229212053,3.160702704,0.225774732,0.164978852,0.185361946,0.1610457,0.162144911
2016-11-29T10:40:00Z,141.2002105,153.4507021,147.0497206,155.2065468,146.0375714,3.042206278,3.077462934,3.09353331,3.225784885,2.970194435,0.178412593,0.218062184,0.242269779,0.187340725,0.211749902
2016-11-29T10:50:00Z,147.189484,149.3028548,144.478763,140.8355353,146.9595653,3.0020988,2.953535525,3.177299782,2.953568653,3.130221752,0.210218671,0.16908142,0.132639916,0.151481038,0.137367231
2016-11-29T11:00:00Z,146.8591177,143.3317375,134.3966067,155.4733372,146.7663676,2.97592722,3.100687797,3.175019216,3.104567381,2.937407854,0.142308447,0.190787753,0.176759022,0.179770687,0.138699731
2016-11-29T11:10:00Z,134.0896788,138.157469,146.4406735,155.4748341,136.9615744,2.942372128,2.979675237,3.04795349,3.10360138,2.926748846,0.201322624,0.186986282,0.193291454,0.17774278,0.132355746
2016-11-29T11:20:00Z,163.6958118,169.1834325,159.7019127,153.66587,163.061664,3.134256707,3.142894407,3.124447783,3.235832372,3.099829849,0.171924619,0.209358656,0.160485262,0.159310339,0.218147561
2016-11-29T11:30:00Z,156.7890544,160.6743823,164.5648364,158.6995437,158.127988,2.840556481,2.846678413,2.754353614,2.917764968,2.885032118,0.177558874,0.23110349,0.234875329,0.187541776,0.131404122
2016-11-29T11:40:00Z,140.3378544,151.8831041,158.8702335,146.4691637,141.6702574,2.601653409,2.885551119,2.710662334,2.889045109,2.689916995,0.20317551,0.23692736,0.170476716,0.235764931,0.18109633
2016-11-29T11:50:00Z,145.7935292,149.209169,157.1971774,147.4492624,154.4256275,2.445680279,2.437877333,2.373117015,2.545883207,2.495778121,0.276872604,0.182873092,0.166165829,0.19984654,0.159744369
2016-11-29T12:00:00Z,139.8574517,136.8686026,136.2016865,152.4119521,148.8468993,2.705687314,2.605143424,2.884237008,2.617552097,2.597253866,0.193583633,0.179222797,0.154818582,0.126635855,0.172025406
2016-11-29T12:10:00Z,141.5618011,144.7483969,150.6207367,145.5352317,145.0392773,2.640153916,2.810950637,2.702929192,2.762034654,2.630412189,0.157575116,0.156495748,0.200420875,0.165818574,0.179202677
2016-11-29T12:20:00Z,145.7590193,126.9128808,138.5670662,137.5099432,137.6618145,2.971517547,2.850030874,2.917087407,3.028958315,2.995092714,0.177409319,0.209893807,0.182731612,0.207615927,0.275654483
2016-11-29T12:30:00Z,133.2633544,134.3952993,132.0617531,130.6151392,134.2183714,2.926467177,3.109401726,2.994155627,2.871326928,2.972842422,0.213056928,0.13619205,0.142411495,0.14148622,0.133058513
2016-11-29T12:40:00Z,133.2854817,143.4389789,150.0244707,134.2024718,128.6109995,2.987681813,3.085842158,3.177487197,2.974464931,3.072374728,0.21312635,0.149407382,0.178245187,0.193507011,0.15999789
2016-11-29T12:50:00Z,128.6060937,134.7711002,132.5707743,136.2652845,137.2233792,3.202368598,3.100550353,3.146869865,3.211986113,3.190236016,0.139279423,0.162356349,0.184765438,0.181177561,0.120240492
2016-11-29T13:00:00Z,135.252157,153.9060664,132.2806171,145.0792387,153.6751575,3.186680639,3.144425932,3.092427103,3.185727444,3.065254236,0.108081749,0.184969823,0.198038768,0.134554217,0.11941137
2016-11-29T13:10:00Z,135.394991,140.8791937,136.1897879,149.5338682,141.0597128,3.381317351,3.408123805,3.290206679,3.473061463,3.313561265,0.146621284,0.153824,0.118562426,0.122854396,0.143457824
2016-11-29T13:20:00Z,155.9640775,145.1186737,146.8472285,147.4992656,138.8212239,3.112316712,3.081424066,3.282182373,3.219538808,3.188041452,0.175820205,0.149238606,0.123320362,0.17835605,0.120175152
2016-11-29T13:30:00Z,155.8548959,159.4071551,156.1225958,154.3690148,155.1224196,3.171860733,3.124321068,3.233040441,3.063338571,3.182834875,0.173130963,0.189839548,0.18608862,0.160851312,0.128902891
2016-11-29T13:40:00Z,143.7723381,146.2022469,142.0819624,150.3092246,145.3181308,3.112033293,2.987282508,3.052102609,3.047172383,2.94941729,0.223992797,0.172084029,0.183287409,0.144518803,0.124187471
2016-11-29T13:50:00Z,155.4141936,158.8890514,154.5448793,157.5100486,149.5309345,3.231907531,3.264911625,3.298955067,3.325931635,3.239312185,0.162473389,0.143810502,0.186862511,0.1500527,0.17444603
2016-11-29T14:00:00Z,146.9554843,152.8590055,155.6543199,154.206724,142.0724813,3.099283494,3.102065614,3.089125655,3.260543374,3.142016652,0.119095383,0.176937593,0.14404415,0.122991779,0.100959642
2016-11-29T14:10:00Z,165.5480941,154.7705466,160.8066711,152.0026263,157.9756169,3.054419444,3.034376911,2.974381119,3.059887592,2.986471639,0.13115813,0.122996327,0.160753967,0.135650639,0.151363207
2016-11-29T14:20:00Z,153.1786871,168.2861047,163.928555,165.0998295,165.8158464,2.979502965,3.163650181,3.143250411,3.085301839,2.915309158,0.160113625,0.157926608,0.144172275,0.135312159,0.131114745
2016-11-29T14:30:00Z,160.200174,150.562433,164.1656471,170.4755638,168.7642618,2.959337037,2.982957217,3.032094933,2.951942531,3.045980872,0.186677699,0.169951162,0.211709894,0.121817116,0.104255324
2016-11-29T14:40:00Z,155.5501905,159.9021592,169.6094933,160.8192144,158.9613567,3.156363058,3.065042147,3.11503012,3.176732128,3.1116276,0.145449743,0.132798947,0.144622143,0.082799133,0.105449176
2016-11-29T14:50:00Z,159.2409616,164.5558118,165.9684211,152.5045935,165.1062639,3.04321166,3.00838565,3.049433214,3.185469551,3.133548379,0.154608286,0.144711514,0.119095538,0.121491994,0.114408978
2016-11-29T15:00:00Z,160.921279,178.6887318,173.425837,155.619236,157.4947904,3.072025302,2.968770056,2.892232421,3.127743253,3.029906923,0.141111318,0.171109445,0.157811775,0.160184375,0.140965262
2016-11-29T15:10:00Z,164.0023588,157.678134,170.3762418,158.1559095,175.4882061,3.002675708,3.074353786,3.256803383,3.190467394,3.121474133,0.213840845,0.175903415,0.164490413,0.175367678,0.148131362
2016-11-29T15:20:00Z,170.9879363,161.3138966,167.6704618,162.4559259,161.4819843,3.251496104,3.529132584,3.468949709,3.475516435,3.57237628,0.148308256,0.134350144,0.173662638,0.164899237,0.16385361
2016-11-29T15:30:00Z,171.8437297,153.4037905,162.1169044,169.2356631,166.2439685,3.510755584,3.321580062,3.484531013,3.514268089,3.664276947,0.183119031,0.1092954,0.176531615,0.166673437,0.166491715
2016-11-29T15:40:00Z,177.6975269,175.3271979,171.9323825,168.9477731,170.4873545,3.549436299,3.550903948,3.489207464,3.584170401,3.608348501,0.165391218,0.146830724,0.133176178,0.121634958,0.139272049
2016-11-29T15:50:00Z,173.0722981,181.181685,181.7101238,184.3932081,178.75518,3.413130951,3.391240574,3.61925585,3.516552141,3.542912812,0.126977735,0.098708768,0.172458511,0.150544983,0.163290746
2016-11-29T16:00:00Z,168.3658755,179.5973397,167.8168051,174.1644838,168.7611507,3.90144999,3.992667922,3.911825341,3.858129909,3.853650005,0.098831074,0.082493848,0.088600882,0.103138707,0.142450994
2016-11-29T16:10:00Z,160.1725755,176.4624911,168.744286,170.730453,174.1574525,4.099980771,4.025657881,4.052987874,4.194176481,4.22129125,0.10775038,0.099802904,0.084144834,0.108601709,0.090624807
2016-11-29T16:20:00Z,178.0169642,175.9192429,170.1642335,176.4478048,170.7607061,3.524762836,3.59587349,3.694471345,3.670428198,3.623139457,0.206849075,0.224876671,0.162402292,0.131392995,0.134597661
2016-11-29T16:30:00Z,184.7744501,188.9404505,168.5858135,183.9317214,169.9307596,3.320863708,3.366595575,3.468937141,3.360471392,3.407098614,0.175530854,0.126167333,0.141729382,0.151011645,0.114740641
2016-11-29T16:40:00Z,173.8743689,189.8072515,181.7193134,186.545731,182.1943019,3.863930953,3.931031134,3.840637529,4.092129772,3.876482165,0.144503915,0.112314983,0.163664121,0.126207665,0.156468995
2016-11-29T16:50:00Z,193.6054381,179.2681664,170.727762,183.0986235,172.7534131,4.284296018,4.457884633,4.351030357,4.109848916,3.990220072,0.11564653,0.134344034,0.124618826,0.120272721,0.131604043
2016-11-29T17:00:00Z,176.750844,167.8933741,186.758627,173.827535,173.1749093,4.472949314,4.500666117,4.384571394,4.492397212,4.458387798,0.112205311,0.112497069,0.121233406,0.100811697,0.127008053
2016-11-29T17:10:00Z,176.3119936,177.8974388,180.6234469,173.1006691,178.8680209,4.119107391,4.191588122,4.300445896,4.104644862,4.299521547,0.105529994,0.131758908,0.148950536,0.106553813,0.105746207
2016-11-29T17:20:00Z,171.7659678,187.3855205,187.4336595,192.9711767,172.7307133,4.49187366,4.651017004,4.730214244,4.568876933,4.597771546,0.121947479,0.125028876,0.093074502,0.105065944,0.09841382
2016-11-29T17:30:00Z,177.2815227,173.2764166,173.6356176,178.7830071,184.1746661,4.918887018,4.823812911,4.998390201,4.78228604,4.860415101,0.101779615,0.108770924,0.112146341,0.114546855,0.135231883
2016-11-29T17:40:00Z,184.7298644,185.14189,187.613334,188.1076616,192.0898773,4.589866796,4.525501589,4.589444884,4.44795455,4.433340085,0.096680936,0.108534597,0.125276797,0.096190928,0.146120573
2016-11-29T17:50:00Z,176.4156119,196.5146425,187.0300007,195.145064,195.1837278,4.224141275,4.359912074,4.277088163,4.244796014,4.113842841,0.089044266,0.110412245,0.076135723,0.114400365,0.144894236
2016-11-29T18:00:00Z,198.4293076,195.050947,174.8649592,191.6746811,183.0266259,4.612735002,4.649241486,4.815744654,4.784561395,4.472145657,0.104710739,0.108196959,0.119173374,0.123066668,0.11776992
2016-11-29T18:10:00Z,200.6957155,180.9790979,186.1716517,183.7925142,200.6521697,4.564148913,4.448756483,4.430824191,4.420349977,4.390334477,0.10371834,0.097185148,0.100957626,0.150092727,0.109278313
2016-11-29T18:20:00Z,185.1022804,179.6462793,200.9304497,200.2499753,188.3170307,4.740716952,4.77387961,4.548952885,4.758681621,4.602599389,0.114912924,0.122700862,0.164762067,0.077201115,0.117196092
2016-11-29T18:30:00Z,206.1184319,194.8660553,204.6852548,195.4268671,200.6166483,4.745678414,4.813143517,4.855641737,4.853391528,4.874953982,0.09690683,0.11996887,0.14026803,0.097172092,0.109433665
2016-11-29T18:40:00Z,201.492478,211.3719418,198.7928443,207.9361634,210.3072497,3.98398919,3.842105726,4.203383408,3.912915516,4.055585601,0.112361146,0.131225313,0.122021624,0.129063943,0.104388603
2016-11-29T18:50:00Z,213.6947774,216.6121498,207.4240378,207.2706419,212.4013463,3.952796766,4.002219053,4.182342034,4.033492726,4.127493621,0.119857517,0.140058223,0.090287237,0.154022787,0.152761809
2016-11-29T19:00:00Z,205.6117946,242.0735136,216.3825254,227.2437154,222.7066063,3.384202716,3.399835528,3.560738882,3.534047837,3.687476605,0.126390745,0.184813863,0.158549258,0.111956761,0.104993919
2016-11-29T19:10:00Z,207.2081607,220.7152385,206.6850775,208.5708416,214.4495674,3.357486864,3.334311525,3.669269637,3.58794474,3.48770779,0.235045233,0.145165042,0.162435816,0.192625197,0.193250721
2016-11-29T19:20:00Z,202.7146563,212.0103721,227.5369406,213.9132596,223.0975085,3.279291561,3.573998244,3.762594833,3.617897977,3.729662785,0.223885037,0.214924029,0.162105957,0.225716493,0.180445846
2016-11-29T19:30:00Z,245.274767,243.4271566,222.7298115,229.1679779,238.9685174,2.904417276,3.057458406,3.058540322,3.370925846,3.233495718,0.188686721,0.262355567,0.203354743,0.44053928,0.196020194
2016-11-29T19:40:00Z,257.0264696,252.4375152,256.9714677,231.348044,240.4720821,2.783664999,3.036989388,3.333781972,3.071690689,3.482112148,0.238029921,0.245205044,0.322978425,0.168388909,0.28884524
2016-11-29T19:50:00Z,281.7016007,241.2571959,274.1532986,255.2175412,266.2819355,3.350833176,3.415959099,3.22113977,3.603365594,3.66628724,0.237080452,0.170139121,0.177927809,0.183366678,0.421093935
2016-11-29T20:00:00Z,227.9849125,244.767824,257.4277289,233.1756426,245.9545493,3.414423668,3.390652042,3.376070785,3.385527268,3.371454368,0.201080474,0.150981367,0.131814872,0.202310402,0.12700034
2016-11-29T20:10:00Z,248.5298485,236.1897278,245.5501665,246.4103159,237.4764306,3.341228384,3.420158777,3.491541041,3.455750894,3.539953374,0.152240258,0.143113182,0.168524768,0.157105899,0.154789979
2016-11-29T20:20:00Z,223.7831046,243.4508397,246.3718806,243.911349,230.5579683,3.587382756,3.66673805,3.759390258,3.842219843,3.876538248,0.127914025,0.16747465,0.133513842,0.144821853,0.127942098
2016-11-29T20:30:00Z,230.9431603,244.0106847,227.3517561,229.8755733,222.1018004,3.580955628,3.567435657,3.523039637,3.546641152,3.554122091,0.10235209,0.137904632,0.151331211,0.136274809,0.131197733
2016-11-29T20:40:00Z,211.166568,214.9902941,240.0949433,223.4304403,224.9143345,3.781924144,4.110315886,3.867063302,4.089939873,3.898870447,0.180420907,0.128579082,0.108730356,0.120370425,0.124171168
2016-11-29T20:50:00Z,220.9537297,215.3036712,211.3777702,208.0861269,229.828082,4.373261768,4.179507455,4.492544473,4.218744927,4.449789734,0.129903772,0.144547527,0.141733066,0.15368026,0.142944891
2016-11-29T21:00:00Z,203.7065743,241.5970411,237.1479368,225.6507458,222.3227478,3.976615054,4.083570449,4.140022302,3.807560073,4.21033235,0.131726014,0.140379377,0.134454884,0.117662565,0.120615053
2016-11-29T21:10:00Z,232.1978824,222.9637546,223.8486342,244.3004301,239.0927652,3.826815254,4.135061079,4.113344034,3.883035554,4.13756279,0.170997657,0.128716405,0.141816249,0.103063133,0.147819617
2016-11-29T21:20:00Z,235.6824283,234.0570886,216.3546516,232.1042656,250.6890259,4.493170699,4.198440982,4.297894421,4.266026323,4.429210858,0.141991446,0.132355985,0.106278041,0.141321076,0.143689914
2016-11-29T21:30:00Z,238.4882751,230.8945452,220.886581,240.4688933,256.7634114,4.402303341,4.375872658,4.318884474,4.321544206,4.516663326,0.200699854,0.164225188,0.157959337,0.132723309,0.128110945
2016-11-29T21:40:00Z,247.2330237,257.8097763,252.6418607,242.4247876,246.5539876,4.352288808,4.395622373,4.375227371,4.417025003,4.453969933,0.137387574,0.125770047,0.185791573,0.161061994,0.160061415
2016-11-29T21:50:00Z,236.4020333,238.4029398,236.1733605,232.4067516,259.8819705,4.397432249,4.731339177,4.726600437,4.92030815,4.724151559,0.158092098,0.172617826,0.158947499,0.135962858,0.145431521
2016-11-29T22:00:00Z,240.8778762,252.5503868,237.1901481,266.9645507,239.8576182,4.967922864,4.759738145,5.043963213,5.072538733,5.1678349,0.125418006,0.195776547,0.15131199,0.122275607,0.13404904
2016-11-29T22:10:00Z,258.2523351,261.2052012,244.5124892,254.3524838,273.4094967,4.793267773,4.757183062,5.046610513,4.852357643,5.148405925,0.173971144,0.161531522,0.141679227,0.114298468,0.147758092
2016-11-29T22:20:00Z,261.1722477,256.393627,262.4961504,256.4064868,275.6414328,4.77541374,4.79172967,4.860276558,4.727233231,4.892514776,0.13464502,0.17113793,0.164799563,0.127803763,0.139315705
2016-11-29T22:30:00Z,246.3138251,228.3484312,224.3810029,228.9395403,241.9559993,5.370242912,5.263277847,5.554430708,5.312029584,5.431965713,0.15867858,0.153960474,0.168137479,0.164103995,0.155750127
2016-11-29T22:40:00Z,245.4456154,240.0781179,253.7040708,244.0506716,245.1377812,5.467158162,5.650068769,5.366280812,5.46987571,5.470416499,0.141804302,0.109827577,0.118337986,0.17320442,0.145119335
2016-11-29T22:50:00Z,236.9321303,225.7363523,233.4651861,252.8380553,219.0300141,5.247493475,5.364659478,5.58468905,5.769997431,5.60135613,0.146110635,0.136341493,0.129134121,0.115794826,0.150536397
2016-11-29T23:00:00Z,248.2665547,252.4367184,247.9415596,244.3987182,239.1742079,5.314776198,5.401621276,5.404068281,5.900954327,5.581978884,0.139331981,0.134222405,0.126035991,0.190675393,0.221994747
2016-11-29T23:10:00Z,262.1572618,253.6374185,241.9727007,238.8953583,239.6740207,5.35988211,5.482009754,5.616487041,5.776420053,5.977771123,0.152878304,0.149707139,0.173843051,0.164775399,0.134411795
2016-11-29T23:20:00Z,226.7154423,222.8064738,236.394725,249.5043394,244.4896696,6.099038299,6.295011177,5.924580839,6.174017584,6.292545928,0.142764291,0.093827326,0.151194465,0.17718815,0.156829856
2016-11-29T23:30:00Z,238.0516616,254.263518,248.6184829,248.7608256,241.9060219,5.820090354,5.987431218,5.770679474,5.933357228,6.191165099,0.122943048,0.170090524,0.127362675,0.199969843,0.150699022
2016-11-29T23:40:00Z,255.4727768,265.4785245,272.1242881,252.3286298,266.3735637,5.612743035,5.541309302,5.905590587,5.417949898,5.674565773,0.122691361,0.140798404,0.133757195,0.16298579,0.097635397
2016-11-29T23:50:00Z,271.2101062,251.9236751,279.7802551,263.9543155,274.1024204,5.442952784,5.652225478,5.59290078,5.625264507,5.570405012,0.094589747,0.131107073,0.096839259,0.110854778,0.208403078