LOCATION: 
SYSTEM SERIAL: HKZMAST
TIMESTAMP (ISO-8601) UTC,WindDir030m deg,WindDir040m deg,WindDir060m deg,WindDir080m deg,WindDir100m deg,WindSpeed030mh m/s,WindSpeed040mh m/s,WindSpeed060mh m/s,WindSpeed080mh m/s,WindSpeed100mh m/s,TI 030m,TI 040m,TI 060m,TI 080m,TI 100m
2016-12-28T00:00:00Z,259.1013978,269.5777004,271.2780827,261.8563379,264.8255538,4.022181189,3.629253221,4.028737955,4.120707686,4.107486911,0.177748153,0.252645536,0.14323928,0.115807817,0.220582782
2016-12-28T00:10:00Z,252.4103045,260.8864505,258.0059447,287.1027527,270.7234304,3.88666349,3.984515928,3.889655898,3.956910661,4.072182593,0.28645066,0.179124685,0.186946958,0.162900302,0.207874491
2016-12-28T00:20:00Z,265.3065089,278.4133689,255.7676421,256.5266349,267.7349484,3.411386171,3.542822439,3.778251347,3.55296636,3.759907794,0.196346016,0.209504641,0.159350012,0.145300222,0.173166712
2016-12-28T00:30:00Z,270.4141435,271.8422751,260.8874376,271.3151793,279.9560464,3.714801106,3.792374154,3.892787535,3.957134553,4.089736911,0.187299472,0.160573514,0.13824766,0.14639134,0.193569524
2016-12-28T00:40:00Z,275.4524562,273.0965865,284.1139481,270.5516855,277.7116349,4.553105375,4.750595545,4.500429998,4.52578327,4.479590798,0.207054058,0.206128571,0.17677986,0.189628817,0.197311801
2016-12-28T00:50:00Z,259.8291382,267.8759026,270.6726334,294.0161418,279.4705884,4.635051662,4.710971196,4.614644919,4.639833115,4.562902629,0.152652237,0.144949294,0.116913821,0.103892408,0.162698361
2016-12-28T01:00:00Z,258.2730102,270.0006915,264.8617777,267.0380058,269.860431,4.146992065,4.041850656,4.043460634,4.106914426,4.141868509,0.114843028,0.151274322,0.105137629,0.134648037,0.140041489
2016-12-28T01:10:00Z,276.8603872,284.7233635,265.102574,281.3830958,277.4744424,3.793497655,3.80935034,4.05653355,4.029016802,3.796764183,0.149310022,0.128562276,0.129717691,0.141088788,0.149170693
2016-12-28T01:20:00Z,281.3614612,262.9954515,279.9846505,260.7386083,282.2142224,3.832885864,3.696926007,3.866447397,3.837401873,3.992144767,0.203177695,0.281321569,0.352941633,0.206019074,0.194560222
2016-12-28T01:30:00Z,275.3945784,286.6564006,278.2207557,268.2725641,269.7738074,3.818286437,3.698828225,3.86511239,3.585711934,4.120801012,0.216527131,0.258338435,0.219045267,0.204288842,0.164931206
2016-12-28T01:40:00Z,287.5231512,281.4570036,289.5971109,286.6662959,287.5846353,4.271592932,4.076048218,4.108928011,4.221281802,4.270028803,0.108317405,0.110785055,0.104253486,0.129874552,0.168984025
2016-12-28T01:50:00Z,281.7328343,291.2385646,296.5794584,302.5645643,293.0427656,4.044999363,3.951148376,3.988691905,3.93392936,4.071262665,0.130848181,0.155720948,0.102913238,0.164847192,0.167399925
2016-12-28T02:00:00Z,288.7790334,287.8341217,280.8366402,299.6259155,278.6071353,4.543675695,4.485097437,4.802497606,4.503176614,4.538046811,0.205947488,0.217297802,0.172298356,0.235350168,0.163904764
2016-12-28T02:10:00Z,286.2206353,289.7503393,286.9497912,289.4859675,269.6124096,4.257506436,4.479925691,4.589707594,4.33098502,4.260089999,0.272183173,0.13636896,0.124262301,0.162145099,0.160806258
2016-12-28T02:20:00Z,283.4999193,299.2305576,290.3939251,266.5007441,290.9308095,4.437305072,4.666584564,4.748930825,4.455789167,4.544067201,0.117506121,0.118191889,0.119585898,0.165080974,0.113324203
2016-12-28T02:30:00Z,260.9543558,256.641816,261.8904646,272.6699558,279.3309537,4.50806112,4.842008067,4.674641134,4.810720566,4.714013309,0.131909643,0.162334437,0.143370164,0.1207007,0.140555828
2016-12-28T02:40:00Z,285.8025506,273.5750239,264.7692436,286.1843093,268.6602316,4.623774604,4.643117267,4.902401458,4.752114713,4.621352153,0.1114168,0.114210181,0.118754095,0.107606382,0.118556641
2016-12-28T02:50:00Z,276.5505919,245.5664821,286.9878821,288.1449987,285.7525905,5.043451381,4.985390861,4.895868104,4.861730318,4.972272723,0.079987221,0.110239054,0.110124192,0.106838499,0.090530333
2016-12-28T03:00:00Z,276.7188267,264.8861056,277.4278261,287.7466069,280.4032265,4.501557007,4.658846653,4.650002738,5.044131471,4.794127846,0.1505261,0.145077003,0.162285393,0.088911611,0.099571633
2016-12-28T03:10:00Z,272.0692146,271.9710094,269.9699414,284.102481,268.9717455,4.684639941,4.396092111,4.79783547,4.593018981,4.75111989,0.115527564,0.112594278,0.110039016,0.086619525,0.090019483
2016-12-28T03:20:00Z,302.9005612,259.6321247,275.4518514,276.5675687,278.9778866,4.391964463,4.345075274,4.167514717,4.251178581,4.485203629,0.124428946,0.157980917,0.123648305,0.111405097,0.128428865
2016-12-28T03:30:00Z,278.484619,270.6334998,265.7568557,276.9141754,278.995102,4.37768499,4.849413487,4.794661919,4.434267941,4.551659178,0.121009661,0.127720907,0.138553295,0.107490966,0.180273571
2016-12-28T03:40:00Z,287.8327565,268.0261355,280.6058948,270.2225305,269.4375112,3.94376628,4.385546167,3.93851526,4.206983354,4.12392225,0.1194609,0.145276134,0.138340054,0.162737301,0.160989357
2016-12-28T03:50:00Z,286.4333955,242.500585,259.1496405,276.4785177,288.2131079,4.076297313,4.273591726,4.150725006,4.169469171,4.26837587,0.117693367,0.120997119,0.115236679,0.110482236,0.138728092
2016-12-28T04:00:00Z,274.1568995,272.9725251,264.8884017,281.457657,268.5010741,3.79669675,4.031965737,4.083372523,4.04395755,4.109493877,0.158875335,0.11732311,0.124023421,0.104404201,0.107941321
2016-12-28T04:10:00Z,279.78191,303.1032653,273.834665,283.5818808,287.3799056,3.708713863,3.708613305,3.927335764,3.859463544,3.802598674,0.119431028,0.153814399,0.126280362,0.149233574,0.144055525
2016-12-28T04:20:00Z,293.0727276,291.5824949,262.5764375,290.439303,286.1037372,3.651686208,3.506814166,3.801809501,3.695421052,3.885912195,0.147148982,0.09608448,0.168572237,0.139544295,0.134965384
2016-12-28T04:30:00Z,288.5702573,278.694133,290.6247389,266.4728997,318.901546,4.018334331,3.94761092,3.962239449,4.101157629,4.071542571,0.100291139,0.131073624,0.115400599,0.103549018,0.103612515
2016-12-28T04:40:00Z,297.507366,294.9328646,274.2549067,283.2515457,289.2541583,3.693270007,3.515240252,3.532385478,3.589672611,3.58473629,0.156472728,0.148644865,0.14845166,0.115931121,0.106606362
2016-12-28T04:50:00Z,284.0094928,307.1873995,288.0763982,290.1785404,302.7747074,3.505599281,3.54983137,3.768361251,3.894203228,3.726380803,0.101419697,0.100784503,0.133442089,0.121071052,0.133294964
2016-12-28T05:00:00Z,279.1898006,306.304243,296.6374994,276.2145446,324.4470455,3.018538134,3.433031515,3.22692222,3.202931558,3.280300921,0.186478609,0.215910717,0.151052903,0.14078674,0.155901922
2016-12-28T05:10:00Z,306.0326021,302.6736489,322.5935169,287.6957746,309.8183462,3.018811048,3.082819581,3.031699112,3.191562909,3.028499907,0.151583441,0.120429545,0.163219718,0.135900622,0.179832085
2016-12-28T05:20:00Z,317.548071,303.6352116,302.9927068,308.1707603,305.5668193,2.881485604,2.912606032,2.94815793,3.089404442,3.029434467,0.196973211,0.167412006,0.120746825,0.129668017,0.122046448
2016-12-28T05:30:00Z,315.6420671,308.1613509,307.6475475,331.9887902,313.9425126,2.88969232,2.971982644,3.10422746,3.20351879,2.924837054,0.165499954,0.141609028,0.149093529,0.135108766,0.128536674
2016-12-28T05:40:00Z,301.4060485,290.3665181,322.4444933,310.9071204,312.2703749,2.8933055,2.950788252,2.877066965,2.990502212,2.71900136,0.204265769,0.142661584,0.166775522,0.154810285,0.17676722
2016-12-28T05:50:00Z,284.4269172,299.1717593,306.618075,292.4291037,313.4732189,2.682423223,2.538427016,2.678421617,2.659729376,2.806236417,0.15123272,0.161575425,0.148706787,0.165191194,0.164121813
2016-12-28T06:00:00Z,284.0638877,313.6755544,327.3242664,315.0868533,311.4744999,2.431126533,2.572543735,2.535934363,2.59839487,2.56399395,0.199634702,0.156226284,0.124861818,0.166643533,0.204486239
2016-12-28T06:10:00Z,327.1601487,314.8300301,335.9536775,339.5431215,359.2224412,2.03391923,2.15474537,2.176566343,2.204415771,2.235123236,0.182452961,0.167619773,0.188266066,0.201369136,0.147916652
2016-12-28T06:20:00Z,312.2663123,317.8733983,329.6043089,320.9723664,313.0623794,2.238229652,2.456765742,2.370910779,2.411855151,2.224454506,0.16128336,0.148984452,0.233006794,0.229646407,0.244422968
2016-12-28T06:30:00Z,306.3019784,309.2801949,316.547842,324.9676071,305.3186661,2.527401843,2.606371687,2.531289097,2.6428507,2.499518998,0.144482506,0.152010649,0.184084533,0.151128898,0.144847726
2016-12-28T06:40:00Z,335.1209261,314.9496324,337.7609825,324.5645244,316.2887216,2.200367705,2.195425663,2.196599812,2.164641192,2.241701467,0.170570702,0.178998483,0.190511755,0.182857165,0.210861858
2016-12-28T06:50:00Z,329.8839089,290.8500001,312.7206596,322.0593064,345.0782709,2.102501736,2.162036014,2.025625006,2.136516466,2.148415273,0.198693292,0.132171014,0.218916884,0.188023696,0.210314341
2016-12-28T07:00:00Z,328.2753045,318.0061018,322.2992869,311.8790072,310.3985147,1.859956142,1.89495057,1.86634259,1.763294482,1.831239325,0.187448005,0.181274068,0.193615578,0.197926398,0.178192738
2016-12-28T07:10:00Z,314.9276537,294.6275656,310.9931499,317.6779475,327.8608007,1.525900978,1.485604552,1.584971639,1.593409047,1.604499695,0.251632267,0.274634869,0.235172977,0.227878435,0.300718554
2016-12-28T07:20:00Z,315.2655996,324.9413081,338.2634384,300.0079614,311.0656767,1.3854539,1.319614361,1.525750684,1.452221769,1.250841886,0.272247204,0.280764065,0.242527144,0.164626258,0.323549385
2016-12-28T07:30:00Z,308.1249489,322.6350444,297.7434988,298.7159979,301.5027868,1.492294721,1.587824546,1.568887707,1.637503646,1.541126586,0.259771772,0.227058398,0.207542972,0.239670525,0.233529303
2016-12-28T07:40:00Z,292.388595,278.8573563,283.6780968,303.1173008,291.0315231,1.61583505,1.532223246,1.401389653,1.334494329,1.295969625,0.274159662,0.245617636,0.182155665,0.246297929,0.242989695
2016-12-28T07:50:00Z,254.2522581,270.0346317,271.3392093,280.3466458,265.7851217,1.30544528,1.243043045,1.219693192,1.290810692,1.292593803,0.221421936,0.258810812,0.245455472,0.24103221,0.264446214
2016-12-28T08:00:00Z,257.7186672,284.3559321,249.6239852,254.5846696,273.7431445,1.187823886,1.241259651,1.15028697,1.256749722,1.302962223,0.229574739,0.317774019,0.241727981,0.253036449,0.218404514
2016-12-28T08:10:00Z,242.0466193,231.791276,258.4691407,234.9771414,228.0226009,1.310712543,1.235569103,1.346102432,1.326237573,1.503069914,0.245302225,0.258466265,0.243560626,0.223793131,0.255383617
2016-12-28T08:20:00Z,239.5341408,223.2550108,250.4619662,238.5507491,214.8847017,1.433561688,1.475555239,1.60093228,1.421526169,1.450481937,0.250228725,0.269306638,0.22643689,0.316924299,0.213374866
2016-12-28T08:30:00Z,231.0143331,237.3168609,228.4262507,241.1307697,235.6880349,1.727578101,1.632648489,1.718902569,1.674670939,1.732237564,0.162404476,0.184505022,0.206631763,0.200251948,0.164228121
2016-12-28T08:40:00Z,249.3267172,261.0336702,246.2675501,238.3728025,245.8551319,1.857874717,1.851970326,1.905227508,1.940752803,1.924565694,0.175634457,0.239410595,0.150972594,0.219739526,0.185026287
2016-12-28T08:50:00Z,246.2112387,238.5072765,234.7538395,238.2015536,229.6391089,2.319063431,2.438254367,2.358348213,2.639751191,2.399053461,0.196153045,0.144053377,0.152952427,0.135835421,0.178820168
2016-12-28T09:00:00Z,229.9117042,245.4709022,244.0058337,248.3471103,244.7941278,2.476037288,2.623061324,2.539404779,2.524429213,2.567835944,0.127042289,0.122774282,0.148320344,0.154619681,0.144704677
2016-12-28T09:10:00Z,232.9395654,215.9528542,224.2537374,229.2889276,230.132667,2.82011234,2.836607819,2.91225929,2.779119935,2.819999301,0.23235574,0.253355797,0.23867263,0.16366441,0.171084815
2016-12-28T09:20:00Z,223.6064714,198.8535874,218.2926863,204.0956167,199.2259413,5.259329599,5.331598236,4.83520989,4.985499267,4.64024145,0.1308152,0.158325415,0.160629395,0.17761252,0.168422682
2016-12-28T09:30:00Z,213.2987277,212.4367742,229.5555333,208.064298,208.0519945,5.835839169,6.037178536,5.832123437,5.725757751,5.629434083,0.126570524,0.118122324,0.103394799,0.147165924,0.126436778
2016-12-28T09:40:00Z,211.6769346,212.7760286,193.122045,212.083349,211.1869256,6.048049479,5.901820284,5.908523056,6.150417786,5.840672843,0.110315942,0.110506571,0.1444397,0.165527612,0.131339267
2016-12-28T09:50:00Z,194.2663712,209.2824232,213.7482918,204.2241941,223.2075775,5.652036601,5.920338773,5.860975759,5.959593235,5.897522574,0.106577708,0.128541063,0.145321495,0.130564438,0.14705225
2016-12-28T10:00:00Z,218.143,215.1565018,199.0339765,213.3715923,200.5106288,6.177788473,6.079526246,6.56929115,6.279582649,6.223281707,0.111943875,0.119855661,0.147094887,0.141577773,0.11828377
2016-12-28T10:10:00Z,195.3450153,205.0634735,200.0116755,209.7438104,215.4105427,6.407143475,6.333332662,6.627589923,6.222780285,6.869387089,0.154318021,0.153439805,0.185392689,0.166589502,0.167258137
2016-12-28T10:20:00Z,233.2254365,207.593807,217.8098125,209.9421634,207.0628126,6.634279697,6.672469239,6.483694346,6.028631219,6.431659699,0.107986354,0.163790979,0.13975593,0.207693727,0.137847565
2016-12-28T10:30:00Z,210.552045,201.6835794,208.9635532,200.7836745,206.3448606,6.688101452,6.102496964,6.19148741,6.118368597,6.518850348,0.206278795,0.150391122,0.154311321,0.172002812,0.124348879
2016-12-28T10:40:00Z,201.7372173,221.29479,184.3617006,227.717175,212.5364758,6.586454211,6.67756406,6.598295499,7.033667411,6.446824044,0.160898398,0.176680396,0.128577365,0.124419126,0.159764753
2016-12-28T10:50:00Z,193.9857702,205.0558835,213.5904752,222.4113208,207.1512589,6.199136445,6.575830235,6.453829788,6.252081484,6.289219091,0.160756321,0.110722166,0.176024235,0.155590198,0.10889765
2016-12-28T11:00:00Z,207.4246045,216.512618,223.2145235,232.2535441,192.1980194,6.128118501,6.451892698,6.681636134,6.487767868,6.038104879,0.163062332,0.144835474,0.15799932,0.129564707,0.181910063
2016-12-28T11:10:00Z,219.3980259,226.5356083,221.5351137,212.5640551,221.3146841,6.557191958,6.650920873,6.419946199,6.710035726,6.876737839,0.191149962,0.131375836,0.120006969,0.096991687,0.162670178
2016-12-28T11:20:00Z,210.7847174,207.0340897,225.2520999,222.4036358,209.7976088,6.460593992,6.467805044,6.727922832,6.81889487,6.773250676,0.140610959,0.182611375,0.150807823,0.11408827,0.122484775
2016-12-28T11:30:00Z,207.6634198,213.6666941,208.7357526,207.4075598,212.2318223,5.808875775,5.908621342,6.000190532,6.54640709,6.303415483,0.149392382,0.206202879,0.229060638,0.148671186,0.176097375
2016-12-28T11:40:00Z,201.6026641,203.6307178,216.6348505,218.7830638,208.0862448,5.945388057,5.683743916,5.892800643,5.469241695,6.131620916,0.241165298,0.225249067,0.161340348,0.153635257,0.193210198
2016-12-28T11:50:00Z,196.0389749,215.0284995,209.1173757,208.9482914,228.7788616,5.137130674,5.015823342,4.872628587,4.931991214,5.075620909,0.210882207,0.1723511,0.16927767,0.183319183,0.189322366
2016-12-28T12:00:00Z,208.7212472,212.9627108,211.438504,229.6927815,203.6502457,4.989404952,5.054944654,4.901609132,5.053411592,5.05871062,0.201410837,0.212764583,0.207302211,0.226534001,0.172872809
2016-12-28T12:10:00Z,203.8701298,190.0206111,205.4622715,206.0122823,204.9724485,4.810303691,5.117765935,4.820149749,4.926141302,4.535591916,0.237181069,0.186535487,0.237499225,0.143834253,0.171087582
2016-12-28T12:20:00Z,215.817145,205.4581615,212.1102432,203.6670987,221.3047129,4.998547005,5.16787409,4.961415007,4.715573115,5.08766704,0.20202575,0.139703824,0.177704813,0.210876309,0.179107661
2016-12-28T12:30:00Z,220.1566102,198.2324106,215.7001077,215.7480633,213.8844578,5.630510746,5.664313069,5.292380876,5.273145514,5.130355393,0.156203102,0.135637747,0.12297216,0.119488489,0.199705147
2016-12-28T12:40:00Z,204.1670945,204.4160097,225.2026594,220.4962446,233.0110181,4.965133875,5.043350378,4.791309117,4.847570041,4.723799652,0.187971369,0.158985719,0.208180235,0.219046377,0.140657108
2016-12-28T12:50:00Z,223.322171,212.3926709,213.7393669,214.884701,219.4453677,5.519400133,5.112275567,4.897522594,4.818374981,4.972668162,0.140135524,0.226208667,0.191404545,0.277641961,0.154185392
2016-12-28T13:00:00Z,201.8085957,200.2556941,219.0064407,222.3248016,211.7635665,5.098838535,4.982158472,5.048685606,5.036454272,4.988257353,0.161323218,0.159170353,0.220039383,0.118907532,0.145050079
2016-12-28T13:10:00Z,194.1928617,204.6394296,203.4779944,213.9424396,225.468827,5.1990373,4.838150321,4.789309133,4.931639922,5.327563044,0.155429148,0.149902349,0.154872175,0.184071365,0.20004614
2016-12-28T13:20:00Z,181.462644,193.7965393,202.8512776,213.1491298,220.8619639,5.603708627,5.679810319,5.65887766,5.428814249,5.349928703,0.146809082,0.128569958,0.122239407,0.121754345,0.131216943
2016-12-28T13:30:00Z,205.3927634,201.4358262,199.6247473,207.9050978,189.2845933,5.320761773,5.543527464,5.570401779,5.532374256,5.652261986,0.123639286,0.136405289,0.149514082,0.118813136,0.17763202
2016-12-28T13:40:00Z,199.9289659,198.7980778,191.7695387,210.393803,195.947214,5.591550846,5.029538144,5.60062156,5.076191192,5.390379073,0.087660632,0.187794318,0.133755511,0.180268347,0.116922776
2016-12-28T13:50:00Z,194.6327744,204.9837404,191.3490782,206.0229725,203.2033816,5.37087089,5.464622538,5.443660751,5.038682524,5.311201673,0.088436276,0.091139229,0.14964969,0.178968702,0.127142643
2016-12-28T14:00:00Z,176.9247446,195.3859175,211.4371087,199.4058204,217.1460114,5.264675622,5.228610385,5.082208,5.459494894,5.05558326,0.118282699,0.129338195,0.128706359,0.145413924,0.165589692
2016-12-28T14:10:00Z,190.6430113,206.2721146,188.1899807,197.8315003,208.8371819,5.128210044,5.121914307,4.97582894,4.644271441,4.758577873,0.164246579,0.182829273,0.199353256,0.144801465,0.139841837
2016-12-28T14:20:00Z,202.8788311,217.7287631,200.9945859,212.1471966,210.631697,4.850911016,4.930663589,5.030018533,4.800777486,4.951599274,0.14480738,0.192464466,0.172001147,0.208143905,0.19495356
2016-12-28T14:30:00Z,205.3659958,210.6407043,213.6774631,204.6609743,206.3800805,4.576582556,4.452956599,4.540028464,4.283319062,4.632082242,0.161978941,0.188592224,0.190727483,0.219655477,0.224104326
2016-12-28T14:40:00Z,202.5695682,213.1431469,192.3501542,215.3539457,204.3795597,4.959619197,5.117036706,4.921747014,4.814344211,4.392074963,0.141132595,0.157749074,0.205471851,0.180960146,0.231387088
2016-12-28T14:50:00Z,209.3979572,204.6561775,207.4140555,229.165657,224.3658695,5.375817615,5.336261157,5.743167956,5.143713932,5.002648225,0.174135706,0.162625861,0.158626838,0.225322213,0.211078984
2016-12-28T15:00:00Z,228.1882767,212.7850634,214.0224245,216.6202008,217.4138111,4.517068634,5.060154388,4.630150914,4.62620649,4.658750858,0.212327753,0.174326361,0.247607573,0.24641284,0.170650582
2016-12-28T15:10:00Z,226.9325884,215.5053565,221.4320375,223.3656784,226.855271,4.492260134,4.336019515,4.129656773,4.481256462,4.410963127,0.130710708,0.182494678,0.189043935,0.188913296,0.133448389
2016-12-28T15:20:00Z,201.7311295,217.0922296,228.1498126,215.014582,222.5596708,3.5427052,3.544408429,3.662248808,3.54482003,3.910275782,0.282050021,0.214321082,0.214306659,0.198657897,0.260303601
2016-12-28T15:30:00Z,238.0935188,214.6655155,218.9064884,215.5646556,222.9639065,3.045473181,3.100104798,3.263570088,3.332900064,3.372202194,0.231875943,0.215730729,0.135284535,0.166834186,0.248014672
2016-12-28T15:40:00Z,227.1852583,240.440106,230.4712319,221.4919163,226.9480831,4.071122416,3.972491513,4.03232505,3.66321735,3.767138194,0.188905638,0.18462205,0.149354955,0.246118189,0.147953953
2016-12-28T15:50:00Z,224.8954056,218.7110092,222.812574,234.5178894,234.291953,3.44596188,3.733545658,3.779170909,3.754415424,3.546826757,0.234297961,0.165503116,0.154389067,0.169177424,0.219567398
2016-12-28T16:00:00Z,235.9054422,227.6393403,208.00267,217.412178,217.1785749,3.352284967,3.552706863,3.617346336,3.686329195,3.599980263,0.17415397,0.143630641,0.128341113,0.240086233,0.134238697
2016-12-28T16:10:00Z,193.7895976,193.0110801,186.7679661,204.1899279,205.851823,3.593779985,3.23404792,3.646186304,3.696829795,3.566215272,0.226059362,0.240502054,0.237183988,0.210034661,0.151851133
2016-12-28T16:20:00Z,195.6572684,201.9530914,191.4454013,193.4712448,206.0945973,3.82795384,3.856553951,3.88992695,4.012721396,4.358815666,0.202109222,0.200329473,0.130165872,0.19167641,0.261159484
2016-12-28T16:30:00Z,185.1449979,189.6271007,193.5845373,192.2366698,184.6249497,3.650319095,3.727176953,3.686194195,3.79589206,3.79781691,0.238552235,0.186658644,0.215919375,0.210234265,0.19598764
2016-12-28T16:40:00Z,177.5116816,177.951317,179.8566614,196.527108,192.647864,4.243581864,4.297685373,4.252600744,4.12391358,4.278444732,0.229315677,0.24055755,0.236098051,0.249233298,0.226455742
2016-12-28T16:50:00Z,173.3739026,173.4350615,186.1424669,193.3982649,173.7078818,3.620228347,3.723464838,3.477147978,3.833660308,3.865302477,0.193035106,0.193547369,0.188509974,0.225180444,0.181753576
2016-12-28T17:00:00Z,175.872112,182.4788962,173.2838464,198.2927322,180.6244109,4.256557953,4.02230716,4.315673178,4.359141311,4.280804797,0.221140305,0.235140535,0.24134538,0.191247586,0.208245684
2016-12-28T17:10:00Z,189.7315173,188.5036251,176.4677152,169.5538262,176.9993276,4.279564107,4.215790723,4.122983085,4.225407732,3.998511217,0.17625999,0.18035332,0.199290182,0.1707699,0.178625068
2016-12-28T17:20:00Z,176.9421011,184.5688077,179.0892908,178.280196,172.207857,4.893704392,4.548803119,4.675468096,4.433711927,4.388710867,0.179300017,0.182955172,0.219913166,0.234317664,0.225975095
2016-12-28T17:30:00Z,184.0505017,175.2343736,174.7289207,183.3830047,178.8346903,4.63763504,4.629078078,4.584912186,4.538804989,4.782461426,0.222652887,0.190297142,0.153636628,0.156269512,0.17361283
2016-12-28T17:40:00Z,182.5850013,185.119229,177.7693474,176.3908937,172.0359357,4.816959333,4.544651832,4.947790097,4.89817848,4.642653189,0.234171914,0.201344876,0.235051335,0.182568742,0.228664962
2016-12-28T17:50:00Z,158.5295903,182.5786192,172.1006498,175.5457649,190.8510315,4.922356612,4.863988105,4.978684235,5.080596524,5.022685133,0.207992591,0.178800212,0.191935273,0.195390603,0.208832372
2016-12-28T18:00:00Z,185.3368096,161.3190303,174.1422164,175.7250442,173.001663,4.796228852,4.908940681,5.084106822,5.142706435,5.1627817,0.268240089,0.219751913,0.179013313,0.192330029,0.1975699
2016-12-28T18:10:00Z,178.643035,169.3161608,177.264214,177.8640473,163.5302026,4.913602778,5.005588705,5.336321005,5.504337057,5.191020766,0.223809846,0.170432756,0.169399945,0.206606747,0.256519133
2016-12-28T18:20:00Z,160.099878,143.5324846,157.3333339,173.3297065,164.6367159,5.78055655,5.666965027,6.082919691,5.707425246,6.049516685,0.169191608,0.182437344,0.13733546,0.169509938,0.155212316
2016-12-28T18:30:00Z,158.6528849,161.9162508,160.9968594,167.25229,155.0074236,6.008782665,6.010039795,5.737637915,5.729233929,5.577703517,0.203127115,0.157009492,0.166479911,0.189661261,0.170376321
2016-12-28T18:40:00Z,154.4902928,153.9502393,165.7744088,162.513889,163.8062378,5.941725036,5.993407237,6.269443776,6.359867699,6.177772197,0.161892028,0.192102173,0.167472012,0.183097997,0.174285976
2016-12-28T18:50:00Z,164.8739322,166.6618811,174.7380421,180.4538353,173.0619975,5.875911718,5.857207306,5.858677912,5.622864095,5.532058214,0.188067062,0.224320411,0.181287775,0.176591158,0.180478313
2016-12-28T19:00:00Z,169.5594829,171.5363847,168.7009241,177.2313008,180.5365077,5.489667583,5.710085578,5.421201968,5.313864982,5.353253009,0.131034845,0.141541203,0.15322595,0.165424151,0.161784626
2016-12-28T19:10:00Z,178.1758577,175.2296303,182.3678517,168.9289454,162.5420216,5.898724099,6.187532944,5.820799985,5.399843664,5.789771133,0.157425477,0.18016771,0.168781238,0.175727487,0.141088436
2016-12-28T19:20:00Z,182.9855509,186.744522,175.8374671,173.3365564,177.1073118,5.879416453,6.018590766,6.006604117,5.906051532,5.689142931,0.134271198,0.170432248,0.166077884,0.195757422,0.186372132
2016-12-28T19:30:00Z,182.0712156,164.2586967,174.9561787,173.7187834,151.8552211,6.375848632,6.24278398,6.449580808,6.614049119,6.620920952,0.159395418,0.123264615,0.187605304,0.146703956,0.197175265
2016-12-28T19:40:00Z,162.3836545,155.0909972,157.4376833,163.2482483,164.3055601,6.637488215,7.005103856,7.062145412,7.540900519,6.807628755,0.181123452,0.191529133,0.223469938,0.184914096,0.13831776
2016-12-28T19:50:00Z,159.3984869,164.115482,162.5051753,169.7939031,179.0313221,6.386271456,6.572660237,6.719753114,6.548749501,6.301957941,0.195845899,0.16843951,0.160476262,0.15638412,0.159612986
2016-12-28T20:00:00Z,153.2521959,154.0933068,160.8748337,159.6095974,161.2102742,6.746491444,6.65816312,6.644161748,6.69200459,6.4317887,0.138454733,0.166960848,0.167543445,0.153831601,0.167819097
2016-12-28T20:10:00Z,176.4778136,163.1832084,165.6032068,167.6748923,165.9260791,5.78783293,6.140370557,5.623457293,5.904470332,5.687511739,0.201694723,0.170413398,0.117073486,0.17253087,0.222328405
2016-12-28T20:20:00Z,155.8030749,162.3255911,156.6637437,172.641396,162.8464468,6.401786315,6.612935793,7.069633007,6.920971964,7.133117493,0.146339514,0.133427851,0.167357926,0.110903259,0.166278542
2016-12-28T20:30:00Z,162.7215305,146.558955,160.4910648,155.9960086,161.1080415,6.534992405,6.423922851,6.45400913,6.178570167,6.451795347,0.112463933,0.156971314,0.12254916,0.178404561,0.147198656
2016-12-28T20:40:00Z,163.6579026,167.6748747,155.557839,157.6883692,162.2389753,5.554005688,5.557769403,5.665964597,5.988202611,5.917616737,0.132021467,0.160954911,0.103018201,0.155651725,0.185958432
2016-12-28T20:50:00Z,163.2308254,174.1454056,164.1187683,157.4868607,161.034004,5.910348282,6.020597019,6.335002538,6.454524991,6.206806154,0.152744817,0.153106954,0.166917746,0.173775442,0.119978871
2016-12-28T21:00:00Z,169.999748,157.3040922,153.2998617,156.2291985,158.5280247,6.546866167,6.642931447,6.694193418,6.700234207,7.034246374,0.126599882,0.137702476,0.162790393,0.233945562,0.143593697
2016-12-28T21:10:00Z,170.936544,152.6959962,154.1129144,160.7794152,149.3033575,7.167997703,6.868512706,7.538528318,7.472749708,7.28640536,0.203135354,0.157827719,0.155269757,0.157371707,0.190812015
2016-12-28T21:20:00Z,159.2002778,172.0513611,171.081289,160.8682857,171.1766047,7.231226836,7.110714465,7.416261575,6.750250987,7.594176787,0.224295146,0.143728477,0.133455199,0.158705101,0.175349714
2016-12-28T21:30:00Z,171.7968305,167.5713358,167.5153607,172.7359148,153.5952388,7.134125975,7.038106252,7.189849692,7.059784065,7.02642949,0.163339735,0.197100446,0.176455285,0.190955092,0.164124329
2016-12-28T21:40:00Z,174.6867336,156.0813272,174.0960897,160.2177598,161.79357,6.472694511,6.136580426,6.528829589,6.348093012,6.488400212,0.210544459,0.197644758,0.142390749,0.180045013,0.181932712
2016-12-28T21:50:00Z,174.08927,168.3717045,161.6542411,163.0768586,158.103719,6.123428682,6.173750494,6.099193355,6.301750713,6.017066783,0.168526861,0.175221987,0.242633554,0.183373784,0.141273747
2016-12-28T22:00:00Z,168.0806954,178.1038318,182.6403356,189.7376214,162.5163834,6.313662676,6.6340718,6.428059836,6.76537532,6.239545611,0.185123644,0.142959192,0.224981208,0.15197655,0.169492865
2016-12-28T22:10:00Z,164.4854657,167.8265136,161.4351414,165.8486445,178.482404,6.049967409,5.747004344,6.204038954,6.218928524,6.491005732,0.24530578,0.153875258,0.149659673,0.158916149,0.155151694
2016-12-28T22:20:00Z,182.3246661,176.0465199,175.6763596,173.8739486,178.979482,6.2254221,6.073887896,6.229507092,6.238665971,6.226705092,0.18535542,0.160009861,0.199543511,0.168671665,0.193386832
2016-12-28T22:30:00Z,179.0886801,193.1891215,175.2801907,183.3663156,192.0179441,5.926875233,5.841234015,5.89617917,5.715148544,5.975984793,0.151501632,0.142348871,0.192050348,0.148540557,0.138878409
2016-12-28T22:40:00Z,172.28535,182.8682708,186.1908926,189.4209451,187.9335003,5.604994294,5.753449402,5.733511245,5.969544953,5.537876772,0.189933495,0.156073223,0.198574935,0.149211093,0.143842336
2016-12-28T22:50:00Z,181.8591899,182.1056662,183.9111615,183.2410921,170.038319,5.724880364,5.980464717,5.766872045,6.091264951,6.169088128,0.156917603,0.160700494,0.209782415,0.134060019,0.157702986
2016-12-28T23:00:00Z,171.4790273,180.7163702,172.2767992,172.8504742,190.6260824,6.335248154,6.261385409,6.055921306,6.799555315,6.548631723,0.181898099,0.166164482,0.18418037,0.13653262,0.155125325
2016-12-28T23:10:00Z,173.1331881,188.6977598,168.7097108,173.8969885,156.2119617,6.070165898,6.424009642,6.129488674,6.188444489,6.163654632,0.196003807,0.175560704,0.176252285,0.156911356,0.129256698
2016-12-28T23:20:00Z,187.8506608,182.0920171,185.7361379,177.9680033,179.8565017,6.133359991,6.187211342,6.37298151,5.933277519,6.53754858,0.187270735,0.146461409,0.143459342,0.193241427,0.180938319
2016-12-28T23:30:00Z,176.3360033,178.7294041,176.7781231,167.7001703,184.3996442,5.762816113,6.168015652,5.931335587,6.486284546,6.061336549,0.142211737,0.149060559,0.192284701,0.144770328,0.216513688
2016-12-28T23:40:00Z,191.3936173,173.4411444,168.1016341,176.7845105,174.9497825,6.123867829,6.052688204,6.038234215,6.189474169,6.190956101,0.20592675,0.151759437,0.142176793,0.118491455,0.135602462
