LOCATION: 
SYSTEM SERIAL: HKZMAST
TIMESTAMP (ISO-8601) UTC,WindDir030m deg,WindDir040m deg,WindDir060m deg,WindDir080m deg,WindDir100m deg,WindSpeed030mh m/s,WindSpeed040mh m/s,WindSpeed060mh m/s,WindSpeed080mh m/s,WindSpeed100mh m/s,TI 030m,TI 040m,TI 060m,TI 080m,TI 100m
2016-11-01T09:10:00Z,348.6925615,348.725225,363.0372385,357.2483498,355.6732299,5.388771327,5.366234046,5.376121087,5.697637311,5.589473467,0.112002113,0.121791384,0.221278539,0.155835281,0.186121012
2016-11-01T09:20:00Z,341.3211891,346.060663,346.1839924,373.0756179,326.3033106,4.666767105,4.870934735,4.917832307,4.79279537,4.996032694,0.1672046,0.208425004,0.214808097,0.184524368,0.186420957
2016-11-01T09:30:00Z,350.3227287,362.7386805,358.2961517,357.7673237,344.860397,4.41357506,4.387071364,4.497156393,4.634536787,4.333192439,0.155645794,0.145066504,0.195155385,0.182519006,0.192322423
2016-11-01T09:40:00Z,337.2121733,348.9064503,334.8130782,342.2442836,325.9558274,5.216110462,5.468852335,5.416551449,5.34393823,5.397470414,0.157869854,0.150236432,0.106113223,0.158919656,0.149049201
2016-11-01T09:50:00Z,320.9385018,338.5948694,336.342725,351.5173066,363.9040633,6.334706218,6.386953618,6.852955518,6.745342126,6.187417676,0.115897996,0.1402732,0.132506726,0.105357414,0.160816001
2016-11-01T10:00:00Z,335.1329019,369.0814495,352.3852929,339.9431548,344.1694725,6.26654457,6.55265381,6.348431604,6.422711259,6.63585181,0.143882341,0.123679084,0.131921582,0.142431551,0.108147024
2016-11-01T10:10:00Z,0.385836524,362.5767447,354.334176,339.3853292,364.3963859,7.04950727,6.850144627,7.141602748,6.905935024,7.045772538,0.117385668,0.126350487,0.135112491,0.11242938,0.114255401
2016-11-01T10:30:00Z,2.329118479,1.055144943,4.092436199,1.059110881,341.0425245,6.494900659,6.523022759,6.593638509,6.567396666,6.804193684,0.105858592,0.079558729,0.087431586,0.076374848,0.134927201
2016-11-01T10:40:00Z,1.935655417,0.328586924,388.2107925,376.1976488,359.6273996,7.836028779,7.682503005,7.519574048,7.675960132,7.728836255,0.127768699,0.081033233,0.126030376,0.129364589,0.116270223
2016-11-01T10:50:00Z,335.5259257,373.6315563,0.704637811,366.3973944,383.9373056,8.112392625,8.355340731,7.953779591,7.845830292,7.861531623,0.127843345,0.142197681,0.107829853,0.11126332,0.130672768
2016-11-01T11:00:00Z,345.2734225,336.7787504,358.2657535,381.4958127,361.1537937,8.063222212,8.498456419,8.658308586,7.773264261,7.959593131,0.10689247,0.13732236,0.115900106,0.12427649,0.104793468
2016-11-01T11:10:00Z,366.142494,328.4677682,344.2276439,359.1522889,343.8997708,7.245778994,7.182063972,7.792302415,7.450701836,7.763872721,0.142772581,0.09123163,0.128782461,0.10819728,0.11926132
2016-11-01T11:20:00Z,362.8188416,341.5043142,348.8103913,322.4642186,328.0347975,6.410365674,6.60563236,6.503490272,7.251215795,7.004891995,0.150819848,0.142972757,0.180251978,0.108215823,0.144771234
2016-11-01T11:30:00Z,360.3258037,359.8909875,360.5415121,342.9255904,361.600336,7.043894937,7.122062955,6.981278996,7.369297449,7.233204309,0.16387167,0.18549811,0.160687472,0.140193378,0.110601123
2016-11-01T12:00:00Z,1.048236122,343.4948797,361.2858385,361.4111755,3.134442058,4.442197003,4.668878311,4.679235186,5.00029508,5.22482833,0.170316712,0.212643934,0.191003708,0.193081025,0.209426035
2016-11-01T12:10:00Z,375.8789255,357.0395428,337.6194947,342.4992328,345.1582316,5.259481642,5.572020242,6.194877043,6.175594652,6.437123324,0.182624566,0.202770901,0.156578697,0.194037445,0.164139718
2016-11-01T12:20:00Z,336.4777213,378.1027929,333.358943,341.8830919,347.043814,6.951243744,6.681864915,7.164715312,6.985753535,6.674755633,0.270822344,0.160924826,0.188432903,0.144214888,0.190972612
2016-11-01T12:30:00Z,9.304306644,11.53490709,10.34221003,9.037677182,9.622549117,8.520805173,8.697099245,8.867957042,8.176422572,8.784767529,0.145165271,0.105200321,0.121944313,0.101330751,0.133274755
2016-11-01T12:40:00Z,14.38012062,14.17401369,14.37778731,15.23943627,17.38407663,10.81292076,11.81197243,11.262249,11.86289215,12.00569489,0.17641874,0.131978496,0.144489651,0.136154138,0.150983754
2016-11-01T12:50:00Z,18.93211899,18.75952694,21.39949972,17.96319545,20.73373597,12.18314898,11.95592227,12.0778224,12.14105615,12.14301947,0.154198851,0.11775235,0.12254641,0.08458219,0.123971386
2016-11-01T13:00:00Z,23.48061185,24.1350826,25.25004407,21.10574388,26.41176355,11.61129847,12.64332322,12.15392744,11.73394585,12.25055468,0.135720497,0.086964216,0.10341538,0.131915785,0.145740401
2016-11-01T13:10:00Z,26.36211623,23.32382116,26.53712224,20.70988629,19.21439977,11.08113491,11.39503394,11.47417657,11.22253798,11.18505819,0.123994759,0.150061012,0.128879714,0.15350403,0.216485891
2016-11-01T13:20:00Z,24.33603867,21.33233837,23.06074845,22.11570161,15.30583419,11.24823356,10.91493818,11.28637989,11.60315703,12.09108945,0.14304641,0.108204528,0.140168851,0.141696341,0.107070074
2016-11-01T13:30:00Z,17.71797507,19.09484349,21.22616925,17.57159149,16.33732479,11.79184685,11.80950336,11.07253217,11.44905712,11.67736962,0.150531047,0.127806331,0.143065194,0.121771791,0.085191553
2016-11-01T13:40:00Z,19.04250364,20.28393941,21.0122524,17.73854289,14.72397414,11.3492852,10.97315439,10.75126322,10.77523745,11.12607234,0.110870785,0.166294966,0.136620948,0.112785524,0.130092511
2016-11-01T13:50:00Z,19.0228359,19.21152765,20.59499517,18.96731361,16.14593233,10.88410401,10.91086507,11.14113407,10.71309143,10.38459559,0.105280427,0.095911116,0.128156913,0.127644422,0.101177491
2016-11-01T14:00:00Z,12.51004621,12.10626593,12.24050622,12.6410033,12.28961174,11.25064777,11.5811211,11.36631269,11.39535433,11.69803372,0.133425501,0.145950247,0.183115038,0.141992376,0.147971066
2016-11-01T14:10:00Z,15.44620577,8.572842789,12.71430848,11.20241239,10.33416288,10.94634841,11.14708932,11.37643884,11.27724467,11.86729228,0.151386658,0.180911557,0.13740976,0.161346708,0.130504382
2016-11-01T14:20:00Z,3.156284056,2.780284182,3.4045768,7.339356319,3.612293141,10.60761984,11.19747779,11.58971339,11.82788309,11.17427193,0.179609421,0.146448498,0.149967756,0.178186351,0.168594679
2016-11-01T14:30:00Z,5.467793672,5.593602733,7.256781605,7.593646093,4.216805835,12.23994902,12.190519,12.62220129,11.64307979,12.41148422,0.206019717,0.205631714,0.12930524,0.181760821,0.171822961
2016-11-01T14:40:00Z,4.417864327,4.977892259,5.82860516,5.767038812,5.057108535,10.66798584,10.32710845,11.60161214,10.83179109,10.67104147,0.164249909,0.12660792,0.175704493,0.145542832,0.115419515
2016-11-01T14:50:00Z,8.37896311,6.648627043,6.732156739,4.175306606,6.090228796,9.378541488,9.495954218,10.12915672,9.97362878,10.9017982,0.121185943,0.157135852,0.115288744,0.114770603,0.108104958
2016-11-01T15:00:00Z,12.48083645,11.17505418,10.20611949,8.73909217,8.6026821,10.21098513,10.08213061,10.10740398,10.70973295,11.092502,0.118582874,0.154729796,0.138070258,0.104767155,0.125597845
2016-11-01T15:10:00Z,5.394982601,2.647690771,4.606972284,6.073939847,4.766495829,9.455008718,9.300192191,9.714997862,10.32604028,10.40164,0.128487414,0.107607096,0.136495674,0.11120234,0.178475985
2016-11-01T15:20:00Z,3.441270617,6.275950688,1.08405649,364.539299,2.639903266,9.969731383,10.06617189,10.58923322,10.35468465,11.07173813,0.143388491,0.13408698,0.115247588,0.122548634,0.11857005
2016-11-01T15:30:00Z,5.922170737,4.432872828,0.690922934,1.046626704,2.907569534,10.36212031,10.88787255,10.77734673,11.44353076,10.76970794,0.105130657,0.102356085,0.131993983,0.143315249,0.112681584
2016-11-01T15:40:00Z,389.564027,2.118403383,351.5745572,0.380846206,395.9685402,9.592439232,10.29354212,10.56068945,10.26316196,10.42682088,0.120108378,0.139303702,0.097375702,0.09886382,0.096834229
2016-11-01T15:50:00Z,353.2470306,374.7825258,350.7547811,345.7584669,387.2148189,9.825032498,10.11362223,10.38176164,9.979285393,10.53459945,0.110851986,0.121117271,0.10751747,0.134744594,0.124263137
2016-11-01T16:00:00Z,355.9445424,348.3617214,356.603853,348.3663875,348.206805,10.03035135,9.964896722,10.81334899,10.79107728,10.70809829,0.102029895,0.101196057,0.116187311,0.117392748,0.101016373
2016-11-01T16:10:00Z,346.7519022,355.8522374,348.7042758,338.9391123,354.3740375,10.87287581,10.99790339,11.38497391,11.11985045,11.30590431,0.172923938,0.116809703,0.108645186,0.105321655,0.089971672
2016-11-01T16:20:00Z,354.8191292,358.5121496,400.88828,363.8444604,334.1261242,9.897342107,10.34604287,10.66955306,10.18253575,10.34493692,0.118142175,0.133600024,0.1124532,0.133154735,0.148040784
2016-11-01T16:30:00Z,370.9765913,355.4210686,360.7143318,324.2230432,332.5821276,11.03406217,11.7053351,11.78527539,11.78908333,11.23225044,0.122579138,0.10201611,0.113107097,0.124502235,0.088870644
2016-11-01T16:40:00Z,360.3086728,363.0456121,333.4233679,348.3323608,338.3423628,10.53826553,10.58535887,10.88743078,11.16593989,11.50173205,0.129948592,0.116944343,0.153704386,0.119349782,0.106688176
2016-11-01T16:50:00Z,368.5500814,348.8536463,346.6978525,335.9882777,354.9621594,10.33651853,10.48189642,10.76769595,10.80642441,10.91285433,0.137139897,0.095465023,0.096089582,0.122889843,0.123547753
2016-11-01T17:00:00Z,345.5753872,355.1549258,340.1401837,330.5408343,345.5107132,10.29782142,10.01673919,10.27993565,10.23145812,10.25516103,0.120467428,0.119321825,0.116198134,0.160729661,0.138799589
2016-11-01T17:10:00Z,338.5352652,333.7938959,356.8518563,330.610043,366.5550558,9.826709669,9.821687777,10.42474902,11.05291102,10.72700792,0.147995202,0.123885925,0.130473573,0.132070881,0.144240506
2016-11-01T17:20:00Z,358.7815347,333.6275984,348.5721556,355.1826196,371.8181476,10.74929647,10.99228474,10.89898692,10.87374774,11.12951481,0.106840545,0.093447456,0.10138797,0.133485734,0.101551674
2016-11-01T17:30:00Z,342.3548996,342.0120295,362.0476247,364.6199399,339.5384499,9.927546091,10.96412252,10.73046595,10.86704982,10.62770803,0.139541894,0.140825126,0.154102101,0.147373278,0.135618146
2016-11-01T17:40:00Z,365.8551609,331.0579379,350.8408016,334.0509824,353.3932653,9.941441503,10.20611769,10.1571379,10.31039044,10.48781603,0.119631983,0.138712166,0.136164032,0.127740224,0.100494217
2016-11-01T17:50:00Z,337.396668,345.5779331,351.8226093,368.1929166,361.7024211,9.085266101,9.064917936,9.590320092,9.673990725,10.24927213,0.126412077,0.108147591,0.119361479,0.161398105,0.153320584
2016-11-01T18:00:00Z,339.6131001,354.425633,357.1633711,353.0750962,362.3277678,9.684899042,9.261555428,9.922352386,9.58928632,9.837899722,0.097160864,0.140470598,0.141484353,0.132177436,0.168374569
2016-11-01T18:10:00Z,354.2480755,346.4044825,341.4730837,362.9717299,366.8195232,9.342138634,9.338348963,9.832424163,9.51175317,9.939773215,0.114271909,0.158721737,0.142172794,0.143789984,0.127036857
2016-11-01T18:20:00Z,337.9859387,361.0516097,326.127556,337.9479984,349.6609186,9.399718771,9.851858781,9.754427285,10.32451064,9.817814057,0.12322431,0.139396154,0.139850001,0.161828541,0.127955567
2016-11-01T18:30:00Z,382.6494072,331.3897203,363.7481492,353.316069,345.5311664,9.737756841,9.762070714,10.12191981,9.983377258,10.38547434,0.1310308,0.113967719,0.120233403,0.127726375,0.123868559
2016-11-01T18:40:00Z,366.2423094,320.6150819,333.4281846,332.039624,357.8316103,9.64116299,9.262072943,9.824749875,10.04810308,10.03961216,0.111362104,0.123236733,0.147571708,0.142619133,0.105912241
2016-11-01T18:50:00Z,361.0304343,322.1884987,331.6154096,348.5089542,357.538049,9.080290426,9.091861241,9.120551987,9.308692984,9.168358422,0.162013906,0.166116809,0.138796522,0.161473581,0.170868763
2016-11-01T19:00:00Z,328.3722208,339.0917135,345.6429038,352.5926435,353.9979402,9.197523149,8.687175803,9.608725129,9.731480097,9.673719243,0.198682175,0.183067511,0.149022167,0.206048577,0.138036344
2016-11-01T19:10:00Z,347.2234073,355.6194449,385.319528,331.0572362,355.818338,10.02505067,10.14602125,10.40969876,10.22793675,10.77778047,0.181462684,0.117196587,0.132144989,0.157741059,0.132318551
2016-11-01T19:20:00Z,324.5095613,358.7109174,346.8436421,344.2320903,335.9322627,9.235459012,9.206808774,9.933285631,9.487825723,9.526038577,0.172830965,0.17180741,0.14407652,0.15395446,0.122168751
2016-11-01T19:30:00Z,350.3729505,342.4571478,333.0234615,357.3911432,323.6673302,8.275586755,8.441753118,8.131858035,8.026192187,7.900438348,0.179690315,0.162317707,0.188176784,0.196579377,0.134092604
2016-11-01T19:40:00Z,325.2649783,343.1364815,348.7604594,344.4095387,342.7660946,7.866042916,8.016820006,8.614260293,8.53298707,8.73821137,0.17969336,0.172437723,0.142575999,0.171305989,0.19324006
2016-11-01T19:50:00Z,333.4886454,313.2653344,342.9790177,317.1990774,332.8392641,8.222896506,8.513225648,8.585420392,8.46499593,8.223233122,0.142239436,0.131119365,0.150967107,0.160232968,0.142341733
2016-11-01T20:00:00Z,358.5617584,336.6887584,341.9362517,332.2949586,346.8492649,9.330835485,9.938765925,10.42369565,10.25033246,10.34277155,0.130702757,0.145292346,0.118692196,0.106317726,0.10082051
2016-11-01T20:10:00Z,330.46711,346.5652219,342.5306746,352.0317691,355.7026827,8.447755919,8.120403869,8.619674211,8.740780136,8.730473068,0.170370211,0.142437208,0.126679325,0.120136483,0.112539397
2016-11-01T20:20:00Z,357.107732,341.3526936,344.7214901,355.8525723,334.5141497,8.934183379,8.466069136,8.658666021,8.717959524,8.724974209,0.162082377,0.148574274,0.140795881,0.094268716,0.132673633
2016-11-01T20:30:00Z,350.5259863,324.3023909,339.1685782,325.4325438,348.7694778,7.800739664,8.179896199,8.320257259,8.595680052,8.463682698,0.160500319,0.117544962,0.092803809,0.117734433,0.115699249
2016-11-01T20:40:00Z,324.5887813,336.6044085,349.9955139,334.894441,334.636564,8.300779613,8.345224288,8.548214842,8.599547438,8.599422465,0.135343125,0.1342077,0.12670465,0.128209343,0.103142562
2016-11-01T20:50:00Z,358.8329604,332.7195343,368.214931,341.2203121,338.2203305,9.024949449,9.632772161,9.218103008,9.238012412,9.728335609,0.122786414,0.116429219,0.135515378,0.106908499,0.115238025
2016-11-01T21:00:00Z,345.5540101,353.9723116,316.5525698,356.2567095,353.6430245,8.946989855,8.91093745,9.057921962,9.061717431,9.374390869,0.121550033,0.129217565,0.126362804,0.129530471,0.097276878
2016-11-01T21:10:00Z,333.7105941,317.6848577,342.502778,354.1259513,339.8592799,9.451709603,9.451359222,9.656706625,9.739159709,9.795835496,0.137681503,0.140801177,0.146497284,0.162320626,0.102873248
2016-11-01T21:20:00Z,336.9941459,329.6839479,318.4810915,322.6882419,346.4477175,9.646486427,9.970013579,10.3533413,10.47175311,10.4379797,0.10360429,0.123778208,0.112684971,0.118938621,0.148569488
2016-11-01T21:30:00Z,306.1477226,312.7574097,332.011632,324.4647983,329.0825103,8.756156206,9.054608842,8.807849437,8.968390286,9.349100124,0.191679159,0.180877845,0.188241908,0.145314456,0.141167878
2016-11-01T21:40:00Z,315.2238375,278.8293755,329.7123837,330.5563565,321.2488138,8.523529958,9.70699543,9.295135849,9.629669914,8.975830485,0.154370797,0.162417878,0.129233599,0.130624304,0.140324385
2016-11-01T21:50:00Z,318.1203986,310.3203202,320.6624284,281.1635824,293.5242703,7.778805452,8.08760555,8.054221899,7.96142092,7.832018095,0.144360151,0.162014769,0.172094141,0.187730038,0.113627816
2016-11-01T22:00:00Z,299.7764102,300.0237234,321.8101434,317.7081644,314.8524206,6.448214519,6.47994291,6.904764985,7.16491734,7.36118442,0.237075077,0.184310717,0.214792446,0.190818265,0.137767459
2016-11-01T22:10:00Z,339.7141146,343.8308814,344.0655695,320.4396338,363.8531116,8.357065765,8.660054935,8.412608743,8.688721733,8.241733572,0.152504993,0.148230781,0.132590394,0.11911008,0.123087631
2016-11-01T22:20:00Z,340.6483928,353.3996704,330.4064445,338.4064534,358.174397,7.756837162,8.127827097,8.636496995,8.445501143,8.404208242,0.136036237,0.140565959,0.152793448,0.120354163,0.152172361
2016-11-01T22:30:00Z,362.9149246,345.7232453,341.7496306,365.3484871,321.0564551,11.01062167,10.90798627,11.0958063,10.80406089,11.07635385,0.115427009,0.124096703,0.130714553,0.102392704,0.106677106
2016-11-01T22:40:00Z,367.260768,364.0375982,313.9064676,358.9525161,342.793082,9.354337141,9.266305824,9.658453622,9.454529866,9.486290438,0.145690251,0.124889063,0.108979101,0.10348961,0.10469432
2016-11-01T22:50:00Z,365.6206863,345.0128486,352.1071762,342.8670665,353.9331283,9.446363433,9.100993203,9.171383851,9.134907108,9.103258884,0.154693091,0.112646935,0.122918448,0.110635441,0.08235867
2016-11-01T23:00:00Z,355.5178564,352.1450611,378.1163998,356.3448612,331.2432842,8.204170097,8.670859667,8.35575877,8.003384012,8.740189069,0.141436298,0.139244568,0.149815013,0.163190991,0.106073659
2016-11-01T23:10:00Z,339.2842317,359.5694442,344.2534804,337.4476067,332.2426426,8.936249985,8.933047855,9.223314555,9.208554988,8.715117151,0.169888619,0.141875022,0.113992171,0.118136121,0.115763883
2016-11-01T23:20:00Z,346.582811,333.2620174,331.0027657,342.8144342,354.7307129,8.772618937,9.037221461,8.381223026,8.641230742,9.028750821,0.113746074,0.147673105,0.144278044,0.110276605,0.132259102
2016-11-01T23:30:00Z,348.0937809,346.6905632,363.8208524,329.2094307,324.936863,8.460933787,8.584088809,8.751094276,9.056520114,9.166314095,0.132929829,0.119990103,0.146615762,0.135339676,0.120311943
2016-11-01T23:40:00Z,322.348259,304.1241808,335.8585209,321.9271079,352.4072384,10.30537127,10.9601867,10.73199675,11.04130358,10.94542073,0.14304032,0.191682508,0.166237409,0.248654076,0.220967517
2016-11-01T23:50:00Z,340.2879259,310.9392348,324.3464377,342.5195998,320.0038134,12.35423023,12.28395697,12.20589284,12.57637509,11.63164634,0.123484233,0.092241241,0.165325584,0.139336582,0.148681999
