LOCATION: 
SYSTEM SERIAL: HKZMAST
TIMESTAMP (ISO-8601) UTC,WindDir030m deg,WindDir040m deg,WindDir060m deg,WindDir080m deg,WindDir100m deg,WindSpeed030mh m/s,WindSpeed040mh m/s,WindSpeed060mh m/s,WindSpeed080mh m/s,WindSpeed100mh m/s,TI 030m,TI 040m,TI 060m,TI 080m,TI 100m
2016-09-16T00:00:00Z,216.9265639,206.2186622,203.5596336,199.6129079,221.6805792,8.708420888,8.280417036,8.395415407,8.282118474,8.36710164,0.136028265,0.132612419,0.102087963,0.136302593,0.169889369
2016-09-16T00:10:00Z,221.1639302,208.4671791,207.9090656,220.6244565,211.0083176,8.332490149,7.988432982,8.572719728,8.466740844,8.600278452,0.092420946,0.212965686,0.099482267,0.13198886,0.121369406
2016-09-16T00:20:00Z,225.9767226,217.7632507,204.2621762,226.8158756,219.6970844,8.289181016,8.563340497,8.559712561,8.794716858,8.775103948,0.110117047,0.085668366,0.122245348,0.098725847,0.092337705
2016-09-16T00:30:00Z,203.5582256,207.8914499,206.2629914,221.1728354,216.1295735,9.468969955,9.72255593,10.29917981,10.00804717,9.799110624,0.128680518,0.125420298,0.116714203,0.110962774,0.090262359
2016-09-16T00:40:00Z,208.637794,200.3700531,206.5514472,205.9285158,194.6305692,9.819980951,9.889820184,10.2408585,9.90343373,9.902552906,0.120186216,0.106411638,0.125660974,0.120025376,0.090487685
2016-09-16T00:50:00Z,211.4249548,208.1040042,199.9815036,208.2585893,190.4077812,10.66620006,10.75423843,9.522831659,10.18976967,10.45318454,0.085611932,0.112078809,0.134469759,0.12065233,0.095270098
2016-09-16T01:00:00Z,208.6641291,199.0589125,188.8092612,204.2087702,199.8837279,10.98511933,10.84202358,10.87197068,11.0133258,10.94036156,0.072197865,0.118315635,0.126759182,0.129158204,0.153597444
2016-09-16T01:10:00Z,208.6451251,205.6173851,204.6514965,208.9945421,191.6093174,10.17186339,10.50157807,10.07642871,9.906550542,10.14968736,0.088390221,0.09762915,0.092969985,0.124214575,0.105624441
2016-09-16T01:20:00Z,200.2839168,216.244344,206.0701804,203.9721823,208.9672088,10.24942149,10.34043863,10.10827924,9.709266794,10.2687514,0.099775552,0.083098185,0.141866116,0.098206345,0.108121229
2016-09-16T01:30:00Z,201.3032856,205.1473343,216.1021394,211.639865,205.0210265,9.139208112,9.525424569,9.263543554,9.46924095,9.607510654,0.091307838,0.109951863,0.112678757,0.124550386,0.116663271
2016-09-16T01:40:00Z,202.9689053,233.8661941,225.9044735,220.5986434,194.9715945,8.634825954,8.362834375,8.965099248,8.870302416,8.549803008,0.088225871,0.13125371,0.140613004,0.12530393,0.118207797
2016-09-16T01:50:00Z,223.8914673,210.7397762,225.1841523,221.1358177,215.7088102,8.377729389,8.632137585,8.560715579,8.079688709,8.4530586,0.142578464,0.153381052,0.115646304,0.129862689,0.122168719
2016-09-16T02:00:00Z,222.9209062,211.6009354,221.7850654,228.4352664,229.8889302,7.957095146,7.572758119,7.924051542,7.88387946,8.208810124,0.113132031,0.112099148,0.159698928,0.14798815,0.095475451
2016-09-16T02:10:00Z,214.1648474,211.4231052,207.1921405,232.7828961,224.099358,8.424377303,8.225848506,8.245301637,8.593095201,8.521011665,0.150112693,0.134124071,0.113244453,0.143913832,0.127269022
2016-09-16T02:20:00Z,206.4050254,199.1501993,203.7312247,211.0043325,195.8649644,8.790532243,8.971484665,9.348796071,9.214544992,9.106044635,0.114403642,0.111631724,0.125319034,0.129826072,0.073138986
2016-09-16T02:30:00Z,215.345408,203.8695046,200.9931377,202.8440929,205.9214595,9.267512767,9.352688036,9.68594173,9.712344508,9.778933329,0.14849861,0.126404367,0.126443128,0.11850011,0.111818794
2016-09-16T02:40:00Z,219.9380525,211.1529125,220.1620027,216.1986771,219.8119895,9.955173362,9.903086536,10.00238338,10.1923693,9.774316939,0.120653971,0.09428428,0.116699777,0.130692493,0.141301764
2016-09-16T02:50:00Z,200.4904846,209.6960676,205.2791503,210.094593,205.0788597,9.854490035,10.28384222,10.25494162,10.02053751,10.23556583,0.177510744,0.113630032,0.117552485,0.143679796,0.108389279
2016-09-16T03:00:00Z,202.3265988,199.9489676,206.8690432,202.3445659,227.4930292,9.996497966,9.885111857,10.03582228,9.784338171,9.499386378,0.120114656,0.127818594,0.099707983,0.138848534,0.129225892
2016-09-16T03:10:00Z,192.7820976,213.5547103,191.22782,208.5310599,199.8724846,8.189173634,8.696286284,8.645460501,8.950858914,9.251929662,0.113844576,0.120643395,0.192019448,0.117241653,0.078603014
2016-09-16T03:20:00Z,207.6511775,209.9766514,195.2931844,201.5562113,205.1002866,8.159731844,8.525809337,8.360306828,8.532005859,8.240679333,0.163221179,0.118306228,0.183501652,0.120711028,0.1328217
2016-09-16T03:30:00Z,187.569264,210.5268598,201.1645216,202.9720011,213.0785409,8.56784188,8.629663098,8.396353146,8.267788398,8.837270612,0.158824482,0.138227908,0.146198761,0.141340457,0.102277265
2016-09-16T03:40:00Z,199.6810744,201.9802568,209.5591011,200.2555212,196.6432075,9.173712806,9.466420842,9.384419854,9.490464716,9.491239432,0.157744977,0.130196699,0.129581719,0.096991489,0.123513577
2016-09-16T03:50:00Z,218.4922732,206.9572953,191.0181646,216.4148498,207.1610942,8.905140065,9.210434372,9.227530123,9.12026754,8.959965699,0.163928583,0.139402054,0.103975355,0.139036723,0.107486883
2016-09-16T04:00:00Z,200.3051105,207.9773724,203.2202094,183.5337371,212.4570345,8.61805045,8.945801753,8.571234748,8.610651733,9.067073651,0.134085228,0.116142345,0.153696849,0.152536535,0.119583408
2016-09-16T04:10:00Z,186.9078386,190.8051601,197.7205463,199.5708828,193.3782946,9.269023852,9.123037923,8.819389697,9.230668771,8.888294712,0.186868019,0.131809692,0.096577168,0.175404207,0.142385841
2016-09-16T04:20:00Z,190.6145825,187.8693742,193.4963295,201.8491861,197.3877082,8.321767792,8.600736099,9.064489299,9.066720567,9.00229519,0.15311,0.149860903,0.147154546,0.146927536,0.105886283
2016-09-16T04:30:00Z,178.9436328,202.9318866,214.9842871,194.3834176,192.5818552,8.986549809,8.863627338,8.290031664,8.63036425,8.840851681,0.178112681,0.166002083,0.126024364,0.127395781,0.1203479
2016-09-16T04:40:00Z,199.617934,214.0225753,213.8603396,216.1353316,203.6349946,8.337183973,8.431275947,8.235563446,8.439903302,8.7636535,0.173187261,0.139023693,0.192012062,0.163789408,0.156053448
2016-09-16T04:50:00Z,199.057191,205.926951,224.8040033,208.6714027,193.2489151,8.787392542,8.906463025,8.77769884,9.233337905,8.956765902,0.151656761,0.139243354,0.171732418,0.137783257,0.126123203
2016-09-16T05:00:00Z,209.073914,206.887112,218.4178829,198.2028692,214.6587576,9.135481813,8.193193136,8.3090352,9.076879729,8.936617358,0.154449477,0.134605825,0.152335871,0.166691989,0.155518821
2016-09-16T05:10:00Z,211.0266952,200.406251,184.4988537,189.6536074,194.2749069,8.646640223,8.58771322,8.993715455,8.98761925,8.942103519,0.192263208,0.164219705,0.118483548,0.152682391,0.170623745
2016-09-16T05:20:00Z,193.5052214,208.7136968,190.3875069,195.8406569,214.7802764,9.727342728,10.28776338,10.45515593,10.07003243,10.46729384,0.148935739,0.153034082,0.153063526,0.147010947,0.140748752
2016-09-16T05:30:00Z,176.5330641,198.9749133,200.3026111,204.0468649,192.4864487,9.480264545,10.22316741,9.68006898,9.622156911,9.776070123,0.11849745,0.108299897,0.109924858,0.129982792,0.145022337
2016-09-16T05:40:00Z,206.5994885,185.3532395,192.5110421,192.4717559,205.1250272,10.34426268,10.1159216,9.779289885,9.752927239,10.00388374,0.097841467,0.135651042,0.128706287,0.149925721,0.128248637
2016-09-16T05:50:00Z,205.9663875,202.674847,179.0895624,217.6076002,197.4414381,9.289669862,9.694982563,9.839229213,9.819491219,9.53378133,0.111814786,0.118731588,0.119254175,0.138796762,0.135219832
2016-09-16T06:00:00Z,199.4959965,191.6244188,196.7231785,189.2934477,202.0778799,8.44767235,8.952609836,9.78203159,9.409331896,9.310121123,0.160562592,0.147330514,0.165512562,0.148627289,0.155622614
2016-09-16T06:10:00Z,199.9116482,193.8699735,193.2150225,197.6994844,180.446905,8.922156569,8.751075098,8.478235257,9.052966445,9.03042236,0.098947026,0.153733893,0.150958307,0.113192187,0.125006718
2016-09-16T06:20:00Z,187.6852912,191.3847997,190.3681108,179.8556893,201.2631873,8.69533539,8.532878347,8.800634911,9.178047953,9.164557175,0.155196345,0.134742862,0.118187402,0.153887891,0.140371298
2016-09-16T06:30:00Z,198.0030525,192.6765573,199.2649264,193.2549445,204.7855878,7.985588366,8.341588634,8.231275571,8.381252727,8.099668459,0.16558918,0.148820417,0.148643339,0.125991672,0.209787327
2016-09-16T06:40:00Z,195.4378695,175.2776509,175.9354241,195.1442767,179.8218925,8.16170235,8.135154486,8.119807572,7.99592219,7.870005642,0.150331656,0.107640945,0.122761091,0.154018866,0.15928716
2016-09-16T06:50:00Z,190.7538144,192.4967894,199.8213118,203.0964468,217.7278769,8.141054394,8.254583171,8.207291518,8.40972843,8.01002642,0.132092968,0.110474128,0.081066862,0.139963227,0.10696045
2016-09-16T07:00:00Z,187.969906,193.9595992,203.1702458,201.9968526,197.7502028,8.387648557,7.831351684,8.069593446,8.063497359,8.615253794,0.12481561,0.158172191,0.160922971,0.105969412,0.144787305
2016-09-16T07:10:00Z,190.2650529,196.5962569,183.9089797,191.7174811,190.5764687,8.346066417,8.799883336,8.452635059,8.565489802,8.999266017,0.143808245,0.143750127,0.114675237,0.116269884,0.09588613
2016-09-16T07:20:00Z,191.0248321,183.6667312,199.9854007,205.2855817,198.5324616,8.554381164,8.333271952,9.018346975,8.739895769,8.800910249,0.147649364,0.109337043,0.095813695,0.120855846,0.124544414
2016-09-16T07:30:00Z,186.5793054,195.3104454,200.3045809,194.6549071,204.4549724,8.08452607,8.486722884,7.983448529,8.40524395,8.920041469,0.112299683,0.130352497,0.139672905,0.149424848,0.090348522
2016-09-16T07:40:00Z,209.0610474,190.1361311,201.6416948,186.031436,191.0191568,9.114606006,8.866544106,9.641168938,8.956537227,9.350634004,0.122614799,0.114190253,0.112163949,0.119183336,0.129896786
2016-09-16T07:50:00Z,171.3010366,186.4734284,198.2362524,206.4706243,201.9721769,8.398718882,8.414038617,8.674226399,8.704560537,8.726080553,0.136567732,0.156922621,0.087455221,0.08944453,0.106997958
2016-09-16T08:00:00Z,190.4894885,200.3736185,191.6599343,190.0112318,188.6730982,9.043105903,9.166100183,9.702476076,9.250410354,9.212185496,0.122186477,0.096646082,0.110897693,0.091639469,0.114248598
2016-09-16T08:10:00Z,173.0220331,195.1420391,189.4442044,180.9051071,181.3098026,9.138600272,8.924510002,9.673772622,9.895841597,9.561074562,0.115860855,0.135876591,0.09761226,0.115620764,0.137424701
2016-09-16T08:20:00Z,203.8243933,189.1835836,185.7595827,195.0464047,194.0921111,9.699492418,9.903621166,10.12241997,10.01455484,9.858085416,0.098282156,0.12530959,0.130362877,0.073790591,0.10031878
2016-09-16T08:30:00Z,188.9997993,166.6998844,190.5483407,188.1377377,207.7103426,9.785766774,9.659718788,9.852278449,10.14185476,9.879336575,0.120014517,0.127873282,0.181512899,0.090775721,0.130199075
2016-09-16T08:40:00Z,187.5877707,187.4190821,188.300128,187.8762042,193.9716551,9.107481424,9.655203359,9.926249038,10.24933267,10.62343145,0.106391037,0.127035271,0.136481203,0.114438645,0.084150698
2016-09-16T08:50:00Z,193.7540575,211.8779664,209.325762,186.2578982,194.1401234,9.410261232,9.417639745,9.463132974,9.808888983,10.18865261,0.128519398,0.11467537,0.139104541,0.121720247,0.094967758
2016-09-16T09:00:00Z,193.2698629,184.0040965,198.4960083,210.2679956,189.5405965,9.619000274,9.254312191,9.346215567,9.595279777,9.530269599,0.074380503,0.156816067,0.139986808,0.1386838,0.118400041
2016-09-16T09:10:00Z,196.9661535,180.0880899,178.0421094,192.5375358,196.9872752,9.53004622,9.389567896,9.572394552,9.651333699,9.691650571,0.146994066,0.118133514,0.140623321,0.101948426,0.129379815
2016-09-16T09:20:00Z,183.5262929,186.7756812,189.7999504,196.3046693,207.830629,9.409294308,9.511337371,8.911330276,9.737284332,9.461796815,0.114379973,0.093378636,0.120749258,0.112430694,0.11938511
2016-09-16T09:30:00Z,188.2776457,206.090522,183.9223192,180.4153836,194.7486156,8.330502486,8.906110135,8.629290223,8.593556479,8.341736867,0.160080373,0.122834016,0.172289587,0.134865715,0.145938235
2016-09-16T09:40:00Z,169.5182367,185.3924291,181.6224423,181.9834529,185.9850368,9.447123488,9.727889268,8.965261977,9.488560843,9.296376502,0.109674922,0.139130936,0.137765596,0.183350451,0.134896149
2016-09-16T09:50:00Z,183.5645235,187.6860609,194.3536352,178.6503397,184.4842537,9.703124196,9.578690533,9.720866823,9.774379025,9.835976683,0.118072875,0.16113369,0.112015116,0.122952175,0.114331557
2016-09-16T10:00:00Z,171.7079067,170.201017,180.1052311,188.4772372,175.9533558,10.07818569,10.30710837,10.07632149,10.8692131,10.3057606,0.176901582,0.135821309,0.133162623,0.084530037,0.119836696
2016-09-16T10:10:00Z,180.7972763,181.8206544,192.5572831,193.2218257,180.0950055,9.669509345,9.747076107,9.996172344,9.889540134,9.664926166,0.109052912,0.113269922,0.115218954,0.100373035,0.110314433
2016-09-16T10:20:00Z,174.5892095,181.5245653,197.0929011,177.4497565,197.454026,9.707326467,10.06705503,10.00686422,10.2267335,10.09365534,0.113970159,0.100381053,0.120936283,0.121305065,0.134840674
2016-09-16T10:30:00Z,163.9205316,189.6294054,177.6009239,191.7507713,190.6650805,10.17509668,10.21238919,10.36246571,10.20698299,10.23356394,0.118878979,0.118272137,0.11193957,0.102930113,0.127756941
2016-09-16T10:40:00Z,192.9699102,192.0598075,185.701698,184.401455,192.8869398,8.926350097,9.176652343,9.344797045,9.862541539,9.452842909,0.134799649,0.18087714,0.157581287,0.141587835,0.123111505
2016-09-16T10:50:00Z,194.6241953,166.6909189,183.2671263,203.6370404,208.1999195,9.037928948,9.508786091,9.251724428,9.351420729,9.259594779,0.140257017,0.170874813,0.133848251,0.121887258,0.14778606
2016-09-16T11:00:00Z,201.4865893,177.6740735,194.2705364,217.6073716,212.2485646,10.05347874,10.08584194,10.27675541,10.13784551,9.689412365,0.169943224,0.106755445,0.131773858,0.133622076,0.084141034
2016-09-16T11:10:00Z,196.494585,188.0022741,193.4469134,205.6741808,192.7460305,9.458543781,9.657118703,9.986224366,11.01379934,9.769869925,0.155319725,0.180013189,0.125817527,0.131555335,0.113825256
2016-09-16T11:20:00Z,180.3556275,173.483724,183.5254118,197.0332326,179.7742446,9.134446797,9.962227118,9.933437853,10.05113353,9.747266691,0.159225433,0.122157316,0.139582505,0.137723866,0.093596433
2016-09-16T11:30:00Z,192.3209106,185.6119919,193.5927836,178.6695313,179.7729811,9.891912627,9.609110678,9.66646324,9.464493666,10.34687589,0.118599093,0.100194472,0.121036054,0.145934586,0.12342058
2016-09-16T11:40:00Z,189.8857654,197.3108928,187.4271333,173.4433512,171.0404455,8.918680474,9.63119584,9.540142541,9.97304625,10.08818355,0.145822754,0.179452867,0.138556999,0.091104741,0.137068736
2016-09-16T11:50:00Z,179.501056,186.4872676,180.5460606,190.9767556,181.857377,9.266647729,8.633158019,9.125129194,9.440493317,9.854812621,0.120993657,0.164054697,0.113208225,0.158354729,0.133418929
2016-09-16T12:00:00Z,179.2513085,179.1243863,183.9695769,187.0657083,171.1958585,9.559711722,9.454585312,9.323786211,9.692541443,9.674071503,0.15256656,0.094303327,0.094548702,0.13013211,0.166324472
2016-09-16T12:10:00Z,171.5622106,180.9539561,189.6626661,172.0365599,182.6689588,8.746673823,8.998578034,9.022203841,9.269885843,9.222013594,0.149933195,0.185924617,0.202583609,0.184878273,0.13894742
2016-09-16T12:20:00Z,193.2129133,182.5105211,188.2403988,187.3686364,189.0460842,9.72682234,9.648354852,10.02373122,10.05628576,10.3824263,0.164293947,0.147490284,0.129656203,0.119944568,0.148664259
2016-09-16T12:30:00Z,189.2179634,167.7021747,199.3370021,194.933776,194.3461976,9.068250072,9.375131416,9.362519957,9.828059241,9.926005239,0.124786917,0.100309804,0.100416815,0.15242425,0.112139897
2016-09-16T12:40:00Z,187.7436208,198.7494722,179.5597064,191.4896263,194.7808758,8.324496278,9.375570265,9.263577096,9.236697533,9.285811447,0.145795542,0.119934903,0.089233517,0.123913348,0.107498309
2016-09-16T12:50:00Z,173.5249879,174.1057487,185.4090335,188.8430518,194.8858092,8.920461653,9.581074026,9.377348264,9.26884799,9.399671363,0.123757452,0.103808921,0.083009924,0.111092336,0.131563893
2016-09-16T13:00:00Z,185.3398265,185.761691,185.347449,187.7173315,173.0784547,8.823442078,8.962501276,9.334631116,9.669503649,10.0526655,0.151718519,0.113266724,0.090407561,0.145150911,0.06505437
2016-09-16T13:10:00Z,190.9002707,190.8202378,185.4968803,186.4084572,185.8316593,10.02212899,9.774869728,10.71924152,9.997635138,10.3751153,0.095343871,0.148157549,0.097215281,0.087810019,0.090039069
2016-09-16T13:20:00Z,200.4383906,198.7821426,203.6192328,186.4100949,194.4697059,10.00626166,10.27385331,10.65200888,10.86147338,10.47229323,0.133561215,0.076016394,0.119709628,0.111836274,0.091504163
2016-09-16T13:30:00Z,191.0037131,190.9873218,184.6931631,194.6249616,170.3960342,10.36561248,10.54400225,10.41240301,10.59707443,10.43487763,0.110162847,0.103472965,0.099913419,0.087836809,0.09331159
2016-09-16T13:40:00Z,188.416996,177.8477714,187.7854089,189.6044385,193.1953863,9.879378859,10.36354851,10.20660359,10.22891357,11.18719582,0.10118023,0.085480032,0.079098104,0.08526536,0.092985745
2016-09-16T13:50:00Z,185.2706967,183.5241859,174.5115055,182.6824216,180.1346194,11.0391248,10.81917785,10.68301585,10.38856435,10.30690614,0.081075183,0.071764071,0.083589981,0.114289729,0.081966935
2016-09-16T14:00:00Z,202.2479845,164.1393705,183.8374477,192.9390104,193.2873928,10.24176695,10.1909436,9.905442563,10.70477313,10.36150815,0.081888859,0.108760403,0.111619579,0.089312504,0.092974243
2016-09-16T14:10:00Z,184.6441301,192.2276249,190.6725303,182.533037,196.3703703,10.77762143,10.78540073,10.49073028,10.96039073,10.82746681,0.142183384,0.098611259,0.096422803,0.097383214,0.130437576
2016-09-16T14:20:00Z,182.9501335,182.60793,200.0843915,186.661708,184.1968069,10.95187671,11.0734255,11.15707523,11.06423537,11.01925786,0.121252723,0.102043178,0.09308826,0.101583157,0.081699915
2016-09-16T14:30:00Z,186.7388329,186.3611698,192.9522865,183.9504648,178.0436846,11.3706883,11.35525246,11.3192619,11.04790046,11.54154534,0.111983298,0.095955881,0.140907051,0.109110965,0.083673865
2016-09-16T14:40:00Z,178.7164659,163.1965046,188.0524983,195.8296238,171.8911604,11.32452493,10.67120447,11.19021803,11.57902081,11.79809289,0.104195629,0.121560081,0.127958482,0.123090427,0.144339672
2016-09-16T14:50:00Z,178.9592089,183.3667941,195.6528461,197.1289694,185.4310105,10.53931546,10.55476373,10.55590159,10.79995163,11.02636293,0.108282663,0.131719702,0.116713059,0.074728376,0.117794572
2016-09-16T15:00:00Z,189.4513302,172.7321222,174.5226691,183.5342819,183.5068745,10.09080277,10.88185573,10.64276134,10.03184552,10.13089847,0.149213305,0.118764702,0.120608809,0.123119721,0.14303688
2016-09-16T15:10:00Z,188.9603766,191.9535353,185.809757,195.9910758,178.3900344,10.01521224,10.52856519,10.19225771,10.51784447,10.7726083,0.098185579,0.093544863,0.119429289,0.107369091,0.106768322
2016-09-16T15:20:00Z,188.2081742,181.8523398,180.0683146,191.3697426,177.5482579,10.1425286,10.52669547,10.39917788,10.30808684,10.79414235,0.122407301,0.10237852,0.12551132,0.139250622,0.132952198
2016-09-16T15:30:00Z,190.1457805,180.6127712,197.8105049,188.9029236,186.2810016,9.863936616,9.723028349,9.615789187,9.411779532,9.802766806,0.136838183,0.106527662,0.12649101,0.096880797,0.138298337
2016-09-16T15:40:00Z,180.2735663,171.8110856,187.5701389,182.3544585,195.5245251,9.116420552,9.863192784,9.666295641,10.14620373,9.946124949,0.13673718,0.120919966,0.102669441,0.152301076,0.160110766
2016-09-16T15:50:00Z,178.2680606,184.3030773,179.4169811,186.0588339,176.492579,9.953903102,9.785467135,9.886925672,9.85342345,9.995404397,0.159540878,0.126516388,0.109168184,0.096346737,0.095544548
2016-09-16T16:00:00Z,200.868164,176.0780014,184.167609,181.404566,181.850767,9.373517385,9.898586351,10.17520497,10.15608219,10.27221102,0.131078325,0.113705483,0.149387285,0.104192992,0.120336135
2016-09-16T16:10:00Z,173.2600372,179.4772537,181.9915605,178.6018205,191.6383056,9.265630982,9.837421684,9.886664529,9.513462903,9.47093801,0.115330395,0.092565178,0.138177536,0.136706816,0.109781041
2016-09-16T16:20:00Z,187.9601138,178.1474983,174.1073939,173.6018054,192.0166984,9.152070963,9.478470445,9.780315822,9.842432658,9.425027718,0.138637692,0.158317828,0.119801721,0.106799905,0.10178611
2016-09-16T16:30:00Z,188.2623421,188.9212494,164.9519735,174.0714782,187.7221304,8.844959278,9.283098627,9.620286122,9.513996388,9.726466468,0.158263502,0.10684318,0.154815684,0.108965739,0.148778473
2016-09-16T16:40:00Z,225.3980257,229.1681378,214.8992584,207.1854039,212.6048441,7.421045438,7.741498096,7.586608207,8.155164075,8.292559468,0.152519276,0.119117775,0.129163964,0.198901665,0.117167197
2016-09-16T16:50:00Z,223.5897591,219.7271888,200.7393931,212.2669735,215.5760162,6.869412057,7.270682262,7.122384923,7.379539809,7.833664957,0.116758129,0.145730565,0.142907838,0.110405087,0.098910048
2016-09-16T17:00:00Z,224.2916911,221.2016686,195.4461453,211.9858635,215.9830644,5.84475844,5.712920825,5.957941723,6.40984722,6.197650511,0.213039881,0.127910611,0.15359777,0.112809375,0.121330182
2016-09-16T17:10:00Z,223.898294,217.2620779,210.3667192,196.4211885,199.7743892,5.099022629,5.191842879,5.477030153,5.949014701,5.769298111,0.136559539,0.157546303,0.187489925,0.094342055,0.118756131
2016-09-16T17:20:00Z,202.5030062,209.060394,196.3288264,211.6598261,189.320057,4.83838441,5.039798974,5.202794307,5.020158686,5.34560419,0.153505673,0.12826952,0.120873805,0.176296069,0.119575059
2016-09-16T17:30:00Z,202.4699669,193.7229977,202.6769711,184.0731003,205.8233706,4.033998462,4.484885195,4.677025712,5.372201635,5.374858488,0.219237054,0.160021504,0.135108434,0.172560608,0.159724967
2016-09-16T17:40:00Z,196.3897036,202.8459717,199.2111202,195.1079969,179.4842663,3.756814047,3.773395138,4.25844648,4.908146922,5.131170957,0.34438574,0.303238239,0.229697589,0.190972028,0.17635585
2016-09-16T17:50:00Z,162.6642612,167.8093787,165.6298446,173.7969705,177.9725575,8.004039251,8.339968892,8.40861314,7.961302455,8.278842161,0.148764814,0.131712049,0.14877943,0.164346613,0.177611011
2016-09-16T18:00:00Z,184.166199,187.43617,183.131385,178.7692871,182.3287381,8.635601174,8.848249259,8.872697299,9.328614949,9.202451573,0.102294515,0.142797428,0.142064887,0.142000845,0.149110632
2016-09-16T18:10:00Z,214.0061256,194.0644197,199.8608628,224.8464729,219.065507,9.776830326,9.778234413,10.41547918,10.4837693,10.78607186,0.149253547,0.1174072,0.168441385,0.122725583,0.148530151
2016-09-16T18:20:00Z,201.1439044,198.6680482,222.4267108,225.3561517,213.844276,8.755103759,8.836943592,8.876063978,9.138992554,8.550615429,0.153892159,0.17549697,0.165440762,0.144098172,0.231243625
2016-09-16T18:30:00Z,211.186707,219.4877183,214.8478274,210.9214803,198.7631328,7.996466777,8.058632233,7.81786129,8.358776485,8.681601226,0.171439785,0.143900131,0.192680105,0.151048685,0.216066293
2016-09-16T18:40:00Z,213.0672391,204.7554997,221.9294782,213.9574017,219.7219881,6.34281537,6.932858578,6.640094871,7.350744489,7.355064841,0.111749638,0.127623342,0.14102958,0.10658364,0.095434458
2016-09-16T18:50:00Z,187.0065274,194.2838579,189.5675691,209.96714,216.9101281,6.043285036,6.008774022,5.615144159,5.881515239,6.481380564,0.171765695,0.235300888,0.138030918,0.139308917,0.11584611
2016-09-16T19:00:00Z,207.8217261,214.0158565,208.645875,223.6136612,229.5834918,6.438327145,6.202122794,5.5305834,6.051472069,6.086341929,0.26592708,0.259416277,0.17084885,0.138329079,0.124445671
2016-09-16T19:10:00Z,220.9102668,227.4425526,216.9524955,226.484593,222.8393945,5.652670299,5.617336892,5.672808843,5.807728963,6.372444242,0.302279249,0.314464485,0.262011865,0.390335988,0.299777758
2016-09-16T19:20:00Z,207.5223606,221.3610676,219.0237756,223.2339691,214.8061565,7.596442805,8.050285428,7.917386541,7.882266407,8.331995561,0.114022673,0.103638024,0.113336764,0.10052653,0.101841935
2016-09-16T19:30:00Z,197.0813496,212.3110639,213.5841791,204.3995258,207.655159,7.593005976,7.355771366,7.516416313,7.901738993,8.239513356,0.162348314,0.203687685,0.152090537,0.144772775,0.114513632
2016-09-16T19:40:00Z,206.0717321,191.6422006,189.4000012,199.2427505,193.9170294,9.390299129,9.642854342,10.1407275,9.864702988,9.988126359,0.140199206,0.190338099,0.16597582,0.113814239,0.11448856
2016-09-16T19:50:00Z,197.4359388,198.0589435,195.0337428,194.8305741,202.4664026,11.40433069,11.05598223,10.59588761,11.58604469,11.37698393,0.180079543,0.169640867,0.129034319,0.134792167,0.174552816
2016-09-16T20:00:00Z,192.499301,207.5382682,214.8355199,183.8620204,200.7740836,10.89321542,11.84366387,11.94979474,11.67441593,11.9974036,0.154399986,0.111295611,0.10065075,0.088779141,0.088611048
2016-09-16T20:10:00Z,189.8706109,180.3155446,174.4280289,183.4635521,187.7407109,10.70065796,10.72930266,10.97445727,11.22861509,11.0776527,0.1513632,0.100253901,0.12208552,0.110953395,0.101242022
2016-09-16T20:20:00Z,191.1081083,196.359198,200.5226347,189.6889123,184.8299218,10.443939,10.82668829,10.83676156,11.20950079,11.35581093,0.11390573,0.086830561,0.159234147,0.122619935,0.103284443
2016-09-16T20:30:00Z,173.341807,172.7974215,170.0605589,186.0432343,201.576137,11.21187009,10.91086415,10.74563931,11.10605447,11.60834031,0.105901096,0.135834964,0.085333883,0.144083461,0.113277498
2016-09-16T20:40:00Z,200.0616468,189.6508786,177.2381597,181.3722344,184.8352891,10.45225452,9.840632629,9.838361135,10.51416445,10.59956942,0.099097265,0.111424165,0.11069044,0.13795446,0.095316917
2016-09-16T20:50:00Z,189.1215893,188.7381387,187.6247049,192.7043796,185.0145745,10.10169734,9.873618887,9.945116243,10.02473451,10.2121545,0.143884227,0.110478085,0.129992946,0.086124943,0.113618209
2016-09-16T21:00:00Z,184.6337679,187.532622,181.7068062,188.9946611,188.7882485,10.726269,10.92496436,11.0298846,11.05830465,11.29425049,0.119951918,0.100240205,0.13455538,0.12264644,0.159206193
2016-09-16T21:10:00Z,163.5183892,167.594478,178.119098,184.0624762,165.879518,9.390758661,9.604971585,9.757646686,9.914462607,9.886129773,0.13717685,0.117725517,0.118988826,0.106751902,0.091241411
2016-09-16T21:20:00Z,189.8928601,198.2139171,180.3301339,186.2034697,201.3172208,8.954978779,8.455501123,8.938445018,8.756877723,9.336646973,0.101620448,0.170018047,0.095649282,0.11401761,0.115706536
2016-09-16T21:30:00Z,178.3218802,181.5481144,185.5885228,176.9628087,188.043799,7.308123138,7.410690419,7.341136092,7.980107762,7.454225857,0.144193974,0.141763703,0.139451396,0.104690961,0.106390231
2016-09-16T21:40:00Z,215.1838631,184.0538146,194.4830939,186.3445668,181.723578,5.479955883,5.920316162,6.109326563,6.601381578,6.332981112,0.359606486,0.321361039,0.382714095,0.294817255,0.38495556
2016-09-16T21:50:00Z,232.085762,232.934624,224.0611241,234.7336467,226.1118261,6.053589961,6.124005698,5.945714292,5.495666438,5.646547077,0.383431555,0.381060977,0.440934033,0.382859954,0.287016691
2016-09-16T22:00:00Z,289.007842,318.5506887,271.4976499,280.2635656,301.6178416,3.535977526,3.523970251,3.710124211,3.880448948,3.922405068,0.313663211,0.328551195,0.282432292,0.411587422,0.24864532
2016-09-16T22:10:00Z,337.2244011,320.8608698,326.6960408,346.3217439,314.340373,5.030177913,5.371612878,5.702586235,5.546700039,5.001839302,0.432397581,0.370313984,0.364250686,0.332128669,0.392164073
2016-09-16T22:20:00Z,321.0838131,327.1374993,312.2038034,312.6397488,301.1163957,8.656667323,7.798713143,7.884666566,8.068040534,7.733078354,0.125586494,0.213226976,0.157223004,0.205439876,0.142682305
2016-09-16T22:30:00Z,319.0792498,336.9381616,312.4286785,339.2199311,327.8605055,8.100494053,8.204943931,8.140318527,8.45687994,7.853312339,0.151768573,0.162735338,0.177534436,0.097881688,0.157347141
2016-09-16T22:40:00Z,335.5573099,315.5210888,357.7333533,306.7990489,339.7578187,7.44912422,6.993054555,6.884108815,7.012764167,7.4479335,0.179077614,0.189296942,0.117321674,0.130447019,0.152053305
2016-09-16T22:50:00Z,324.8256062,323.4868061,318.3150972,328.280695,312.5211675,6.855755767,6.990554882,6.787510144,6.829028144,6.875739687,0.185830968,0.146484371,0.135756093,0.121291431,0.114830046
2016-09-16T23:00:00Z,344.0448331,303.4614739,303.1465243,304.8880767,338.0597282,7.484622495,7.746148315,7.776542937,7.348748031,7.718717918,0.161852151,0.144321837,0.177364917,0.154821686,0.180214225
2016-09-16T23:10:00Z,311.2005584,326.5582881,297.7597926,333.1320628,298.7137369,6.249869885,6.417625645,6.521531726,6.148956355,6.60775345,0.14757069,0.163134197,0.161540257,0.122932681,0.148869818
2016-09-16T23:20:00Z,296.0975349,340.1381026,315.2760274,300.7234625,305.8712303,6.439250329,6.258753238,6.385671413,6.116683548,6.241150136,0.134754914,0.099488794,0.133343082,0.149978032,0.211843396
2016-09-16T23:30:00Z,318.3795658,310.0785592,312.8361328,335.8003544,315.7168285,6.554496405,6.73001838,6.630397024,6.317465339,6.184802868,0.117724772,0.14060239,0.157282967,0.157824742,0.149315125
2016-09-16T23:40:00Z,329.7714149,315.8554222,327.3065873,335.2794886,329.9389847,5.719552146,5.495947382,5.139916729,5.232984602,5.194821119,0.262447939,0.278665606,0.264264357,0.298398116,0.260938268
2016-09-16T23:50:00Z,319.0999867,332.2299493,336.2204295,333.0548749,353.0032727,4.756501861,4.789071847,4.731962739,4.924427539,5.193826496,0.303209155,0.216198528,0.294582573,0.261400517,0.348234705
