LOCATION: 
SYSTEM SERIAL: HKZMAST
TIMESTAMP (ISO-8601) UTC,WindDir030m deg,WindDir040m deg,WindDir060m deg,WindDir080m deg,WindDir100m deg,WindSpeed030mh m/s,WindSpeed040mh m/s,WindSpeed060mh m/s,WindSpeed080mh m/s,WindSpeed100mh m/s,TI 030m,TI 040m,TI 060m,TI 080m,TI 100m
2016-06-06T00:00:00Z,25.17830699,25.43983548,26.2900489,23.13816495,25.73650624,7.136242242,7.364058615,7.451577173,7.256467663,7.775611605,0.104560174,0.106491762,0.08800281,0.13945711,0.113263208
2016-06-06T00:10:00Z,23.68774464,20.98112362,21.49603118,25.38847943,22.35734312,7.267425977,7.466437041,7.49806516,7.781202195,7.15512172,0.123672281,0.160269829,0.143204567,0.134873316,0.126609068
2016-06-06T00:20:00Z,19.13652205,19.61932784,17.39828671,21.30766591,17.27290359,6.810903449,7.201530074,7.300376902,7.243128629,7.302459171,0.144127247,0.138169089,0.10503626,0.090129533,0.102483756
2016-06-06T00:30:00Z,19.0201182,19.31575642,19.33121214,19.56416406,22.96973568,7.296441614,7.177605667,7.458855006,7.621396872,7.427915873,0.120556263,0.110555634,0.1149104,0.09388468,0.131006787
2016-06-06T00:40:00Z,16.26763256,17.28291825,16.746774,18.66318524,15.76182535,7.927088658,7.711358524,7.843008299,7.925493325,7.851192271,0.098678266,0.141780396,0.116361149,0.150281169,0.132078773
2016-06-06T00:50:00Z,19.76264014,18.65348466,19.88232227,19.30999421,17.57667098,7.752433431,7.831036085,7.715954219,7.676248215,7.535569979,0.117411047,0.141602703,0.132152947,0.144726241,0.131248629
2016-06-06T01:00:00Z,16.93529479,20.24219302,19.54626511,23.80416884,23.88727524,8.133279152,8.122062085,8.081740758,7.78730607,7.990617418,0.12261569,0.17768729,0.108091302,0.150882407,0.116073532
2016-06-06T01:10:00Z,24.22592415,25.01688963,27.0540645,24.02400685,27.24980978,7.799630002,7.33458136,7.479995788,7.214662257,7.861531082,0.179938592,0.120667268,0.16202243,0.164342374,0.175550282
2016-06-06T01:20:00Z,29.5204075,29.95802295,31.24657333,28.15637483,29.10832851,7.046585654,7.009162324,7.167825543,6.755355214,7.227684526,0.124956961,0.079706996,0.123511979,0.13226567,0.100325766
2016-06-06T01:30:00Z,25.19318882,28.07086152,33.77215159,31.85801674,32.27552543,7.004763875,7.383909266,7.325912589,7.369077855,7.310615854,0.103048787,0.086996494,0.073980478,0.095329409,0.100114703
2016-06-06T01:40:00Z,30.05115474,30.0012451,30.67914258,30.75083412,33.04831402,7.66388836,7.67397005,7.645143346,7.026460861,7.522397992,0.077345259,0.089171113,0.077937586,0.059197243,0.100096472
2016-06-06T01:50:00Z,28.37013336,28.55977378,26.14424311,27.41509593,30.47410964,7.655783377,7.325810021,7.34654809,7.81927106,7.949913691,0.080366199,0.088339972,0.109091297,0.136035078,0.082798687
2016-06-06T02:00:00Z,28.7397091,27.72696208,29.15188317,31.96080775,32.9753182,7.523623031,7.486756204,7.790508017,7.56819105,7.714830615,0.119317649,0.064715901,0.059244032,0.06316668,0.080672588
2016-06-06T02:10:00Z,28.52478112,32.26369925,30.1072767,28.94316289,29.62430005,7.40761578,7.208074805,7.077830722,7.168946798,7.440374315,0.07428736,0.079046914,0.104525684,0.089249964,0.078669912
2016-06-06T02:20:00Z,37.5085515,39.71173882,35.23905002,37.06652846,36.03277407,6.54968139,6.694823232,6.65018029,6.522492503,6.647690469,0.155727733,0.096570257,0.099205922,0.112659874,0.065448785
2016-06-06T02:30:00Z,32.23912186,33.85753113,37.11649733,38.44821977,37.91094802,6.459992194,6.598098125,6.714046782,6.591766514,6.445460439,0.101130568,0.068722698,0.095214304,0.071752543,0.10682229
2016-06-06T02:40:00Z,32.17034517,26.50582913,30.53123873,31.16506739,27.85890473,6.603597156,6.71295345,6.515509991,6.381081999,6.233181549,0.086307375,0.080303853,0.089619334,0.079349187,0.059867723
2016-06-06T02:50:00Z,31.04812073,31.7159715,29.05299266,31.84829461,30.75381266,6.692034438,6.663516166,6.988528909,6.688852553,6.657451772,0.146212509,0.114211556,0.107461979,0.104347909,0.093931548
2016-06-06T03:00:00Z,31.91636772,31.9682406,37.0705981,31.87324207,34.02048032,6.808739598,6.839429401,6.884975147,7.243611646,6.83507433,0.114832197,0.091421815,0.063682349,0.083677047,0.084587839
2016-06-06T03:10:00Z,36.41821418,36.52698811,35.87338019,38.60575244,39.21540534,7.09782361,7.163782973,7.100357221,7.693484243,7.291800934,0.095798367,0.115296174,0.131915642,0.079698197,0.088627256
2016-06-06T03:20:00Z,32.98525517,31.78973115,34.53932649,35.22863958,34.07454242,6.752130179,6.648101724,6.833796148,7.343094694,7.305600168,0.091402314,0.177409473,0.125987836,0.114432372,0.105306689
2016-06-06T03:30:00Z,34.27772225,36.83486374,33.863592,39.11940733,38.88569381,7.144027205,7.178472374,7.022843239,7.318433833,7.090423028,0.172654288,0.136380034,0.096008191,0.135677004,0.110230107
2016-06-06T03:40:00Z,29.08426879,25.8635789,29.84539192,38.03770383,41.73343013,6.493268442,6.404209371,6.679485929,6.825811457,6.650746964,0.158487303,0.122434692,0.086377404,0.140494377,0.114505724
2016-06-06T03:50:00Z,37.46151921,43.5591886,41.88177817,39.9924787,43.14248134,6.671067995,6.804350364,6.953108402,6.877054498,6.857298963,0.141168103,0.128388877,0.110048933,0.130103116,0.107650438
2016-06-06T04:00:00Z,48.82624605,42.55365346,34.83087209,41.38448187,42.13636154,6.740135366,6.790883732,6.694572328,6.865398059,7.064241128,0.092605954,0.119029217,0.128608355,0.104841395,0.115436452
2016-06-06T04:10:00Z,34.75139704,37.04426614,38.92591607,35.11869608,36.26971829,7.099216752,6.708835589,6.746202979,6.911767048,6.918387987,0.09971916,0.147068304,0.123914645,0.149857511,0.145791726
2016-06-06T04:20:00Z,37.39768784,35.29445432,32.80305111,36.56394609,34.87957051,5.975599199,6.373077226,6.388490671,5.912864967,6.281635756,0.115604076,0.155476311,0.107235907,0.12278984,0.12400524
2016-06-06T04:30:00Z,36.86415651,38.48548754,38.27929689,37.50860569,36.74324784,6.572540547,6.541898064,6.456243999,6.150073017,6.560845686,0.117242114,0.111279137,0.129191932,0.121478423,0.14065733
2016-06-06T04:40:00Z,33.57532769,32.02302523,32.35310908,33.75582911,36.72669591,6.248339153,6.417913039,6.579310814,6.918476677,6.645019102,0.151819134,0.093522313,0.107748455,0.154009767,0.138783394
2016-06-06T04:50:00Z,37.82602766,38.21589205,37.19374224,30.9073807,34.3794958,6.727056067,6.948710316,7.211968288,6.826084416,6.870978862,0.12001351,0.145171477,0.119339688,0.134198914,0.130025644
2016-06-06T05:00:00Z,32.21691392,31.21849235,34.42544796,30.07696321,34.64640845,7.149006259,6.87250871,6.863961212,6.826869926,6.996277985,0.147603322,0.161844961,0.145819516,0.13479343,0.111283736
2016-06-06T05:10:00Z,34.40941419,35.81870475,30.90041815,36.97706196,35.55029661,6.48719667,6.276762271,6.827535465,7.17174445,7.077817427,0.140335652,0.108892704,0.117121934,0.120310551,0.095645738
2016-06-06T05:20:00Z,27.6789562,33.52210388,30.71582533,33.34854361,30.67868192,6.255944292,6.390459718,6.639140368,6.648176709,6.493961637,0.13009256,0.145682866,0.101780236,0.113734671,0.131951387
2016-06-06T05:30:00Z,29.61586577,25.69015531,27.11792871,27.42832903,28.47925515,6.101067111,6.307607344,6.386299884,6.917157547,6.559038075,0.152949815,0.117675005,0.112708267,0.10150731,0.09832858
2016-06-06T05:40:00Z,29.88428466,25.44433572,24.32407519,28.72461072,29.51373844,6.384975027,6.23159035,6.49375865,6.138024586,6.343288132,0.126569355,0.160356487,0.149296119,0.11187407,0.081874912
2016-06-06T05:50:00Z,22.7254897,18.96656369,22.93388926,24.47664492,26.38370501,6.083952569,6.290226517,6.444932026,6.472166576,6.520197527,0.118781583,0.116519778,0.099435996,0.12276849,0.092931711
2016-06-06T06:00:00Z,22.38589414,24.93478055,23.37780074,22.40951337,27.07739103,6.381457918,6.523460396,6.641587612,6.370731398,6.453088647,0.095809365,0.100338078,0.10128906,0.108106237,0.138180643
2016-06-06T06:10:00Z,28.73737227,27.14124494,25.95228996,26.07369717,26.63439567,6.510495304,6.660997762,6.811123629,7.039382126,6.935395145,0.122643765,0.122044389,0.122346502,0.116190976,0.110759218
2016-06-06T06:20:00Z,29.33172572,28.65244206,30.86167489,29.65762312,29.51867283,6.40320878,6.673720031,6.707064806,6.763820897,7.05607206,0.12280274,0.111897658,0.128307207,0.084506835,0.106351289
2016-06-06T06:30:00Z,28.68274788,27.04991297,29.91317575,29.7760348,29.05487771,6.293210596,6.084971344,6.958363587,6.827509563,7.145542228,0.119168623,0.180288983,0.08577584,0.132398802,0.107523763
2016-06-06T06:40:00Z,29.28838504,29.78756317,28.49598316,27.92611905,29.18419857,6.93195802,6.878612491,6.768130008,6.93911952,6.983302902,0.128107198,0.196007928,0.163551895,0.138985907,0.161053365
2016-06-06T06:50:00Z,26.61709438,28.49106486,28.88157724,30.58100398,30.23585308,6.635767417,7.016842271,6.956998001,6.967801615,7.295891368,0.135793576,0.102040197,0.165338865,0.129966989,0.123677078
2016-06-06T07:00:00Z,23.9702079,26.04174966,29.66317256,26.52822406,28.44624869,7.420675482,7.101900747,7.556901147,7.21137058,7.363876405,0.124819111,0.127721681,0.097385462,0.114567229,0.170742565
2016-06-06T07:10:00Z,27.27800167,32.4424599,30.15566027,30.44879135,28.90830102,7.397646713,7.084054662,7.103435599,7.120065805,7.430635914,0.138548626,0.132872546,0.13964409,0.118862159,0.130817076
2016-06-06T07:20:00Z,23.63814657,21.20635959,25.27467628,25.64241902,25.86808034,7.487631757,7.770561577,7.954923643,7.721738427,8.063998343,0.14197428,0.098253235,0.122083473,0.135809233,0.18069556
2016-06-06T07:30:00Z,22.71526472,24.53215752,27.37731164,27.43464057,29.93037174,7.482773654,7.673992645,7.49870866,8.001795703,7.52576887,0.102854344,0.139052461,0.12115727,0.133743691,0.118352633
2016-06-06T07:40:00Z,23.96034657,28.49059477,26.64139103,27.34663116,26.04303727,7.215386488,7.61513889,7.262493199,7.520470631,7.603446291,0.132127774,0.115596454,0.147117943,0.095799876,0.121953597
2016-06-06T07:50:00Z,30.28695746,29.38596467,27.6906594,35.72102189,31.0227447,6.961118416,7.424706525,7.381149155,7.347939184,7.472609026,0.173144398,0.131291689,0.15122996,0.168757691,0.142746593
2016-06-06T08:00:00Z,29.32992383,32.57644407,31.74865184,28.76477041,27.16926259,7.108806977,7.822465418,7.273187158,7.662874673,7.374150528,0.125468222,0.157783978,0.160760949,0.115408005,0.175980118
2016-06-06T08:10:00Z,35.78868129,35.74803609,33.82712195,38.15456574,36.45041727,7.339307787,7.465597989,7.712559474,7.730599891,7.365814605,0.117058485,0.130705888,0.144680775,0.138182406,0.12870318
2016-06-06T08:20:00Z,32.22965046,33.54308956,36.01844787,33.96658734,34.28432699,7.056662394,7.336678402,7.172848953,6.893223408,7.577555492,0.085253916,0.085492763,0.116247848,0.087738315,0.092759399
2016-06-06T08:30:00Z,32.834578,36.69350225,35.21000141,34.44677095,36.19789139,6.941571624,6.951356058,7.28522951,6.943926931,7.110882819,0.147888757,0.123600573,0.142876398,0.12655021,0.110665904
2016-06-06T08:40:00Z,28.88592244,31.56097711,33.02175323,32.97310943,30.91771119,6.595512198,6.889746974,6.607142196,6.701576389,6.544062825,0.12879145,0.144880022,0.159608516,0.107907156,0.091653655
2016-06-06T08:50:00Z,28.30751424,27.13361697,26.02273362,24.41254521,28.01812783,6.778728617,6.690630169,6.409071607,6.362585388,6.637955266,0.090049569,0.12231866,0.12750179,0.109255115,0.087262777
2016-06-06T09:00:00Z,26.45418957,30.26343361,25.51431395,25.66057557,33.24558049,6.871443507,6.902802964,6.693563048,6.819499928,7.048952436,0.129142645,0.162780426,0.120446307,0.114394805,0.162091754
2016-06-06T09:10:00Z,22.78992588,26.14612067,25.71081726,26.77801369,28.07028571,7.095383419,7.388411752,7.485210036,7.018474571,6.997816147,0.184706628,0.149601592,0.101300128,0.088850309,0.092388807
2016-06-06T09:20:00Z,21.44924322,22.04011332,21.7923437,24.21440174,25.72128488,6.637852324,6.861918355,6.977576601,6.833634068,6.958414547,0.089322146,0.096651005,0.099877373,0.112299752,0.084136377
2016-06-06T09:30:00Z,17.23580244,21.42618175,20.85075307,23.19608115,25.17772993,6.788634305,6.737345426,6.899913929,6.627583127,7.120418612,0.087745938,0.157571666,0.127021603,0.146234882,0.110424175
2016-06-06T09:40:00Z,17.48786375,17.31424792,19.86713477,21.59544416,21.50561194,6.460600902,6.581552496,6.714765244,6.630441069,6.785508793,0.105397036,0.177152515,0.144608885,0.104080454,0.138552658
2016-06-06T09:50:00Z,16.98586871,17.66061461,22.92778997,19.97080774,23.20163386,6.370010597,6.414418371,6.717024975,6.459183177,6.710612755,0.174929867,0.166308473,0.096316237,0.17051112,0.130063583
2016-06-06T10:00:00Z,18.0763525,17.37854253,19.95508609,19.75448975,18.41986284,6.344378263,6.781675357,6.790442069,6.933144209,6.928541991,0.146979058,0.130879605,0.121186197,0.086857172,0.097697956
2016-06-06T10:10:00Z,17.29214427,18.63606543,20.62630115,23.19878701,18.94287746,6.395489892,6.48273382,6.61525548,6.996320307,6.430395136,0.115150974,0.103283735,0.167582149,0.156910602,0.157692745
2016-06-06T10:20:00Z,15.0388208,14.94831188,14.83829216,16.87920382,15.95926339,6.696350811,6.868894424,6.694857985,6.799070501,6.790929569,0.183827892,0.137415121,0.139116368,0.178087718,0.114296739
2016-06-06T10:30:00Z,9.420597812,11.28603695,11.59414301,16.79402177,14.64605723,6.10809337,6.344244816,6.928962029,6.404278346,6.594177605,0.087249481,0.10635387,0.079388759,0.11671532,0.150086306
2016-06-06T10:40:00Z,13.63814068,12.99364748,13.91391965,14.06184233,18.05815793,6.722479999,6.828755892,6.76999677,7.03533353,6.891354591,0.131264008,0.105964168,0.095576243,0.099767029,0.093286565
2016-06-06T10:50:00Z,11.96705076,12.82257168,13.63030983,19.00317251,17.16851268,7.628849629,7.264328714,7.120174918,7.686099528,7.296789542,0.107329984,0.118845381,0.105684749,0.079291186,0.085019845
2016-06-06T11:00:00Z,13.71857946,14.40693026,18.31214729,20.25739972,18.91310317,7.207229754,7.433461186,8.111563048,7.901015877,7.476469624,0.098191862,0.11938877,0.108654632,0.100906403,0.0915133
2016-06-06T11:10:00Z,10.0657247,13.39390927,13.36485871,14.91423315,16.65144434,7.883504996,7.727184266,7.807457154,7.489815178,8.030604501,0.128201268,0.096038821,0.158858989,0.112936456,0.178413237
2016-06-06T11:20:00Z,13.69094878,12.57438972,14.98152233,14.5758159,14.67873292,7.734185966,8.264304078,8.041181863,8.198633147,7.68027833,0.137423281,0.082765782,0.114773264,0.121787048,0.132933671
2016-06-06T11:30:00Z,13.06719031,15.90764771,14.67414423,15.18765696,15.75280495,8.333368026,8.323726613,7.621446236,8.296266996,8.233543931,0.107452422,0.122871985,0.107472364,0.070256252,0.093709726
2016-06-06T11:40:00Z,8.847123129,10.85923746,13.62915707,16.02684213,15.95707894,8.242098685,8.838983023,8.398616266,8.730316667,7.827744973,0.12652291,0.107393545,0.099658472,0.130161791,0.106373266
2016-06-06T11:50:00Z,7.723465433,12.36640144,10.20416345,11.90443935,10.90797047,8.59473987,8.915042125,8.263334883,8.325148449,8.437551991,0.133796233,0.078304204,0.106077752,0.085192116,0.126081411
2016-06-06T12:00:00Z,7.632071334,5.972457703,7.149535617,11.92379654,17.92119513,8.595223933,8.523842526,8.144224489,8.317609136,8.322192749,0.119644737,0.148813131,0.144860325,0.083865162,0.142057822
2016-06-06T12:10:00Z,10.41944561,12.74790479,13.61588348,11.41196097,12.38781989,8.585281284,8.656796409,8.654756699,8.260159629,8.987223678,0.107735662,0.170401669,0.13479581,0.136227754,0.075870235
2016-06-06T12:20:00Z,10.30342439,8.318236739,9.503071227,12.13884929,15.27019239,8.690487138,8.806198312,9.203638445,9.539544012,9.36287067,0.126192557,0.115165918,0.082547678,0.100460299,0.130771589
2016-06-06T12:30:00Z,17.64337324,13.87173244,13.89398697,12.12011417,16.36909083,8.270735655,8.524958385,8.633965076,9.296769018,9.612149026,0.163931315,0.15456036,0.17100384,0.149789866,0.121454144
2016-06-06T12:40:00Z,10.04147503,12.54654583,14.41239819,13.62238403,15.52355933,9.561442189,9.456577511,8.976448521,9.068914816,9.524444271,0.144859977,0.126269704,0.13524407,0.165570973,0.1022875
2016-06-06T12:50:00Z,14.41151074,13.33769763,12.9667792,17.81933975,16.92255801,9.127101021,8.883672307,9.211754597,8.981948289,9.156710374,0.169073885,0.156290536,0.135868933,0.164246006,0.13960897
2016-06-06T13:00:00Z,13.66030412,12.53651199,13.96361124,17.85995248,19.52601674,8.524647852,8.501598286,9.134920196,9.138856579,9.528383176,0.13435809,0.125861248,0.152923865,0.13286144,0.139690607
2016-06-06T13:10:00Z,15.47854418,16.40736015,13.98590632,11.94042086,12.81626146,9.443518946,9.410033872,8.891010957,8.919772362,9.549280197,0.135797218,0.140984132,0.150154541,0.170159644,0.101580824
2016-06-06T13:20:00Z,14.07025183,11.8094031,16.00082128,17.96051344,18.4778609,9.135296841,8.852281491,9.380801003,9.51764566,8.940295706,0.136247319,0.118436804,0.130111279,0.122780443,0.13146296
2016-06-06T13:30:00Z,13.04307713,13.9329561,15.17538429,18.63168279,19.35205646,8.67314228,8.355838207,9.020479205,8.694863899,9.326508547,0.162247665,0.116525568,0.115342044,0.144848514,0.115690685
2016-06-06T13:40:00Z,12.31250016,13.6467563,14.29999922,15.31794643,12.89497503,8.882723083,9.099079238,8.919012943,8.663685189,8.87104549,0.127766405,0.110072222,0.12076604,0.156132911,0.16411863
2016-06-06T13:50:00Z,14.00088641,12.78359222,12.90614354,15.0791406,18.21951519,8.440793224,8.189116051,8.280690003,8.543940412,8.795858313,0.121761094,0.141905112,0.125151894,0.105229245,0.130203345
2016-06-06T14:00:00Z,16.41948327,14.51586285,17.59891012,17.59974791,19.6264243,7.720576538,8.296949436,8.375527572,8.573432849,8.995873295,0.136390394,0.123035512,0.09295566,0.10008194,0.077586207
2016-06-06T14:10:00Z,16.31563353,14.63932209,15.07743969,14.5720038,19.54728339,8.283334036,8.4807243,8.577074555,8.965159485,8.824273369,0.112207355,0.161341596,0.109701518,0.061235329,0.075099179
2016-06-06T14:20:00Z,12.46752384,13.9963569,17.29959882,20.81998098,27.11592476,8.987458435,9.342079738,9.114728172,9.585532902,9.165519511,0.109827504,0.097042178,0.109969423,0.094564958,0.123435703
2016-06-06T14:30:00Z,18.44045863,19.73566273,19.06589426,21.07321201,23.0939203,8.739583997,9.397393101,8.776460806,9.005903458,9.252214178,0.062738766,0.115458297,0.123955111,0.076509872,0.096022382
2016-06-06T14:40:00Z,22.37384274,23.96989523,22.02102983,25.46359596,25.9772144,8.516689618,8.879630615,8.937243448,8.98149891,9.159200035,0.120522616,0.11689298,0.082578449,0.074326585,0.086129171
2016-06-06T14:50:00Z,20.6081472,23.38645491,24.08361455,24.08196742,27.40112418,8.129117994,8.323606177,8.635525325,9.078813278,9.646826625,0.114079601,0.124248818,0.128881223,0.089887944,0.090355872
2016-06-06T15:00:00Z,21.34290486,19.52168639,20.89411765,23.84415902,23.07432938,8.614517988,8.994965427,9.085869743,8.901056216,9.218823486,0.096979841,0.064342446,0.078060916,0.06519099,0.080992218
2016-06-06T15:10:00Z,19.81964165,20.9698561,21.98994473,25.21357649,27.5542832,8.600191805,8.733310372,8.885888215,8.976560579,10.09266597,0.0872772,0.114632454,0.099580425,0.066128891,0.076986214
2016-06-06T15:20:00Z,16.48407373,19.23888905,21.0104089,22.91108927,27.67386277,8.881578955,8.882697824,9.072834618,9.548548801,9.888223606,0.108573753,0.121605373,0.076954131,0.066120729,0.089085916
2016-06-06T15:30:00Z,18.31069752,19.35988344,21.61290008,22.33693766,25.03866357,9.23983282,9.146402222,9.099295878,9.625614961,9.784644023,0.098358119,0.099654321,0.105655723,0.101217397,0.078161822
2016-06-06T15:40:00Z,19.1652821,23.61897267,22.79080214,23.62905195,29.83010846,8.234776017,8.362593141,8.671990042,9.083662803,9.590100309,0.098398742,0.079883955,0.066227417,0.068026793,0.06213276
2016-06-06T15:50:00Z,19.03871479,19.10604629,21.8957348,25.20566946,28.64746351,8.185270198,8.646254483,8.818594316,9.470425303,9.634952869,0.095542197,0.075694983,0.06660716,0.071112334,0.075720868
2016-06-06T16:00:00Z,20.11131327,22.91491494,25.22768293,21.64954643,27.9452645,8.314335301,8.248926977,8.494658703,9.309535778,9.282140622,0.107945955,0.098704555,0.10271199,0.123068173,0.072184002
2016-06-06T16:10:00Z,21.13511644,21.12408511,23.27394948,22.65812883,27.05722161,8.483658333,8.66161993,9.057158275,9.495794043,10.17733874,0.10884287,0.095177749,0.091180348,0.069180154,0.086663179
2016-06-06T16:20:00Z,20.56429379,20.85982946,24.02309519,28.11894839,30.85698156,8.441209562,9.016021073,9.328123855,9.381451115,10.32414763,0.087760735,0.109025354,0.100021912,0.070706143,0.079196461
2016-06-06T16:30:00Z,20.86938093,24.50577143,22.30572265,24.96524328,28.48454718,8.264046219,8.318520823,8.522061918,8.789977738,10.21750914,0.124510601,0.089595041,0.099033737,0.076543214,0.070024471
2016-06-06T16:40:00Z,23.45218839,21.44908675,21.42539278,23.4281285,26.30821143,8.278459392,8.407151508,8.830082248,9.265496269,10.4003845,0.106946369,0.110351908,0.109005807,0.109736087,0.07548846
2016-06-06T16:50:00Z,18.36866809,20.28213473,22.05006893,25.88720535,30.43896156,8.098907126,8.222285034,8.445972962,9.255665526,10.6626861,0.122086024,0.075559212,0.091006524,0.088482317,0.08845747
2016-06-06T17:00:00Z,20.11565202,21.57303927,21.5207691,24.41912745,29.384331,8.140440232,9.028338021,8.875856411,9.658473824,10.89269232,0.124829255,0.130953238,0.098759704,0.087811705,0.096003057
2016-06-06T17:10:00Z,19.46371379,20.95922299,24.67733215,29.01530353,27.63885541,8.259338941,9.410142519,9.271618579,10.48995784,10.81548259,0.093970775,0.091949778,0.105636729,0.06841503,0.077905757
2016-06-06T17:20:00Z,19.48536075,21.50823781,24.468545,27.82992773,33.08928086,8.709693244,9.310670226,9.716037359,10.62605276,11.49631852,0.110713247,0.12914098,0.091295773,0.092679523,0.09079216
2016-06-06T17:30:00Z,19.87551895,21.65397893,20.50057793,25.3557905,33.86581659,8.66228288,9.600649007,9.565575041,10.11347352,10.95879277,0.100438855,0.135026381,0.098334715,0.111101872,0.117179679
2016-06-06T17:40:00Z,20.40902032,23.32954555,22.33590365,27.373019,31.68599415,8.591844985,8.673942268,8.976730393,9.610116147,9.515668116,0.163861649,0.135279152,0.094540802,0.119791877,0.136150907
2016-06-06T17:50:00Z,10.76261531,11.11342128,14.98070824,18.12439097,23.09095293,7.913127007,7.742240742,8.439195515,9.737013247,9.813200524,0.132636692,0.080662458,0.125026918,0.082186159,0.124397373
2016-06-06T18:00:00Z,24.03857604,26.0168367,26.02427866,30.83995177,35.05284112,7.882446096,7.937121682,8.12971189,9.301809131,9.456734713,0.116077137,0.112569658,0.094402305,0.103772132,0.113431485
2016-06-06T18:10:00Z,20.42603709,22.18634626,23.28571238,30.24176539,33.98058589,7.279988381,7.621367563,8.055954123,9.319753402,9.032320979,0.148910422,0.131360975,0.103083557,0.102464608,0.09990903
2016-06-06T18:20:00Z,19.67926826,15.37370011,20.13694603,26.56680411,33.11412448,7.718555905,8.276603415,8.616214882,9.463321278,9.24679221,0.091574654,0.086412819,0.100930463,0.084915213,0.105174516
2016-06-06T18:30:00Z,22.25896781,20.88367604,21.98118457,27.03089357,30.78374713,7.941501305,8.189359081,9.280715442,9.648070099,9.748279759,0.083307351,0.129860872,0.093551067,0.076253614,0.104394606
2016-06-06T18:40:00Z,19.56646366,21.29216916,22.79861394,28.68991871,33.45909095,7.498472541,8.019649892,9.25825082,9.915964821,9.306796331,0.090846853,0.11205808,0.106295645,0.096507369,0.106818176
2016-06-06T18:50:00Z,25.34042786,21.78360805,23.60169372,34.46642524,35.35929417,7.849263614,7.986433672,8.980591262,9.951519691,9.338436059,0.176103267,0.077516864,0.112381669,0.114668703,0.165719665
2016-06-06T19:00:00Z,22.59300447,26.1029454,27.61473155,33.03265319,40.25701116,8.04893416,8.772238326,8.954458994,9.245414645,8.309499837,0.115743594,0.102351886,0.115400549,0.137488361,0.104517354
2016-06-06T19:10:00Z,21.8789551,23.22918054,27.82189165,32.50099021,37.49177774,8.22851986,9.025675799,9.586719854,9.608946203,8.336916851,0.113098691,0.105883385,0.122085952,0.142382089,0.129265534
2016-06-06T19:20:00Z,21.64996581,24.82116434,29.12218192,30.5084301,34.94495002,8.485295422,8.525232558,9.54667119,9.554018886,8.316743652,0.139245628,0.141103161,0.132529232,0.11040102,0.134141668
2016-06-06T19:30:00Z,24.49960334,20.29975498,22.32540891,26.06903316,36.38246413,8.06575126,7.95713239,9.323769833,9.841585361,8.63096146,0.103838454,0.12958969,0.149681228,0.142872696,0.152072241
2016-06-06T19:40:00Z,20.5981417,20.56368914,25.94684164,30.9171517,38.77122782,7.966396228,8.467563429,9.275463546,9.548305181,8.216986783,0.132697191,0.073385667,0.095643052,0.062488641,0.079522734
2016-06-06T19:50:00Z,25.08068182,22.94226554,29.27619005,34.04595189,35.63481424,7.276592533,8.299956095,9.364257177,9.184669862,8.294052503,0.117980303,0.101812309,0.089016236,0.128597159,0.108667491
2016-06-06T20:00:00Z,25.46620246,22.79048123,29.17624462,35.53065218,43.09761532,7.329031758,7.990953731,8.662635819,8.763429418,7.362171472,0.117341007,0.097427672,0.087893374,0.075628399,0.121872396
2016-06-06T20:10:00Z,22.66860345,25.18397327,30.99696703,32.05990184,38.201735,7.683143782,8.264207369,8.775252942,8.719013958,7.927510968,0.13673578,0.10392302,0.112368833,0.119151577,0.107601328
2016-06-06T20:20:00Z,23.26539354,25.79107332,26.20164106,32.91253468,38.3645275,7.905280517,8.32778418,9.193708669,8.962769588,7.820313251,0.067081198,0.086161722,0.074053472,0.111778691,0.085543373
2016-06-06T20:30:00Z,22.11638494,26.04965308,29.17598222,32.98787721,38.80711902,8.097985077,8.283179727,9.252008298,8.665122387,7.750992842,0.095914235,0.082465316,0.090553769,0.115442868,0.080365891
2016-06-06T20:40:00Z,23.62752171,26.13568324,30.76501491,39.44654914,39.65317811,7.784475698,8.43427837,9.437006871,8.443242371,7.729774805,0.112175858,0.065769807,0.075290825,0.099120732,0.08231383
2016-06-06T20:50:00Z,22.81256731,24.4900753,29.97356081,38.4929418,44.3730461,7.861110007,8.522494895,8.929381917,8.742456538,7.760401007,0.070707481,0.084167793,0.073955122,0.086690827,0.072989025
2016-06-06T21:00:00Z,29.68203289,31.80982633,33.48910208,45.69434893,44.8798116,7.698461917,8.116297202,8.962157009,8.131691932,8.065924817,0.083058715,0.091194766,0.077634109,0.065397286,0.076644429
2016-06-06T21:10:00Z,33.72106372,35.16709166,41.898847,42.81119961,48.60022425,7.546329802,8.225237204,8.851319074,7.615184327,7.608171205,0.056482137,0.080450998,0.065928281,0.068092904,0.098194718
2016-06-06T21:20:00Z,36.34117921,35.51960506,37.41331428,44.3672199,52.44550098,8.000685383,7.917276467,7.521115854,7.399214468,7.477782756,0.069805822,0.085399326,0.077864294,0.062285169,0.078135006
2016-06-06T21:30:00Z,35.36113725,39.83436984,48.06270711,52.81175893,55.20465335,7.582944274,7.221710072,7.295127784,6.91337376,8.126575423,0.097837284,0.102298791,0.082642353,0.085398641,0.06763155
2016-06-06T21:40:00Z,35.9789657,38.7601216,44.55482028,47.88789933,46.17486542,7.231962031,6.666821779,6.991922433,7.370644853,7.908329102,0.082386913,0.078516108,0.075317183,0.072842081,0.057126452
2016-06-06T21:50:00Z,30.77981278,36.29589257,43.84827506,48.97869921,44.81691087,7.300899424,6.97715377,6.881788668,7.444124926,8.147797446,0.062376419,0.075262064,0.09441676,0.066754516,0.062165981
2016-06-06T22:00:00Z,35.92505383,41.43586584,41.95526725,46.05505533,45.36242606,6.37323584,6.738822708,7.032900045,7.668302693,7.719252786,0.067288701,0.088857656,0.041113045,0.073896903,0.073441764
2016-06-06T22:10:00Z,39.33584175,45.55465282,48.33777364,54.31639788,51.50711372,5.867376813,5.92491323,6.752514364,7.135438604,7.801270556,0.078887565,0.087060407,0.081994958,0.075722755,0.062756431
2016-06-06T22:20:00Z,39.37396179,46.17753985,50.90809724,48.51746047,45.41163506,5.096721658,5.601193445,6.435037787,6.863876579,7.301764731,0.091872964,0.045987146,0.07847671,0.102369339,0.07500353
2016-06-06T22:30:00Z,42.50809736,47.68551775,49.11639317,50.45033305,51.18662057,4.615457018,5.345778352,6.112327201,6.854002162,7.228667733,0.10235283,0.081276818,0.09617046,0.065764933,0.064947789
2016-06-06T22:40:00Z,43.15436607,44.28267336,47.96501409,49.69411069,53.35127191,5.17686807,5.744241734,6.249179377,7.060891903,7.712047599,0.099125223,0.102881478,0.067155086,0.05411707,0.07849591
2016-06-06T22:50:00Z,42.99124147,43.37167677,46.71804229,50.25514803,48.43599206,5.488148142,6.298364255,6.823418713,7.590455247,7.752955431,0.083094995,0.090054464,0.059936557,0.049165805,0.062698866
2016-06-06T23:00:00Z,35.59663701,42.39126699,49.48924773,49.71147114,48.84961538,5.855636948,6.351054601,7.290700883,7.658136265,8.172434827,0.073679665,0.086222551,0.082852376,0.060791808,0.070082506
2016-06-06T23:10:00Z,36.30891555,44.23692678,42.87707622,43.25202441,52.08327717,6.181007373,7.016203016,7.436486978,8.256416844,8.031747905,0.092151255,0.07234489,0.064092398,0.089003707,0.063801635
2016-06-06T23:20:00Z,34.12691312,37.31540984,45.10417883,48.46304654,46.1453553,6.149384569,6.321268547,7.626932514,7.698490701,7.97281693,0.0714908,0.071595549,0.09299646,0.086080604,0.067763604
2016-06-06T23:30:00Z,31.2453363,37.22112119,41.59027722,46.14272022,50.12263946,6.159520822,6.340576593,6.396254901,7.178771898,7.509108405,0.135749403,0.079430735,0.06784189,0.092216961,0.068991884
2016-06-06T23:40:00Z,32.44650993,39.65365781,41.44355943,44.614523,50.51283376,6.114364608,6.146003027,6.465913401,6.692798642,7.226643801,0.086034184,0.098494334,0.075685278,0.085713106,0.05302946
2016-06-06T23:50:00Z,34.83812932,39.34439728,45.17404164,47.42825033,45.91566781,6.080018541,6.074467441,6.493688892,6.709980834,7.386224135,0.115972707,0.127407232,0.071915161,0.094829498,0.09079222