LOCATION: 
SYSTEM SERIAL: HKZMAST
TIMESTAMP (ISO-8601) UTC,WindDir030m deg,WindDir040m deg,WindDir060m deg,WindDir080m deg,WindDir100m deg,WindSpeed030mh m/s,WindSpeed040mh m/s,WindSpeed060mh m/s,WindSpeed080mh m/s,WindSpeed100mh m/s,TI 030m,TI 040m,TI 060m,TI 080m,TI 100m
2017-04-11T00:00:00Z,307.8427888,272.0131062,296.1841324,290.5111504,308.3335476,4.160703141,4.182901646,4.303645083,4.134578999,4.362911513,0.166937178,0.137083,0.129438717,0.105968818,0.109769737
2017-04-11T00:10:00Z,293.170726,306.6900042,300.0685422,288.5223601,285.1123731,4.036810276,3.963846508,4.062774143,4.132937343,4.221874867,0.120548076,0.117754944,0.121832098,0.173235037,0.102277655
2017-04-11T01:10:00Z,276.3825128,263.5783622,272.2264044,270.2838495,272.5834443,5.209653068,5.419476449,5.206049892,4.918485933,4.962573355,0.120558373,0.12627722,0.113133335,0.075739102,0.115568053
2017-04-11T01:20:00Z,278.7139354,272.2512009,266.7790233,282.5583759,286.122579,5.338798799,5.529873881,5.454015459,5.577896632,5.194258583,0.071297537,0.074191719,0.091977751,0.122164869,0.134324129
2017-04-11T01:30:00Z,274.1070482,296.4171242,270.6791611,266.6357406,279.9786859,5.557977868,5.562845478,5.602858357,5.497800311,5.587345904,0.120476019,0.087486161,0.083765247,0.139673968,0.094867128
2017-04-11T01:40:00Z,288.1974788,255.6463611,261.0614734,274.6209686,267.4940395,5.308509233,5.116058693,5.377133366,5.350310179,5.435971645,0.086710714,0.099686894,0.092591051,0.088600528,0.108710221
2017-04-11T01:50:00Z,247.3302817,267.8512249,268.6330952,286.5270954,284.2347534,5.365251835,5.266314644,5.343951615,5.62372395,5.555723145,0.084905197,0.098863907,0.108000568,0.086515758,0.097676864
2017-04-11T02:00:00Z,282.1566986,250.6127277,275.2340639,272.9181104,275.8260917,5.49700266,5.959502117,5.921823253,5.911413072,5.841155695,0.095183293,0.11534779,0.094224003,0.057719208,0.087665351
2017-04-11T02:10:00Z,258.3198252,262.4097418,265.0732672,274.698359,277.0977038,5.742269399,6.105453886,6.233909106,6.24475471,5.891812897,0.08265845,0.107379936,0.075090575,0.068835203,0.106775767
2017-04-11T02:20:00Z,269.3386851,260.9464057,288.0213999,281.61621,273.2871281,6.094821619,6.099264888,5.932265244,5.951433457,6.033914563,0.093543552,0.115277436,0.127441877,0.092406007,0.100230119
2017-04-11T02:30:00Z,266.7511619,266.093079,264.4411405,284.6596828,288.4933229,6.268214421,6.384914157,6.388949545,6.104290468,6.749151892,0.098910677,0.091517484,0.081900513,0.083864114,0.11323566
2017-04-11T02:40:00Z,269.544357,291.9933182,263.9823196,280.7235508,264.623213,6.782315282,6.735571752,6.535825047,7.251746025,6.85161953,0.108001016,0.096371451,0.081804519,0.095974228,0.111502412
2017-04-11T02:50:00Z,294.209178,287.3249363,287.3949249,283.1482533,269.3178269,6.948805238,6.896049647,7.258994943,7.052817831,7.366796053,0.12214739,0.120356138,0.099713056,0.101001754,0.085865291
2017-04-11T03:00:00Z,266.2921351,280.2964145,272.0046325,252.1970944,272.4236637,8.135549357,8.05041499,8.484402192,8.080462337,8.186415123,0.114134689,0.087917216,0.107676243,0.148731815,0.078962664
2017-04-11T03:10:00Z,265.2811932,277.7457933,253.5588742,273.2622417,284.7764839,8.716929344,8.616900961,8.576206699,8.811100873,8.445623917,0.08770673,0.080310438,0.121569384,0.119265106,0.148308131
2017-04-11T03:20:00Z,250.6430509,270.971696,269.355719,273.4914247,275.9010138,7.761360459,8.00157178,8.290624094,8.055021594,7.680906161,0.091045099,0.087041965,0.102784675,0.144518513,0.098718466
2017-04-11T03:30:00Z,278.2730916,281.6574866,264.3271891,279.0411562,276.6579308,7.056635861,7.405886869,7.354395532,7.316655237,7.08363107,0.126781429,0.133968834,0.194508269,0.149351685,0.122816472
2017-04-11T03:40:00Z,275.8156497,263.1675858,303.8951986,272.1735165,296.7979818,5.498753066,6.220601826,5.787312663,6.130476053,5.855076988,0.272887169,0.229710535,0.266001041,0.212659537,0.24122494
2017-04-11T03:50:00Z,278.1433094,286.1044139,264.503968,283.8775002,292.1841856,4.326410432,4.491996774,4.408876053,4.633015545,4.476342411,0.112119384,0.165707672,0.147208798,0.146108669,0.223028242
2017-04-11T04:00:00Z,279.5978766,247.8002424,253.1844306,271.1209275,304.2254348,4.394312977,4.255334421,4.528961576,4.522876963,4.525559238,0.127443472,0.153902898,0.149619616,0.096886012,0.119881776
2017-04-11T04:10:00Z,260.8422857,257.9443943,294.9707432,267.8492238,272.6382606,4.534743731,4.532399339,4.474843505,4.333356809,4.518258799,0.150774063,0.150291405,0.12079461,0.154931078,0.110487598
2017-04-11T04:20:00Z,263.7737443,261.7431283,268.6370674,255.978,265.4659141,4.545794637,4.64445179,4.753032739,4.60426767,4.855613211,0.109210747,0.108373102,0.111559112,0.09746927,0.119099199
2017-04-11T04:30:00Z,266.5854523,237.2281466,258.0582164,246.3524681,261.5783462,4.92965624,4.789578796,4.793961749,4.883258095,4.99235635,0.111285391,0.068834093,0.074966984,0.068621474,0.071335518
2017-04-11T04:40:00Z,258.2401517,237.9716104,246.3143105,221.7861292,255.0356638,5.229146685,4.991508775,5.155810362,5.113135864,5.392961387,0.116937979,0.080347161,0.076029156,0.072912164,0.075795306
2017-04-11T04:50:00Z,249.4635507,240.7522682,252.9774835,232.4058039,253.5884688,5.247700264,5.342144703,5.554418309,5.748870978,5.856298042,0.073782864,0.077862616,0.063192929,0.07386021,0.088167408
2017-04-11T05:00:00Z,256.2094229,247.4334995,228.7543619,250.4070214,257.9554601,5.026948481,4.833547184,5.03539211,5.211057675,5.369288772,0.10545309,0.082616583,0.098355153,0.090360701,0.069256204
2017-04-11T05:10:00Z,251.3907995,245.7877635,227.9770218,230.4386241,266.9918914,4.852851562,4.972978586,5.043083973,5.16773852,5.276064929,0.102346555,0.109932554,0.107675231,0.12385531,0.096579157
2017-04-11T05:20:00Z,221.4413525,235.0533053,241.6672515,233.8243645,242.34954,5.2749143,5.391404752,5.532543544,5.293823562,5.549707764,0.088794598,0.071177486,0.076224695,0.091793684,0.133846445
2017-04-11T05:30:00Z,224.4218937,239.3106403,228.0336528,224.4566825,227.2412275,5.60466929,5.57279688,5.517722744,5.656628558,5.594964424,0.060425745,0.09019406,0.090346279,0.09536182,0.077252423
2017-04-11T05:40:00Z,230.7845618,232.6030603,226.1220015,214.8007537,213.5605057,5.724429277,5.882082328,5.898473511,5.763819291,6.328794064,0.102391194,0.054837064,0.066330404,0.06590797,0.077692492
2017-04-11T05:50:00Z,227.3230581,215.7765865,213.6701332,217.057421,241.5021618,5.862384941,6.296731535,6.455222775,6.303457714,6.599245094,0.088515132,0.089880509,0.077780659,0.062874818,0.078442004
2017-04-11T06:00:00Z,220.9933025,214.0398135,207.4226119,226.3429864,227.2987777,6.331775288,6.54553028,6.960421383,7.171926477,7.070622819,0.10228959,0.079600505,0.060048556,0.085391493,0.070829014
2017-04-11T06:10:00Z,235.48312,229.6850225,221.577235,237.9372806,231.1478781,6.246014504,6.48222098,6.98685785,6.947493852,7.292436642,0.085455906,0.065839367,0.073818792,0.07156225,0.060115931
2017-04-11T06:20:00Z,230.4881767,234.3208068,226.5791366,225.8760959,212.9794546,6.686824712,6.590599605,7.148458703,7.266876799,7.472310564,0.093899075,0.082559951,0.089764213,0.078149356,0.056971072
2017-04-11T06:30:00Z,228.6678172,222.0271639,229.2258273,235.9300062,215.3268124,6.336094992,6.645992897,6.81863533,7.318786184,6.947678053,0.066903608,0.091349847,0.092390082,0.112345204,0.099783964
2017-04-11T06:40:00Z,213.7736646,242.3765736,224.7486228,236.5015462,237.1884267,6.140469611,6.150959388,6.693023423,6.822361222,7.185960183,0.089515225,0.127788404,0.119771392,0.101225013,0.103337045
2017-04-11T06:50:00Z,245.07855,237.3261522,230.2844729,208.4406308,245.4373831,5.826392595,6.101216389,6.540256279,7.034262732,7.102012091,0.127148017,0.123694785,0.106818958,0.167589014,0.109764163
2017-04-11T07:00:00Z,233.944332,242.6049858,237.0913851,245.0232734,247.3388666,6.420672441,6.633377546,6.915897697,7.03520414,7.258998842,0.132959775,0.116000274,0.125444828,0.093847733,0.153533646
2017-04-11T07:10:00Z,291.0915376,270.2433511,272.2461783,240.4424564,277.2087288,5.955482109,6.14168112,6.32393686,6.597306349,6.887103417,0.13280834,0.122478312,0.122651986,0.120963911,0.12461488
2017-04-11T07:20:00Z,250.3937113,269.8427608,269.6463679,271.163649,267.8400962,6.190267308,6.442332846,6.254753958,6.58505458,6.592830413,0.088717408,0.069990771,0.080816028,0.085206085,0.077690458
2017-04-11T07:30:00Z,283.9042729,264.512811,267.7221314,267.9505239,276.5169679,5.28529679,5.804049041,5.841390814,5.925625618,5.94497172,0.104459286,0.088850321,0.090197088,0.076118889,0.090767255
2017-04-11T07:40:00Z,262.7212679,273.9297314,285.1483039,284.3830273,252.8974429,5.686428427,5.482145007,6.021878041,5.776973321,6.09005808,0.119189486,0.134329614,0.10720566,0.125252082,0.10055129
2017-04-11T07:50:00Z,268.639972,248.3014673,257.3555467,267.8093944,273.5124273,6.117105299,5.841986863,6.190096168,6.591616257,6.599072927,0.107726677,0.113880406,0.089449372,0.074921146,0.081700749
2017-04-11T08:00:00Z,262.5815414,282.8831041,265.9939652,257.1850045,275.8772058,6.555217126,6.777139512,6.939365108,6.752520123,6.876799956,0.144632091,0.134617381,0.075577917,0.113016292,0.105031409
2017-04-11T08:10:00Z,300.5342871,271.487477,276.231089,284.5172832,274.7805859,6.736536696,7.201893197,7.471740927,7.224594524,7.184137183,0.230646598,0.113170118,0.203721659,0.126146701,0.129702623
2017-04-11T08:20:00Z,288.8071471,278.6686951,286.1458431,276.3151471,283.2812403,6.543988811,6.595431293,6.851769166,7.112279798,6.890826649,0.139687479,0.15062996,0.108704837,0.138371601,0.124740316
2017-04-11T08:30:00Z,289.1653951,300.4130232,300.5102602,279.2043032,300.1712548,6.296712991,6.382044423,6.504551737,7.30345429,7.017964761,0.164142703,0.112383458,0.135208885,0.144501166,0.127664473
2017-04-11T08:40:00Z,279.0275513,295.4156487,295.5166383,268.5335014,300.5509329,6.741497526,6.581126085,6.747966263,6.80886147,6.803960306,0.094808709,0.105403677,0.149611338,0.123107667,0.117843811
2017-04-11T08:50:00Z,289.9793901,269.1020542,290.1513116,297.8218873,288.6900442,6.38842417,6.704324095,6.786462813,6.706991704,6.536451022,0.168603389,0.123682288,0.149403152,0.113691077,0.100690734
2017-04-11T09:00:00Z,286.5690212,302.5882214,283.1035161,305.8888509,291.5742884,6.462902148,6.264617069,6.685257475,6.510774862,6.223234819,0.143231552,0.090812376,0.119664108,0.11189956,0.11167277
2017-04-11T09:10:00Z,300.1256795,310.0295604,304.3767308,291.6474751,290.6598857,6.563701625,6.555208385,6.426903862,6.654264818,6.933279693,0.098178998,0.076933817,0.113024508,0.111723037,0.101333775
2017-04-11T09:20:00Z,326.8719876,304.7076254,304.0150539,296.5452123,291.0507875,6.322257957,6.376103715,6.32191474,6.493774131,6.483836056,0.104230825,0.134067043,0.115506547,0.089987587,0.126558775
2017-04-11T09:30:00Z,292.2774663,302.3726045,312.7303591,311.6994275,296.421318,6.590328781,6.186651884,6.344471717,6.582315239,6.843787433,0.150857505,0.102563378,0.11833866,0.1098491,0.103482955
2017-04-11T09:40:00Z,333.1354582,289.381203,303.7753538,325.3718113,303.6869705,6.686849337,6.700980935,6.626378019,6.885023829,6.837965165,0.142380224,0.117119319,0.10773258,0.122536531,0.124239516
2017-04-11T09:50:00Z,310.4644689,287.3280875,299.9748335,285.1864901,299.9441237,6.017308126,6.381930035,6.44551447,6.636153621,6.803823268,0.159579866,0.080931553,0.149440225,0.090245355,0.147423191
2017-04-11T10:00:00Z,299.3186797,271.5412267,300.630896,302.2619184,284.780956,6.135983904,6.777869889,6.757535231,6.440097148,7.014237759,0.121505197,0.176566952,0.149821142,0.130921854,0.143444133
2017-04-11T10:10:00Z,264.0672603,259.4678803,293.0315053,291.5984788,273.1720988,6.53405906,6.492710277,6.205109636,6.411134865,6.598966687,0.116407621,0.101733797,0.13864619,0.100483989,0.148726435
2017-04-11T10:20:00Z,284.8508937,267.7050678,288.1784963,281.6863092,297.1221395,6.359348715,6.284975324,6.222726707,6.86328922,6.747647429,0.093736611,0.111988116,0.110868722,0.110031918,0.106258167
2017-04-11T10:30:00Z,278.7260192,275.6572183,299.7307277,293.9393075,285.3465245,6.651530275,6.731305282,7.229492965,6.950565965,7.007777175,0.220169908,0.172185473,0.110790271,0.15701896,0.120223802
2017-04-11T10:40:00Z,283.2511519,307.1564976,268.2641506,295.8194415,286.9477776,6.42027168,6.631569277,6.457894858,6.492413824,6.476003086,0.145794841,0.111653296,0.135469768,0.155022036,0.149342161
2017-04-11T10:50:00Z,263.9369132,299.2359038,296.0548119,288.5816956,293.4901494,6.289426587,6.609690081,6.725872291,6.632396574,6.494311047,0.120547754,0.142274483,0.16308836,0.077170607,0.097453896
2017-04-11T11:00:00Z,283.9083211,303.5855354,291.2472105,289.310286,280.2533282,6.701888352,6.467308515,7.124881801,6.929224627,7.098390712,0.137103269,0.104271596,0.137842729,0.137172155,0.147170772
2017-04-11T11:10:00Z,302.5067623,284.7994544,288.2954019,290.2978352,278.2643412,6.56471523,6.713769234,6.892521777,6.646445766,6.738155617,0.114849596,0.167555673,0.122428542,0.099439618,0.139993489
2017-04-11T11:20:00Z,263.578926,298.1567961,272.3962023,266.1485011,297.3350793,6.608708444,6.783804063,7.04781854,7.158833021,6.876094161,0.201737791,0.158994136,0.133354087,0.146303794,0.148054254
2017-04-11T11:30:00Z,307.2405935,304.4887501,302.211783,286.0533027,299.3907901,6.374798406,6.863789907,6.604074175,6.681283471,6.817573506,0.189618356,0.111487118,0.092398415,0.098790056,0.135607626
2017-04-11T11:40:00Z,269.7378477,280.696183,278.1771173,288.8333543,250.2111785,6.01141829,6.474732546,6.542203683,5.986333484,6.963736918,0.138543512,0.174583119,0.136733547,0.124540817,0.172476636
2017-04-11T11:50:00Z,293.7537828,291.3093348,269.9053246,286.7943778,268.2301932,6.528344488,6.108536204,6.415280181,6.354679877,6.646573521,0.160138771,0.110513747,0.104050396,0.166552938,0.097588459
2017-04-11T12:00:00Z,259.7368378,266.5302451,300.8915403,286.8693203,261.4323369,6.341312679,6.106746628,6.198303109,6.267343515,5.979773906,0.17278231,0.185533742,0.150404158,0.095410724,0.186839966
2017-04-11T12:10:00Z,274.7412876,282.7404614,284.7954229,279.7786805,263.9239964,5.924239605,6.26024847,6.266774519,6.140441595,6.206152459,0.23105728,0.224760868,0.175565334,0.133177293,0.143219568
2017-04-11T12:20:00Z,262.789377,273.001373,276.5716513,274.4543786,282.8798629,6.46179779,6.561553273,6.880771002,6.614132979,6.812780199,0.158981687,0.14618061,0.168067786,0.151971593,0.12003903
2017-04-11T12:30:00Z,281.7050235,296.9433463,289.6475555,282.3183099,284.6803247,6.461554959,6.745419642,6.607839041,7.091941567,6.705636784,0.159942184,0.182496813,0.109037526,0.162000876,0.132135853
2017-04-11T12:40:00Z,267.8953347,275.6862154,284.2722479,285.7180673,282.7902895,6.239683714,6.410095613,6.199245564,6.462159537,6.356872756,0.168967674,0.124522756,0.12590338,0.151097502,0.132055137
2017-04-11T12:50:00Z,253.2892971,264.4272151,284.2763446,271.5923921,284.2910401,6.195467633,6.493146947,6.375366609,6.262211449,6.238320708,0.160138608,0.150303931,0.212066253,0.143837729,0.151495926
2017-04-11T13:00:00Z,305.3378968,278.4361896,271.0535253,273.4402493,278.9450329,6.855614224,6.962270891,7.004801029,7.018945729,7.383050085,0.140604703,0.146970858,0.141090634,0.124725778,0.120270379
2017-04-11T13:10:00Z,267.0777967,296.4815185,288.7122328,274.0626202,269.7884854,7.029115458,7.133660797,6.908882838,7.388889175,7.231391016,0.118972551,0.164370402,0.117803017,0.077663536,0.11853587
2017-04-11T13:20:00Z,278.030779,293.6797962,266.0811078,279.0433283,266.1327421,7.041548204,7.169050568,7.701683999,7.405035852,7.094574194,0.126436736,0.107983396,0.131647085,0.083469762,0.136627308
2017-04-11T13:30:00Z,255.450636,286.4517764,257.4880332,256.1802351,295.3099059,6.865274986,6.867307364,7.306302538,6.982466283,7.09931777,0.147193195,0.194096127,0.12613844,0.162153679,0.154916754
2017-04-11T13:40:00Z,259.9905057,255.0465674,291.0481369,283.5626509,264.5667974,6.664036632,6.773719698,6.521379194,6.807220531,7.125075155,0.120894894,0.146268592,0.170738406,0.119966887,0.147467946
2017-04-11T13:50:00Z,256.8932645,277.8200651,261.253101,258.5793772,257.0864535,6.401128418,6.0509396,6.346479649,6.707702197,6.862602634,0.148137637,0.133740298,0.161699045,0.137277774,0.160234554
2017-04-11T14:00:00Z,264.579296,265.5153519,254.4534489,289.859473,268.6123011,6.399653068,6.564149419,6.821352889,6.67634035,6.164588867,0.092331798,0.140356343,0.103795229,0.158029168,0.139074022
2017-04-11T14:10:00Z,274.5247292,251.8302043,262.6786359,266.4293816,245.0750515,6.712106078,6.995353512,6.694112884,6.734636747,6.712259396,0.151578543,0.15420531,0.162341462,0.121804409,0.151610175
2017-04-11T14:20:00Z,280.4178394,252.2290328,268.9112341,247.248479,259.262113,6.390433662,6.818583997,6.674900696,7.018251704,7.129417602,0.147390805,0.129843807,0.127386657,0.139014324,0.151544766
2017-04-11T14:30:00Z,254.0406593,240.5344113,248.4196973,270.4311098,236.6716484,6.658324683,6.729415138,6.536109213,6.976535202,7.069651541,0.168324519,0.163912051,0.163906031,0.163969809,0.098623654
2017-04-11T14:40:00Z,257.6022272,251.4596284,240.3212117,246.5971802,250.5680441,7.46777542,7.445215975,7.266468433,7.501329245,7.198623862,0.123068457,0.182873425,0.139285023,0.140773332,0.162043662
2017-04-11T14:50:00Z,252.4751308,248.2158372,258.5274244,240.4254866,249.5314502,7.123512582,7.766552116,7.784967884,7.514298371,7.12029166,0.127606607,0.16000895,0.14308389,0.16417558,0.1803316
2017-04-11T15:00:00Z,249.2670908,244.9908427,246.7788001,258.2270931,272.0229816,7.492061387,7.204713302,7.32162056,7.515529959,7.30403451,0.125726982,0.079582374,0.124617655,0.089295502,0.083268281
2017-04-11T15:10:00Z,249.0355394,256.1603866,254.3549923,251.3672611,260.4182606,6.901944957,7.421961871,7.109234513,7.151323252,7.504230485,0.083065893,0.123180724,0.115090184,0.11527184,0.130302742
2017-04-11T15:20:00Z,251.0241363,253.0447997,259.5572031,268.4005017,252.5029505,7.074017023,7.128456804,7.019753839,7.390166564,7.256011588,0.123843259,0.071234175,0.13122475,0.091263447,0.130160981
2017-04-11T15:30:00Z,267.6085408,242.8074395,235.7470176,256.7835903,260.8267758,6.618324626,6.840098683,7.117002908,7.199595194,7.113620596,0.139956651,0.084516614,0.135422376,0.1131561,0.106919417
2017-04-11T15:40:00Z,256.0653355,238.4747492,262.1379147,244.5300625,226.9050952,7.252807559,7.397283641,6.714349966,7.558781515,7.18348535,0.094452804,0.095427307,0.128313664,0.108598997,0.077179421
2017-04-11T15:50:00Z,240.9739502,236.6589551,244.7766634,234.592407,245.7813767,7.164360998,7.269460329,7.277726016,7.262984629,7.16949699,0.097206685,0.096951286,0.102238273,0.129807607,0.088642078
2017-04-11T16:00:00Z,236.3513506,232.7728192,226.9575402,239.5502094,231.3271343,7.54927355,7.961526703,7.649612387,7.799204402,7.718279024,0.109903589,0.101670015,0.110125038,0.145360416,0.073439922
2017-04-11T16:10:00Z,225.1213701,217.3028232,245.9856117,238.1547152,231.2539916,8.187238962,8.456663658,8.540420501,8.35607256,8.146947048,0.109750437,0.105906519,0.069812913,0.124523805,0.125606839
2017-04-11T16:20:00Z,233.2688673,251.763982,244.4557329,230.4169386,226.6588586,7.824370685,8.258439971,8.583036464,8.149750597,8.655629208,0.117559181,0.102780733,0.087065901,0.088005171,0.098052771
2017-04-11T16:30:00Z,249.4459228,249.248359,226.4540829,234.9170836,243.0184644,8.25611294,8.447576747,8.563715746,8.728874357,8.959737343,0.134196904,0.08142038,0.067063682,0.090922389,0.077789164
2017-04-11T16:40:00Z,225.9568886,232.5998256,231.7538992,220.3264197,229.3849005,8.480705596,9.201539177,8.839899239,8.684503503,9.030107202,0.106353046,0.080317141,0.101242999,0.07330903,0.097788941
2017-04-11T16:50:00Z,216.0446635,212.9680532,241.0001727,243.0119015,232.454761,8.777584148,8.72866917,8.832226171,9.187100466,9.08596498,0.093906195,0.129258771,0.155269516,0.111239155,0.123180438
2017-04-11T17:00:00Z,221.9411387,213.4838069,230.859698,219.5001161,224.6995908,8.736723694,9.156677128,9.25918888,9.69362788,9.189840568,0.107619109,0.087953096,0.096521744,0.069316909,0.120635692
2017-04-11T17:10:00Z,228.40386,232.9571971,240.9240927,232.5753682,230.6523077,9.334643792,9.82216426,9.931209773,9.763897128,10.09188337,0.149361804,0.124436855,0.144050458,0.124234572,0.084770972
2017-04-11T17:20:00Z,213.1132014,221.2850324,229.0831623,234.6451785,231.1117758,9.543177461,9.726173971,9.637477516,10.27605203,9.875069585,0.092688594,0.077862149,0.088607863,0.110890823,0.102305747
2017-04-11T17:30:00Z,236.0488904,225.9740933,234.1798353,234.3375203,220.1877961,9.108478861,9.251843533,9.64049783,9.713831032,9.972933949,0.143157843,0.135935795,0.112945263,0.130786267,0.096308369
2017-04-11T17:40:00Z,231.458159,227.9942962,244.4297581,225.0586218,234.5642988,9.097107556,8.73579474,9.229250558,9.313933337,9.794307198,0.130426387,0.126667882,0.109201239,0.080979013,0.105479471
2017-04-11T17:50:00Z,231.7226271,239.3425431,243.0396872,234.4432333,231.7758098,9.353901835,9.290814642,9.126295843,9.605135945,9.849818241,0.162887374,0.144015408,0.154838439,0.144993534,0.115881042
2017-04-11T18:00:00Z,223.0761671,228.0043868,225.264991,227.243841,235.7511387,8.812786176,9.254027156,9.607615585,9.396511456,10.02314964,0.150889222,0.1236807,0.078669678,0.155009214,0.107577765
2017-04-11T18:10:00Z,229.589277,231.4071292,223.2296748,233.7088257,228.7234681,9.031374629,9.608642865,8.9858078,9.545565498,10.03698769,0.128695522,0.096120419,0.156869602,0.13541181,0.095067496
2017-04-11T18:20:00Z,241.453596,221.7468895,229.299002,234.5802196,233.2563183,9.49907557,9.806345219,10.22905689,10.30138364,10.68839279,0.117084713,0.130817299,0.112164296,0.096650917,0.118633022
2017-04-11T18:30:00Z,239.0843544,229.8907311,219.324159,235.5294373,208.9286003,10.04092098,9.911725149,10.65194369,10.50603918,10.0464961,0.097573656,0.116115172,0.123171118,0.116786212,0.127296475
2017-04-11T18:40:00Z,230.9620818,232.0297757,223.4041609,217.4415665,233.9593975,9.473596167,10.03629646,10.24659649,10.76450004,10.99062712,0.087450679,0.107361566,0.162525161,0.112807773,0.146278735
2017-04-11T18:50:00Z,221.2502537,212.1113321,244.308096,234.0459895,241.0725826,9.607841272,9.809936652,10.46318934,10.74774068,11.00277539,0.09627694,0.131361577,0.10557297,0.142493872,0.116202123
2017-04-11T19:00:00Z,225.4312761,222.8993876,214.6711652,235.5222215,232.0727995,9.101598817,9.775984075,10.39338938,10.60082009,10.65187086,0.135549963,0.15072478,0.166738761,0.15428315,0.118463317
2017-04-11T19:10:00Z,230.8546611,220.5813522,223.4965612,233.0540805,239.4748265,8.980727116,9.800578866,10.14030287,10.21156467,10.40989224,0.125329853,0.115827454,0.107526717,0.137868875,0.133476905
2017-04-11T19:20:00Z,227.8306741,231.6047531,233.478411,228.7378065,225.4333948,9.07664526,9.765948024,9.727822729,10.41097301,10.31469321,0.136245112,0.140210002,0.130768787,0.080472092,0.106810133
2017-04-11T19:30:00Z,248.1324409,232.047059,228.6440864,240.4181537,226.1724653,8.771164079,8.828158913,9.80905961,10.13628928,10.59180757,0.176350515,0.122220292,0.124145901,0.13871839,0.098999089
2017-04-11T19:40:00Z,243.9167476,242.303232,244.4985151,260.1859363,229.5319578,9.19367133,9.010510413,9.722181269,10.63843633,11.29929413,0.118049895,0.161338553,0.12706916,0.109747783,0.094947073
2017-04-11T19:50:00Z,226.7074373,228.1295434,222.7645791,219.1654759,242.0806486,8.874976698,9.890512151,10.48179387,10.85023852,11.10670722,0.090142051,0.114615298,0.110484095,0.085922416,0.097214775
2017-04-11T20:00:00Z,237.3385319,237.1738644,224.6643487,235.7068762,240.5536063,9.339333241,9.972976116,10.49523626,11.15316816,10.76876715,0.095869116,0.105990673,0.099395157,0.109287819,0.13212951
2017-04-11T20:10:00Z,236.5331808,221.7983474,218.2548867,236.9329146,230.977911,10.09293501,10.29790837,10.56884561,11.4663303,11.34330891,0.098997296,0.106019968,0.106818054,0.107957757,0.07663466
2017-04-11T20:20:00Z,234.8833761,232.740004,211.059967,222.5197029,222.0549821,9.646941185,10.60360123,11.31004721,11.49564435,11.1456189,0.105343972,0.142167415,0.094545752,0.075766142,0.087296144
2017-04-11T20:30:00Z,215.9200112,230.7629322,231.3265827,228.3905111,235.4141403,9.201851278,9.71258915,10.89796821,11.69542494,11.52297261,0.105874248,0.092289539,0.103582193,0.076318708,0.096681262
2017-04-11T20:40:00Z,233.955292,232.5579668,214.3953286,229.3439571,221.2492697,9.510032299,10.03749351,10.20721004,11.4032105,11.7236069,0.095651942,0.128515785,0.098894532,0.082901727,0.06932827
2017-04-11T20:50:00Z,242.0307156,239.3846964,247.7970499,239.2915008,213.7314503,9.666679678,10.1681048,10.39581129,11.14375592,11.55032629,0.111964928,0.113823054,0.104272665,0.118251607,0.096189201
2017-04-11T21:00:00Z,231.8205634,251.9445455,226.7626335,226.7335202,221.9022519,10.3175552,10.41879314,10.96592152,11.8839796,12.43375851,0.091255719,0.087400995,0.14308839,0.095003615,0.095653066
2017-04-11T21:10:00Z,228.0402596,225.1243197,240.2507623,208.3741676,245.5007302,10.18176081,10.87582658,10.77950822,12.14536125,12.8241466,0.110312937,0.104254233,0.081266199,0.076340757,0.072396355
2017-04-11T21:20:00Z,226.9294625,255.5397357,238.5823233,234.9412969,227.4094583,10.31564558,10.94151812,11.29075506,12.47579281,12.61183937,0.100711274,0.098651372,0.124338235,0.090388197,0.083103489
2017-04-11T21:30:00Z,240.7892769,234.5754751,239.5050006,228.7094343,242.493771,9.626678731,9.909263665,11.63382625,11.24196526,12.02000112,0.11931087,0.120314528,0.107425213,0.049299779,0.08829727
2017-04-11T21:40:00Z,240.6158503,229.9001285,242.4199023,227.7087767,236.1778955,10.21713952,9.980209482,10.39730691,10.96030487,11.72649013,0.10177501,0.099456707,0.09215349,0.104075823,0.095092732
2017-04-11T21:50:00Z,229.7200346,230.9688942,243.3033661,231.8409473,239.2369662,9.926780009,10.1899032,10.45507247,11.80598245,11.81737369,0.150663649,0.092446926,0.082048205,0.098237313,0.07805069
2017-04-11T22:00:00Z,246.6564066,236.86612,228.0626735,247.3557847,233.2955928,10.08970433,10.27608755,10.60214972,11.81228791,12.86789196,0.09336719,0.12876635,0.079053869,0.089321121,0.090831632
2017-04-11T22:10:00Z,223.3780239,228.5634462,235.4486651,231.8172509,244.4255216,9.934308972,10.55266945,11.12494627,11.78224892,12.4769375,0.091516406,0.090890538,0.105361978,0.110942937,0.098336363
2017-04-11T22:20:00Z,220.3996668,230.1445363,242.8725714,237.0642321,219.0000288,9.505479332,10.25621368,11.10078008,11.63134091,12.4993979,0.115446253,0.109656737,0.089279165,0.090801694,0.127582625
2017-04-11T22:30:00Z,218.9948764,236.8793651,223.0104766,236.5976301,225.391895,9.815955137,9.971093428,10.69329216,11.13082751,11.86866621,0.096067909,0.097290471,0.067878305,0.109277769,0.092637193
2017-04-11T22:40:00Z,237.9853817,224.8804368,238.5937555,236.8274287,241.1421559,9.655606047,9.955111405,10.61341275,11.87856367,12.19306825,0.111013458,0.10783161,0.135007615,0.086329508,0.096441604
2017-04-11T22:50:00Z,232.5301459,234.3445202,216.2809557,231.1035854,249.0457272,9.059109464,9.66017268,10.47683538,11.19530152,12.38611951,0.116204928,0.108574813,0.078233968,0.084252692,0.097076351
2017-04-11T23:00:00Z,237.256947,262.8822562,225.6124108,249.7165331,225.2167742,9.617162125,10.06688894,11.07051605,11.32994726,12.75135405,0.102966875,0.110154549,0.105039898,0.124695772,0.066244794
2017-04-11T23:10:00Z,234.1200538,227.4825423,233.9410884,244.4841754,221.4689831,9.750852571,10.56088716,11.88217549,12.27529433,12.90898472,0.121113615,0.111166938,0.127184997,0.077227122,0.118897606
2017-04-11T23:20:00Z,241.3116429,239.0441436,241.4511412,245.1742341,239.3517512,8.768143127,9.444419596,10.68562745,11.64650543,12.45789297,0.112861373,0.127409612,0.10835436,0.123388535,0.105128696
2017-04-11T23:30:00Z,229.2072299,239.1415448,234.1624894,231.3122466,235.448995,9.339347011,9.687118117,10.08615466,11.53704423,12.32265556,0.150288658,0.107751291,0.085008533,0.105394064,0.094941391
2017-04-11T23:40:00Z,250.0471369,235.3139005,240.9295857,250.725959,245.0248589,9.058013748,9.632405176,10.4980051,10.89871659,11.31286033,0.112657052,0.155589665,0.11039217,0.131662429,0.1234695
2017-04-11T23:50:00Z,223.5955504,222.5406044,250.6674737,236.9235069,231.2209997,8.349653731,9.628523269,9.702087993,11.15015809,11.52393885,0.149644155,0.113374381,0.10820999,0.106162957,0.097161495
