LOCATION: 
SYSTEM SERIAL: HKZMAST
TIMESTAMP (ISO-8601) UTC,WindDir030m deg,WindDir040m deg,WindDir060m deg,WindDir080m deg,WindDir100m deg,WindSpeed030mh m/s,WindSpeed040mh m/s,WindSpeed060mh m/s,WindSpeed080mh m/s,WindSpeed100mh m/s,TI 030m,TI 040m,TI 060m,TI 080m,TI 100m
2017-03-12T00:00:00Z,90.22743264,93.27275352,114.5456634,103.9580896,122.1790736,5.267423169,5.602370373,6.368004629,7.288764794,7.648684259,0.046946583,0.035526381,0.031939281,0.035606933,0.037287662
2017-03-12T00:10:00Z,93.43785591,100.8447933,103.1791841,114.9133926,118.646154,5.185993765,5.699063968,6.380737169,6.982353558,7.565724317,0.031467428,0.034650647,0.040344295,0.044637936,0.035040049
2017-03-12T00:20:00Z,90.27940178,91.05754852,99.52176562,119.1213819,112.664618,5.476229314,5.893863727,6.49760819,7.079553101,7.737286494,0.049030659,0.029493319,0.033608068,0.039121061,0.039500308
2017-03-12T00:30:00Z,92.56620932,103.2073839,115.5071049,143.3364019,126.7848887,5.69081866,5.755567469,6.740752005,7.317436483,8.139221638,0.052145602,0.044763826,0.038547761,0.049010378,0.031955492
2017-03-12T00:40:00Z,96.63515448,112.517251,114.3859387,114.2767951,132.3504364,5.58566128,5.819553294,6.896240018,7.176623052,7.884786838,0.054364404,0.054809106,0.028923902,0.03476257,0.043794249
2017-03-12T00:50:00Z,94.73525449,95.3314297,112.4126148,112.4612022,125.9524485,5.323492768,5.591288959,6.623206435,7.167846161,7.931800099,0.052714826,0.042419987,0.042861696,0.05318795,0.042061944
2017-03-12T01:00:00Z,89.97449378,100.6708946,112.2529218,103.1094854,142.704646,5.124772414,5.618407312,6.413039968,6.798465255,7.548641255,0.042121099,0.036255751,0.040249055,0.033799186,0.027403239
2017-03-12T01:10:00Z,93.88515983,99.43056444,118.0364799,118.942354,33.51229621,5.319950956,5.670449603,6.398551753,6.913343839,7.552585844,0.04804367,0.026227893,0.029747869,0.023045579,0.024740166
2017-03-12T01:20:00Z,92.72883307,101.4379794,112.0929294,118.6590078,108.7581902,5.217996491,6.069651271,6.651373847,6.910809354,7.978441074,0.031411467,0.032465304,0.027272163,0.043527256,0.047005679
2017-03-12T01:30:00Z,99.60705046,104.5219177,114.3778153,112.7212419,121.6278767,5.785073868,6.186674371,6.536294242,7.114675143,8.024090075,0.035043367,0.042778528,0.024178421,0.042373939,0.035089506
2017-03-12T01:40:00Z,102.3475454,105.992086,108.6755583,118.9430893,118.7792105,5.724710205,6.114529862,6.79313063,7.254060847,8.282281362,0.044794592,0.040111922,0.038980543,0.033405418,0.032806381
2017-03-12T01:50:00Z,96.94131681,100.7715702,115.8590921,123.4887873,125.0396031,5.706348111,6.193394158,6.818061811,7.013503358,8.067237268,0.038867018,0.028563724,0.026977943,0.029388615,0.0302153
2017-03-12T02:00:00Z,96.64779947,103.0612009,109.4448385,114.9545389,121.8222709,6.21030581,6.450809901,7.356611568,7.289616201,8.636310585,0.05825572,0.048862473,0.042973283,0.038650763,0.027306364
2017-03-12T02:10:00Z,96.42243603,105.8219328,120.3088283,127.2524129,127.1607799,6.382040158,7.144304086,7.897137242,8.176645813,9.060016266,0.060451795,0.035113711,0.023771269,0.035735784,0.032157794
2017-03-12T02:20:00Z,100.6504415,106.9196062,119.3158114,128.3100491,120.9499649,6.156943079,6.739329895,7.805670459,8.136045914,9.170649154,0.043536794,0.040936276,0.028132288,0.038645558,0.028587859
2017-03-12T02:30:00Z,100.4241043,98.45797458,111.757869,126.7884881,130.4288538,5.809924435,7.364920621,8.265308334,8.579895818,9.244360126,0.052235488,0.040860739,0.041903961,0.030426351,0.023414824
2017-03-12T02:40:00Z,114.8816162,107.4008818,118.135834,121.999578,126.1291012,6.559101621,7.515371575,8.492954522,8.35150338,9.164637354,0.064019498,0.048152185,0.043710986,0.053297068,0.045763846
2017-03-12T02:50:00Z,107.0233869,110.6339797,107.3348187,122.4687037,120.4383181,6.823790405,7.459561391,8.487379315,8.996850633,9.002203603,0.037328674,0.039398873,0.032550578,0.034929326,0.042313229
2017-03-12T03:00:00Z,103.3217323,108.3609169,116.6911939,124.4665225,131.9223172,6.518670134,7.074347052,8.02274615,8.963553353,9.041563769,0.04735551,0.03322079,0.033480642,0.039508385,0.029643424
2017-03-12T03:10:00Z,107.1322409,111.4307973,109.0771548,115.9816845,114.4633711,6.352784039,7.21532954,8.086565385,8.952131369,9.071096561,0.038088692,0.041119961,0.030110592,0.034204697,0.045792364
2017-03-12T03:20:00Z,104.599724,110.1186767,107.5467215,117.6194858,109.7572574,6.926996684,7.562262392,8.444470798,8.956000705,9.415731081,0.060386256,0.055209333,0.039658159,0.034947328,0.0256936
2017-03-12T03:30:00Z,107.2719377,109.2752026,109.8862309,114.0785926,122.2006669,6.495993498,7.281484695,8.183421565,9.094397654,9.413927709,0.073784609,0.064907324,0.032415555,0.056509249,0.037412139
2017-03-12T03:40:00Z,117.4087684,113.6990426,107.8253621,120.1431528,129.9198315,6.555970258,7.61815308,8.630973428,9.283780128,9.553104748,0.071398313,0.051739011,0.045854155,0.062189554,0.033023212
2017-03-12T03:50:00Z,107.178173,114.2870626,118.4157091,122.4049475,122.5362452,6.785770073,7.693344408,8.079566181,9.108848698,9.139427586,0.084269786,0.069774361,0.079311764,0.070561996,0.091477998
2017-03-12T04:00:00Z,122.7926319,116.5880187,124.9719621,115.945995,121.8401533,6.78822995,7.266400447,7.996478608,9.072996975,9.633814792,0.095353797,0.064866534,0.074989738,0.071983586,0.070131968
2017-03-12T04:10:00Z,111.2938994,113.7781284,112.1012436,127.6289041,123.8412629,7.214752866,7.648054209,8.611407192,8.878432866,9.532097114,0.093971482,0.065255219,0.087276799,0.071682172,0.054649801
2017-03-12T04:20:00Z,109.5846218,109.7803118,120.2208279,119.7225881,130.4518625,7.159707931,7.535159312,7.978747072,8.384070497,9.044287472,0.118053209,0.108219329,0.076285612,0.074954945,0.084658973
2017-03-12T04:30:00Z,121.7262584,121.5139313,117.0137492,127.5554337,120.1074421,6.795476205,7.265830143,7.807371037,8.670003328,9.431326898,0.119831311,0.096928155,0.093806993,0.076777883,0.064160925
2017-03-12T04:40:00Z,113.3508581,120.0470462,112.3916097,119.080117,119.9689261,6.287152211,7.15163783,7.690772782,8.501271916,8.789763912,0.110318221,0.119816897,0.078998678,0.090133558,0.096968001
2017-03-12T04:50:00Z,112.0918016,119.156763,116.9833149,120.8507691,123.0574871,6.403819889,6.932974646,7.549226968,7.799255943,8.243547341,0.083070735,0.067989885,0.096448574,0.093985854,0.098081084
2017-03-12T05:00:00Z,115.8095186,115.9348204,122.1329525,126.581811,124.4703128,6.784961,6.78949026,7.124427081,7.219061307,8.313269256,0.085103025,0.123085338,0.094972581,0.111978036,0.084656748
2017-03-12T05:10:00Z,115.6919678,113.5491461,121.5880134,117.4435435,125.8440533,6.306064395,6.529071645,6.819811356,7.502307827,7.951952227,0.110726897,0.139458121,0.071630062,0.137413326,0.105275336
2017-03-12T05:20:00Z,117.6033334,116.8206262,122.042419,124.1151336,119.2978235,6.101767718,6.61671749,6.639333011,7.353052101,7.736517651,0.118976855,0.075423322,0.107608015,0.112770082,0.089141821
2017-03-12T05:30:00Z,113.1032199,114.1189301,126.344492,123.8424091,127.2798374,5.941313086,6.493549212,6.516034725,7.059845572,7.108279292,0.093470623,0.089203382,0.101505576,0.094852037,0.089379174
2017-03-12T05:40:00Z,111.5346821,118.9407478,123.5953641,120.44672,129.7034188,6.150693742,6.489653083,6.829435477,7.285574307,7.41968058,0.064129325,0.096302561,0.07005216,0.085788586,0.115308011
2017-03-12T05:50:00Z,112.9118031,116.8813811,121.4177639,123.6363781,122.8376866,6.637183432,6.691787835,7.366722528,7.57376411,7.65507921,0.123120373,0.086034137,0.109158383,0.066033719,0.079423093
2017-03-12T06:00:00Z,129.6055938,128.3594423,122.3379131,117.1880267,126.2946422,6.301112637,7.162043604,7.393548484,7.679885035,7.732353335,0.089500477,0.059169334,0.071421243,0.093061244,0.057116321
2017-03-12T06:10:00Z,128.0984112,116.005883,136.4611395,125.8874834,119.4404926,6.767475102,6.875006125,7.245270861,8.041829207,7.946367511,0.107917315,0.111324145,0.093931177,0.137981817,0.075889336
2017-03-12T06:20:00Z,114.1284851,111.1937062,121.1527592,115.9387325,126.2128513,6.906412021,7.09431072,7.305211935,7.678838148,7.960032279,0.123933307,0.106851809,0.098956292,0.101805735,0.043814657
2017-03-12T06:30:00Z,117.2272319,111.811287,126.063598,119.5952615,131.3507791,6.578208684,7.135315741,7.270160619,7.951920282,7.908220836,0.087999125,0.112074266,0.089887673,0.090620898,0.112709818
2017-03-12T06:40:00Z,128.167381,121.3980665,125.8933913,123.8738482,133.2448056,6.861978844,6.657575178,7.024108372,7.709307133,7.612106372,0.105097418,0.13620014,0.066591588,0.086348184,0.116093587
2017-03-12T06:50:00Z,119.3551108,131.869882,124.6263843,132.3378889,121.383436,6.02945438,6.30764478,6.555973505,7.173099029,7.517627175,0.145981697,0.104057862,0.109001885,0.117583255,0.07760062
2017-03-12T07:20:00Z,117.5110256,104.6201757,121.9585287,125.976756,133.4448719,7.10786588,7.022184233,6.779305052,6.980097011,7.267579875,0.077489033,0.067889582,0.141288672,0.121268222,0.105021944
2017-03-12T07:30:00Z,117.8154108,122.8930855,126.5004615,127.0982292,118.8677529,7.180632222,7.020640589,7.190613694,7.243985108,7.764860429,0.145773491,0.155564837,0.163379293,0.131786885,0.090332716
2017-03-12T07:40:00Z,115.5317318,121.8113191,123.3956228,122.3143808,129.0478041,6.873674128,7.212949503,7.164372146,7.617221194,7.496514829,0.116204543,0.12244963,0.123163231,0.132697006,0.110435486
2017-03-12T07:50:00Z,118.6637209,115.3291092,116.5214872,114.572763,132.9388566,6.895722051,6.899189782,7.028381897,6.631406226,7.17045674,0.095527265,0.101392535,0.11153529,0.158287849,0.124213048
2017-03-12T08:00:00Z,119.5484019,108.3090535,121.492598,125.0664362,123.0923606,6.414131463,6.069550022,6.726843909,7.024588363,7.154803632,0.110805901,0.114807766,0.106734261,0.111401269,0.104198384
2017-03-12T08:10:00Z,119.1403886,120.4398118,117.1747502,121.6089609,130.7052867,6.502449718,6.547434032,6.603221095,6.941139828,6.662746963,0.075176246,0.10361494,0.108333913,0.12938517,0.129275827
2017-03-12T08:20:00Z,124.3788438,118.4636001,118.026859,119.574413,113.9691095,6.584665395,6.669566387,6.858559277,7.056305289,7.244002348,0.149569072,0.106044135,0.1152083,0.115718058,0.097213016
2017-03-12T08:30:00Z,122.1197604,116.2715954,116.4746553,123.7981522,118.4788012,6.852870357,7.116466323,7.243150726,7.297172177,7.856146178,0.114177419,0.091963742,0.087737833,0.080130654,0.099886875
2017-03-12T08:40:00Z,118.1640901,115.6980818,119.0883394,119.6153307,125.1516025,6.552542893,6.715502514,7.218289136,7.287626904,7.795246136,0.131266631,0.114445143,0.094446886,0.124837809,0.100341091
2017-03-12T08:50:00Z,122.9042371,125.1085649,119.3828013,129.4021308,120.7008989,6.53026036,6.847579567,7.087888186,6.948856127,7.179439752,0.090053746,0.132541089,0.112188837,0.138641488,0.09908795
2017-03-12T09:00:00Z,127.5334272,122.6819222,119.7802205,136.4096599,138.3449222,6.467426418,6.625124714,6.850222611,6.935248053,7.278861271,0.120269415,0.160478377,0.11151272,0.073207453,0.125057664
2017-03-12T09:10:00Z,116.9598582,124.2979897,120.5097122,127.9282444,137.4623055,6.02209125,6.237950021,6.399938147,7.033499945,7.350492689,0.15275389,0.089929937,0.086822808,0.10660944,0.112329098
2017-03-12T09:20:00Z,119.8321733,118.4994777,123.0970609,132.9796829,138.7407468,5.486414669,5.900086952,6.43947287,7.188863124,7.481292375,0.120405486,0.108869155,0.113146959,0.087771313,0.083492795
2017-03-12T09:30:00Z,112.8509036,126.5676889,127.9335333,134.9631844,133.0922843,5.783940859,5.976664421,6.422174884,7.138029347,7.487925501,0.099392474,0.082375952,0.127542239,0.097072137,0.072758185
2017-03-12T09:40:00Z,124.633229,129.0896202,135.1896842,129.6712539,141.4496413,5.791704305,6.10861581,6.80897486,6.924641117,6.516656105,0.100277614,0.115937472,0.092938031,0.101867014,0.128071828
2017-03-12T09:50:00Z,123.6668651,123.5742416,116.4834122,123.0568344,136.2343718,5.770312814,6.025560411,6.763455584,6.91138745,7.028340359,0.118269494,0.102408693,0.102953488,0.110137745,0.097448454
2017-03-12T10:00:00Z,115.715729,128.8491856,131.6863098,137.7408265,127.8240227,6.233378636,6.318361396,6.784425924,7.154009931,7.217999782,0.146874258,0.108167877,0.117031301,0.115247496,0.078385112
2017-03-12T10:10:00Z,117.1854323,119.2616974,124.5119916,124.8597304,132.9339058,6.377870585,6.709132472,7.178747671,7.312451788,7.091812874,0.122570291,0.078840534,0.099296782,0.112345261,0.08297137
2017-03-12T10:20:00Z,117.4395511,124.0912408,128.0738817,139.2289294,117.1192528,6.616275751,7.013899943,6.848874538,7.116901881,7.176207434,0.09460645,0.0927143,0.117839878,0.112471809,0.078964829
2017-03-12T10:30:00Z,124.4634042,125.5487282,137.882882,133.8178383,132.1457762,6.700336118,6.786624275,6.653869158,6.684922739,6.785911179,0.101069903,0.137247669,0.09962772,0.114705242,0.078269083
2017-03-12T10:40:00Z,124.5639018,134.5155093,131.3345658,147.2843513,143.7014191,6.088422994,6.742650247,6.894688376,6.577269249,6.68025269,0.130465042,0.096593434,0.078134539,0.108380969,0.111318486
2017-03-12T10:50:00Z,140.5335716,128.6359789,137.7370231,84.82150108,124.9886615,5.904493371,6.58681986,6.520075411,6.588273687,6.404003664,0.14715587,0.093725849,0.104875143,0.121690584,0.09049984
2017-03-12T11:00:00Z,121.7350837,131.1901615,125.6637741,130.3685977,134.4866661,6.330737885,6.634173827,6.073339913,6.138482518,5.80943712,0.080727328,0.124681527,0.141226195,0.166699537,0.122863754
2017-03-12T11:10:00Z,126.6485038,134.0084051,130.9825793,137.7758116,134.9250762,6.227245239,6.565824975,6.30441133,6.414818934,6.296770047,0.118693917,0.106274596,0.115482576,0.193043831,0.126427351
2017-03-12T11:20:00Z,130.5457626,131.1296418,147.4522111,139.224355,112.7538044,5.704159449,6.039965655,6.477019951,6.115656448,5.913168267,0.077250273,0.122084902,0.156873138,0.08427393,0.178802997
2017-03-12T11:30:00Z,127.8354577,113.6987134,130.1258178,132.3163829,127.7872494,5.602281976,5.700675463,5.691443018,5.787515608,5.785910634,0.129056347,0.107743714,0.114663811,0.117469574,0.087862274
2017-03-12T11:40:00Z,130.6971641,129.2422421,126.6540496,130.6586767,132.7128018,5.315129139,5.693298591,5.739888574,5.841863542,5.830332007,0.137078142,0.096003219,0.097360533,0.099558293,0.113971026
2017-03-12T11:50:00Z,140.0807217,127.0664468,33.54874196,135.9496185,168.7657351,5.015066436,5.132941507,5.399155399,5.598819919,5.403282238,0.090455311,0.115882682,0.120268111,0.117070542,0.12810529
2017-03-12T12:00:00Z,128.2311083,122.6763605,139.257272,136.6144705,52.09414346,4.927596674,4.874281677,5.06494613,5.135386215,5.569464859,0.085251284,0.115638007,0.120027382,0.097672878,0.077001756
2017-03-12T12:10:00Z,130.4348509,142.2601125,134.7240569,192.133511,163.1569537,4.315111657,4.708464765,4.737160073,5.270003604,5.058887881,0.107844432,0.123525752,0.106820368,0.098840443,0.101015656
2017-03-12T12:20:00Z,121.5226266,112.1742821,142.7794115,144.6447166,143.0399702,4.033242956,3.950145295,4.598146771,4.752378824,4.477023818,0.104166251,0.085515442,0.111867641,0.101883889,0.086932849
2017-03-12T12:30:00Z,49.73517596,91.05953713,144.7587618,141.3785907,137.484595,4.016292381,4.113550935,4.214302534,4.277718698,4.462689232,0.089744884,0.083944345,0.123916645,0.10634121,0.078333167
2017-03-12T12:40:00Z,144.8835598,124.9988558,127.623942,136.005178,135.779067,4.057600679,4.065499199,4.206821778,4.063527771,3.915460974,0.108474564,0.087074209,0.08856928,0.100526726,0.077906569
2017-03-12T12:50:00Z,114.2724709,105.2810029,131.6424327,143.4123699,143.3978714,3.614811803,3.863936654,3.985702348,3.823549088,3.796354309,0.098237147,0.082325721,0.089396021,0.064730492,0.075898744
2017-03-12T13:00:00Z,107.0996373,107.7903049,63.53104822,122.1810071,149.8992525,3.655856941,3.726009829,3.778628225,3.623374012,3.495327139,0.063501104,0.088952985,0.10173563,0.087821618,0.079188421
2017-03-12T13:10:00Z,120.4028085,122.4183929,112.8239433,114.7574043,118.0334031,3.28036883,3.382317754,3.435924344,3.460212368,3.358924555,0.083723162,0.078196791,0.059437515,0.087721477,0.087991044
2017-03-12T13:20:00Z,84.09876161,100.1732532,116.1022589,120.0231639,119.8840932,3.363912661,3.736234033,3.860742024,3.480149267,3.722186925,0.09955347,0.09812768,0.093855599,0.098596825,0.076821328
2017-03-12T13:30:00Z,134.6026201,103.3000418,101.7559138,121.8347302,112.9697186,3.354962794,4.024093324,3.986117357,3.577584505,3.421617355,0.107715788,0.099242902,0.060011986,0.08453711,0.127685509
2017-03-12T13:40:00Z,86.42632683,96.64326318,123.1067775,100.5191473,97.08252328,3.349820854,3.452302744,3.499134034,3.139513173,3.14468636,0.098284709,0.078230741,0.092158413,0.090926598,0.06596514
2017-03-12T13:50:00Z,95.02302201,91.00928627,90.50411937,91.8407701,93.51829039,2.825464111,2.898148859,2.982831891,3.062778766,2.964668334,0.116180013,0.090117648,0.101718898,0.105387257,0.074290047
2017-03-12T14:00:00Z,69.05240447,69.09100073,109.1025072,105.1122809,107.6842487,3.446341019,3.119312743,3.112806135,2.976807818,3.152285361,0.102924731,0.074955757,0.063924435,0.080625892,0.062825572
2017-03-12T14:10:00Z,67.50031068,71.30001375,70.06084157,96.64506976,93.58116681,3.381106435,3.223032921,3.109368982,3.071468883,3.005459891,0.071690534,0.069661077,0.092224655,0.082781185,0.05869673
2017-03-12T14:20:00Z,53.54357839,59.87496381,82.12321584,84.00603527,81.27893671,3.154316289,3.201216537,3.102296263,2.937590498,3.050764544,0.067474819,0.069856637,0.071856505,0.079414109,0.067910112
2017-03-12T14:30:00Z,33.74189848,30.06446935,77.44105429,63.72113644,69.37306733,3.400570577,3.140644538,2.976201411,3.055635834,3.058863927,0.049753594,0.077802657,0.08708882,0.059144369,0.076786546
2017-03-12T14:40:00Z,42.6324404,46.52496598,55.67334651,79.74742556,78.30997291,3.670193934,3.503871834,3.347545464,3.537178702,3.505654859,0.077928093,0.117535193,0.073653241,0.07749254,0.073557805
2017-03-12T14:50:00Z,43.52739464,44.86681907,48.90068482,26.95348059,76.06227675,3.72922737,3.721984543,3.580184492,3.70823701,3.615727974,0.05965301,0.066794544,0.055352212,0.04867903,0.045208644
2017-03-12T15:00:00Z,39.44405048,48.41943523,50.09880919,75.03867772,80.36078214,3.935007208,3.659508249,3.679479538,3.744588162,3.839292671,0.048108604,0.060246102,0.047259583,0.055464743,0.036204836
2017-03-12T15:10:00Z,35.26536966,39.63971726,50.08505735,66.46628268,70.8441507,4.27208741,4.17296463,3.907476915,3.820617686,3.907363324,0.065348525,0.058575337,0.053329737,0.082473733,0.048363675
2017-03-12T15:20:00Z,31.90083498,33.88128727,45.72843209,80.78812365,68.25374046,4.424538157,4.443164812,4.01480985,3.901129692,4.02293966,0.050877692,0.036841806,0.062140605,0.050249176,0.051617862
2017-03-12T15:30:00Z,28.66426049,29.24614066,33.80155477,54.4162809,67.99821894,4.436784134,4.241881983,3.802910246,3.84661834,3.984079425,0.049400129,0.04535935,0.050839126,0.046512244,0.079600339
2017-03-12T15:40:00Z,26.55720527,27.19941326,34.05743194,54.0350161,62.98611708,4.507419045,4.407281569,4.149235896,4.17391055,4.111856817,0.063004054,0.040520481,0.051856827,0.057183075,0.037036723
2017-03-12T15:50:00Z,26.53187632,28.51548447,37.89457304,52.94680328,67.05251442,4.587607498,4.438203567,4.342282322,4.231571109,4.312985512,0.047728679,0.04470605,0.038136559,0.05712662,0.050438932
2017-03-12T16:00:00Z,28.24742331,31.69266138,39.99233854,45.45837798,72.61401068,5.126627712,4.875899495,4.454269963,4.302036386,4.326756788,0.06714325,0.073707849,0.071506446,0.064724624,0.040740478
2017-03-12T16:10:00Z,34.35395927,29.10697314,35.25973573,42.37645228,330.8950114,5.83175664,5.618313626,4.81358164,4.141643098,4.344233557,0.076594021,0.088820441,0.077619299,0.081309688,0.051446415
2017-03-12T16:20:00Z,34.55363599,29.03619613,33.8051583,43.7369812,32.65745607,5.896261177,5.435983979,4.541462713,4.265729188,4.186285253,0.058453459,0.054411133,0.062806801,0.045283834,0.060954396
2017-03-12T16:30:00Z,28.2797079,29.03507915,35.70358419,45.14330249,104.5887779,5.69364362,5.556389583,4.931649778,4.273954274,4.145432593,0.05649704,0.043273066,0.052062634,0.04661997,0.063478117
2017-03-12T16:40:00Z,34.22274623,28.69108354,33.49268638,42.96798857,49.91235699,6.366520994,5.912945862,5.141819331,4.158739716,4.322121516,0.042802205,0.051409497,0.056171737,0.044919363,0.059174409
2017-03-12T16:50:00Z,30.93070728,29.0389083,34.94402788,44.43792316,46.44754553,6.133384804,5.8036287,4.967940636,4.475532637,4.230933761,0.054558645,0.038086892,0.054148126,0.069925581,0.064760338
2017-03-12T17:00:00Z,28.77296514,31.24931118,44.30633368,57.36510566,78.01684967,5.965379272,5.37261156,4.78112928,4.598966932,4.25249946,0.039368547,0.067424772,0.072600657,0.057621551,0.050717477
2017-03-12T17:10:00Z,29.22881699,32.50393286,42.36864661,52.98966026,67.95212062,6.153628445,6.045222332,4.907095402,4.64735176,4.819848026,0.044116129,0.042798561,0.051557411,0.068877238,0.057434259
2017-03-12T17:20:00Z,32.0849382,36.87097662,45.93674917,53.67179111,56.62570524,6.144519661,5.61982551,4.892549767,4.883438486,4.481037098,0.038702414,0.052762242,0.043226625,0.057177689,0.066426247
2017-03-12T17:30:00Z,32.8872775,37.97287319,48.07476837,52.61233425,60.75031055,6.081766179,5.891873664,4.974457835,4.274070822,4.290940279,0.032412279,0.042580174,0.057651181,0.058326635,0.063481743
2017-03-12T17:40:00Z,33.65388061,34.23122554,42.65306919,55.81789014,70.64702183,6.302353468,5.941359736,5.204193896,4.38398369,4.263686676,0.036453455,0.030389037,0.060240718,0.037901928,0.044307999
2017-03-12T17:50:00Z,29.59184638,37.60419991,43.31767925,60.37839702,341.9656336,5.984493855,5.809627867,4.650917451,4.055587823,4.071256361,0.044436859,0.034612831,0.061027425,0.06196419,0.052348767
2017-03-12T18:00:00Z,29.13945505,35.31981264,44.61388504,57.88853255,75.04089517,6.255894936,5.789447261,4.448480227,4.163864043,4.140135144,0.027629711,0.035648117,0.066306079,0.044728034,0.042751373
2017-03-12T18:10:00Z,32.38541038,37.7067334,51.04296809,68.80719178,81.76261235,6.556716454,5.588245308,4.611954038,4.337046874,4.216607587,0.03949495,0.038403861,0.049962898,0.043415277,0.058080253
2017-03-12T18:20:00Z,36.90497876,42.73361607,54.93622354,59.69234618,78.87937701,6.227037863,5.544959916,4.457740025,4.380813702,4.289406047,0.044039087,0.0660233,0.043891679,0.038485928,0.067446621
2017-03-12T18:30:00Z,41.47334114,43.03570119,57.43912358,80.80649207,80.31191565,5.982104712,5.151725727,4.298685435,4.009784413,3.916054811,0.059159223,0.068193883,0.050985498,0.050782018,0.054616995
2017-03-12T18:40:00Z,41.4605469,51.34625253,25.43472068,79.70438767,93.94189943,5.651222784,4.672805729,4.001827073,3.621480231,3.733018952,0.065773136,0.064339225,0.072546127,0.092917191,0.050419628
2017-03-12T18:50:00Z,42.39434025,47.78016931,67.64233178,79.650349,92.82383676,5.47541696,4.257553823,3.816021445,3.478295557,3.422803959,0.044861004,0.065088667,0.052502742,0.052340471,0.048787161
2017-03-12T19:00:00Z,38.06747072,42.97768245,65.23426827,80.91728457,98.63982412,5.740992826,4.693454452,3.67046723,3.339905481,3.308341198,0.0546213,0.057636544,0.050819894,0.069003552,0.060542667
2017-03-12T19:10:00Z,36.62023413,45.75464202,67.17711574,85.58857199,275.0694106,5.617516308,4.381472122,3.534592799,3.191744815,3.121738279,0.045527549,0.061603449,0.073413836,0.067423472,0.066996916
2017-03-12T19:20:00Z,45.28113773,56.30443636,75.92072512,98.027447,295.0167618,4.715420339,3.795369029,3.327856409,3.337243269,3.555515817,0.075419906,0.049663244,0.05366829,0.05063646,0.052473223
2017-03-12T19:30:00Z,43.26210369,39.93155473,77.31851974,101.3342804,293.720955,4.275624366,3.378615271,2.87573721,2.590200226,2.8495098,0.088824522,0.080720018,0.129201857,0.104570829,0.121957383
2017-03-12T19:40:00Z,40.57815076,63.88497475,75.12825815,267.4967703,298.5650537,3.469668591,2.772266675,2.429258189,2.219911298,2.537502974,0.070029771,0.066723812,0.081109623,0.06014952,0.06216125
2017-03-12T19:50:00Z,45.26052923,65.70849327,90.97487174,276.87342,300.604587,3.136415126,2.588185006,2.288038787,2.134932158,2.604341136,0.060967466,0.079194678,0.064940671,0.058964823,0.069649609
2017-03-12T20:00:00Z,45.80304848,302.752926,82.05716765,275.9510315,293.4719542,3.140355976,2.413908332,2.017188481,1.902619046,2.438433027,0.098489309,0.065633087,0.104053268,0.10433649,0.054940273
2017-03-12T20:10:00Z,45.39050642,70.29597622,77.70164351,287.9656444,284.3211393,2.741220037,2.313296281,1.821152662,1.932323207,2.393013642,0.077683418,0.090846155,0.11282676,0.101056878,0.075912994
2017-03-12T20:20:00Z,48.95627788,74.71553435,83.11873784,104.3681576,276.5318739,2.545837542,2.182515205,1.845949209,2.134814519,2.554616554,0.048873202,0.067897217,0.103474751,0.085141224,0.067047586
2017-03-12T20:30:00Z,52.7564726,5.822487115,80.09367519,96.58253804,289.7430534,2.741344567,2.331392196,1.837174145,2.006290723,2.212033321,0.107209015,0.089566004,0.105833478,0.183737186,0.183312803
2017-03-12T20:40:00Z,43.49172444,72.60029058,74.8525631,81.07152243,103.7042712,2.557290546,2.257432507,1.681067758,1.530206392,1.75540933,0.118360049,0.086719409,0.137223579,0.08243069,0.093866232
2017-03-12T20:50:00Z,46.6498853,88.26916023,80.33645857,97.71919502,269.5571042,2.237045519,1.925165294,1.459711103,1.570472823,1.863719597,0.085343245,0.083224636,0.096296761,0.121381364,0.084419828
2017-03-12T21:00:00Z,46.09751467,53.35090086,75.88933082,101.9812671,286.3556696,2.478511833,2.138709861,1.462490631,1.681728911,1.92041876,0.082851545,0.05178857,0.067737239,0.253915698,0.099140267
2017-03-12T21:10:00Z,42.1896844,49.93395344,75.89998053,84.69018608,99.36110846,2.411241563,2.215350667,1.402780451,1.319277196,1.624555742,0.063491726,0.067621832,0.108476385,0.093931833,0.101000388
2017-03-12T21:20:00Z,44.47587451,52.18263097,60.5173596,80.26201271,93.92628662,2.636188318,2.146008617,1.614345906,1.379183128,1.592694333,0.084663698,0.048531254,0.105832495,0.123586522,0.084047816
2017-03-12T21:30:00Z,45.49708392,48.26634789,53.80671784,86.47326348,95.90884576,3.120806704,2.575543862,1.748181151,1.671128487,1.680183545,0.070749027,0.075393208,0.117379329,0.09998034,0.108223737
2017-03-12T21:40:00Z,47.5954129,38.96836218,51.92129812,54.60815479,82.59207312,3.549277688,2.810958275,2.14029102,1.758512283,1.756700154,0.087085364,0.072880527,0.05390329,0.055084849,0.058722846
2017-03-12T21:50:00Z,52.0718719,44.00173049,51.26982561,58.66720824,93.59690126,3.637666868,3.149227476,2.458623632,2.143019608,1.889743461,0.105405584,0.091996019,0.074813849,0.11141022,0.067372233
2017-03-12T22:00:00Z,68.17010107,60.6870625,47.4122172,46.87344966,53.11351821,4.787586757,4.261967425,3.25445283,2.774384589,2.309094537,0.149299351,0.148839838,0.108186611,0.116351866,0.105960602
2017-03-12T22:10:00Z,77.80819137,98.75272473,56.15256447,42.66753376,30.10745189,4.541795156,4.312795393,3.539287567,2.971527752,2.679570927,0.08345715,0.091872011,0.083611378,0.077121248,0.05529995
2017-03-12T22:20:00Z,75.80348732,78.33068618,50.80566318,44.88390975,33.77228774,3.883421426,3.74503479,3.394322602,3.098289027,2.609315831,0.049237729,0.042164971,0.060236659,0.079078306,0.051612825
2017-03-12T22:30:00Z,73.84480196,71.28981384,350.4959272,44.1180748,31.37281348,3.271990412,3.423652408,3.314713905,2.984664002,2.756156934,0.084978677,0.073648382,0.07127256,0.061780321,0.055133677
2017-03-12T22:40:00Z,59.73031619,58.97806203,57.28540889,35.29804951,30.83648391,2.711880185,2.994900953,2.838183321,2.799107469,2.646605032,0.069861627,0.055586215,0.091980973,0.065322606,0.04846651
2017-03-12T22:50:00Z,60.37932022,57.08275289,54.33389258,56.53214528,55.25307268,2.768445836,2.783200134,2.972714441,2.902037753,2.798689498,0.072482321,0.07548834,0.044601568,0.045009248,0.067929601
2017-03-12T23:00:00Z,52.81916697,63.8111982,57.62830944,340.8152247,25.81354787,3.047221128,2.92410447,2.688094311,2.723211045,2.546569402,0.102658464,0.109225549,0.061695014,0.037200536,0.075367518
2017-03-12T23:10:00Z,64.79400448,66.33185524,63.15228669,51.78290446,281.6070854,3.011093598,2.96268979,2.822837577,2.687672987,2.659231237,0.108496438,0.076451051,0.058010823,0.064824457,0.053136009
2017-03-12T23:20:00Z,61.75902128,74.60398973,72.14654581,315.5695427,37.1061414,3.028215177,2.903038745,2.713036951,2.5125277,2.513605773,0.232039093,0.101361674,0.092188091,0.067980232,0.060478452
2017-03-12T23:30:00Z,261.9582124,279.2049994,73.30505299,67.18870119,55.93328202,2.795500378,2.673489526,2.586254906,2.513649358,2.453935803,0.214221333,0.138052642,0.085699052,0.053347649,0.0689176
2017-03-12T23:40:00Z,284.6339396,259.3950648,252.3246777,239.2219689,61.57993009,2.428627649,2.23260494,1.992197594,2.1146661,2.257232008,0.227481934,0.168849137,0.191169935,0.127645446,0.110901198
2017-03-12T23:50:00Z,338.4104835,354.0154471,57.86454263,261.567352,267.712007,2.47811846,2.015813322,1.717009205,1.961292579,1.718636026,0.160175924,0.146704841,0.126218674,0.138005718,0.104506687