LOCATION: 
SYSTEM SERIAL: HKZMAST
TIMESTAMP (ISO-8601) UTC,WindDir030m deg,WindDir040m deg,WindDir060m deg,WindDir080m deg,WindDir100m deg,WindSpeed030mh m/s,WindSpeed040mh m/s,WindSpeed060mh m/s,WindSpeed080mh m/s,WindSpeed100mh m/s,TI 030m,TI 040m,TI 060m,TI 080m,TI 100m
2017-08-23T00:00:00Z,110.5425708,125.2186802,113.7532374,125.036358,125.8935308,9.715521915,10.34516244,10.63913882,11.49090893,11.00783497,0.145429847,0.117282948,0.166867411,0.161581763,0.13690009
2017-08-23T00:10:00Z,119.5085201,121.5345955,118.8394144,115.9874811,123.7417107,10.51786074,10.44698021,10.56602993,10.84310739,11.38174979,0.1335928,0.126922755,0.147247197,0.195640954,0.142711425
2017-08-23T00:20:00Z,118.607796,120.2694661,124.9960344,116.9272562,121.0489279,9.956007904,9.722661716,10.47998052,10.54040082,10.90105512,0.142125816,0.141814601,0.132342965,0.177540426,0.147144836
2017-08-23T00:30:00Z,117.9631039,112.5450647,118.2256998,121.1846857,118.8641212,9.588730386,9.29863671,10.13950391,10.54731834,9.666343456,0.147082123,0.173128474,0.105054145,0.130742877,0.159216819
2017-08-23T00:40:00Z,121.4092716,123.7528666,124.3610894,116.9427294,119.8441724,9.480403921,10.11440468,10.06138661,10.18635285,10.65464517,0.155747249,0.15259275,0.154397213,0.156574685,0.120654791
2017-08-23T00:50:00Z,121.110054,124.2531631,132.1086179,117.494154,122.3180865,9.806468873,9.441850243,9.802954923,9.757975636,10.55479291,0.135118194,0.142717059,0.191074952,0.148762329,0.165557608
2017-08-23T01:00:00Z,122.8477175,121.8413995,122.6305434,121.0195605,132.6776508,10.51144288,9.785457314,9.867755004,9.829446192,10.2732792,0.133982539,0.135353444,0.121176048,0.145868114,0.141851069
2017-08-23T01:10:00Z,124.9760892,114.6546227,127.8574256,116.9612345,142.9171547,10.17020998,10.48194877,10.40031844,9.71699872,10.69559031,0.144093123,0.126558677,0.102192624,0.108744569,0.119327659
2017-08-23T01:20:00Z,114.506734,114.8811668,115.24456,127.9890187,121.0415741,9.064199877,9.790169542,10.08078689,10.1274518,10.14313397,0.123527106,0.122357717,0.141724717,0.098116715,0.143787955
2017-08-23T01:30:00Z,121.5969883,123.9003352,113.8155866,125.2663059,127.0604379,10.07460732,10.18601761,10.06189449,9.85231389,9.996834555,0.130239379,0.180647987,0.106867539,0.136217203,0.147222062
2017-08-23T01:40:00Z,121.3967294,122.3600892,114.7645586,126.1477506,126.1367344,9.558647595,9.467374869,9.598470604,10.10165685,10.43537388,0.159847898,0.145328175,0.086101273,0.104728661,0.085983976
2017-08-23T01:50:00Z,114.06027,117.201622,122.1549183,117.3762442,122.5811121,9.771748115,9.493621997,10.06692017,10.36731824,11.14937977,0.101056605,0.116205107,0.106661034,0.10552361,0.102629996
2017-08-23T02:00:00Z,127.9081167,113.03309,131.7747472,129.7346775,128.7014518,9.977729717,9.945153101,10.29110647,10.55985611,10.81276577,0.129796061,0.130955722,0.158883607,0.134926208,0.105022137
2017-08-23T02:10:00Z,115.6989695,123.7089327,120.8621181,122.900205,125.6936193,9.525611279,9.473528658,9.636643695,10.27818767,10.62344031,0.115589463,0.136113917,0.070586932,0.124065217,0.115470592
2017-08-23T02:20:00Z,121.7870034,113.7410909,123.4468829,116.5368531,118.7808865,9.510823607,9.560198198,9.618359861,10.72813752,10.46767886,0.130165473,0.110891327,0.143372957,0.114410753,0.166106902
2017-08-23T02:30:00Z,116.0177777,124.0559576,112.6487925,118.1351464,109.5951438,9.565988792,10.41244415,10.79853916,10.35749797,10.79240082,0.099935567,0.08403087,0.109074736,0.104741706,0.111199806
2017-08-23T02:40:00Z,115.4737525,115.4268035,121.1590779,116.4457154,124.7190594,9.907947015,10.19979822,10.1802658,11.35934243,11.56099015,0.121686725,0.117631678,0.113759288,0.093109352,0.111491502
2017-08-23T02:50:00Z,126.1869348,125.336325,120.6543212,124.0419996,115.767971,9.721840108,9.936438689,10.25232388,10.21271854,10.30928333,0.115071269,0.098501632,0.095057412,0.104896886,0.095919938
2017-08-23T03:00:00Z,116.8457357,124.6774013,118.2246452,119.6680542,121.5644556,9.845716828,10.04503704,10.2647826,10.66152135,10.96631839,0.116825672,0.111180758,0.135636576,0.108818931,0.098672403
2017-08-23T03:10:00Z,124.8614161,131.5382775,126.6210218,125.2648406,124.9725847,9.272556451,9.759792821,10.40767256,10.58476155,11.04757935,0.117438301,0.129213325,0.127928634,0.126876385,0.11677557
2017-08-23T03:20:00Z,117.0297243,122.2986536,119.8997472,121.5669803,124.6869305,9.759911696,9.719050898,10.01185648,10.45552724,10.94737093,0.105581393,0.124866382,0.084740436,0.078235957,0.081955305
2017-08-23T03:30:00Z,121.8787534,127.4718732,118.340678,124.2509003,131.8058177,8.884037252,9.355997906,9.221968301,9.791737895,10.47769676,0.138110402,0.122868219,0.104829086,0.106917525,0.132346292
2017-08-23T03:40:00Z,119.158326,129.0733275,120.6340381,127.1010854,125.371573,9.849395887,9.446963156,10.12250302,9.662606421,10.52312041,0.126932705,0.111994768,0.154289447,0.083164788,0.095889763
2017-08-23T03:50:00Z,127.522254,120.6769714,131.7168256,125.8891141,121.9012477,9.854294198,9.993006061,9.922619271,10.5523848,10.74794156,0.137879945,0.111137953,0.120131865,0.130841257,0.090136329
2017-08-23T04:00:00Z,118.1647172,124.6971867,128.4952531,124.8311934,121.0594439,10.21333616,10.12917228,10.29601775,10.51703164,10.71273635,0.117819915,0.127790449,0.1337489,0.117083357,0.173086375
2017-08-23T04:10:00Z,120.0353506,115.4936742,116.0980104,121.2253997,130.1080948,9.613116566,10.10344612,10.89113603,11.09720291,11.19694715,0.135958739,0.111783903,0.139429558,0.131956363,0.128100705
2017-08-23T04:20:00Z,126.5555214,105.6933692,116.7076446,115.869701,124.3755948,9.167130757,9.492152094,9.615631765,10.31532576,10.5656899,0.126315594,0.132669386,0.12115437,0.121395253,0.100566972
2017-08-23T04:30:00Z,134.2720405,120.0404919,126.7927837,119.9966321,122.8865264,8.804317149,9.028460593,9.66868545,9.573626699,9.854398935,0.124676672,0.115072416,0.113026667,0.157333494,0.095502786
2017-08-23T04:40:00Z,129.3695472,121.4154163,124.9153671,127.9968823,118.1913274,8.723421413,9.322355829,9.075249214,9.150351543,9.702746116,0.107744036,0.140428189,0.123909206,0.123792187,0.102755743
2017-08-23T04:50:00Z,129.9491622,123.8552778,130.120055,127.7060098,126.0692264,8.99945381,8.906381553,8.869743696,9.018129084,9.477025641,0.176621938,0.132575067,0.115345024,0.152321231,0.185549943
2017-08-23T05:00:00Z,135.4042847,132.4311137,121.4507867,130.7873921,133.131358,9.359596455,9.065504979,9.200632675,9.354871043,9.397087241,0.110209864,0.166606962,0.154237721,0.092308853,0.166683032
2017-08-23T05:10:00Z,128.4861359,125.8156123,122.6143464,123.922619,130.6752289,9.272421319,9.254826459,9.16042253,9.066089914,8.95878459,0.130604912,0.130763902,0.109806315,0.119771686,0.154383964
2017-08-23T05:20:00Z,122.1064753,125.2583311,132.6456774,133.9243292,138.2350557,8.565095105,8.95474059,9.431450855,8.904399371,9.228160108,0.095279737,0.104064241,0.095944963,0.102635581,0.108752305
2017-08-23T05:30:00Z,121.0531712,120.216628,127.6154389,129.8562053,121.6499842,9.167705505,9.215553982,9.542024682,9.362259725,9.499892123,0.113794342,0.143781916,0.12198955,0.130028614,0.082593683
2017-08-23T05:40:00Z,121.1253138,117.4804276,123.3085709,125.0675957,127.8062097,9.024033919,8.444790898,8.76486979,9.105041358,8.971952601,0.11027979,0.144561165,0.158153752,0.11306478,0.107030726
2017-08-23T05:50:00Z,122.8401841,123.8861124,132.6584995,120.6135235,128.9040428,9.653043046,8.797263952,8.905058269,9.237434942,9.220068306,0.131405643,0.14077038,0.132661262,0.141165779,0.097825839
2017-08-23T06:00:00Z,133.1176669,139.3684339,128.3136086,124.1632651,125.5565945,8.48044258,8.113842663,8.498190023,8.725267832,8.739462956,0.110038181,0.113582305,0.144077918,0.115082008,0.166463834
2017-08-23T06:10:00Z,117.8766812,128.7616065,133.4675305,124.4091428,127.470372,8.576872454,8.950007547,8.692432925,8.847350553,8.749426829,0.126983799,0.126504605,0.114133484,0.10572071,0.105970569
2017-08-23T06:20:00Z,121.2138375,118.5380528,122.4373867,117.5190463,125.5390642,8.693497035,8.636966653,8.487111504,8.953620864,8.902933849,0.14235863,0.121460807,0.116193046,0.139724506,0.121877321
2017-08-23T06:30:00Z,124.8558862,121.7022673,129.6325788,121.1667339,135.053173,8.989293401,9.246938412,9.297441122,8.700584772,9.122446855,0.144896171,0.154130388,0.120587367,0.154768052,0.131765253
2017-08-23T06:50:00Z,120.3136826,121.9716072,124.4984743,125.7805951,129.0130086,8.86713803,8.759213203,9.155827044,8.74829839,9.531304619,0.129137494,0.115420959,0.094393544,0.103644675,0.094504535
2017-08-23T07:00:00Z,117.5949567,123.5902243,125.9091885,122.5780113,115.6232468,7.718687995,7.995464897,7.636698322,8.217735892,8.402287894,0.126693519,0.142559959,0.143722478,0.10922163,0.143602108
2017-08-23T07:10:00Z,121.1468436,122.0545659,130.7174897,126.9365553,121.2856149,8.109286747,8.634677476,8.540187595,8.428707542,8.514227873,0.180297043,0.142032656,0.175900117,0.128021932,0.14127656
2017-08-23T07:20:00Z,124.038083,127.0956363,134.6968106,127.7950419,131.9968455,8.044999171,8.428594823,7.923766389,7.701853127,8.206628124,0.174045941,0.131892023,0.115574001,0.165241492,0.167232493
2017-08-23T07:30:00Z,134.0894765,131.6094255,128.9571563,137.3899248,127.4154853,9.070821954,8.791475738,8.705992655,8.637116222,8.760134315,0.134338654,0.143033336,0.116498789,0.139260112,0.115556479
2017-08-23T07:40:00Z,132.3408234,131.1076298,127.4120658,130.8057132,133.5200937,8.744838876,9.226776204,9.114112705,8.649092593,8.419978083,0.14178448,0.1077766,0.125800215,0.120148141,0.114922118
2017-08-23T07:50:00Z,120.1033462,133.3355542,120.459928,119.2202781,138.364245,8.492572022,8.492085889,8.758088989,8.388003427,8.664692886,0.107028429,0.113304052,0.126415197,0.128444872,0.160665255
2017-08-23T08:00:00Z,133.554105,138.5402101,123.4057325,128.3952857,121.7535443,8.639504412,8.475756385,8.139781338,8.311723804,8.671713703,0.14642173,0.144554021,0.138666174,0.103490445,0.141216598
2017-08-23T08:10:00Z,110.5073871,130.8699829,121.2584361,122.9571502,124.1091654,8.044751107,8.579009242,8.088532317,8.124709068,8.204845504,0.123503011,0.091624156,0.181558408,0.105738929,0.11082163
2017-08-23T08:20:00Z,117.45413,116.9358676,118.2895678,126.598051,133.5484913,8.154432569,8.603785276,8.514281123,8.368892871,8.012239896,0.128606417,0.171088816,0.139940982,0.091102006,0.118835913
2017-08-23T08:30:00Z,130.5369785,114.1110304,125.5824037,120.2008728,123.0736558,7.812657635,7.246266399,7.610411775,7.416377633,8.301556477,0.113941176,0.190086389,0.144713172,0.10888305,0.148340243
2017-08-23T08:50:00Z,116.6845112,118.009665,115.7565439,122.0884921,117.6263019,7.227915036,7.136320186,6.777066615,6.929939592,6.801674561,0.086892863,0.107722253,0.141307426,0.113245109,0.11280124
2017-08-23T09:00:00Z,125.5574185,121.9890476,122.0805837,122.9098674,131.7677324,6.912216115,6.650156857,6.995329495,6.915240769,7.035045149,0.11011111,0.114611859,0.135767766,0.114087314,0.128991703
2017-08-23T09:10:00Z,127.6462008,122.1846881,119.7827924,128.6723316,124.282939,7.215436257,7.094609707,7.313140705,7.090300745,7.508909136,0.110437131,0.098384578,0.128506926,0.134624871,0.129032915
2017-08-23T09:20:00Z,129.006031,115.3043493,131.4716436,125.176888,131.8140039,7.399472581,7.351384088,7.479338432,7.203935361,7.159681879,0.1190301,0.116039958,0.118397479,0.124137571,0.165064651
2017-08-23T09:30:00Z,131.8952918,116.9111539,125.5539823,120.8416163,132.2141575,6.889835016,6.870216703,6.78395072,6.564243212,6.937166244,0.099257181,0.128128824,0.107615839,0.08556947,0.110530295
2017-08-23T09:40:00Z,124.231223,124.4383046,134.5369789,126.2587046,130.360946,6.434564989,6.24968911,6.279596169,6.35605386,6.667699144,0.119863456,0.161057043,0.120267932,0.165970765,0.123755766
2017-08-23T09:50:00Z,129.3308665,123.9729756,121.5016867,120.2465496,136.5211413,6.505312086,6.467541702,6.492080146,6.679042134,6.581960947,0.133311523,0.131552094,0.115907397,0.156688131,0.145817965
2017-08-23T10:00:00Z,119.3583791,124.4904717,133.1286501,123.0908609,131.7070898,6.33561086,6.700225988,6.349040416,6.382669192,6.188133775,0.084782925,0.083611444,0.108846624,0.097589997,0.095445897
2017-08-23T10:10:00Z,130.2843268,124.3208291,120.7323392,125.8604397,132.1187164,6.325106159,6.326728378,6.587779501,6.389818601,6.952455852,0.141551149,0.101678215,0.182382671,0.168636016,0.146132661
2017-08-23T10:20:00Z,122.9411262,124.7702464,119.8256824,126.0743005,117.5692075,6.115979941,6.117603075,6.35742781,6.303324494,6.622509562,0.143783698,0.122575065,0.149019438,0.133446509,0.098347384
2017-08-23T10:30:00Z,120.119129,115.9668447,124.8990484,118.3023053,131.7771042,6.177666828,6.302890475,6.402849201,6.880994787,7.04600593,0.121912805,0.148724777,0.130391087,0.15777242,0.10605469
2017-08-23T10:40:00Z,111.0356052,123.2331431,124.0769502,128.771998,123.5089897,6.217977268,6.594401484,6.993823922,7.421464946,7.515360327,0.102358158,0.134236541,0.132703869,0.117343021,0.10702715
2017-08-23T10:50:00Z,124.5565049,121.3018393,126.8294553,129.9473591,127.3176209,6.394407448,6.616150497,6.787213599,7.428752775,7.723103635,0.124655714,0.119875359,0.114132186,0.107539961,0.117081821
2017-08-23T11:00:00Z,107.577344,112.1000394,122.1288749,135.6509193,130.042214,6.076045936,6.252276109,7.116975092,7.864321733,7.922571724,0.100056355,0.109716533,0.100681327,0.080168775,0.09407576
2017-08-23T11:10:00Z,117.4586344,125.3342032,123.5726041,127.2574616,126.7378646,6.443697702,6.683468271,7.224916534,8.039000389,8.157018204,0.168141001,0.144409496,0.108373347,0.093118123,0.130490481
2017-08-23T11:20:00Z,119.4974795,132.7629957,129.9219629,132.6025076,133.0855725,6.553123956,7.00806157,7.403430871,7.972520957,7.792362315,0.078306996,0.138350742,0.114020938,0.082405586,0.105787182
2017-08-23T11:30:00Z,124.898293,130.1275534,134.0112973,136.478688,136.8724141,6.263994227,6.738652989,7.871502322,8.377285599,8.189712942,0.132269734,0.1686187,0.140833347,0.125864398,0.100934727
2017-08-23T11:40:00Z,134.2732922,124.6522415,127.8093621,131.8677128,128.2726275,6.909835102,7.267521365,7.508148237,8.357348949,7.836950691,0.092120933,0.080438786,0.170917108,0.092290468,0.117915759
2017-08-23T11:50:00Z,124.0728023,139.542614,140.6863449,132.6920775,134.2065203,6.644622234,7.24555935,7.874672017,8.179515427,8.234743319,0.11550537,0.105452682,0.104254705,0.102031786,0.114963025
2017-08-23T12:00:00Z,122.2939042,125.0953222,133.2966317,138.6136605,124.0484014,7.228314206,7.864578834,8.339960613,7.877063941,7.731850826,0.122394861,0.0874549,0.117204758,0.133476223,0.122159586
2017-08-23T12:10:00Z,126.6345891,130.3408811,130.8163727,138.1168174,130.4400833,7.078736196,7.472321831,7.745839806,7.930530147,7.374562891,0.093893428,0.114759899,0.104680299,0.093821664,0.143794999
2017-08-23T12:20:00Z,126.5319809,121.8980349,130.6596166,118.9920211,132.3342898,7.007461365,7.63604193,7.567809442,7.398127089,7.556771632,0.097744316,0.141055367,0.084663422,0.094004293,0.090268255
2017-08-23T12:30:00Z,120.7738555,114.0993213,131.4301749,129.1707268,129.59691,6.5534441,7.143194652,7.273127664,7.077581878,7.188492656,0.081259446,0.079787073,0.09766448,0.123318956,0.07132334
2017-08-23T12:40:00Z,131.1236617,133.1357313,122.4241072,121.286963,125.2991977,6.127800391,6.82088229,6.701655073,6.771939684,6.584198487,0.092379497,0.123778698,0.090097526,0.094862854,0.064942608
2017-08-23T12:50:00Z,122.8187279,117.8842703,124.3893343,117.5244551,127.0901864,6.493835039,7.117354328,7.271540528,7.043412587,7.352956902,0.089077456,0.080440207,0.072391691,0.090015746,0.065277198
2017-08-23T13:00:00Z,120.5935538,126.9585977,127.1983358,126.297653,131.5060517,7.052779059,6.682766525,7.015172426,7.416768157,7.54526559,0.093612559,0.106747684,0.060780632,0.074026834,0.067184562
2017-08-23T13:10:00Z,129.8953845,132.691995,134.6119049,136.6257473,139.8648695,6.40060285,6.617595242,6.618072216,6.95134907,7.123678123,0.076390693,0.058643781,0.080912067,0.069609044,0.071367038
2017-08-23T13:20:00Z,125.9779019,136.6701389,133.744757,144.2781424,138.9037866,6.079718516,6.390862224,6.85047348,7.526188844,7.714736083,0.048966944,0.058384105,0.058076359,0.048902502,0.065416435
2017-08-23T13:30:00Z,131.0562314,139.3069968,148.2281886,141.9721735,148.4054482,5.983608032,6.612461587,7.64784008,8.141301407,7.907681832,0.065754981,0.101908097,0.07925982,0.082960692,0.07274716
2017-08-23T13:40:00Z,136.1740162,142.1959699,134.6054933,143.8043323,147.7527847,5.644574795,5.956666759,6.988256186,7.495063373,7.178212619,0.08520607,0.08138964,0.094378797,0.067897559,0.067388135
2017-08-23T13:50:00Z,133.608409,136.9036393,153.2260781,148.0459185,149.4182519,5.409574642,6.204660941,6.528712301,6.378695561,6.560882919,0.105819289,0.071719408,0.062073534,0.059850465,0.082017727
2017-08-23T14:00:00Z,142.6627947,158.2403792,148.6447385,143.5937539,152.7260634,6.287353676,6.147612075,6.22371829,6.509901651,6.897432041,0.104487703,0.06940267,0.093342496,0.045266276,0.076633519
2017-08-23T14:10:00Z,137.0780565,148.1818218,141.6558794,160.4124201,158.5387046,5.083875351,5.407929655,5.899251685,6.289422892,6.696773734,0.088049934,0.076345299,0.070322721,0.090809239,0.060824437
2017-08-23T14:20:00Z,132.0880855,149.4449089,148.7456848,159.5675577,144.3738594,5.558821167,5.880908748,6.105456929,6.85964396,6.86232672,0.069871819,0.061965705,0.073749908,0.076165311,0.073320419
2017-08-23T14:30:00Z,142.8917856,148.0597289,134.1777635,141.9679976,150.2439519,6.101304768,6.407849791,6.915739942,7.13011391,7.194517999,0.100679736,0.102806065,0.062857743,0.05356235,0.057853105
2017-08-23T14:40:00Z,146.1034389,149.5481581,133.5236416,149.9574764,137.6679654,5.860947392,6.625796682,6.696903791,6.658491161,6.908652938,0.065402759,0.057012416,0.065749776,0.051259964,0.064992263
2017-08-23T14:50:00Z,142.6453368,144.8760679,150.8150126,152.0294111,147.5673199,6.174844429,6.645126831,6.873392728,7.472598336,7.015931647,0.049159537,0.059512632,0.074359726,0.055486816,0.053263041
2017-08-23T15:00:00Z,129.7688953,140.6182666,134.7798065,147.1491234,149.1898648,5.766171055,6.529152636,7.161237977,7.165483661,7.352069651,0.095741165,0.052491944,0.037104968,0.041920765,0.045785706
2017-08-23T15:10:00Z,142.2260215,148.0748094,148.0829793,138.6408107,167.4866246,6.464030446,7.045623427,6.925969763,7.072815064,7.01379261,0.058257164,0.044597269,0.057616373,0.054911976,0.044689893
2017-08-23T15:20:00Z,142.692757,146.5872839,150.5218719,156.1190747,150.382016,6.116596769,6.606515044,7.03374116,7.732574199,7.862471004,0.040915704,0.062914305,0.052345128,0.052920998,0.05068663
2017-08-23T15:30:00Z,137.4393265,150.1676184,159.5941871,157.4026694,154.4974858,6.218884549,6.442944149,7.278240435,7.627692874,7.905552391,0.066497414,0.076262036,0.051538304,0.043865002,0.069801041
2017-08-23T15:40:00Z,144.2807695,140.8011991,147.6494943,166.2013871,155.7563356,5.399007638,6.183074577,7.100539285,7.540415943,7.779205988,0.068683777,0.082052676,0.082152943,0.057325886,0.051806949
2017-08-23T15:50:00Z,167.1465311,165.4348714,149.4646776,163.1054921,172.7394647,4.938860529,5.715128665,6.60183097,7.573236962,7.601956502,0.08351801,0.061393598,0.054548494,0.045260158,0.054385143
2017-08-23T16:00:00Z,148.4118225,153.6525936,162.1848947,157.7826064,170.5527601,5.01327866,5.600195182,6.50858226,7.452074316,7.538373762,0.059297067,0.071478552,0.059632132,0.057304551,0.059450696
2017-08-23T16:10:00Z,156.9405783,156.9829888,170.189642,162.9461822,161.9026674,5.383885787,6.076859806,6.602502393,7.505210271,7.274895136,0.091314685,0.076263201,0.067665557,0.063668185,0.074600244
2017-08-23T16:20:00Z,159.4357599,175.1058821,158.8710682,156.1553768,163.8696232,4.918757757,5.818995584,7.094426428,7.59873225,8.146732519,0.084271754,0.09161781,0.070403715,0.055782665,0.058553285
2017-08-23T16:30:00Z,148.963471,159.0551317,173.0561264,170.9881327,170.7140612,5.276198925,6.456518181,6.737485273,7.960000372,7.917755669,0.086628942,0.080229329,0.071603102,0.062919586,0.089771876
2017-08-23T16:40:00Z,163.0226834,172.6242258,160.4585615,163.8947778,163.5931826,5.78259361,6.781820845,7.184300758,7.441185303,8.063778525,0.064655464,0.06261772,0.063325941,0.071825071,0.050369264
2017-08-23T16:50:00Z,180.9187406,169.5231421,167.5743501,174.3883286,182.6579307,6.241596241,6.815539677,7.239425993,7.686815319,7.81430685,0.071174816,0.07228048,0.056943673,0.053277684,0.057141426
2017-08-23T17:00:00Z,173.6323866,182.0848397,168.9410001,178.9449765,173.9027725,7.135466609,7.749460306,7.834607536,7.92071227,8.057679518,0.071074957,0.054772685,0.054561785,0.055551576,0.0549524
2017-08-23T17:10:00Z,234.9681787,218.0181711,224.0045072,227.2502872,216.756819,9.398793786,9.942287497,9.718629937,9.828579236,9.916931273,0.209755702,0.164961099,0.155316429,0.185968572,0.17192286
2017-08-23T17:20:00Z,239.5761887,245.9574453,212.6288973,262.3784076,225.1751042,9.699844076,9.538405909,9.617143947,9.868976626,10.23514106,0.095509346,0.082000124,0.089139059,0.086325783,0.07287131
2017-08-23T17:30:00Z,242.5344995,254.6084681,254.497712,245.2358677,242.6987431,9.722616238,9.762401322,9.939184908,9.751939629,9.90183125,0.128469532,0.128064494,0.107894895,0.093566889,0.141435711
2017-08-23T17:40:00Z,267.7053898,231.6311765,236.496692,246.1950832,271.2934188,9.477594753,9.648829452,10.08144682,10.41244608,10.77046898,0.089486767,0.095953111,0.089914572,0.076189117,0.110617287
2017-08-23T17:50:00Z,248.4057597,232.3906126,245.2772364,243.0706221,212.8187426,9.286066516,9.503434451,9.186570624,9.852826734,10.31193631,0.136860442,0.116452187,0.130913955,0.132217612,0.14835494
2017-08-23T18:00:00Z,244.1124568,256.1787683,240.9139846,259.7935713,223.6277339,9.175299508,8.966033863,9.77348637,9.514261007,9.995253025,0.126301758,0.124474528,0.131014405,0.113076903,0.140136148
2017-08-23T18:10:00Z,265.5095317,251.9186409,253.1811046,253.3515382,239.2110558,9.479930205,9.623153819,9.587843094,9.963718797,10.03836215,0.162010207,0.14389508,0.150233949,0.14850977,0.109678959
2017-08-23T18:20:00Z,229.9813125,260.3996128,250.5034931,246.8103656,245.1384419,8.45971473,8.841530617,8.818963694,9.618231529,9.475331642,0.148159711,0.128782966,0.162751278,0.144047612,0.137091603
2017-08-23T18:30:00Z,245.0257366,243.3212432,252.5362089,232.8301496,249.6995427,9.30658595,9.677919316,10.06586781,10.21630286,10.82144161,0.157113868,0.144500131,0.146224127,0.127022597,0.117828687
2017-08-23T18:40:00Z,246.5260037,227.6135867,253.056393,243.296663,244.7040416,8.415181526,8.687426594,9.005614578,8.763258911,9.727184577,0.143481527,0.167128964,0.1622719,0.174534915,0.141224897
2017-08-23T18:50:00Z,235.7298542,216.8750063,234.8966234,241.5418886,239.124737,8.424822002,8.779688693,9.030590765,9.478596277,9.406635377,0.175477644,0.149946487,0.159015597,0.186429049,0.149095185
2017-08-23T19:00:00Z,237.625868,223.4556359,247.1728088,241.4195714,220.2213395,8.166412114,8.363422541,8.436383199,8.645599715,8.992252367,0.133204627,0.142377521,0.143146339,0.117832746,0.106796826
2017-08-23T19:10:00Z,229.1847723,240.2051528,233.3633594,232.2700462,227.2906609,9.303949757,9.63139279,9.918654403,10.35023506,11.18382766,0.114080515,0.103434124,0.103570301,0.089109379,0.119543424
2017-08-23T19:20:00Z,227.3841601,240.6722079,232.5683693,238.891274,245.6602422,9.968897001,9.752433436,10.39206257,11.35068504,12.01925785,0.134145437,0.122574508,0.082826767,0.120854452,0.108337469
2017-08-23T19:30:00Z,236.4444799,216.6850792,235.3302259,238.8404708,262.237615,8.192052317,8.448711889,9.506818298,9.667553881,10.66935991,0.12833804,0.126043864,0.116643997,0.088600689,0.096981171
2017-08-23T19:40:00Z,247.5876127,247.7513854,229.4657056,244.8385679,238.1228134,8.441917323,8.779435511,9.6282084,10.04902675,10.85765701,0.168467832,0.13162734,0.088259072,0.120970266,0.117181864
2017-08-23T19:50:00Z,241.2602162,259.4902742,238.4602477,234.2206237,255.3934343,8.599869401,9.28129804,9.92958295,10.21778109,10.54651366,0.107709365,0.155442314,0.175000274,0.12525995,0.114866763
2017-08-23T20:00:00Z,227.5791523,243.9608924,248.1981867,242.5270381,244.7652292,9.323493426,9.748449112,9.919382273,10.04064561,10.80481212,0.144864867,0.109636938,0.109678422,0.096425205,0.108660551
2017-08-23T20:10:00Z,222.0929196,218.2358751,258.9002902,256.9493348,238.8413313,8.787957378,9.992766129,9.77008333,10.34561616,10.38604983,0.131308846,0.109688996,0.117000484,0.129768575,0.130678968
2017-08-23T20:20:00Z,230.4029352,244.3663387,243.3116752,243.9894488,254.9146276,8.880580639,9.744145073,10.09927818,10.99072996,10.84466482,0.162765365,0.088921701,0.1087423,0.107115116,0.104296244
2017-08-23T20:30:00Z,220.5853492,239.3545536,246.6515535,256.1524591,239.1839094,8.826508071,9.246816919,10.00730302,10.48809292,10.93423867,0.098865329,0.126257723,0.118694112,0.125397737,0.110039735
2017-08-23T20:40:00Z,232.9258357,244.2451416,251.5060265,237.2079907,234.8542927,9.501335443,9.762629376,10.28592198,10.19835536,11.45190295,0.121342536,0.151220649,0.114252935,0.117123396,0.116504558
2017-08-23T20:50:00Z,263.2434765,241.462525,259.2002531,255.3124054,247.1366158,7.742990535,8.122949915,8.761137079,9.225623502,9.635907829,0.11116922,0.122119253,0.120763247,0.099268586,0.100984767
2017-08-23T21:00:00Z,250.3745185,250.2368042,259.6144042,247.869438,245.5031555,7.921335315,8.646725877,8.863547208,9.927074598,10.21949837,0.133025264,0.124624793,0.128166627,0.139574202,0.091711062
2017-08-23T21:10:00Z,261.9886023,248.794405,251.9366943,249.498963,250.5321556,8.586776733,9.135371094,9.615165073,10.24099986,10.92806193,0.16835791,0.146792864,0.15129579,0.107308156,0.11791862
2017-08-23T21:20:00Z,241.2448796,276.0124185,256.7266161,259.6356808,238.7224123,8.970866951,9.14692191,9.394829067,10.17441466,11.28870103,0.078974768,0.121335366,0.143968333,0.105455298,0.097731049
2017-08-23T21:30:00Z,268.4584827,252.1186258,258.9220542,269.2156328,255.239123,8.139454665,8.169567589,8.451442377,9.124781259,9.762187131,0.091156047,0.079504369,0.075413471,0.094668513,0.118082099
2017-08-23T21:40:00Z,242.2682045,259.4995531,266.9976462,240.719418,259.8852624,6.978299849,7.564628538,7.647714182,8.157929343,8.523003719,0.132418672,0.105284397,0.090857393,0.098667764,0.104553192
2017-08-23T21:50:00Z,265.6311458,272.5148556,266.4698312,255.4406217,276.9985881,7.480160476,7.620120152,7.6563212,8.595615993,8.484456417,0.138291666,0.142916928,0.098480683,0.137015266,0.114343215
2017-08-23T22:00:00Z,276.9991189,283.0542578,276.0817878,261.083415,259.4170428,6.998592762,6.840005492,7.507510729,7.787874007,8.527843581,0.129687683,0.168056868,0.160974759,0.176383052,0.177138349
2017-08-23T22:10:00Z,259.419954,262.9061743,268.0121207,266.5621811,258.8713307,6.317909792,6.599597097,7.021283816,7.263072479,7.635544674,0.091720615,0.135295704,0.090907971,0.075373881,0.088247098
2017-08-23T22:20:00Z,286.7579411,278.8996328,277.9667844,261.5495481,277.777111,6.293052245,6.5275021,6.834589289,6.906402594,7.572462571,0.161808172,0.131370358,0.110218457,0.124193816,0.126295968
2017-08-23T22:30:00Z,278.5550538,274.2035719,279.3032999,288.848818,293.5769148,5.62879781,5.973814411,6.069834055,6.642699911,6.61875098,0.140004522,0.131161803,0.133503773,0.067591942,0.115036269
2017-08-23T22:40:00Z,267.4499572,273.9057145,260.1750434,249.9139871,271.2156606,5.619444726,5.496679231,5.84190237,6.022190421,6.011965083,0.110330646,0.148911708,0.128627351,0.114649288,0.133495635
2017-08-23T22:50:00Z,268.6618322,267.9853649,273.7110546,261.4608985,288.6861264,4.813471141,4.629199627,4.727906164,5.005706606,5.284286548,0.105671156,0.138699683,0.108968335,0.092017911,0.129300516
2017-08-23T23:00:00Z,262.42884,251.3055081,274.4983613,274.1024032,276.3548291,3.803285276,3.764810902,4.395296306,4.27332109,4.748597389,0.118142334,0.1612971,0.116695469,0.104827465,0.07543337
2017-08-23T23:10:00Z,280.1139393,258.1865454,263.7704253,269.0732063,258.1001612,4.576652056,4.784189399,5.04953724,5.149158563,5.712880631,0.140565888,0.155864935,0.121729986,0.114208227,0.121460514
2017-08-23T23:20:00Z,242.3890719,257.3625415,253.5513258,236.9825068,257.0875447,4.2971128,4.388166843,4.389501693,4.849824513,5.177259397,0.15739498,0.1762507,0.119694148,0.112562019,0.112793039
2017-08-23T23:30:00Z,262.4316943,273.4483718,266.893412,251.6575129,250.7564848,4.209936539,4.361734192,4.548853445,4.968010072,5.453207771,0.158509939,0.192737515,0.165219199,0.128573443,0.144544932
2017-08-23T23:40:00Z,249.2639893,247.605248,257.0323396,266.8767959,268.4541538,5.047045546,5.617787488,5.625226618,6.204554245,5.987305787,0.115200681,0.129891912,0.118601412,0.140171428,0.109974215
2017-08-23T23:50:00Z,265.7966789,238.4372252,253.7570201,266.9588203,249.7916394,5.446237258,5.598886607,5.972681347,5.857869172,6.020060558,0.142497352,0.106025428,0.133703,0.120389219,0.10009161