LOCATION: 
SYSTEM SERIAL: HKZMAST
TIMESTAMP (ISO-8601) UTC,WindDir030m deg,WindDir040m deg,WindDir060m deg,WindDir080m deg,WindDir100m deg,WindSpeed030mh m/s,WindSpeed040mh m/s,WindSpeed060mh m/s,WindSpeed080mh m/s,WindSpeed100mh m/s,TI 030m,TI 040m,TI 060m,TI 080m,TI 100m
2017-10-21T00:00:00Z,215.9015799,200.9016847,208.2588732,207.2443663,207.2400413,10.66734287,10.71106754,11.36051403,11.57646128,11.68427711,0.115227942,0.150480429,0.141118175,0.101061893,0.128691138
2017-10-21T00:10:00Z,203.3196428,215.9035263,212.2201417,204.1828354,205.2548516,11.84784103,12.10703329,12.09003758,12.77175559,13.16494734,0.105303437,0.139748575,0.108063044,0.091608181,0.170938958
2017-10-21T00:20:00Z,223.1470776,214.1459641,189.8565312,210.3892233,209.8302876,11.47379433,12.29822244,11.93918681,12.41959945,12.15864463,0.129864981,0.12477979,0.116408163,0.098217355,0.16771713
2017-10-21T00:30:00Z,202.6427801,196.5880105,203.5177199,207.1412542,188.7219647,11.7709314,12.33434267,12.25655048,12.38552456,12.13300739,0.169765186,0.174677646,0.121123496,0.122906458,0.10413285
2017-10-21T00:40:00Z,189.4252592,181.9343515,191.1180852,192.5177694,190.6839523,11.32976923,11.76980885,11.47477666,11.7043564,10.92392258,0.1668853,0.134807302,0.152473878,0.120930186,0.148218456
2017-10-21T00:50:00Z,190.1816487,176.0616752,175.5810574,189.3660735,188.7434925,9.944077413,10.89319694,10.42314838,10.92979146,10.81343496,0.186447295,0.135012944,0.09091807,0.15882966,0.102204009
2017-10-21T01:00:00Z,189.169221,198.2692585,187.6033722,190.8995484,181.2915839,10.93498132,10.7102115,10.90967361,11.36916268,11.25891145,0.12368816,0.15184791,0.113979899,0.142420141,0.145798618
2017-10-21T01:10:00Z,193.7618995,191.5265625,189.3585388,185.7907015,185.7675874,11.09033625,10.81765012,11.02044041,11.75491117,11.64041032,0.133925166,0.127051289,0.129761004,0.130639675,0.188767101
2017-10-21T01:20:00Z,189.801359,199.9505242,182.4448197,185.6100556,204.9543722,10.62695331,10.78739033,10.95477374,10.98670432,11.14127834,0.172254737,0.147260595,0.129217311,0.117612407,0.139108511
2017-10-21T01:30:00Z,182.400945,176.1427092,192.0085113,189.200954,178.8745691,10.88185353,11.74872964,11.00834118,10.42259254,10.79224863,0.184106864,0.114373808,0.123433559,0.15691016,0.112110492
2017-10-21T01:40:00Z,178.1531268,183.129927,189.6346774,173.0807004,182.7800844,10.36285291,11.09511238,11.00988943,10.45508964,11.21016057,0.124624065,0.109423867,0.107707189,0.12249034,0.12273492
2017-10-21T01:50:00Z,176.1140132,180.6767413,173.6699792,177.0349606,173.0367201,10.50152161,11.36917566,10.79536328,11.23367037,11.62739955,0.119936172,0.103930785,0.129242182,0.11301486,0.100247184
2017-10-21T02:00:00Z,186.7246384,176.465346,167.2060212,182.4079881,163.3731435,11.53462237,11.82666214,11.75120018,11.65840874,12.49195198,0.089134552,0.105126629,0.118356931,0.081094206,0.105262707
2017-10-21T02:10:00Z,165.3250931,180.1762061,181.3729169,179.3121467,180.6872579,11.40647456,11.67574746,11.6580502,12.64359094,12.60350233,0.150777954,0.109741705,0.104590978,0.099918409,0.087015431
2017-10-21T02:20:00Z,171.4271355,155.2034693,170.2822775,180.0890664,160.9366259,10.61652123,10.66828381,11.40058417,10.8651753,11.29324512,0.133019976,0.097667687,0.132424596,0.151277449,0.115704027
2017-10-21T02:30:00Z,188.8462737,162.8068544,176.6557533,171.3214412,177.840513,10.06102487,10.18739248,10.65621752,11.1045459,11.18237569,0.109580521,0.094096297,0.102357252,0.117185137,0.089848015
2017-10-21T02:40:00Z,188.1630475,186.6543083,176.9969791,170.7786672,170.1982969,10.41469085,11.00909825,10.99851246,10.82332044,11.77370354,0.135969061,0.136415524,0.115702414,0.144217,0.103333659
2017-10-21T02:50:00Z,172.4903711,164.5046565,178.0765691,180.2746574,177.2592599,11.46316614,12.96605222,12.88789116,12.53600336,12.85959483,0.111848808,0.110836552,0.120223627,0.154187506,0.140232831
2017-10-21T03:00:00Z,173.8464845,179.9200086,176.6068548,168.1851378,169.3433403,11.71643641,12.59595465,12.60587088,12.72878196,12.98960431,0.109413474,0.120190349,0.101912667,0.089174915,0.110593536
2017-10-21T03:10:00Z,167.8869749,172.696318,183.6452588,182.7765026,176.2837841,12.06502276,12.21349976,12.70454313,13.28098753,12.51900532,0.089354309,0.101437637,0.120222738,0.103088847,0.136588397
2017-10-21T03:20:00Z,165.7951567,169.9840069,171.2490139,168.2573774,171.4220389,12.19072561,12.66601513,12.51954416,13.16372902,13.41218282,0.124561039,0.127949623,0.132204362,0.137621125,0.104675714
2017-10-21T03:30:00Z,191.3113002,173.751745,182.1103562,184.1923442,178.8001326,13.16771646,13.50867654,13.85342243,13.51693062,13.86311224,0.1232782,0.086858167,0.120760448,0.112540642,0.102369663
2017-10-21T03:40:00Z,170.2937477,168.551413,185.2718201,174.1608452,179.5662625,14.38007697,14.18627533,13.98140306,14.15675257,13.99469198,0.168654376,0.099833521,0.115265218,0.138662237,0.117328877
2017-10-21T03:50:00Z,186.5393861,185.95437,175.1199247,184.8855965,154.4473964,13.5977112,13.86577277,14.26787666,13.75279647,14.11202787,0.09394058,0.131658918,0.094139621,0.112267527,0.16822338
2017-10-21T04:00:00Z,158.9449078,178.868199,170.4257208,188.6405437,171.953574,13.88553,14.35471755,14.44941846,14.82272408,14.16381204,0.118531755,0.131446386,0.137558708,0.101851865,0.124684829
2017-10-21T04:10:00Z,182.1795565,172.3617586,186.139304,177.1265497,187.6631212,13.36855297,14.02598005,14.20960033,13.99365409,13.71704464,0.120802026,0.135805899,0.139981644,0.116535133,0.100336028
2017-10-21T04:20:00Z,169.3566411,178.0669336,172.9050811,168.0300586,166.8834862,12.95970685,13.53392937,14.03401996,14.26740243,13.48685395,0.144712332,0.088556925,0.143721445,0.082230178,0.137198558
2017-10-21T04:30:00Z,167.0307601,177.7618978,187.2179113,171.6704684,166.3593858,13.78251609,13.28069564,13.94390521,13.75148981,13.96706774,0.122694872,0.11888236,0.136717991,0.13064352,0.103826337
2017-10-21T04:40:00Z,179.5972148,175.6089093,176.6303721,173.3592343,169.0438163,14.20576354,14.36836856,15.06740638,14.60276907,14.75739902,0.109967983,0.128566222,0.12069782,0.113512073,0.146827775
2017-10-21T04:50:00Z,175.7470951,184.6861458,174.6022704,183.3613225,186.6007425,14.6067933,15.12130902,15.51596839,15.20040903,14.71694217,0.131773582,0.180659451,0.115869189,0.110478013,0.151329713
2017-10-21T05:00:00Z,188.0778457,175.4395589,177.7785925,181.5786825,175.8049366,13.84654823,14.42930601,13.71934563,14.48905552,14.72064959,0.114977907,0.092510734,0.124394913,0.137503473,0.149193672
2017-10-21T05:10:00Z,197.1485043,174.376592,190.2959233,184.2134098,176.3082046,14.58753277,14.77849967,14.70390909,15.15945524,15.65013801,0.123628885,0.149221913,0.111803001,0.14138956,0.121151485
2017-10-21T05:20:00Z,189.6260371,181.1726537,195.3082911,190.611312,202.2794527,15.06625454,14.65682414,14.6907074,15.63027259,15.32455732,0.137940282,0.146360193,0.100863969,0.163129841,0.117988157
2017-10-21T05:30:00Z,193.3787678,184.7290653,184.3974833,173.1536185,186.7881541,14.7494252,15.85329891,15.57628968,15.22234528,15.63201713,0.164094269,0.141369695,0.106341899,0.112847864,0.119733747
2017-10-21T05:40:00Z,182.9224592,176.4509531,193.9911389,183.6624478,184.2871491,13.97057102,14.37480704,15.38062903,16.11539131,15.28970944,0.111306188,0.104776053,0.102323655,0.131026864,0.143317839
2017-10-21T05:50:00Z,184.774736,197.442459,171.3912162,192.8672035,188.4600533,14.22453162,14.63198746,14.38178104,14.60102243,15.0494434,0.137880819,0.141926434,0.141127296,0.187438022,0.093701922
2017-10-21T06:00:00Z,181.4112699,183.9911065,191.747882,184.6892025,186.4585025,13.6494636,14.17029216,14.32072815,14.9672554,15.18390284,0.18485105,0.192369537,0.113116776,0.158261454,0.152116461
2017-10-21T06:10:00Z,192.8147023,176.2899044,184.7031755,194.8105478,186.9280532,13.96789592,13.57631469,13.81754441,15.27565493,13.74688761,0.162417536,0.222377439,0.154918932,0.159159424,0.138040454
2017-10-21T06:20:00Z,181.6985333,184.7514139,190.6959677,188.3361604,184.2327339,14.37170147,13.70760007,13.80655745,14.0039313,14.24003437,0.135253043,0.145360382,0.101789759,0.109035797,0.072353912
2017-10-21T06:30:00Z,187.0829408,187.2605829,191.9265959,186.6910443,196.37271,14.36992296,13.85502986,14.40412915,13.68043449,14.19506443,0.122471011,0.117534543,0.14247138,0.162454067,0.140804794
2017-10-21T06:40:00Z,179.9020091,173.6151457,180.6025144,197.3757534,182.1358752,13.74068513,14.16416639,14.57647402,15.46224102,14.59546077,0.144486201,0.170794751,0.183556182,0.15035261,0.155454787
2017-10-21T06:50:00Z,183.5092242,189.9440712,198.0613235,199.8073657,198.0062284,13.5722038,14.72335852,14.31949314,14.5522,14.90979686,0.148398946,0.131136386,0.101974124,0.145143189,0.135998017
2017-10-21T07:00:00Z,190.7614915,196.4290403,188.6809803,199.5470093,198.4966551,13.13727813,13.87818168,14.51763144,15.1744291,15.90708234,0.159490863,0.164498562,0.130923496,0.11599091,0.133696167
2017-10-21T07:10:00Z,206.7433805,193.319185,207.1849968,189.8142252,199.5437382,12.85102731,13.47888456,13.24036447,14.49895362,15.62542142,0.217382855,0.129909687,0.135529639,0.100689638,0.127166571
2017-10-21T07:20:00Z,207.5352227,194.3840265,185.5703444,200.4562597,194.7695234,14.60428929,14.83650713,14.52284336,15.10686122,15.52232985,0.182207903,0.140640834,0.145034951,0.125235628,0.110572367
2017-10-21T07:30:00Z,191.3392104,194.7730004,199.9072276,200.2733896,198.4853405,14.5308583,14.37238523,15.09070963,15.53737806,15.73881081,0.180218806,0.18047578,0.105182509,0.131506152,0.137809422
2017-10-21T07:40:00Z,193.6145233,195.4252814,194.8503759,192.2974264,190.9198998,14.52524829,14.88248053,15.17313083,15.67252787,16.07732215,0.16912651,0.154433457,0.139315908,0.125902318,0.13779015
2017-10-21T07:50:00Z,208.7716763,200.7162827,208.7639193,201.3408838,197.1326952,14.35674681,13.90650169,14.56402999,15.13516715,16.10802185,0.134860435,0.122497796,0.133784089,0.159197623,0.120445065
2017-10-21T08:00:00Z,203.7564044,174.6929149,197.6536626,190.8172368,200.168724,13.86844589,14.50768202,14.81234744,15.55201889,15.50424931,0.145684632,0.121241798,0.138527177,0.138509571,0.123585105
2017-10-21T08:10:00Z,206.8842099,193.956469,207.6280095,197.4040781,199.9059871,13.9082976,14.82580387,14.37733188,15.27234763,15.3983886,0.137148479,0.143667425,0.1778793,0.148657283,0.165895479
2017-10-21T08:20:00Z,196.6151732,202.0541001,194.230072,202.6054752,212.5856262,13.92138076,13.6204645,15.12273357,15.51272942,15.69053252,0.20100602,0.219188228,0.140116066,0.150838164,0.152436434
2017-10-21T08:30:00Z,189.0823927,212.5707996,196.6282922,199.3705938,188.4929689,14.49100646,14.00186802,14.67473792,14.27615187,14.52296281,0.113478719,0.106676241,0.141090274,0.150105247,0.123997026
2017-10-21T08:40:00Z,214.5496745,219.2925917,207.4100917,204.7141251,212.1527226,12.55704852,12.7010416,13.73561901,14.30681243,14.79699107,0.150810045,0.146711676,0.127468416,0.101920922,0.112794085
2017-10-21T08:50:00Z,215.2527433,234.7492302,223.0198692,229.4443763,215.8940003,14.42928582,14.73506334,15.44969718,15.53532477,15.59518772,0.102668626,0.112983014,0.102313513,0.101941633,0.155163295
2017-10-21T09:00:00Z,219.3026924,208.473511,216.5905217,201.9633754,209.4090938,16.02754974,16.1634368,17.14098881,17.45091818,16.99706488,0.1577407,0.103604742,0.1173521,0.116403319,0.145637798
2017-10-21T09:10:00Z,213.6848041,207.3805048,210.1153668,203.9603894,217.7988964,16.38617724,16.25541937,16.5951612,17.34477659,16.84673293,0.148483142,0.132996174,0.143371826,0.121186651,0.108523134
2017-10-21T09:20:00Z,221.727956,211.9715969,218.1110153,209.8504848,208.3203526,15.39663371,15.60521885,15.99137002,16.01210059,16.82155317,0.148991011,0.15922192,0.146956231,0.093630387,0.131100872
2017-10-21T09:30:00Z,208.3002165,217.3263992,211.7719454,223.3846249,212.5455731,14.74092671,15.20019849,16.11370899,15.88215835,15.43185093,0.152528492,0.113270734,0.153466354,0.104500801,0.115308789
2017-10-21T09:40:00Z,216.4396656,200.5077504,207.8778005,211.6014619,226.0195732,15.02621036,16.65736778,17.28180906,16.15085281,16.13682585,0.116917078,0.145022718,0.132030933,0.139843302,0.106421765
2017-10-21T09:50:00Z,213.7407742,208.849936,206.0847415,208.6357298,208.6805311,15.23134237,15.42046448,15.58943495,16.05400667,15.97474706,0.136595175,0.121531702,0.123498919,0.1160433,0.120225697
2017-10-21T10:00:00Z,219.6141692,233.5604837,209.9926184,218.7007888,219.5197592,14.66221872,14.18828026,15.01406646,14.71692892,15.85903891,0.134345104,0.135540906,0.141436501,0.139776264,0.109524857
2017-10-21T10:10:00Z,195.9786297,204.9766194,220.9253543,219.0776629,223.5025677,13.61441192,13.56302999,14.6440017,14.88574965,15.93262897,0.132394444,0.110100424,0.103933245,0.116019497,0.090368203
2017-10-21T10:20:00Z,223.7873314,235.5866356,213.7021383,205.212861,225.1277603,13.07179273,14.31885015,14.49923532,14.85366812,14.39618177,0.12250388,0.108313403,0.118754201,0.124064503,0.109765899
2017-10-21T10:30:00Z,216.713263,219.6931502,214.2118233,207.5233535,215.4437005,13.52012445,14.73874454,15.11072851,15.23599172,15.74689865,0.130740964,0.115345946,0.108724025,0.160540291,0.140589092
2017-10-21T10:40:00Z,213.2528132,199.8589372,213.5977471,237.7707536,211.6717758,14.40100683,14.36888804,15.22110074,14.92503364,15.47493245,0.132614073,0.135504723,0.116237729,0.121053057,0.126259343
2017-10-21T10:50:00Z,207.5120722,201.0367836,204.9486586,205.5382645,226.4135626,14.28766363,15.16588297,14.96433162,14.4365922,15.42213023,0.123473606,0.144729018,0.120656081,0.116143035,0.128007411
2017-10-21T11:00:00Z,190.1310182,217.4721368,206.6551781,219.4160828,212.9602032,15.77390916,15.04701358,15.06082402,16.13789894,17.44298372,0.088747777,0.116153879,0.139699141,0.136213549,0.122556791
2017-10-21T11:10:00Z,217.2315434,217.0054505,222.9195091,221.9408875,219.543981,15.47503533,15.05180423,16.14093973,15.65766359,17.07886052,0.136080723,0.104689805,0.13461826,0.135299277,0.172472028
2017-10-21T11:20:00Z,222.879229,204.1831035,225.5088967,228.3097041,206.3777789,12.27226945,12.88834968,12.98375921,13.2652901,13.78930567,0.185231453,0.253064661,0.226050691,0.206752819,0.207062707
2017-10-21T11:30:00Z,216.7670257,214.4684078,208.2456544,203.6165947,213.9563945,10.25003426,10.87907372,10.81328925,11.58548847,11.85279849,0.171897511,0.139238186,0.15634605,0.159711899,0.16469382
2017-10-21T11:40:00Z,208.6956414,199.2907691,196.6766602,200.9101546,211.6312717,12.47311514,13.17943929,13.48261645,13.8670723,14.34011558,0.235470675,0.2538909,0.200977358,0.254278198,0.161439522
2017-10-21T11:50:00Z,210.3387137,196.5970354,200.5572397,194.2843922,212.4744942,16.4350151,16.69727627,17.36811534,17.56313497,17.93734219,0.164938229,0.200723281,0.157013647,0.144794558,0.139013265
2017-10-21T12:00:00Z,209.2626357,220.5847084,196.8888414,225.4647174,209.7524733,16.64045366,16.83355528,17.51050917,17.49989319,17.27951411,0.122352438,0.083783506,0.116047789,0.089252642,0.187719258
2017-10-21T12:10:00Z,211.7935745,206.1881379,220.0058269,189.9760663,199.0239829,15.98387206,16.28768474,16.23618729,17.45009485,17.93998528,0.142510098,0.151505529,0.13501731,0.123171327,0.130044037
2017-10-21T12:20:00Z,206.0457419,208.7396167,206.9890673,204.1528027,186.3336781,16.13543602,17.3104606,17.0018861,17.38526433,17.87821602,0.142469208,0.16275872,0.142405491,0.147555469,0.128281184
2017-10-21T12:30:00Z,206.360393,207.2777045,212.2702054,212.7488414,224.0269594,15.68856041,15.68951971,16.29318776,17.05739086,17.6473631,0.115867491,0.122651969,0.108639618,0.098363624,0.160300058
2017-10-21T12:40:00Z,223.355313,212.0885464,219.4858471,218.2053229,222.0242863,16.62782982,16.97782069,17.28844265,17.90006823,17.42405135,0.164110715,0.206154114,0.14840854,0.146633957,0.154582752
2017-10-21T12:50:00Z,200.9171809,219.4918427,194.3004824,213.4576892,204.4600922,13.49696247,14.21217563,15.0851812,15.37090919,16.04830393,0.12536093,0.207825065,0.151988846,0.119514943,0.153445459
2017-10-21T13:00:00Z,196.8498141,193.8764491,191.6333512,194.6203502,215.0024489,13.84281957,13.64728291,14.68903008,15.32432878,15.32536316,0.165806804,0.115690763,0.120703822,0.141098464,0.112889603
2017-10-21T13:10:00Z,193.3537036,208.7788013,207.4978995,217.1322757,200.5315451,14.31637407,15.81249886,15.20272978,15.45969387,16.09129523,0.185982898,0.133773052,0.146215533,0.112599628,0.143843382
2017-10-21T13:20:00Z,214.0374417,212.4620896,220.2777615,221.9756263,213.8370364,16.22493043,15.89510461,16.02965294,15.49406508,16.85823873,0.166960795,0.114301158,0.087360147,0.135473222,0.171461315
2017-10-21T13:30:00Z,211.2358162,207.0547363,186.1004341,198.5079644,211.4880084,13.09665569,13.23719988,13.80666507,14.98519339,15.8791176,0.110774944,0.220762131,0.119377796,0.159820041,0.146845503
2017-10-21T13:40:00Z,208.4566849,199.9347583,210.8182745,210.4145232,207.7079586,11.98379705,12.24389566,12.80166505,13.87962955,13.95748399,0.119880125,0.121803304,0.094625926,0.090129417,0.078992137
2017-10-21T13:50:00Z,209.3720854,193.0053366,214.8887243,204.9092445,205.9017038,13.45709193,13.49691778,14.32235514,14.75429806,14.69721863,0.170449131,0.13322629,0.137858177,0.129778776,0.121012287
2017-10-21T14:00:00Z,209.1612373,195.3978151,194.6888974,212.1940636,211.7776939,16.5053892,17.10458824,17.91302285,18.46707313,18.78432577,0.170436555,0.220222618,0.227566325,0.214190552,0.171715168
2017-10-21T14:10:00Z,210.5473523,222.6202383,199.8869863,211.2937592,205.4965907,16.24706139,17.05179285,17.82775188,18.49173981,19.19393491,0.132352222,0.126919706,0.123979798,0.095317571,0.076090541
2017-10-21T14:20:00Z,227.4576466,200.885448,206.425391,203.2568353,203.0708665,17.38010578,16.87501074,17.39033802,18.181236,18.11150199,0.097577403,0.090839356,0.110005201,0.110567557,0.082628387
2017-10-21T14:30:00Z,215.8795076,213.6965418,202.1091621,222.0758003,208.3279627,14.05477891,15.43724787,15.53475362,15.9094742,16.41205591,0.115585313,0.116350152,0.128161802,0.121523676,0.128276515
2017-10-21T14:40:00Z,219.9726407,195.4630434,196.2803766,200.6720178,211.8893887,16.61147365,17.05938085,17.83682717,17.94800892,17.89707643,0.124803804,0.096780459,0.101858396,0.088546159,0.109820978
2017-10-21T14:50:00Z,215.7233625,207.808729,218.0174863,207.6294253,212.8022837,18.33247288,17.51677557,17.14893606,17.65936103,17.87589939,0.117174407,0.116233999,0.083238944,0.111712789,0.092435998
2017-10-21T15:00:00Z,218.6914111,202.3862131,221.8545831,213.7362167,207.0669363,16.6661753,17.88746444,17.70419972,18.33600972,18.68457612,0.132879627,0.080925484,0.109671958,0.132511112,0.074412794
2017-10-21T15:10:00Z,227.0470363,225.493698,229.1125149,235.8410768,220.5737969,16.86093231,17.5159133,18.12855649,18.19600159,19.11604601,0.128435409,0.116180791,0.089926916,0.117958506,0.113962697
2017-10-21T15:20:00Z,220.8482597,218.7333208,229.8687086,222.6034724,212.9910672,18.88498602,18.32507306,19.44186099,18.64975418,19.90003622,0.153136743,0.132693199,0.113857838,0.144470931,0.12560237
2017-10-21T15:30:00Z,205.198668,217.1531912,223.2467482,217.3327361,218.0755037,15.8250544,17.62791535,17.3126997,18.65626952,18.8727611,0.119532602,0.123739852,0.107652092,0.102237206,0.112449123
2017-10-21T15:40:00Z,219.8508732,230.5608692,203.8951019,214.6147331,206.2497858,17.93335037,19.46063795,19.3464233,19.97496519,21.02608626,0.154626084,0.155699047,0.136449298,0.149603575,0.176353865
2017-10-21T15:50:00Z,217.2521582,204.4105369,206.1535357,202.91515,211.5279788,17.92458604,17.49977086,18.00952027,18.64988991,18.87316906,0.11610629,0.113022867,0.112341759,0.119051461,0.108133511
2017-10-21T16:00:00Z,204.5181216,200.6602302,204.8448655,217.8706636,217.6733116,16.37881618,17.18519176,17.31637006,18.09459488,18.2138595,0.150874497,0.155908983,0.127600787,0.11230236,0.094137297
2017-10-21T16:10:00Z,208.3691964,215.5484286,189.9724218,203.4795168,197.0871582,17.5279213,17.35759464,17.3336728,17.20230042,19.03304141,0.107252642,0.114979234,0.117030024,0.111330184,0.122898769
2017-10-21T16:20:00Z,218.8790351,206.7859816,195.4213593,209.1657197,194.6725139,16.44302544,16.41465535,17.03259252,18.90057591,18.22410289,0.133578406,0.12665583,0.127406986,0.10976875,0.099453991
2017-10-21T16:30:00Z,216.9560247,190.0959922,191.8063593,186.9968165,203.3975979,17.56408222,18.63548266,18.2891478,18.6399151,19.17346844,0.128041405,0.152218385,0.114406654,0.120529992,0.144134228
2017-10-21T16:40:00Z,197.4205897,203.0252839,214.1360667,234.8306147,222.577667,17.68454109,18.39540093,18.48047848,18.77358313,20.39209203,0.106834669,0.131710744,0.100642592,0.132439674,0.124321897
2017-10-21T16:50:00Z,211.4428189,198.1458527,204.9461459,187.2363256,206.9795585,17.44639831,17.37543123,18.00766967,18.71669234,19.62645598,0.118929159,0.096219527,0.082512104,0.128527191,0.147385775
2017-10-21T17:00:00Z,204.1265506,215.7391294,211.2318341,210.0198725,227.1920223,16.94009088,17.85119508,17.70631096,18.68550873,18.50802919,0.120222675,0.080815024,0.10855202,0.126534285,0.111145606
2017-10-21T17:10:00Z,220.3555427,213.1697884,224.7216237,225.3377797,203.363551,18.2462677,18.17054759,19.20030661,19.29308466,19.9807467,0.16848884,0.113288522,0.097668102,0.116067497,0.108195389
2017-10-21T17:20:00Z,232.0293565,194.0694525,223.0854562,199.6537362,200.8089743,17.32432886,17.74115229,18.31088155,18.56694218,18.96707278,0.139804296,0.171886759,0.103925875,0.120719995,0.149690715
2017-10-21T17:30:00Z,214.5134013,201.4694097,207.7942748,204.8594654,210.350344,19.37274866,18.09989792,18.7685089,18.84439352,19.67214401,0.11888711,0.14044226,0.126147049,0.127829042,0.127598842
2017-10-21T17:40:00Z,196.2936023,211.9474736,210.7516846,219.4945441,198.8433005,18.87020408,18.88382507,18.86629917,19.9462821,20.84588809,0.115180561,0.12410769,0.122925424,0.121939052,0.074455333
2017-10-21T17:50:00Z,226.401695,213.1719378,212.2478717,221.3830954,215.1552616,18.94945226,20.31640315,20.91548325,21.42466588,21.30180921,0.196431026,0.177494225,0.161767888,0.181956483,0.125418294
2017-10-21T18:00:00Z,209.230157,203.8456434,205.1916031,219.2039206,214.6660771,18.95103344,20.83755025,20.72041987,21.21768726,21.23868686,0.131595214,0.11491286,0.152259873,0.123199881,0.142789699
2017-10-21T18:10:00Z,216.3963271,201.4747413,211.045579,207.0492003,212.0204264,18.42551775,18.71818015,19.48570597,19.88128471,18.71899469,0.121684959,0.103585557,0.096082253,0.131818474,0.16255974
2017-10-21T18:20:00Z,197.9687169,212.2754772,211.1343926,217.8442263,200.8461492,16.23817606,16.89459758,16.8058404,17.09231816,17.96821642,0.147277968,0.113393154,0.143825749,0.128251406,0.138575473
2017-10-21T18:30:00Z,189.4294284,205.9274888,211.1042386,205.9507246,198.0789895,17.23665288,17.12141838,17.2722813,18.10651912,17.62055394,0.095879005,0.13694893,0.105590746,0.106450074,0.132307913
2017-10-21T18:40:00Z,216.1651429,206.4852759,205.4908615,206.865297,200.3267183,17.59807592,16.26197667,16.68080815,18.1318139,18.9292161,0.142971254,0.1676602,0.107757604,0.099810657,0.15420528
2017-10-21T18:50:00Z,213.1804639,185.9957048,214.3976322,201.6118334,213.6519178,18.81811712,19.05467242,19.83205895,20.06438789,19.89306404,0.132751655,0.129571369,0.142980031,0.092236572,0.1208508
2017-10-21T19:00:00Z,217.4045049,197.9682732,211.079517,223.4237645,218.5968471,17.17368342,16.86000224,18.07103573,17.77423856,17.65917562,0.155909997,0.149180375,0.141708115,0.122681768,0.167173823
2017-10-21T19:10:00Z,199.2634515,196.0283087,208.3957065,212.6742444,193.0568263,18.97273298,18.22745873,18.5341186,18.722049,18.56734131,0.166339111,0.17935319,0.171191056,0.16001833,0.156554496
2017-10-21T19:20:00Z,212.3199946,213.5829536,214.5423869,205.1852534,210.4793576,17.59427862,18.80304368,19.37558003,19.47442071,19.60409762,0.187963024,0.144200381,0.138312944,0.137184397,0.13117872
2017-10-21T19:30:00Z,211.7380389,197.7588724,196.6132574,219.4883926,193.6054147,18.33048405,19.42661933,19.77623462,19.63117711,20.95641302,0.176730391,0.167897088,0.167519635,0.170138288,0.147660265
2017-10-21T19:40:00Z,199.4562279,207.8222068,218.8439045,206.8661054,197.8627863,19.12277169,19.34905026,18.76546559,19.53504734,21.98572303,0.174695563,0.168291336,0.148125939,0.175913139,0.161301138
2017-10-21T19:50:00Z,215.4632942,194.7302516,211.7265046,216.2984824,200.0739756,17.46300395,17.9632261,17.70902756,17.82138253,19.06988125,0.134758122,0.133343413,0.218176909,0.163237509,0.153793497
2017-10-21T20:00:00Z,203.4369266,195.6353895,202.2564193,195.3918132,193.1640726,16.73405632,18.12177914,17.8797342,18.25521948,18.19525818,0.153879269,0.112729829,0.107764232,0.114733705,0.117085224
2017-10-21T20:10:00Z,210.693036,199.335219,184.5801167,199.0271195,197.7611945,16.89621066,16.37469132,17.19540118,18.71792793,19.83490164,0.175432593,0.139193768,0.13013188,0.184239378,0.147179752
2017-10-21T20:20:00Z,199.9200465,214.4189676,194.8839782,198.3416653,195.0009436,17.31154073,17.28347094,18.07458595,19.48216301,19.40120262,0.182356921,0.161717386,0.143877602,0.137204621,0.121710614
2017-10-21T20:30:00Z,222.0113908,206.3787751,195.4757431,206.182573,214.4200756,18.85794705,19.26800375,20.06878968,19.30257002,19.53710399,0.146935002,0.138015463,0.143274282,0.113300673,0.095819191
2017-10-21T20:40:00Z,209.0676087,214.0741876,191.4144826,209.0479812,217.7364896,17.21853901,17.55331795,18.14374179,18.57545772,19.3383261,0.175173974,0.108126378,0.139018038,0.165871598,0.122561558
2017-10-21T20:50:00Z,203.149457,198.0401201,214.6165232,198.4473921,211.6548011,16.88479102,17.20134031,17.98582301,17.81524189,18.13594236,0.112244412,0.127667757,0.135290723,0.157306962,0.126803766
2017-10-21T21:00:00Z,201.0795591,209.0116069,208.1742205,204.9467987,226.0535418,18.76068441,18.35784473,19.18433675,20.18604392,20.09401552,0.125257581,0.090332567,0.108450731,0.123567831,0.126965059
2017-10-21T21:10:00Z,196.0494644,192.1628532,213.3885095,195.0106329,206.3900287,17.38863861,17.84117215,18.48283772,19.3731031,19.62147149,0.184087267,0.121936426,0.100606424,0.125544973,0.13079343
2017-10-21T21:20:00Z,204.370091,201.7171912,210.6781497,205.8860795,191.966444,18.21586867,18.23214556,19.21095151,20.12093984,19.25502919,0.142647458,0.141249038,0.127080646,0.16201631,0.158908406
2017-10-21T21:30:00Z,186.526856,202.9007855,206.1432191,192.4599708,204.9153826,16.46064187,17.36033228,17.521485,19.68710535,20.04382483,0.15047363,0.141565502,0.114998081,0.105162548,0.117508768
2017-10-21T21:40:00Z,189.1410029,193.7001969,214.7335082,201.9816769,198.5153408,19.1380846,20.71446693,19.05836776,19.09002703,20.50256462,0.178820488,0.162549037,0.151340583,0.130746176,0.117685463
2017-10-21T21:50:00Z,202.0092444,202.6250627,186.5906104,206.0427312,199.9399805,18.42542802,18.66908461,18.76069374,19.40522023,19.56055546,0.119204828,0.130521037,0.116893548,0.105536252,0.162090161
2017-10-21T22:00:00Z,194.0575923,192.0155091,204.2282204,209.0916529,200.2041537,17.10737419,17.29454245,18.0315086,18.97967036,19.91322669,0.188640579,0.095724403,0.148822706,0.090988066,0.09036604
2017-10-21T22:10:00Z,215.8464049,219.0322062,201.0033222,198.366671,206.5807029,20.81261182,19.62378321,20.55098908,21.25482567,21.0312457,0.139356087,0.127574816,0.142814499,0.118947512,0.128082751
2017-10-21T22:20:00Z,202.7470547,199.4970103,211.8432969,193.2722741,207.104837,18.26465738,18.63051536,19.16356368,20.30779311,20.33771949,0.158634295,0.160625336,0.127880211,0.148667103,0.182228741
2017-10-21T22:30:00Z,210.4380119,195.9722951,196.2982793,199.7564918,198.2567344,17.35329836,18.45756155,20.15735565,20.45542013,20.45645367,0.130706543,0.110950553,0.12960882,0.139412936,0.15088103
2017-10-21T22:40:00Z,200.1025502,200.5860029,204.2776896,206.6208097,193.2410822,20.6840466,22.26205719,21.67539498,21.29611296,21.2334302,0.17011813,0.159804087,0.133717552,0.124491365,0.146952697
2017-10-21T22:50:00Z,201.3587644,194.5263582,196.222635,219.4682785,199.8605618,18.83225662,20.15499629,20.11621549,21.1094358,21.06172325,0.17237417,0.134627735,0.141808126,0.147224735,0.087683997
2017-10-21T23:00:00Z,213.2421161,197.7978663,197.3883249,188.6767604,195.8227184,20.21134827,20.90316793,21.50528698,22.24987089,22.00053495,0.133728486,0.120935789,0.125520603,0.080743234,0.118275186
2017-10-21T23:10:00Z,203.2346077,208.8181961,209.2351483,202.0797875,187.2696782,18.71255193,19.79863848,21.71392726,22.09896486,21.7700627,0.145783209,0.123294315,0.123981901,0.156201367,0.136639008
2017-10-21T23:20:00Z,215.5913457,205.2569595,212.6109446,218.0737971,204.4684554,20.20938102,20.90743529,20.99698551,20.71597951,22.54761816,0.184159437,0.158616239,0.136384269,0.155545548,0.128476554
2017-10-21T23:30:00Z,191.0891198,190.4755046,199.9742903,198.6096202,192.6226046,18.19221665,18.03125625,19.81839007,20.0073852,19.43416952,0.130417904,0.131981069,0.129765444,0.136976497,0.132211978
2017-10-21T23:40:00Z,192.6009778,214.2147462,197.0722694,203.2756681,202.3793173,18.36060282,19.90864643,20.47317963,19.34749936,19.34659779,0.14070709,0.141982958,0.119760201,0.149165189,0.136180741
2017-10-21T23:50:00Z,202.3817997,188.6859262,190.0262408,190.4749982,197.0101251,18.65666849,19.11074231,20.9632015,21.90843103,21.37104385,0.146753288,0.1280937,0.136392843,0.115616747,0.117314255
