LOCATION: 
SYSTEM SERIAL: HKZMAST
TIMESTAMP (ISO-8601) UTC,WindDir030m deg,WindDir040m deg,WindDir060m deg,WindDir080m deg,WindDir100m deg,WindSpeed030mh m/s,WindSpeed040mh m/s,WindSpeed060mh m/s,WindSpeed080mh m/s,WindSpeed100mh m/s,TI 030m,TI 040m,TI 060m,TI 080m,TI 100m
2017-08-04T00:00:00Z,256.1552703,241.9901296,252.0506275,240.3791967,239.1234967,15.23365776,15.84734863,16.2370794,16.44960974,15.88889939,0.143619088,0.122007705,0.120848239,0.159026761,0.10164934
2017-08-04T00:10:00Z,232.4491052,245.4508474,260.7663471,248.2718427,259.2524371,16.01746712,16.34272205,16.81845781,17.88436986,17.12424808,0.095649068,0.113033767,0.12062798,0.116084021,0.099842227
2017-08-04T00:20:00Z,252.795092,247.7053776,256.586427,244.9091015,254.6918762,16.16641068,16.55142298,17.31374524,17.20237502,17.97887188,0.159223177,0.118169242,0.104221135,0.111382089,0.127752443
2017-08-04T00:30:00Z,272.3981607,271.2304827,256.8833298,241.8893783,235.333583,16.17383351,16.78117639,18.01970438,18.25278017,18.46115513,0.111508688,0.108008354,0.094170563,0.145527596,0.119980048
2017-08-04T00:40:00Z,224.9759991,241.1834412,260.4490536,235.0264015,257.2756728,15.3340475,16.03705416,16.91241898,16.40683782,16.60503888,0.110950807,0.110002115,0.126351509,0.104087773,0.119861875
2017-08-04T00:50:00Z,240.4095705,245.7960196,226.7984189,240.3616915,252.1664364,15.63785424,15.80062525,17.02292016,16.20844648,16.25679551,0.143624271,0.170877505,0.106344312,0.12314704,0.098305921
2017-08-04T01:00:00Z,239.1023165,246.521719,240.5771522,240.2376641,262.3705897,15.72224504,16.24678749,15.64248491,16.63931009,17.05282234,0.106392394,0.085026616,0.121708872,0.142877435,0.124303995
2017-08-04T01:10:00Z,235.2578718,245.9305141,262.4738625,259.3696493,251.8805304,15.46129121,16.57360377,16.44889394,16.48725378,17.48935178,0.115623716,0.105741375,0.081704702,0.076266042,0.156090446
2017-08-04T01:20:00Z,238.487078,240.9708199,243.7269359,251.1602414,261.5542214,15.85070325,15.18999788,16.87221757,17.12526481,16.3542083,0.137858971,0.128657309,0.147567801,0.119961751,0.143748725
2017-08-04T01:30:00Z,246.3384346,274.9199082,227.2794712,230.0481618,238.3181861,16.09897175,16.24473643,15.71503036,16.21392594,16.91477943,0.104265227,0.120136284,0.13508472,0.129075099,0.115701144
2017-08-04T01:40:00Z,229.3199114,243.4789887,233.2571531,244.659341,250.601667,14.5856499,14.59193323,14.66086598,14.99653426,16.9658267,0.110983367,0.15149074,0.147212979,0.140104219,0.090250333
2017-08-04T01:50:00Z,260.190176,233.20904,263.9571066,232.9721985,253.233976,14.99867887,15.75445184,15.80736106,16.32659196,15.85120511,0.120595098,0.141781612,0.126638382,0.115984328,0.094047492
2017-08-04T02:00:00Z,246.9106555,260.5800729,256.2304327,251.4828469,258.5382448,15.71314883,15.73807104,15.79748477,15.41633614,15.74598293,0.131750895,0.137262504,0.121141834,0.113703308,0.112819606
2017-08-04T02:10:00Z,232.4560808,255.0277284,232.3122339,256.9728747,256.8429094,14.84752818,14.96162418,15.50201172,15.14181565,15.49709571,0.140864677,0.148898781,0.151271829,0.109378746,0.104415986
2017-08-04T02:20:00Z,242.9264239,235.2953753,236.468241,244.0171299,257.8738359,14.37297315,15.09486077,15.16904841,15.23518884,16.04369654,0.130165882,0.092509552,0.174776695,0.109578231,0.143019877
2017-08-04T02:30:00Z,237.5872152,256.5184284,242.8237424,223.0225463,235.9236178,13.85722186,14.46606302,14.28281641,14.83528098,14.80322998,0.138811145,0.137458452,0.103392074,0.130035292,0.094681189
2017-08-04T02:40:00Z,241.9778873,257.6094277,251.4891951,252.1851331,250.283864,13.41401243,14.05381498,14.35371034,14.62482702,14.68629905,0.143726374,0.15981703,0.142803375,0.122628767,0.136829979
2017-08-04T02:50:00Z,239.4955266,257.1732921,234.8270457,236.2025052,248.1688223,14.34103579,15.27069393,15.13105501,14.68549722,14.32908979,0.145657046,0.12823111,0.152442306,0.148004481,0.10980011
2017-08-04T03:00:00Z,228.0105748,255.3421408,227.6225969,234.3358486,256.146093,14.63853434,14.78592875,13.52432036,14.7800707,15.25656309,0.11225274,0.1330633,0.133448785,0.140932925,0.119846735
2017-08-04T03:10:00Z,249.5163583,250.3152998,253.2157252,242.5363698,229.6924749,14.8596076,14.27751954,14.92773906,14.68141147,15.48085906,0.129911671,0.101077735,0.082527938,0.070120902,0.111631463
2017-08-04T03:20:00Z,263.0206147,245.4836008,251.4596346,253.8281815,237.3263226,15.93902596,15.69194731,15.91872592,15.71320122,15.30211152,0.113370926,0.127026747,0.111059094,0.149143739,0.145537724
2017-08-04T03:30:00Z,235.2746886,247.0002847,249.9450916,231.7750687,262.370146,14.8588701,15.57003984,15.06843865,15.75201492,15.91495241,0.129145616,0.098207606,0.171906702,0.1150768,0.097318261
2017-08-04T03:40:00Z,245.2459398,247.615577,223.6046478,233.0018742,251.2381464,14.52340415,14.99053479,15.10677479,16.47070385,15.8874458,0.129592452,0.123601456,0.11048547,0.122010767,0.139933621
2017-08-04T03:50:00Z,236.0518914,223.4150301,241.970399,247.3921143,230.9563499,13.1643512,13.46028615,13.86657355,14.53840996,14.30286756,0.142328013,0.15822733,0.134427338,0.151741115,0.119025086
2017-08-04T04:00:00Z,252.5726608,245.117481,242.6946829,257.5255202,236.776606,13.76934416,14.84447145,14.72713925,14.67505873,15.29100443,0.187324995,0.184380247,0.138451233,0.161595144,0.131901666
2017-08-04T04:10:00Z,241.225327,247.5644983,243.2992577,229.2124583,229.4073804,13.8742775,14.61789427,14.31829768,14.68952918,14.52332439,0.135153641,0.134605485,0.105670171,0.113208073,0.146935102
2017-08-04T04:20:00Z,241.5521482,244.4394397,238.8892385,239.862423,234.8037085,14.33766105,14.1219454,14.58964553,15.00015213,15.51120177,0.129520196,0.168585972,0.10554378,0.112977852,0.103872172
2017-08-04T04:30:00Z,239.3565416,231.671354,248.4900781,242.5261059,238.875014,13.91864591,14.03488565,14.13448652,14.88261361,14.84587415,0.126019054,0.143429084,0.119229562,0.121442354,0.143907187
2017-08-04T04:40:00Z,241.8875635,238.3781125,237.7295616,245.1602547,231.6889854,14.66881608,15.39153195,15.8766847,16.53623922,16.78552084,0.170353738,0.141497131,0.14041477,0.106650852,0.114542344
2017-08-04T04:50:00Z,241.5313822,236.4145201,237.0277247,227.5572821,233.9889806,15.07352758,15.73894108,16.18703482,16.20221106,16.59970821,0.123231759,0.141633279,0.132037265,0.13352946,0.134534066
2017-08-04T05:00:00Z,257.7579265,224.6695508,224.9527821,245.2715639,246.2490116,14.52227136,14.79691405,14.50459205,15.49735788,15.50736254,0.121634194,0.144413211,0.115756361,0.13670368,0.092345507
2017-08-04T05:10:00Z,241.6093274,252.6500152,224.4479991,234.3787487,230.4542319,13.36282829,14.04359289,15.23224064,14.55556095,14.95035838,0.136416254,0.152546643,0.117927853,0.146358385,0.146488686
2017-08-04T05:20:00Z,229.7887847,244.5527328,239.086572,229.7225152,239.8687957,14.28211405,14.55780798,14.13905351,15.28201444,15.46948275,0.166282887,0.137516337,0.141757474,0.117899119,0.12141404
2017-08-04T05:30:00Z,253.1680017,233.2534256,232.8184443,216.499274,221.6576733,14.42230171,14.74728078,15.67146076,15.4592792,14.97352904,0.143501608,0.140950287,0.12593075,0.122959205,0.105631833
2017-08-04T05:40:00Z,213.7902329,237.3334974,243.4803694,237.0365021,232.2068559,13.91929137,14.26496446,15.03102443,14.41688706,14.99641105,0.107259539,0.131846371,0.10950895,0.135080979,0.138612806
2017-08-04T05:50:00Z,227.9732152,249.4829064,249.4351951,239.0828139,243.9811517,14.82751805,15.24055193,15.15953671,15.5095624,15.47326929,0.160269485,0.13507893,0.107815623,0.116696092,0.11917992
2017-08-04T06:00:00Z,225.549707,258.1762709,234.733289,253.9629074,239.0404025,14.31424377,14.88616408,15.50718814,14.96003928,14.716993,0.150463122,0.123181181,0.143707686,0.120169258,0.147016878
2017-08-04T06:10:00Z,238.4756785,228.2543905,237.5885258,242.9307066,228.3467659,14.06479539,13.89558609,14.47628393,15.82624266,15.14930618,0.155916778,0.158614022,0.131301954,0.215416076,0.120298805
2017-08-04T06:20:00Z,245.673305,226.3725647,252.0371437,250.501089,247.3765257,15.32497323,15.01909726,14.75751371,14.94028268,15.71244329,0.185473306,0.162261073,0.15936845,0.20590006,0.141130568
2017-08-04T06:30:00Z,233.2113383,234.147151,249.534671,245.1489125,240.7513427,13.49642858,13.92061016,14.51383958,15.07355218,15.55419905,0.167135747,0.207190336,0.119563292,0.087936267,0.121019863
2017-08-04T06:40:00Z,239.7208717,240.6778635,240.0391476,239.0091875,235.6821028,13.8894375,14.8829719,14.8594986,15.08187997,15.62719528,0.13475026,0.153269611,0.119050776,0.125146664,0.089777505
2017-08-04T06:50:00Z,243.0881194,233.4874565,244.3507308,250.0756541,241.8141635,13.32010386,13.68556021,13.43273468,13.81094896,15.13787567,0.11868859,0.11602781,0.126578688,0.107271869,0.093127822
2017-08-04T07:00:00Z,243.6615443,250.1864307,244.3963346,244.9749049,252.2531554,12.79594543,13.62057471,13.73192257,13.65515512,14.04572166,0.117244816,0.1372345,0.134175921,0.120530308,0.130719838
2017-08-04T07:10:00Z,251.047509,228.3038173,235.9056094,229.775761,234.0994155,13.67104577,13.68889146,14.27619037,14.34538074,14.71019299,0.148439339,0.162514159,0.136935111,0.101637908,0.100854176
2017-08-04T07:20:00Z,255.9402726,246.3209776,250.0241698,252.0056349,251.5923083,13.73831309,14.28682092,14.55097643,14.57288226,13.72603374,0.082783716,0.1053214,0.122275343,0.09405406,0.089237049
2017-08-04T07:30:00Z,253.2578796,244.5163442,242.9987559,255.7125497,237.5363065,13.19744746,13.40189503,14.15216693,13.66005771,13.92971945,0.156014219,0.161109602,0.116981634,0.110254719,0.120762466
2017-08-04T07:40:00Z,237.3290868,242.7254802,261.426692,264.7025242,231.5703016,12.63437513,12.33306184,12.41772131,12.62686497,13.1747783,0.112413315,0.219920208,0.1518563,0.103779471,0.130317996
2017-08-04T07:50:00Z,239.2019763,255.14002,247.0982251,251.1927609,249.9060952,12.50334316,12.17011021,12.58774129,13.11227236,13.98131719,0.124862278,0.118524307,0.150756204,0.118278329,0.111747137
2017-08-04T08:00:00Z,227.758949,233.8592447,243.0900582,247.0038815,242.5426377,13.01673164,13.75302823,14.41534802,15.16054059,14.46575709,0.142989269,0.150529435,0.082591054,0.124430077,0.142794049
2017-08-04T08:10:00Z,243.3814299,219.6989224,244.80782,264.6603036,234.3473507,12.89838665,13.12809157,13.88433115,13.5697454,13.68071026,0.162376611,0.145371331,0.145055374,0.093381143,0.106340035
2017-08-04T08:20:00Z,236.7397224,234.1482632,219.5186504,239.929136,252.9234134,13.57244902,13.57528267,13.71147923,13.6291154,14.13206207,0.113013122,0.153081431,0.097832391,0.138619189,0.122592995
2017-08-04T08:30:00Z,222.4309426,255.0830263,245.8521285,237.2722614,251.1631813,13.21005858,13.2463775,13.70199354,14.67972228,15.40562932,0.13837497,0.139680579,0.102264846,0.108496414,0.126884697
2017-08-04T08:40:00Z,250.9751572,231.801401,247.4612551,233.8589709,239.3082143,13.58318145,13.37745503,14.20404389,15.07787741,15.08639017,0.166060255,0.147070353,0.171737709,0.119825284,0.1069005
2017-08-04T08:50:00Z,241.160407,259.9734748,246.1564106,221.665596,222.701735,12.45841343,12.90925446,13.33847336,14.13209688,14.02361404,0.150990626,0.167788216,0.133889948,0.103484204,0.143394037
2017-08-04T09:00:00Z,234.7175955,246.7720777,228.0616419,234.6220698,231.1640149,12.80666691,13.44159589,14.33974646,14.24418403,13.69946592,0.117905041,0.131812514,0.131078549,0.131208184,0.139776829
2017-08-04T09:10:00Z,242.5110669,238.1366485,254.9718539,234.4778812,237.0941095,14.22067159,13.82006443,13.75787411,14.25158926,13.94749737,0.126990033,0.123056228,0.187203481,0.124390952,0.113791822
2017-08-04T09:20:00Z,220.3241212,213.8799856,234.6968712,242.4731382,248.4482496,14.29813266,14.98206501,15.23767695,15.49187496,15.22477446,0.109295176,0.196647362,0.109375717,0.101568704,0.137146729
2017-08-04T09:30:00Z,248.7065262,242.7424818,240.249716,245.8842405,234.8811208,13.42673497,13.27181818,13.94153042,13.66229172,14.24231445,0.133106885,0.12228534,0.115741852,0.125758941,0.145462731
2017-08-04T09:40:00Z,253.2887286,237.6915242,249.4796127,236.8053115,249.473991,12.60366558,13.31037083,13.46417697,13.72094373,14.41184401,0.132225596,0.164810485,0.113288223,0.166208636,0.148833514
2017-08-04T09:50:00Z,259.8910413,250.3175382,227.7681051,222.800059,239.6706923,13.29109528,14.41865914,14.22508182,15.19275525,15.57602985,0.13229636,0.131429373,0.121418453,0.127020709,0.129889718
2017-08-04T10:00:00Z,248.2115613,231.6222404,227.8003683,246.5601636,234.7322801,13.96549026,13.60006226,14.29853118,14.05829871,14.2077011,0.133097235,0.14472172,0.153802907,0.143177923,0.157220003
2017-08-04T10:10:00Z,250.1782906,238.087691,242.910514,262.1671469,239.2202285,13.68660114,14.36873405,15.00241142,14.62174307,14.32757921,0.145834491,0.121812374,0.130898897,0.139979291,0.118446331
2017-08-04T10:20:00Z,257.0279919,243.4993197,249.478499,260.7584564,235.7183627,12.85249145,13.7278424,12.97128716,13.47996649,13.69737826,0.172754698,0.124210184,0.117069204,0.159124073,0.123813266
2017-08-04T10:30:00Z,243.3954763,225.0838502,230.7379028,228.3715369,227.5253753,14.05397759,13.82021799,14.17779318,14.05869859,14.14450481,0.134121688,0.123209134,0.104251632,0.14259066,0.115133362
2017-08-04T10:40:00Z,237.4022548,231.1291497,236.1118283,246.6423101,230.3334211,14.02234573,13.67323039,14.68228741,15.04936159,16.1340832,0.103830227,0.147695733,0.128888115,0.105451021,0.09456074
2017-08-04T10:50:00Z,245.300495,234.3567273,251.6574562,242.8802793,243.9933407,13.44532882,14.32054463,13.96109462,15.3336767,14.66505514,0.12151379,0.13740541,0.11965298,0.132001443,0.160882055
2017-08-04T11:00:00Z,230.9183864,238.3432231,229.1675749,245.2365517,254.3587424,13.22384195,13.56454091,14.88806737,13.69976285,14.57749004,0.129191433,0.099211849,0.118699904,0.130391422,0.133612523
2017-08-04T11:10:00Z,226.3244225,233.3946454,248.038768,251.1006858,233.3546617,13.54790621,13.38500257,13.50156895,13.38653162,13.66163278,0.125716051,0.132907129,0.136883956,0.105661032,0.11636869
2017-08-04T11:20:00Z,239.879858,234.4441373,240.4944138,235.2113529,265.6989645,13.29000421,14.00198365,13.86542841,13.81879314,13.98362406,0.119783511,0.111235379,0.124363638,0.12507713,0.136614602
2017-08-04T11:30:00Z,223.2920015,241.9184691,229.0535346,242.7239368,239.147617,13.63073032,13.10547281,13.53367168,14.01777047,13.87370825,0.120661943,0.096950966,0.087511357,0.108391301,0.112229631
2017-08-04T11:40:00Z,254.5809643,229.7111539,221.4610825,244.8090272,246.041655,13.53604865,13.47391023,14.41852303,14.25994862,13.5289266,0.090836192,0.13533629,0.127871242,0.106988111,0.103914562
2017-08-04T11:50:00Z,235.2953526,238.1638483,245.1856674,232.1338882,235.3972094,14.22152498,14.46903806,14.69467144,15.55142226,14.92667721,0.108252754,0.135806696,0.143867619,0.118078859,0.121942229
2017-08-04T12:00:00Z,241.9042501,231.4222981,254.3791021,237.6242863,224.8834011,13.70442152,14.36658622,14.40228081,14.66884623,13.67616363,0.09537385,0.108575507,0.098849392,0.105273039,0.125747739
2017-08-04T12:10:00Z,239.2818705,230.5075488,230.3617031,233.8232435,226.9967772,13.69696205,14.47688971,14.53182557,15.037761,14.25210647,0.180253638,0.149333178,0.076814601,0.095424237,0.095331055
2017-08-04T12:20:00Z,248.721477,238.7966812,251.0914035,234.5165464,238.9924273,14.39939906,13.65865519,14.40695535,14.77059665,14.55368916,0.088813751,0.136844794,0.108282407,0.107876019,0.098179875
2017-08-04T12:30:00Z,246.3755295,246.7509971,237.8299086,240.3649314,239.1384196,13.75137308,14.09351996,14.39936146,14.49462301,14.46015764,0.126331401,0.102188282,0.078209543,0.121020486,0.135065101
2017-08-04T12:40:00Z,241.7628144,245.3874137,224.6590803,231.1745717,228.4392997,14.94309299,14.80507262,15.76821763,15.17136274,15.16232747,0.15687754,0.10739146,0.122919452,0.124232684,0.099115894
2017-08-04T12:50:00Z,231.0569502,237.8123944,241.2294222,240.2055413,265.9336109,14.5079237,15.58818933,14.90413407,15.0953682,14.44836485,0.095863469,0.133685127,0.124001962,0.108685363,0.134128664
2017-08-04T13:00:00Z,245.2683776,233.9988688,240.0029628,241.2142701,225.0984521,13.6247561,14.75930702,15.07437909,15.04573033,13.79633857,0.149170065,0.086069552,0.105406521,0.100097514,0.139242348
2017-08-04T13:10:00Z,239.1728762,252.5858882,219.5543384,256.7442688,255.9044846,14.16628928,14.21171425,14.42892718,15.32937172,15.32247649,0.156277504,0.162117107,0.10232027,0.117266987,0.136033527
2017-08-04T13:20:00Z,217.7825315,242.805073,233.1186416,240.7168264,248.3493666,14.14841818,14.54356108,15.03346287,15.40681679,15.14702438,0.148554128,0.116459199,0.125873397,0.154792698,0.125578635
2017-08-04T13:30:00Z,254.533276,252.1708466,234.8705475,238.8863386,238.9870793,13.13380211,14.18847887,14.19367829,14.77639906,14.86175795,0.147183563,0.111493668,0.08231379,0.104986003,0.120906108
2017-08-04T13:40:00Z,235.4194479,244.3281794,240.3885593,248.2156647,244.0748485,13.14686684,13.65188041,13.68682352,14.69728237,14.42151607,0.133366582,0.144068247,0.141479456,0.126838786,0.124777565
2017-08-04T13:50:00Z,226.4647348,252.4413593,236.4974373,240.2793153,226.2757663,13.2686431,13.66026391,13.89305421,13.96992701,13.89054997,0.151439607,0.166665751,0.128081472,0.103831529,0.105005489
2017-08-04T14:00:00Z,243.3516417,255.4643581,223.3757323,230.8606274,233.1236819,13.05128129,13.70764803,13.99875515,14.65647101,14.26315267,0.162740566,0.131015341,0.141064851,0.126375965,0.118864674
2017-08-04T14:10:00Z,249.4387338,244.2614511,226.815949,254.4410736,239.2699603,12.90869213,13.49192643,12.97500249,14.25858164,14.5619227,0.142996302,0.113047626,0.119144163,0.090171818,0.104845613
2017-08-04T14:20:00Z,233.8542845,232.0451507,246.4147374,257.2183783,258.2867101,13.21812986,13.47025603,13.97674048,14.325092,13.69549951,0.119185228,0.100023143,0.110094375,0.094642515,0.080360298
2017-08-04T14:30:00Z,238.2193605,243.9604002,248.5713824,241.261282,237.9120265,13.27534799,13.22719201,14.19080972,14.04130303,13.34582433,0.118136394,0.145506097,0.106422849,0.114665537,0.097236182
2017-08-04T14:40:00Z,258.1927811,260.3770964,253.5344406,235.2769216,251.8658085,13.02694818,13.07866746,13.25691152,13.2737483,13.51561694,0.080601963,0.112589375,0.143514951,0.120023741,0.099486903
2017-08-04T14:50:00Z,239.1561839,234.1422377,235.2501299,233.3495297,221.9517415,12.69216773,12.45343907,12.90085567,12.15432292,12.70101473,0.156078151,0.174909092,0.177466621,0.154222482,0.101083505
2017-08-04T15:00:00Z,246.0113663,242.6349732,232.7920478,219.4873883,234.4682915,12.91513696,12.47102209,12.90745984,13.78528502,13.83206316,0.130772329,0.154988494,0.115156067,0.102910641,0.126785271
2017-08-04T15:10:00Z,234.6772571,232.0592311,250.9854464,223.8653601,240.6933096,12.39891026,12.72281707,12.99643334,12.90458599,13.1954178,0.17869612,0.132206938,0.145407471,0.129346446,0.134098001
2017-08-04T15:20:00Z,244.7930005,224.6171292,212.9523259,231.2287326,244.5534878,12.53908955,13.06483435,13.86082701,13.56874792,13.15007681,0.110569134,0.134936529,0.100203674,0.117832457,0.123809843
2017-08-04T15:30:00Z,239.9142259,236.0678525,237.7923768,229.5780472,232.2666047,12.52969825,12.33643448,12.99213185,12.7449317,13.13952797,0.144725889,0.140085,0.117982179,0.119250514,0.070551435
2017-08-04T15:40:00Z,246.4909108,225.3362741,233.3731653,223.777363,229.1408973,11.38577651,11.82705438,11.86424673,12.82097105,13.14745325,0.129556901,0.119818421,0.142084283,0.109178086,0.089811037
2017-08-04T15:50:00Z,245.2682925,228.2468366,230.5532322,241.2399404,255.65004,12.72986682,12.21541587,12.22386467,12.95413504,12.78494907,0.147767357,0.120264532,0.117096057,0.113973117,0.117875984
2017-08-04T16:00:00Z,227.8806175,216.8778764,225.4460986,248.8081649,234.5898764,11.39384648,12.22151427,12.73166189,11.97346697,12.84740515,0.156901507,0.145118405,0.135667999,0.115900749,0.12543412
2017-08-04T16:10:00Z,225.5210397,220.0592292,222.5084056,231.8790353,227.8204258,11.50137146,12.09788739,12.91371849,12.67944579,13.29236078,0.131532514,0.165719372,0.120737654,0.086844949,0.102636849
2017-08-04T16:20:00Z,239.2836639,240.7367643,241.6144674,227.0734239,232.3784222,11.67522417,12.08489626,11.70383473,12.19686604,12.36775276,0.165534419,0.151087583,0.168147986,0.130960472,0.110949264
2017-08-04T16:30:00Z,238.8933598,239.2313205,224.0235179,226.1911965,232.5659871,12.01115036,12.35269888,13.42654415,14.0100869,13.98213234,0.164722979,0.16752056,0.087253087,0.150753949,0.147771474
2017-08-04T16:40:00Z,232.5908936,223.2320747,246.0757262,238.0064541,223.2345792,13.45386008,13.27842658,13.28627206,13.76462285,13.67941326,0.159032335,0.097224735,0.159666401,0.12526915,0.124684375
2017-08-04T16:50:00Z,243.2243137,219.3891005,226.0840238,220.0231433,234.7203208,12.72086161,12.9830263,13.09518453,13.80798926,13.7246938,0.139292293,0.144823361,0.102326671,0.118479261,0.133185219
2017-08-04T17:00:00Z,241.3069563,219.9702037,213.5430661,223.3397919,233.538394,13.22076634,13.82337749,14.17889661,14.38842751,14.30935936,0.10037856,0.09426296,0.128284667,0.082211166,0.10592346
2017-08-04T17:10:00Z,231.0863433,228.1265328,229.1952253,234.7333113,233.4197946,13.03457082,14.1107733,14.11962905,13.72150411,13.06902012,0.108584131,0.150361688,0.089330215,0.110335495,0.136733589
2017-08-04T17:20:00Z,239.9403457,232.301121,240.0046313,229.5913601,240.9836629,11.95303029,12.26827062,12.15214257,12.70907191,13.4281661,0.17789054,0.118273199,0.156868138,0.16858775,0.126680453
2017-08-04T17:30:00Z,228.914611,215.7833812,226.3848893,247.7135132,232.0865512,12.58651656,13.02622022,13.32625824,13.75354382,13.89427512,0.11761098,0.154775495,0.131455716,0.128962888,0.167961658
2017-08-04T17:40:00Z,236.3551287,221.8189474,224.983909,225.6974991,229.7351225,12.4683703,13.04970607,13.6341268,12.96828681,12.83950116,0.104829718,0.120436876,0.121097261,0.129588698,0.119293016
2017-08-04T17:50:00Z,221.7400111,226.5963744,198.0546788,239.171115,229.3933169,11.95500168,11.84396434,12.90602919,12.95985015,12.81041005,0.12682941,0.114423269,0.122191477,0.129137533,0.1315869
2017-08-04T18:00:00Z,220.1575648,231.1397638,225.7894294,221.5071559,229.8129755,12.28387234,12.40243003,12.37146297,12.81247293,13.2003157,0.131057147,0.106199982,0.092693959,0.127248533,0.100091289
2017-08-04T18:10:00Z,234.0387279,222.0988437,215.6973128,213.310234,240.7866723,11.47332782,12.01744523,12.34870316,12.31431812,12.12245766,0.098926755,0.097628353,0.128787017,0.119405622,0.126784984
2017-08-04T18:20:00Z,242.0661469,228.0264235,242.6624632,237.5884665,246.0284563,10.40448513,11.11324311,11.83756833,11.48650061,10.86799941,0.135880211,0.117828544,0.077041313,0.14692928,0.174946385
2017-08-04T18:30:00Z,226.2364732,241.1847482,230.2143756,236.7738778,234.8055889,10.11199019,10.23058547,10.67041532,10.99046306,11.05666628,0.144957679,0.136847786,0.122853657,0.11705127,0.110540401
2017-08-04T18:40:00Z,241.3616528,243.5967522,240.0046029,244.3927023,231.1235599,10.45130929,10.56820268,10.93661594,10.9068826,11.15811793,0.148639942,0.102252785,0.140398821,0.108184211,0.134657839
2017-08-04T18:50:00Z,210.6538908,222.7385834,218.2839588,241.6502688,244.5443784,11.07456611,11.68300782,11.45701356,11.88197905,11.39607695,0.113145433,0.093017179,0.11690295,0.12137232,0.102945047
2017-08-04T19:00:00Z,230.3720592,239.9447504,239.9081392,225.9710168,235.7093812,10.67889576,10.76481539,10.8227654,11.09484546,11.36195398,0.083373261,0.117592596,0.135429667,0.101785628,0.144913382
2017-08-04T19:10:00Z,213.8170659,243.8228919,231.797465,224.5216641,222.0569889,10.85743818,10.89410243,10.74909655,10.70604588,11.45323347,0.097402549,0.097814192,0.159052731,0.113425791,0.113711947
2017-08-04T19:20:00Z,213.3698931,234.7506791,231.289043,220.4554821,237.6833237,10.63157166,10.71069572,10.23286817,10.5817877,10.50869974,0.138245285,0.180871512,0.136132364,0.125683365,0.112236635
2017-08-04T19:30:00Z,228.6461638,219.6646627,241.0380382,226.8217376,248.7161536,10.89860617,10.75253042,11.13534223,10.4627234,10.98528723,0.126224497,0.134894832,0.128037428,0.094967104,0.075711482
2017-08-04T19:40:00Z,265.7292089,247.7834281,237.3273275,233.7223434,231.7354098,9.997420831,10.06868861,10.5474043,10.6630571,10.9181159,0.179185036,0.14919003,0.129073055,0.120231418,0.118851169
2017-08-04T19:50:00Z,228.4146811,251.7148988,217.5541913,216.7935372,234.7006751,10.9880429,10.75266626,10.80173555,11.63474298,11.2288435,0.131481171,0.14269561,0.099198462,0.098503835,0.113673252
2017-08-04T20:00:00Z,235.387976,224.6529518,230.7703529,228.9881263,231.8886245,10.20660938,10.99820367,11.06998724,11.06625297,11.38721558,0.13516298,0.120438994,0.1226509,0.126372454,0.117456969
2017-08-04T20:10:00Z,238.3523671,240.1037746,242.6643464,236.9625939,219.4507076,9.759914847,10.28098224,10.44164624,10.07952859,10.46699015,0.120320259,0.111160445,0.100793154,0.121699773,0.141148557
2017-08-04T20:20:00Z,243.1295989,233.6538783,228.3741981,231.9627874,226.271082,8.971517956,9.358793828,10.04158373,9.72466907,10.79996623,0.129246513,0.11801061,0.112969515,0.112049854,0.13689714
2017-08-04T20:30:00Z,220.9005072,237.9191994,230.8605946,212.2974049,211.2392529,10.20483673,10.61970409,10.4901206,10.59875155,11.45119687,0.167184657,0.162994418,0.134221189,0.118106675,0.126513614
2017-08-04T20:40:00Z,231.4704086,236.0970864,215.5620334,236.1078542,226.8217327,10.08665692,10.16253589,10.58938637,10.69458589,10.74763934,0.121423934,0.149028544,0.120367392,0.098331654,0.10350752
2017-08-04T20:50:00Z,228.2411692,231.8630989,237.2836985,239.7591339,222.6950481,8.89826662,9.226414119,9.927236025,10.06164445,9.997902122,0.116758175,0.149572013,0.124831652,0.170985359,0.127917639
2017-08-04T21:00:00Z,253.1458597,234.5212468,217.3067778,231.8482127,234.3204496,10.13994005,10.80593326,10.83028872,10.35929409,10.90702348,0.112594292,0.125219516,0.130667443,0.108238879,0.113039202
2017-08-04T21:10:00Z,258.3735661,246.3024727,234.7231855,221.6419098,241.6564867,9.505366626,10.19944887,11.03722126,11.26061834,11.37648066,0.121394285,0.125037823,0.142664354,0.148618871,0.129577988
2017-08-04T21:20:00Z,239.3531299,236.9211014,225.593055,230.3566398,242.2751354,10.23631417,10.42088037,9.93119207,11.12581092,11.58403269,0.169809923,0.163035947,0.145889582,0.094905944,0.1116041
2017-08-04T21:30:00Z,237.6303272,244.7640486,233.1784287,243.5332824,243.948635,10.14419627,10.25958173,10.86555494,10.93899192,11.42536433,0.150182139,0.134465877,0.140646476,0.116547736,0.102076411
2017-08-04T21:40:00Z,213.6355535,238.9899586,231.834835,222.5353888,243.6249485,11.35921045,11.67496345,10.90555908,11.00304312,11.36672876,0.108678603,0.106663989,0.098821114,0.100176275,0.126520079
2017-08-04T21:50:00Z,229.9539903,250.1730025,235.3246783,218.9018369,219.2051185,11.02273571,11.31396618,11.94547235,11.60872854,11.82977461,0.153902716,0.152360747,0.15072513,0.118365618,0.121391371
2017-08-04T22:00:00Z,241.9138201,237.6784621,229.2479489,242.7847214,223.2151872,10.57050775,10.90683925,11.50768423,11.25340651,12.10120425,0.094525826,0.160655971,0.098182553,0.11752078,0.140061749
2017-08-04T22:10:00Z,236.3513001,252.4719419,231.4027946,238.8121401,236.6676535,11.51919401,10.97503371,11.92369063,12.25608641,12.43412021,0.130416461,0.187356009,0.121584328,0.087146009,0.125991802
2017-08-04T22:20:00Z,221.4469057,227.5813404,220.6234756,233.3546954,233.6592961,11.19348806,11.02903987,11.57053299,11.99285491,12.25274254,0.12658199,0.114386295,0.119512903,0.107105347,0.117155125
2017-08-04T22:30:00Z,232.2212756,243.7429658,240.1852864,245.2747915,220.6194144,10.89116808,11.50108247,11.6525763,12.1626213,11.60937562,0.13554932,0.137249946,0.15242477,0.158261153,0.155886547
2017-08-04T22:40:00Z,250.9545638,253.5530412,227.6467556,229.2375503,227.362965,11.2271052,11.37075655,11.46797239,11.34119756,10.76640861,0.156797316,0.122149638,0.118720157,0.116503275,0.115936454
2017-08-04T22:50:00Z,234.055365,231.6297704,255.8706116,244.809493,252.4419321,10.57336767,10.69048904,10.86009912,10.90020588,10.79092928,0.127979811,0.154646291,0.138131974,0.114621946,0.157900047
2017-08-04T23:00:00Z,250.4559584,252.5345701,246.5762008,244.534814,244.4638588,10.31002817,10.8996136,11.29681575,10.44861555,10.79219005,0.106812128,0.108563476,0.133709235,0.14386002,0.140921526
2017-08-04T23:10:00Z,231.8791692,221.6049802,227.6472437,248.4645423,251.3632883,10.62460701,10.20618948,10.52804851,10.86968064,10.51409586,0.141942587,0.115569602,0.185016176,0.106989539,0.096616105
2017-08-04T23:20:00Z,270.0423912,248.1240143,239.2626317,236.9232895,238.5333581,10.58226717,11.04088573,10.93073819,10.57777943,10.33543878,0.1357236,0.090189526,0.095811249,0.145440777,0.149921636
2017-08-04T23:30:00Z,253.6030717,258.4625779,250.0245607,260.8463546,253.5570322,10.27087929,10.20176009,10.23199928,9.966407383,10.45659606,0.142646285,0.106239428,0.116881925,0.103012311,0.104390265
2017-08-04T23:40:00Z,248.3769896,258.1690696,281.509595,272.9369675,265.5450405,9.018121017,9.574951421,9.513848756,9.415894739,9.203264757,0.121915379,0.108744013,0.115591351,0.126963235,0.14884288
2017-08-04T23:50:00Z,275.5938507,261.1782454,270.3208825,249.8641329,269.1800871,9.218869511,9.265577646,9.09731092,8.948546022,9.128536817,0.111223362,0.172816777,0.082784358,0.118892249,0.107473296