LOCATION: 
SYSTEM SERIAL: HKZMAST
TIMESTAMP (ISO-8601) UTC,WindDir030m deg,WindDir040m deg,WindDir060m deg,WindDir080m deg,WindDir100m deg,WindSpeed030mh m/s,WindSpeed040mh m/s,WindSpeed060mh m/s,WindSpeed080mh m/s,WindSpeed100mh m/s,TI 030m,TI 040m,TI 060m,TI 080m,TI 100m
2017-04-16T00:00:00Z,291.3131516,298.8176257,299.2149782,294.8853566,287.8101668,10.57833305,11.42113615,11.10592481,11.74452053,11.72578268,0.130627733,0.12008643,0.113177077,0.13637302,0.128732611
2017-04-16T00:10:00Z,289.3823061,304.1936536,292.2633038,282.9900027,265.5065205,10.95884465,12.22855541,12.20517005,12.17690658,12.57877625,0.124132069,0.10634516,0.14265026,0.093805371,0.090809081
2017-04-16T00:20:00Z,291.4253077,297.5556649,285.0084831,284.8825271,295.6928136,11.76486779,12.74049555,13.15386812,12.9572787,13.09796224,0.15067922,0.155787627,0.112787068,0.130926929,0.12900417
2017-04-16T00:30:00Z,297.0411405,292.5750332,309.1025881,309.4993222,312.012892,11.37894945,12.01010757,12.66726704,12.79839791,12.58386629,0.123305632,0.107038353,0.095636515,0.12646006,0.130901009
2017-04-16T00:40:00Z,280.1470802,303.288518,286.9057021,311.6280263,289.4801769,11.01128823,11.34938315,11.4167873,11.72821425,12.65538798,0.130121328,0.162715079,0.1041275,0.135394542,0.140289648
2017-04-16T00:50:00Z,284.3639837,285.955148,274.6009861,279.5986613,311.2640475,10.5770924,10.08756934,10.62447506,11.06104687,11.06046671,0.127128622,0.131530029,0.10582194,0.132546619,0.128631108
2017-04-16T01:00:00Z,294.3490746,302.3856315,298.0046114,296.2174108,305.3010342,10.37915161,10.6439966,10.38702337,11.09142982,11.30117142,0.152805921,0.119830819,0.157251629,0.094017644,0.124585937
2017-04-16T01:10:00Z,304.5057704,309.0686334,300.5600547,324.721369,312.3480326,10.554235,10.97708766,11.1426314,11.68149242,12.04594539,0.161625101,0.171170049,0.166960171,0.111462323,0.119327209
2017-04-16T01:20:00Z,298.7633943,300.3659652,300.2068391,301.1898828,308.5804029,10.94113329,11.30273492,11.71123394,11.87494703,11.66553958,0.113433104,0.120791546,0.131675282,0.11497198,0.121411232
2017-04-16T01:30:00Z,304.3979758,324.5943547,285.3946454,305.3860012,286.5223217,11.28981739,11.15207884,11.8094492,11.42717523,11.53956604,0.140934054,0.113033091,0.08578513,0.12814237,0.11710781
2017-04-16T01:40:00Z,302.7887943,293.1277215,291.9491331,299.9022056,285.9859102,9.954138824,9.775363543,10.20303138,10.54030169,10.47673638,0.156895127,0.136598364,0.125339682,0.112533362,0.164471511
2017-04-16T01:50:00Z,305.836199,304.091716,314.1281475,309.7840459,303.0081203,9.762722076,10.10440989,10.4677283,10.53341007,10.49209196,0.102442179,0.129921,0.100349708,0.14126197,0.10848266
2017-04-16T02:00:00Z,307.9056827,305.6891591,303.0722378,301.2751111,304.3466848,9.704564372,9.929785917,10.46056608,10.36422123,10.05460946,0.130130475,0.119157902,0.155496786,0.124883252,0.121757731
2017-04-16T02:10:00Z,334.9698949,319.6748065,332.2284849,314.6017419,302.2114285,10.26924561,10.45603996,10.87559482,10.80233357,11.24467663,0.155398399,0.126621158,0.106966918,0.14092233,0.104812814
2017-04-16T02:20:00Z,317.5568086,286.6840902,298.6829587,318.6750881,318.3118994,10.48816173,11.12462991,11.11405439,11.39485855,10.94004773,0.116856634,0.116131874,0.136550357,0.136770779,0.161347697
2017-04-16T02:30:00Z,316.7489455,326.6491243,302.4941335,313.0495757,327.330684,10.58167258,10.93171161,11.37335113,11.48120923,11.26767514,0.141231528,0.107922555,0.084765884,0.072499136,0.118623499
2017-04-16T02:40:00Z,297.8722725,312.61203,300.7287102,320.1273541,317.2649813,9.877148593,10.12568727,10.36463712,10.84839464,10.82889054,0.114738734,0.139355286,0.153131371,0.129054165,0.112848214
2017-04-16T02:50:00Z,316.4363338,314.902941,311.4366124,303.9516432,320.4296194,9.813398273,10.5853997,10.75189668,10.2615166,10.91493962,0.149533431,0.110551391,0.124913318,0.135545176,0.147288706
2017-04-16T03:00:00Z,331.7525921,304.9088781,293.8239371,302.5831357,289.1512095,9.881018494,10.0648155,10.59130886,10.88110072,10.71972767,0.132681483,0.154997204,0.14740612,0.118539396,0.10847713
2017-04-16T03:10:00Z,307.211563,316.901234,309.1521864,334.611428,311.7154415,9.503890315,9.308840904,9.822977378,9.776261212,10.2207374,0.107099056,0.151513065,0.147313815,0.110812021,0.176588452
2017-04-16T03:20:00Z,305.0483595,306.5641084,302.8628329,290.1328141,324.4951059,9.905431563,9.708311578,9.995094878,10.38099184,9.960154798,0.165159039,0.14072722,0.181312397,0.110171793,0.109224456
2017-04-16T03:30:00Z,316.0793031,298.8642834,297.8227601,311.0311526,288.0932849,10.1118156,10.56792567,10.37649076,10.51559317,10.92804032,0.172958559,0.153908606,0.176334357,0.139419673,0.122678621
2017-04-16T03:40:00Z,309.2666642,306.7731562,313.6246845,317.7086191,323.811106,10.65303606,10.5180836,11.28120473,10.71503246,10.27452937,0.11652736,0.083564617,0.123922461,0.11141684,0.120818063
2017-04-16T03:50:00Z,309.8138678,309.3750084,319.2198675,314.2304372,309.9054323,9.962328797,10.16235067,10.41436848,10.85996424,10.35929951,0.106487452,0.130288343,0.125209692,0.095497049,0.134996949
2017-04-16T04:00:00Z,331.4409988,320.8512328,311.2385909,293.8634432,317.3689458,10.29311851,9.974413223,10.36831354,10.17139741,10.88740073,0.133415041,0.151691117,0.09527874,0.130162043,0.116605914
2017-04-16T04:10:00Z,299.741148,300.6378163,309.8425259,303.9479362,293.8573956,9.879906567,9.920335464,10.72173128,10.18191231,10.8818588,0.124630687,0.101319833,0.161713924,0.127795534,0.123160721
2017-04-16T04:20:00Z,318.2714105,309.449342,299.0460555,291.1515906,300.1880694,10.33429756,9.958118068,10.27769829,10.39109689,10.74398545,0.140968175,0.176633658,0.112632397,0.126547462,0.124348166
2017-04-16T04:30:00Z,343.9390877,302.6697119,311.1587223,315.2670631,306.512261,9.786894475,10.0704003,9.901856638,10.29200256,10.81216437,0.131106458,0.134423468,0.107240364,0.107521222,0.116915772
2017-04-16T04:40:00Z,307.9530117,285.4310324,321.4837062,320.6666378,292.232614,9.913170519,9.526944593,9.75187453,10.16432259,10.44125906,0.111045265,0.119824687,0.148929637,0.128154378,0.093354771
2017-04-16T04:50:00Z,297.4091366,325.4528844,335.014718,305.8027292,308.2776143,10.41179405,9.983613908,10.6893822,10.78292986,10.43408238,0.099880066,0.105914587,0.088580478,0.114001297,0.099995165
2017-04-16T05:00:00Z,294.8223573,309.3388894,314.9497527,330.1811324,277.3537015,10.12433547,10.78531246,10.53535218,10.35098929,10.40078964,0.153216221,0.110014189,0.098479232,0.115974741,0.088938758
2017-04-16T05:10:00Z,324.2661514,299.1749329,303.9710178,314.6946144,312.9542705,10.05270192,9.570930836,10.31767581,9.867482774,10.1371449,0.139135113,0.116043872,0.1209878,0.128516997,0.113114006
2017-04-16T05:20:00Z,324.3664647,305.924194,311.6143638,324.4843334,309.2455659,9.715701674,9.923142127,10.29679561,10.50988594,10.01618492,0.140774984,0.12315243,0.109093617,0.132471734,0.120712193
2017-04-16T05:30:00Z,283.7751066,320.4293639,293.8627319,310.5290592,285.8613066,9.584006868,9.891821307,9.574103443,10.0818774,10.03062504,0.142467893,0.120371773,0.145024825,0.129686827,0.099074487
2017-04-16T05:40:00Z,311.6344668,292.5977176,302.086864,327.1828551,296.837517,9.430751614,9.228998652,9.881430496,10.12335613,10.08356529,0.135284758,0.152460417,0.103136281,0.091172012,0.117498521
2017-04-16T05:50:00Z,323.54978,317.3009563,294.1886938,302.4948878,318.3836927,8.956473029,8.748013266,9.742621239,10.10136181,9.898289489,0.115203673,0.087823935,0.118432723,0.117287515,0.099002165
2017-04-16T06:00:00Z,339.3357675,294.3632747,319.0758083,324.3485478,296.2879233,9.338243603,9.286550218,9.69629912,9.114457323,8.875264642,0.112553946,0.127453903,0.157320011,0.130180291,0.125205368
2017-04-16T06:10:00Z,306.3823887,304.2824373,304.0464402,299.0645818,290.8978245,8.708703246,8.556886174,8.560985718,8.59543924,9.077812182,0.165854253,0.126238423,0.145578175,0.157896979,0.101952073
2017-04-16T06:20:00Z,290.0633381,295.5903252,317.736784,305.3816543,319.1798454,8.820977771,8.880155852,8.959014213,9.063444594,9.199716735,0.110960359,0.144164839,0.128722726,0.096906066,0.128205364
2017-04-16T06:30:00Z,327.1189141,310.9467745,335.4131002,335.6781532,291.8087944,8.81256813,8.995170556,9.483873485,8.850218693,9.215871386,0.110578273,0.108845579,0.106539974,0.112690207,0.073763191
2017-04-16T06:40:00Z,306.183142,315.7668082,312.5118204,305.3905391,311.8117356,7.842707147,8.229719816,8.851001641,8.368832111,7.888780658,0.203424905,0.118855507,0.087368513,0.06815344,0.180469188
2017-04-16T06:50:00Z,295.3974267,312.8421544,309.5061733,307.4803645,316.6572289,8.505252676,9.115892932,9.477259163,9.130883143,9.254542093,0.176550034,0.123720673,0.095128704,0.163056578,0.163301637
2017-04-16T07:00:00Z,298.5630968,312.737927,320.1704403,305.5081001,293.5864517,8.845720177,8.857190218,9.038189138,9.17507488,9.485945638,0.158828517,0.140112628,0.121804669,0.140911117,0.12197436
2017-04-16T07:10:00Z,303.3339866,295.9538708,299.5418463,287.1644551,298.6067522,9.24344125,9.511328255,9.665988522,9.630848203,9.767301908,0.090546833,0.13314651,0.101989107,0.088563972,0.106304658
2017-04-16T07:20:00Z,285.0887297,323.1951099,279.9586752,298.1533985,281.1585315,9.420874064,9.681758541,9.320769342,9.383218479,9.582998547,0.13268104,0.106765225,0.147237064,0.118159234,0.117772222
2017-04-16T07:30:00Z,305.1976619,319.5771517,312.7678758,287.6568332,328.5005208,9.417751622,9.734246039,9.589993012,9.778648289,10.41452703,0.154359991,0.212117642,0.145404802,0.187902908,0.130291456
2017-04-16T07:40:00Z,336.8174961,343.5938555,318.2728582,348.2187045,344.3064643,8.441646208,8.040530138,8.107933199,8.848959856,9.052843751,0.162676646,0.146271041,0.141045324,0.160036875,0.110336671
2017-04-16T07:50:00Z,325.0072343,336.3822828,366.224635,311.4005105,342.6785601,7.384840464,7.29868345,7.54882856,7.253608756,7.935458664,0.131706981,0.128067509,0.112369653,0.109938878,0.164410185
2017-04-16T08:00:00Z,321.0365653,340.3604372,317.9333329,340.7251469,341.0906851,5.586662477,6.025661004,6.266295372,6.353106191,6.286507672,0.215605602,0.15856627,0.213873093,0.188964011,0.138869538
2017-04-16T08:10:00Z,307.4435986,310.2558827,325.8051857,309.9978074,298.7199007,5.148191855,5.964923138,6.359416112,6.794162064,6.606151189,0.207487357,0.187699625,0.209588757,0.233227835,0.180999671
2017-04-16T08:20:00Z,303.6325132,293.9864285,302.9076628,312.1153715,294.6237359,7.838559468,7.64863864,8.050348169,8.094740823,8.333617342,0.133799081,0.152259682,0.131176366,0.105717727,0.118484745
2017-04-16T08:30:00Z,308.5017116,304.7954145,316.1478298,306.201646,302.2134818,7.866180713,7.690606831,8.155486741,8.069830973,8.214064602,0.150126187,0.200865094,0.130563659,0.126548483,0.186842802
2017-04-16T08:40:00Z,291.3157683,302.4895988,280.3961352,282.5667229,299.9458246,8.226729696,8.259791988,8.546781705,8.378327526,8.626984,0.12094858,0.143073192,0.103006225,0.126210438,0.116604582
2017-04-16T08:50:00Z,277.8949762,293.6667281,307.4576764,295.2612015,322.1619229,8.177439856,8.591665275,8.946079681,8.682467725,8.820787653,0.143637236,0.086293558,0.129715603,0.139252584,0.201117511
2017-04-16T09:00:00Z,281.8469587,296.8073285,306.1004909,304.5888419,294.1045131,7.647286146,8.052384928,7.873103239,7.722109828,8.033648339,0.150289414,0.125973092,0.160805899,0.139054187,0.109330753
2017-04-16T09:10:00Z,294.1701123,295.0439655,284.9742691,278.3731824,294.5974271,8.492635423,8.625997018,8.533601853,9.075571826,8.629388657,0.16185289,0.154584959,0.17299706,0.160445599,0.13083023
2017-04-16T09:20:00Z,285.2265918,295.2851178,302.4342276,303.8808423,285.6732772,9.439872605,9.438304882,9.478505703,9.481623905,9.336940664,0.152012236,0.155604442,0.145337441,0.128031814,0.141531328
2017-04-16T09:30:00Z,314.5089699,278.7203483,260.1007049,302.4172221,291.3908201,8.868308884,9.411748235,9.271002884,9.574075041,9.499997839,0.145622127,0.134843224,0.086347322,0.086052421,0.161870084
2017-04-16T09:40:00Z,299.9827301,289.6290167,303.5255529,301.8091172,300.9023895,9.477859377,9.276383468,9.493607136,9.173126372,9.253445209,0.110579868,0.122849928,0.098491239,0.098801723,0.073428369
2017-04-16T09:50:00Z,287.384565,297.1038416,295.5435046,311.8648776,298.7685383,9.103025773,9.121730225,9.047691111,8.944512609,9.327296384,0.109225834,0.086666318,0.173966129,0.086408302,0.113299555
2017-04-16T10:00:00Z,289.6238857,306.5428085,278.0563723,273.6841915,295.2058402,8.614577217,8.496053751,8.848222055,9.222973619,9.744599469,0.18105562,0.132023337,0.114470303,0.110267171,0.121613353
2017-04-16T10:10:00Z,286.1891238,284.379228,282.1449374,294.1546099,285.7811135,8.773531707,8.993892055,8.765438986,9.27669719,8.867517099,0.116243849,0.092113607,0.134827,0.108899829,0.098803512
2017-04-16T10:20:00Z,307.6064002,318.5865497,288.6929801,292.9214202,281.5557534,7.869402413,8.191101682,8.748471619,8.752938455,8.914047028,0.129967597,0.12403942,0.154705475,0.141664154,0.108561138
2017-04-16T10:30:00Z,288.0976824,283.8887833,288.1012095,294.9081269,293.6376756,9.152960863,9.555240073,9.602039291,9.984887074,10.09941014,0.147428278,0.119451949,0.099930173,0.10527566,0.080695907
2017-04-16T10:40:00Z,282.995193,302.8515352,300.4883937,302.2217187,298.2208257,8.807291636,9.468395526,9.256606237,9.783788691,9.884880144,0.157284373,0.141435328,0.126605338,0.095781836,0.143686469
2017-04-16T10:50:00Z,312.9923487,295.9030205,298.6252322,310.0285462,298.4704833,8.746680187,8.944843174,9.456394597,9.248300715,8.968202831,0.118212021,0.134628088,0.114192837,0.136628813,0.141932309
2017-04-16T11:00:00Z,308.4376596,297.7194176,301.7506509,309.3476204,288.4495462,8.974497067,9.567741976,9.113261984,9.592631161,9.410665775,0.112888972,0.106914167,0.148899205,0.111221947,0.132693011
2017-04-16T11:10:00Z,306.4958678,309.8377478,308.5074807,282.8462922,299.5274761,9.936713054,9.483698412,9.199764414,9.416506275,9.782680733,0.128903814,0.12160389,0.145812774,0.128799822,0.100520251
2017-04-16T11:20:00Z,300.167239,314.338574,299.0835642,273.2179001,295.1983388,8.930413839,8.776813717,9.152103111,8.891428728,9.055431774,0.13914934,0.124894766,0.114548161,0.129278873,0.101317071
2017-04-16T11:30:00Z,264.5180016,291.1382304,310.0901517,326.4191162,305.2986533,9.018842469,9.306588528,9.088856475,9.281765597,8.8913317,0.134112048,0.140984311,0.12066473,0.110263299,0.159184299
2017-04-16T11:40:00Z,278.0942782,300.8527243,288.9479543,277.7755525,304.630805,9.323708118,9.346135117,9.349703491,9.57490708,9.840788978,0.129014959,0.188958159,0.154571156,0.130659006,0.10318385
2017-04-16T11:50:00Z,294.2375436,297.2845558,294.7536871,311.3949833,318.0103504,10.01704492,10.46832645,9.725962299,9.606660508,9.814224414,0.166563557,0.136700455,0.09467768,0.129971453,0.1294452
2017-04-16T12:00:00Z,276.3568745,293.6047517,264.9404072,315.9583728,312.730003,10.15253968,10.04142704,10.0944681,10.28839371,10.06103718,0.168799982,0.137101045,0.159370402,0.129938805,0.101949977
2017-04-16T12:10:00Z,295.9003707,288.843793,301.918713,289.4080376,312.5271334,9.876920439,10.43067639,9.970072267,9.833317288,10.03758028,0.103419725,0.103444416,0.121762973,0.110927156,0.108488618
2017-04-16T12:20:00Z,282.690717,296.0653115,299.7961828,289.2135799,300.2281743,9.68032239,9.642828682,9.901767261,9.674614076,10.24870796,0.097694301,0.116700537,0.136412167,0.134457392,0.130860611
2017-04-16T12:30:00Z,276.2226267,264.2806037,311.6273589,272.2601148,283.630276,9.147507986,9.275615292,9.0633911,9.708130477,9.813142207,0.17967851,0.110404749,0.148057893,0.173667957,0.12648359
2017-04-16T12:40:00Z,298.5212017,296.1203339,316.2740285,277.909161,313.5947519,9.334551228,10.00470471,10.27662491,10.28261914,10.16463343,0.128199864,0.117824876,0.122952506,0.131138391,0.095773659
2017-04-16T12:50:00Z,304.3651162,291.2400544,314.6589556,312.6989662,290.8717032,9.349323733,9.885542234,9.473372532,10.28469618,9.865322257,0.122176723,0.13534159,0.129065472,0.116984472,0.121950809
2017-04-16T13:00:00Z,289.1408249,293.3315387,294.6407343,279.4578452,295.6743914,9.159186699,9.367257852,9.015200493,9.435721045,9.301228593,0.127495713,0.123713889,0.128102632,0.104825981,0.101587926
2017-04-16T13:10:00Z,283.0025591,303.3163933,297.3415445,285.0616886,323.6768069,9.281303984,9.43604328,9.732195436,9.336304519,9.804096276,0.109564829,0.085755368,0.110006388,0.120901746,0.088010579
2017-04-16T13:20:00Z,279.4787711,291.4665618,322.2486904,307.9121737,304.2281798,9.060735706,9.165879267,8.792471696,9.359577473,8.879775345,0.101888862,0.16644885,0.115226707,0.118608281,0.132617349
2017-04-16T13:30:00Z,300.6255029,285.4790469,286.9862649,285.7727878,269.1779016,9.151360733,9.204828295,9.252413386,9.00721274,8.738705356,0.173150592,0.129442307,0.121953568,0.096513467,0.112305898
2017-04-16T13:40:00Z,286.0097398,281.5437729,292.4108384,300.4364951,313.4954155,8.653423001,8.863404201,9.193191,9.57354811,9.280403371,0.144340352,0.120729003,0.083034562,0.150209429,0.128935166
2017-04-16T13:50:00Z,279.1268248,317.5878915,306.9371522,296.2316426,276.1846673,8.599478692,9.146751199,9.008489719,8.795805376,9.036719888,0.158318853,0.129167952,0.15805415,0.089964061,0.109794472
2017-04-16T14:00:00Z,299.3674447,310.8057383,300.8655811,300.2121095,286.0135558,8.773178548,9.416319169,8.898966346,9.207836627,9.189486204,0.131877677,0.136947895,0.144335175,0.141807164,0.12639767
2017-04-16T14:10:00Z,293.5225832,286.8924015,305.1665723,303.4429941,311.4517426,8.416702965,8.237073689,8.608153505,8.406706861,8.638001592,0.15118263,0.128650522,0.158830059,0.150666,0.094692417
2017-04-16T14:20:00Z,303.1456771,306.2421738,304.2002801,305.7544223,293.3941179,8.364696494,8.930993837,8.316373728,8.434278712,8.668585739,0.117116379,0.139914515,0.103634251,0.109667158,0.13171063
2017-04-16T14:30:00Z,289.1771762,294.0366513,293.0537372,301.8105716,306.6211994,8.391972799,8.146925478,8.726009644,8.206596401,8.551790386,0.143826043,0.113828956,0.10590188,0.133018293,0.145631019
2017-04-16T14:40:00Z,294.2705639,292.6082781,286.7139935,305.7718899,284.826823,7.878792208,8.068083279,7.836531113,8.290123201,8.256776066,0.183516127,0.19546117,0.117074237,0.137630357,0.120182603
2017-04-16T14:50:00Z,300.868649,308.9618487,300.5570104,293.0142285,310.6513649,7.898649723,7.802014774,7.846755923,7.894589468,7.447260384,0.159950903,0.147202479,0.135881009,0.175648905,0.171218344
2017-04-16T15:00:00Z,280.860476,294.1924376,311.0823837,294.2816705,305.3789552,7.359512554,7.559446647,7.88611095,7.584421857,7.645419323,0.14739385,0.188612111,0.129419678,0.141544027,0.109818097
2017-04-16T15:10:00Z,297.2356515,293.7966635,317.5686176,307.0957298,307.6355517,7.277168966,7.568341847,7.716196836,8.052124874,7.99761723,0.179852427,0.122716231,0.158715127,0.170626143,0.110146155
2017-04-16T15:20:00Z,301.3673979,316.5824164,296.6491347,291.8487415,312.127829,7.296466059,7.729468487,7.208020469,7.569824036,7.742266295,0.143743032,0.147706792,0.206691215,0.147159661,0.108706645
2017-04-16T15:30:00Z,304.8871408,325.7919013,302.5169851,298.6856654,285.7998966,6.933539932,7.635891684,7.479734712,7.706546635,7.563186232,0.163806283,0.143752415,0.183857439,0.188135745,0.110677218
2017-04-16T15:40:00Z,299.7428875,295.001339,306.6882607,291.2714349,294.3232211,7.432723124,6.950072649,6.996566659,7.203788678,7.6026571,0.11586397,0.117217411,0.154271612,0.122336625,0.151577779
2017-04-16T15:50:00Z,277.8119549,306.5020829,320.083398,293.3896218,303.6598296,7.364635699,7.651190708,7.759050533,7.697448093,7.741498131,0.079373955,0.191173901,0.117588832,0.122794101,0.138390173
2017-04-16T16:00:00Z,286.4464228,303.0543057,284.4372104,300.0333975,301.6648049,7.419675421,7.185801979,7.195276072,7.200643811,7.711311606,0.084801677,0.127250359,0.144442127,0.126724857,0.116819693
2017-04-16T16:10:00Z,285.2545133,303.1790709,314.4356734,284.1404888,294.6485165,6.805821701,6.618053725,6.475866267,7.06680386,6.916623423,0.124419701,0.130499041,0.146160794,0.132142693,0.093586899
2017-04-16T16:20:00Z,290.5089627,313.7188363,296.2926012,307.1596517,307.9382898,6.355337411,6.360750374,6.629537314,6.47408296,6.446709405,0.152068758,0.122904982,0.142257858,0.14847934,0.139203521
2017-04-16T16:30:00Z,305.0266554,295.9690227,307.2057574,279.7748799,290.745715,6.145444238,6.318832131,6.155561441,6.385827972,6.299633179,0.152841675,0.124565288,0.187510031,0.174812098,0.140955702
2017-04-16T16:40:00Z,293.2313287,312.5861011,313.969725,294.2287182,321.1774402,6.850964396,6.676237683,6.618061884,6.729809549,6.613449962,0.164165825,0.12229355,0.155896415,0.139019466,0.125375436
2017-04-16T16:50:00Z,301.7482752,294.9755503,313.0676409,307.62158,288.3036314,6.292327002,6.461691515,6.413194272,6.864989593,6.133226974,0.117203525,0.146484555,0.113117346,0.142997682,0.112462427
2017-04-16T17:00:00Z,318.1227001,298.672195,323.4873331,322.6255466,318.8472952,5.941389899,6.405513102,6.459581749,6.509227917,6.228757082,0.138591595,0.151791699,0.154771948,0.106951177,0.142139424
2017-04-16T17:10:00Z,287.8278662,317.9689158,282.9416396,320.660662,313.0116063,6.427489524,6.316544329,6.7316301,6.307513701,6.877878523,0.113283846,0.154651447,0.129709755,0.118061852,0.132624966
2017-04-16T17:20:00Z,311.3672848,323.8676631,313.7089461,309.3642589,334.0629143,6.105443999,6.001102304,6.180380441,6.010280481,5.879208634,0.145200278,0.159210752,0.098363325,0.127578156,0.131805091
2017-04-16T17:30:00Z,301.8104167,293.3260672,315.1063407,301.3055954,301.2400057,5.934720927,6.065101629,6.031245991,6.059230117,5.927583448,0.12116063,0.116268234,0.106255711,0.138032832,0.164774628
2017-04-16T17:40:00Z,291.9116301,300.3136583,297.216684,282.941635,301.1519368,6.356531112,6.367578434,6.45847678,6.406126153,6.174507928,0.17274158,0.118877964,0.112574149,0.077318326,0.141256034
2017-04-16T17:50:00Z,319.1225581,303.9126562,305.9658886,309.5657061,304.2260974,5.928155798,5.414814511,5.71453236,5.527899621,5.806501662,0.136917643,0.100466008,0.134277466,0.196136354,0.160959718
2017-04-16T18:00:00Z,302.2717395,288.5466753,300.3185485,321.7640942,294.0438451,5.32244436,4.951145349,5.216664645,5.11854538,5.403143238,0.131820265,0.179446465,0.133055916,0.133914891,0.110169913
2017-04-16T18:10:00Z,298.0637004,307.850676,297.0803282,301.0822073,306.8125242,5.518033348,5.609417728,5.351062656,5.589643588,5.331630476,0.132932862,0.190012094,0.172214724,0.146855094,0.163411257
2017-04-16T18:20:00Z,317.7341789,321.9822072,289.0812137,300.9700085,324.255974,4.541258286,4.690978132,4.782772604,5.159537606,5.213398526,0.163751321,0.161361725,0.161754025,0.198453333,0.112665282
2017-04-16T18:30:00Z,316.7852835,333.8419597,312.5100725,322.8950845,326.2352244,4.377613202,4.587306037,4.364727991,4.525085141,4.586243251,0.176321857,0.153427943,0.171794033,0.171483342,0.154671181
2017-04-16T18:40:00Z,302.3538077,318.5040587,313.9858612,333.9826657,340.4658374,4.250381185,4.311162854,4.41844687,4.537903565,4.422207928,0.241062511,0.183638501,0.225781615,0.104723667,0.146559161
2017-04-16T18:50:00Z,323.6914172,327.1684777,309.1578775,320.2085709,315.8625914,4.496462779,4.426606738,4.325470144,4.488355359,4.505914917,0.145717976,0.117219377,0.109188827,0.154042959,0.134332323
2017-04-16T19:00:00Z,310.3654657,318.2197796,351.5267169,324.462339,314.1436417,3.794529462,3.958400442,4.112387478,4.300663302,3.973063881,0.192858018,0.142678699,0.119594229,0.183454164,0.206350709
2017-04-16T19:10:00Z,302.8086512,334.0160973,311.7890849,322.958422,319.0495391,3.204270669,3.42558185,3.511859477,3.666316187,3.631237367,0.194406525,0.219421409,0.182166941,0.24203313,0.165024335
2017-04-16T19:20:00Z,319.5775028,332.3564915,310.0187275,345.6184817,325.5944456,2.789504526,2.813560679,2.893364546,2.804468854,2.866868974,0.181479546,0.225191468,0.123750156,0.225315604,0.152322068
2017-04-16T19:30:00Z,332.1518951,314.3222078,322.5638067,294.1132044,301.6078523,2.530374007,2.538420196,2.56352023,2.585597711,2.763359967,0.168447081,0.223865199,0.164447371,0.231874443,0.238828747
2017-04-16T19:40:00Z,316.9730715,323.2510695,314.2126457,317.5607104,294.8217922,1.975710467,1.907060822,1.968534501,2.029741978,2.009098679,0.257685209,0.288093051,0.238858424,0.302961628,0.254733252
2017-04-16T19:50:00Z,296.7335847,284.8539226,311.7410351,302.2081708,284.7345437,2.274743286,2.121107148,2.284300192,2.153817932,2.151269156,0.335070464,0.328782386,0.360806056,0.361022137,0.320909254
2017-04-16T20:00:00Z,313.0799799,301.741528,293.3508553,302.5718492,307.7849423,2.840855528,2.884690013,2.853874892,3.049798407,3.099932726,0.280526054,0.282569017,0.273421581,0.354714995,0.273571058
2017-04-16T20:10:00Z,303.5635691,320.7695228,312.8653863,316.0322942,308.1855505,3.388637507,3.160408595,3.281014345,3.182718574,3.129026691,0.275483803,0.278710737,0.230857336,0.321566711,0.323877623
2017-04-16T20:20:00Z,326.9390012,338.7821835,321.0745213,330.9210803,319.682372,2.686542582,2.460585184,2.234120517,2.128688086,2.305494673,0.430019303,0.422237414,0.352023543,0.347722111,0.253069515
2017-04-16T20:30:00Z,2.627545915,354.0233426,38.82467173,24.67088682,22.68521806,2.725315345,3.097950973,2.753307837,2.5706692,2.81221656,0.314467549,0.37928802,0.346582042,0.332078873,0.412935556
2017-04-16T20:40:00Z,358.4873857,226.014309,290.0952652,7.032941005,341.9750215,1.639124836,1.799280885,1.797200662,1.996296743,1.925387576,0.305991495,0.232204331,0.292192169,0.2331164,0.299237862
2017-04-16T20:50:00Z,16.60577475,24.35744466,22.28105437,71.51395008,2.956851578,1.935616139,1.954941272,1.797684801,1.7114301,1.951331095,0.241104458,0.257067825,0.295758308,0.259750131,0.354445457
2017-04-16T21:00:00Z,59.56361901,54.3487643,12.87685575,18.15640681,42.86393347,1.948830799,2.079407291,1.978036327,1.972331712,2.099392798,0.331877693,0.305577568,0.281893079,0.476071017,0.434653946
2017-04-16T21:10:00Z,278.0759127,58.64323541,61.40519455,34.6847056,58.13280542,1.763995696,1.773267084,1.731708434,1.534057171,1.40411638,0.292042827,0.292925615,0.396826395,0.24358394,0.471800043
2017-04-16T21:20:00Z,97.32987978,117.8512135,347.358284,108.5431952,332.4921365,1.551484168,1.493372556,1.295153151,1.046682102,1.147839597,0.318439241,0.287567041,0.243915933,0.329948074,0.40703744
2017-04-16T21:30:00Z,88.49157245,101.1827655,91.19626074,100.5478146,90.81491394,1.587286318,1.875831248,1.571993288,1.639075925,1.587057719,0.438308822,0.387925562,0.415040163,0.315437202,0.506224115
2017-04-16T21:40:00Z,78.92426775,101.327231,95.02191778,111.4804161,106.52558,2.203937305,2.651788029,2.404794629,2.505134812,2.431980786,0.461772157,0.326052815,0.343945907,0.278327075,0.272634471
2017-04-16T21:50:00Z,59.67227575,70.34058603,84.1886966,58.46061145,71.1572247,3.299303693,3.323552068,3.233526469,3.078364588,3.240836153,0.261445812,0.250448979,0.272189663,0.236587516,0.245206316
2017-04-16T22:00:00Z,61.82733488,57.13916717,64.40004785,53.50097193,61.83819351,3.310841382,3.144919776,3.261302124,3.107953395,3.164425501,0.17780695,0.200541149,0.235788094,0.225712097,0.188918789
2017-04-16T22:10:00Z,88.85485938,102.5347408,93.96845323,83.68210085,77.23701078,3.725683491,2.876537459,2.835631416,2.690552591,2.854255458,0.224942171,0.27277723,0.254122044,0.28291104,0.293121626
2017-04-16T22:20:00Z,101.5995705,97.51337308,100.4505561,94.33297388,94.50006935,2.94044898,2.499740404,2.735624373,2.626535724,2.816068176,0.284466547,0.267706376,0.220987487,0.239276942,0.24498241
2017-04-16T22:30:00Z,108.8592314,93.67461165,93.46140099,96.92092818,111.3412318,2.456424317,2.351491582,2.323745312,2.603138384,2.463326892,0.317447624,0.300341403,0.269232429,0.183145567,0.25847418
2017-04-16T22:40:00Z,84.15080882,80.66616286,79.23378107,72.07760325,82.7104426,3.644366653,3.324545532,3.504566356,3.316705067,3.275274951,0.181308513,0.156189479,0.158836592,0.18624216,0.219002664
2017-04-16T22:50:00Z,80.49733166,79.00773655,75.91740252,88.30553871,86.06504532,3.433336707,3.374928534,3.488434292,3.393898981,3.278266077,0.158953997,0.184917535,0.185563731,0.222627721,0.144852373
2017-04-16T23:00:00Z,73.18487022,83.09465321,77.70259889,72.12301134,76.06027409,4.306297143,4.394395066,4.48285009,4.315344987,4.423741843,0.190223066,0.163917136,0.195584744,0.199496641,0.154168452
2017-04-16T23:10:00Z,66.72802082,77.42413886,76.8498556,61.32389319,72.37819722,4.571370883,4.805207404,4.781095381,4.756547836,4.872424307,0.18447238,0.128378477,0.154835746,0.117661754,0.133494028
2017-04-16T23:20:00Z,78.63242949,74.97764187,76.08567199,76.82088714,76.43846732,4.414392848,4.654918743,4.752347054,4.908690483,5.119554552,0.063451624,0.108586974,0.102317241,0.070796173,0.121827256
2017-04-16T23:30:00Z,76.83870231,74.78877829,78.82965429,79.6941021,83.16920354,5.23755949,5.278994004,5.38860931,5.182582959,4.90938974,0.173537819,0.15514799,0.161555078,0.167874201,0.143347689
2017-04-16T23:40:00Z,71.82629225,78.79650131,79.22179001,77.57972911,85.52771229,6.069364078,6.130486898,6.321294983,5.895982031,5.921453249,0.110522907,0.100612089,0.094488583,0.090174844,0.120746537
2017-04-16T23:50:00Z,53.8271264,66.69006631,69.43690955,67.87352025,71.99211294,6.706072981,6.381612489,5.449821445,5.856221509,5.352229217,0.182293856,0.20069173,0.171698956,0.181877155,0.155388921
