LOCATION: 
SYSTEM SERIAL: HKZMAST
TIMESTAMP (ISO-8601) UTC,WindDir030m deg,WindDir040m deg,WindDir060m deg,WindDir080m deg,WindDir100m deg,WindSpeed030mh m/s,WindSpeed040mh m/s,WindSpeed060mh m/s,WindSpeed080mh m/s,WindSpeed100mh m/s,TI 030m,TI 040m,TI 060m,TI 080m,TI 100m
2017-05-19T00:00:00Z,96.57174167,87.66999005,83.99935648,94.77264703,90.06263323,11.63846873,11.66484825,12.61543386,14.26275361,14.10732227,0.1820028,0.126559889,0.132981445,0.128110287,0.102790937
2017-05-19T00:10:00Z,87.1439598,93.18218293,88.19183117,99.19828218,89.70753926,10.7574375,12.00214862,13.28012606,13.54495602,13.72467089,0.118383441,0.096904335,0.118861217,0.103360285,0.095385518
2017-05-19T00:20:00Z,96.3038662,94.36639519,98.60218438,86.74938556,88.87576817,10.97709148,11.11483781,12.73499969,13.7740119,14.71163239,0.070617958,0.117937712,0.141120207,0.160715706,0.107686986
2017-05-19T00:30:00Z,93.8900593,104.9044147,93.00430601,100.3853033,101.2691077,11.13511293,12.16117916,13.27841354,13.83647893,14.32750035,0.117283494,0.112883914,0.107935436,0.158157007,0.139945789
2017-05-19T00:40:00Z,87.04232918,94.14969388,95.66269581,89.76566869,88.81761795,11.53196483,11.99244342,12.39288043,13.18772672,14.28754461,0.105444564,0.149350415,0.106872901,0.095422829,0.102715982
2017-05-19T00:50:00Z,93.6049487,93.1668413,104.7721903,104.8949585,105.6209682,9.92837656,10.81603881,12.36213223,12.65171769,13.52729668,0.090295392,0.151234994,0.118924439,0.113856458,0.150404335
2017-05-19T01:00:00Z,98.28888323,97.64666328,101.7841984,96.22955087,106.7784756,10.57595182,11.56962234,12.41011297,14.07675751,14.35200695,0.132777597,0.130447563,0.074608538,0.071905906,0.12111281
2017-05-19T01:10:00Z,97.07917106,103.8812594,107.9447194,110.4013601,111.1766629,11.42686074,12.20098071,13.36200198,14.32136051,14.30285044,0.142877409,0.111936852,0.098417875,0.100470425,0.092913247
2017-05-19T01:20:00Z,98.59166371,107.345876,95.56328159,109.8947882,105.3204921,11.92491058,11.79394041,12.76502917,13.65868618,13.95273759,0.082338629,0.109066684,0.089577415,0.079279178,0.120881324
2017-05-19T01:30:00Z,102.6115839,106.488281,112.684534,103.1231983,112.0322312,11.3615701,12.45621977,12.6109034,13.59874003,14.25416909,0.091158797,0.093061443,0.104343602,0.076519324,0.094161992
2017-05-19T01:40:00Z,111.3709213,110.5770987,107.4569629,117.1393022,106.1412429,10.25324595,11.33837048,12.27458713,13.28428407,13.93115874,0.126191079,0.110603538,0.101430117,0.083973152,0.078842631
2017-05-19T01:50:00Z,110.0554302,119.0276419,110.8380257,113.9697281,118.0606097,10.11439474,10.97873844,12.77598796,13.79179534,15.52731651,0.089482078,0.108243868,0.106674574,0.100770672,0.065907144
2017-05-19T02:00:00Z,114.9682817,110.0741725,113.9900175,118.5199128,121.8208905,12.14274805,13.15580302,14.56953985,15.46751776,16.09077759,0.111977785,0.102541133,0.119007479,0.128524577,0.089102426
2017-05-19T02:10:00Z,114.5248658,114.3978062,126.9638925,117.6527633,117.7501558,12.34589631,12.3552833,14.44765387,15.25365922,15.22770192,0.094107721,0.07231016,0.087640742,0.092094405,0.080393102
2017-05-19T02:20:00Z,107.3113448,116.1573393,122.0100239,112.1917659,124.2008255,12.32637592,13.70601869,14.38127706,15.94950666,15.17922639,0.101903754,0.085308098,0.086628099,0.085406586,0.094876302
2017-05-19T02:30:00Z,122.1572085,124.87778,119.2955884,116.8733089,134.8731499,11.11771721,12.52770533,13.58911649,14.14092939,14.90791974,0.08589053,0.082338062,0.102155782,0.103668307,0.108346475
2017-05-19T02:40:00Z,126.5000719,120.1856222,124.2651773,129.0954893,122.3585524,11.28801073,11.51712291,13.01874891,13.28819802,13.77240347,0.082853675,0.092119639,0.096289829,0.101300629,0.088743316
2017-05-19T02:50:00Z,126.537843,135.7034198,128.5112012,132.249516,141.3166558,10.60165882,11.86145921,12.40957168,13.71173793,14.04417601,0.133657851,0.131509978,0.126279483,0.105229743,0.11100147
2017-05-19T03:00:00Z,138.9323087,134.3116347,152.6987466,149.9259166,164.691845,11.10968327,12.22622436,12.65079528,13.08252112,12.33339407,0.165917156,0.121122417,0.150173809,0.103491767,0.102316472
2017-05-19T03:10:00Z,148.4572991,161.1636278,172.7738456,168.885394,170.4019105,9.77846479,10.4901686,11.29361784,12.12206933,13.106098,0.122658795,0.11218398,0.118567836,0.160401872,0.115063746
2017-05-19T03:20:00Z,185.5242839,191.521461,177.0045763,189.7054894,184.539019,10.52848697,10.91249691,12.23895515,13.10362076,13.39297395,0.132217965,0.12201154,0.105519726,0.113720193,0.118445976
2017-05-19T03:30:00Z,207.4550829,211.1583001,211.2694481,204.0583093,194.3914618,11.37675292,12.63538859,12.41995416,13.76981055,14.24578058,0.110947218,0.1334958,0.080947808,0.084322933,0.157968597
2017-05-19T03:40:00Z,197.6345436,196.5346182,199.133304,210.8714224,198.3221885,12.88093057,13.7967082,14.35323091,15.12876678,15.74336172,0.139561719,0.085723604,0.139146224,0.154580953,0.135921285
2017-05-19T03:50:00Z,188.3668963,190.4288667,176.2004237,183.9777465,199.7009651,13.34183585,14.08512574,14.83293806,16.42344044,16.12450985,0.12295836,0.123015767,0.179231066,0.097220008,0.136833692
2017-05-19T04:00:00Z,186.4191703,182.6144018,188.3986307,188.4845599,178.2882882,14.03052584,13.85323237,15.02023955,15.3907993,15.70131919,0.159537094,0.1207979,0.116260255,0.133029734,0.118325133
2017-05-19T04:10:00Z,187.9778992,171.7703699,194.8175312,201.6802128,186.1942267,13.7727312,14.89215442,15.34854148,15.69615214,16.20529409,0.205198515,0.163960391,0.151998013,0.146777376,0.126853615
2017-05-19T04:20:00Z,197.7451797,191.5428009,194.5870815,181.3887389,192.2846539,15.85101923,16.91307071,16.78281456,16.7760425,17.70295391,0.157314099,0.115891402,0.127968821,0.144066423,0.140292506
2017-05-19T04:30:00Z,176.7205241,199.0333002,184.4358298,173.743421,189.6390728,16.45600303,16.22038506,16.26670046,17.844091,17.47828453,0.142872686,0.125185986,0.11324454,0.120036528,0.103309518
2017-05-19T04:40:00Z,180.7341204,187.2202113,181.1838252,178.5073731,196.3307403,14.81219958,16.5490202,16.86226627,16.48487177,17.92902112,0.159025896,0.168278869,0.159174547,0.14348074,0.11620917
2017-05-19T04:50:00Z,185.6928368,180.4849253,190.4403665,195.7233294,179.4301255,16.24865872,16.34723287,16.80643298,17.50752037,18.44644149,0.146463196,0.138845707,0.156000301,0.145744511,0.121167322
2017-05-19T05:00:00Z,202.5958522,194.0463937,193.3398973,189.5163663,193.5490558,17.54714811,18.01424369,17.26766565,17.83020878,18.35524622,0.095525776,0.129133699,0.12400273,0.13302547,0.113041648
2017-05-19T05:10:00Z,198.0447104,180.795694,192.2587767,207.1314615,197.3905925,15.73309586,16.10619406,16.86178494,17.28202699,17.05193607,0.159776404,0.17757119,0.168681459,0.132715567,0.116322735
2017-05-19T05:20:00Z,198.844123,208.4163843,186.7793597,204.060389,183.7461716,15.98782591,15.98145434,16.00955695,16.90860808,16.73516335,0.123353365,0.141372121,0.103653493,0.095928632,0.097536159
2017-05-19T05:30:00Z,190.6686956,191.9298085,208.9036053,205.2902068,197.0875689,15.63072265,17.70576793,17.95810407,17.29145287,16.60462411,0.098626808,0.102673031,0.123771933,0.121732309,0.128276231
2017-05-19T05:40:00Z,216.8760075,214.7395514,216.1277606,204.4207107,202.3706022,15.76237263,16.32348583,16.64706821,17.22715697,16.91459047,0.13493599,0.12078046,0.136638413,0.105211642,0.113331884
2017-05-19T05:50:00Z,209.784018,201.343498,212.3673815,206.5783905,228.0347822,16.74998594,16.43569241,17.21693973,17.19527609,17.24115534,0.12657379,0.098556796,0.116462225,0.121649014,0.132695866
2017-05-19T06:00:00Z,225.3146506,223.0809245,218.2515997,218.9030682,221.2501278,16.75022844,17.62846979,17.92114815,17.47310201,18.14804121,0.103152215,0.088034788,0.106011817,0.084196181,0.106341358
2017-05-19T06:10:00Z,224.9437089,216.0677278,222.2389836,226.3058147,214.3148426,15.63219777,15.6073246,16.09616591,16.92155002,17.46437464,0.11661117,0.169628011,0.146445419,0.153893469,0.165679959
2017-05-19T06:20:00Z,219.3826103,206.3872528,238.6853869,233.5139549,200.6738035,15.60803279,15.89292485,15.99074039,16.78753843,16.082365,0.151651752,0.101418225,0.078706478,0.092085456,0.132388704
2017-05-19T06:30:00Z,209.1099675,226.7152428,217.6951658,226.2252161,202.6276684,15.44022425,15.82376239,15.73558363,16.11869644,15.85347112,0.150466266,0.114038066,0.123160724,0.108233889,0.175737195
2017-05-19T06:40:00Z,233.1440192,230.2703001,243.7722735,236.5955166,232.1779518,16.4130806,16.03432546,16.93654553,16.28062654,17.68728179,0.121354405,0.097465904,0.095479733,0.110375584,0.101801192
2017-05-19T06:50:00Z,231.1416791,234.6759406,228.0204666,217.9523065,224.3649384,16.78165593,16.83482354,17.15269424,17.53595012,18.43355755,0.151509556,0.15383652,0.115868766,0.124470923,0.126521723
2017-05-19T07:00:00Z,231.069877,245.7612179,204.2258474,237.6550769,220.5470594,15.66124886,15.48524218,16.73107261,16.59033623,17.14817166,0.110100235,0.116015627,0.130851201,0.079735398,0.087756289
2017-05-19T07:10:00Z,233.0868561,216.7662385,238.5631324,227.8926323,231.2614381,15.17039685,16.39956264,16.48214307,16.25668884,17.34182629,0.105593923,0.112770201,0.077691421,0.100672789,0.085763475
2017-05-19T07:20:00Z,244.749927,212.0006326,229.557573,233.3238207,233.9664665,15.40116541,15.57458394,16.20736882,16.00707437,17.0374778,0.090165195,0.097583012,0.08429514,0.093341296,0.090620197
2017-05-19T07:30:00Z,243.5875372,227.5094264,225.355047,229.0709804,234.6030049,15.9981206,16.15307526,16.43198132,18.01189623,16.85949726,0.097987967,0.118363558,0.094326051,0.064236458,0.082489206
2017-05-19T07:40:00Z,236.5684196,223.0355896,220.6718576,237.2281836,218.2186819,15.34297424,15.38370468,16.03095945,16.13502382,16.39016146,0.057613036,0.083568527,0.114909928,0.102613909,0.075298388
2017-05-19T07:50:00Z,227.1527794,243.6416292,238.0902553,241.2452835,242.1773835,15.37546408,15.68721007,15.99974241,15.82967528,15.89081126,0.088987746,0.095558693,0.113971906,0.105960489,0.087820307
2017-05-19T08:00:00Z,232.5587259,236.7226671,227.33571,238.424979,235.2498163,14.32687152,14.38187534,15.40842209,15.60701938,15.50008966,0.103393834,0.126887248,0.09248473,0.091567084,0.071346884
2017-05-19T08:10:00Z,210.5975668,227.448356,203.7346534,225.9452575,216.5123633,13.75163608,13.72609877,14.88669542,14.75654809,14.92634622,0.119917704,0.113287457,0.098037102,0.074956469,0.083199373
2017-05-19T08:20:00Z,247.846167,229.2062814,236.1151459,231.2577555,244.6677857,13.83887561,14.12363933,14.71775851,15.10382789,15.42878909,0.105873929,0.097394662,0.109375077,0.088651071,0.077708196
2017-05-19T08:30:00Z,222.5718956,232.3349782,226.1903213,221.1093511,234.8671272,14.44804735,13.86200424,14.26209912,15.80772713,15.78181706,0.093377774,0.104079956,0.108443315,0.085131327,0.082590053
2017-05-19T08:40:00Z,237.3504077,226.2667233,225.1901173,224.9405293,208.7017694,13.94061291,14.01164518,14.57023692,14.64339194,15.03440075,0.125690439,0.093571762,0.10051964,0.090916399,0.084526248
2017-05-19T08:50:00Z,213.8832783,226.7153551,217.393586,217.9086093,214.8922949,13.7385174,13.86858422,14.01819256,14.38303727,14.75322779,0.12612971,0.099187738,0.06048986,0.085710693,0.114215965
2017-05-19T09:00:00Z,218.8093174,242.2619378,226.0756919,218.7131043,232.4954747,12.80187419,13.80542656,13.47433677,13.70401047,13.57132609,0.091032329,0.092031883,0.106236937,0.092636831,0.08791607
2017-05-19T09:10:00Z,215.945012,218.2423471,232.0321381,221.3191836,223.5830319,13.57915841,14.27994543,14.08764578,14.54250467,14.47945313,0.110217051,0.098683966,0.097565263,0.100907508,0.097877376
2017-05-19T09:20:00Z,218.8812533,212.2825875,220.4776497,225.4441231,222.0120109,13.09939228,13.62074462,14.75167976,14.5857447,14.63700346,0.131680969,0.152392607,0.144555628,0.096773838,0.110123852
2017-05-19T09:30:00Z,212.3465502,226.2887795,204.0308517,217.7563219,236.5728734,14.01172903,14.80327943,15.65403866,15.5352752,15.82399259,0.106517512,0.107932515,0.102373536,0.099197482,0.098683148
2017-05-19T09:40:00Z,226.4316926,207.3705362,210.8039999,222.145299,234.585764,14.3302279,14.24092592,14.53555814,14.85156172,14.44122463,0.090294774,0.118876069,0.114916593,0.092472685,0.120379831
2017-05-19T09:50:00Z,214.6520445,218.0932113,217.9210719,225.113875,237.88334,13.63977606,14.09712542,14.40641358,14.4337608,14.17808323,0.114264761,0.090043306,0.105701912,0.087046402,0.096301345
2017-05-19T10:00:00Z,203.8625542,223.2465155,211.3022436,229.2079445,231.0249605,13.33213044,13.46491012,13.96389006,14.71414953,14.79222807,0.153367572,0.12817965,0.126783572,0.134865717,0.075814259
2017-05-19T10:10:00Z,239.9221559,228.5101577,210.5598144,224.642284,232.1678556,13.06730952,12.72045459,13.51946407,13.38918814,14.19919101,0.114327479,0.108895042,0.115584312,0.086353457,0.120241124
2017-05-19T10:20:00Z,231.4404513,237.9089474,224.0396309,221.3130664,231.23332,13.38463932,13.81518675,14.71283259,14.42200815,14.76061654,0.09250321,0.108974775,0.112397553,0.110702875,0.117902643
2017-05-19T10:30:00Z,220.9174013,240.1918873,216.6565246,225.6414154,227.9477367,13.26761979,13.36371431,13.53817871,13.92984396,13.91329267,0.12393214,0.152685125,0.137223448,0.126708752,0.118785297
2017-05-19T10:40:00Z,234.1329215,216.082254,218.4572089,239.4520845,229.5513961,12.51923915,12.56659255,13.26489255,13.47131138,13.54755631,0.110000296,0.107191351,0.164008686,0.10838553,0.098987704
2017-05-19T10:50:00Z,228.0611122,241.1269448,230.8904574,224.0767503,237.8133774,12.22468714,12.78632896,13.13426591,13.64519724,13.49080789,0.174031811,0.166859548,0.122133559,0.164095848,0.134891543
2017-05-19T11:00:00Z,239.6487874,246.8488706,238.4677247,235.4414416,238.7856694,12.13125831,13.09400652,12.55651381,13.63966336,14.24204429,0.188130202,0.155425389,0.131935471,0.163988514,0.156064075
2017-05-19T11:10:00Z,220.9384737,237.3338932,244.9059643,246.5078238,233.5089499,13.36044651,13.48593787,13.43997241,13.64162524,13.46979387,0.113486417,0.121765319,0.117336278,0.104513605,0.1593078
2017-05-19T11:20:00Z,221.2786357,231.0362986,224.6349846,236.4416571,209.6178213,12.38114538,12.63752537,12.3142344,12.99379953,13.29805627,0.139017396,0.134067215,0.163472038,0.114557153,0.120603219
2017-05-19T11:30:00Z,217.362314,235.4313868,242.4564953,244.795816,208.652627,11.7882038,12.37517732,11.69661375,12.08529225,13.1578063,0.161570978,0.174495194,0.18350724,0.17162297,0.111541912
2017-05-19T11:40:00Z,240.2849619,224.2798759,253.3982961,223.7964153,235.7682715,12.53536027,13.15098611,14.42396544,13.73405189,13.31359756,0.10551764,0.112428844,0.106758566,0.149232923,0.11906694
2017-05-19T11:50:00Z,232.7712602,235.8887408,221.9747571,248.4266345,237.4310928,11.75762417,11.80683051,12.12417749,12.35950035,11.76937558,0.155705057,0.176184018,0.135426528,0.152328312,0.182267165
2017-05-19T12:00:00Z,229.9215447,227.7092955,240.9084914,239.4756804,240.1552517,12.09642697,12.57603391,13.2282956,13.26744433,13.04784382,0.136973541,0.141695116,0.146317761,0.146081814,0.126467272
2017-05-19T12:10:00Z,223.9092628,235.1647872,236.9456753,202.4381582,233.8909557,12.0762954,12.48171396,12.28431392,12.681705,13.18310093,0.194291912,0.201936112,0.144695438,0.155615563,0.104433766
2017-05-19T12:20:00Z,212.8288272,245.1607541,229.4385465,255.5083881,227.3861752,12.17293975,13.01142595,13.18499724,13.9553082,13.74534082,0.150002447,0.15406117,0.130757979,0.167755852,0.140782372
2017-05-19T12:30:00Z,234.1263359,232.761489,236.9532369,220.5436978,237.668682,10.93629927,10.93772962,11.68499149,12.47028011,12.15012235,0.113340516,0.189021446,0.156097978,0.118703879,0.14797529
2017-05-19T12:40:00Z,227.1490759,262.4819735,236.2343524,241.2132252,253.0617325,12.68763994,12.05808689,12.69534178,12.6016055,12.86470111,0.133382218,0.158003754,0.141576251,0.14366883,0.139725016
2017-05-19T12:50:00Z,243.7360025,222.6299642,240.4378076,223.9560909,219.331632,11.58252718,12.06246065,11.90358497,11.8661743,12.73869853,0.152459331,0.143787098,0.139966897,0.140168859,0.134589112
2017-05-19T13:00:00Z,230.2555036,224.7669188,224.8463334,232.7801543,244.5744181,12.29495257,11.95820729,12.09519255,12.51795834,12.34301634,0.126554246,0.123550134,0.147792632,0.162110595,0.123007908
2017-05-19T13:10:00Z,238.972652,230.7990772,235.3909783,231.4566812,234.2237895,12.55836294,12.79118173,12.76657731,12.35705366,13.03184554,0.11945193,0.110437938,0.115095151,0.115551779,0.08114388
2017-05-19T13:20:00Z,222.1074557,241.8768014,230.799327,233.6149783,242.4378783,11.07913054,11.06701484,11.92552268,12.32086827,12.51115859,0.090377896,0.111896542,0.132833501,0.109470902,0.153859783
2017-05-19T13:30:00Z,250.2731104,231.0744154,226.5688938,246.9435167,232.3844261,9.937999991,9.752626886,10.20176353,10.72065204,10.7663057,0.114054693,0.17826585,0.136606632,0.136949246,0.154919225
2017-05-19T13:40:00Z,225.8394271,254.7901654,238.6301649,238.2513841,224.7854334,10.66375404,10.69264582,10.77574312,10.49464882,11.34094452,0.156083873,0.110718187,0.097836523,0.121641269,0.13957048
2017-05-19T13:50:00Z,250.2518702,251.7046636,233.2346529,223.2107303,240.7730737,9.724695648,9.521082735,9.516800982,10.50210301,10.33707919,0.132488109,0.123117458,0.126137282,0.130957405,0.107095894
2017-05-19T14:00:00Z,232.8901078,242.1326879,224.9429327,227.9660812,239.8433191,9.462133028,9.83717471,10.43972205,10.9130438,11.38107823,0.136485715,0.122781507,0.127158968,0.149815805,0.132957866
2017-05-19T14:10:00Z,253.6160281,247.0533818,238.6678675,238.7512985,231.0874377,9.65953046,10.27694035,10.41781805,11.22695409,10.76381908,0.171738681,0.127883628,0.097824042,0.114151749,0.12185067
2017-05-19T14:20:00Z,246.5736079,246.8269562,234.5347226,253.0998255,240.7519648,10.07284607,9.838168735,10.05159114,10.24325736,10.22054768,0.143211828,0.151715033,0.143229225,0.113991493,0.127435421
2017-05-19T14:30:00Z,242.3078505,231.5310233,236.0973001,227.2208213,245.2902066,8.786075893,9.865848263,9.514589356,9.987533317,9.709909855,0.132834839,0.125635383,0.140787255,0.111036501,0.074197756
2017-05-19T14:40:00Z,229.513013,245.561018,237.1013921,246.220918,217.8053595,10.25422173,9.786464352,10.40366217,9.797760972,10.14730603,0.101268798,0.149302415,0.112082352,0.134482542,0.105346799
2017-05-19T14:50:00Z,247.5788496,240.3199181,219.2850341,232.9448529,249.03309,9.338245394,9.483450958,9.458365563,10.05054926,9.70503307,0.126227641,0.156309237,0.114224347,0.120791326,0.145100283
2017-05-19T15:00:00Z,241.2069948,228.0279262,237.8320462,231.1696307,232.5218379,9.436708002,9.223481282,9.581437578,9.99362803,9.799613222,0.128912174,0.173284193,0.110800099,0.086427407,0.109421458
2017-05-19T15:10:00Z,233.5505582,253.4531341,239.876802,257.1188785,255.3502121,9.346730503,9.466489107,9.560039726,9.737911036,9.591657008,0.123405838,0.118951626,0.124853328,0.143931852,0.120234254
2017-05-19T15:20:00Z,234.2937735,237.4197503,257.0972041,222.5181593,218.1454092,9.294652796,9.597360018,9.820716491,9.647848991,9.761246419,0.09573133,0.137755788,0.114806304,0.139184199,0.132053016
2017-05-19T15:30:00Z,231.7536427,244.6027727,227.5229744,231.9958905,225.7245324,8.419080289,8.772972963,8.735881764,8.641617607,8.915922596,0.18001009,0.128980563,0.126118311,0.109835479,0.105977076
2017-05-19T15:40:00Z,247.82203,247.2076796,239.2930922,213.4790015,240.9489469,8.692290014,8.838019777,8.62624509,8.725579434,8.110214534,0.165802496,0.14053693,0.131210614,0.103236257,0.113264055
2017-05-19T15:50:00Z,218.5875258,246.0493896,251.6831931,235.5603161,246.1430106,8.289265872,8.268584584,8.267829997,9.310237545,8.719839574,0.129824236,0.124575611,0.104868683,0.12104915,0.112044866
2017-05-19T16:00:00Z,238.067344,244.9935706,225.5502217,228.5632525,237.1180176,8.28633658,8.038038252,8.211830835,8.171994917,8.031696061,0.102052755,0.123250267,0.109317872,0.089899417,0.145429787
2017-05-19T16:10:00Z,233.970896,237.1662581,228.2577008,224.0789433,231.9428922,7.83229629,7.823141249,7.869470986,7.658479298,8.198019008,0.095490289,0.120043359,0.107370376,0.139191048,0.121837031
2017-05-19T16:20:00Z,249.7597695,227.1244513,238.9630007,238.8422712,247.3377341,8.607296442,8.425891928,8.627877456,8.780256818,8.972525416,0.121846015,0.130242383,0.116662112,0.150272078,0.097068424
2017-05-19T16:30:00Z,239.4272312,220.508655,225.4299136,223.6253247,221.5657523,8.589698907,8.970243912,8.820691151,8.921894771,9.043869669,0.13994911,0.089894818,0.100482603,0.100722205,0.089796733
2017-05-19T16:40:00Z,250.7118215,235.2601813,250.489677,237.6912624,246.2174277,8.056234654,8.160611696,8.405960694,8.743167874,8.577340032,0.175046965,0.127201802,0.122205769,0.116041189,0.127182446
2017-05-19T16:50:00Z,235.1115631,241.9432847,236.3137525,249.9079836,249.9118444,7.255914565,7.782275059,7.689497863,8.268533614,8.199698245,0.13046959,0.138375062,0.178566809,0.142584066,0.136319267
2017-05-19T17:00:00Z,237.5488249,246.7610106,226.1488831,241.6209883,249.0796089,7.415252593,7.792175195,7.833665178,7.567227414,7.70769422,0.167134003,0.152609515,0.0767191,0.117828792,0.118224942
2017-05-19T17:10:00Z,227.4877091,229.1556453,252.8725458,228.6615313,225.9741604,7.14144245,7.31312711,7.259458357,7.606731764,7.367044624,0.153019489,0.117442061,0.147963226,0.1514971,0.161571831
2017-05-19T17:20:00Z,259.1837611,233.1258528,236.4515416,261.8761127,241.5627796,7.403891587,7.285202206,7.669526813,7.787950218,8.299160291,0.131764373,0.168795133,0.146180893,0.159807799,0.110643095
2017-05-19T17:30:00Z,252.7980194,231.0895435,228.0000675,218.1283523,247.1740594,7.229923397,7.536409736,7.639184238,7.81603428,7.441176195,0.119119194,0.118334865,0.099440856,0.117602406,0.120012773
2017-05-19T17:40:00Z,232.3541953,219.0663706,254.9976514,244.6920687,222.3242472,7.259797641,7.35951988,7.560545109,7.290950305,7.23641021,0.126979529,0.097918562,0.105155229,0.122707177,0.184522097
2017-05-19T17:50:00Z,234.2406919,252.8588006,253.6398676,245.2161118,241.0922839,6.402687174,6.688222463,6.776056933,6.741421752,6.941591849,0.136861103,0.126960915,0.162892032,0.152879466,0.105843987
2017-05-19T18:00:00Z,237.164464,224.5444179,238.823017,221.7680142,252.3216389,6.222194848,6.225940956,6.401901684,6.653533461,6.430230865,0.12344582,0.143304502,0.098313263,0.134820961,0.173394484
2017-05-19T18:10:00Z,233.6125794,225.4080422,245.2748515,240.893693,249.3021544,6.427105818,6.207324734,6.169543145,6.230468166,6.689421934,0.238777416,0.113701395,0.143996565,0.12335025,0.109893766
2017-05-19T18:20:00Z,242.8331369,240.7268142,225.6351636,244.6855369,255.7677769,5.878235892,6.252273201,6.055071376,6.163569129,5.988214827,0.141563675,0.155164671,0.168672621,0.144742283,0.186037074
2017-05-19T18:30:00Z,241.8679351,254.0189058,245.6953468,249.7596101,250.5503336,6.02236299,5.866641658,5.836282723,5.751100242,6.458896304,0.153808971,0.108947118,0.157942424,0.128004233,0.167755359
2017-05-19T18:40:00Z,253.4825645,245.292934,238.5086651,244.6879561,236.8465648,6.374311221,6.089485586,6.263718233,6.19646072,6.122889748,0.183835865,0.155792466,0.146917514,0.154062585,0.124393123
2017-05-19T18:50:00Z,236.0735876,232.0460723,234.3387936,241.4917163,232.7993967,6.398439458,6.407462609,6.681973698,6.666419465,6.537767939,0.129182806,0.144316718,0.135263595,0.11972422,0.166675908
2017-05-19T19:00:00Z,260.0995928,250.9325529,254.5122695,224.2967199,268.7407597,6.013493509,6.634197887,6.478051129,6.738326553,6.339181837,0.143401683,0.137167997,0.09646179,0.110790181,0.107753876
2017-05-19T19:10:00Z,248.1626307,248.3508692,256.9724911,236.5021043,238.0090766,5.970990411,6.687115707,6.440093486,6.975508536,6.768467074,0.142501399,0.160191474,0.119181958,0.152018401,0.146164742
2017-05-19T19:20:00Z,238.6538025,268.2590748,238.8092643,233.6617142,252.9104604,6.092206275,6.236938421,6.151841883,6.203603221,5.941636187,0.152436971,0.172307767,0.141666348,0.202372419,0.166352309
2017-05-19T19:30:00Z,237.6224674,246.6711679,249.4600863,250.2456487,254.0174418,6.189196137,6.118720074,6.302696717,6.732359142,6.219689319,0.161069525,0.153456062,0.174789678,0.118628335,0.145647794
2017-05-19T19:40:00Z,246.7966518,243.0564782,257.484515,248.1387527,252.5981558,6.516613727,6.964771908,6.701975545,6.902934185,7.073137637,0.220091523,0.154317114,0.156293805,0.092102505,0.143661476
2017-05-19T19:50:00Z,237.0486102,236.4515275,229.4554716,244.3329438,247.5697634,6.463152303,6.55366539,6.603510774,6.4732414,6.699378675,0.128999279,0.121434004,0.159060611,0.146946059,0.114075034
2017-05-19T20:00:00Z,245.0291623,231.492788,226.7243152,244.2303249,231.7972103,6.634567182,6.844643858,6.702926281,6.485331644,6.61137102,0.134884245,0.098855579,0.130569588,0.140896851,0.132762115
2017-05-19T20:10:00Z,243.124802,237.4609761,238.6650486,248.9906269,242.0289783,7.25355729,7.119346656,7.077071317,6.933150481,7.334816322,0.134583812,0.133730165,0.09056485,0.129765687,0.112591991
2017-05-19T20:20:00Z,248.2685003,235.1517057,242.3322997,267.333845,257.0852116,6.755075442,6.397011446,6.800226783,6.505413502,6.755428752,0.100369259,0.119576928,0.173582375,0.128972617,0.106673936
2017-05-19T20:30:00Z,264.9685524,238.6577126,233.5813027,256.5724335,235.5040971,6.478098227,6.175071786,6.418109096,6.365136064,6.887459687,0.111327605,0.113959087,0.137972481,0.117679606,0.121524499
2017-05-19T20:40:00Z,239.2779852,237.1213677,232.306654,237.6780445,224.1014587,6.155470043,5.92434094,6.321386784,6.110016725,6.200931144,0.125402089,0.106477021,0.114673663,0.173213858,0.152933233
2017-05-19T20:50:00Z,238.0314569,230.0927355,255.1929561,230.5175507,240.2224822,5.713211018,5.844663396,5.938959737,5.967560071,5.928611148,0.133626266,0.133066145,0.232884555,0.140594312,0.130494669
2017-05-19T21:00:00Z,246.354894,248.5993605,243.097028,231.0892623,244.8873261,5.240422486,5.548011824,5.589416723,5.948378091,5.811049341,0.214001823,0.175601567,0.238710141,0.198069218,0.13789099
2017-05-19T21:10:00Z,249.6110703,235.5920166,237.9055861,234.7137888,222.4231195,6.605548259,6.180134626,6.566389987,6.339405905,6.782364639,0.192849925,0.101531683,0.156890334,0.250503711,0.11651521
2017-05-19T21:20:00Z,229.738846,221.5710453,255.0957445,231.5990171,226.2709227,6.199241623,6.186655987,6.596286087,6.226892125,6.832029,0.1771556,0.177080409,0.168724977,0.12777779,0.196072594
2017-05-19T21:30:00Z,244.6042611,245.4872153,230.4030183,235.465641,221.5778818,6.620079491,6.573009153,6.803497857,6.525319514,6.672960313,0.143826371,0.100752655,0.098981737,0.128298735,0.129399692
2017-05-19T21:40:00Z,219.6051155,236.3782767,224.5122814,238.5719864,231.5698443,6.654438785,7.053125433,6.891644115,7.039185386,7.167646247,0.175990953,0.124147013,0.098784627,0.093971289,0.102754258
2017-05-19T21:50:00Z,239.7171756,228.0643147,244.0247165,236.3657064,242.8575934,6.690805315,6.632731478,6.881853405,6.90589361,7.179889604,0.139414823,0.10626205,0.092372447,0.100566037,0.112568546
2017-05-19T22:00:00Z,251.6580099,232.842336,234.5634987,253.1522588,245.2504738,6.655630737,6.715896092,7.013398441,6.86959999,6.655485201,0.105476541,0.114821353,0.112299674,0.112535963,0.124138858
2017-05-19T22:10:00Z,242.2559829,261.0242266,258.4067425,247.0698373,254.1764231,6.244087144,6.482073161,6.177841029,6.556095851,7.084480141,0.10566026,0.166792845,0.149008096,0.105130112,0.114716609
2017-05-19T22:20:00Z,248.4050911,240.2627648,248.3358667,248.0518291,252.0067403,5.897635865,6.307746178,6.376253883,6.031648871,6.145427013,0.155900293,0.129568079,0.13307763,0.161528645,0.150747396
2017-05-19T22:30:00Z,245.1683969,246.5882223,248.0634339,229.3084063,226.4356048,5.530828822,5.867940534,5.633820206,5.452282171,6.03693528,0.178754418,0.161668194,0.197233586,0.273303018,0.155957742
2017-05-19T22:40:00Z,218.304838,243.6302315,250.6585177,241.7938827,229.3431902,5.495254213,5.588136878,5.601329054,5.622100918,6.243309254,0.151113269,0.173606613,0.173061334,0.159567037,0.14046008
2017-05-19T22:50:00Z,241.1064706,239.5067465,264.4999908,249.3590514,248.2927512,5.770780235,6.09063131,5.982173975,6.455460985,6.612659407,0.136540039,0.132529174,0.177287525,0.155892582,0.13715616
2017-05-19T23:00:00Z,246.5913839,243.0711512,249.1055362,219.962725,243.4184488,6.009496254,6.1320626,6.102426157,6.166183127,6.245150868,0.1818239,0.121772522,0.122811163,0.152801831,0.131942105
2017-05-19T23:10:00Z,245.6804664,236.4023403,219.6875031,232.882495,245.2041792,5.940433719,5.822501776,5.929547974,6.245057882,6.375640617,0.158040239,0.161472945,0.12513767,0.12352942,0.099988062
2017-05-19T23:20:00Z,216.9469997,229.0743437,234.8370901,216.9260515,236.4886959,5.989838228,5.836190241,5.824715847,6.171850942,6.32732563,0.162389388,0.180779796,0.148766754,0.099955455,0.135547501
2017-05-19T23:30:00Z,244.1521575,213.2420261,211.8916267,225.9271848,229.169399,6.035243443,6.184431572,5.880437379,5.840304433,6.047290561,0.103568721,0.135210471,0.164314433,0.146389445,0.128062831
2017-05-19T23:40:00Z,228.273514,218.3086837,231.9579582,216.6795372,241.6967351,6.241048942,6.20772574,6.502381452,6.371857475,6.259894361,0.128275869,0.14371499,0.129699332,0.120541187,0.147909519
2017-05-19T23:50:00Z,233.5547884,226.6513785,239.5642214,236.8357949,241.6035554,6.138541328,6.422724438,6.582142918,6.421719975,6.577666401,0.156962965,0.132552529,0.124703176,0.142367346,0.104412653
