LOCATION: 
SYSTEM SERIAL: HKZMAST
TIMESTAMP (ISO-8601) UTC,WindDir030m deg,WindDir040m deg,WindDir060m deg,WindDir080m deg,WindDir100m deg,WindSpeed030mh m/s,WindSpeed040mh m/s,WindSpeed060mh m/s,WindSpeed080mh m/s,WindSpeed100mh m/s,TI 030m,TI 040m,TI 060m,TI 080m,TI 100m
2017-12-03T00:00:00Z,253.0559527,243.6206543,257.978568,249.9294852,232.6622306,8.342056348,8.411239758,8.7566705,8.836361862,8.950666034,0.10309028,0.128516504,0.132828572,0.109627992,0.084122078
2017-12-03T00:10:00Z,246.9498165,262.4806942,254.314237,258.1054059,251.8389642,8.889370939,8.86224462,8.752633518,9.185296864,8.955654766,0.098255177,0.11356649,0.087441781,0.107073767,0.127807214
2017-12-03T00:20:00Z,254.1193046,237.0278659,260.6874683,245.9254091,232.5857689,8.025917915,7.963747804,8.420109515,8.208989679,8.773964199,0.110574339,0.084576283,0.131259755,0.129635835,0.124389636
2017-12-03T00:30:00Z,262.4823601,252.9161109,257.8619454,257.6454071,237.4935246,8.594887955,9.029814662,8.659450291,9.130026013,8.70016051,0.1184757,0.101072514,0.103176952,0.089104318,0.075315727
2017-12-03T00:40:00Z,250.2143016,270.3494045,257.2312165,253.4651763,243.1543192,9.492091487,8.973454189,9.370023975,9.609097578,9.749973971,0.124405491,0.142136639,0.100662182,0.122524585,0.118814351
2017-12-03T00:50:00Z,245.8756477,257.2951172,252.2673766,256.8958344,273.1645395,8.458219072,8.759253939,8.872993699,9.044747006,9.12730451,0.101308782,0.093454127,0.10562941,0.090924053,0.089120024
2017-12-03T01:00:00Z,254.9387923,244.8406931,254.8161252,240.2302401,238.4553271,8.949779555,9.196993207,8.800974941,9.125321549,8.877580178,0.119257016,0.089639881,0.074145315,0.108451999,0.059289996
2017-12-03T01:10:00Z,241.1413538,252.0506869,220.0308048,253.5931255,252.4492961,9.079741377,9.496315899,9.408005843,9.261893425,9.617156377,0.102161307,0.10045725,0.124815928,0.083563071,0.080571793
2017-12-03T01:20:00Z,242.680209,253.41173,252.1737458,252.7978664,255.8163863,8.687797369,9.134615028,9.258471653,8.896078431,9.40245037,0.092252574,0.124973656,0.083673874,0.133902931,0.10798723
2017-12-03T01:30:00Z,260.8886742,251.1654174,266.2821245,272.8174147,243.1348039,9.095744556,9.224501891,9.592734131,8.872131342,8.627096092,0.101323102,0.105161032,0.117530866,0.111018684,0.097385637
2017-12-03T01:40:00Z,245.9389034,246.3487306,252.6118621,241.6105196,248.8597857,7.954311335,8.304924186,8.984204069,8.410685771,8.221209136,0.116431645,0.139674521,0.151228271,0.16365813,0.085983372
2017-12-03T01:50:00Z,253.7151157,259.4286927,238.4019136,249.5091456,257.9672106,8.115680957,8.763758557,8.281446523,8.892501497,8.732326789,0.109788084,0.094795211,0.135420431,0.122131829,0.111730729
2017-12-03T02:00:00Z,247.4228161,245.1166163,287.5623944,263.9829146,247.6123649,7.965253834,8.17219339,8.114827508,8.64592397,8.450340666,0.147746812,0.132664547,0.112771861,0.14527649,0.143462836
2017-12-03T02:10:00Z,257.1921312,273.2523395,242.6369854,260.9577951,255.8892076,7.873052373,7.904794125,7.857760822,7.560305853,7.869987141,0.168821564,0.152238599,0.147143442,0.145113017,0.162594284
2017-12-03T02:20:00Z,261.0447751,261.8083978,246.9025703,257.7480523,247.9939934,6.478678752,6.280437966,6.520391666,6.470882519,6.517103241,0.173148772,0.178473738,0.15290523,0.213219464,0.188761488
2017-12-03T02:30:00Z,252.7526054,276.617264,269.7989644,270.6251197,257.475492,7.55202986,7.488444223,7.947669918,7.917801508,7.756456723,0.19985413,0.167470043,0.138076846,0.149522115,0.178043412
2017-12-03T02:40:00Z,272.6235335,254.846811,269.8676942,273.7695644,264.5940682,7.900736506,7.491877051,8.11581828,7.955800865,8.142802823,0.152790939,0.127684564,0.169657012,0.164894337,0.152382016
2017-12-03T02:50:00Z,267.4946368,272.4371188,259.819063,261.3394925,256.8190244,7.68894624,7.898331553,8.168028921,8.009470257,7.887589086,0.173104643,0.145622211,0.165545277,0.121699521,0.17808511
2017-12-03T03:00:00Z,245.0051793,251.5991244,254.366584,268.3334324,276.114406,8.011664138,7.852120472,7.738600812,7.876019162,7.74428427,0.150036229,0.184768886,0.149231719,0.145690423,0.126515939
2017-12-03T03:10:00Z,251.6796628,284.6948144,263.0113283,259.0322798,241.6569238,7.829928341,8.335632535,8.316675004,8.181372789,8.153527705,0.134562492,0.16428909,0.112539396,0.158879808,0.090101967
2017-12-03T03:20:00Z,260.2519922,275.336635,263.0422015,257.5365943,245.0975513,8.153990075,8.108920036,8.157587955,8.112374007,8.710999357,0.118898409,0.153900644,0.154430275,0.126702687,0.159045481
2017-12-03T03:30:00Z,257.2285976,285.5076405,272.1316472,258.4826743,263.1307202,8.709082181,8.714879922,8.69497077,8.988838252,8.359746818,0.164957095,0.116274965,0.149079349,0.132519517,0.122860516
2017-12-03T03:40:00Z,267.5288224,256.3837481,256.362229,269.5749778,272.5078356,7.398635585,7.576469505,7.725390369,7.669775503,7.935318308,0.193412757,0.153518228,0.116769332,0.167738874,0.095154998
2017-12-03T03:50:00Z,278.2574069,254.5607898,268.9247538,284.1641233,262.1848453,6.636133415,7.235620078,6.571870135,7.114223769,6.83411359,0.165968581,0.143640757,0.151419258,0.154973344,0.150158901
2017-12-03T04:00:00Z,271.9939466,278.3415997,275.9598617,292.6519802,263.4198727,7.68133539,7.184174212,7.470180112,7.673226279,7.691834208,0.131462854,0.172125071,0.238180523,0.176142478,0.174240876
2017-12-03T04:10:00Z,305.8622414,258.8638332,283.8268454,258.7348034,283.9027319,6.854499777,7.28058041,6.85028499,7.646619324,7.739351841,0.229769676,0.146707503,0.130864834,0.16868153,0.12530503
2017-12-03T04:20:00Z,278.2603838,286.6154029,261.5506001,275.7380716,274.5548997,7.636822854,7.474425,6.948116445,7.55240731,7.634207249,0.118619385,0.162629632,0.132333313,0.132362898,0.132264647
2017-12-03T04:30:00Z,264.5736603,256.9957478,268.1254157,251.4550149,288.5490632,7.035601021,7.098407921,7.289620324,7.19497445,7.197858695,0.180515602,0.121410501,0.137375315,0.159026475,0.129733
2017-12-03T04:40:00Z,284.2330877,271.1346921,265.3597467,284.1310495,272.4350477,7.474958521,7.62826497,7.890140645,7.593745169,7.742626246,0.14664276,0.156643185,0.096444863,0.138743974,0.191354867
2017-12-03T04:50:00Z,293.8468531,271.2484076,305.5705286,298.0079176,253.1158342,7.651767648,7.459920574,7.616663986,7.550222396,7.364578147,0.151892765,0.177308667,0.139065728,0.160006898,0.179240796
2017-12-03T05:00:00Z,253.3603582,276.4131752,267.7020367,276.8980508,283.668664,7.207849122,7.6295256,7.056852517,7.580818459,7.643536181,0.1421104,0.133857179,0.145038037,0.185242821,0.136179934
2017-12-03T05:10:00Z,303.3162802,283.1689303,275.3077892,285.0435723,288.1250407,7.48428154,7.848927168,7.336639193,7.215028192,6.820211456,0.146647136,0.156041486,0.140820873,0.100072243,0.199494864
2017-12-03T05:20:00Z,289.8422235,277.0254469,285.5642925,298.3152645,297.9329161,7.800098018,7.475633545,7.457104468,7.403795432,7.449466438,0.146919005,0.13107755,0.163902096,0.115871808,0.156370763
2017-12-03T05:30:00Z,287.2464304,317.6768276,315.7997909,276.465397,292.0859805,7.465504419,7.426653483,7.422430962,7.840947994,8.012874823,0.097084928,0.1328393,0.183238078,0.135786283,0.161782342
2017-12-03T05:40:00Z,302.35646,297.540596,282.997981,292.7743238,300.295767,7.308980278,7.156930916,7.107034025,7.508786965,7.376472739,0.16947904,0.132508996,0.125848573,0.176978674,0.208179269
2017-12-03T05:50:00Z,279.5191818,285.2379135,299.8611156,314.2107102,301.3497582,7.000774732,7.266542469,7.27742144,7.361910356,7.029795712,0.225813176,0.137242011,0.195165318,0.164482492,0.115282889
2017-12-03T06:00:00Z,286.4554299,285.6589726,293.5780867,291.2033532,272.6111036,7.119813481,7.454260732,7.13765089,7.141551845,6.479252846,0.140266129,0.122019716,0.146814421,0.147076771,0.164282414
2017-12-03T06:10:00Z,287.7904599,296.1219073,294.5494172,287.9431426,274.1461353,6.940473286,6.957791196,6.82925092,7.416915978,7.050952337,0.174143545,0.108903061,0.157542185,0.155872528,0.211901033
2017-12-03T06:20:00Z,281.6410193,291.8588648,281.8038746,292.0385471,288.5461249,7.597108921,7.42230725,7.269589197,7.381688375,7.161921734,0.115976407,0.146508301,0.20817838,0.143024859,0.118423651
2017-12-03T06:30:00Z,284.0665594,304.0889403,299.5657716,292.8110059,286.7781915,7.290607219,7.33461063,7.504050975,7.28155622,6.885175319,0.149390883,0.117883408,0.157508129,0.166921013,0.121000321
2017-12-03T06:40:00Z,278.9285962,297.228029,300.4965421,316.8035735,289.9503565,7.901880932,7.380854484,7.669809863,7.841598265,7.600242758,0.103283439,0.162343168,0.126348569,0.101975449,0.159010906
2017-12-03T06:50:00Z,305.7437105,317.6785509,305.0885875,314.2273579,313.5379005,6.921722531,6.935576505,7.333499144,7.378060257,7.395492138,0.128240364,0.154250548,0.138445749,0.125128575,0.163896097
2017-12-03T07:00:00Z,265.0405494,314.2185556,311.5265101,300.1673148,296.4477118,6.824454549,7.108569874,7.22175785,7.189793556,7.355302545,0.136844067,0.116061621,0.147419062,0.117864211,0.169036033
2017-12-03T07:10:00Z,292.2123061,303.4972525,310.3129707,305.8047267,306.1284989,7.223874304,7.643181073,7.580893397,7.897375544,7.644449215,0.128600792,0.162533711,0.118252238,0.125715312,0.150253721
2017-12-03T07:20:00Z,290.126038,307.300152,291.5435434,320.2735584,294.0993881,7.314176189,7.790934223,8.10886065,7.643941074,7.624108687,0.147985978,0.125322623,0.135820346,0.112678813,0.154194973
2017-12-03T07:30:00Z,314.0138688,308.0351846,300.6756664,307.7905324,317.5644243,7.766527307,7.660664399,7.927785918,8.137663204,7.826839694,0.13701755,0.118099278,0.165174163,0.143395251,0.164723065
2017-12-03T07:40:00Z,299.2098209,283.5025623,319.1482962,291.7434759,307.5873195,7.41790622,7.963977148,7.593491612,7.711613531,8.052411789,0.144738178,0.092193309,0.170644147,0.12249221,0.077839725
2017-12-03T07:50:00Z,281.4755908,300.5234933,304.5258858,291.4580243,309.01745,6.553484285,6.875010889,7.200415314,6.983383297,7.525031348,0.116688738,0.102126082,0.142478628,0.160474779,0.128107861
2017-12-03T08:00:00Z,306.2209393,298.5242938,286.6130583,324.4514242,313.1010426,7.137764867,7.060207609,7.09660373,7.082819694,7.502859354,0.160571955,0.143872798,0.118056835,0.129719949,0.163480469
2017-12-03T08:10:00Z,290.9622071,285.646916,312.3603334,307.5864729,303.4618646,7.742536504,7.566925485,8.199019575,7.819568404,7.92997037,0.151800429,0.158931065,0.131226294,0.140938459,0.182492609
2017-12-03T08:20:00Z,301.2178097,322.2729416,314.7226317,304.2809695,287.1355601,8.091022302,7.996170258,7.789108537,7.973357455,7.647451201,0.115299663,0.152929607,0.150927343,0.128817589,0.125729217
2017-12-03T08:30:00Z,313.2166101,279.4195484,296.0206994,312.7574449,304.8790247,7.742377155,7.750814442,7.98799163,7.918407217,7.819913595,0.13256477,0.079959168,0.117912575,0.133123247,0.128403093
2017-12-03T08:40:00Z,307.5953756,325.3651344,301.0386877,313.968108,307.2912463,7.393383704,7.733146324,7.77919394,8.082035372,8.161748043,0.138584631,0.124858396,0.113382383,0.133551031,0.126659224
2017-12-03T08:50:00Z,305.8430744,303.6343791,297.1233436,302.4381972,319.3301418,7.751104319,7.688459509,7.842104405,7.888621619,7.866655262,0.140332528,0.124822087,0.133461436,0.113298111,0.133680504
2017-12-03T09:00:00Z,319.1527481,317.1282375,316.9813785,282.4566789,295.2691378,7.50386058,7.662887471,7.459853382,8.127052751,7.998268501,0.153275079,0.146405309,0.149083821,0.138324545,0.110642113
2017-12-03T09:10:00Z,318.1395468,287.423963,323.6796991,315.697461,330.7487888,7.988536565,8.425319838,8.096368324,7.988267726,7.939755534,0.179180853,0.142395423,0.16322845,0.120048585,0.130704715
2017-12-03T09:20:00Z,327.8376352,308.2167471,305.4209001,307.4986042,301.6811303,7.809422107,7.382022433,8.320070495,7.562096889,7.953960185,0.188829621,0.141682955,0.159830161,0.175219454,0.16643299
2017-12-03T09:30:00Z,308.982105,301.4385102,318.9455392,313.5627449,309.1091648,6.227684561,6.767479017,7.000833123,7.172364111,7.158946024,0.135695437,0.130488265,0.106409289,0.141979133,0.193062843
2017-12-03T09:40:00Z,294.1946244,300.4159784,297.3539912,305.4490179,292.5647253,6.442427436,6.687393263,6.436339901,6.448203988,6.593400992,0.128236297,0.152976566,0.108257675,0.138351872,0.184624082
2017-12-03T09:50:00Z,324.6581497,321.3681066,297.9773881,293.8803222,308.8278409,7.002199695,7.350499506,6.830599503,7.198261042,6.830223902,0.162394899,0.144471533,0.169771063,0.104499331,0.162909326
2017-12-03T10:00:00Z,288.7897154,320.5925772,276.1182756,294.5760865,329.480798,7.008748185,6.602754331,6.84710169,7.034953498,7.289661002,0.170703118,0.190166897,0.166866805,0.16570729,0.162889223
2017-12-03T10:10:00Z,316.7127074,313.6854006,319.1745997,336.7869941,321.8024128,7.327001838,7.3542113,7.466378041,7.887252898,7.652608086,0.150043474,0.1420661,0.15163413,0.118565227,0.155115906
2017-12-03T10:20:00Z,307.3766459,313.2056754,307.7328729,318.4218683,311.2148122,7.512390345,8.025785115,8.431563047,7.950757416,8.44409713,0.117938436,0.165421929,0.147128845,0.159283749,0.146110981
2017-12-03T10:30:00Z,326.5103426,319.1391636,315.8198294,315.5285925,315.9807108,7.529561989,8.102120859,8.063727677,8.689493227,8.483858361,0.116823126,0.151474068,0.137619874,0.110007196,0.121915306
2017-12-03T10:40:00Z,300.2731111,311.9357022,322.1631378,283.0517721,327.4484148,7.722864821,7.980478117,8.158993113,7.771052064,8.229316982,0.190237582,0.133376192,0.127995168,0.135346583,0.162003458
2017-12-03T10:50:00Z,325.6068755,294.3520924,338.0113445,310.8781365,314.4850303,7.666863351,8.162664767,8.059252775,8.580581922,8.144210083,0.143013947,0.175551013,0.166996059,0.135058442,0.147367884
2017-12-03T11:00:00Z,314.407533,318.6490981,307.0637223,300.9551778,313.7305205,8.055110119,7.414664338,8.066727924,7.937435378,7.815753109,0.148768498,0.127137097,0.134692906,0.14560875,0.121977685
2017-12-03T11:10:00Z,307.727222,287.8603744,299.9418118,311.8291122,288.8712402,7.790181758,7.773480699,7.364177246,7.797972421,7.690676084,0.191189222,0.18105017,0.183900035,0.196207148,0.137824418
2017-12-03T11:20:00Z,288.7248062,282.8156068,317.8928394,299.2978647,305.8233277,7.61196475,7.80066977,7.463062562,7.47598087,8.295065398,0.157937706,0.134439413,0.157658542,0.153414695,0.13797169
2017-12-03T11:30:00Z,302.575724,317.47963,283.6673407,334.3212282,294.0921755,7.421940834,7.866388679,8.293190186,8.511232539,8.210658802,0.187815844,0.140462738,0.140578777,0.116681566,0.103585052
2017-12-03T11:40:00Z,328.3177794,308.8427335,326.6755335,333.9768041,308.9381688,7.705413114,7.776624773,8.261138506,7.998247154,8.108557542,0.153253753,0.14073282,0.144768883,0.141736203,0.157280079
2017-12-03T11:50:00Z,322.0143726,312.6233768,330.2013254,341.9062526,312.5127857,6.797418637,6.674749769,6.578044818,7.502711645,7.395968202,0.105499897,0.122933989,0.185454764,0.158695981,0.1341267
2017-12-03T12:00:00Z,299.7304481,306.5183689,296.9965966,321.4148222,314.1664184,7.365132247,7.515836206,7.72264251,7.595851744,7.750840362,0.211679846,0.134270447,0.188938402,0.224642078,0.102265259
2017-12-03T12:10:00Z,311.2944744,320.7242242,311.9823314,297.9635881,313.031602,7.821956206,8.105996836,8.443769992,8.544749287,8.275395351,0.144094907,0.157525238,0.1450934,0.112703666,0.201633516
2017-12-03T12:20:00Z,306.0124401,300.4069175,300.7911929,320.4816288,317.0259728,7.735187698,7.82939781,7.846298935,8.193886455,7.712755673,0.118628945,0.13170731,0.142688015,0.111087092,0.131803758
2017-12-03T12:30:00Z,333.5662499,305.4084455,310.8096718,322.8063138,313.2804221,7.443290805,8.309023152,7.973562929,8.113862733,8.218536766,0.100855441,0.114425683,0.139821019,0.135916533,0.121579735
2017-12-03T12:40:00Z,312.4311367,318.3520567,329.6273584,302.9014412,337.3938802,8.03858163,8.298388157,8.638853139,8.010815268,8.841604652,0.109121696,0.168735474,0.096552097,0.131819853,0.118942622
2017-12-03T12:50:00Z,309.4549662,304.7775365,314.6127167,311.1769917,334.1034146,8.261311628,8.0208229,8.340404188,8.614846191,9.097260227,0.109863473,0.129606212,0.143447401,0.099914421,0.108494286
2017-12-03T13:00:00Z,318.6484172,310.8275064,337.6935029,314.4926773,314.2665614,8.548467385,8.843174758,8.72711216,8.917652768,8.542002869,0.128327076,0.136045302,0.114147735,0.106768305,0.173166043
2017-12-03T13:10:00Z,325.7026664,318.0991529,291.2038759,301.4710333,305.5541862,8.366661074,8.752226655,8.596008599,8.684977592,8.381155607,0.102975371,0.124582799,0.111994859,0.141191031,0.123506587
2017-12-03T13:20:00Z,305.4649625,310.8830986,304.9377564,313.8917212,317.4204237,8.451207735,8.098605629,8.869582223,8.385818868,8.827939811,0.103527079,0.155214045,0.125991614,0.15137462,0.1319196
2017-12-03T13:30:00Z,315.6966831,321.3527695,317.7416899,328.0780081,297.0916072,8.658425298,8.874061175,8.258862231,8.722193949,9.24024502,0.103860422,0.136602685,0.111554666,0.11730546,0.102299477
2017-12-03T13:40:00Z,309.3183038,318.0318492,310.6378567,308.0062434,311.4808352,7.868622896,8.393499984,8.631137754,8.949575369,8.713496127,0.093312361,0.088810702,0.159301015,0.076326085,0.095019261
2017-12-03T13:50:00Z,317.2253468,299.5472737,315.5244829,315.1002018,323.6757791,8.067395874,8.34618101,8.076901868,8.335191346,8.265834199,0.142370563,0.112834187,0.107546278,0.079579515,0.139766465
2017-12-03T14:00:00Z,298.7534456,327.2610559,293.2869936,305.3157939,313.0599615,7.901890275,7.983436844,8.133968735,7.924143612,8.094581086,0.127713884,0.159980244,0.113737459,0.153390285,0.124932668
2017-12-03T14:10:00Z,316.0322678,326.2974554,305.6858426,326.5409969,322.4948933,8.066160051,7.964916962,8.242318543,8.804178694,8.725044064,0.124795254,0.149574528,0.116288229,0.127751544,0.115883198
2017-12-03T14:20:00Z,319.9896995,289.4788574,310.1556684,330.8062449,330.4849902,8.13640861,8.133274451,8.117522779,8.373179046,8.622459315,0.130243659,0.124114091,0.108707103,0.117079237,0.114726402
2017-12-03T14:30:00Z,317.1333343,324.6486916,332.6323938,312.5261152,318.9427687,7.219676525,7.790269068,7.769509598,8.52496777,8.737140836,0.188429661,0.182479372,0.184087883,0.143714403,0.182402108
2017-12-03T14:40:00Z,306.0571766,313.3775796,302.4089238,335.6023672,304.4659531,9.328842745,9.234721195,9.707325005,9.376170513,9.537363783,0.128151616,0.203716743,0.132293881,0.154386712,0.125807027
2017-12-03T14:50:00Z,298.6949058,334.6095665,310.3355018,316.8984673,331.1476991,9.242294146,9.329358245,9.717376703,10.33725274,10.38896139,0.133056956,0.134807797,0.12223609,0.114981131,0.106545863
2017-12-03T15:00:00Z,313.0106124,325.6839042,330.467988,295.8790475,318.0690555,9.240342647,9.628605481,9.413959911,9.854651606,10.12892048,0.125120219,0.134679052,0.124029315,0.117600155,0.081978225
2017-12-03T15:10:00Z,318.0243047,303.8521215,331.6488459,339.0086171,332.5670148,9.559743583,10.17605411,9.966184934,10.57937029,10.33315837,0.167661067,0.108470203,0.101061019,0.117730554,0.10595445
2017-12-03T15:20:00Z,326.1899171,333.4204582,335.6044844,349.7389231,332.0111845,9.800282557,10.22768367,9.631270568,10.64132067,10.12138128,0.121877496,0.12908249,0.105790664,0.125283677,0.097121053
2017-12-03T15:30:00Z,354.3958647,340.0276462,343.4433276,331.9058961,355.7723703,9.697990017,9.709789991,9.204133354,10.40606012,10.21042555,0.110745544,0.130327676,0.161675666,0.148640653,0.150192808
2017-12-03T15:40:00Z,352.003364,351.4098632,315.0626044,319.7539115,341.47273,8.726349222,8.744593408,9.075963387,9.203599614,9.209750821,0.124647234,0.147691536,0.129207424,0.139584991,0.152244192
2017-12-03T15:50:00Z,329.4143535,336.4407186,322.5305041,316.8617289,320.380218,8.26995727,8.354821357,8.556535611,8.599691064,9.002121946,0.112580161,0.121870516,0.127818892,0.152494287,0.106623376
2017-12-03T16:00:00Z,338.4437667,331.6060155,326.3942549,309.2255599,323.5027723,9.046302993,9.183194433,8.908961115,9.486866599,10.46982152,0.082001901,0.127219102,0.12680418,0.140523322,0.084968422
2017-12-03T16:10:00Z,299.2139298,309.2918615,318.2914308,322.4433488,315.2591973,9.737610779,9.737143732,9.71808702,10.50591682,10.69582533,0.205354652,0.178165761,0.166651839,0.129726042,0.120725369
2017-12-03T16:20:00Z,316.4150792,332.3948466,332.6566034,306.7635424,339.183016,8.90714035,8.973273082,9.13171854,9.479504763,9.455842609,0.152681419,0.107495564,0.116528859,0.148888712,0.13778123
2017-12-03T16:30:00Z,335.7184569,309.5639397,303.6078625,340.8473926,313.8784152,8.178774261,8.914422438,8.631481907,8.589075935,8.690176965,0.111585742,0.118987175,0.118455235,0.141082847,0.137248347
2017-12-03T16:40:00Z,312.1050931,347.5412545,295.1240413,317.7887349,342.0325936,7.441832474,8.199604454,8.144741877,8.383746559,8.715737789,0.143989252,0.119292817,0.128188048,0.139233853,0.109216576
2017-12-03T16:50:00Z,290.532816,329.4902022,319.811279,315.26527,293.3046536,8.492581664,8.727365221,8.520692714,8.661392189,8.761230528,0.162746867,0.165808216,0.146027286,0.150263522,0.146475762
2017-12-03T17:00:00Z,349.2628044,322.4010074,309.577868,346.9422174,317.1619763,8.263362933,8.865861107,9.39919444,9.62637177,9.25448283,0.1450192,0.125724534,0.135188365,0.160218136,0.103220757
2017-12-03T17:10:00Z,338.1881633,307.9722864,317.7594286,331.1679023,335.9969203,8.106586958,8.425163792,8.397567243,8.453037677,8.981177161,0.135842464,0.114382509,0.106392882,0.094649784,0.144223781
2017-12-03T17:20:00Z,338.0241186,368.0529677,319.775258,353.1594178,347.2106925,8.014646354,8.841107817,8.840026582,9.055737228,8.924666151,0.146438465,0.153847394,0.176539268,0.155791553,0.159359739
2017-12-03T17:30:00Z,348.8991131,316.1365363,323.6144612,325.7645611,316.9222017,8.908745082,9.375418275,9.74902494,9.324720722,9.602348713,0.141894671,0.144245342,0.106313133,0.112019871,0.118190279
2017-12-03T17:40:00Z,332.3418095,317.4425108,337.8670608,308.6515752,321.2847546,9.483818954,9.987206664,9.800104833,9.379656539,9.588553354,0.142775469,0.125817861,0.128091542,0.12506189,0.158389972
2017-12-03T17:50:00Z,322.825942,341.5190364,342.4119942,341.1611006,315.7395348,9.639922943,9.686105634,10.22057694,10.48249866,9.899246953,0.137007998,0.120812915,0.118219793,0.140389318,0.143184262
2017-12-03T18:00:00Z,332.486244,330.0445973,334.4462741,298.7112977,315.4211586,8.91745054,9.27681767,9.350860431,9.715264589,10.0738801,0.12355649,0.112973951,0.122777289,0.118907271,0.14849285
2017-12-03T18:10:00Z,325.7585203,311.2215972,362.1816153,329.7599061,358.2055478,8.854884633,9.20358293,9.617266338,10.3269338,10.47997207,0.127106035,0.121340924,0.13982052,0.114638669,0.128279754
2017-12-03T18:20:00Z,330.4976373,333.2178995,307.6306368,318.7574476,322.6729888,9.885930784,10.59967804,10.37657198,9.879826384,10.21400964,0.139366344,0.189446534,0.20158443,0.16533686,0.152320677
2017-12-03T18:30:00Z,333.2837524,346.9279246,329.78499,328.5538759,336.613025,9.854075457,9.895418017,9.924952358,9.453954043,10.70446238,0.153573249,0.155642068,0.158051549,0.189218046,0.113034393
2017-12-03T18:40:00Z,350.9551737,342.0759418,332.8098122,338.3669403,327.7446455,7.780808774,7.947837745,8.8964568,9.052955092,9.486309979,0.113552958,0.14276202,0.092854716,0.16619391,0.133707143
2017-12-03T18:50:00Z,321.3002491,334.221536,372.2844773,360.3743999,333.0359895,9.739153734,9.330363247,9.540686429,10.30657238,10.2091296,0.122587252,0.12846658,0.13652407,0.142911682,0.144118208
2017-12-03T19:00:00Z,358.8478563,328.3021184,354.6182254,311.2829895,366.503997,9.000012269,9.268755961,9.367947265,10.0136682,9.627993066,0.163316434,0.147446986,0.189229571,0.146492979,0.201679333
2017-12-03T19:10:00Z,343.5785862,344.8298802,347.1624483,360.7016735,330.957786,9.261733141,9.961222698,9.957159882,10.13128115,10.20478773,0.150765422,0.15649738,0.138509376,0.140259846,0.136884238
2017-12-03T19:20:00Z,330.9303804,370.4496365,316.9262845,348.3176945,367.2457922,8.94161326,9.356471292,10.01289174,10.16481653,10.06551669,0.092413519,0.127695802,0.121582136,0.113427172,0.101547124
2017-12-03T19:30:00Z,352.4270135,321.0735874,373.4900077,325.6475593,337.8728839,9.573072241,9.702055448,9.798796826,9.768601983,10.68278448,0.098932584,0.143206773,0.115539695,0.1283652,0.131316946
2017-12-03T19:40:00Z,357.024248,353.395086,317.2309978,332.6065485,309.4936271,9.232107351,9.481664413,9.67314874,9.667966942,9.913177548,0.096601035,0.119722773,0.128330893,0.067771124,0.120413555
2017-12-03T19:50:00Z,308.0310803,350.4688843,338.4306533,338.7924913,347.1613508,9.903476856,10.39269869,10.3648268,9.94242302,10.47592101,0.115832871,0.12920401,0.135712086,0.084920311,0.081834859
2017-12-03T20:00:00Z,329.8570841,329.791011,331.2208798,331.5668455,340.8448768,9.125528993,9.431669251,9.193860784,9.541585474,9.864829328,0.133263444,0.150266257,0.108453952,0.115660367,0.141137161
2017-12-03T20:10:00Z,349.0130169,313.3470808,318.6847901,327.5934449,323.2262841,8.902181383,9.355571813,9.111972784,9.376895564,9.626805996,0.142246821,0.121225649,0.129162096,0.131567495,0.166431393
2017-12-03T20:20:00Z,325.7054375,338.2870846,328.5278365,342.5786111,312.9777882,8.51148683,9.065358306,9.06137245,8.764191651,8.70396182,0.15696739,0.137353086,0.110135098,0.085371086,0.129639212
2017-12-03T20:30:00Z,347.3967059,349.250728,336.2109533,347.5569792,345.9738186,8.466309137,8.434389264,8.253477951,8.300724417,8.65570705,0.129986686,0.159314343,0.204082296,0.205968478,0.135130357
2017-12-03T20:40:00Z,330.922607,339.0989634,350.1539641,311.6171996,363.9725701,8.713864197,9.247781462,9.028437012,9.633112057,10.15186457,0.189144394,0.178107043,0.165009852,0.143127463,0.155009362
2017-12-03T20:50:00Z,329.9173388,335.4644548,371.3671953,337.2714625,326.6494344,10.39307432,10.65840671,10.77876042,10.55506141,10.79569494,0.108221197,0.137587344,0.109991697,0.119619699,0.123473417
2017-12-03T21:00:00Z,356.9889588,322.3901836,363.7331822,335.4943905,354.5912786,10.30690829,9.892391372,10.78780614,10.78359831,10.59732634,0.098469264,0.112209502,0.096388791,0.092117452,0.102836974
2017-12-03T21:10:00Z,340.9339635,339.3873148,333.3190518,360.0646452,338.4543192,9.417011301,10.06045509,9.780478038,9.814806677,9.588550955,0.117632362,0.104890055,0.107370647,0.114986769,0.106299529
2017-12-03T21:20:00Z,355.1982842,308.2418836,331.9068345,332.8144676,337.0540208,9.096305591,9.390034259,9.460839146,9.519203879,9.708078657,0.148973756,0.138955861,0.120581189,0.11573671,0.071987375
2017-12-03T21:30:00Z,333.5560972,351.5371225,356.8319522,313.9593566,321.5221331,8.973057094,9.401120169,9.435844275,9.825732938,10.01375187,0.129169765,0.103853104,0.12934503,0.083251793,0.12635399
2017-12-03T21:40:00Z,318.1220614,351.4273698,325.2268604,313.3942151,319.8157143,8.781383872,9.378834655,9.971133221,9.572388137,10.30812,0.092692222,0.119906181,0.113051046,0.099832978,0.094284194
2017-12-03T21:50:00Z,318.9793308,316.4737634,354.3616665,320.7370128,332.4657755,9.529492505,9.576447861,10.39929396,10.28367279,10.16439612,0.173087268,0.12186839,0.120711595,0.107250176,0.084799106
2017-12-03T22:00:00Z,337.1841534,358.910731,330.9651073,349.2054754,328.8906341,9.97575115,10.15975259,10.31405581,10.86416136,10.95830839,0.137729806,0.176192999,0.172411848,0.144649922,0.117176569
2017-12-03T22:10:00Z,332.6286536,345.0424566,337.4220841,339.6901999,334.960472,9.96902901,10.47940403,10.47512267,10.62089848,11.15836427,0.156560539,0.116143292,0.143471345,0.140615153,0.113504742
2017-12-03T22:20:00Z,326.8451632,348.5184125,317.0693436,328.1763997,334.5779753,10.41316025,10.8019956,11.09881339,10.60227954,10.0018419,0.128553519,0.101328163,0.122437271,0.082586499,0.141795385
2017-12-03T22:30:00Z,348.4908904,330.8471582,332.215068,313.0911802,355.325951,10.02761636,9.960376465,10.39394757,10.54315238,10.60570022,0.109080122,0.144512698,0.105371872,0.111160853,0.084641216
2017-12-03T22:40:00Z,334.2643696,306.3873154,323.5102167,340.5992883,337.1812223,9.678485797,9.872001359,9.945923616,10.1707201,10.31580128,0.120675989,0.069992822,0.129394724,0.127766657,0.131447389
2017-12-03T22:50:00Z,343.8538983,356.5438399,332.6936309,329.6095998,327.4925469,9.652794619,9.471452711,9.360553822,9.746589067,10.29826609,0.116539683,0.10650888,0.150336072,0.152065508,0.0881461
2017-12-03T23:00:00Z,327.0788683,325.3277208,344.4501208,309.9806741,321.5170764,9.882821042,9.794676476,10.22261061,10.35091763,9.888577291,0.148140155,0.160135463,0.143737508,0.123665219,0.130607114
2017-12-03T23:10:00Z,311.386809,312.4213805,332.4420304,331.5599902,366.9360199,9.811556683,9.631431818,9.522071362,9.292080975,9.915467614,0.106878807,0.14274035,0.089515574,0.100147938,0.11778879
2017-12-03T23:20:00Z,379.155093,343.0466837,341.1110415,321.7486793,329.3303009,9.324602635,10.08823674,9.912867341,9.819719952,9.853108494,0.10978312,0.148146912,0.13042784,0.100756535,0.112655328
2017-12-03T23:30:00Z,350.2350578,327.9390135,336.4564987,320.5534084,309.6347694,9.656497712,9.897063458,9.305129415,9.569476231,10.19280659,0.127735977,0.158458018,0.176705751,0.10728648,0.155330889
2017-12-03T23:40:00Z,315.7347172,342.868951,317.5966162,322.2341691,316.5025391,8.444716584,8.639977457,9.202353373,9.756810654,9.4919647,0.121988171,0.149505045,0.107304614,0.13899981,0.156803931
2017-12-03T23:50:00Z,318.2399977,337.0389739,356.9435569,339.3677316,329.4582009,8.722512532,8.874240266,9.372552352,9.65870936,9.255818455,0.131009717,0.155912767,0.106011458,0.139477029,0.122163959