LOCATION: 
SYSTEM SERIAL: HKZMAST
TIMESTAMP (ISO-8601) UTC,WindDir030m deg,WindDir040m deg,WindDir060m deg,WindDir080m deg,WindDir100m deg,WindSpeed030mh m/s,WindSpeed040mh m/s,WindSpeed060mh m/s,WindSpeed080mh m/s,WindSpeed100mh m/s,TI 030m,TI 040m,TI 060m,TI 080m,TI 100m
2017-04-24T00:00:00Z,195.0886452,198.8828386,213.9215993,207.0879236,218.0170829,10.5058785,10.9579783,11.06162279,11.12858098,11.80008979,0.158408521,0.128091159,0.099784314,0.122611565,0.102372699
2017-04-24T00:10:00Z,200.46319,209.4654714,215.9784407,206.6144699,218.354892,11.21348441,11.16377551,11.79100999,11.38257633,12.05983253,0.09704528,0.144985822,0.116680102,0.109372358,0.094549105
2017-04-24T00:20:00Z,198.778075,200.9240738,194.7222113,205.4060087,219.1838638,10.78333322,11.27222998,11.46950409,11.86589384,11.45399881,0.147242839,0.173503626,0.127032789,0.137376568,0.144857176
2017-04-24T00:30:00Z,210.7447835,217.6641624,191.1562993,212.7729832,214.0024279,11.18530642,11.4437651,12.17768736,11.80660089,11.36302567,0.113556922,0.185113313,0.134680663,0.093230076,0.127204016
2017-04-24T00:40:00Z,204.7889239,201.1928947,205.2777893,202.3314043,201.8764434,12.03845309,11.92641051,12.02941172,11.90994659,11.67863532,0.099626118,0.088402825,0.138109582,0.139440915,0.129825411
2017-04-24T00:50:00Z,209.9464782,193.1328104,199.8958348,199.7330942,198.3100397,10.74039553,11.01263033,11.63051566,11.74865584,11.47614692,0.193675904,0.148035713,0.104563898,0.153388636,0.184524116
2017-04-24T01:00:00Z,208.2283502,207.5154176,190.0328345,229.0040354,214.6908146,12.03893534,12.13984423,11.79471622,12.29759155,12.33605348,0.130148609,0.120584805,0.113676985,0.075209888,0.094296565
2017-04-24T01:10:00Z,205.769199,218.2449855,204.3107384,199.9415426,200.1080052,12.08441059,12.38669364,13.0278653,12.63922113,12.77708736,0.102154878,0.103242091,0.079877543,0.090562454,0.083414498
2017-04-24T01:20:00Z,214.7484157,219.6152675,187.8804742,213.7428029,200.996731,12.06524571,12.91137953,12.8287672,12.35970756,12.77538042,0.06384422,0.09063534,0.07582289,0.073762741,0.082577974
2017-04-24T01:30:00Z,203.7139559,203.1590433,198.5775162,212.980827,220.7845678,11.31335808,11.62652722,11.59102286,12.26365338,12.48157398,0.107839926,0.099420483,0.112836649,0.102144404,0.085057895
2017-04-24T01:40:00Z,212.3094654,221.4802167,208.4120781,202.7492164,193.6886019,11.48989893,12.23515149,12.14689372,11.99918898,12.88726926,0.10532224,0.133691351,0.12256043,0.102729481,0.129288123
2017-04-24T01:50:00Z,206.2006451,214.3855365,222.6076318,213.2127323,216.552618,11.9203347,13.3354034,13.32410045,13.9438093,14.17480916,0.165713604,0.08800458,0.083379391,0.090993044,0.069172686
2017-04-24T02:00:00Z,218.2141715,227.8709675,202.4873821,213.2081587,219.5099784,12.22674022,13.40406341,13.70135605,13.21699906,14.36105774,0.125987191,0.088501415,0.113802132,0.096746747,0.087223746
2017-04-24T02:10:00Z,208.9021608,206.6381543,207.2197301,220.9034684,205.3837568,12.27377307,12.52813344,13.08322446,13.18577385,13.60949899,0.117797713,0.09239977,0.066068397,0.107181266,0.073740517
2017-04-24T02:20:00Z,200.2094987,215.9007831,216.4270654,218.2498704,227.6055131,12.10029179,12.01331508,12.59657931,12.96127417,13.63144481,0.092225358,0.100216603,0.110206178,0.104754665,0.098790204
2017-04-24T02:30:00Z,218.1302134,222.2227248,211.4823616,217.2981032,226.16534,12.01127501,12.32469479,12.20466526,12.47575074,13.23452182,0.114887808,0.107116033,0.112680275,0.09847525,0.068199171
2017-04-24T02:40:00Z,226.2664026,207.9350908,204.7214916,221.4295834,223.9298575,11.87373563,12.36644426,12.79593922,13.24528606,12.90331608,0.09270697,0.074119307,0.088539023,0.07749636,0.085989769
2017-04-24T02:50:00Z,208.8082812,220.0482683,230.2070619,218.487488,223.6237672,11.53273123,11.25749526,12.31283146,12.38283276,12.79384756,0.094722404,0.108308249,0.118433296,0.113378294,0.086688452
2017-04-24T03:00:00Z,208.2090085,213.2622927,223.7020579,209.4926944,227.8008748,12.21246331,12.10210842,12.94031279,13.30089176,13.01554417,0.093694187,0.104116455,0.114939687,0.102663805,0.092720038
2017-04-24T03:10:00Z,242.3696227,227.0810976,235.8001018,210.9942173,248.0056199,11.43899083,11.65996043,12.46161785,13.02592108,12.72390808,0.135128761,0.085263943,0.102098673,0.106182091,0.07721245
2017-04-24T03:20:00Z,220.4499892,242.1511479,233.7395113,230.7792987,231.9790573,11.6066247,11.61415138,11.62943393,12.52515291,12.74111619,0.113980907,0.109091382,0.092732913,0.081873179,0.074964281
2017-04-24T03:30:00Z,215.7854582,216.2892383,214.5409533,228.0544242,212.0163528,11.60683259,11.91696025,12.3367336,12.54983942,12.63097023,0.104110115,0.086455643,0.09023352,0.088323237,0.075721353
2017-04-24T03:40:00Z,219.6453093,215.7035629,220.6133423,225.319513,221.4117324,11.54974677,12.15422245,12.31502802,12.92442266,13.41378246,0.142532617,0.077133952,0.112237008,0.085613967,0.083242307
2017-04-24T03:50:00Z,234.2803856,222.608339,222.3359512,224.4569704,226.4788462,12.24521466,12.42557983,12.59628813,12.69765455,13.22569701,0.117910354,0.105171102,0.125897281,0.06398586,0.115268765
2017-04-24T04:00:00Z,248.6190327,237.5042006,228.231223,245.6089768,241.7907285,11.37180313,11.64805853,12.37768245,12.84639821,12.31683359,0.118986995,0.15075344,0.115075466,0.110128182,0.151483391
2017-04-24T04:10:00Z,229.4035023,242.984077,223.8016035,215.9570171,223.2258319,11.57639492,12.4361076,11.86070174,12.08398824,12.89478936,0.11939942,0.137460703,0.146453922,0.117430076,0.136786187
2017-04-24T04:20:00Z,246.8958984,246.4039148,233.096665,227.4420893,229.9745349,11.24986728,11.95519812,12.09123847,12.58155041,12.51430578,0.109839981,0.106391293,0.111294934,0.097427262,0.108315811
2017-04-24T04:30:00Z,234.8127124,244.4191592,235.0021877,238.0528044,228.7383431,11.23502781,11.05594709,12.18163985,12.73469364,13.35962549,0.110867772,0.121371433,0.131672198,0.095334179,0.111912854
2017-04-24T04:40:00Z,251.6345653,247.2852541,242.855358,236.7251912,248.5849764,12.37670105,12.61702833,12.35754603,13.13161384,13.59576814,0.134355897,0.127061197,0.092398396,0.123109951,0.110850849
2017-04-24T04:50:00Z,256.0470841,238.6422439,243.420848,237.3475751,248.3784154,12.01678769,12.64934344,13.10510053,12.86156937,13.21643478,0.136382879,0.155903694,0.142404403,0.137754867,0.109278239
2017-04-24T05:00:00Z,244.6453234,272.7688525,231.5721605,274.9351518,248.3957217,11.26129801,11.24324959,11.63658742,11.50905443,12.52957054,0.154632568,0.131345035,0.116576179,0.126957346,0.156069049
2017-04-24T05:10:00Z,257.0050829,262.8105348,260.2716276,254.1014715,237.5941545,10.04031655,10.33677156,10.10483918,10.92312706,10.81276084,0.14982208,0.096554342,0.124883509,0.119607765,0.107420284
2017-04-24T05:20:00Z,238.6108729,247.0438616,253.4818476,250.4684281,246.5912093,9.628092268,10.22148302,10.60372703,10.90321876,10.74826184,0.137703897,0.123086874,0.10118285,0.088695723,0.105534962
2017-04-24T05:30:00Z,254.208529,263.2613963,270.7017701,247.6187799,265.3117807,8.827941064,9.24669683,9.92259406,9.936377675,9.956772916,0.119514791,0.148619381,0.133692648,0.096827717,0.129937381
2017-04-24T05:40:00Z,250.4757404,252.5225092,245.9979182,242.0192694,243.0094868,9.513080607,9.955499728,9.930173157,10.28769851,10.18721313,0.093431204,0.091190069,0.093228968,0.122507277,0.09796423
2017-04-24T05:50:00Z,255.9205801,246.8882992,259.425615,251.6889547,259.4966596,8.77577682,9.074279384,9.19473914,9.661820516,9.369871704,0.12577871,0.144697143,0.197718539,0.107741966,0.113720776
2017-04-24T06:00:00Z,244.2513031,259.5864144,247.0655791,241.9823744,251.5347173,8.595710625,8.978387335,9.354956783,9.520228143,10.07435969,0.140557575,0.108199346,0.117828999,0.10594812,0.115727503
2017-04-24T06:10:00Z,258.9754792,256.7539103,261.8255072,259.6817113,260.6592267,8.154117601,8.384958919,8.923761381,9.0001213,9.501021928,0.127657992,0.138485398,0.143341923,0.112180075,0.099634983
2017-04-24T06:20:00Z,256.8871092,243.3003534,245.4143929,245.7195355,267.0701845,7.765633532,8.382329543,8.675532346,8.809169366,9.418552429,0.160468145,0.10931419,0.11003395,0.145771582,0.122628226
2017-04-24T06:40:00Z,229.6832469,267.9555422,255.0061389,254.965188,262.8798147,8.002263487,8.029188398,8.818826093,9.134837691,9.396945749,0.101220245,0.113378068,0.115161662,0.091377004,0.096825699
2017-04-24T06:50:00Z,248.444122,246.85062,260.1956884,242.1480078,248.9685872,8.048251201,8.559167014,8.690436626,9.195691048,9.101019944,0.107929487,0.119998172,0.076089649,0.098226454,0.126276956
2017-04-24T07:00:00Z,259.6490057,248.7191883,237.707259,239.1687022,245.9234566,8.318735398,8.606049757,8.558229472,8.85493754,9.512589998,0.140514015,0.119126753,0.082374973,0.100436494,0.098193728
2017-04-24T07:10:00Z,240.5353007,241.1705193,248.7262798,264.0551087,245.7733964,8.20048739,8.428611229,9.069327349,9.158681906,9.454941153,0.107933004,0.104427027,0.127685608,0.116167506,0.148228922
2017-04-24T07:20:00Z,242.0393755,236.6599771,235.3232405,232.4933233,264.5656821,8.129610407,8.430551973,9.215591263,9.322634215,9.773734914,0.162441752,0.098321782,0.121186919,0.115616256,0.105830352
2017-04-24T07:30:00Z,240.1217901,228.9436861,241.8996178,233.5430016,243.6274068,8.128476998,8.240684098,8.767728955,9.335510626,9.180925765,0.07894701,0.094751577,0.140463311,0.123165855,0.101649761
2017-04-24T07:40:00Z,268.4538847,240.4949348,245.6090596,244.9555119,231.4311414,8.338289898,9.049105811,9.364551623,9.188063977,9.691884903,0.137735211,0.099261531,0.100895968,0.118448641,0.078956553
2017-04-24T07:50:00Z,251.8258391,266.2425397,231.1767423,244.3955689,240.6708486,9.292040528,9.251276367,9.941744958,10.39977228,10.14586334,0.117132015,0.143737981,0.127607156,0.098975315,0.129055125
2017-04-24T08:00:00Z,236.7651724,248.1610328,233.8626159,233.9233641,267.7803524,9.757939925,9.877635271,10.39749609,10.33263925,10.80464671,0.105748945,0.112937774,0.132613968,0.101702906,0.125966904
2017-04-24T08:10:00Z,231.5779949,248.3985483,222.6531416,234.713112,238.835334,9.250069815,8.991960531,10.09869702,10.73395535,10.76771048,0.134433648,0.140826228,0.090777289,0.125874343,0.120186328
2017-04-24T08:20:00Z,232.6037341,241.3386099,248.4395991,237.3996216,250.5091522,8.973231298,9.15765952,9.663575366,9.926387907,10.31771556,0.118369159,0.091385924,0.136511284,0.130705508,0.083595085
2017-04-24T08:30:00Z,249.0495711,254.9571603,235.2371952,252.4570117,237.0593366,8.540955527,8.644159253,9.219347106,9.656280837,10.12346889,0.155551766,0.17822674,0.126801218,0.104886108,0.134096296
2017-04-24T08:40:00Z,249.6353117,241.117257,273.134213,252.9100993,235.1673269,9.181398458,8.681303113,9.640339372,9.563799573,10.14334626,0.120835405,0.108276983,0.112019788,0.100898639,0.089108363
2017-04-24T08:50:00Z,235.8339336,265.1138784,260.4017317,257.8324798,226.8098573,10.08869386,10.636692,10.46743534,10.23006614,11.0413075,0.136229752,0.134786568,0.154869816,0.151089742,0.114742462
2017-04-24T09:00:00Z,254.050529,247.3441005,249.5392031,248.6358654,247.9056129,9.184562804,9.905693543,9.970766742,10.93942199,10.81476673,0.113096355,0.11613324,0.14108203,0.096888223,0.099805349
2017-04-24T09:10:00Z,252.9962033,235.1781033,247.7440173,240.8826881,222.7461185,9.776481461,9.533163327,9.915571761,10.40218231,10.38285312,0.121977778,0.119423679,0.125475698,0.157797048,0.093599198
2017-04-24T09:20:00Z,245.4184739,251.3638523,253.566615,244.9685274,251.7770745,9.433237493,9.526012949,10.54254931,11.0908957,11.25626708,0.103934564,0.101257821,0.110855849,0.088278462,0.068574773
2017-04-24T09:30:00Z,230.1485998,253.2281798,249.3860504,244.4544441,260.7765254,10.15977314,10.64019047,10.79909405,10.99164606,10.84781976,0.115985535,0.12476997,0.099979288,0.134059735,0.183129896
2017-04-24T09:40:00Z,233.6837314,245.7738435,231.6365248,236.9411584,242.5582093,10.26339941,10.47734485,10.25724003,10.35789513,10.75736683,0.093930942,0.087437631,0.108650081,0.11421617,0.098422516
2017-04-24T09:50:00Z,247.0543206,208.6774599,240.7211812,243.378312,210.4815316,9.420037963,10.41534586,10.72610661,10.83663053,11.3463249,0.127281589,0.099001798,0.090188914,0.093726678,0.084018631
2017-04-24T10:00:00Z,225.5837405,220.5860622,228.6189008,231.8972,235.563153,10.70707368,10.59499183,11.04757297,10.98278088,11.92614096,0.128005524,0.126832614,0.115758688,0.138740993,0.126347755
2017-04-24T10:10:00Z,245.3557198,238.9788356,245.9113659,231.7485727,246.5215206,10.24091772,10.51132146,10.96143321,11.10698182,11.40211586,0.13462901,0.167381637,0.139209888,0.141394574,0.089060974
2017-04-24T10:20:00Z,256.8090654,245.2826708,242.4106576,235.1827048,235.0485359,9.929604141,10.70233719,10.80000624,11.38800427,11.52557856,0.118893477,0.121067949,0.139583292,0.098288564,0.098393212
2017-04-24T10:30:00Z,236.8286012,240.0489735,212.9518683,240.0484665,248.2667061,9.744889292,9.75636925,9.936984512,10.42433305,11.03416727,0.093451705,0.11239902,0.106913928,0.134143649,0.115765913
2017-04-24T10:40:00Z,230.6139362,245.6504513,255.5311656,250.675652,251.7145429,10.29577933,10.12651083,10.25035668,10.59279012,11.12697952,0.124163171,0.143625728,0.111641298,0.116640761,0.150040544
2017-04-24T10:50:00Z,233.2554233,242.1189911,236.1798153,231.0893374,242.3553899,9.946004732,10.7033473,10.93343223,11.06451297,11.43365228,0.147193887,0.142559994,0.115755492,0.120476033,0.143395518
2017-04-24T11:00:00Z,237.2789475,237.2513362,251.0580222,249.8085093,226.7119021,10.2284567,10.28606079,10.06077767,11.10890767,11.27360839,0.166228678,0.154464762,0.165390357,0.153469344,0.09780936
2017-04-24T11:10:00Z,256.0351812,248.8910505,238.0781743,243.331133,253.3602467,10.21088143,11.04468018,11.43964958,11.92071967,11.50208903,0.120125692,0.120989304,0.103558246,0.112056618,0.124217429
2017-04-24T11:20:00Z,255.5201124,257.4630563,247.9889467,237.7296143,246.2199056,10.26938334,10.51798921,11.17033532,11.0898797,11.9689238,0.133198068,0.137736444,0.128770266,0.106045385,0.15674078
2017-04-24T11:30:00Z,253.8622409,230.7753918,231.2464489,234.7131835,248.0353854,11.09413858,10.28243472,10.86662891,11.40397653,11.03139319,0.098701201,0.157375312,0.121179831,0.126678055,0.152562648
2017-04-24T11:40:00Z,240.2876199,263.414618,231.4048143,250.6304277,250.4361107,9.714300783,10.16060696,10.87486333,11.15570399,11.08580484,0.155837889,0.136773631,0.102585313,0.112083763,0.128874656
2017-04-24T11:50:00Z,249.0604777,260.4333883,251.4322728,241.9540077,269.3600478,10.77173177,11.10966452,11.08173791,10.99114755,12.40281922,0.167661154,0.166509624,0.135415648,0.124561655,0.1326895
2017-04-24T12:00:00Z,254.5914109,258.1837243,239.4117066,248.9503564,238.5411081,10.22558688,10.30342271,10.64771692,11.13744248,11.70865724,0.165684384,0.121915901,0.147964563,0.085432582,0.097836263
2017-04-24T12:10:00Z,246.828343,256.3567154,262.9044893,243.7311794,244.5878643,10.74424802,10.61253386,10.79147605,11.13179692,11.01559114,0.125150288,0.066168601,0.087576966,0.113135997,0.157330448
2017-04-24T12:20:00Z,249.6368886,254.6987872,256.3166387,252.7214917,243.7701659,10.18327309,9.786797862,10.75544808,11.16087742,10.93852027,0.12938729,0.106834102,0.108650782,0.150050812,0.105545792
2017-04-24T12:30:00Z,240.9682821,243.2404583,247.7453992,240.0940671,255.2769361,10.10538623,10.17219497,10.40957184,11.23882546,11.34233489,0.161074386,0.110516876,0.115283034,0.143093533,0.078582885
2017-04-24T12:40:00Z,248.9354234,256.4943351,258.8999901,248.1065538,220.2196786,9.638220133,9.439287883,10.16378164,10.36031337,11.03233297,0.103718907,0.133391263,0.102269708,0.105230984,0.116850998
2017-04-24T12:50:00Z,256.8423014,227.0354217,263.5242183,239.3521157,278.9719683,9.654087455,9.655534272,9.705325212,10.53702498,10.64307833,0.098011648,0.128646313,0.112314044,0.127152187,0.098984991
2017-04-24T13:00:00Z,271.4932362,234.2216182,241.4566926,231.0597075,269.7542853,8.903939008,9.385710557,10.02426336,9.799176034,10.30889898,0.130972419,0.108534828,0.123010591,0.10221512,0.106962546
2017-04-24T13:10:00Z,260.2095789,242.070873,233.9020686,251.2995333,246.464743,9.156351245,9.980429052,10.05205983,10.5428103,11.02900292,0.117734204,0.106823215,0.130982582,0.11672336,0.113273191
2017-04-24T13:20:00Z,230.4234369,242.5824663,241.2851866,230.6302841,239.252361,8.644794558,8.946409005,9.267170011,9.198901326,9.885857991,0.162812672,0.116767873,0.115644882,0.125018444,0.089249816
2017-04-24T13:30:00Z,240.814304,236.3241206,244.9447599,258.1712105,247.2621514,8.996597489,9.033387936,9.222057402,9.662032214,10.11412889,0.120310799,0.146459318,0.082894416,0.091115219,0.068306574
2017-04-24T13:40:00Z,242.8808011,236.2559779,237.5887099,264.1108952,252.2986729,8.681311767,9.383747594,9.107362402,9.272217588,10.65448508,0.130138334,0.098638182,0.131517315,0.107283501,0.102052515
2017-04-24T13:50:00Z,237.8227954,240.1701491,248.7847887,236.0466832,258.7906244,9.365668085,9.131419119,9.628720904,9.384638346,10.24225794,0.116300787,0.087711466,0.118178226,0.12053942,0.073001412
2017-04-24T14:00:00Z,276.1250734,246.4782699,234.0821058,237.3665859,229.3518444,9.837253708,9.820326578,9.791480455,10.75562382,10.8253876,0.097610581,0.121507517,0.066124294,0.092699022,0.069263771
2017-04-24T14:10:00Z,242.6198618,241.4619154,232.4403851,232.0291081,233.4808046,9.231033138,9.547621918,9.648225292,10.63635253,10.61938453,0.149744313,0.08450364,0.097882097,0.09429492,0.089215973
2017-04-24T14:20:00Z,232.799027,220.2008781,210.7929892,252.5607079,242.9525839,9.73424058,9.574238307,10.0067244,10.4399069,10.42798762,0.109114154,0.092924548,0.077005588,0.079097625,0.095827789
2017-04-24T14:30:00Z,248.4073672,237.8466661,250.0533995,239.655165,240.7832337,9.731296915,9.707984736,9.680576625,10.24669309,10.64661969,0.081063878,0.094417872,0.094753526,0.084245998,0.093178232
2017-04-24T14:40:00Z,235.051303,222.7996106,243.5929158,236.6454228,236.3861907,9.741222628,9.726014558,10.33915012,10.59904239,10.87906558,0.129433433,0.094935362,0.132393957,0.116733768,0.072463901
2017-04-24T14:50:00Z,243.901995,254.4222442,233.2410219,241.1992562,239.2324349,9.877814934,10.5918595,10.91435901,11.65933548,12.11252766,0.128434889,0.083471111,0.099100894,0.090088689,0.111522496
2017-04-24T15:00:00Z,223.2837202,236.2558456,229.4016909,241.155036,235.8296523,10.69480423,10.81083673,11.38222289,12.25224659,12.86512503,0.109399738,0.120048279,0.098881002,0.105612956,0.07637053
2017-04-24T15:10:00Z,229.6045982,246.2326592,249.0752577,233.6532598,251.1505957,9.435504219,10.5722421,11.43529973,11.41434985,12.23400615,0.129685689,0.099148805,0.087431413,0.104751566,0.0744816
2017-04-24T15:20:00Z,250.5817075,250.6141969,248.7481795,225.2813155,252.6707097,9.761121316,9.913164458,9.900267668,10.710354,10.97038876,0.091078441,0.098030895,0.075525446,0.095805788,0.112943184
2017-04-24T15:30:00Z,233.3709319,227.8016465,238.773061,243.3784868,245.844213,9.868584411,9.386017243,10.1676722,10.69558418,11.44429491,0.092513107,0.111913225,0.087170638,0.10643133,0.120571473
2017-04-24T15:40:00Z,243.3154309,253.4907024,243.7248081,245.1765111,268.0163428,9.29656382,9.886640207,9.903990274,11.19499971,10.84291361,0.124010537,0.092014187,0.097615795,0.116061371,0.088595484
2017-04-24T15:50:00Z,242.552294,230.2618159,231.2882167,234.9675435,268.3352822,9.39029255,10.31426846,10.07104089,10.99657005,11.28106932,0.154857221,0.106767513,0.099190323,0.114230258,0.125646719
2017-04-24T16:00:00Z,241.4008345,262.4891887,238.6617013,259.7965037,238.934952,9.796591664,10.42302612,10.30763918,10.80013563,11.07068759,0.096549351,0.094422281,0.124244751,0.10153772,0.080450209
2017-04-24T16:10:00Z,250.0036067,253.4619654,241.736269,261.2178158,247.4351208,10.22990051,10.68033151,11.48462254,10.95199785,11.74813412,0.105924377,0.11806947,0.123497539,0.14243107,0.121573317
2017-04-24T16:20:00Z,254.9943088,254.835989,280.0415249,246.1105117,251.9823964,10.75721643,11.18482612,11.97808438,11.86302013,12.80726838,0.135909602,0.108512159,0.107157813,0.137975591,0.083736181
2017-04-24T16:30:00Z,263.8456678,243.597921,269.1318559,251.579577,253.3395912,10.35766087,10.68516409,10.9107665,11.73137624,12.16993879,0.139432268,0.142433534,0.161898559,0.127199405,0.125924238
2017-04-24T16:40:00Z,240.4763936,254.3220512,258.4517756,249.7686383,246.959418,10.91024127,10.67382631,11.23574502,11.99188296,11.87679866,0.103253567,0.119653583,0.116472004,0.114878294,0.127879897
2017-04-24T16:50:00Z,240.1555072,238.738467,254.7887922,243.7810121,243.085127,10.02358666,10.4197412,11.00948441,11.92542127,12.13215013,0.179056657,0.144955529,0.125425023,0.15076654,0.130649956
2017-04-24T17:00:00Z,287.7831675,269.3639072,267.6055727,272.8360304,262.3680499,9.821878266,9.990971551,10.70888554,11.37784946,11.1357084,0.100145909,0.154204844,0.109503633,0.093925227,0.101005888
2017-04-24T17:10:00Z,246.8671442,249.3824447,255.8883403,278.3992369,248.7082088,9.734854373,10.14955465,10.98203801,11.31929795,11.32435231,0.146684943,0.141438472,0.088594214,0.184828538,0.150900947
2017-04-24T17:20:00Z,295.8987837,298.457016,303.4921968,302.3876775,310.1661941,8.948064622,9.701358935,9.604210329,10.16742294,10.24540517,0.26985719,0.235680271,0.286386537,0.290045687,0.27763154
2017-04-24T17:30:00Z,308.7427459,315.6258248,296.9436199,312.7324457,312.3292262,5.932178258,6.340203069,6.410710563,6.685142574,6.558742529,0.102801813,0.173970155,0.178608847,0.118259681,0.134322661
2017-04-24T17:40:00Z,314.7036736,327.7306176,315.851312,318.6359481,315.1573529,5.778220565,5.550715878,5.397171262,5.569213984,5.349999412,0.155868214,0.121357269,0.112575274,0.132861932,0.144136578
2017-04-24T17:50:00Z,316.2377918,312.6428222,283.4208708,301.3606534,310.2835047,4.844553751,4.959562632,4.608059097,4.980158739,5.057187955,0.141725573,0.112646208,0.113617034,0.135028845,0.139299707
2017-04-24T18:00:00Z,328.0054595,333.5237245,301.4292044,309.262054,296.8303483,5.543709382,5.711419463,5.442990402,5.140450736,5.561186799,0.153680391,0.107185262,0.115384575,0.148003013,0.147508223
2017-04-24T18:10:00Z,315.1930121,314.1037351,305.0183795,326.7807415,307.693166,5.442501674,5.287379118,5.605853828,5.944962226,5.77655102,0.168758706,0.157835772,0.139542646,0.176334781,0.156424343
2017-04-24T18:20:00Z,314.7625137,300.6764569,311.7748211,323.2744892,302.4559241,5.590274978,5.798950208,5.861996166,5.58700828,6.181215386,0.12725071,0.082642608,0.137480257,0.154452706,0.132650145
2017-04-24T18:30:00Z,286.9997732,277.3367667,280.5131933,304.7648833,294.931476,6.143221812,6.413110207,5.895358201,6.060245886,6.234483055,0.122023775,0.141223108,0.128328215,0.135808398,0.095533509
2017-04-24T18:40:00Z,260.7575457,307.8261302,314.9851736,296.3226291,285.9062025,6.345208367,6.40275262,6.35480315,6.785528312,6.56123193,0.111566377,0.13824032,0.167873126,0.115016285,0.150231347
2017-04-24T18:50:00Z,294.7384615,318.2693653,291.739856,293.0548071,307.27093,5.260809578,5.376419746,5.498086834,5.516957619,5.550873508,0.170063098,0.135659849,0.138617275,0.137397655,0.117442848
2017-04-24T19:00:00Z,315.1169427,312.4919735,299.1747056,294.6222323,290.8911811,4.711525836,4.660589089,4.34883557,4.526564745,4.771043879,0.12914524,0.150382434,0.130432549,0.160335245,0.142585773
2017-04-24T19:10:00Z,285.2619169,296.8019936,296.7778249,283.2210006,292.688959,5.136253899,4.862712727,4.992269681,4.92680533,4.877597495,0.153694502,0.124243321,0.144839009,0.1139511,0.093828597
2017-04-24T19:20:00Z,275.816386,284.1877686,283.3157544,295.4363713,275.9214474,4.188712516,4.305928858,4.154825434,4.478971997,4.269934449,0.184654667,0.200871398,0.162004483,0.141265122,0.189459149
2017-04-24T19:30:00Z,282.000337,282.1780348,300.6036721,278.2455869,285.364695,3.628668427,3.588755421,3.614843501,3.800338709,3.875594181,0.197135314,0.233082895,0.223830396,0.202932117,0.177170158
2017-04-24T19:40:00Z,288.3217305,274.4355641,296.8263842,294.6324476,286.2467113,3.189630011,3.249428305,3.249268317,3.082177585,3.268065913,0.161026668,0.163462305,0.190076364,0.188921387,0.144766979
2017-04-24T19:50:00Z,269.0971858,265.3243707,273.2042999,242.3093117,268.9306979,2.504965686,2.546485624,2.431521459,2.45578857,2.571773776,0.186876889,0.21154164,0.24553693,0.143967554,0.200565161
2017-04-24T20:00:00Z,248.4244524,284.595769,244.5710184,264.1550822,267.8485105,3.056732825,3.130483488,3.071590244,3.391419393,3.221001546,0.172500397,0.140010499,0.214085175,0.126986958,0.210362843
2017-04-24T20:10:00Z,252.0071908,270.9342993,271.7132614,253.6643772,277.9191011,4.436698307,4.668595197,4.478866373,4.833132143,4.857602152,0.146188567,0.16547691,0.152458751,0.181311502,0.108248998
2017-04-24T20:20:00Z,286.3908551,281.2476951,249.1852188,260.7333494,266.1080024,5.055998731,5.051424899,5.235174969,5.239429633,5.482336139,0.107287785,0.131078611,0.12343769,0.131673283,0.111485131
2017-04-24T20:30:00Z,267.6354276,265.6602278,277.1870379,299.9196202,261.2864417,5.23056152,5.187284537,5.394847278,5.31804824,5.254866714,0.11061746,0.104395793,0.092697846,0.149006227,0.11338683
2017-04-24T20:40:00Z,300.3579781,274.6576945,287.5968337,273.0425737,285.8958181,5.233822337,5.137945357,5.27254097,5.322464057,5.66058747,0.190775019,0.105204348,0.100298893,0.108470502,0.167422921
2017-04-24T20:50:00Z,282.8156936,289.4393507,277.6450709,279.0377027,271.7150397,5.608761482,5.401281253,5.280757303,5.618690792,5.137035727,0.174848498,0.108396376,0.18737385,0.161203004,0.223081279
2017-04-24T21:00:00Z,256.3668734,278.9314696,267.283552,286.1845511,264.1260658,5.674143061,6.067114341,5.991433729,5.835191193,6.07851884,0.128456297,0.128323494,0.090991772,0.12839599,0.160513701
2017-04-24T21:10:00Z,273.478873,267.5624259,267.2445909,256.5205258,281.5125901,5.725999977,6.460365628,6.372065756,5.787190451,6.62948586,0.250390712,0.123783886,0.178099975,0.144111434,0.183712781
2017-04-24T21:20:00Z,267.6448044,272.6726723,291.0010357,285.2305568,289.3573123,6.760682377,6.924608519,6.692303141,6.841254941,7.08653262,0.1611776,0.108151951,0.208203121,0.082942917,0.142875334
2017-04-24T21:30:00Z,292.8057063,275.1814738,278.6145193,279.8864759,272.2072991,7.028497689,6.859199879,6.916946054,7.661981763,7.652125781,0.167071018,0.169681027,0.161634817,0.165914431,0.185573054
2017-04-24T21:40:00Z,282.9480539,256.1469915,276.0130586,290.2256314,276.5568495,7.93351634,7.740283904,7.854506108,7.784238613,7.964204198,0.102255607,0.137638103,0.147722126,0.09534074,0.101773288
2017-04-24T21:50:00Z,281.4073257,278.1744583,270.8140695,268.2916931,277.5911401,7.818335874,7.791438832,7.704861988,7.998723973,7.74475976,0.151446568,0.157930515,0.146028212,0.0916507,0.111244537
2017-04-24T22:00:00Z,273.6507496,272.8948816,294.872545,294.5938286,286.4212312,7.480064523,7.725765232,7.592513107,7.725732836,7.897404682,0.123968303,0.152361237,0.171041698,0.109898895,0.1204927
2017-04-24T22:10:00Z,281.3536213,263.3760147,266.4250093,265.1862692,267.3936993,7.731083125,7.9638111,8.340152554,8.412760825,8.164484681,0.092677533,0.099515354,0.146479144,0.139951339,0.098745832
2017-04-24T22:20:00Z,263.1813616,257.7061016,260.2292725,279.136303,266.2753571,7.490521624,7.879160286,7.895318693,8.2288628,7.735090367,0.106972001,0.110229193,0.109948408,0.126976728,0.160833408
2017-04-24T22:30:00Z,261.2568538,268.9984001,262.5691521,252.2781022,271.0726843,7.599647416,7.876611502,7.84138355,7.641211887,7.731533775,0.125934383,0.138978871,0.133562268,0.131759814,0.162902085
2017-04-24T22:40:00Z,292.2272693,271.0968049,279.1415179,248.7424964,262.0546117,8.153109721,8.422272753,8.342419866,8.421044868,8.756960621,0.12192224,0.145075678,0.106686811,0.163716994,0.132174786
2017-04-24T22:50:00Z,255.6083996,271.5824541,266.4221724,281.9481409,268.0808158,8.636062442,8.931603017,9.382675441,9.873379994,9.487584718,0.129773547,0.103558269,0.133155491,0.14175302,0.121596321
2017-04-24T23:00:00Z,262.3823417,283.8477065,273.1406749,257.6018385,258.3202318,10.44826125,10.74310142,11.21624079,10.58890639,11.76170506,0.111462049,0.130143899,0.119741427,0.149814428,0.132381801
2017-04-24T23:10:00Z,279.2727349,282.0202105,269.0075771,283.279492,286.2662422,12.61588353,12.55444736,12.70844464,12.85559919,13.08833265,0.152728598,0.176516899,0.130112429,0.1706771,0.135212408
2017-04-24T23:20:00Z,288.8876283,298.0493047,289.3666322,298.5477786,284.5117733,12.11185319,12.51362393,12.69841599,12.91622957,13.57390604,0.200369783,0.152717582,0.130548559,0.154970404,0.147456774
2017-04-24T23:30:00Z,292.8928674,287.5102612,282.297571,312.6804251,290.608612,12.40128935,12.0490876,12.60319939,12.81135034,12.57715921,0.139983363,0.164618682,0.205020291,0.128756082,0.189899088
2017-04-24T23:40:00Z,290.7026675,287.3554895,282.0640128,303.4495907,293.9075487,12.10230646,12.0966299,12.75180193,12.61024725,12.5059286,0.158974156,0.138993893,0.100507391,0.157696226,0.158191319
2017-04-24T23:50:00Z,318.776673,281.0971277,276.8004209,288.3031178,309.3155299,12.30830919,12.93917216,13.69685907,13.31728934,12.53158629,0.122348605,0.161953245,0.099153918,0.146723524,0.117408586