LOCATION: 
SYSTEM SERIAL: HKZMAST
TIMESTAMP (ISO-8601) UTC,WindDir030m deg,WindDir040m deg,WindDir060m deg,WindDir080m deg,WindDir100m deg,WindSpeed030mh m/s,WindSpeed040mh m/s,WindSpeed060mh m/s,WindSpeed080mh m/s,WindSpeed100mh m/s,TI 030m,TI 040m,TI 060m,TI 080m,TI 100m
2017-06-21T00:00:00Z,65.07959599,75.64504233,72.40315499,77.08305778,77.34901076,10.64341802,10.72531899,10.42429239,9.952492743,10.41691414,0.10862393,0.156085982,0.119100861,0.115194204,0.088129814
2017-06-21T00:10:00Z,76.09273642,72.53511922,74.69958203,74.93102251,68.25342197,10.45945087,10.7132409,10.45670103,10.29828716,10.32951575,0.111631636,0.087250418,0.12018136,0.093201878,0.132787571
2017-06-21T00:20:00Z,77.80571481,72.8125858,69.47878113,76.35370735,78.41978217,10.31498403,10.31280281,10.44298662,11.09110827,10.51299646,0.116006503,0.103995462,0.079741139,0.123383206,0.082813876
2017-06-21T00:30:00Z,72.82903988,73.51703,82.51895501,75.61480643,73.76778027,10.52060751,10.74358525,10.65508632,10.4325154,10.93313616,0.119160237,0.100304136,0.091603188,0.103989395,0.112181569
2017-06-21T00:40:00Z,74.16838785,74.74950236,72.22234311,71.44020107,75.3136091,10.64473643,10.88269139,11.00088228,11.21956038,11.02729988,0.122971702,0.145268574,0.120406187,0.119403463,0.084345075
2017-06-21T00:50:00Z,71.71961426,76.98348859,72.62883012,66.83429063,71.55539425,10.87229997,11.01550742,10.63487493,11.05495613,10.60547299,0.118610628,0.095533885,0.108330537,0.115676163,0.115238825
2017-06-21T01:00:00Z,71.03956871,73.60322674,77.74355549,74.32471565,74.54764741,10.52537197,10.5536012,11.23909314,11.24711814,11.04782395,0.096732687,0.165767921,0.093831676,0.114929529,0.106070092
2017-06-21T01:10:00Z,78.11514494,77.40853159,82.70137542,81.71642944,72.59773547,10.50372947,10.59346337,10.4158116,10.34522596,10.65124502,0.127234769,0.111695111,0.120330631,0.133374867,0.117188274
2017-06-21T01:20:00Z,72.88650374,72.50344989,76.85152972,79.25708213,73.63449758,10.82365375,10.41832442,10.91671531,10.41389414,10.69212675,0.094257034,0.123436267,0.125244758,0.120687155,0.14287472
2017-06-21T01:30:00Z,70.94942346,74.12008031,74.48063657,77.7783175,80.57217727,11.17747803,10.90141788,10.93927865,10.49297837,10.3446502,0.131287815,0.095057931,0.131351888,0.11070193,0.116230235
2017-06-21T01:40:00Z,72.5495806,80.10236196,75.76419693,71.57649193,77.64558051,10.08569429,10.49875068,10.00222565,10.60093912,10.56688974,0.140787713,0.088037694,0.102085246,0.135990655,0.112518053
2017-06-21T01:50:00Z,85.52244221,74.87663171,78.98164634,77.3813975,79.778029,10.80712185,10.75787836,11.00897659,11.52398261,10.82297764,0.126442554,0.120206345,0.133997027,0.127231828,0.101810798
2017-06-21T02:00:00Z,82.08474517,74.66192312,78.75502687,72.44936068,77.76259095,10.34334192,11.05525591,10.93251098,10.55317134,10.8369855,0.140445783,0.131947623,0.126593599,0.149235191,0.157829689
2017-06-21T02:10:00Z,84.0922519,77.04020224,88.46333996,75.24299746,77.62454111,9.620337289,10.09433788,10.17242041,10.39674881,10.56586178,0.150335357,0.169906537,0.106438734,0.14530515,0.155341241
2017-06-21T02:20:00Z,82.99481973,79.92724539,92.67347707,77.13130374,84.61888525,10.1013063,10.19591027,10.3953065,10.17506336,10.24339901,0.141840314,0.115177069,0.143446507,0.120480131,0.097593354
2017-06-21T02:30:00Z,82.71789347,84.78286309,80.29219561,79.5250714,88.227372,10.19961015,9.636934865,9.963973026,9.626949211,9.813272893,0.119041519,0.174810031,0.144266479,0.119548564,0.143540209
2017-06-21T02:40:00Z,79.23119037,87.7557309,81.34596219,88.17797336,85.67929707,9.530796,10.58315285,10.18211197,10.48011135,9.801090893,0.156304355,0.132190009,0.102527613,0.118038957,0.106858159
2017-06-21T02:50:00Z,85.64414396,77.27380581,89.33533952,88.06008669,88.20620533,9.664444159,9.077808897,9.244777478,9.086162994,9.845943273,0.131132254,0.096337909,0.153670236,0.15933679,0.102431519
2017-06-21T03:00:00Z,79.9274493,86.97093987,88.62811008,80.93330307,85.09643517,9.459505797,8.780410249,8.758831541,8.577668041,9.312545171,0.136169778,0.13386331,0.158552715,0.172741472,0.142500851
2017-06-21T03:10:00Z,86.05885923,84.14631283,90.32723008,83.24412815,92.57297657,8.839744578,8.951634175,8.823917836,9.043636,9.430965655,0.123498676,0.162938247,0.141426874,0.12527552,0.120610559
2017-06-21T03:20:00Z,87.1763107,83.02701999,83.40222337,88.12173443,85.11912235,8.220563313,8.857352102,8.708931229,8.637696941,8.377799746,0.129159262,0.113310228,0.134016243,0.137467018,0.12108382
2017-06-21T03:30:00Z,88.16183243,96.22480209,90.3976525,88.82212298,98.56345312,8.654336776,8.987154556,8.887604196,8.945412606,8.949052266,0.112189841,0.153199647,0.11603016,0.154751262,0.150233811
2017-06-21T03:40:00Z,83.22881364,94.21228189,93.57699995,80.16474244,91.13569854,9.150968346,9.15559616,9.186188943,9.003265309,9.74155318,0.088518293,0.112812104,0.135283977,0.140593666,0.153239349
2017-06-21T03:50:00Z,89.14040225,91.11068902,91.26181788,92.07312811,95.5202349,9.477692761,8.97984509,9.108347627,8.970502407,8.867456478,0.113838785,0.116062836,0.104330657,0.112714359,0.170615146
2017-06-21T04:00:00Z,86.35730176,84.91259891,85.71922759,91.0270432,82.81833763,8.922195864,9.195842449,9.111817329,9.032035843,8.332540507,0.159841605,0.133502647,0.136003743,0.124243487,0.146922192
2017-06-21T04:10:00Z,91.50758901,88.54151105,85.09327279,88.30090295,89.87242177,8.269461792,8.409914539,8.280259749,8.576228189,8.512280041,0.147956828,0.138531481,0.075239856,0.153899957,0.092285049
2017-06-21T04:20:00Z,85.65928005,87.27024296,79.87249956,86.38215141,79.15122453,7.880473581,8.35364827,8.441774375,8.065424054,7.984675004,0.146795566,0.160303616,0.103782161,0.146244642,0.128816408
2017-06-21T04:30:00Z,86.37223916,90.48156172,87.61218053,95.23644136,93.28846341,7.764980182,7.954429255,7.966029485,8.598990927,8.37066106,0.18110981,0.138001961,0.153325733,0.164645338,0.121807967
2017-06-21T04:40:00Z,89.43443991,90.15391302,91.6104124,98.82595346,84.24357874,8.596172673,8.715322927,8.926615037,8.995730226,8.604101082,0.159768017,0.11670368,0.111592385,0.107286487,0.119433436
2017-06-21T04:50:00Z,95.21567966,101.8081123,90.31257719,95.38336363,98.36984559,8.286212413,8.374855333,8.849911066,8.362207127,8.752091412,0.163069074,0.124962745,0.116363087,0.137428251,0.145596936
2017-06-21T05:00:00Z,84.44342421,92.32579895,87.34007697,86.26766232,90.39015309,8.489510773,8.480620485,8.622644239,8.588887865,8.845845495,0.137037354,0.103888299,0.124093647,0.090843511,0.143450382
2017-06-21T05:10:00Z,86.18650216,94.16353343,89.96121701,96.4519346,83.57968743,8.120681423,8.290493692,8.231707176,8.134746072,8.309878346,0.164948504,0.125527451,0.106912443,0.126937371,0.160630762
2017-06-21T05:20:00Z,101.2309368,80.38433778,96.46174711,92.93354113,94.63329534,7.98188436,7.878946639,7.549636211,7.353302348,7.915390013,0.144669049,0.088741891,0.138520079,0.132977225,0.101092216
2017-06-21T05:30:00Z,98.83762628,90.78281792,92.49158276,90.91047414,96.21766898,7.526463446,7.807769524,7.209598545,7.428165549,7.49932233,0.154617708,0.178993601,0.113159197,0.134548446,0.15818843
2017-06-21T05:40:00Z,101.5988038,94.61297263,95.56217913,97.44236964,85.19052338,7.612529007,7.86193685,7.724356074,7.607723378,7.60750456,0.138941199,0.102157499,0.135493647,0.108912767,0.125869967
2017-06-21T05:50:00Z,86.39710553,96.09084796,91.00704568,94.65839826,92.28620752,7.537430411,7.761936834,7.378414825,7.62145704,7.516952736,0.105100002,0.110463687,0.084011967,0.087755678,0.117286186
2017-06-21T06:00:00Z,91.09344242,99.39684693,90.68526645,92.47126271,88.5939171,7.038236197,7.613196705,7.237997364,7.267216524,7.149170619,0.12600816,0.154076733,0.098476146,0.108820758,0.10179364
2017-06-21T06:10:00Z,96.79067473,96.21940385,89.24893875,91.31458142,88.54856629,7.930197652,8.009436207,7.827220369,7.691647079,7.244921333,0.141363812,0.07428737,0.137626274,0.121757395,0.134247183
2017-06-21T06:20:00Z,94.80979893,94.92148694,84.27676001,90.0675814,93.73946512,7.829031751,7.861361609,8.149987432,8.23027713,7.8266063,0.131859895,0.135529207,0.138240299,0.124813102,0.141588362
2017-06-21T06:30:00Z,90.43193695,90.13607914,88.3806563,94.51492473,90.73665786,7.707605133,7.812237482,7.763973342,7.97796803,7.729587937,0.123232801,0.119866046,0.091130738,0.103206828,0.128512623
2017-06-21T06:40:00Z,104.2753786,96.71674064,90.76682679,95.24661901,91.84007591,7.689882046,7.61366153,7.915592743,8.24214675,7.770666921,0.135087717,0.141681133,0.106489781,0.099944956,0.1230566
2017-06-21T06:50:00Z,98.48681153,91.59466475,96.9704278,88.80972521,89.45608991,8.134711796,8.246824632,8.212164794,8.161257361,7.961153753,0.101429465,0.131972917,0.126998779,0.117679782,0.113331189
2017-06-21T07:00:00Z,95.29212402,92.36476355,94.04333708,92.52447437,87.92829296,7.80678711,7.51809715,7.75662333,7.701819936,7.863247773,0.144017313,0.091703571,0.116455544,0.106584233,0.146436827
2017-06-21T07:10:00Z,87.29293788,85.02246029,89.38382947,89.28757922,89.16860524,7.973196068,7.833757823,8.168312253,7.791278196,8.248016304,0.129956391,0.149513415,0.153020498,0.106019632,0.156291503
2017-06-21T07:20:00Z,85.35707198,85.04113444,77.89164433,83.9450776,74.77156653,7.753958198,7.730105376,7.29387309,7.871720002,7.571399956,0.118035269,0.112648126,0.1022151,0.135990775,0.170090621
2017-06-21T07:30:00Z,77.81143718,81.76534056,81.99425847,78.32637539,78.43755449,7.792024291,8.082444689,7.850763483,7.822950256,7.502933741,0.127926187,0.099034006,0.120872853,0.111596154,0.122702579
2017-06-21T07:40:00Z,75.73843971,87.36454389,82.92509254,80.23250799,83.23841751,7.770074528,7.976107218,7.696730094,8.119032663,7.806905183,0.093165037,0.09540459,0.137963193,0.116810887,0.10241199
2017-06-21T07:50:00Z,78.91212675,81.82071365,76.87508957,79.44087622,83.06736262,7.470339787,7.705365742,7.715994355,7.886921882,8.278970978,0.135354901,0.129670916,0.117962873,0.119795394,0.106007367
2017-06-21T08:00:00Z,81.24777023,81.97370177,84.20084475,83.2124589,90.32782883,7.818935385,7.754304416,7.622546403,7.650746314,7.970003556,0.127038084,0.146157625,0.140053413,0.144740252,0.093521196
2017-06-21T08:10:00Z,81.45605522,85.87616706,86.21739225,83.39686136,82.07899921,7.692440143,7.663450358,7.825586002,7.643675444,7.833331409,0.113172647,0.116351326,0.137571111,0.115894013,0.154328275
2017-06-21T08:30:00Z,85.77066877,83.17503925,78.93662538,85.65457319,84.16526402,7.595662162,7.497417548,7.821395321,7.769259898,8.099172531,0.107237421,0.089024906,0.099046164,0.084724017,0.147141068
2017-06-21T08:40:00Z,80.22046353,76.79122954,80.66463309,82.87441512,84.08163655,7.668939771,8.082433434,7.582545213,7.924039528,8.41712378,0.114346103,0.122042471,0.1503094,0.101129155,0.153085324
2017-06-21T08:50:00Z,80.40335439,81.41367266,86.20507526,93.81653818,81.60816117,7.505678617,8.286009374,8.49752837,8.3633872,8.411265139,0.122198,0.095305131,0.12102094,0.13585076,0.084562315
2017-06-21T09:00:00Z,82.80132647,80.06915218,83.21139973,81.98828556,84.42622623,8.062218455,8.168022141,8.270985845,8.374099366,8.330688316,0.151631251,0.149984945,0.123866607,0.148529124,0.121716314
2017-06-21T09:10:00Z,88.08539429,87.72779675,84.4154668,85.21275521,85.26185032,8.36583906,8.227312908,8.105685986,8.511813842,8.213466291,0.127564034,0.135160883,0.137245188,0.124798574,0.134279972
2017-06-21T09:20:00Z,82.8447309,87.95469449,83.39476467,84.17625662,84.72159777,7.66989978,7.716396842,7.544927354,8.159781029,8.254757417,0.111999356,0.120130491,0.168447352,0.173433475,0.090430518
2017-06-21T09:30:00Z,88.97036409,87.77267047,83.51115213,90.71587946,91.41317231,7.819581933,8.077293531,8.164072959,8.185441299,8.127596389,0.090485107,0.172839544,0.100556759,0.118761935,0.114241978
2017-06-21T09:40:00Z,77.53511036,87.37091941,82.18620767,86.11124952,82.08704123,7.846858833,7.485512474,7.591847408,7.972634311,8.082564685,0.129989645,0.122425445,0.159039648,0.110910033,0.08564272
2017-06-21T09:50:00Z,80.61038904,83.43061506,76.20521813,89.11522644,83.48042257,7.27222011,8.136909882,7.893365248,8.462204193,8.253341727,0.20619293,0.111401579,0.116043745,0.119877343,0.104887841
2017-06-21T10:00:00Z,82.66392788,88.02144247,78.26027944,88.09844096,87.59260423,7.362299676,7.234694863,7.841822723,8.026708665,7.628858016,0.14088618,0.12265084,0.084631469,0.111849209,0.082971684
2017-06-21T10:10:00Z,86.73235389,86.50995378,88.26893112,82.82215969,99.58023742,7.513654323,7.306179612,7.20680606,7.175149792,7.929556058,0.127990856,0.110123574,0.102991136,0.139831535,0.128478853
2017-06-21T10:20:00Z,88.36047054,81.44553956,89.00669255,96.90053848,99.95817819,6.333588789,6.804970101,7.234523268,7.492128457,7.663084618,0.14344829,0.151302667,0.106045925,0.099284754,0.092191981
2017-06-21T10:30:00Z,85.81078134,85.6182504,89.19608116,87.79380878,89.66102032,6.328549458,6.868195353,7.118050055,7.674449901,7.958689763,0.114412819,0.117387654,0.113872002,0.094875914,0.110964594
2017-06-21T10:40:00Z,83.92345434,85.59257908,83.13878286,86.36949759,90.73023932,6.682017281,6.911921158,7.219526384,7.599591773,8.07651667,0.080186642,0.111172007,0.11139695,0.097612399,0.094420619
2017-06-21T10:50:00Z,72.98341851,75.53083602,80.78604164,81.43864555,92.14972007,6.500174682,6.805767695,7.222441267,7.717581931,7.979417739,0.12109527,0.127823298,0.139814354,0.123318903,0.08219871
2017-06-21T11:00:00Z,78.25940799,76.04939117,84.89717634,84.79446285,88.192381,6.561982486,6.730646909,7.674909755,7.897112356,8.161032609,0.142835323,0.110256338,0.094211747,0.071670758,0.100033562
2017-06-21T11:10:00Z,79.30822453,80.84181646,83.17051283,88.38130413,89.28540926,6.549195078,6.985304155,7.504100806,7.891589378,8.198485107,0.095964321,0.078691428,0.098022477,0.073162074,0.095179352
2017-06-21T11:20:00Z,84.10080619,77.11802164,83.59985817,91.5959041,91.46266473,6.513996776,7.145227065,7.961811275,8.24196626,8.528265487,0.068591436,0.068753489,0.046842222,0.087340289,0.079147587
2017-06-21T11:30:00Z,82.22326185,83.11726342,86.58538244,93.88265674,92.44573965,6.632960274,7.344078104,7.554896253,7.709361866,8.060180086,0.098650631,0.086976271,0.096641782,0.093233242,0.070206094
2017-06-21T11:40:00Z,68.18495108,79.84178675,83.88203912,90.62948221,94.55398415,6.246366577,6.940610138,7.525471998,7.793128884,7.606892307,0.062976456,0.102476986,0.091998095,0.046334488,0.078422975
2017-06-21T11:50:00Z,74.10737014,76.34190607,84.86462432,82.0854055,92.38890283,6.203158611,6.849107037,7.860515639,7.49347916,7.653607741,0.070420864,0.086756271,0.072322907,0.086912746,0.075907542
2017-06-21T12:00:00Z,74.26784954,73.91884447,80.46863819,88.53693956,90.42731852,5.996958757,6.709478423,7.111111634,7.398417245,7.603353661,0.060892104,0.069688449,0.058372199,0.069986048,0.098521914
2017-06-21T12:10:00Z,64.74991212,70.76301173,88.05762194,90.17079562,93.26759542,6.071909952,6.785115087,7.10363035,7.584880142,7.403852194,0.052009211,0.066270069,0.064225872,0.055044096,0.066927695
2017-06-21T12:20:00Z,77.07299359,76.72995248,89.55935948,94.74387533,93.19920365,6.268346968,6.974651767,7.232064276,7.698634875,7.78664426,0.062720209,0.086764097,0.08734226,0.060526365,0.078460431
2017-06-21T12:30:00Z,76.61065148,87.78180026,91.21252323,89.40044384,95.4646059,7.008243311,7.66817521,7.6131465,7.982969024,8.141976883,0.068773115,0.06621047,0.083681016,0.061511255,0.061563877
2017-06-21T12:40:00Z,82.14373188,90.08643712,88.06806243,92.04390292,98.2437688,6.47907142,7.163321464,7.520117735,7.855854312,7.621589633,0.080024577,0.082916824,0.083322143,0.071461452,0.088006603
2017-06-21T12:50:00Z,80.88171323,84.1041125,93.3031693,97.0830852,96.99227168,6.626320144,7.658692956,8.037707378,8.074428156,8.218787679,0.076316111,0.066669413,0.066158327,0.064971039,0.0659291
2017-06-21T13:00:00Z,69.57828784,85.84705395,96.25673177,89.59034167,95.07911562,6.530463643,6.954677502,7.566179573,7.42800337,7.885966425,0.053721288,0.055686236,0.064279114,0.069513962,0.047926717
2017-06-21T13:10:00Z,70.82430498,76.46741037,87.37175883,84.91537333,89.98365656,6.447391417,6.504279468,7.179576001,7.275744941,7.57782565,0.067017501,0.077400628,0.072241146,0.071346664,0.052340992
2017-06-21T13:20:00Z,64.69599036,68.25756237,77.67255916,84.71984303,87.27130383,5.810379648,6.241945715,6.573146902,6.73162156,6.684324251,0.082199374,0.050704039,0.067834682,0.093116,0.081068636
2017-06-21T13:30:00Z,67.54362722,76.83271185,88.47997893,90.10154936,94.61032985,5.659466153,6.455294283,6.320406475,6.245897675,6.265901165,0.068177389,0.076225719,0.068129089,0.06413018,0.048798235
2017-06-21T13:40:00Z,70.70877047,75.86465673,83.40663306,97.21304263,89.17015748,5.565875567,6.067427216,6.376395008,6.097407885,6.035401249,0.063964303,0.061229439,0.070129527,0.040985038,0.049719776
2017-06-21T13:50:00Z,66.60241069,82.77846286,86.25775211,86.01474931,92.04999588,5.641201818,6.120583011,6.08959372,5.821133846,6.014043565,0.040897633,0.061334599,0.074269691,0.055135308,0.049241037
2017-06-21T14:00:00Z,61.42809628,71.98793634,78.27055649,81.76780604,89.6434045,5.645308563,5.646237893,5.920615177,5.464069656,5.463515691,0.059585499,0.051840237,0.063504797,0.049130795,0.053985039
2017-06-21T14:10:00Z,69.02763248,73.60435744,78.07172203,88.81394368,88.77899292,5.562821005,5.910538992,5.531870429,5.441943513,5.283568833,0.082791051,0.084807519,0.091840812,0.062777975,0.068798451
2017-06-21T14:20:00Z,60.61415617,71.18153636,76.67133216,83.66155605,95.53082399,5.678274616,5.667179124,5.426690515,5.541749835,5.445131653,0.040854988,0.062619555,0.072808817,0.048532749,0.044821557
2017-06-21T14:30:00Z,66.4543998,72.91215804,73.48559297,85.16210306,88.55470493,6.208034684,6.053860395,5.332763885,5.690165631,5.617613811,0.069205648,0.062302859,0.087966039,0.068859069,0.075666437
2017-06-21T14:40:00Z,65.23323866,72.47663915,75.74293087,85.17648384,90.40603313,6.310759666,6.23059302,5.886279305,5.969657942,6.156303969,0.065988904,0.058999543,0.058599644,0.072449971,0.048447177
2017-06-21T14:50:00Z,67.48181293,70.74499638,71.204027,86.42029716,88.24859913,6.508977782,6.38779725,5.668196949,6.233123109,6.4924274,0.048272697,0.055224464,0.057916783,0.056499234,0.073971618
2017-06-21T15:00:00Z,66.48960477,69.04743155,71.05950126,81.60591261,81.48986069,6.58007433,6.223233685,5.816936663,6.227496903,6.090153629,0.084117717,0.100745575,0.082132416,0.072109851,0.053939518
2017-06-21T15:10:00Z,65.17004536,63.54065702,70.35263407,82.92857395,86.71679578,6.844155064,6.630181491,6.139941798,6.369223496,6.068163001,0.080574828,0.068562141,0.08671261,0.072606842,0.070683781
2017-06-21T15:20:00Z,70.0257076,74.66257708,79.65586672,85.70845404,92.08663775,7.260001226,7.012093046,6.28739833,6.533926533,6.59622131,0.061637623,0.062825131,0.076485648,0.06963974,0.077772345
2017-06-21T15:30:00Z,69.03170917,75.03044172,79.17866419,84.72203218,95.28293361,7.090339088,6.839840721,6.797030472,6.099422711,6.191684753,0.0860132,0.081019389,0.073547644,0.091872304,0.083731562
2017-06-21T15:40:00Z,62.148216,60.5398459,66.66681475,78.84895794,79.17208849,6.370165783,6.081048332,6.207337022,6.045186111,5.893962364,0.04035902,0.105095923,0.087590034,0.052544338,0.053215765
2017-06-21T15:50:00Z,57.17884036,63.11727307,62.10477416,68.80270586,81.30365945,6.895167296,6.473941778,5.9970896,5.877511228,6.31680672,0.083914092,0.0571866,0.083552356,0.073795837,0.059135699
2017-06-21T16:00:00Z,55.72013514,55.80700646,59.90183699,69.11697046,74.25477966,7.263954664,6.63161583,6.132651235,6.099865523,6.170287659,0.09093728,0.098691004,0.078759307,0.077461928,0.075241046
2017-06-21T20:10:00Z,119.0273721,112.563247,113.4176675,118.2888476,119.4718017,7.911099008,8.224323391,7.718011842,7.775188754,7.503376483,0.038357815,0.04515577,0.056401534,0.055281524,0.043996054
2017-06-21T20:20:00Z,126.7611593,114.8952288,109.1851655,117.5237654,124.149932,7.857129857,7.800279787,7.701850168,7.609316051,7.61495152,0.051334812,0.043612215,0.033013536,0.052555534,0.050666592
2017-06-21T20:30:00Z,115.07808,124.6460917,117.8903148,119.9714218,135.5500288,7.837409006,7.783447858,8.217090322,8.267915711,7.837457266,0.039905669,0.038446903,0.041729629,0.03587027,0.036117417
2017-06-21T20:40:00Z,109.5217643,114.8789928,124.5731141,117.7115187,135.8139393,8.256014345,8.394913819,8.246545571,8.460544486,8.312532754,0.036821129,0.051309294,0.03473464,0.038443934,0.042256205
2017-06-21T20:50:00Z,116.6794213,124.6419568,118.0408254,122.6510588,123.5036634,7.761462878,8.272038612,8.331771414,8.559850726,8.656352545,0.040864579,0.039601458,0.038077486,0.041844555,0.03805141
2017-06-21T21:00:00Z,125.6672614,122.0793266,123.5039594,126.016047,123.9599812,8.35378593,7.865168426,8.444022411,9.013655822,8.639500408,0.041387034,0.037723972,0.050261329,0.045928166,0.048433548
2017-06-21T21:10:00Z,125.7437608,128.0886123,118.9711351,136.0526534,134.6971831,7.956285158,8.238255146,8.979526396,8.799048201,8.406687182,0.054344669,0.038335138,0.042642393,0.045533255,0.036965356
2017-06-21T21:20:00Z,120.5006902,122.3907225,136.8197364,120.767536,140.7282335,8.429938455,8.742398892,9.238710401,9.432327599,9.419973837,0.03188732,0.04194417,0.045165907,0.038829543,0.029151068
2017-06-21T21:30:00Z,131.2930928,128.7060865,131.0664797,125.5598007,134.7350397,9.009521503,9.557430333,9.703316575,9.532396277,9.718451292,0.074765207,0.056827864,0.044195358,0.041454149,0.040748429
2017-06-21T21:40:00Z,134.1534716,136.7660706,132.4791907,132.686229,144.9627232,9.622140006,10.33237255,9.873073849,9.601687579,9.869432853,0.03401063,0.04071392,0.042974699,0.036092273,0.04217111
2017-06-21T21:50:00Z,129.5772431,128.8614377,136.4218028,140.236592,140.5718732,9.283749393,9.670774333,10.53836642,10.10576783,10.29910709,0.043376959,0.037356189,0.034550308,0.04506309,0.04229666
2017-06-21T22:00:00Z,132.0886059,139.459269,134.4392779,144.4007705,152.5582165,9.198861968,9.983686953,10.18038397,10.1764463,10.72161614,0.041465543,0.033800272,0.040347322,0.04308046,0.037808268
2017-06-21T22:10:00Z,135.5344233,125.4659234,139.5630883,148.9260655,149.7421502,9.5491072,10.14990537,10.52931426,11.0592528,11.77703549,0.042706838,0.050236236,0.037003801,0.030699053,0.042673655
2017-06-21T22:20:00Z,129.548685,140.3900857,145.2405644,137.6970242,140.3121316,9.658646272,10.08082008,10.37311934,11.68684284,12.16546395,0.043424789,0.04353583,0.037238186,0.047670992,0.039793188
2017-06-21T22:30:00Z,135.7899766,139.8525946,143.9339701,149.8302056,147.9504211,9.988672282,10.37553724,11.31185769,12.3288533,12.74992048,0.029344942,0.062864441,0.029134228,0.04461669,0.039198233
2017-06-21T22:40:00Z,145.6929994,133.2388583,135.3381217,151.2759749,146.2901871,10.25793263,10.69500195,11.80139783,13.01615458,13.19550186,0.043211646,0.045027051,0.03992208,0.031045989,0.031769775
2017-06-21T22:50:00Z,136.228542,147.9070699,141.4416674,138.7557184,143.364607,9.989330396,11.08572859,12.32795534,12.18933312,13.08516205,0.037469644,0.040303154,0.037239093,0.027184083,0.028494868
2017-06-21T23:00:00Z,147.3900249,133.1620926,140.9321969,151.3499232,151.4092852,9.728910505,10.77338242,12.20151804,12.39311472,12.36304036,0.033439042,0.02818087,0.025876926,0.038626753,0.04265841
2017-06-21T23:10:00Z,135.2680334,142.0379525,156.0813318,141.8820617,149.9496789,10.25572748,11.2312131,11.52208424,12.180289,12.5823503,0.052239676,0.032596027,0.041691186,0.040412776,0.040205565
2017-06-21T23:20:00Z,151.6489262,151.1980283,150.1044371,169.1990885,151.5712528,10.49017599,11.16823355,11.56174249,11.89791061,12.42355935,0.07325117,0.036097823,0.036180374,0.035470115,0.033033663
2017-06-21T23:30:00Z,148.4602476,148.1183752,149.0719478,160.8213303,137.8969607,11.01776312,10.98265833,11.48611041,12.25286177,12.34076959,0.034715837,0.044916701,0.035217915,0.039611052,0.031151123
2017-06-21T23:40:00Z,156.054067,143.9630998,156.8283887,150.6602288,146.1361468,10.06903765,10.5646649,10.91289713,11.87893032,12.68470695,0.0560652,0.037861239,0.050733812,0.041081252,0.031787976
2017-06-21T23:50:00Z,150.6936709,152.9561623,162.0499491,163.1226963,163.6814156,9.947378523,10.46968899,10.98757951,11.92273378,12.68060311,0.042185651,0.033001095,0.028384485,0.032236683,0.034689968