LOCATION: 
SYSTEM SERIAL: HKZMAST
TIMESTAMP (ISO-8601) UTC,WindDir030m deg,WindDir040m deg,WindDir060m deg,WindDir080m deg,WindDir100m deg,WindSpeed030mh m/s,WindSpeed040mh m/s,WindSpeed060mh m/s,WindSpeed080mh m/s,WindSpeed100mh m/s,TI 030m,TI 040m,TI 060m,TI 080m,TI 100m
2017-01-15T00:00:00Z,2.742094855,3.561631302,2.710193997,3.481055975,1.735447818,11.26260063,11.28952866,11.70678091,11.58002033,12.41498421,0.150252163,0.123680606,0.148464859,0.142046717,0.109806148
2017-01-15T00:10:00Z,5.512911236,3.239077555,2.651577527,379.0897809,3.525824655,9.931477608,10.58217645,11.10912432,11.04775926,11.1544877,0.153527013,0.213974378,0.217730535,0.140752652,0.124737518
2017-01-15T00:20:00Z,357.8110911,362.5453115,4.504138533,364.6739883,3.672821838,9.547098372,10.02931374,9.698302243,9.833294885,10.20593517,0.106361196,0.128876509,0.153108282,0.141748471,0.145404985
2017-01-15T00:30:00Z,350.4704164,357.013918,339.3146888,344.6898932,344.1948105,9.597718661,9.618204248,9.603558417,9.739815058,9.73723597,0.165164473,0.135135221,0.162544085,0.117110999,0.100400648
2017-01-15T00:40:00Z,345.6407019,333.4458807,370.4196068,358.3513008,337.7312629,9.925793301,9.945784332,9.908003595,9.597224118,10.40333334,0.178765688,0.196827179,0.121001472,0.144860938,0.097764646
2017-01-15T00:50:00Z,338.2251921,339.9523137,340.8624637,341.6888829,368.1532101,11.13671627,11.32884372,11.88946469,11.40800184,11.87488331,0.139718739,0.12727455,0.114857989,0.168433753,0.173112551
2017-01-15T01:00:00Z,349.8180206,333.8719108,366.2547068,352.4194772,358.4026029,11.87507904,11.89933069,12.52450624,12.43215471,12.85592075,0.138465442,0.134193973,0.148627008,0.13040672,0.142763513
2017-01-15T01:10:00Z,357.5511569,411.0951716,363.6499923,374.5655135,367.104635,11.04678767,11.36475394,11.57960869,12.28591705,13.11017681,0.159624072,0.174247755,0.164293445,0.139241975,0.167231408
2017-01-15T01:20:00Z,369.8839719,350.5078163,381.3491547,349.8372632,332.9006911,9.859482484,10.90401128,10.81403554,11.36392132,11.00008618,0.152840274,0.17577576,0.177629615,0.114504328,0.125402245
2017-01-15T01:30:00Z,355.2403626,342.243233,349.3369333,360.5088616,357.0894695,10.51926165,10.86837771,10.48628303,11.34701779,11.18896667,0.179469839,0.112100244,0.182055978,0.157293331,0.118390796
2017-01-15T01:40:00Z,356.6268014,359.4404066,382.7594514,353.3482794,350.1425246,13.46429923,13.15244786,13.06852383,14.15847825,13.48391557,0.15945174,0.150273591,0.162975143,0.163759162,0.190795742
2017-01-15T01:50:00Z,338.4216133,348.2678793,353.410909,336.3713959,345.781339,10.1885103,10.14441324,10.36048704,10.01697053,10.19516169,0.188065269,0.174765072,0.146128823,0.122229495,0.160358891
2017-01-15T02:00:00Z,341.0382794,331.6559057,359.9438367,351.068687,339.7486933,10.41849773,10.34412095,10.68803073,9.999721092,10.51595824,0.187700005,0.181281467,0.136159953,0.154507018,0.176722843
2017-01-15T02:10:00Z,350.9544339,366.810748,362.3435145,335.1121245,330.4595118,9.503585433,9.632546635,10.77602901,10.94069863,11.03333892,0.120127587,0.17462838,0.147131844,0.15498148,0.128765761
2017-01-15T02:20:00Z,338.9385523,343.2000006,353.0027937,354.5788466,359.1661616,10.78541878,11.21503668,11.36820438,11.672954,11.43601416,0.120359642,0.108184082,0.085215278,0.144456791,0.133057491
2017-01-15T02:30:00Z,335.3936672,325.011439,327.7928229,353.5836006,357.9381719,9.804049239,10.3584221,10.18894495,10.36411595,9.655261078,0.163056224,0.186605975,0.164602987,0.172576495,0.211788932
2017-01-15T02:40:00Z,351.2465272,339.3326069,334.7892004,315.2205139,324.6678158,8.604392129,8.837700718,8.697645659,9.508959477,9.242747649,0.139795435,0.130771342,0.140956373,0.131703844,0.151848263
2017-01-15T02:50:00Z,338.2138609,321.9292618,342.730029,332.5699979,333.0754592,9.287200123,9.258274556,8.977181405,9.626214966,9.567476094,0.170510773,0.163200577,0.177272278,0.10312583,0.172214646
2017-01-15T03:00:00Z,352.922657,342.1734351,341.0671322,332.7918731,338.6527366,9.437026117,9.489311075,10.12266959,9.979917417,10.01221913,0.161921998,0.136893917,0.13952279,0.156083366,0.159040047
2017-01-15T03:10:00Z,363.4028848,343.2499005,342.077009,355.861511,332.8348113,10.60931933,10.60622775,10.64643008,10.67719148,11.04442399,0.113607442,0.144126382,0.129405747,0.088035562,0.116837197
2017-01-15T03:20:00Z,330.7472633,362.382334,328.4241189,319.5346381,344.5169187,10.26700762,9.680670232,9.897368348,9.562101466,10.60708075,0.146516884,0.172894252,0.10659542,0.104029295,0.123572539
2017-01-15T03:30:00Z,316.6983483,332.5965908,348.5253636,336.6760745,334.8548768,10.77167213,11.13191522,10.53508998,10.32208122,10.79034043,0.126862344,0.103180523,0.152689125,0.110354334,0.126712728
2017-01-15T03:40:00Z,343.2712624,322.1900922,328.1679223,335.0630445,342.5685112,10.04382174,10.05553846,10.08281039,10.93334125,10.67626239,0.116520558,0.166785232,0.124463073,0.135314294,0.097566254
2017-01-15T03:50:00Z,307.8042537,327.7794933,348.0998109,342.1338849,332.1149528,10.45241365,10.6203967,11.12548581,11.06718835,11.30327269,0.112099945,0.109612495,0.110209315,0.125304179,0.140289091
2017-01-15T04:00:00Z,338.0605979,329.2531182,333.777402,326.3390065,329.1051358,9.296698367,9.793620609,10.45634262,10.02389412,9.552954088,0.166555438,0.148736807,0.12957264,0.112664656,0.114165491
2017-01-15T04:10:00Z,354.0002548,353.1060812,352.5364372,326.148968,345.3183454,11.16156977,11.3373112,11.68410006,11.80865681,12.07649003,0.138885442,0.133083745,0.123415933,0.162639834,0.153512663
2017-01-15T04:20:00Z,332.8215525,341.5522036,348.6726152,338.9528231,344.6688967,13.5611118,13.70013718,13.90389958,13.75240014,13.47997163,0.149799629,0.114096263,0.163790199,0.139640797,0.148399241
2017-01-15T04:30:00Z,327.5756155,338.2515951,335.3476532,339.7541742,362.0219266,6.976988174,7.112134669,7.333454755,7.792923204,8.032601431,0.196275611,0.183403058,0.196100367,0.233188569,0.235123868
2017-01-15T04:40:00Z,324.6116517,322.9680161,323.6938741,367.7557717,339.1118332,6.428341833,6.349274968,6.622176294,6.952867087,6.848068656,0.173082231,0.163411018,0.188869825,0.176692169,0.121237406
2017-01-15T04:50:00Z,370.9299883,333.9516805,321.0683189,332.3901209,331.4004355,7.032070432,7.28468045,7.866155476,7.903128136,8.081196827,0.164808133,0.151883639,0.195887174,0.179604377,0.15139599
2017-01-15T05:00:00Z,363.3133889,348.1474617,331.8110934,341.7432374,333.5991478,8.352397533,8.30105991,8.141056323,8.372151516,8.749854706,0.154057706,0.10385194,0.10218113,0.127157716,0.10957589
2017-01-15T05:10:00Z,346.3051319,318.4548264,334.1191181,314.5460038,341.2875842,7.705304258,7.725599816,7.447482898,7.732023876,8.121878246,0.199806884,0.161985303,0.146015076,0.150383669,0.107916613
2017-01-15T05:20:00Z,321.4976744,323.1849482,339.4571786,342.9727749,317.3255159,7.812133006,8.155845056,8.242876857,7.752317223,8.188434338,0.14012742,0.133281885,0.136180032,0.185273765,0.158691833
2017-01-15T05:30:00Z,349.498559,342.8792792,333.0838185,350.7673482,348.3788931,8.464215647,8.543375335,8.289162271,8.232165393,8.347222777,0.137035579,0.096241912,0.159566412,0.142243749,0.120642965
2017-01-15T05:40:00Z,358.7449669,335.3742668,327.7071318,330.5506812,339.2030382,8.808210333,9.231444553,8.562491815,8.466012215,9.032082209,0.110930262,0.123218873,0.152161621,0.137327313,0.096564962
2017-01-15T05:50:00Z,309.1538859,321.6204879,303.545778,313.458752,317.7894929,8.896141583,8.103311514,8.510476655,8.847576882,8.956836269,0.125689193,0.104351226,0.129869461,0.148681443,0.086310514
2017-01-15T06:00:00Z,335.8850483,335.5166081,341.4349225,328.3380489,327.2976795,9.069638819,8.749969412,9.381456823,9.662789792,9.509825021,0.163923802,0.154414472,0.189302414,0.146002632,0.151148317
2017-01-15T06:10:00Z,322.103253,326.516351,353.8894926,319.8018353,330.1310314,8.378973763,8.573537186,9.530569509,9.292755484,9.14000159,0.122726948,0.169915567,0.154967842,0.138888332,0.145663353
2017-01-15T06:20:00Z,345.3332636,345.3269426,316.9169539,336.2053989,343.0916291,8.803304029,8.708511482,9.441858006,9.592717166,9.376633913,0.123560442,0.100006433,0.098377037,0.187651329,0.163076323
2017-01-15T06:30:00Z,342.9401478,367.2481896,329.4161635,334.7839078,333.2435748,8.452043264,8.687239454,8.482281783,8.752038572,8.752436327,0.140211009,0.134697739,0.122375042,0.163328804,0.118718076
2017-01-15T06:40:00Z,326.8382323,333.4705006,343.8151521,352.5593773,333.9420336,9.457094479,9.57495799,9.776101087,9.448281671,9.538179555,0.115819668,0.109738113,0.132759039,0.111428018,0.136909015
2017-01-15T06:50:00Z,323.6155267,356.7520848,346.3426296,342.8584656,326.098634,9.150524803,9.270675825,9.133463812,9.043220297,9.408453182,0.114734221,0.127225928,0.109033094,0.095364534,0.110253942
2017-01-15T07:00:00Z,344.9978495,332.0379584,349.9582593,362.0056414,339.0064954,7.890931526,7.950173415,8.537381552,8.015950805,8.822795325,0.137032777,0.116702956,0.131386049,0.143513896,0.127726833
2017-01-15T07:10:00Z,360.8643989,372.96803,334.6420053,361.8493634,331.3295826,7.318118543,7.298829892,7.426556518,7.967597846,7.831784307,0.152892356,0.153285609,0.113018679,0.141423565,0.1206128
2017-01-15T07:20:00Z,354.2797486,311.7759299,375.7583702,321.1967149,326.9825637,7.544662272,8.154055354,8.51767636,8.212948354,8.358870984,0.168611217,0.142193588,0.165749387,0.138370029,0.125653686
2017-01-15T07:30:00Z,345.2142594,381.0983314,367.5798881,343.3311512,341.649188,7.262084236,8.111181996,7.934030923,7.664473662,8.002306638,0.196880591,0.18029305,0.163615127,0.1414936,0.182197405
2017-01-15T07:40:00Z,352.7694588,333.7001895,339.1841025,328.9409705,358.4016869,7.471661543,7.820446355,7.478568741,7.566345624,7.673138852,0.18572932,0.173373059,0.181028414,0.172010904,0.165609772
2017-01-15T07:50:00Z,360.6060066,338.885356,349.2609452,356.0763092,361.6406116,7.28535776,7.495423619,7.371706652,8.05742442,8.589128564,0.129275027,0.149248551,0.153268876,0.129654474,0.137074168
2017-01-15T08:00:00Z,363.8877003,317.8986207,323.1908873,334.3871555,348.4393883,7.758012378,7.448587342,7.560470112,7.511288412,7.084824725,0.114527866,0.116899137,0.113769384,0.154545892,0.171164786
2017-01-15T08:10:00Z,364.3136646,356.3544993,334.6649844,344.5251618,349.8793848,6.067955088,5.995187859,5.914541101,6.217184611,6.063597377,0.204188019,0.223187228,0.237269178,0.173702393,0.17564469
2017-01-15T08:20:00Z,344.5371708,350.4992165,375.1147881,335.263101,330.9955339,5.821746204,5.590260734,5.507503838,5.82900237,6.365686742,0.167580391,0.303480109,0.146404715,0.148170145,0.14255874
2017-01-15T08:30:00Z,322.483702,337.0188069,324.6652362,322.5269836,329.6938715,6.158346695,6.578776367,6.861484378,6.886815803,7.079217961,0.227423199,0.212168706,0.149371183,0.141549614,0.132365675
2017-01-15T08:40:00Z,311.7191837,323.6411234,297.4032752,312.7382626,336.3725512,6.287497934,6.379019407,7.306487219,6.98048936,7.401380999,0.180727479,0.192376358,0.21959664,0.18730034,0.1849022
2017-01-15T08:50:00Z,294.6349054,326.3963947,360.6988572,341.1274719,312.2918708,7.30671771,7.41968739,7.259323763,7.436516718,7.556994667,0.157359997,0.09006453,0.139857944,0.131546208,0.103411738
2017-01-15T09:00:00Z,340.6003657,331.2307776,304.9504711,354.9865132,340.4689078,7.059762548,6.956940023,7.187874562,7.261112561,7.143586437,0.141537872,0.167808448,0.18039599,0.116570275,0.164268396
2017-01-15T09:10:00Z,319.4220445,318.6188873,335.2042564,331.7994283,324.4974989,6.177876145,6.475657532,6.587564823,6.233207499,6.264080561,0.135430273,0.137049,0.146023418,0.143557404,0.16595891
2017-01-15T09:20:00Z,346.0830119,329.901814,323.10406,331.862942,335.1509952,5.677817419,6.218083864,6.289817401,6.196289254,5.921294634,0.15538571,0.141580071,0.166014734,0.177149078,0.153652867
2017-01-15T09:30:00Z,319.4178882,333.16112,312.0732714,321.0765321,338.1862352,5.872891048,6.025093925,6.102703552,6.418158697,6.339968179,0.110133519,0.164112804,0.143783695,0.147600378,0.148149515
2017-01-15T09:40:00Z,316.5570059,329.6754229,327.2446058,325.6519229,329.7014433,5.485672277,5.41398851,5.615041106,5.577856248,5.971717686,0.150760634,0.137659883,0.13259808,0.12278342,0.103759828
2017-01-15T09:50:00Z,319.1207267,318.3635205,313.2837082,321.9716219,312.1282559,5.029852082,4.969813884,5.087532186,5.427115273,5.478224891,0.177449777,0.193801488,0.16011115,0.098930316,0.172582009
2017-01-15T10:00:00Z,341.0985826,351.7106315,354.8913521,380.9870148,332.6926668,5.17883492,4.986965303,5.420375407,4.980294638,5.114552173,0.165251337,0.102586501,0.154839554,0.167282763,0.143744325
2017-01-15T10:10:00Z,347.3750793,348.0721803,343.0443624,329.2644554,330.8881075,4.877106671,4.838452762,4.930337764,4.760748244,4.962000267,0.123650916,0.15525066,0.15382902,0.159275142,0.130282619
2017-01-15T10:20:00Z,355.1851787,314.3349929,345.4281323,316.0281294,348.6436922,5.296501811,5.644095309,5.795654013,5.911405887,5.790509541,0.19349778,0.181218581,0.280092807,0.167369871,0.205719947
2017-01-15T10:30:00Z,337.2925427,342.4244267,348.4187666,329.2273492,335.7824076,5.562491456,5.728026167,5.706980539,5.764876394,5.805587673,0.139334845,0.233804904,0.22116294,0.173749277,0.123316454
2017-01-15T10:40:00Z,310.601077,305.7999645,312.868558,308.4942849,337.8243397,4.663405697,5.325119286,5.27928981,5.337655083,5.188022761,0.183309878,0.127839309,0.132904431,0.159630474,0.116213522
2017-01-15T10:50:00Z,312.1476185,291.8872691,308.9127512,324.0785575,306.5860346,4.649047034,4.551581333,4.450057373,4.497846658,4.42141435,0.325261406,0.263805096,0.312692053,0.27530556,0.271799818
2017-01-15T11:00:00Z,329.0627461,310.4913856,296.693693,325.6541953,324.1279462,5.294595374,5.139110398,4.943554831,5.151269515,5.036997139,0.349477459,0.331807379,0.272612674,0.291407716,0.325900999
2017-01-15T11:10:00Z,320.0834195,312.7045746,329.8212335,334.6515203,332.9832505,4.327831238,4.295162125,4.667171761,4.963215499,5.212534226,0.327809491,0.256254006,0.334021988,0.342908421,0.289922475
2017-01-15T11:20:00Z,333.9738488,323.4582845,317.1199684,348.4380285,327.4772661,2.843037685,3.496169083,3.619083965,4.130736578,4.304303725,0.316684845,0.239237302,0.377417395,0.442182034,0.241532373
2017-01-15T11:30:00Z,12.1588325,8.050283665,4.408168385,12.12734107,8.182747321,5.414752912,5.546788999,5.72519178,5.85112548,5.946998131,0.276671568,0.186660703,0.275737697,0.260538305,0.279412699
2017-01-15T11:40:00Z,6.962046365,6.689735554,7.82462353,8.111970085,3.634855393,6.891634588,6.421229734,7.050873375,6.857481273,6.564256034,0.269973249,0.2866257,0.200315534,0.227394678,0.225250775
2017-01-15T11:50:00Z,331.4693518,340.9901018,357.2391918,330.9999132,325.4168679,3.418640061,2.937372458,2.891819898,3.268867493,3.814670602,0.285168156,0.267828261,0.317662852,0.242061161,0.329754233
2017-01-15T12:00:00Z,347.713031,334.8962209,357.2116319,361.8111802,311.9429729,2.31314358,2.646224543,2.646257073,2.811581247,2.75319193,0.262970953,0.194331605,0.219959058,0.197315642,0.179371025
2017-01-15T12:10:00Z,307.2832456,303.2998216,301.3191992,302.5000216,296.9519929,2.295566509,2.318189417,2.491621857,2.44529735,2.573765146,0.244369889,0.185165566,0.219108116,0.218587616,0.21001735
2017-01-15T12:20:00Z,295.1901146,267.6452292,293.7849915,296.8699471,289.2990842,2.22058593,2.463351336,2.452562962,2.597607849,2.61757355,0.18990816,0.228317538,0.178003677,0.179181388,0.190283607
2017-01-15T12:30:00Z,225.8760727,249.2167552,229.1965894,224.2343095,238.6961665,2.228431176,2.274727269,2.402983701,2.642941239,2.728526736,0.150827592,0.201642105,0.229694304,0.174354926,0.199613538
2017-01-15T12:40:00Z,222.1388878,231.7828891,232.6977412,242.8656972,223.8016887,2.6866537,2.814062806,2.823056899,2.787536953,2.827970186,0.203079863,0.148615733,0.214419694,0.161112924,0.173798132
2017-01-15T12:50:00Z,235.9490006,225.7999967,230.5784171,236.5227125,248.888109,2.873121621,2.645134716,2.641825579,2.525036553,2.878765051,0.248399658,0.196306802,0.230200119,0.140738836,0.24405721
2017-01-15T13:00:00Z,216.5548109,228.0374815,226.0501934,240.2709532,229.5528564,2.660430837,2.713326612,2.680861329,2.457110558,2.453117261,0.156505931,0.20011677,0.200134079,0.229279036,0.164865534
2017-01-15T13:10:00Z,216.19145,227.3970288,216.1456146,236.9178143,226.4607312,2.827469926,2.595228711,2.637051897,2.659342085,2.474312257,0.182351642,0.173829757,0.174750096,0.187364046,0.205430249
2017-01-15T13:20:00Z,217.0033917,206.4136203,207.8279912,208.6088622,206.7912742,3.07384206,2.90728925,3.083488835,2.99052798,2.927267648,0.178773795,0.208655457,0.211312777,0.162080312,0.214903712
2017-01-15T13:30:00Z,209.3716313,218.7546089,220.2396201,221.5166777,220.9906912,3.213908647,3.38134383,3.378028023,3.433241661,3.488994577,0.220702533,0.189137236,0.188034419,0.175493653,0.162847742
2017-01-15T13:40:00Z,229.9518706,236.7782538,223.6830874,221.6413786,221.8144532,3.279389622,3.165188603,3.333461823,3.168283141,3.631260148,0.174523263,0.189993521,0.174656491,0.130051725,0.133829429
2017-01-15T13:50:00Z,243.5266409,233.811608,256.7087471,224.2965184,224.8666695,3.929548759,3.877441285,3.674457641,3.588868139,3.565040872,0.198792092,0.214762658,0.135218101,0.111022728,0.15370122
2017-01-15T14:00:00Z,245.408709,235.8167776,241.0818131,242.3234404,228.7009889,4.033353244,4.154341602,3.999505162,3.953309705,3.872631035,0.143383655,0.136221371,0.16009717,0.131456646,0.115540505
2017-01-15T14:10:00Z,251.0301283,246.3847475,246.9659948,244.0734842,249.5378514,4.059093178,4.091156295,4.12097509,4.018827513,4.006185561,0.17744588,0.144444637,0.157457594,0.137091606,0.155913492
2017-01-15T14:20:00Z,240.5375061,223.2267787,247.3905256,220.6249591,233.4133297,3.925293454,3.748680773,4.039681582,4.05508957,4.09755184,0.18743258,0.190657795,0.149958642,0.119618558,0.150453291
2017-01-15T14:30:00Z,250.9783649,238.8122559,246.0219637,253.7702032,236.2269182,3.749443213,3.773088292,3.628436974,3.715798059,3.672119226,0.132422758,0.185133534,0.180314931,0.152324162,0.105793206
2017-01-15T14:40:00Z,252.5067837,247.6809034,261.3257605,256.5128707,240.3818589,4.546969489,4.324173479,4.338337586,4.427219128,4.533569786,0.111252022,0.153035403,0.158879938,0.146200448,0.110799035
2017-01-15T14:50:00Z,268.5556004,266.790816,275.8907057,265.059687,252.5622283,4.736311255,4.732467079,4.528438773,4.443354063,4.27572294,0.132224741,0.081869417,0.120074682,0.143839007,0.144678614
2017-01-15T15:00:00Z,276.4940981,286.6716551,263.5416243,286.4176407,271.7789717,4.511066603,4.572282639,4.450544604,4.43102025,4.021489639,0.157922212,0.110642048,0.097592309,0.156992441,0.140655384
2017-01-15T15:10:00Z,279.5531603,276.0727293,276.796635,282.7582965,297.8271217,4.561806923,4.757001304,4.58118811,4.397920142,4.311424165,0.147593963,0.106371792,0.129909243,0.134615496,0.13459014
2017-01-15T15:20:00Z,307.2587277,297.0763257,291.6769253,272.4243836,284.9060552,4.383629267,4.401181617,4.203806509,4.03624088,4.309437475,0.134387283,0.129266742,0.127188277,0.143097573,0.129013298
2017-01-15T15:30:00Z,290.8000767,289.6228164,309.4858639,298.7030234,306.6691655,3.997640588,3.966722297,3.689696543,3.78059402,3.813973202,0.11958877,0.183313531,0.135957259,0.145280533,0.194525769
2017-01-15T15:40:00Z,322.26323,320.1851356,306.0505299,326.1422364,324.8241741,3.940405614,3.808302451,3.719771971,3.443861381,3.617806608,0.135011525,0.165285349,0.147271799,0.152177902,0.222412052
2017-01-15T15:50:00Z,347.6124089,324.9142677,324.7199872,361.3080703,337.1400282,3.681927479,3.66746449,3.699084283,3.417120211,3.206755786,0.195283069,0.216233694,0.122383767,0.276089477,0.227986527
2017-01-15T16:00:00Z,342.6676448,347.6810198,350.4081332,340.445423,340.992885,4.218897552,3.904250826,3.576380676,3.55757881,2.987300598,0.158177573,0.150649011,0.166135229,0.167632777,0.230742427
2017-01-15T16:10:00Z,320.5243014,339.4056924,320.4894105,328.1879258,314.449462,3.776888096,3.797842617,3.777298647,3.908862025,3.858856901,0.212283849,0.190408124,0.145901898,0.174624651,0.170223988
2017-01-15T16:20:00Z,309.1863024,302.9599824,311.3372474,312.1266508,315.0856171,3.372945047,3.358760863,3.186809585,3.303512301,3.201859081,0.190764155,0.186774861,0.209833979,0.188552637,0.196350228
2017-01-15T16:30:00Z,325.9587517,309.069317,321.060561,313.713108,285.1902265,3.120711036,3.18397389,3.22231636,3.078658834,3.10685204,0.132069568,0.176677461,0.213570486,0.174334959,0.191204746
2017-01-15T16:40:00Z,349.2899534,306.2319086,308.9353587,324.306016,317.692172,2.566670441,2.652761957,2.517905431,2.644092385,2.65781175,0.189765685,0.171879548,0.138729009,0.194575282,0.257460778
2017-01-15T16:50:00Z,334.4629602,338.9459027,319.3402864,317.4088545,300.6211691,2.426962338,2.511312523,2.537427146,2.568351116,2.788860939,0.237317593,0.171974381,0.224434138,0.245848642,0.185744034
2017-01-15T17:00:00Z,360.6199675,341.5746763,321.5186709,307.4780393,332.8720634,3.116905218,2.691974394,2.879115521,2.852729397,2.707677909,0.51762153,0.203797299,0.19414574,0.192099568,0.191276642
2017-01-15T17:10:00Z,334.0794606,345.1684724,342.4397184,290.8216144,319.6937555,2.405476701,2.651712975,2.737982642,2.608131986,2.682646105,0.409978521,0.310298968,0.395325415,0.248029796,0.26920759
2017-01-15T17:20:00Z,336.1269186,321.3095284,335.4459842,305.9547614,311.100935,2.591709297,2.435226667,2.308700965,2.464230652,2.509407525,0.514373223,0.304154848,0.305429176,0.175672229,0.278272184
2017-01-15T17:30:00Z,332.7439814,319.1532778,312.9830479,309.1051162,320.6185246,2.428697919,2.373142062,2.799124264,2.575668034,2.354956434,0.346042562,0.210454894,0.631131381,0.220868533,0.310203301
2017-01-15T17:40:00Z,288.6126114,289.0564233,265.4967396,274.6514589,286.2183705,2.437002547,2.528277492,2.491411932,2.362495844,2.366658513,0.511424998,0.26904785,0.480609874,0.192454362,0.271546051
2017-01-15T17:50:00Z,277.3842125,264.9775138,263.303813,281.72259,274.7364678,2.685118512,2.455750518,2.630466076,2.786677653,2.712531717,0.310947828,0.221272583,0.306436988,0.159607189,0.17625657
2017-01-15T18:00:00Z,267.8219069,270.445731,260.6724915,256.436287,262.2990277,2.412331623,2.642386672,2.687826628,2.625493971,2.753270089,0.158260818,0.142805314,0.235226445,0.199171737,0.191122026
2017-01-15T18:10:00Z,252.7219838,274.016707,277.9003372,254.9120097,269.4615263,2.379192665,2.354915164,2.55504452,2.387067181,2.44930818,0.246239462,0.181875484,0.213507072,0.253357599,0.232002522
2017-01-15T18:20:00Z,286.2558955,259.9081441,285.6803861,266.654786,272.9310255,2.692744941,2.636595913,2.727222747,2.655800657,2.646618683,0.150276191,0.176049923,0.148241989,0.14576061,0.122742657
2017-01-15T18:30:00Z,275.4420717,264.1435075,260.3720265,274.8744053,263.9504085,2.46920024,2.479892595,2.619226591,2.423436833,2.613595681,0.272974629,0.15847808,0.184303061,0.255600511,0.222453609
2017-01-15T18:40:00Z,285.965513,262.0662135,288.7334392,241.3096983,254.8975685,2.231861386,2.17757786,2.345276248,2.368645612,2.365453212,0.270646208,0.249683554,0.236217555,0.284951235,0.288774862
2017-01-15T18:50:00Z,273.5561394,250.0878311,271.4690941,276.2959161,252.240597,3.420842217,3.67352012,3.296248133,3.290459224,3.417568904,0.230233776,0.173193618,0.181517966,0.204279353,0.243138535
2017-01-15T19:00:00Z,265.6052319,287.752309,265.1180656,267.2148562,264.1419755,3.245896773,3.2753997,3.062693343,3.088323877,3.143766969,0.184517948,0.180008504,0.175990073,0.205957941,0.181128618
2017-01-15T19:10:00Z,268.8447371,254.0211551,246.8527281,255.2293999,262.2771018,3.240006154,3.229730914,3.272284003,2.994886197,3.128896584,0.153461267,0.134045804,0.128675896,0.119628008,0.151649732
2017-01-15T19:20:00Z,281.9242862,298.3201223,279.9608902,257.6224928,281.8325608,2.775557173,2.677284963,2.744601196,2.686624692,2.501268607,0.185843775,0.177144706,0.249299961,0.152874866,0.185992667
2017-01-15T19:30:00Z,282.8765763,268.70468,282.9453294,279.406177,277.337411,2.737763453,2.867267196,2.587436389,2.676905958,2.634787433,0.151959291,0.133726085,0.157988955,0.145583096,0.195316562
2017-01-15T19:40:00Z,257.0838218,261.3967566,267.2581605,275.9889822,289.1928039,2.917068726,2.575989152,2.768276009,2.599001825,2.680490477,0.211174678,0.15880844,0.238685128,0.20783109,0.151366478
2017-01-15T19:50:00Z,245.3510018,246.016338,249.0081435,274.6627012,271.156076,2.904600538,2.920999996,2.952207585,2.826802337,2.904576751,0.13387167,0.183056325,0.123008699,0.217459788,0.209333294
2017-01-15T20:00:00Z,271.1024188,274.2319993,277.3844365,265.3020897,278.7329847,2.693637476,2.677785404,2.561651824,2.663899183,2.632741287,0.200917956,0.160362117,0.168900992,0.135232166,0.19093543
2017-01-15T20:10:00Z,268.3963758,263.5027542,275.5269512,286.6429581,265.3260535,2.296901328,2.172281309,2.286786868,2.229958944,2.122779259,0.201976792,0.19606389,0.216963155,0.270472615,0.178199128
2017-01-15T20:20:00Z,281.0459889,278.7224298,273.0079588,281.5166686,283.4801679,2.190138282,2.424485345,2.417500474,2.338334837,2.331292853,0.17827897,0.240976601,0.150085501,0.227760359,0.213674557
2017-01-15T20:30:00Z,274.5462004,277.5200069,266.056429,275.0777503,287.8653599,2.804112766,2.613904663,2.482150269,2.342029031,2.418630252,0.135155504,0.175157072,0.203640869,0.138277524,0.167318987
2017-01-15T20:40:00Z,253.9644146,284.0017682,292.5311779,300.1485623,304.4473372,2.386788307,2.545182981,2.351691456,2.403841483,2.453150175,0.226709283,0.152092341,0.212637186,0.183461671,0.146271975
2017-01-15T20:50:00Z,281.2844718,277.071214,290.5883582,309.8666874,276.0692136,1.939518824,2.270145022,2.110408766,1.934055778,2.172872858,0.14244433,0.256132058,0.146763931,0.184069214,0.222796639
2017-01-15T21:00:00Z,270.4352177,278.0397936,273.165572,288.0353637,289.1817988,2.162770655,2.203465008,1.996095763,2.069066029,2.173350194,0.407182514,0.308398087,0.289659796,0.310417181,0.379599212
2017-01-15T21:10:00Z,261.2720115,272.558961,267.0016814,272.8233257,297.9673092,2.296570701,2.670835745,2.482115904,2.460645265,2.652298191,0.212369429,0.501851212,0.221761236,0.240084935,0.298688526
2017-01-15T21:20:00Z,316.6524466,304.7747876,308.9028586,317.2985528,300.5106319,2.571590432,2.481035861,2.985163354,2.825610693,2.795621762,0.329402301,0.388811583,0.417736608,0.228904235,0.304994846
2017-01-15T21:30:00Z,344.5307787,356.5671992,335.9517017,340.5934525,341.8218229,3.512319734,3.434861027,3.449602578,3.679004035,3.680904618,0.208810118,0.218836409,0.170973417,0.172182445,0.282154048
2017-01-15T21:40:00Z,349.5233818,379.572743,339.1846855,350.83869,347.5450365,3.603116699,3.899694735,3.916219289,3.769955007,4.042552497,0.252954707,0.223274145,0.170708034,0.176055247,0.241818753
2017-01-15T21:50:00Z,3.885737413,15.73379686,3.802463082,7.547513724,5.294835084,5.02050572,5.040430753,5.290513018,4.735755769,4.944234747,0.282988535,0.253883458,0.344910247,0.216593181,0.207528714
2017-01-15T22:00:00Z,41.04035759,52.90712749,38.58293368,40.98335574,40.11530681,4.380236218,4.246850659,3.951820498,3.898925756,3.657455495,0.256896565,0.306176156,0.374037628,0.300513553,0.432316444
2017-01-15T22:10:00Z,85.61861713,76.89725907,70.0996245,73.94750557,66.83437784,2.920082993,2.974192633,2.777197765,2.77638275,2.59252183,0.233348242,0.207644142,0.325307515,0.226129388,0.162442146
2017-01-15T22:20:00Z,72.30297479,73.04312774,66.77324168,65.71087742,60.53875669,2.330793661,2.288578669,2.423261785,2.339707354,2.353253883,0.151886518,0.206722122,0.132876284,0.185159406,0.172849481
2017-01-15T22:30:00Z,62.77487971,63.77730229,57.84346106,57.06721833,49.64434451,2.101417685,2.068207443,2.297933838,2.149158352,2.266416382,0.16754247,0.215652408,0.166058885,0.149495568,0.181255199
2017-01-15T22:40:00Z,49.25055661,46.87134657,45.64717408,41.76155166,34.03611972,2.128570643,2.175406075,2.224540623,2.193252884,2.462093792,0.163457922,0.183990359,0.118177418,0.118547805,0.116579811
2017-01-15T22:50:00Z,33.99513213,36.10393828,29.68296141,29.03282757,26.41980444,2.056100455,2.234749985,2.360384644,2.626192491,2.876864048,0.140074665,0.167226691,0.214500233,0.217237196,0.15084708
2017-01-15T23:00:00Z,30.16557495,21.0843418,20.95306102,17.66141682,15.71902818,1.753830073,1.829462511,2.208469355,2.518614927,2.900165731,0.214252042,0.233319612,0.145117715,0.165040827,0.161989747
2017-01-15T23:10:00Z,0.353349082,7.71898328,5.01945207,4.182883713,4.533721001,1.876451636,1.872310883,2.100262514,2.30024122,2.639721719,0.251275807,0.262974399,0.237746791,0.248777045,0.135211936
2017-01-15T23:20:00Z,2.697903937,3.957736804,2.168807453,0.667619063,344.6546188,2.116986171,2.233861132,2.266236472,2.582729473,2.75832607,0.194993403,0.162504111,0.131357473,0.134032601,0.104447087
2017-01-15T23:40:00Z,38.98096887,38.45643032,33.87223367,31.96691255,26.66475514,4.034552633,3.888231983,3.867957915,3.992997896,4.189010525,0.50798075,0.347671431,0.357214883,0.397773875,0.353713512
2017-01-15T23:50:00Z,79.64729371,75.8131403,75.63373369,74.81706792,75.85888469,6.312980639,6.349150069,6.168785017,5.998537301,5.994254356,0.119312817,0.098425434,0.107385379,0.126196674,0.105510163
