LOCATION: 
SYSTEM SERIAL: HKZMAST
TIMESTAMP (ISO-8601) UTC,WindDir030m deg,WindDir040m deg,WindDir060m deg,WindDir080m deg,WindDir100m deg,WindSpeed030mh m/s,WindSpeed040mh m/s,WindSpeed060mh m/s,WindSpeed080mh m/s,WindSpeed100mh m/s,TI 030m,TI 040m,TI 060m,TI 080m,TI 100m
2017-11-14T00:00:00Z,298.7774799,297.7505074,264.209417,270.3227876,307.45429,5.897446687,6.211627772,6.284244363,6.685864687,6.376406687,0.142002556,0.142417882,0.174788345,0.139633232,0.161989288
2017-11-14T00:10:00Z,293.1052677,287.1243046,267.7295006,260.0760857,282.9642311,6.60255843,6.666516818,6.463392737,6.731699225,6.246116567,0.129711434,0.146339324,0.17555116,0.152731291,0.152826043
2017-11-14T00:20:00Z,285.0316738,250.3277343,262.6747006,298.7373445,293.6085364,6.54042576,6.78870621,6.992994742,6.869704803,7.093307683,0.130276543,0.113019154,0.167906244,0.155944843,0.108060512
2017-11-14T00:30:00Z,279.640678,297.4275071,265.1418473,280.7152742,279.552901,7.251069117,7.217986773,7.083129439,7.166227947,7.157984239,0.188224788,0.172540937,0.141362898,0.170156237,0.156019018
2017-11-14T00:40:00Z,264.6922702,269.0138109,272.6135223,265.8512296,250.5836,7.782657909,7.812586925,7.645943987,8.052700728,8.031968911,0.177389763,0.137446754,0.105642886,0.122331792,0.147050953
2017-11-14T00:50:00Z,277.7688907,280.9934332,259.5080454,290.7641435,282.2804065,8.392039627,8.311992985,8.6903569,8.519752209,8.558699578,0.173324008,0.138672371,0.172451324,0.173917937,0.111718039
2017-11-14T01:00:00Z,259.2257001,267.1781385,272.3522902,265.263766,268.4107629,8.233081025,8.644493327,8.432797386,9.056641974,8.852492434,0.076253875,0.133011138,0.098321598,0.127825957,0.158833907
2017-11-14T01:10:00Z,254.8563328,267.3923453,272.6480548,269.0921533,277.5992328,9.150573839,9.607242473,9.674993019,9.251932344,9.504367132,0.157883985,0.136758081,0.141993277,0.105509212,0.100715024
2017-11-14T01:20:00Z,264.914622,249.6125807,261.4267212,256.3347727,252.0767647,9.90498947,9.82533533,9.619699752,9.673160643,9.570938089,0.10123865,0.119752355,0.132404465,0.158815275,0.133487327
2017-11-14T01:30:00Z,268.4724834,254.7279222,256.2178485,238.5954676,256.7962333,8.932444002,9.288708814,9.282374576,9.829669161,9.192225667,0.189495921,0.137621914,0.11910764,0.112668645,0.098986391
2017-11-14T01:40:00Z,282.5630921,261.353998,251.5407065,264.6660224,259.7054871,9.279868623,9.098907897,9.053522467,9.148541191,9.090113386,0.15556585,0.117636257,0.108876418,0.190177018,0.144728828
2017-11-14T01:50:00Z,261.8811836,258.4896751,248.9491193,254.1185427,225.6837507,8.71163761,8.621417595,9.016857157,9.521444567,9.451968342,0.105185307,0.109902265,0.116223963,0.117806114,0.142595383
2017-11-14T02:00:00Z,232.8699649,248.7616181,263.7318274,256.4679079,253.3963839,9.01315295,9.074812966,8.96755722,8.767150932,9.149598557,0.128000478,0.128145337,0.128476856,0.216772736,0.119971572
2017-11-14T02:10:00Z,250.7440412,246.3462902,236.4669736,244.0140608,276.7104447,8.648269765,8.862644802,9.462358094,9.20862064,9.169988102,0.141094514,0.120000617,0.096116711,0.162812386,0.213065399
2017-11-14T02:20:00Z,253.6529684,255.8153162,246.3445391,257.1063433,258.3293656,9.863784184,9.561551161,9.983453798,9.860562362,10.23174684,0.177397054,0.148292323,0.179907675,0.125213598,0.152220316
2017-11-14T02:30:00Z,261.6250203,249.5831334,250.613428,264.5439422,274.3087304,9.597729751,9.68045653,10.05145313,9.830335257,10.06093221,0.137121578,0.144428783,0.106665618,0.204600686,0.083588222
2017-11-14T02:40:00Z,251.150132,248.9382497,239.229094,239.8430033,255.4458273,9.776950449,10.74751305,10.12198994,11.035989,10.8503786,0.143884853,0.114811204,0.11438713,0.180142733,0.151056062
2017-11-14T02:50:00Z,263.0455153,276.8721988,240.8736736,256.972326,250.3031368,10.70306752,10.28463723,9.860961409,10.68324832,11.04840662,0.146714131,0.134507854,0.140140106,0.129052015,0.13116114
2017-11-14T03:00:00Z,253.3000146,251.2692613,257.9917829,286.775261,260.4328203,9.794955991,10.57029561,10.23361062,10.39851964,10.32185962,0.123609616,0.126340961,0.126007651,0.166120336,0.146765863
2017-11-14T03:10:00Z,251.9592255,260.4685564,261.8328046,253.5762006,265.5731253,10.27131767,10.43735686,10.70982955,10.79035145,11.2890832,0.11492001,0.110150901,0.126759895,0.126979528,0.095611569
2017-11-14T03:20:00Z,248.3023457,250.271999,252.411572,246.9153446,251.9424387,10.21319942,10.24158091,9.664427248,10.92685528,11.08515749,0.141687874,0.13408295,0.144422492,0.156486868,0.118556576
2017-11-14T03:30:00Z,249.9182502,253.4441375,261.4256213,253.6102251,256.8339784,11.13973543,10.76203537,10.30770909,10.89687862,11.16102604,0.134480482,0.135725428,0.167614442,0.132355416,0.150005536
2017-11-14T03:40:00Z,266.7252834,239.2875097,251.0790129,247.5019027,246.1181524,10.55037489,10.88279891,11.2457521,11.08473444,11.30647857,0.137181823,0.139867778,0.138127783,0.16636767,0.125899216
2017-11-14T03:50:00Z,230.499171,251.9493618,252.5994981,242.4397163,262.4875065,10.72685067,11.08431563,10.99145734,10.90050955,11.10242753,0.129666121,0.138504309,0.10565719,0.150272529,0.134798147
2017-11-14T04:00:00Z,247.7019566,240.0168824,261.1775203,246.4241063,251.2583934,10.77047589,10.9505654,11.09244412,10.93070284,11.08206916,0.128517786,0.154081501,0.155404275,0.143187948,0.13370754
2017-11-14T04:10:00Z,262.7248056,256.7088015,224.2452749,246.4772917,258.4016665,10.6999118,10.81119032,10.73371557,11.09126137,11.51370697,0.154297487,0.160910613,0.116144116,0.129077133,0.074927546
2017-11-14T04:20:00Z,244.6681552,261.1764876,242.9190313,240.3446599,244.0691589,10.47536892,10.80484057,10.99744858,11.56231104,11.75679621,0.13222566,0.134934264,0.157933572,0.145624059,0.147874634
2017-11-14T04:30:00Z,232.3262931,239.9966556,267.6915815,255.3414653,260.259664,11.45366363,11.51060119,11.71864154,11.43141627,11.50930888,0.135852558,0.137133239,0.110301546,0.081528593,0.131086894
2017-11-14T04:40:00Z,262.9036745,255.1738104,243.5815592,239.0711149,270.9964676,10.97973454,10.78226971,11.70450494,11.49789742,11.36985626,0.148368383,0.182397574,0.156553078,0.110113607,0.13718817
2017-11-14T04:50:00Z,253.8379363,250.0579968,264.763878,254.0126351,253.8680437,11.42905557,11.52545882,11.79883056,11.4884199,11.89724059,0.152331751,0.187902262,0.129492287,0.129619016,0.123588736
2017-11-14T05:00:00Z,262.9850857,260.9705448,254.1794605,256.5974071,239.565414,11.6659317,12.2131419,12.01811804,12.04519047,12.19161118,0.171927073,0.140106337,0.127179592,0.123881587,0.12421176
2017-11-14T05:10:00Z,245.6567057,247.4722194,252.6324943,252.8263104,258.4628911,11.25560165,11.36460264,12.13359074,12.00159178,12.03896058,0.123649372,0.114641348,0.130408706,0.108964854,0.069169576
2017-11-14T05:20:00Z,270.3567904,254.7139456,267.4135359,248.5663131,259.7448661,10.40569706,11.13107293,11.57990885,11.28291043,10.81965317,0.15556859,0.141846594,0.110733924,0.120421435,0.157026255
2017-11-14T05:30:00Z,253.8346037,254.6545913,245.9687382,243.1629184,244.8478702,10.57767812,11.09621942,10.67454485,10.48983355,10.99548178,0.160193328,0.135310576,0.111273485,0.087972196,0.095466713
2017-11-14T05:40:00Z,228.0074813,249.2470114,240.9623397,251.0438095,229.0041994,11.34867444,11.30742105,11.62520046,11.5032468,11.98686158,0.13746687,0.125797971,0.129293877,0.12970521,0.130010604
2017-11-14T05:50:00Z,232.7658099,252.0071731,259.6013692,263.3588355,241.843134,11.09267053,11.69202251,11.26485475,11.27030156,11.71291885,0.148668537,0.11760017,0.130092833,0.129690786,0.096008905
2017-11-14T06:00:00Z,244.1906979,230.5915539,240.8100241,233.5803251,263.87538,11.44263019,10.97539704,11.6936942,11.44484045,11.8970135,0.111529926,0.153562239,0.131576896,0.150662634,0.123133198
2017-11-14T06:10:00Z,257.4446204,246.5575132,243.7099412,262.4516462,270.8130503,11.33721382,11.42112038,11.63659216,11.90926807,11.45138097,0.146335884,0.175421343,0.125329741,0.116077398,0.118633451
2017-11-14T06:20:00Z,237.559675,250.475975,258.6792767,243.4795081,242.6104885,11.17175398,11.14167461,11.84643401,11.87143697,12.08186357,0.110178282,0.133144915,0.137382951,0.116696799,0.114031957
2017-11-14T06:30:00Z,257.7987098,252.7702776,250.5129955,249.1528384,230.4030193,11.74538685,11.3607962,11.36918319,11.70591702,12.41539689,0.143882314,0.098553221,0.143937031,0.085137112,0.114042091
2017-11-14T06:40:00Z,246.1755733,243.1784744,240.9541009,231.3980415,248.9343432,11.98238137,11.899304,12.65430929,12.8783547,13.2023873,0.128793088,0.111085314,0.116752069,0.138586445,0.138826032
2017-11-14T06:50:00Z,249.1031064,256.8661965,243.4749921,233.5575941,251.5671564,12.15785965,12.27548344,12.84415947,12.63061767,12.67407794,0.091700512,0.137385747,0.119076243,0.10637015,0.090350156
2017-11-14T07:00:00Z,242.1718467,232.9368405,260.4511804,230.0899688,253.1296399,12.00432649,12.15940166,12.5411632,13.09975348,12.78776225,0.084271745,0.092901127,0.095443843,0.136890627,0.136772369
2017-11-14T07:10:00Z,252.8197411,223.1784866,230.5261845,242.5884596,259.9165575,12.19799131,12.58697441,11.62901691,11.9962185,11.54108933,0.103885593,0.126724439,0.166850828,0.128255131,0.212005333
2017-11-14T07:20:00Z,234.1739666,245.3664467,228.7355651,239.665053,226.0348862,12.29400783,11.91000425,12.03868343,11.92258928,12.41672252,0.126175813,0.164053573,0.135962406,0.196835275,0.139839439
2017-11-14T07:30:00Z,247.7864473,235.8460919,232.3817976,228.1869145,243.2996393,11.87946742,11.81841406,12.48514109,11.42963821,12.44859408,0.171130806,0.159401821,0.149278358,0.123749482,0.097534575
2017-11-14T07:40:00Z,229.6380342,242.6563351,238.4188124,239.0049851,249.3963843,11.55858376,11.79006605,12.13570178,12.75280465,12.66228986,0.149069162,0.138958834,0.162156389,0.117617997,0.112185505
2017-11-14T07:50:00Z,237.3476239,250.092701,252.6352443,235.6691049,253.3170059,11.70340257,11.73349965,12.17058258,11.52980868,11.47436875,0.139080252,0.130399141,0.114953643,0.138431428,0.102129133
2017-11-14T08:00:00Z,253.3436902,242.1879389,233.7899828,249.8163903,246.8504554,11.92585787,12.08844327,12.13401669,11.94832109,12.85957454,0.153357974,0.127381828,0.1476896,0.165324761,0.163401622
2017-11-14T08:10:00Z,244.7133888,257.7853183,244.3616581,242.7112814,247.5487241,11.86552864,11.74910996,11.67469435,11.86883758,12.06103484,0.116106557,0.136250819,0.162023823,0.135598915,0.130069948
2017-11-14T08:20:00Z,240.982377,252.256247,226.4605013,253.1839965,263.3449132,10.33948417,10.57325447,11.36975639,11.57968327,11.07550482,0.150720327,0.134810275,0.168530662,0.138535998,0.11967817
2017-11-14T08:30:00Z,245.1205876,258.2947542,237.0638055,244.5665704,238.4578753,10.3425064,10.36099927,10.4197421,11.55406894,12.26404746,0.142583881,0.132350149,0.13288299,0.122012249,0.133897913
2017-11-14T08:40:00Z,227.5642641,240.4178312,232.9589546,241.3631239,231.2760234,11.37516019,11.1180772,11.6280597,11.50453713,12.04494526,0.135099451,0.141812426,0.119634768,0.1129426,0.124734869
2017-11-14T08:50:00Z,236.4996057,236.1420678,239.6825526,246.1670442,249.9528732,11.22170363,11.36159463,11.87243736,11.69606516,11.65962775,0.142243371,0.162271494,0.147174495,0.15195159,0.126071573
2017-11-14T09:00:00Z,261.3754508,234.9504486,235.2379625,236.1014122,248.7164337,11.70419899,12.083812,12.32180295,12.666488,13.05516,0.151514594,0.15125535,0.17309313,0.113492778,0.156239444
2017-11-14T09:10:00Z,256.7514637,237.5045943,247.0836645,228.5078919,251.0619319,12.4549622,12.76304672,13.42043042,13.0591149,12.75622149,0.145950035,0.166192796,0.111385064,0.151178587,0.145522058
2017-11-14T09:20:00Z,237.9334168,234.0241274,246.3739051,254.792846,237.3016928,11.6358188,11.93379418,12.17035341,12.98253567,12.55643329,0.122662047,0.162130451,0.117599313,0.133731939,0.150638547
2017-11-14T09:30:00Z,251.0712578,228.6049917,247.2307678,234.2939421,259.2997082,11.39174791,10.93108677,12.12560576,12.21607757,12.499636,0.142891296,0.145813199,0.169560737,0.115195887,0.161727631
2017-11-14T09:40:00Z,246.1056075,215.0229082,245.0259206,248.6659214,223.5926579,11.61983403,12.43381893,11.91901699,12.61677229,12.51622749,0.122579756,0.127145784,0.197763598,0.14956686,0.164616687
2017-11-14T09:50:00Z,259.0295777,252.9188352,241.9040247,246.7297098,247.1703309,11.7073535,11.88803205,12.22704744,12.42071943,12.01073837,0.138367831,0.154427257,0.13265548,0.106540254,0.149889166
2017-11-14T10:00:00Z,227.210482,226.4660471,242.9657265,248.0164992,253.3220312,11.29650664,12.11043982,12.24860088,11.93036079,11.8662858,0.191829167,0.114069113,0.142118984,0.11054107,0.128162517
2017-11-14T10:10:00Z,248.5680047,243.7275525,246.9728454,242.5456839,235.2268808,11.74794819,11.73993609,11.71094455,12.04758066,12.16214883,0.152526345,0.120676739,0.118289087,0.162238397,0.118404985
2017-11-14T10:20:00Z,243.6995843,246.697369,251.8435486,236.7581715,268.6244436,11.69078584,11.40524113,12.04249431,12.02676644,12.04709012,0.143882605,0.099428288,0.141116018,0.126811174,0.148610798
2017-11-14T10:30:00Z,247.245106,251.2485801,251.4365542,255.9177202,244.0665564,11.88733117,11.45937165,11.46090896,12.00379159,12.07368136,0.097959482,0.169144263,0.100887085,0.124534,0.124820841
2017-11-14T10:40:00Z,268.9935609,228.1134614,258.1290405,255.52871,247.5579827,11.42146336,11.34657216,11.43513359,11.22357861,11.20039327,0.075364769,0.099447467,0.092582163,0.128971616,0.096083886
2017-11-14T10:50:00Z,226.5836326,241.9267594,274.7415497,252.9638084,258.7510913,10.64725458,11.83859532,11.37975999,11.4312032,11.24811368,0.112595092,0.086978577,0.108355607,0.12649757,0.10960747
2017-11-14T11:00:00Z,242.9720238,240.5175683,233.965477,226.0842449,234.7635178,11.05734621,11.04010977,11.053798,11.68297219,12.12388934,0.122555533,0.103111237,0.102685454,0.168538329,0.128940048
2017-11-14T11:10:00Z,263.4279543,242.5582415,260.3958817,239.98283,246.6962421,11.80620723,11.65195328,11.70383554,12.00498309,12.7134868,0.105942214,0.086039849,0.127615176,0.102737534,0.065146054
2017-11-14T11:20:00Z,249.211084,249.7072939,251.5108081,249.7055923,245.7794506,10.70343793,11.54331023,11.00538785,11.44199068,11.2393675,0.113903153,0.095247135,0.098411324,0.112898126,0.12228996
2017-11-14T11:30:00Z,262.410339,246.5879148,267.7041553,243.5423367,263.7562952,11.08584615,11.09626255,10.965971,11.04391788,11.43590396,0.128720389,0.143632984,0.139765884,0.105830256,0.163117771
2017-11-14T11:40:00Z,246.9762719,246.4796704,258.7253126,264.3880781,258.8730704,11.34054355,11.02481417,11.28318263,11.5368418,11.31337316,0.144481026,0.105160203,0.100161919,0.124422175,0.106605852
2017-11-14T11:50:00Z,260.590305,268.890376,254.5253756,270.5118683,249.7013809,10.56000415,10.60770865,11.42774128,11.13724333,10.93668666,0.151734164,0.120931933,0.117901229,0.106648736,0.204170244
2017-11-14T12:00:00Z,255.1727927,256.3131522,268.1881347,239.0687099,254.9461038,10.70712035,11.61108311,11.21646203,11.48176884,11.5303756,0.090638294,0.143214337,0.114242061,0.121217604,0.14769294
2017-11-14T12:10:00Z,264.4595858,266.7581624,283.3218066,264.9042086,268.5335259,10.68421813,10.57889831,10.69926666,10.98443692,10.88906978,0.118385165,0.1197525,0.141552056,0.11745065,0.153329828
2017-11-14T12:20:00Z,287.2513403,255.2327477,244.2088554,255.090293,258.8118075,11.29904016,11.08952786,11.39259394,11.82959055,12.08111013,0.122258374,0.09877209,0.126777003,0.143759759,0.120303363
2017-11-14T12:30:00Z,245.1037135,268.2498183,271.6131741,271.6203928,273.9089551,10.51512863,10.3863896,10.44655776,11.27266183,11.61661527,0.132296479,0.086870104,0.099675218,0.104274898,0.133585505
2017-11-14T12:40:00Z,243.9525268,257.5862724,258.7829455,242.7428057,260.9140815,10.34300377,10.94352694,10.89871277,11.22707922,11.69599515,0.112999515,0.119942673,0.103669396,0.126982486,0.11868033
2017-11-14T12:50:00Z,238.2600409,276.4970167,253.1298137,271.5035237,256.1373111,9.943550233,9.559111803,10.60846399,10.94010247,11.29520126,0.134194556,0.113193091,0.100028965,0.103322284,0.154733398
2017-11-14T13:00:00Z,257.5559464,266.3523506,250.6985242,277.2671366,275.4499142,9.692914767,9.677237118,10.03583988,9.95188566,10.6844065,0.18858053,0.121782172,0.169489422,0.150112137,0.138077254
2017-11-14T13:10:00Z,255.8463688,275.4364281,282.6340761,265.6795342,275.4758232,9.127026425,9.564871351,10.11518443,10.18625668,9.838512259,0.156174464,0.170646244,0.14183046,0.118473922,0.113560873
2017-11-14T13:20:00Z,239.2330893,262.3869236,272.2102601,265.5879923,261.9687843,9.261555462,9.489044702,9.776524065,9.831730615,9.733365538,0.130015746,0.146666609,0.099234871,0.116698474,0.113243914
2017-11-14T13:30:00Z,262.7053744,275.4528935,262.2532497,270.0059834,260.9005204,9.083085725,9.26758647,9.110242637,9.180367322,9.533466147,0.145446279,0.109844573,0.122364381,0.173301726,0.127308815
2017-11-14T13:40:00Z,267.8221827,275.2277575,274.5339758,279.9041568,309.5266526,8.63041284,8.649555107,8.716466853,8.960286198,8.98589394,0.142230238,0.080710162,0.131885455,0.137939876,0.127429439
2017-11-14T13:50:00Z,262.7297697,260.3462782,278.2043685,249.50903,271.7798825,8.365393795,8.547858973,8.665330614,8.918068534,9.509659239,0.124683998,0.147547639,0.131390389,0.143541346,0.117859613
2017-11-14T14:00:00Z,277.4423489,261.86267,265.3355858,269.7710482,280.47521,8.394758809,8.599622491,8.957938655,8.606844697,8.435415624,0.170995505,0.111348604,0.114441185,0.16195225,0.131556297
2017-11-14T14:10:00Z,270.0251295,256.0389672,285.0991965,261.0251567,277.9437172,7.72709854,7.885994835,7.89816878,8.402673171,7.87750567,0.119885546,0.143125238,0.146755309,0.116066313,0.139425958
2017-11-14T14:20:00Z,280.1199695,306.176617,282.2733306,274.6119872,260.9965193,8.155416638,8.130462455,7.738286378,8.42147964,8.676061704,0.15308667,0.101744217,0.15636545,0.137333006,0.119197368
2017-11-14T14:30:00Z,249.7306948,265.0400753,266.6846051,273.0135592,259.1987266,7.893384118,7.887548059,8.659585378,8.110589056,8.012158591,0.185020278,0.162275253,0.145151069,0.142338357,0.087284585
2017-11-14T14:40:00Z,264.5995266,267.7255174,291.9872354,272.2400014,272.4502334,7.810761468,7.52697023,7.944580851,8.235317982,8.536145604,0.148368884,0.15652849,0.172708986,0.126636271,0.109334907
2017-11-14T14:50:00Z,273.6023213,275.8810145,278.5153852,274.812015,270.7518053,8.1893187,8.532831258,7.755545975,7.725308562,8.342959515,0.156293844,0.151843196,0.145109753,0.119395712,0.126564494
2017-11-14T15:00:00Z,268.594125,275.2886361,258.0769162,263.8809897,269.1632396,8.136331458,8.111321378,8.443533036,8.72258829,8.615708564,0.105990737,0.201001915,0.122291175,0.127778872,0.114402027
2017-11-14T15:10:00Z,257.3602985,255.0842945,257.1197521,272.6201464,265.7593412,7.586915109,7.649471098,8.019576282,7.526546141,7.874121598,0.134593255,0.130193143,0.222087859,0.190472074,0.130671686
2017-11-14T15:20:00Z,260.5488613,239.6607511,261.1019885,268.0275752,267.6192477,7.302687192,8.005463322,8.189679222,8.175306625,8.485392637,0.193163659,0.20212712,0.128967702,0.191277466,0.142963103
2017-11-14T15:30:00Z,263.4051352,257.4759879,255.2529925,258.4809688,274.4563795,7.715234739,7.656712125,7.999939964,8.318821465,8.0872556,0.147199803,0.140846098,0.142804518,0.108944456,0.127223597
2017-11-14T15:40:00Z,283.8559915,283.5607536,265.6590574,265.9422163,269.1641861,7.117303464,7.99794801,8.256237062,8.094007112,7.558482056,0.180200943,0.12553276,0.193763076,0.140989229,0.180157933
2017-11-14T15:50:00Z,284.2187032,262.5270049,263.4929511,266.380388,268.4722517,6.96463598,7.440939638,7.709739409,7.743320185,7.399508761,0.222770342,0.196327048,0.118091505,0.185686385,0.157384676
2017-11-14T16:00:00Z,256.7185954,275.3637202,264.6502687,276.5593632,278.0402559,7.295500165,7.331159762,7.389656734,7.585375813,7.691732228,0.145913664,0.174036942,0.131196304,0.079753731,0.170681438
2017-11-14T16:10:00Z,283.0445994,247.255841,272.9197898,275.8428772,267.4268811,7.630807971,7.804436716,7.745000937,7.885228281,8.044798419,0.106318967,0.115210417,0.104328505,0.125376067,0.153243868
2017-11-14T16:20:00Z,263.7299571,270.652683,255.9825222,262.9035924,257.0486282,7.700123633,7.430796808,7.822844029,8.220536703,8.136834491,0.163050347,0.156851044,0.111211374,0.163589528,0.195086786
2017-11-14T16:30:00Z,252.3416684,265.4333153,271.6209028,263.3109878,267.9454182,7.857605817,7.769412224,8.167002495,8.216513553,8.074927283,0.149676466,0.112094961,0.164235773,0.127364624,0.11628078
2017-11-14T16:40:00Z,273.6989912,285.6067033,259.7379489,253.3354507,274.2116739,7.482043997,7.58946089,7.463461177,7.563394349,7.215502087,0.229486151,0.203447532,0.102406827,0.168156749,0.147843625
2017-11-14T16:50:00Z,290.620218,275.2730772,299.2672731,275.6832728,289.234335,6.121651024,6.378276142,6.660339706,6.770326023,6.380402315,0.204304689,0.195305807,0.166854189,0.160561685,0.205976602
2017-11-14T17:00:00Z,273.5733256,270.8859574,268.5889446,268.8680096,263.1476067,6.830921334,6.909843537,7.416880583,6.7048957,6.881011403,0.105133717,0.112183435,0.139055714,0.122248991,0.139025905
2017-11-14T17:10:00Z,272.741173,270.8337617,273.8248029,279.9876741,264.0572578,7.470724846,7.479754537,7.766338791,8.204754066,8.089368957,0.127800677,0.091890156,0.157453189,0.125257864,0.09659805
2017-11-14T17:20:00Z,263.758295,270.1225397,260.504873,260.2705622,264.8206129,7.570124974,7.386576679,8.090064803,7.915729167,7.676712469,0.121492846,0.126948677,0.100469174,0.120395704,0.135951354
2017-11-14T17:30:00Z,266.5015146,279.3475367,255.0114968,276.084739,270.0500581,7.438489614,7.1831015,7.301907781,7.179700962,7.44371731,0.116267376,0.129349093,0.1141014,0.14537464,0.11946795
2017-11-14T17:40:00Z,251.0804055,293.8375691,265.6458025,266.1921971,273.8341615,6.715836836,7.31184515,7.272407304,7.011518957,7.158101588,0.175146091,0.146140978,0.123930748,0.133443768,0.10567226
2017-11-14T17:50:00Z,252.7704201,251.5752882,276.1077525,267.3843097,267.8580666,7.394815674,7.62701424,7.20794584,6.884868213,7.109374681,0.147774891,0.115021321,0.13221343,0.117200181,0.118955729
2017-11-14T18:00:00Z,266.4751987,283.656073,265.9677524,270.0099879,274.4013968,6.840125595,7.021711042,6.907633624,7.237149133,7.094583338,0.140976796,0.134129635,0.1084514,0.138999281,0.106293892
2017-11-14T18:10:00Z,267.2613563,267.9732,260.6047139,268.040714,273.9637736,6.701396236,6.857934429,6.769680312,7.099409031,6.997470627,0.188764463,0.141122705,0.130519792,0.111656228,0.07239891
2017-11-14T18:20:00Z,280.0449205,274.6644047,269.5383668,247.5773153,275.1487967,6.34174872,6.639415308,6.47348211,6.667289686,6.78116109,0.172668876,0.081080312,0.144017909,0.144704241,0.111923926
2017-11-14T18:30:00Z,267.8512353,268.3422087,276.6607498,280.2159317,259.3589411,6.126480142,6.032895283,6.71942557,6.492516101,6.90232097,0.12505337,0.134118963,0.125220761,0.113499311,0.133562614
2017-11-14T18:40:00Z,251.0020067,265.8885523,247.5800155,262.1736324,252.9162375,6.439475965,6.737113673,6.61724446,6.886754214,7.297038966,0.140627856,0.122957407,0.146289347,0.16265808,0.115434842
2017-11-14T18:50:00Z,281.2991258,285.7506707,270.0904541,267.280774,256.6998623,6.564142824,6.751478334,6.690971705,6.813124335,6.485727527,0.114792983,0.133821263,0.187698605,0.200721182,0.146490737
2017-11-14T19:00:00Z,256.7009901,278.3180467,277.783673,255.8850713,257.8400109,7.050657724,7.056470956,7.514011768,7.393297454,7.670714311,0.105449635,0.15708428,0.121417728,0.111381737,0.13655395
2017-11-14T19:10:00Z,256.8791738,268.8248633,269.6852378,264.4437347,277.5939952,6.57693948,7.479731162,6.97458951,7.334895111,7.196385921,0.106482639,0.168416145,0.143015055,0.115608313,0.146023494
2017-11-14T19:20:00Z,259.5989735,248.9492689,266.8828099,282.9593246,245.4616406,6.208602202,6.405728925,6.496545332,6.804946671,7.007093603,0.117398089,0.112929086,0.160362655,0.112654999,0.098591422
2017-11-14T19:30:00Z,263.244262,273.3319603,260.5215411,240.5665262,250.660713,6.567681014,6.975965505,7.241139385,7.247469771,7.336361673,0.142866323,0.140942621,0.100872225,0.107514279,0.142864791
2017-11-14T19:40:00Z,258.7896169,230.088602,254.2722977,246.7807887,247.1057988,6.326143105,6.484597717,6.675599827,7.140643183,7.542244424,0.172230798,0.12548988,0.110189252,0.149428913,0.127821312
2017-11-14T19:50:00Z,252.8562414,287.1437736,267.1714874,254.907484,269.7097339,6.884664791,6.973390699,6.850334351,7.392614279,7.459570169,0.135006377,0.120942669,0.177013573,0.092918033,0.122202816
2017-11-14T20:00:00Z,254.2943771,254.2658157,284.1744226,247.6229503,271.0507971,5.987895538,6.217774756,6.778529794,6.820618796,6.906075789,0.134252489,0.11304346,0.144724802,0.162274641,0.196591542
2017-11-14T20:10:00Z,257.6070726,245.9625152,253.8590325,235.1042909,255.8538245,6.094140798,6.424538862,7.07356809,7.007498559,7.074158815,0.115740533,0.124960608,0.178112359,0.126111469,0.11547339
2017-11-14T20:20:00Z,250.4893356,239.1269939,250.5031408,224.0484322,250.3567098,7.294299648,7.508814742,8.107946679,7.790114769,8.166368729,0.135284393,0.135317735,0.096806425,0.107793014,0.157277387
2017-11-14T20:30:00Z,245.330583,226.3741318,252.9616138,250.0095666,240.8548448,6.572513024,6.423973895,6.794581937,7.18652328,7.280947004,0.216371029,0.166980664,0.200766226,0.149912152,0.133757766
2017-11-14T20:40:00Z,240.5447733,249.4008913,243.719302,257.4151823,237.9283014,6.639324292,6.847771369,7.447265375,7.643132632,7.231001898,0.205824623,0.178493839,0.169569239,0.132709832,0.133173964
2017-11-14T20:50:00Z,246.5804287,250.263556,245.0561207,240.895834,232.9685464,7.267332525,7.356785388,7.786850256,7.568260136,7.673339046,0.140488674,0.142711421,0.131324095,0.097383623,0.096740777
2017-11-14T21:00:00Z,247.9243328,232.0256073,235.1911541,228.1061987,226.3226512,6.877901072,7.409386259,8.36946273,7.917316487,8.20497206,0.142435397,0.151327541,0.110263877,0.103365335,0.174246605
2017-11-14T21:10:00Z,246.9644366,253.185929,228.4620701,250.4207788,238.7231323,8.633521444,8.487674146,8.753077732,8.631945874,9.14260238,0.091994475,0.184681747,0.115093891,0.088348624,0.166368679
2017-11-14T21:20:00Z,253.9113265,243.1475475,264.5587167,255.3333639,258.5747555,7.006353832,7.473698693,7.768881691,7.325385805,7.561879156,0.208650735,0.114595683,0.16707478,0.174008678,0.140415303
2017-11-14T21:30:00Z,247.8898851,244.684115,262.7919378,250.352993,244.5321068,6.311541198,6.823266707,6.811462397,7.029662479,7.7396494,0.140278578,0.203420988,0.186497116,0.137501067,0.1922801
2017-11-14T21:40:00Z,242.1763427,265.7631089,244.6384425,239.5780757,248.2665789,6.535146491,6.578684752,7.254895865,7.351687911,7.413586483,0.155801298,0.144378975,0.198846552,0.154419686,0.129220416
2017-11-14T21:50:00Z,249.0903172,258.0922977,262.7137199,249.9488655,249.9419869,5.685748294,6.548073791,6.390663464,6.573089371,6.916542813,0.199051423,0.089119396,0.196599751,0.1271988,0.139734019
2017-11-14T22:00:00Z,255.4431833,255.8867014,248.7009615,249.263616,246.2212261,6.115152863,5.884753365,7.006055637,6.802485468,6.880435555,0.164315763,0.177855552,0.134428632,0.127670459,0.182331227
2017-11-14T22:10:00Z,258.8375133,231.6333097,248.8468731,242.174737,244.4160936,6.783098356,7.348528627,7.438294234,7.306011198,7.745128083,0.166611992,0.14053499,0.106725831,0.198841274,0.126225923
2017-11-14T22:20:00Z,268.8742874,250.9911467,250.0601655,242.927759,269.6078922,6.984650138,7.457962287,7.697737313,7.832675601,7.96255631,0.138935834,0.122259276,0.138095676,0.117427892,0.134898038
2017-11-14T22:30:00Z,250.6415425,251.6125647,236.0378326,253.2404693,256.9913609,5.986676054,6.703112717,6.657215757,7.608610997,7.159345673,0.144393227,0.191505842,0.154588472,0.181699255,0.096932127
2017-11-14T22:40:00Z,251.024372,249.7138374,245.9944166,240.5338789,254.574272,6.543537995,6.849966911,6.967759243,7.473656877,7.21345509,0.142404126,0.137688981,0.103807539,0.142815448,0.135734098
2017-11-14T22:50:00Z,263.4890589,237.8970717,275.9069183,261.3101205,248.2354903,6.330791767,6.396577878,6.664990295,6.75074585,7.314859384,0.167057892,0.121428769,0.141575467,0.13217919,0.166256695
2017-11-14T23:00:00Z,242.2849104,238.5033962,230.3829715,236.5856248,238.4897587,5.63299425,6.039963235,6.216128677,6.529796048,6.579677746,0.132429143,0.082017429,0.111907233,0.143811164,0.129716749
2017-11-14T23:10:00Z,242.9691264,249.0129331,227.5552899,237.2768041,237.1669619,6.633729616,6.759107128,6.709845055,6.75422235,7.205844254,0.138549338,0.120982949,0.121950286,0.115111237,0.180571181
2017-11-14T23:20:00Z,231.1513612,237.5478419,243.2031054,243.9045955,244.7454845,6.283913999,6.785609971,6.992671679,6.949285109,7.10120875,0.108750359,0.120131501,0.098989265,0.106399205,0.105069263
2017-11-14T23:30:00Z,250.4580071,250.5636851,256.7257956,269.0589025,238.4744722,6.768487872,6.79026498,7.055220948,7.183461581,7.052598261,0.08800415,0.112345891,0.120902993,0.12011496,0.08289274
2017-11-14T23:40:00Z,255.5282908,253.9215305,244.9736531,261.6525913,246.2066672,6.570181487,6.652087046,6.922504913,7.093324155,7.350356004,0.174865414,0.149489963,0.165689812,0.12016614,0.161905978
2017-11-14T23:50:00Z,246.2524522,241.0883403,253.2284618,240.0056776,256.7230032,7.222478552,7.329518975,7.360089545,7.929719,7.985896246,0.201472892,0.18472262,0.18018473,0.165191526,0.119273693
