LOCATION: 
SYSTEM SERIAL: HKZMAST
TIMESTAMP (ISO-8601) UTC,WindDir030m deg,WindDir040m deg,WindDir060m deg,WindDir080m deg,WindDir100m deg,WindSpeed030mh m/s,WindSpeed040mh m/s,WindSpeed060mh m/s,WindSpeed080mh m/s,WindSpeed100mh m/s,TI 030m,TI 040m,TI 060m,TI 080m,TI 100m
2018-03-02T22:10:00Z,103.8849648,99.28764911,97.10097841,104.6996335,100.8136145,11.68263013,11.76523309,12.29541826,12.48503049,12.74383935,0.142676159,0.126547966,0.127940634,0.134885525,0.10891892
2018-03-02T22:20:00Z,102.0971429,94.14575029,106.8114624,96.67715681,95.08011582,11.49726307,11.32197768,12.22291243,11.99286214,11.48793191,0.10471309,0.11728387,0.138472531,0.144261395,0.116228646
2018-03-02T22:30:00Z,98.2398001,103.536851,97.50049244,101.1152913,97.29878946,11.21927393,11.10853497,12.54586862,12.01993933,12.53359184,0.142566963,0.150666863,0.095410056,0.106496452,0.14945347
2018-03-02T22:40:00Z,107.1351116,104.5454193,100.7066943,90.76748633,101.5306023,11.97291219,11.55876817,11.51657405,12.47453783,12.91226096,0.192601484,0.161345673,0.178474247,0.11968132,0.129854619
2018-03-02T22:50:00Z,97.88943126,96.23809964,91.43742477,92.51911639,93.281636,11.57834892,11.66307847,11.87103316,12.00018927,12.65917411,0.128856864,0.159945607,0.13960148,0.111972838,0.125552787
2018-03-02T23:00:00Z,93.07477361,96.06738824,103.465501,94.89036731,91.85871427,11.21215676,11.6503426,11.56412644,12.44003058,12.27519763,0.13200722,0.097646738,0.142008075,0.097517599,0.13574671
2018-03-02T23:10:00Z,100.8879349,96.60549203,99.70324561,95.5821024,96.51000559,11.37474591,11.34362173,11.87252416,12.38444559,11.40455075,0.128236344,0.166572876,0.119950474,0.147493956,0.126760679
2018-03-02T23:20:00Z,99.13175055,88.90887259,87.00200089,93.84599806,94.89840513,11.92230538,11.87428845,12.01312163,11.93705517,11.72820486,0.160736112,0.13795691,0.135495554,0.131414597,0.09469724
2018-03-02T23:30:00Z,87.1544247,86.51804553,84.7287661,88.56535456,93.90733444,11.73489024,11.8964675,11.74314824,11.22291914,11.80354968,0.149579851,0.155742237,0.160298514,0.145907588,0.119692876
2018-03-02T23:40:00Z,93.81802967,85.16489976,87.25309955,90.95403467,95.24124395,11.33850476,11.08476932,11.63636361,11.97360817,11.16746948,0.137973741,0.132028418,0.188065486,0.131087506,0.128037589
2018-03-02T23:50:00Z,98.69810463,98.84680698,97.60094606,99.45437583,97.58613355,11.05502618,10.89348314,11.28323982,10.64435772,11.05866809,0.137370933,0.162890975,0.137503736,0.144099504,0.16733171