LOCATION: 
SYSTEM SERIAL: HKZMAST
TIMESTAMP (ISO-8601) UTC,WindDir030m deg,WindDir040m deg,WindDir060m deg,WindDir080m deg,WindDir100m deg,WindSpeed030mh m/s,WindSpeed040mh m/s,WindSpeed060mh m/s,WindSpeed080mh m/s,WindSpeed100mh m/s,TI 030m,TI 040m,TI 060m,TI 080m,TI 100m
2018-01-15T00:00:00Z,224.3195542,239.6804309,212.0708511,219.9443683,220.1325159,11.67698687,11.79502149,11.55239256,12.51981293,12.88926486,0.100447765,0.104910337,0.172917065,0.143670089,0.097543951
2018-01-15T00:10:00Z,209.6338563,210.3488435,203.6838137,208.8670299,220.2875924,11.55557073,11.54530228,11.82905027,11.99788749,11.56201146,0.10355657,0.10904712,0.130491857,0.12764897,0.09540801
2018-01-15T00:20:00Z,205.2956519,224.1252869,201.2681063,218.7636964,206.0510547,10.67005974,10.42221689,10.64718247,10.5087291,11.5658679,0.11285864,0.114300018,0.133150741,0.119678092,0.099214338
2018-01-15T00:30:00Z,221.7630215,204.506285,218.3111967,228.2423074,208.9683836,10.80986355,11.35782774,10.52019772,10.90920715,11.10063094,0.145378862,0.154286069,0.112776923,0.150138499,0.149178468
2018-01-15T00:40:00Z,221.974074,217.9669199,236.0631995,229.2830271,250.7047041,10.44793695,10.57801443,11.04231283,12.02810433,11.3426356,0.12182575,0.132996592,0.124984647,0.09974105,0.142231487
2018-01-15T00:50:00Z,206.8887571,218.6285008,219.9547509,221.7164854,226.0745644,11.15152838,10.959421,10.93080435,11.18578612,11.34634792,0.082587696,0.115805292,0.128785089,0.114858335,0.105846285
2018-01-15T01:00:00Z,223.560865,216.6073349,216.8243332,216.0088839,220.4755808,11.3465402,11.52690467,11.6429373,11.60441038,12.03114544,0.11766695,0.108916907,0.095453257,0.117677407,0.098843269
2018-01-15T01:10:00Z,214.6928661,213.6805105,208.7793817,224.6890402,210.8272723,11.52063905,11.15539944,11.68741745,12.27864547,12.28518071,0.118521084,0.101921941,0.115808696,0.081615895,0.116433259
2018-01-15T01:20:00Z,215.7973877,221.6204894,210.8125563,216.5560273,202.5002161,11.28685529,10.93047317,11.5076475,10.9699191,11.73421213,0.087270331,0.111931668,0.102449288,0.122455045,0.109050605
2018-01-15T01:30:00Z,210.5990998,207.2936428,217.2265504,202.760232,222.3688564,11.42720149,11.81568988,11.89125719,11.66519728,11.833293,0.095648029,0.08845289,0.082636322,0.07620926,0.089823313
2018-01-15T01:40:00Z,215.5962632,198.9340157,205.6390888,198.6161798,208.354371,12.39794708,12.93765029,12.04773476,12.274423,12.40196133,0.09091803,0.075109641,0.08967234,0.065983963,0.074329964
2018-01-15T01:50:00Z,187.3434582,196.1598761,190.7544777,191.0011622,204.4694333,11.74719466,12.29901968,12.1766846,12.15352521,11.9206266,0.089447063,0.060753078,0.083662198,0.09802789,0.097420221
2018-01-15T02:00:00Z,207.9490593,193.8209075,213.738064,201.8721102,200.5414079,12.10251086,12.18279021,12.29002133,12.49065128,12.33024308,0.093946976,0.112760852,0.104901123,0.088652804,0.107234474
2018-01-15T02:10:00Z,205.6288323,210.0582432,195.5936497,202.7647024,195.4612888,10.91364363,11.24764687,11.46700168,12.09035418,11.49902937,0.111002763,0.104023221,0.103655129,0.100833451,0.087919089
2018-01-15T02:20:00Z,196.2026678,195.597813,196.6838164,196.575223,206.3215765,10.61904673,10.54948893,10.50367092,10.75146535,10.99838874,0.104729863,0.08519654,0.076937524,0.105478557,0.105061164
2018-01-15T02:30:00Z,184.053397,196.3361457,190.9107304,197.1728049,218.9476011,11.67129896,11.28558726,12.14622005,12.2757225,11.85100507,0.118826208,0.091606399,0.115078068,0.111155055,0.106757185
2018-01-15T02:40:00Z,198.0170075,196.2833567,185.0719649,197.2890533,199.8584349,11.26123044,11.26487352,11.7125059,11.71301488,11.79121298,0.096666264,0.070836511,0.065906906,0.100881065,0.109242216
2018-01-15T02:50:00Z,203.7288321,192.1956476,209.0387206,194.5487789,185.093134,11.16084608,11.44063302,11.28427493,12.1027334,12.19241398,0.086414224,0.068687087,0.090864826,0.133558969,0.089021288
2018-01-15T03:00:00Z,198.5088946,196.088703,203.3960658,197.4910369,207.7263006,11.39596737,11.77531049,11.57969771,12.34790903,12.0471929,0.126927713,0.06249723,0.069283007,0.079033967,0.08748288
2018-01-15T03:10:00Z,211.0378556,202.1310663,211.3246604,198.5771788,183.5553788,12.40203083,11.96976456,12.63762589,12.61938939,12.48563444,0.101627214,0.071330668,0.080093494,0.112486415,0.104928604
2018-01-15T03:30:00Z,185.2650301,195.6427909,181.7375528,189.8958502,192.0059933,11.6598688,12.09647352,12.63036739,11.97072883,12.51312323,0.079349008,0.091967718,0.07184327,0.087163933,0.080587704
2018-01-15T03:40:00Z,200.4545035,192.1507462,188.4941385,197.4676334,188.3803915,12.61184272,12.82856831,12.49339525,12.69475055,13.22858557,0.091543459,0.097595136,0.098194188,0.102629439,0.057270394
2018-01-15T04:30:00Z,191.1008329,204.1293171,177.945216,204.5857046,198.6535202,11.83192201,12.1577637,12.68715091,12.91891387,12.23097665,0.117233065,0.148192761,0.130445806,0.13820483,0.118722274
2018-01-15T04:40:00Z,195.3414444,190.6630313,181.1357283,197.4336495,196.4259751,12.45591774,12.4103497,13.14043215,13.39404464,13.15973448,0.116245825,0.100940328,0.110812956,0.117317457,0.135393928
2018-01-15T04:50:00Z,176.0277289,190.3620602,191.8116747,193.1260545,195.3400012,13.32393645,13.2560523,13.424943,13.51014739,14.46408094,0.095935934,0.10251485,0.094432747,0.130861875,0.149578129
2018-01-15T05:00:00Z,207.6065401,206.6188351,193.2506372,184.562855,192.9898174,13.46643111,13.75785379,13.61941194,13.92891306,14.46204539,0.140256672,0.137475424,0.144859919,0.096190927,0.133185315
2018-01-15T05:10:00Z,198.19459,190.9540451,187.9714107,202.4637028,195.8927512,14.22798504,14.49194842,14.89049798,14.39445987,14.96836367,0.157185908,0.114880019,0.126347245,0.165814849,0.107204327
2018-01-15T05:20:00Z,203.9242608,200.4973735,204.3395873,193.3382406,204.602598,13.55414697,13.58732321,14.17172132,14.67348029,16.02987897,0.147354464,0.177544327,0.101962518,0.162913983,0.165328599
2018-01-15T05:30:00Z,199.293335,201.9253623,204.7928556,204.1062297,194.5176766,15.02213443,16.00869889,16.11630086,16.52419893,16.38011188,0.13951146,0.137438445,0.111297013,0.12332307,0.183747341
2018-01-15T05:40:00Z,198.1794481,196.9881957,189.402896,203.9987547,196.8750163,15.97852132,16.08333264,15.96572169,15.6945642,15.56192479,0.165173155,0.110184905,0.169407139,0.151297196,0.126703821
2018-01-15T05:50:00Z,184.5698184,195.7931769,188.4757646,181.0357128,184.6486531,14.42151098,15.56566031,15.56867189,15.74381157,15.41531944,0.12976505,0.154275595,0.141151396,0.134689507,0.149603925
2018-01-15T06:00:00Z,213.1337613,204.996066,193.1811377,198.9299701,209.0484468,14.85218045,15.00971324,15.59213965,15.60799128,16.67238515,0.187883415,0.169292711,0.142862349,0.177275659,0.181801122
2018-01-15T06:10:00Z,195.4232991,199.2728111,195.0132077,207.1276992,182.9058687,16.2367207,15.87996674,15.81021881,17.15182388,17.57004288,0.140816731,0.170212174,0.170807721,0.147657153,0.137880971
2018-01-15T06:20:00Z,185.3352729,190.8850628,201.0999619,207.0119866,198.7675855,14.61480063,16.12294858,16.96034579,16.9078052,16.34741875,0.158638105,0.149805212,0.14653694,0.13635923,0.129695414
2018-01-15T06:30:00Z,202.4131257,193.490851,214.6151996,202.9183599,197.1861351,13.80683437,14.9134416,15.41458392,15.95935664,15.05425139,0.15529831,0.120824629,0.141730395,0.118479861,0.198402571
2018-01-15T06:40:00Z,194.1298018,201.9515932,201.6669474,206.7201948,198.8199664,15.68653624,16.69299851,16.36869611,15.79066861,16.77828533,0.16111118,0.115805107,0.159546938,0.157610524,0.168439098
2018-01-15T06:50:00Z,188.6631605,186.3380277,195.9202855,212.1163168,202.9446093,16.14757043,16.46701324,17.07662566,17.02566369,17.33852307,0.136729505,0.12736483,0.126730459,0.147000791,0.143087775
2018-01-15T07:00:00Z,208.4944496,194.5882254,192.9388739,200.3833977,190.6029497,15.50440918,16.31190509,16.25793526,16.52535992,16.76799236,0.18294026,0.138645015,0.135451369,0.154369594,0.110965157
2018-01-15T07:10:00Z,196.702439,193.9830637,189.2971248,205.2572271,185.5476682,15.65105687,16.34984735,16.53528031,15.60305137,15.50654302,0.15030885,0.179779589,0.122683342,0.160576882,0.145485278
2018-01-15T07:20:00Z,195.5901141,191.6878384,204.0794146,196.7615925,197.7565857,15.89471291,16.6594869,17.82837036,17.76358823,16.91773266,0.154768075,0.121124206,0.121016379,0.153241958,0.153433992
2018-01-15T07:30:00Z,205.770591,197.6683595,192.244779,215.0293834,195.6040206,15.43756158,17.04623029,17.61184507,16.7917835,17.2156491,0.127360517,0.150020315,0.116855581,0.143333726,0.140677748
2018-01-15T07:40:00Z,187.7165349,213.2606709,193.2432239,178.4072601,191.6648835,16.32359126,16.27122195,15.83558857,16.22613224,15.86846637,0.107754491,0.142367437,0.142267366,0.134467599,0.119525203
2018-01-15T07:50:00Z,189.7300935,196.4162248,191.6147075,185.3903929,188.6959919,15.44430509,16.39881892,15.77830949,16.03132167,16.89286905,0.167494835,0.235898202,0.11218935,0.140678576,0.149341498
2018-01-15T08:00:00Z,193.3488787,194.1321058,196.1622416,196.9263198,195.9753578,16.42683216,16.70999345,16.93706657,18.02126996,18.4197752,0.156504814,0.144872484,0.163960121,0.188188292,0.157791923
2018-01-15T08:10:00Z,200.7772311,188.0591886,196.4851153,195.8841191,193.7653354,15.92737694,16.36117763,16.83241127,17.30308129,17.91495976,0.188180324,0.166002374,0.145643981,0.145406121,0.104832499
2018-01-15T08:20:00Z,185.0334759,201.4598482,186.9333543,193.8967067,187.5750696,17.38637165,17.57655315,17.89372463,17.87419791,18.2977654,0.116412759,0.123572889,0.143382249,0.130876622,0.129026435
2018-01-15T08:30:00Z,198.4682027,200.5324137,190.849022,199.1955143,193.1464467,17.23820883,17.24710907,17.99747669,18.87724727,19.05004457,0.120225901,0.101246339,0.122226783,0.089288004,0.096724666
2018-01-15T08:40:00Z,194.5358611,192.1725183,203.9997095,183.0576407,183.8407062,16.50357751,17.61200335,18.71152493,18.11633843,18.44526136,0.100245856,0.13878863,0.140425178,0.158335381,0.128370731
2018-01-15T08:50:00Z,185.3117953,187.7379266,186.1244046,197.0314737,207.2660917,16.17077784,17.90023294,17.42790249,19.08599983,18.84194181,0.161645407,0.122446914,0.156227536,0.107099802,0.134804879
2018-01-15T09:00:00Z,209.458084,182.4315826,203.1229725,206.3599745,206.5866905,16.8360101,17.75925072,17.69211979,18.71962949,18.80245228,0.118124313,0.153126041,0.150691768,0.15341349,0.133380853
2018-01-15T09:10:00Z,201.3936044,208.6671762,208.0431313,192.4463267,198.8054562,17.0984237,17.85045793,18.54252861,18.83628934,18.83317256,0.196280915,0.159234485,0.138544219,0.127842668,0.127064351
2018-01-15T09:20:00Z,181.0049292,195.8076372,199.3840377,209.1039634,201.5406352,16.94814696,17.77578794,18.76096844,19.26317299,19.16702072,0.146020667,0.127530342,0.158511113,0.117784544,0.11571821
2018-01-15T09:30:00Z,190.5518365,196.8390405,184.550015,201.9152022,189.0389143,16.3183479,16.8605979,17.63522644,18.28380842,18.68486052,0.142821058,0.158932084,0.155789866,0.12980953,0.154969236
2018-01-15T09:40:00Z,199.9277811,186.6045006,181.3943149,187.3205155,191.5359,16.10355758,17.15658011,16.87038939,17.74503758,17.43315111,0.176059671,0.156737351,0.119339062,0.116761067,0.123673822
2018-01-15T09:50:00Z,192.789258,200.0174928,188.4737688,195.3689354,192.5442752,17.20166081,18.47157851,18.50221502,18.14519969,19.03424187,0.155159355,0.15038045,0.132839644,0.107025903,0.093813228
2018-01-15T10:00:00Z,201.9725874,197.9253103,199.2189945,203.0355098,206.938527,16.65026551,18.2751534,17.56205809,20.29976237,19.5488885,0.148828484,0.121452701,0.124395778,0.113544512,0.116140961
2018-01-15T10:10:00Z,178.1753925,186.7935127,200.7098415,190.127333,190.4755821,16.12133597,17.94742458,18.54807105,19.31227602,19.56804672,0.175021523,0.129149814,0.145496692,0.146831692,0.1450782
2018-01-15T10:20:00Z,185.6436702,205.9818441,210.7080818,192.9262077,182.848185,17.82419471,18.15174976,18.98194571,19.41438742,20.00420722,0.150171225,0.136166491,0.141393342,0.107348445,0.135390714
2018-01-15T10:30:00Z,197.951164,197.9056648,202.1242048,187.3278032,206.0703122,17.7389186,18.23169659,18.44555147,19.22636592,20.51207954,0.168874275,0.120690126,0.12749353,0.192144582,0.153140243
2018-01-15T10:40:00Z,191.2781064,185.8612767,200.4520066,192.2257528,194.7495491,18.25563093,18.08680119,18.39614753,19.44392637,20.49136208,0.209594366,0.13034396,0.14081212,0.188270832,0.168621383
2018-01-15T10:50:00Z,190.9646602,191.9422832,194.5650073,186.9099408,196.0607947,18.89495552,19.59006014,19.22094911,20.15190513,19.85505409,0.156525972,0.173112191,0.169177156,0.148523403,0.12233758
2018-01-15T11:00:00Z,184.402333,189.0419295,189.5629739,188.3491521,188.8067817,16.62262562,18.12366746,19.68037161,20.52826732,19.40915198,0.188545072,0.107674849,0.147386575,0.148590966,0.115704393
2018-01-15T11:10:00Z,184.7175706,185.8246413,188.9408484,205.6562475,176.0633266,18.26532769,18.92814953,19.74932837,20.91335137,19.50014882,0.140407988,0.121930003,0.152328027,0.105101835,0.101628977
2018-01-15T11:20:00Z,202.3562615,193.9894505,186.9744988,200.4949135,181.142767,18.22116718,17.90422862,20.22183615,20.27197735,20.75843351,0.128771198,0.125218302,0.114570627,0.154178881,0.113257675
2018-01-15T11:30:00Z,193.7445872,189.8740927,186.2228607,193.4644727,195.2272057,18.98693258,20.20403803,20.49591071,20.84793603,20.61871577,0.14567189,0.112602684,0.10790662,0.136867951,0.159240792
2018-01-15T11:40:00Z,185.3804461,185.7603319,189.2748855,196.3298072,192.2586901,18.61279453,19.21369178,19.68560168,20.92289657,20.50595279,0.135311709,0.131331057,0.161337087,0.104252344,0.110825956
2018-01-15T11:50:00Z,191.9894306,171.4530234,184.0272217,181.6335927,185.2788948,21.05845379,21.7694412,21.27737837,22.18666717,22.10092988,0.157657796,0.164966357,0.141580118,0.10919469,0.143391583
2018-01-15T12:00:00Z,187.0027137,184.6645785,184.1715786,179.2570771,190.2815469,20.70443882,20.98630252,21.21470806,21.52789715,22.17916177,0.143596287,0.135846833,0.133223965,0.103982188,0.116029722
2018-01-15T12:10:00Z,198.5491633,205.1221019,190.9414496,195.9517821,187.4885619,20.33448074,19.90283681,20.42732576,21.62285677,21.17008445,0.103890238,0.146895665,0.126202812,0.094515752,0.100126411
2018-01-15T12:20:00Z,180.6928074,177.892889,192.4487787,192.446541,177.5368358,19.57570759,20.41852118,21.08745247,23.04085121,21.70257722,0.151169893,0.137537592,0.122108474,0.153919461,0.12752703
2018-01-15T12:30:00Z,198.4663083,182.9970643,185.5007318,188.3833881,196.1148435,19.92758257,21.4261811,22.41289451,22.28630941,21.69183342,0.126578388,0.150252491,0.095642812,0.113813599,0.103297547
2018-01-15T12:40:00Z,193.8839275,198.7559139,198.9443696,200.5107343,191.2512641,20.14065746,19.95651834,22.57157401,22.76900259,22.33028013,0.094469456,0.098604936,0.127983161,0.121785593,0.128413005
2018-01-15T12:50:00Z,190.0893951,197.5033001,197.2000677,189.9325185,192.1395437,19.12665133,20.4391845,21.33233455,22.27577641,21.80464104,0.12948994,0.123405551,0.119584883,0.133684854,0.126987613
2018-01-15T13:00:00Z,186.2299074,188.4558586,197.2541121,194.917513,200.8857361,19.77709794,19.88877498,19.92572638,20.62872383,21.78996153,0.122620063,0.11149265,0.112451033,0.126093253,0.108715144
2018-01-15T13:10:00Z,199.5511269,198.4824029,194.7711858,205.2624733,188.6839692,19.66392863,20.20885001,20.09825534,20.92794087,22.73068285,0.135475267,0.141094374,0.097599805,0.120338895,0.126455182
2018-01-15T13:20:00Z,195.5509213,202.7682277,194.0168126,196.6115066,191.5113347,18.73155342,19.75305838,20.184478,21.17661182,21.48371552,0.148519977,0.088487667,0.127354478,0.176122844,0.121847622
2018-01-15T13:30:00Z,190.1364191,179.2290702,190.8081834,190.3218617,196.9837256,18.56005856,20.1917442,19.97556782,20.82219917,21.80499935,0.113231764,0.131931423,0.123845653,0.107778552,0.097197216
2018-01-15T13:40:00Z,197.1515798,210.2536196,193.2392274,182.7077312,186.0631407,17.66228634,17.88140798,18.523387,19.64215107,21.68377569,0.139312935,0.134679803,0.099875166,0.11283765,0.13432303
2018-01-15T13:50:00Z,189.950745,204.3659025,182.4816322,183.0221072,197.4005313,17.9319042,18.71286458,18.60610685,20.50229056,20.50054185,0.14846412,0.190034617,0.119737018,0.117055916,0.092789995
2018-01-15T14:00:00Z,204.3722258,191.4022751,189.5508703,190.9230963,190.4799088,17.03039398,17.93047375,19.46366147,20.63708668,19.67302338,0.157480099,0.165325,0.123849613,0.123728475,0.106728837
2018-01-15T14:10:00Z,200.1020739,196.28373,210.8843811,204.1679274,200.344162,17.8492037,18.93294028,19.68239558,19.66506999,20.28003929,0.104913403,0.143603549,0.125267445,0.126122248,0.107770852
2018-01-15T14:20:00Z,199.7849349,185.9421413,211.8968828,186.5421433,194.381474,16.96613646,17.41216271,18.44183034,18.88013122,20.0069309,0.103790252,0.140836911,0.104008212,0.119431445,0.131479716
2018-01-15T14:30:00Z,191.9518898,212.1641732,206.3743366,187.3396663,207.4012703,18.15976546,17.6463179,18.38055322,18.78873522,18.9452648,0.134614901,0.165711555,0.185391747,0.216109226,0.147296338
2018-01-15T14:40:00Z,193.4784467,198.5147139,191.0043928,189.0612183,209.6282389,17.17909585,17.31222597,19.00598007,18.84053322,19.87774819,0.152063114,0.158409674,0.160422336,0.190700059,0.198316266
2018-01-15T14:50:00Z,190.2206692,205.8219392,188.6691989,200.3067534,189.7807378,19.80583098,20.4793844,19.40860781,20.91766341,21.25836252,0.167851066,0.167591141,0.168045143,0.183820521,0.152379346
2018-01-15T15:00:00Z,201.8293638,176.6688354,179.9390375,181.2145401,203.0333552,17.7354989,19.04540172,19.33517549,20.98109378,21.44264193,0.130315834,0.158435148,0.133011143,0.137879685,0.113597784
2018-01-15T15:10:00Z,189.8813974,196.3244545,189.7157262,182.4433357,184.149442,18.5907277,19.4904247,20.51080082,20.89069266,21.76811711,0.127965506,0.108415946,0.096247392,0.133900836,0.131720845
2018-01-15T15:20:00Z,176.7944341,187.1387124,193.8890583,203.6906172,196.476434,17.60352123,19.22286575,20.01668069,21.03364276,21.33868322,0.178979928,0.133766235,0.159711033,0.12359892,0.130576345
2018-01-15T15:30:00Z,185.2927992,177.3498801,183.2233556,185.3288383,175.9015732,19.35987209,20.13705349,19.72178431,20.14949645,21.00285642,0.147467522,0.08355162,0.078625142,0.092743587,0.114964089
2018-01-15T15:40:00Z,176.4727621,186.1232433,170.9858543,183.2604469,196.6442409,17.44938086,18.24579393,20.00781651,19.5484621,20.8294885,0.112582772,0.146129,0.111523283,0.125937986,0.113164986
2018-01-15T15:50:00Z,170.8557584,180.1747951,173.7139011,193.0065896,196.7787877,16.38792018,18.25773064,17.58166217,19.3654764,20.03580315,0.17616838,0.102612863,0.104191063,0.111801497,0.128621272
2018-01-15T16:00:00Z,178.3103972,184.5876862,195.1648342,190.5719865,193.1835804,19.58421016,19.76084895,19.20690872,20.9783118,21.43810059,0.167358052,0.135484705,0.103861213,0.151711343,0.14734696
2018-01-15T16:10:00Z,183.29657,192.5996841,198.2759243,182.437003,182.5276575,18.08060899,18.73556416,19.1067256,20.76358118,21.36636513,0.191811581,0.164544739,0.166262674,0.157389248,0.147098313
2018-01-15T16:20:00Z,193.2033505,182.1803307,198.307674,177.3893829,184.1583599,18.41915642,19.05110497,19.17239379,20.10811198,20.40153283,0.176529526,0.168787511,0.126419122,0.116690038,0.13169845
2018-01-15T16:30:00Z,189.9777981,184.0834585,190.3127363,182.2679881,192.5884334,17.38168646,18.73894659,18.75284815,20.59470992,20.57959484,0.167564792,0.169759264,0.180717602,0.13544415,0.155946223
2018-01-15T16:40:00Z,200.054672,179.5071997,193.2569973,176.0928818,190.6404028,17.882406,17.91523948,18.35317968,18.41944421,20.06354294,0.156617679,0.229877634,0.161005142,0.216698907,0.156881995
2018-01-15T16:50:00Z,189.9640833,210.5568812,197.8490727,211.7852054,191.3725706,15.26384752,15.96346963,16.93583214,17.17849793,18.34676148,0.159317789,0.166993262,0.195870647,0.170147205,0.180355447
2018-01-15T17:00:00Z,200.644593,204.5599716,213.8860178,201.083509,204.6247849,17.69729493,19.05536603,19.60275767,20.74237407,21.38215491,0.201374486,0.166198776,0.137865284,0.153310044,0.096254603
2018-01-15T17:10:00Z,207.4104814,208.6712821,210.5751023,201.9989128,207.2669639,17.552006,17.70893735,18.57367936,18.72568711,19.07554569,0.166541349,0.127314153,0.137986902,0.128195933,0.133127625
2018-01-15T17:20:00Z,201.5587345,206.0611417,198.8894421,205.4585389,202.0130521,16.84332547,17.50309764,19.06587013,19.14207686,19.56919121,0.178597338,0.16697569,0.142752666,0.149541543,0.166453771
2018-01-15T17:30:00Z,213.1583451,195.1386379,196.787512,207.359586,199.4112086,15.25511922,16.01726784,16.61331032,18.36644682,19.07460046,0.122059974,0.098930952,0.173740429,0.159150762,0.124195371
2018-01-15T17:40:00Z,200.3994697,217.3122865,206.1732291,212.9262078,218.6542535,14.57153865,15.51463411,17.15539058,17.11485483,17.67996728,0.128296655,0.105730147,0.123990473,0.090715557,0.131305898
2018-01-15T17:50:00Z,225.2799293,206.9893564,223.4127148,217.9390588,239.064654,13.2704739,14.98495998,15.81383615,15.96680242,17.04592252,0.118614614,0.130792104,0.118982294,0.124139747,0.130250326
2018-01-15T18:00:00Z,240.9165356,213.5690695,211.0958541,225.4938051,236.4943429,12.55147845,12.92776549,14.89504601,16.64831756,16.40744682,0.109566696,0.138132492,0.084994148,0.107240093,0.154362922
2018-01-15T18:10:00Z,232.7241418,228.2307855,238.3675217,214.0615511,227.222666,12.92475428,13.38793191,15.28622054,15.5257091,16.42842642,0.133651443,0.115560075,0.136429075,0.156162012,0.096938385
2018-01-15T18:20:00Z,251.8710022,254.7589067,247.5790602,262.6751415,279.8118406,15.70219578,16.01923528,17.20074095,18.08927957,17.54723183,0.17649479,0.201266335,0.173461982,0.130835194,0.141052448
2018-01-15T18:30:00Z,270.630101,266.723272,260.7147746,293.6378081,281.2572384,13.68419197,14.32513036,14.50258027,15.51117057,15.60417444,0.130590205,0.154302238,0.130535151,0.175317287,0.17299348
2018-01-15T18:40:00Z,290.8376012,264.7249954,275.2052315,286.5622328,271.1432407,12.49898061,13.49687381,15.09343274,15.71059023,15.70080934,0.152506898,0.118819342,0.168524954,0.168252986,0.154080599
2018-01-15T18:50:00Z,267.6885699,264.4158973,280.8730535,265.8912845,282.4136202,11.97712708,13.01817369,13.51833624,14.21183845,14.94501601,0.10879122,0.127385415,0.098882821,0.084120827,0.131321993
2018-01-15T19:00:00Z,272.5703512,279.3012527,276.6068673,275.7977843,278.2371074,12.154875,12.96800881,14.24875903,13.86114794,14.49368033,0.118417261,0.12136277,0.093363883,0.136606502,0.104961666
2018-01-15T19:10:00Z,285.555655,285.7226907,271.1428314,259.346206,254.9971347,13.8836501,13.92313043,14.67328753,15.41754294,15.44324253,0.151636311,0.127731329,0.124393589,0.118299838,0.120901561
2018-01-15T19:20:00Z,279.4422357,272.323998,278.6821081,281.4818202,279.5356629,13.74004378,14.37844362,14.5445964,15.25180966,15.84855473,0.110562007,0.112719686,0.1262072,0.136817726,0.14612587
2018-01-15T19:30:00Z,284.6601764,280.1412596,279.821322,285.9664803,282.8914347,13.24904159,13.94832758,14.90725062,15.56896988,15.82737715,0.124215817,0.106685386,0.16795176,0.111059133,0.096742956
2018-01-15T19:40:00Z,265.2369091,275.6417563,275.5948056,287.8159537,293.1637927,13.1805629,13.95075685,14.41593049,14.81232727,15.55601851,0.103984239,0.12818525,0.10297491,0.101424944,0.17464407
2018-01-15T19:50:00Z,263.1504747,274.0268889,259.127197,264.3762647,262.125761,13.1125358,13.67802908,14.57082572,15.18430601,15.36033633,0.161642213,0.115399881,0.093628984,0.128018645,0.090990923
2018-01-15T20:00:00Z,272.7547127,305.3968522,293.4413856,279.3027194,288.3483056,12.50846886,13.22249161,13.50401073,14.86610928,15.42780322,0.11631646,0.14412324,0.097747754,0.104833145,0.127628961
2018-01-15T20:10:00Z,276.3660193,279.2539432,283.9116363,275.8569646,268.0559574,13.47371745,13.40596159,13.92926006,13.74446494,14.45411575,0.087645609,0.128974026,0.090188891,0.134241698,0.119109501
2018-01-15T20:20:00Z,277.6278041,269.4048082,278.222358,278.946234,292.7611911,12.3379964,14.01939128,15.09211496,14.91060187,15.79749604,0.137631226,0.138369821,0.158858177,0.110527279,0.150943901
2018-01-15T20:30:00Z,277.1957165,266.7982823,282.8119042,289.8914606,278.8202539,12.36724409,13.05436887,14.00424189,14.99202836,14.86913639,0.147092171,0.100269196,0.137762517,0.130235697,0.109229645
2018-01-15T20:40:00Z,282.7365752,267.3999095,291.6093889,274.5770258,288.8731506,12.58000605,12.98997084,13.42216472,14.09296556,14.57624077,0.127873784,0.109766362,0.124288059,0.114051507,0.111750678
2018-01-15T20:50:00Z,264.031701,275.0957826,286.6405914,276.4202579,272.9698108,13.23553292,13.0142367,13.24948762,14.10534332,15.08551482,0.119998609,0.130912449,0.110794393,0.117781943,0.104651542
2018-01-15T21:00:00Z,297.0528496,268.9602393,298.5929133,277.052169,292.83956,11.56734665,12.09331335,13.13991372,12.92998546,13.80909437,0.127786041,0.111469759,0.111951023,0.144285335,0.111798947
2018-01-15T21:10:00Z,276.5376326,268.4028323,291.1851124,290.2386541,285.0790245,10.7816872,11.11933963,12.21132915,13.11736076,12.26148233,0.115156855,0.146777808,0.12161452,0.118016723,0.113577287
2018-01-15T21:20:00Z,266.2578951,283.8521791,297.6482855,275.2678784,280.3227652,12.70372316,13.05606708,13.18967895,14.01645472,14.32490926,0.167567636,0.140751401,0.16507635,0.147985841,0.165208757
2018-01-15T21:30:00Z,279.9307242,288.5023183,268.995965,284.3830816,272.9836993,11.00683573,11.28089316,11.38729348,12.88040718,12.29430048,0.204033823,0.180129884,0.18491715,0.124409553,0.135815772
2018-01-15T21:40:00Z,270.6125364,277.1706073,256.3738992,270.242586,254.7590696,10.57141313,10.98386779,11.06444601,12.96414264,13.32631209,0.095605728,0.154067311,0.157563343,0.132482749,0.106034724
2018-01-15T21:50:00Z,258.195988,287.0832509,250.9862684,288.0467533,255.0988434,12.31284311,13.53338591,13.55204224,13.49471876,13.61191371,0.099486105,0.113032438,0.115008407,0.10992518,0.08950917
2018-01-15T22:00:00Z,262.3182637,256.8415768,263.2177278,275.3935357,290.4238363,13.60985751,13.38223751,14.68522976,14.21682885,14.99639564,0.110132286,0.098917277,0.097334687,0.142428139,0.117059374
2018-01-15T22:10:00Z,256.7187614,278.4679148,276.0672355,259.2877975,243.6539161,13.54016119,13.91513598,13.70540963,14.38850435,15.27542363,0.142318415,0.171531025,0.144418815,0.132575057,0.117898339
2018-01-15T22:20:00Z,267.8443728,269.7009731,245.4010595,267.1197813,267.5911284,12.92892415,13.28222121,14.60140805,13.9642466,13.34225932,0.109489317,0.128991053,0.13790353,0.10738923,0.117927592
2018-01-15T22:30:00Z,268.1048347,267.9697526,255.024128,269.203245,250.7330535,12.81279859,14.00850533,14.48440564,14.62524892,15.35624832,0.160411198,0.136754226,0.149416647,0.133753856,0.135059374
2018-01-15T22:40:00Z,254.682039,285.2731741,251.8863559,261.9922967,265.7703435,13.80128617,14.2668043,14.70866649,14.72855177,15.75388496,0.098809653,0.180059024,0.124444466,0.159337815,0.091190896
2018-01-15T22:50:00Z,245.6057336,241.0407308,257.0889722,257.4359398,261.1802286,12.72706921,13.80046693,13.85229681,14.66342449,14.47486317,0.136310538,0.121414956,0.119594604,0.121961973,0.130681132
2018-01-15T23:00:00Z,273.218543,247.5265076,260.0266818,270.7295572,256.3857764,13.86194036,14.11047008,14.29120112,14.80186173,15.13598925,0.162655767,0.142612892,0.08220187,0.135431628,0.142821205
2018-01-15T23:10:00Z,243.6932274,256.3443981,260.0054844,265.8973843,263.0290922,14.94763901,14.67264537,15.39200184,15.05478876,15.96113269,0.151031567,0.143003997,0.130852686,0.102214402,0.098085262
2018-01-15T23:20:00Z,255.4779079,239.9257691,240.1393593,255.9265518,247.0357472,14.2229595,15.38041585,16.71567422,16.75054058,17.79739713,0.119260534,0.133822996,0.120559231,0.139510416,0.101210666
2018-01-15T23:30:00Z,247.1575906,264.4450309,243.8615258,240.6155647,243.9552251,15.09683653,15.7616269,15.85968179,17.464723,16.7155179,0.152735431,0.153361604,0.166689776,0.181082269,0.120248954
2018-01-15T23:40:00Z,258.4295672,245.148042,250.1571586,274.086729,245.0113287,16.05845648,15.49758893,16.40714691,18.09773744,18.383291,0.168279187,0.160254309,0.141422637,0.128961897,0.142459122
2018-01-15T23:50:00Z,258.6895195,251.5351489,250.4862534,270.706087,251.3085721,17.58111617,17.02309838,17.08085072,18.10919131,18.8191289,0.14589121,0.124312865,0.123449335,0.157720706,0.136861666
