LOCATION: 
SYSTEM SERIAL: HKZMAST
TIMESTAMP (ISO-8601) UTC,WindDir030m deg,WindDir040m deg,WindDir060m deg,WindDir080m deg,WindDir100m deg,WindSpeed030mh m/s,WindSpeed040mh m/s,WindSpeed060mh m/s,WindSpeed080mh m/s,WindSpeed100mh m/s,TI 030m,TI 040m,TI 060m,TI 080m,TI 100m
2018-05-26T00:00:00Z,57.74536376,58.10206709,57.94140791,65.75386547,71.74593356,8.328145317,8.350770102,7.561363442,7.863301205,8.304784997,0.055625387,0.066104115,0.056615269,0.063554907,0.062570529
2018-05-26T00:10:00Z,58.97190938,58.99525189,64.58613802,67.57647878,75.48671345,8.732848492,8.609043733,7.73711499,8.075173258,8.382047618,0.055428422,0.058198878,0.047942291,0.048754533,0.070745343
2018-05-26T00:20:00Z,54.53049391,60.51096602,63.91283475,72.09450278,73.20864785,7.697969233,7.745740447,7.855391255,8.216647115,8.024121805,0.048829177,0.07402935,0.04445918,0.057929771,0.068877621
2018-05-26T00:30:00Z,58.58071509,55.39024301,60.55564556,66.48165543,80.99821182,8.269248191,7.729631959,8.064705616,8.473472315,8.230890093,0.057969847,0.060035712,0.05337046,0.065496929,0.063067478
2018-05-26T00:40:00Z,60.27386996,61.93022794,63.48079352,68.15838484,74.41977014,8.318209016,8.116518727,7.793627255,8.226468156,8.421337889,0.052280787,0.079229509,0.06049409,0.050389856,0.041701324
2018-05-26T00:50:00Z,58.2106517,66.39428487,60.73307079,69.65717838,70.16818476,8.443312773,8.822972199,8.490641444,8.864371001,9.476860611,0.054225694,0.072873755,0.062852323,0.067281782,0.057240319
2018-05-26T01:00:00Z,56.07382457,65.14167667,67.1473416,67.80797817,76.47178098,7.904868841,8.342948444,8.375671996,9.478838145,9.417843495,0.062740547,0.045956674,0.064569218,0.041567134,0.073858251
2018-05-26T01:10:00Z,62.02873699,69.1968231,66.26029586,67.88829137,74.73400788,7.746255496,8.53108455,9.411075402,9.941230168,9.414852982,0.058610662,0.07228477,0.077191137,0.052472139,0.061078555
2018-05-26T01:20:00Z,64.87325676,74.70850414,74.28056279,78.66563451,77.7526464,7.908767615,9.482226833,10.61850666,9.993254837,9.653719396,0.048535018,0.047678715,0.060183254,0.062366723,0.067572428
2018-05-26T01:30:00Z,68.05233239,63.69947407,71.9035888,76.46233314,75.26319358,8.070758809,9.224058226,9.874740701,10.02159408,9.430535599,0.043377207,0.043298977,0.061026969,0.072513897,0.048628531
2018-05-26T01:40:00Z,62.88334671,67.70255686,68.16161002,76.55574597,77.93745753,7.634591809,8.767590384,10.33235114,10.68415053,9.930052234,0.064400647,0.043992324,0.041551321,0.048066954,0.055101802
2018-05-26T01:50:00Z,65.21676053,70.44113056,76.56151799,73.22750006,77.08291267,7.651519731,9.080521661,10.19363294,10.19830868,9.678501487,0.040603149,0.032709403,0.061007378,0.038800067,0.059621391
2018-05-26T02:00:00Z,61.2261763,75.57612691,70.34689755,78.04165633,74.82792853,7.872022754,9.671384635,10.01203187,9.330064455,9.475756639,0.047201624,0.038853533,0.032988932,0.042547537,0.062082528
2018-05-26T02:10:00Z,63.85349843,71.62446963,74.52632605,77.26567565,81.90806066,8.220876733,9.248819343,9.840311939,9.606095402,9.376027654,0.052973429,0.059752877,0.047071397,0.064477043,0.068007807
2018-05-26T02:20:00Z,61.60283978,68.16736172,71.01445773,76.38423741,80.46488804,7.723295889,9.096763142,9.785959897,9.711475913,9.601871376,0.052803048,0.04493483,0.045823457,0.040787434,0.062400764
2018-05-26T02:30:00Z,70.7507898,69.86319904,79.61535687,81.41706877,81.19003863,8.338613387,9.353685983,10.19731178,10.33263945,9.95035523,0.045707451,0.030481158,0.046701428,0.050332152,0.04846317
2018-05-26T02:40:00Z,61.95603316,71.34714543,81.78189238,83.48600918,79.58834793,7.944049776,8.855752762,9.979301442,9.619137315,9.352118158,0.049091791,0.044081604,0.043423111,0.052867238,0.054832911
2018-05-26T02:50:00Z,67.38656895,74.34979353,83.29587363,85.66187849,85.37927085,8.221561944,8.934390159,9.882250777,10.24488356,9.187008941,0.056443078,0.046887019,0.059068808,0.048964705,0.064661171
2018-05-26T03:00:00Z,67.24231741,70.71985036,71.67658569,78.67889242,85.55267406,7.932737346,8.670135154,9.847708226,9.883265074,9.499709349,0.045432159,0.049985246,0.048223352,0.068237668,0.050988463
2018-05-26T03:10:00Z,69.019249,73.48336797,86.22495843,90.1640689,80.91780547,8.038260162,8.681057757,9.153037219,9.287435127,8.997669597,0.037420516,0.03716073,0.038671773,0.059824634,0.063615746
2018-05-26T03:20:00Z,67.51251251,73.17617314,79.91826475,87.74259412,92.12076965,7.469342196,7.708948832,8.919197089,9.726608488,9.471394473,0.04055228,0.055315236,0.034439964,0.046271335,0.043530041
2018-05-26T03:30:00Z,59.00394597,64.56338124,80.91881706,93.72991767,93.44381548,7.617312129,7.879032521,8.21136573,9.092903072,9.575155876,0.078124794,0.054751782,0.054329104,0.043286476,0.069083516
2018-05-26T03:40:00Z,62.1969353,62.37943636,69.45043498,76.66189293,94.90285503,8.166234872,9.078499237,8.315775242,8.473140293,9.194423265,0.063052805,0.05637811,0.092163245,0.04345884,0.045424858
2018-05-26T03:50:00Z,59.70552819,69.36825717,66.75845794,81.89695854,92.46157884,7.669501142,8.338734665,8.188865824,8.498978711,8.720316519,0.052982138,0.05520711,0.06074244,0.059846299,0.045045289
2018-05-26T04:00:00Z,60.90916054,60.94155135,72.55622427,75.78971656,92.83048256,7.12255742,8.19862977,8.410034307,7.740847387,8.205303832,0.046092962,0.056483658,0.074485824,0.06638424,0.069572073
2018-05-26T04:10:00Z,62.04304172,64.58477055,71.00046156,79.27741263,80.82280308,7.170463456,7.88180225,8.802028215,8.749032011,8.458451855,0.052196566,0.044907978,0.072888467,0.08204705,0.065701614
2018-05-26T04:20:00Z,70.54301717,84.54515223,84.32824267,85.7386672,96.00908671,7.379651019,8.272197918,8.776655632,8.85048416,8.359934918,0.062618664,0.053938152,0.043579126,0.080339134,0.075204553
2018-05-26T04:30:00Z,75.85703689,91.70409418,89.44834641,96.7537448,104.1273596,8.05530009,8.453026608,9.127994896,8.106166781,8.107447947,0.064541435,0.046937341,0.056537234,0.059494172,0.035866316
2018-05-26T04:40:00Z,73.74112449,82.21222605,83.76750217,91.46354317,98.17837621,7.320448098,7.829875702,8.140189166,8.457209037,7.862455594,0.055294884,0.05011939,0.057479802,0.057681129,0.055409218
2018-05-26T04:50:00Z,73.4005485,88.93110049,99.0552643,94.3561593,99.85005781,6.984067478,7.752825216,8.280765303,8.520270447,8.107564714,0.079127363,0.059065619,0.035681,0.051579664,0.040482632
2018-05-26T05:00:00Z,79.31847563,89.64879275,91.06228708,105.2110268,112.4356741,6.787487504,7.149952009,8.235796362,8.238873533,8.570778145,0.075442533,0.058511788,0.04547881,0.046141179,0.036921759
2018-05-26T05:10:00Z,83.35106272,92.67436952,100.7664616,104.7841028,109.9681692,6.983388249,7.438218838,7.658467825,8.166889666,8.419981054,0.043892918,0.058786572,0.058984031,0.062809533,0.032406398
2018-05-26T05:20:00Z,82.60572044,84.85929185,94.78257207,101.5055831,109.8652411,7.00454675,7.206821148,7.908822374,8.259824799,7.997982561,0.039000355,0.048954179,0.055946472,0.050844441,0.03517648
2018-05-26T05:30:00Z,78.6605986,84.6476413,95.94111682,100.1477052,109.3117451,7.983645641,7.974864142,8.307143829,8.693782023,8.958880229,0.061753379,0.051174079,0.037619009,0.044783984,0.043610941
2018-05-26T05:40:00Z,78.26103184,81.53142676,93.01798603,104.8041327,100.8079267,8.03076345,7.798336156,8.133410238,8.650990671,9.002199876,0.046469394,0.027919858,0.039865783,0.041219061,0.040893954
2018-05-26T05:50:00Z,79.97764974,91.53271157,92.16135082,101.2889505,99.44379659,7.883900756,8.138416034,7.978381504,8.114631763,8.705559987,0.043595211,0.051302552,0.047190912,0.055533665,0.042522827
2018-05-26T06:00:00Z,68.37129261,83.75702647,94.09525638,96.08626222,100.1115693,7.960527714,7.927256254,8.041908356,8.234356551,8.330695006,0.05099223,0.054756222,0.03862431,0.047946456,0.046471309
2018-05-26T06:10:00Z,70.96287071,82.37632729,87.27567948,92.52659321,106.9532106,7.998220452,8.418156674,8.112135276,7.97610176,8.115607138,0.040961062,0.05438291,0.038065617,0.042175252,0.04049596
2018-05-26T06:20:00Z,71.74971963,85.941291,84.54352867,93.90548434,103.9830577,7.66784078,8.074248713,7.913578111,7.960404051,8.484203396,0.042983847,0.027067644,0.034281396,0.033625605,0.043898296
2018-05-26T06:30:00Z,72.11816171,73.41560449,79.24694765,89.86530847,95.08446012,8.111472914,8.704513825,8.702208995,8.245692583,8.434955315,0.052683047,0.031122455,0.042257524,0.034990939,0.047337766
2018-05-26T06:40:00Z,72.39558368,73.66806217,81.45141105,89.35802247,91.00320627,8.287490272,8.756187011,8.570083173,8.322702254,8.161518057,0.048585413,0.052465296,0.0471448,0.027313518,0.028929479
2018-05-26T06:50:00Z,71.72413534,75.89544736,89.65794791,92.52991746,104.0150499,8.25852455,8.159638469,8.221907872,7.943667539,8.20370351,0.043972315,0.040644037,0.041987974,0.030180285,0.025769264
2018-05-26T07:00:00Z,80.48299726,79.11946171,84.89554012,82.28902242,98.47838406,8.653665028,8.50424693,8.1543337,7.648972958,8.129861622,0.04328445,0.039506485,0.038228314,0.042500978,0.03816089
2018-05-26T07:10:00Z,73.37628525,74.42816407,88.38253141,90.82764999,102.0860401,7.977688848,8.33512281,7.958819246,7.235321459,7.248514886,0.042087829,0.051815757,0.04523584,0.052749186,0.054677513
2018-05-26T07:20:00Z,66.50040099,72.30309742,80.99562226,86.59060007,94.01055654,8.132554673,8.4465714,7.869359566,7.08971317,6.894394998,0.064034461,0.040858449,0.055036193,0.074825386,0.050689872
2018-05-26T07:30:00Z,64.65766691,69.72507573,71.86383069,79.20396408,85.14569531,8.635387769,8.095074984,8.122289021,7.234162355,7.08578655,0.02611025,0.03927478,0.035606158,0.051147273,0.044992112
2018-05-26T07:40:00Z,62.98878746,65.93675651,75.77708804,86.7377234,86.04546965,9.014278758,8.724950743,8.187481257,7.383434506,6.633534822,0.037074382,0.053561367,0.038785554,0.043626243,0.046227215
2018-05-26T07:50:00Z,65.57868812,71.84932181,72.55142224,77.1744721,86.09391043,8.845872979,7.998862516,8.040472607,7.682432374,6.951754013,0.033429823,0.038583535,0.048031108,0.057308553,0.036312025
2018-05-26T08:00:00Z,62.40377751,63.48786772,77.8087546,75.2905314,81.95338654,8.230762592,8.669246815,8.364877574,7.599936258,6.949406044,0.047470869,0.039398214,0.043223348,0.04085949,0.043421477
2018-05-26T08:10:00Z,65.57061824,66.2491196,71.08563585,77.26618998,78.22457906,7.994034917,8.293097467,7.933636742,7.485273855,7.010482616,0.039105181,0.044469425,0.049318848,0.044553787,0.041935912
2018-05-26T08:20:00Z,57.50793928,73.96784421,75.75867546,78.70174445,76.94578583,8.77243413,8.635507942,8.533769584,7.570008436,7.018231404,0.042878745,0.02845456,0.050308104,0.03519351,0.039959624
2018-05-26T08:30:00Z,62.25529144,67.7300965,72.23114093,80.12064083,82.29091411,8.697970088,8.793825881,8.409307587,8.143007214,7.432040803,0.04967244,0.042922064,0.039043716,0.040029884,0.051254781
2018-05-26T08:40:00Z,68.50350013,76.37424598,74.6921013,78.73751026,82.3279563,8.493042951,8.832190526,8.248435025,7.617262954,7.191385254,0.052203476,0.06369402,0.04696016,0.056953031,0.04754377
2018-05-26T08:50:00Z,65.45491199,70.09999721,72.11158921,76.35423875,77.26165359,8.035993163,8.721991568,8.438147488,7.714476336,7.453090775,0.052157733,0.052212416,0.042461227,0.050922428,0.049880303
2018-05-26T09:00:00Z,66.10386646,71.19623862,71.56760793,80.52670726,81.46711341,8.271975067,8.264132826,7.691023221,7.162496577,6.570265744,0.068623605,0.061678762,0.057081931,0.045870274,0.066835972
2018-05-26T09:10:00Z,63.24124028,73.03401757,78.77328271,81.52723889,82.64106793,8.656986721,8.654231466,8.397619034,7.813304743,7.33432822,0.041547336,0.061817546,0.060836131,0.050013319,0.051790542
2018-05-26T09:20:00Z,64.45419977,72.1336965,65.72948752,77.03324043,81.23803246,8.722368152,8.685452756,8.014021873,8.072558066,7.809219876,0.039609496,0.054617568,0.062955489,0.045374268,0.046472973
2018-05-26T09:30:00Z,57.0272881,67.65709523,69.89403857,74.25932264,79.42485692,8.215591375,8.275000608,8.236826805,8.082005787,7.688722518,0.038331894,0.0626954,0.061028896,0.062939421,0.056768444
2018-05-26T09:40:00Z,61.04846855,59.76742653,73.12440016,76.20312303,76.81927404,7.786716208,8.126180238,7.892218583,7.519352191,7.124864138,0.064262278,0.061254622,0.050015445,0.064836445,0.052983905
2018-05-26T09:50:00Z,59.96328248,63.98713323,65.97067554,76.22119771,74.50166414,7.477843828,8.264677069,8.061441547,7.420721357,7.138763071,0.061778201,0.053668173,0.066302288,0.046622509,0.046869786
2018-05-26T10:00:00Z,63.35952172,60.46299869,67.84063483,70.8091346,83.3620391,7.649025069,8.124720145,8.873572778,7.946283818,7.296400398,0.089702092,0.048754356,0.048542758,0.075138374,0.042456517
2018-05-26T10:10:00Z,59.12788229,59.66403539,64.83794448,70.80639742,71.91585348,8.169536344,8.600880311,9.01717227,8.439595977,8.263845207,0.052815396,0.05813439,0.043779891,0.051071398,0.068186114
2018-05-26T10:20:00Z,57.11180558,62.31220587,61.77333179,65.94529597,71.46295143,7.739280434,8.62674263,8.680217285,8.364753896,8.607799728,0.066269553,0.053641966,0.051241998,0.061772849,0.047109298
2018-05-26T10:30:00Z,53.36277139,64.63611206,68.30495923,69.08393413,67.22229632,7.093240297,8.031683912,8.630524801,8.807930353,8.407224385,0.095969422,0.06208323,0.051305917,0.058792116,0.076287052
2018-05-26T10:40:00Z,53.51142114,60.70705775,59.79420124,68.76103559,65.17646593,7.195315844,7.671917663,8.339521397,8.86589872,9.156905329,0.07886183,0.049991603,0.085615371,0.057850117,0.048829103
2018-05-26T10:50:00Z,49.06125319,51.03126646,56.08828183,61.72366115,59.8580788,7.82356504,8.03336656,8.519978177,8.777221071,9.059366433,0.086349826,0.092963869,0.073834786,0.06198574,0.054843706
2018-05-26T11:00:00Z,43.14943061,47.25482477,46.95812802,50.92169298,57.14403556,7.630702937,8.220693957,8.911675771,9.195597002,8.932431189,0.08792492,0.077658387,0.091297666,0.077161014,0.09688227
2018-05-26T11:10:00Z,42.91277399,46.96527946,54.78779633,55.17290246,58.80671997,7.705967687,7.962907026,8.302679946,8.834426491,8.790290717,0.095984008,0.080384228,0.057408426,0.103024417,0.084104766
2018-05-26T11:20:00Z,43.81441731,46.20466613,56.33874329,53.46751924,56.85823747,8.229526306,8.313835401,8.746666304,9.054825567,9.304600888,0.11808232,0.077140593,0.069232874,0.05631135,0.077344937
2018-05-26T11:30:00Z,45.57209395,45.56290522,52.08603033,52.12124116,54.16526597,8.336719715,8.287348159,9.198048369,9.48307958,9.665392033,0.087162999,0.06592604,0.080967089,0.046630279,0.082238862
2018-05-26T11:40:00Z,41.86291522,46.51739347,51.87174576,50.24950501,52.9942743,7.99464705,8.219911025,8.74150326,9.624020559,9.621626609,0.073521396,0.076009755,0.08661815,0.060205554,0.0587245
2018-05-26T11:50:00Z,40.50543117,44.74736268,48.18341147,51.75471562,56.02781566,7.840855617,7.876286051,8.576091445,8.913307659,9.0429614,0.053530909,0.062524166,0.045868783,0.052328041,0.05786136
2018-05-26T12:00:00Z,40.06314235,41.58149344,48.0466328,42.5613117,50.29389218,8.124089341,7.92177175,8.481609965,8.457656787,8.987523143,0.050273159,0.079904125,0.070960341,0.0587202,0.071244479
2018-05-26T12:10:00Z,37.48460788,41.62728962,46.41585997,45.91272166,49.68474107,8.291701209,8.27919872,8.668291521,9.044098311,9.277597954,0.063500963,0.048786989,0.07827776,0.062990611,0.076160653
2018-05-26T12:20:00Z,38.2033481,35.31125126,44.35740295,46.07093928,53.6821856,8.449144483,8.546958912,9.008665406,9.117439974,9.558146897,0.052418532,0.081931508,0.064385085,0.061891308,0.057565786
2018-05-26T12:30:00Z,38.64202421,39.10639946,46.97605553,50.59841423,49.99472063,8.531158138,8.324569515,8.64714564,9.242519266,9.014831979,0.067386541,0.064615533,0.085100138,0.091900045,0.085054149
2018-05-26T12:40:00Z,35.55718014,40.35398731,45.69260274,45.46596556,52.60926139,8.596912491,8.253932311,8.741943939,8.93385033,8.937052486,0.061815884,0.048519253,0.063436484,0.068878259,0.069121299
2018-05-26T12:50:00Z,37.97477994,41.63281778,45.02576074,46.98641267,51.605919,7.957903362,7.918755428,8.445192537,8.273732009,8.431164151,0.068395849,0.071065395,0.054559497,0.085775629,0.067189711
2018-05-26T13:00:00Z,35.94450996,42.82824815,45.06283157,49.38791362,54.85284914,7.879023656,7.799521266,8.351784462,8.530068135,8.546076953,0.08337381,0.078584918,0.068939352,0.031747296,0.06642092
2018-05-26T13:10:00Z,36.4128985,39.07310822,46.53647406,49.79743295,52.15097371,8.233761768,8.298824598,8.205294609,8.453075325,8.851506909,0.07375659,0.060626921,0.062577655,0.069503697,0.062300849
2018-05-26T13:20:00Z,36.87121058,37.73745042,45.61535274,47.04835898,54.15353115,7.907217781,8.07397232,8.37990217,8.684694811,8.41971551,0.087231031,0.077972869,0.074697858,0.053254244,0.061716416
2018-05-26T13:30:00Z,38.49335053,44.25793046,42.87406661,50.16796981,52.66423744,7.65224844,7.33469055,7.742347169,7.969260767,8.470177496,0.056537566,0.062268271,0.055993305,0.075217656,0.064461299
2018-05-26T13:40:00Z,33.38536264,38.38101104,43.52608199,46.58524543,52.02594654,7.393606857,7.344427078,7.46531258,7.680892765,8.234149461,0.049289065,0.059613954,0.064240614,0.056804005,0.060030712
2018-05-26T13:50:00Z,32.4013762,33.15413353,45.54934645,43.08213442,52.9187927,7.335373525,7.020333852,7.170745131,7.7927862,8.34491412,0.078239489,0.100963691,0.05838909,0.0714635,0.080994015
2018-05-26T14:00:00Z,34.1570585,37.22211241,41.22118444,44.03731105,45.93467602,7.512014538,7.511088993,7.737208187,8.151146429,8.301833523,0.091379781,0.068657911,0.086769251,0.057157057,0.047175173
2018-05-26T14:10:00Z,34.21892562,39.26135357,41.53937215,43.74075045,45.54687043,7.708903163,7.472040847,7.598921554,7.787067373,8.270291035,0.06585875,0.059720773,0.078263713,0.071094589,0.041109246
2018-05-26T14:20:00Z,32.20410554,37.84814855,40.24880334,37.96704266,43.89465767,8.010763897,7.271661784,7.564471283,7.709395612,8.140777099,0.080492982,0.088187105,0.091940183,0.06174356,0.06706463
2018-05-26T14:30:00Z,30.34064489,35.22682994,41.10240546,41.51889309,44.68437819,8.027168729,7.282962804,7.375289996,7.853827022,8.406862832,0.080981407,0.119545054,0.084185682,0.071635652,0.048248639
2018-05-26T14:40:00Z,30.35740885,36.7860236,39.25061377,43.93018798,45.95225406,9.200477286,8.177907721,7.760680198,8.326463213,8.72981462,0.101205651,0.104814528,0.08558502,0.070907479,0.089882213
2018-05-26T14:50:00Z,34.02508591,34.72677612,40.12910375,46.12374784,44.3989543,8.914568653,8.024057945,7.92594554,8.581780126,8.639086867,0.104066577,0.090852082,0.087246522,0.058609347,0.084467984
2018-05-26T15:00:00Z,32.79368876,34.64467178,38.53426254,42.20913356,48.5292946,9.085589236,7.992134772,8.255689881,8.971855497,9.218296045,0.092123729,0.08915005,0.059088101,0.095117089,0.070968044
2018-05-26T15:10:00Z,29.41010267,33.07264028,33.48437018,40.32472011,40.03607565,8.950640155,8.485142969,7.729798346,8.416344163,8.949631295,0.13942127,0.1008165,0.085416751,0.08014311,0.063512635
2018-05-26T15:20:00Z,28.89603054,36.26618242,41.09152718,44.41839531,45.84371557,9.534754781,8.116539569,7.700341618,7.965221327,8.361542642,0.096094157,0.077478826,0.108486386,0.108235141,0.07670248
2018-05-26T15:30:00Z,27.65306395,34.26590445,39.45685136,41.61562977,46.26202583,9.532599419,8.418433436,7.741656532,7.9060317,8.720171301,0.128401193,0.121019765,0.082135089,0.103140308,0.087908305
2018-05-26T15:40:00Z,30.40619727,33.22887649,42.48075775,41.72232394,46.90770348,9.507021375,8.739887459,7.869461619,8.352292822,8.721490015,0.076332274,0.104184534,0.099522803,0.095573255,0.095985035
2018-05-26T15:50:00Z,29.63186597,36.16199656,42.22578783,47.84255712,45.99797349,9.264309815,8.136980587,7.894156915,8.265558474,8.76530933,0.107484524,0.118034137,0.100669735,0.081400307,0.084480113
2018-05-26T16:00:00Z,33.21537136,38.98164938,43.28567159,44.11437193,49.48799159,9.520434758,8.07707225,7.806468643,8.139516029,8.881346948,0.092042486,0.092312663,0.071879455,0.076497758,0.063493591
2018-05-26T16:10:00Z,37.33360064,42.88608155,50.1932169,51.74827571,52.51413772,9.571579603,8.495004872,8.079096157,8.288199369,8.59028231,0.078507708,0.061329681,0.084396022,0.095747279,0.096840544
2018-05-26T16:20:00Z,40.67182263,43.17477661,51.42045881,52.57438618,54.07462975,10.2533237,10.09763325,8.207764994,8.268707014,8.819530956,0.114423334,0.205263546,0.07843279,0.100379046,0.109004863
2018-05-26T16:30:00Z,40.89948108,45.72432355,49.50120124,50.22065571,53.13487898,10.35748334,9.473291869,8.362089766,8.760530399,8.880200534,0.131943003,0.085430424,0.104246545,0.101738672,0.116930834
2018-05-26T16:40:00Z,41.24609079,38.45075285,48.86972545,51.06093977,59.39016419,10.18578416,9.070468551,8.274976527,8.657604445,9.049618962,0.089975683,0.176641636,0.132275802,0.059889664,0.130541485
2018-05-26T16:50:00Z,39.56835542,39.81874056,50.70366459,56.80798668,57.76229978,10.72817814,9.293998299,9.020919521,9.30452989,9.44007894,0.092992521,0.093930854,0.110302278,0.093177974,0.063987361
2018-05-26T17:00:00Z,41.65175118,47.77125427,51.52664981,59.52883874,54.01168835,10.35860291,9.659228365,8.414046814,9.059190981,9.83902542,0.138274549,0.123183351,0.099194628,0.101416852,0.094391404
2018-05-26T17:10:00Z,43.54464856,45.38390441,52.59174276,63.24777514,67.44798371,10.15911598,9.31762198,8.452429784,9.182534451,10.30243206,0.159644138,0.085457627,0.072059507,0.086658152,0.083562133
2018-05-26T17:20:00Z,40.3462248,48.98419418,55.6214172,62.35886466,63.86846624,10.32945329,8.804560059,8.802100712,9.222619228,10.15141604,0.099451188,0.11649051,0.075937286,0.099335342,0.078762881
2018-05-26T17:30:00Z,43.11241001,48.58226134,59.03650567,64.17871847,68.1762682,10.29835567,9.158742795,9.090124372,9.946177442,10.70057764,0.087341203,0.111228639,0.100930794,0.062565696,0.091908265
2018-05-26T17:40:00Z,46.71568434,55.51982123,58.10231536,61.19005627,68.32493983,9.253649936,8.634206364,9.719090481,10.36794678,10.2224805,0.092281687,0.077247855,0.077741516,0.080007696,0.096219395
2018-05-26T17:50:00Z,51.63770447,51.30166939,57.61484304,66.16864461,73.43551465,9.133917639,8.928822357,9.855464351,10.32124435,11.24146949,0.078560579,0.114871572,0.077922099,0.083719259,0.076339309
2018-05-26T18:00:00Z,52.26342617,51.28379482,57.36809099,66.80558553,67.11503334,9.250221536,9.112605781,10.4536537,11.1192949,11.16445024,0.076049908,0.066591095,0.068865568,0.061557635,0.054118569
2018-05-26T18:10:00Z,52.32338621,55.0373516,63.63344174,64.75788568,69.07397384,9.279063989,9.746015803,10.31133041,10.92474267,10.8427039,0.076226761,0.073350934,0.056937581,0.068814794,0.062905823
2018-05-26T18:20:00Z,55.0047946,56.0756231,58.46801435,64.99958246,74.00705808,9.696119578,9.800481596,10.490809,11.08380408,11.65605885,0.06882866,0.060391827,0.057849844,0.063978793,0.060341525
2018-05-26T18:30:00Z,50.76989688,56.77230719,63.82283722,75.3465755,75.05387057,9.567663679,10.12814841,10.53116136,11.1260206,11.57332751,0.072469093,0.069138126,0.066768636,0.075585847,0.0557284
2018-05-26T18:40:00Z,56.33792777,62.00466061,60.99499609,68.95666185,72.26393117,9.546685192,9.743917136,10.68285417,10.57425318,11.2070846,0.06786098,0.060819853,0.06583603,0.054008347,0.04527316
2018-05-26T18:50:00Z,60.33205037,56.19472059,62.81146421,77.17534418,70.12290246,8.841789966,10.13513565,10.48193036,11.44094616,11.44433083,0.055576518,0.069509827,0.069077557,0.063801004,0.052208576
2018-05-26T19:00:00Z,57.72084225,65.72788965,64.66328386,75.27238962,89.63979419,8.581189502,9.543786964,11.21866698,11.79736455,11.84888252,0.071938387,0.087210538,0.0679691,0.049766531,0.046054917
2018-05-26T19:10:00Z,62.85749866,56.63120923,77.8928526,82.64609421,82.56399262,8.768314593,10.1901045,11.51923903,11.35912548,11.50095159,0.078609984,0.050281077,0.049508345,0.046728494,0.064632834
2018-05-26T19:20:00Z,60.69544492,63.19595527,69.47502862,81.39312115,76.6569914,8.811148574,10.51351611,11.44524938,12.36175473,12.23871631,0.057573726,0.066928624,0.0607503,0.049550041,0.038221573
2018-05-26T19:30:00Z,61.45370311,65.77743473,68.64904792,74.54573076,80.47162579,9.706217254,11.37535471,11.93222547,12.02723849,12.5681738,0.09107466,0.065185755,0.060479557,0.057863611,0.04926044
2018-05-26T19:40:00Z,58.76443332,68.37867466,74.35617069,79.43743384,76.97869193,10.48938365,11.45327096,12.26723829,12.57338075,12.3507353,0.050886005,0.046150737,0.06273195,0.071443301,0.068888442
2018-05-26T19:50:00Z,59.58363471,61.42640637,71.44645328,71.89985796,84.5851217,9.844432308,11.79276957,12.39063189,12.61612436,12.77433721,0.047564641,0.04687673,0.057529457,0.060103987,0.071514885
2018-05-26T20:00:00Z,72.0580879,67.07675953,65.01366295,73.57062729,69.94459125,11.00284852,13.08770124,13.15482183,13.60158284,13.10691409,0.083719759,0.063635854,0.056975104,0.069697033,0.072212794
2018-05-26T20:10:00Z,69.28480204,68.34622938,77.74397155,73.9208528,73.85295184,11.85317681,14.05881807,14.28515852,13.6505131,12.67295643,0.064468521,0.059497923,0.064585532,0.050984332,0.073444259
2018-05-26T20:20:00Z,76.79564754,78.10762547,75.11969972,78.8948715,80.15097678,12.287431,14.34308338,13.27743777,13.27126495,14.1062967,0.04420923,0.070257526,0.075018577,0.062711434,0.074169774
2018-05-26T20:30:00Z,79.61676464,75.2308091,81.9277189,85.87129466,76.91166804,12.58069455,14.55635873,13.05171863,13.79821072,13.77233147,0.042167876,0.059182832,0.077300809,0.061853681,0.058745351
2018-05-26T20:40:00Z,67.81970652,77.99919701,78.51302308,79.13552211,81.07659368,12.15841788,13.74937257,12.74265779,13.4473284,14.15881291,0.073727061,0.085482778,0.078261877,0.095955662,0.071616061
2018-05-26T20:50:00Z,68.63487977,72.67272401,77.58435696,73.48976162,84.44597068,11.97791026,14.54763926,13.59708178,13.89512987,13.58072732,0.087669442,0.069827615,0.057505273,0.073809348,0.075842623
2018-05-26T21:00:00Z,71.7138659,81.38889952,76.97135083,75.10479365,81.34692373,12.75904162,13.98975997,13.84489039,13.35280859,13.93405661,0.076836754,0.055136296,0.100524542,0.074215907,0.07346537
2018-05-26T21:10:00Z,72.21949794,78.00624514,81.19399042,83.17112418,84.9774344,12.44527252,13.48788811,14.12808715,14.35534975,15.01518503,0.076570308,0.062169147,0.080078734,0.07218935,0.077425208
2018-05-26T21:20:00Z,84.07638822,80.76669703,74.53318506,75.68331082,86.02523977,11.44517243,12.93242657,14.18939845,14.7893233,14.42359975,0.072390238,0.066809298,0.065715682,0.070147557,0.074773861
2018-05-26T21:30:00Z,80.76865552,76.77349979,83.09365427,84.1251096,81.63839937,12.05874265,13.19567163,13.86128923,14.67730995,15.13544853,0.073793308,0.060806044,0.066945,0.072756431,0.061071526
2018-05-26T21:40:00Z,80.74776556,74.71734058,79.42263422,85.5093282,81.08421811,12.01821361,13.6095299,14.70667732,15.36035065,15.96490347,0.060599154,0.051292765,0.064392853,0.071070602,0.057305098
2018-05-26T21:50:00Z,77.0391996,74.37017873,81.95975917,81.81922487,83.50853255,12.04592094,14.57798225,15.64934621,15.89579354,16.37342645,0.080658796,0.096068969,0.079566461,0.084701159,0.046406539
2018-05-26T22:00:00Z,86.2630566,84.60313359,86.35297622,82.80348857,83.92561762,11.80420145,14.12645952,15.50975904,15.03889527,16.93824196,0.053739255,0.065315484,0.06525539,0.064181454,0.072246989
2018-05-26T22:10:00Z,76.56799292,82.44738163,80.79275126,89.62190417,85.88181739,12.43703125,13.92114313,15.35616479,15.79450722,16.29493736,0.073467223,0.06862666,0.086185332,0.08614189,0.064203163
2018-05-26T22:20:00Z,77.94642802,83.29834197,82.08856741,89.1197978,87.00317646,12.04819898,13.30347479,14.85695764,15.81890985,16.10662168,0.070824997,0.076658868,0.09791797,0.084760828,0.08062123
2018-05-26T22:30:00Z,76.64897246,85.07975283,88.53627856,90.42649751,90.24180641,12.48411572,13.95097895,15.21733252,15.08059937,15.32486164,0.105315946,0.080208323,0.069039309,0.06942808,0.071962306
2018-05-26T22:40:00Z,86.26621698,91.17636665,91.44823687,83.02847588,89.19520788,12.17423327,13.63129046,14.25364031,14.99741066,16.1407324,0.062026517,0.083051696,0.073815722,0.075888855,0.100971806
2018-05-26T22:50:00Z,81.32595219,85.17473372,92.72837037,88.92662521,96.58337783,11.4807221,12.66671644,14.56959791,15.00353115,15.36922211,0.090296821,0.069768763,0.074965898,0.088556641,0.078285996
2018-05-26T23:00:00Z,74.5331533,77.08400989,90.44921118,96.04962296,84.64021348,11.14724588,12.76555821,14.55901931,14.81719258,15.01887732,0.07920954,0.080078619,0.077628711,0.089409143,0.0941107
2018-05-26T23:10:00Z,78.11208962,81.0082048,84.36478751,91.46193507,83.64865038,10.86509734,12.93709324,14.18317257,14.55537667,15.53543621,0.124389205,0.073931326,0.071305783,0.083599388,0.106125151
2018-05-26T23:20:00Z,71.42439474,75.35465534,76.19519455,82.78591588,81.77421237,10.84670186,12.68162546,14.23067863,14.36633312,14.92496481,0.091132561,0.060087917,0.108985705,0.112934922,0.121860468
2018-05-26T23:30:00Z,63.03948411,74.1816942,69.07867122,81.7950431,83.71033956,10.65603775,12.63886657,13.93059967,14.88166258,14.83823598,0.070121519,0.088186861,0.103860786,0.087378742,0.08689165
2018-05-26T23:40:00Z,69.26664786,75.80162562,78.76749013,79.74153802,82.03106807,10.33704865,11.99021931,13.74005946,14.37165639,13.97524892,0.126154596,0.087724253,0.088086046,0.106603724,0.091299965
2018-05-26T23:50:00Z,72.20865865,71.67734682,73.71633969,80.03583395,80.53368845,10.7146196,12.37930518,13.08699195,13.31411519,13.56243064,0.071141842,0.056883489,0.065634998,0.070748377,0.097685948