LOCATION: 
SYSTEM SERIAL: HKZMAST
TIMESTAMP (ISO-8601) UTC,WindDir030m deg,WindDir040m deg,WindDir060m deg,WindDir080m deg,WindDir100m deg,WindSpeed030mh m/s,WindSpeed040mh m/s,WindSpeed060mh m/s,WindSpeed080mh m/s,WindSpeed100mh m/s,TI 030m,TI 040m,TI 060m,TI 080m,TI 100m
2018-03-01T00:00:00Z,87.71091589,89.63031765,87.82709777,83.99210741,80.20026534,16.08491961,17.41246386,17.75790242,17.94267237,17.76572354,0.150144543,0.147400617,0.153315356,0.127854832,0.123182811
2018-03-01T00:10:00Z,94.71107333,87.59598926,93.29647029,88.86202495,98.96904614,15.83269062,16.69602009,17.17490196,17.84811549,18.00894302,0.143918197,0.138143473,0.169982383,0.161350422,0.146510521
2018-03-01T00:20:00Z,92.11927181,88.05069812,93.34412145,89.35956637,87.03676459,16.45767905,17.31063099,17.63427778,17.70201893,17.54206218,0.182069321,0.184408283,0.147168297,0.173677966,0.13761527
2018-03-01T00:30:00Z,92.41106531,94.51171497,89.09795716,91.1638413,89.38762899,16.94873158,16.85173547,17.24926607,16.60827831,17.90653967,0.159459402,0.132743483,0.105861224,0.144326251,0.1500915
2018-03-01T00:40:00Z,99.096965,100.1921595,103.1049005,97.99011362,89.05087289,17.61579531,17.51161468,18.57593506,17.6319935,17.23620828,0.105775464,0.136094843,0.13370228,0.145569783,0.124615266
2018-03-01T00:50:00Z,88.05567902,94.14729934,93.3052703,88.93296778,92.70519872,16.99333339,18.14029868,17.38670605,17.88199359,18.01356775,0.157050344,0.156538391,0.158801429,0.217843527,0.131146894
2018-03-01T01:00:00Z,87.62553893,86.90287682,91.15141527,92.18343047,93.21409811,16.81014045,16.44186007,16.47316351,18.09324741,18.14161095,0.120195178,0.109606307,0.128735814,0.100901685,0.106820822
2018-03-01T01:10:00Z,88.38695105,93.68142231,89.26186783,89.08594051,98.5176318,17.27636399,17.13061976,17.83722796,17.56540703,17.9179694,0.139228315,0.104072286,0.13520992,0.115685306,0.135931326
2018-03-01T01:20:00Z,89.40852579,94.40792581,91.07967312,90.91247384,98.14778469,18.16707784,17.71613679,18.3652497,19.57784831,19.51789004,0.099729349,0.151279938,0.152751021,0.148621936,0.11369295
2018-03-01T01:30:00Z,100.7582145,99.41163538,91.81844338,97.33813745,90.92239246,18.02227316,17.61729268,18.89142613,18.69727214,19.65157832,0.141115965,0.181417319,0.141329291,0.141290888,0.120370637
2018-03-01T01:40:00Z,93.24959998,85.5803589,101.3142607,98.78434222,99.77798405,17.45247716,17.24418629,18.05437916,18.47534732,19.00508598,0.15171446,0.137115034,0.128389273,0.094002306,0.118568456
2018-03-01T01:50:00Z,107.5216335,99.80189747,98.28094952,87.86865148,92.67773887,18.18911962,18.55816537,18.86557005,18.64409371,19.8118943,0.145599551,0.098277582,0.099371414,0.112205335,0.079986254
2018-03-01T02:00:00Z,94.38433272,92.25651996,93.96952377,91.35749098,92.99119142,17.91782144,18.75570719,18.91296546,19.44515059,18.34850727,0.095163713,0.143282494,0.150895327,0.091487429,0.123473794
2018-03-01T02:10:00Z,90.77704135,85.37873967,87.06492221,90.97501368,93.48473267,17.72382123,19.0907314,19.14461098,19.7951997,19.76920176,0.093770291,0.13856244,0.096061212,0.130282161,0.125932669
2018-03-01T02:20:00Z,98.18270578,95.84001505,88.37112317,92.36676317,87.36069011,18.08779762,17.96706642,18.10298574,18.41183655,18.72320003,0.151520562,0.138297297,0.121192603,0.111401881,0.137774587
2018-03-01T02:30:00Z,89.84799645,79.93676223,85.07174754,80.66096923,91.99183275,17.0674224,17.98440194,19.20306462,18.20882346,18.70309646,0.135159772,0.087107625,0.11497001,0.14748942,0.115733827
2018-03-01T02:40:00Z,101.6544208,97.03970163,91.93445129,95.59515871,98.3667377,17.76979869,17.45380101,17.62927678,18.26157905,19.1521183,0.137956577,0.171634539,0.130438443,0.137724604,0.111472668
2018-03-01T02:50:00Z,96.43332372,96.73411008,100.8948602,93.18249823,94.50717969,18.14810432,18.37213397,17.80055775,18.57791227,19.29180724,0.140306156,0.15201076,0.147747148,0.118888746,0.098975794
2018-03-01T03:00:00Z,92.81754371,91.43540597,91.28600574,91.36116529,96.72320613,17.43237211,18.13610739,19.29249907,18.87885725,20.1842153,0.121217924,0.119727457,0.135916978,0.076559069,0.128001758
2018-03-01T03:10:00Z,96.6809716,92.9591413,91.02628416,89.34290961,97.99286346,17.67555709,18.56797523,18.21595113,17.41289188,18.16995899,0.121916329,0.099717931,0.142902991,0.108769442,0.148026342
2018-03-01T03:20:00Z,98.864626,95.02154864,92.38450052,88.6450738,91.08848473,17.56528302,17.95915584,18.635089,18.55073535,18.43155652,0.188979968,0.189328048,0.113685719,0.133266314,0.10422621
2018-03-01T03:30:00Z,92.41092923,91.08528729,94.39431136,102.4586654,97.70139706,18.71427554,18.18340157,19.21758607,18.51978589,18.41152871,0.140918953,0.13559989,0.113147376,0.107273042,0.124746738
2018-03-01T03:40:00Z,87.04786194,83.36278701,92.37666398,95.37852189,90.5641421,17.14406848,17.33928632,18.03969702,18.88176612,18.395195,0.127493684,0.106223833,0.150718011,0.139019643,0.111721527
2018-03-01T03:50:00Z,96.3140065,92.37251832,94.38157211,94.13031964,90.62410723,16.16290372,17.14858494,19.3684069,17.81806569,18.88296849,0.154319403,0.171461248,0.124979363,0.140880355,0.126964582
2018-03-01T04:00:00Z,97.16659406,95.92876754,96.20651314,93.2834575,89.95971841,17.14854036,16.94815932,17.91020543,18.06468271,17.67347227,0.159507847,0.157420368,0.11439276,0.096569215,0.152935187
2018-03-01T04:10:00Z,99.26755712,91.24136309,94.53898482,92.75248724,92.38972497,16.6814096,17.38354286,17.64642126,18.51180567,18.80752529,0.127759547,0.143380442,0.14447808,0.134693635,0.152275097
2018-03-01T04:20:00Z,93.50886242,86.5662254,92.16903061,92.8905439,102.9561364,17.12375903,17.1192475,18.00505851,18.67394907,18.78950618,0.170375987,0.157784993,0.123182735,0.146597388,0.120118695
2018-03-01T04:30:00Z,89.17678729,86.90680829,88.45480666,86.02388826,88.04379942,18.71894945,18.50537848,19.70303786,19.14596211,19.18842063,0.163463051,0.110796058,0.104443703,0.159432803,0.116267967
2018-03-01T04:40:00Z,85.14897793,86.61521313,89.81017585,85.43489299,85.26555469,17.75046492,17.99742805,19.52515721,19.46234948,19.25855091,0.124796414,0.169911992,0.115239493,0.153019866,0.084941893
2018-03-01T04:50:00Z,96.79139298,83.14633226,93.20887081,96.0133068,96.53564069,18.39561477,18.51623102,20.65577709,19.48998216,20.7643298,0.157989249,0.146616571,0.119575938,0.135341775,0.126767608
2018-03-01T05:00:00Z,89.84063733,90.4098891,95.7903378,92.92873431,91.45992521,18.29942026,17.95454753,18.81303872,20.07485166,19.05223854,0.130083389,0.163817941,0.129367073,0.124942791,0.116247395
2018-03-01T05:10:00Z,92.52547441,87.20242221,87.73020248,92.85494508,88.91237221,17.92870856,17.88906844,19.46248823,19.55806167,19.36246499,0.107796962,0.158256307,0.156586197,0.129795699,0.101834737
2018-03-01T05:20:00Z,80.6219813,94.1342243,90.59475281,93.21052454,85.96891321,18.8743636,18.97950994,19.37023439,20.31913097,19.74254745,0.133372862,0.141033662,0.110991331,0.104372098,0.112060567
2018-03-01T05:30:00Z,76.7780249,83.82811733,83.0522315,92.8311411,82.853029,18.68657074,20.35366442,20.42889878,19.58474328,19.12808666,0.148082458,0.120836786,0.114117896,0.106045476,0.163580245
2018-03-01T05:40:00Z,83.38470801,79.28110229,83.18412474,80.38749208,86.31251187,18.3596754,18.63772801,18.6163924,19.79518747,19.29426777,0.136014075,0.16601246,0.118145442,0.102836403,0.177975098
2018-03-01T05:50:00Z,86.40938239,85.43856301,88.83260316,88.09455675,83.26228088,19.51211715,19.94113835,19.2485567,20.14731248,20.0162464,0.15794904,0.119286579,0.126414654,0.153238493,0.118697164
2018-03-01T06:00:00Z,85.57515794,87.38654883,86.1147383,89.60858215,82.30593821,19.23731692,20.03138063,20.37529078,19.27161557,19.27069711,0.153364343,0.144555825,0.129940216,0.133709245,0.184531308
2018-03-01T06:10:00Z,87.00084462,78.2629385,83.88716321,85.11799532,85.38888673,18.35191792,17.81609804,19.09067627,19.59475395,19.88684033,0.140666291,0.131180993,0.105771725,0.105667448,0.129161248
2018-03-01T06:20:00Z,87.07442518,83.87059493,76.48753454,84.79484833,89.52582374,18.74821121,19.51791017,19.72507671,20.8787106,19.96622494,0.137147197,0.151594534,0.12545558,0.133475274,0.120893186
2018-03-01T06:30:00Z,88.22436729,84.36042823,83.76063823,81.05531231,90.0909169,18.87954567,20.52725349,20.02381192,20.77297753,20.20954735,0.124390934,0.136878659,0.11806342,0.138588383,0.144566271
2018-03-01T06:40:00Z,85.8547615,83.52183084,82.25627977,88.79462585,93.31098333,19.24249324,18.24533211,18.35296701,20.23360994,20.19699822,0.13068508,0.125150478,0.150407202,0.168560886,0.122983592
2018-03-01T06:50:00Z,83.64132315,80.09667986,79.15075232,81.23172158,90.49790945,18.87252239,20.55957597,21.13733696,21.13309696,20.00540258,0.15208874,0.10850575,0.121372426,0.118467185,0.118675387
2018-03-01T07:00:00Z,90.24592074,83.23746006,82.03095487,88.14078301,86.13571147,18.55466766,19.74570435,19.26458826,19.66805635,20.08820328,0.126406375,0.09693899,0.094990149,0.117504238,0.154312925
2018-03-01T07:10:00Z,95.63977557,87.8335201,80.8012278,79.00801944,84.03988254,18.8037134,18.84204193,18.78835059,19.32156416,20.14351952,0.146053163,0.124113964,0.117415258,0.100629423,0.136109428
2018-03-01T07:20:00Z,83.62419271,90.73353855,85.12275992,86.20828682,84.59714615,20.09388836,20.40513426,20.04506895,20.09724923,20.0505451,0.092115355,0.131929718,0.118483201,0.115345623,0.122094773
2018-03-01T07:30:00Z,91.64605297,86.76793325,73.99591422,81.30290246,86.65715352,18.69540677,18.57835105,19.3473369,19.98815908,21.09129463,0.133208642,0.123921739,0.161373574,0.079883416,0.128946899
2018-03-01T07:40:00Z,86.93221662,83.6087723,81.82933329,86.63530393,90.24036986,19.20105395,20.21264455,19.91833332,20.12340976,20.13932062,0.103469428,0.123905274,0.134321895,0.134383804,0.111060786
2018-03-01T07:50:00Z,91.67649787,82.31453526,89.04091714,80.81700857,84.12703121,18.53031594,19.89069043,20.21557222,20.94850603,20.66719424,0.137449847,0.122616953,0.115180951,0.097520663,0.115087668
2018-03-01T08:00:00Z,81.92640294,84.04672696,94.16142399,90.947773,88.94556439,18.84574657,18.50676321,19.72044364,18.7684737,19.44262216,0.142657752,0.153952743,0.139315093,0.090483474,0.121497177
2018-03-01T08:10:00Z,81.59005927,85.74570314,89.9710031,93.92524208,90.65797921,18.20240347,19.89320553,19.96362797,20.12657358,20.31912174,0.131597455,0.102200934,0.099834925,0.103674234,0.157266852
2018-03-01T08:30:00Z,89.89062791,85.80437846,95.36287321,88.17062861,81.70878993,18.38328947,19.71884142,19.37294678,18.99751337,19.33497712,0.12480784,0.151529294,0.126565894,0.157962943,0.201089575
2018-03-01T08:40:00Z,85.249029,89.96522166,88.40002814,94.7393686,91.43740106,17.72547587,18.03622875,19.24174193,19.71345309,19.64904664,0.156481274,0.124906783,0.112441821,0.112460028,0.117157228
2018-03-01T08:50:00Z,93.62455752,89.87543832,92.94148237,92.72891325,86.47144492,18.51300798,20.01335539,20.15466221,20.42718311,20.86555599,0.151875178,0.130106125,0.147765953,0.105015546,0.123960446
2018-03-01T09:00:00Z,84.15641144,84.74347311,92.78243026,92.88665901,89.79639441,18.81378747,19.5072589,20.65942397,20.73296381,20.88286266,0.16972266,0.116555762,0.149196711,0.09973576,0.113399105
2018-03-01T09:10:00Z,92.85083043,96.67730149,94.84201206,90.23331115,88.95169171,18.33192419,19.99764823,20.86089458,20.57022695,20.3895759,0.109065409,0.133123512,0.10896099,0.143480057,0.130097445
2018-03-01T09:20:00Z,89.8664827,91.54399159,85.83838553,88.88838983,89.76215131,18.66948919,19.56229566,20.04565509,21.04110085,19.37371589,0.113881496,0.160422979,0.136391032,0.121063981,0.112357832
2018-03-01T09:30:00Z,81.16943581,88.90682868,80.83183641,88.69097018,85.82857242,18.92417254,19.6923974,20.05948961,19.05108172,19.75480446,0.161575545,0.148243854,0.116996949,0.142729453,0.178400502
2018-03-01T09:40:00Z,89.03557531,77.4195128,87.73192873,87.86523329,87.07545517,17.62642162,19.95291103,20.16870068,19.89562951,20.07914217,0.141464161,0.162525337,0.1392111,0.138502739,0.154074772
2018-03-01T09:50:00Z,90.98364382,94.75654096,90.42298119,87.99484262,89.78461465,18.96019918,18.58116527,19.33960323,19.98575226,19.49773184,0.141386377,0.166793127,0.108512152,0.108200327,0.152563641
2018-03-01T10:00:00Z,88.25798109,85.74614294,88.85543069,82.027613,93.76948403,17.53431819,18.62464762,18.93618573,19.43458708,19.41177813,0.14886587,0.183598351,0.123125602,0.159981752,0.139639154
2018-03-01T10:10:00Z,90.8484496,94.80461443,84.83867675,85.55237647,89.773174,19.05837249,18.19622118,18.35655573,18.09979011,19.39440926,0.120244547,0.108601246,0.171042407,0.107134479,0.079609438
2018-03-01T10:20:00Z,93.59966094,86.48143922,89.80719739,89.55457322,85.09597335,18.2405615,19.04505174,18.63994359,19.66033334,19.17268951,0.121231102,0.096724575,0.13307339,0.119499402,0.120385308
2018-03-01T10:30:00Z,86.30365641,83.67647291,82.81530709,88.49167394,93.03758804,17.55264059,18.1353186,18.50405068,18.43038866,18.46206114,0.132075723,0.152940669,0.116741187,0.145494685,0.120469968
2018-03-01T10:40:00Z,90.12308968,86.72187858,86.25106098,94.39695683,89.05776798,17.68045639,18.06744493,18.41700281,18.9584714,19.05061913,0.120593819,0.153222195,0.118313051,0.139611282,0.123792156
2018-03-01T10:50:00Z,88.57611245,85.80555253,94.54582113,87.40921888,90.9072165,17.8392125,19.25267646,19.01823801,18.83919204,17.86587367,0.136012491,0.147079312,0.131772741,0.157849879,0.132429982
2018-03-01T11:00:00Z,91.53469614,82.51785119,93.0429332,85.87706769,92.67983149,18.10955954,18.12016128,17.82116662,17.67980995,19.3147453,0.119153568,0.127630568,0.104460975,0.158293359,0.11178211
2018-03-01T11:10:00Z,83.7928472,84.3137762,91.08476506,92.49556945,91.49259388,19.28584846,18.21812747,18.62117109,19.50120599,18.54132729,0.114726727,0.113864627,0.114878888,0.130244242,0.143484815
2018-03-01T11:20:00Z,94.2822796,92.1549476,93.3479984,87.47579457,94.71324958,17.97271733,17.81810943,17.38874676,18.04366587,19.01692782,0.117904081,0.105840025,0.110761904,0.152846301,0.14415211
2018-03-01T11:30:00Z,92.90373454,92.41605437,92.61801357,91.99860642,89.59684105,16.88960063,16.8313084,17.38211199,17.20843552,18.61214008,0.127559648,0.148407474,0.17616286,0.164604077,0.132708233
2018-03-01T11:40:00Z,96.11012917,84.95401634,88.39258139,95.03553364,89.85285779,17.58402055,18.23576423,18.36914629,17.61064948,18.63942386,0.153455304,0.160763404,0.13649142,0.159811435,0.140374824
2018-03-01T11:50:00Z,80.9987497,83.49553112,84.64274854,89.11649574,87.88812708,17.90756851,17.43461614,18.43046321,18.47136498,18.8877043,0.128564774,0.124880959,0.173526501,0.144916941,0.115903298
2018-03-01T12:00:00Z,78.58987556,87.39325123,85.8948305,81.65004567,84.40113433,17.85657283,18.22701839,18.68722567,18.25623133,18.55004512,0.149838492,0.105360325,0.120447762,0.121254652,0.121336889
2018-03-01T12:10:00Z,86.64683036,95.2267539,91.82901078,91.11501865,90.76687927,18.36972464,17.84496196,19.22762705,17.57087343,19.3459359,0.137486274,0.127791098,0.128169075,0.144833924,0.092396992
2018-03-01T12:20:00Z,92.258737,83.93368772,91.11275225,91.41380558,94.53993595,18.03751953,18.70363656,19.3710565,19.117251,19.56609908,0.125177253,0.121745496,0.125920381,0.133778438,0.101651014
2018-03-01T12:30:00Z,90.34327501,97.43728505,93.23821372,95.91887218,86.73772848,18.03817508,17.61911838,18.6415137,18.41054225,19.39914659,0.140134302,0.152188678,0.159675538,0.132302557,0.152597573
2018-03-01T12:40:00Z,89.64756641,98.49326526,94.29885805,95.61836944,95.84806732,17.83416893,18.02553373,19.62620278,19.62473899,19.76568242,0.133687752,0.155913251,0.142792803,0.107050732,0.117090784
2018-03-01T12:50:00Z,90.67276889,99.06190468,92.32597392,95.93751416,99.71761171,17.40104662,17.93695539,18.71492334,18.03912731,19.35143049,0.150431602,0.119169024,0.158161064,0.121341259,0.095054811
2018-03-01T13:00:00Z,93.5014071,97.74296338,97.78823262,102.5120371,102.2360625,17.64375302,17.54673406,18.33601629,18.3648791,19.07439656,0.136290324,0.113232757,0.110233335,0.086688148,0.139485484
2018-03-01T13:10:00Z,94.0138706,85.93845939,85.88992616,91.38057104,93.5694288,17.38104072,17.43333377,18.37026263,18.77951081,19.0034145,0.099569419,0.104983794,0.125785023,0.110660195,0.113114979
2018-03-01T13:20:00Z,95.87513471,99.7139751,94.65444525,92.16786095,93.33196235,17.01701651,18.04823607,18.84959177,17.87109134,18.61611558,0.15156092,0.131431063,0.10906592,0.116871301,0.1184282
2018-03-01T13:30:00Z,99.6435594,100.8065277,97.09845188,90.86006014,94.71013763,18.56429887,18.06298284,17.4542242,17.54166847,19.04232812,0.120686193,0.112233106,0.162323245,0.119126647,0.109367879
2018-03-01T13:40:00Z,98.45158009,94.4973864,86.65730028,92.69938668,92.77040893,16.60202222,17.01602962,17.60556835,17.13548056,17.04666096,0.123363232,0.114213658,0.124090949,0.134403961,0.134046737
2018-03-01T13:50:00Z,91.06047336,96.86880934,90.94001692,89.17233219,91.68237632,17.21997372,18.01816947,18.32571309,18.52608048,18.80721401,0.13430702,0.143294085,0.105168753,0.132232762,0.105442634
2018-03-01T14:00:00Z,98.7627798,92.96093608,95.12922758,96.53202424,92.46737878,16.76303155,17.73646876,18.3192186,18.26136759,18.83787659,0.133018704,0.134733783,0.145512806,0.095350496,0.145337066
2018-03-01T14:10:00Z,92.33935651,89.24078073,86.83107237,101.5363078,90.57737252,17.57297704,17.25395082,17.77919359,18.31020074,18.46140519,0.130443428,0.124647146,0.142893036,0.149031227,0.11922015
2018-03-01T14:20:00Z,85.85284119,88.19424969,82.74577646,96.47976581,86.70820588,18.55751143,17.73357495,18.03648231,19.62123193,19.60735011,0.089448708,0.124973485,0.109064777,0.106660947,0.13807577
2018-03-01T14:30:00Z,87.6894845,83.67423539,93.48363788,90.99143358,93.82628178,18.54021216,19.34834915,18.7938217,19.68543433,18.70078529,0.18740883,0.158378632,0.136629731,0.084231823,0.111938408
2018-03-01T14:40:00Z,89.73892852,84.53383487,91.2015415,93.73197962,97.99641681,18.49693086,18.64695047,20.08837298,20.47030442,19.72132044,0.128122195,0.104461027,0.097687047,0.135194956,0.127212358
2018-03-01T14:50:00Z,90.08295155,85.09171944,90.94913683,89.13025642,98.10196968,17.82399825,17.70249637,18.15219852,17.77132228,18.77588588,0.153692962,0.113938139,0.151874526,0.127213435,0.113858135
2018-03-01T15:00:00Z,93.87535656,93.42335919,90.75355438,93.07432693,85.82401764,16.90526124,18.24170687,18.78312017,18.72878031,19.18270977,0.141000642,0.111565854,0.123851967,0.122085361,0.126311183
2018-03-01T15:10:00Z,90.7575563,95.74982124,101.1452493,94.40431159,96.77424989,17.6263623,18.74647745,19.01286745,19.85046323,20.50401863,0.113233354,0.123856647,0.142882075,0.093400269,0.109106374
2018-03-01T15:20:00Z,90.74780531,105.7382948,102.4746791,93.6291017,99.78758465,18.93902084,18.67118354,17.93121523,18.22190756,19.17860957,0.157664397,0.120396714,0.108433201,0.109568213,0.107738369
2018-03-01T15:30:00Z,101.4039479,94.06539006,88.52549511,91.81783479,90.42820297,19.56303013,19.37181813,18.48710693,20.01958319,19.20698359,0.110080853,0.138558761,0.142837393,0.15664029,0.148786447
2018-03-01T15:40:00Z,97.96327704,89.87514567,93.40104435,94.25920373,97.82627153,17.10296401,18.03985458,17.91699026,18.74591547,18.07392516,0.180602045,0.177566498,0.095301676,0.11050182,0.155987523
2018-03-01T15:50:00Z,99.73413019,94.8294168,98.49095255,93.74902377,92.55699827,16.88931802,17.83651944,18.17139532,18.14843699,19.30830347,0.176410296,0.121567825,0.160380864,0.11656131,0.084871014
2018-03-01T16:00:00Z,100.8663308,103.7544466,95.61515618,106.1913684,91.0312102,18.13436644,18.2656155,18.64285486,18.10815403,18.66247635,0.120923494,0.125430941,0.171400122,0.149714521,0.168704356
2018-03-01T16:10:00Z,97.66101796,101.536108,96.18771233,97.24847994,98.76779167,18.3319577,19.22735049,19.49253162,20.16253255,18.7142028,0.167067957,0.127682781,0.15176206,0.157477581,0.14832722
2018-03-01T16:20:00Z,93.59544551,99.12059727,93.59161312,100.1267687,88.39777075,17.10870659,18.03305276,17.61309343,18.59480096,18.56325392,0.142697894,0.123696263,0.169201069,0.168452391,0.108458413
