LOCATION: 
SYSTEM SERIAL: HKZB
TIMESTAMP (ISO-8601) UTC,WindDir004m deg,WindDir030m deg,WindDir040m deg,WindDir040m_ref deg,WindDir060m deg,WindDir080m deg,WindDir100m deg,WindDir120m deg,WindDir140m deg,WindDir160m deg,WindDir180m deg,WindDir200m deg,WindGust004m m/s,WindSpeed004m m/s,WindSpeed030mh m/s,WindSpeed040mh m/s,WindSpeed040m_refh m/s,WindSpeed060mh m/s,WindSpeed080mh m/s,WindSpeed100mh m/s,WindSpeed120mh m/s,WindSpeed140mh m/s,WindSpeed160mh m/s,WindSpeed180mh m/s,WindSpeed200mh m/s,TI 030m,TI 040m,TI 040m ref,TI 060m,TI 080m,TI 100m,TI 120m,TI 140m,TI 160m,TI 180m,TI 200m
2016-07-18T00:00:00Z,190.54688,193.35938,190.54688,191.25,184.21875,183.16406,184.92188,186.67969,188.4375,191.60156,181.05469,157.14844,3.75,3.28125,4.51172,4.57031,4.57031,4.74609,4.62891,4.16016,3.92578,3.86719,3.16406,2.8125,2.51953,0.058594,0.05249,0.064697,0.054932,0.068359,0.114746,0.126953,0.263672,0.500488,0.498047,0.477295
2016-07-18T00:10:00Z,192.65625,193.71094,190.19531,188.78906,182.8125,183.16406,185.625,188.08594,207.07031,226.75781,121.64063,119.88281,3.75,3.33984,4.57031,4.62891,4.6875,4.6875,4.39453,3.75,3.16406,1.93359,1.40625,1.69922,2.16797,0.068359,0.058594,0.05127,0.053711,0.067139,0.076904,0.155029,0.411377,0.299072,0.670166,0.646973
2016-07-18T00:20:00Z,188.78906,190.54688,186.32813,187.38281,182.10938,184.57031,183.16406,185.625,214.10156,239.76563,260.85938,99.49219,3.92578,3.39844,4.62891,4.74609,4.74609,4.74609,4.27734,3.63281,2.57813,1.40625,1.17188,1.17188,1.34766,0.054932,0.067139,0.050049,0.061035,0.083008,0.089111,0.212402,0.275879,0.238037,0.186768,0.202637
2016-07-18T00:30:00Z,185.27344,189.49219,186.32813,187.03125,184.57031,185.625,186.32813,189.49219,207.42188,228.86719,259.80469,273.51563,4.16016,3.33984,4.86328,4.92188,4.92188,4.74609,3.92578,3.16406,2.28516,1.52344,1.28906,1.28906,1.28906,0.053711,0.056152,0.063477,0.072021,0.079346,0.091553,0.137939,0.219727,0.205078,0.184326,0.19043
2016-07-18T00:40:00Z,190.19531,194.0625,190.54688,191.60156,190.19531,195.82031,190.89844,208.47656,228.51563,250.3125,264.02344,105.11719,4.04297,3.57422,4.86328,4.92188,4.98047,4.39453,3.45703,2.57813,1.93359,1.64063,1.58203,1.52344,1.69922,0.074463,0.045166,0.063477,0.056152,0.102539,0.100098,0.109863,0.158691,0.157471,0.181885,0.161133
2016-07-18T00:50:00Z,196.52344,196.52344,194.0625,193.71094,192.65625,198.63281,191.25,214.10156,240.46875,260.50781,269.64844,133.24219,3.63281,3.10547,4.27734,4.27734,4.27734,3.80859,2.8125,1.99219,1.52344,1.34766,1.64063,1.81641,2.57813,0.081787,0.073242,0.064697,0.068359,0.097656,0.10498,0.217285,0.328369,0.428467,0.404053,0.600586
2016-07-18T01:00:00Z,196.52344,198.98438,196.875,197.57813,192.30469,193.35938,191.60156,195.82031,220.42969,254.53125,210.9375,168.39844,3.10547,2.69531,4.33594,4.27734,4.33594,4.10156,3.22266,2.16797,1.40625,1.23047,1.23047,1.99219,3.63281,0.058594,0.080566,0.073242,0.152588,0.129395,0.117188,0.197754,0.330811,0.395508,0.500488,0.426025
2016-07-18T01:10:00Z,195.82031,201.79688,198.28125,200.39063,195.82031,195.46875,198.98438,192.30469,214.80469,240.82031,238.71094,163.47656,3.33984,2.8125,4.86328,4.86328,4.86328,4.6875,3.98438,2.8125,2.10938,1.40625,1.40625,2.05078,3.22266,0.083008,0.067139,0.064697,0.072021,0.133057,0.145264,0.134277,0.20752,0.356445,0.415039,0.441895
2016-07-18T01:20:00Z,202.14844,203.90625,203.90625,204.25781,198.28125,202.85156,196.875,212.69531,239.0625,275.27344,288.63281,118.125,3.57422,3.16406,4.98047,4.6875,4.62891,4.16016,3.22266,2.34375,1.64063,1.34766,1.46484,1.52344,1.81641,0.054932,0.05127,0.076904,0.078125,0.112305,0.133057,0.166016,0.17334,0.219727,0.183105,0.280762
2016-07-18T01:30:00Z,202.14844,206.01563,204.96094,203.20313,203.90625,200.39063,201.09375,198.28125,210.23438,251.71875,276.67969,112.14844,3.63281,3.16406,5.27344,5.15625,5.21484,4.57031,3.92578,2.8125,2.16797,1.81641,1.46484,1.52344,1.875,0.048828,0.083008,0.100098,0.098877,0.123291,0.274658,0.163574,0.230713,0.216064,0.217285,0.379639
2016-07-18T01:40:00Z,201.79688,207.77344,202.5,204.60938,204.96094,199.33594,199.6875,193.00781,209.17969,232.73438,262.96875,130.07813,3.69141,3.28125,5.27344,4.92188,5.03906,4.45313,3.80859,2.92969,2.34375,1.81641,1.40625,1.46484,1.75781,0.070801,0.081787,0.072021,0.102539,0.114746,0.159912,0.126953,0.181885,0.273438,0.200195,0.460205
2016-07-18T01:50:00Z,205.3125,209.88281,206.36719,206.36719,204.60938,205.66406,204.60938,193.00781,197.92969,216.5625,217.26563,175.42969,3.69141,3.28125,5.39063,5.09766,5.21484,4.62891,4.04297,3.22266,2.57813,2.10938,1.69922,1.75781,2.22656,0.046387,0.073242,0.054932,0.072021,0.080566,0.131836,0.113525,0.15625,0.257568,0.288086,0.252686
2016-07-18T02:00:00Z,208.47656,207.77344,208.125,208.47656,207.07031,207.77344,207.77344,204.96094,201.09375,221.83594,214.10156,162.07031,3.92578,3.45703,5.39063,5.44922,5.39063,4.80469,4.27734,3.63281,2.75391,2.22656,1.52344,1.52344,1.69922,0.058594,0.065918,0.050049,0.111084,0.057373,0.090332,0.117188,0.141602,0.244141,0.319824,0.324707
2016-07-18T02:10:00Z,211.64063,212.34375,213.39844,212.69531,209.17969,208.47656,210.58594,208.82813,215.85938,211.99219,222.53906,131.83594,4.04297,3.57422,5.50781,5.44922,5.39063,5.03906,4.51172,3.86719,3.04688,2.10938,1.875,2.63672,3.92578,0.058594,0.043945,0.058594,0.045166,0.062256,0.083008,0.119629,0.202637,0.344238,0.629883,0.645752
2016-07-18T02:20:00Z,215.50781,218.32031,215.50781,215.50781,210.9375,211.99219,210.9375,218.32031,238.00781,255.23438,141.67969,300.9375,4.04297,3.57422,5.15625,4.92188,5.03906,4.57031,4.16016,3.45703,2.28516,1.64063,1.58203,2.8125,5.68359,0.056152,0.065918,0.079346,0.075684,0.089111,0.074463,0.197754,0.26001,0.240479,0.441895,0.300293
2016-07-18T02:30:00Z,219.72656,223.24219,220.42969,220.42969,216.91406,214.10156,215.15625,236.60156,270.35156,273.16406,163.125,255.58594,3.57422,3.10547,4.62891,4.27734,4.39453,3.80859,3.22266,2.51953,1.34766,1.34766,1.69922,1.875,3.39844,0.059814,0.080566,0.080566,0.093994,0.100098,0.167236,0.24292,0.253906,0.467529,0.388184,0.556641
2016-07-18T02:40:00Z,228.16406,225.70313,226.40625,224.64844,222.53906,220.78125,218.32031,234.84375,271.05469,259.45313,191.25,285.11719,3.04688,2.57813,4.74609,4.33594,4.51172,3.69141,3.28125,2.92969,1.75781,1.28906,1.64063,3.57422,7.08984,0.078125,0.070801,0.073242,0.090332,0.08667,0.080566,0.279541,0.213623,0.357666,0.233154,0.22583
2016-07-18T02:50:00Z,226.75781,223.94531,224.29688,225.0,225.0,224.29688,221.13281,226.75781,250.66406,242.92969,183.51563,281.60156,3.16406,2.87109,4.80469,4.45313,4.51172,3.98438,3.51563,3.22266,2.22656,1.58203,1.99219,3.39844,5.56641,0.070801,0.056152,0.065918,0.065918,0.126953,0.072021,0.307617,0.380859,0.466309,0.349121,0.290527
2016-07-18T03:00:00Z,225.35156,224.29688,227.10938,228.51563,228.51563,231.32813,227.46094,227.8125,265.78125,238.00781,162.07031,284.41406,2.92969,2.57813,4.57031,4.27734,4.39453,3.75,3.33984,2.87109,2.16797,1.28906,2.10938,3.39844,5.09766,0.059814,0.068359,0.070801,0.078125,0.089111,0.096436,0.192871,0.174561,0.385742,0.379639,0.390625
2016-07-18T03:10:00Z,227.8125,227.8125,227.8125,227.8125,230.97656,233.08594,228.86719,234.14063,270.0,284.76563,286.52344,297.77344,3.28125,2.75391,4.74609,4.39453,4.51172,3.92578,3.33984,3.04688,1.99219,1.34766,1.46484,1.75781,2.16797,0.064697,0.062256,0.067139,0.074463,0.081787,0.102539,0.251465,0.258789,0.258789,0.158691,0.192871
2016-07-18T03:20:00Z,226.40625,232.03125,233.08594,232.73438,233.4375,237.30469,233.78906,235.54688,273.51563,287.92969,304.80469,307.61719,3.04688,2.69531,4.51172,4.62891,4.6875,4.04297,3.63281,3.04688,2.28516,1.28906,1.46484,1.81641,2.22656,0.079346,0.089111,0.047607,0.065918,0.109863,0.092773,0.279541,0.206299,0.147705,0.117188,0.129395
2016-07-18T03:30:00Z,236.60156,236.60156,239.0625,238.71094,242.22656,244.33594,237.30469,249.96094,281.25,291.79688,300.9375,313.59375,3.04688,2.63672,4.57031,4.45313,4.39453,3.86719,3.39844,2.87109,1.81641,1.40625,1.52344,2.22656,2.75391,0.074463,0.076904,0.080566,0.089111,0.129395,0.142822,0.380859,0.140381,0.140381,0.185547,0.206299
2016-07-18T03:40:00Z,239.41406,240.11719,242.22656,240.82031,246.44531,244.6875,239.0625,281.95313,300.23438,308.32031,303.39844,308.32031,2.8125,2.28516,4.33594,4.27734,4.10156,3.51563,2.92969,2.22656,1.28906,1.46484,2.16797,2.87109,3.63281,0.043945,0.058594,0.081787,0.097656,0.078125,0.170898,0.214844,0.169678,0.240479,0.209961,0.220947
2016-07-18T03:50:00Z,239.41406,240.11719,245.74219,246.79688,247.5,248.90625,241.17188,258.39844,284.76563,296.01563,304.10156,313.24219,3.28125,2.63672,4.92188,4.74609,4.6875,4.39453,3.45703,2.98828,1.99219,1.875,1.99219,2.63672,3.33984,0.070801,0.063477,0.076904,0.102539,0.090332,0.146484,0.22583,0.131836,0.126953,0.106201,0.151367
2016-07-18T04:00:00Z,239.0625,241.52344,248.20313,248.55469,247.14844,245.74219,245.74219,279.14063,298.82813,305.15625,313.59375,320.27344,3.22266,2.63672,4.33594,4.21875,4.27734,3.75,3.28125,2.57813,1.58203,1.75781,2.05078,2.8125,3.51563,0.06958,0.081787,0.085449,0.123291,0.083008,0.157471,0.203857,0.108643,0.135498,0.177002,0.144043
2016-07-18T04:10:00Z,239.76563,243.28125,249.25781,249.96094,249.96094,248.90625,251.01563,286.17188,301.99219,309.02344,316.75781,322.03125,2.57813,2.16797,3.98438,3.92578,3.92578,3.39844,2.98828,2.16797,1.64063,1.93359,2.40234,3.28125,3.98438,0.075684,0.075684,0.063477,0.089111,0.135498,0.250244,0.195313,0.150146,0.153809,0.151367,0.10376
2016-07-18T04:20:00Z,229.57031,238.00781,245.39063,245.74219,248.90625,246.09375,239.0625,277.38281,303.75,313.24219,310.07813,317.46094,2.51953,2.10938,3.80859,3.75,3.75,3.33984,2.8125,2.16797,1.46484,1.64063,2.05078,2.51953,3.28125,0.068359,0.061035,0.064697,0.092773,0.093994,0.219727,0.270996,0.161133,0.150146,0.155029,0.187988
2016-07-18T04:30:00Z,233.08594,240.46875,243.63281,241.875,251.01563,255.9375,254.17969,259.80469,277.03125,293.55469,299.88281,306.21094,2.57813,2.05078,3.92578,4.16016,4.10156,3.92578,3.39844,2.69531,2.28516,2.10938,2.28516,2.40234,2.8125,0.047607,0.062256,0.059814,0.095215,0.109863,0.167236,0.245361,0.201416,0.147705,0.157471,0.153809
2016-07-18T04:40:00Z,236.95313,244.33594,247.14844,246.09375,258.39844,260.50781,258.75,270.35156,288.28125,305.15625,310.42969,311.13281,2.46094,2.10938,3.80859,3.80859,3.92578,3.69141,3.39844,2.92969,2.51953,2.28516,2.40234,2.63672,2.87109,0.076904,0.05127,0.067139,0.062256,0.096436,0.101318,0.216064,0.163574,0.101318,0.108643,0.145264
2016-07-18T04:50:00Z,242.92969,249.96094,253.47656,253.47656,262.61719,265.78125,264.02344,278.78906,299.88281,308.32031,315.70313,322.03125,2.28516,1.93359,3.39844,3.57422,3.57422,3.63281,3.33984,2.8125,2.34375,2.16797,2.40234,2.8125,3.28125,0.063477,0.064697,0.062256,0.048828,0.065918,0.10498,0.174561,0.08667,0.091553,0.114746,0.112305
2016-07-18T05:00:00Z,242.92969,248.55469,249.60938,248.90625,262.26563,267.89063,268.59375,267.89063,273.16406,276.67969,281.60156,285.11719,2.22656,1.875,3.39844,3.57422,3.57422,3.57422,3.57422,3.16406,2.87109,2.75391,2.69531,2.69531,2.69531,0.056152,0.058594,0.05249,0.057373,0.062256,0.075684,0.108643,0.169678,0.163574,0.106201,0.093994
2016-07-18T05:10:00Z,244.6875,249.25781,250.3125,248.90625,259.10156,267.53906,270.0,268.94531,268.59375,270.35156,272.10938,269.64844,2.51953,1.99219,3.69141,3.98438,3.98438,3.69141,3.80859,3.51563,3.45703,3.33984,3.28125,3.10547,3.22266,0.056152,0.050049,0.054932,0.048828,0.072021,0.057373,0.073242,0.084229,0.107422,0.095215,0.091553
2016-07-18T05:20:00Z,246.09375,254.17969,253.82813,255.23438,259.80469,270.35156,274.57031,276.67969,278.08594,283.71094,296.36719,306.5625,2.46094,1.99219,3.51563,3.69141,3.80859,3.45703,3.57422,3.39844,3.28125,3.16406,3.28125,3.28125,3.45703,0.059814,0.064697,0.070801,0.061035,0.058594,0.063477,0.072021,0.111084,0.079346,0.093994,0.135498
2016-07-18T05:30:00Z,254.53125,260.50781,263.32031,261.5625,270.0,279.14063,285.46875,293.20313,309.72656,320.625,326.95313,331.17188,1.99219,1.75781,3.39844,3.57422,3.63281,3.39844,3.45703,3.33984,3.16406,3.22266,3.51563,3.69141,4.04297,0.065918,0.075684,0.061035,0.050049,0.078125,0.090332,0.130615,0.100098,0.102539,0.095215,0.083008
2016-07-18T05:40:00Z,269.29688,271.05469,270.70313,272.46094,274.92188,283.71094,289.6875,295.66406,317.8125,329.76563,333.28125,336.44531,2.10938,1.81641,3.39844,3.63281,3.75,3.57422,3.80859,3.86719,3.75,3.69141,4.04297,4.27734,4.45313,0.068359,0.070801,0.057373,0.073242,0.073242,0.080566,0.059814,0.102539,0.076904,0.075684,0.075684
2016-07-18T05:50:00Z,271.05469,269.29688,268.94531,269.29688,276.67969,285.11719,286.875,291.44531,310.07813,328.00781,332.92969,333.63281,2.46094,2.05078,3.45703,3.92578,3.86719,3.86719,3.92578,3.86719,3.63281,3.45703,3.80859,4.10156,4.16016,0.074463,0.058594,0.084229,0.067139,0.06958,0.075684,0.10498,0.074463,0.123291,0.064697,0.091553
2016-07-18T06:00:00Z,273.86719,272.8125,274.57031,275.27344,282.30469,292.85156,299.88281,311.83594,316.75781,321.32813,323.4375,323.4375,2.16797,1.875,3.22266,3.80859,3.80859,3.80859,3.92578,3.86719,3.80859,3.80859,3.98438,3.92578,3.86719,0.059814,0.10376,0.073242,0.073242,0.070801,0.107422,0.081787,0.093994,0.093994,0.070801,0.06958
2016-07-18T06:10:00Z,279.14063,278.78906,280.54688,279.84375,288.63281,295.66406,310.42969,324.84375,329.41406,330.11719,330.46875,330.82031,2.51953,1.875,3.51563,3.75,3.75,3.98438,3.80859,3.86719,4.04297,4.21875,4.21875,4.27734,4.10156,0.080566,0.076904,0.064697,0.057373,0.08667,0.067139,0.068359,0.070801,0.073242,0.072021,0.076904
2016-07-18T06:20:00Z,277.38281,277.73438,284.41406,281.95313,293.20313,305.85938,318.51563,322.73438,326.25,331.52344,334.33594,335.39063,2.63672,2.05078,3.16406,3.69141,3.63281,3.75,3.51563,3.45703,3.63281,3.80859,3.86719,3.75,3.69141,0.057373,0.096436,0.075684,0.067139,0.089111,0.102539,0.089111,0.100098,0.112305,0.080566,0.084229
2016-07-18T06:30:00Z,272.8125,279.14063,285.11719,285.46875,300.9375,320.27344,327.30469,331.17188,333.28125,336.09375,338.55469,338.90625,2.10938,1.69922,2.92969,3.39844,3.45703,3.51563,3.45703,3.75,3.63281,3.63281,3.69141,3.69141,3.63281,0.06958,0.065918,0.061035,0.072021,0.06958,0.056152,0.068359,0.064697,0.056152,0.059814,0.058594
2016-07-18T06:40:00Z,282.65625,285.46875,291.44531,290.74219,312.1875,325.54688,330.11719,333.98438,338.20313,340.3125,341.36719,342.07031,2.22656,1.81641,2.87109,3.33984,3.39844,3.28125,3.57422,3.63281,3.75,3.80859,3.80859,3.75,3.75,0.070801,0.084229,0.087891,0.090332,0.072021,0.065918,0.102539,0.072021,0.085449,0.081787,0.05127
2016-07-18T06:50:00Z,287.57813,290.39063,303.04688,301.64063,323.08594,337.5,339.96094,342.07031,343.125,345.23438,344.88281,344.53125,2.22656,1.58203,2.75391,2.98828,3.10547,3.22266,3.80859,3.98438,3.80859,3.69141,3.69141,3.63281,3.63281,0.10376,0.078125,0.074463,0.074463,0.106201,0.118408,0.093994,0.067139,0.073242,0.068359,0.080566
2016-07-18T07:00:00Z,290.03906,295.3125,303.04688,303.75,317.10938,327.30469,333.28125,336.79688,338.90625,339.60938,339.60938,339.96094,2.63672,1.875,3.22266,3.45703,3.45703,3.51563,3.92578,4.04297,3.92578,3.80859,3.75,3.69141,3.63281,0.114746,0.075684,0.078125,0.075684,0.072021,0.075684,0.059814,0.090332,0.064697,0.081787,0.062256
2016-07-18T07:10:00Z,295.3125,295.66406,306.5625,305.50781,321.67969,326.60156,330.11719,338.20313,340.3125,340.3125,339.25781,339.25781,2.69531,2.10938,3.10547,3.28125,3.22266,3.51563,3.45703,3.45703,3.57422,3.51563,3.33984,3.22266,3.16406,0.081787,0.068359,0.057373,0.05249,0.081787,0.06958,0.080566,0.062256,0.074463,0.06958,0.085449
2016-07-18T07:20:00Z,278.78906,289.6875,303.04688,302.34375,322.38281,332.57813,337.5,342.42188,341.71875,339.25781,338.55469,337.85156,2.8125,1.99219,2.87109,2.98828,2.92969,2.87109,2.87109,2.75391,2.8125,2.69531,2.63672,2.63672,2.57813,0.073242,0.074463,0.06958,0.108643,0.108643,0.113525,0.095215,0.124512,0.095215,0.115967,0.093994
2016-07-18T07:30:00Z,283.35938,298.82813,307.96875,307.26563,317.8125,328.00781,337.14844,339.25781,340.66406,340.3125,339.96094,335.39063,2.75391,2.22656,3.22266,3.45703,3.39844,3.57422,3.28125,2.98828,2.87109,2.87109,2.8125,2.75391,2.8125,0.096436,0.065918,0.062256,0.074463,0.079346,0.079346,0.067139,0.081787,0.072021,0.083008,0.085449
2016-07-18T07:40:00Z,282.65625,297.07031,305.85938,304.45313,319.21875,333.63281,338.55469,340.66406,339.60938,337.14844,337.85156,337.85156,2.75391,2.10938,2.98828,3.10547,3.10547,3.04688,2.75391,2.63672,2.57813,2.51953,2.51953,2.57813,2.57813,0.057373,0.073242,0.072021,0.085449,0.067139,0.076904,0.063477,0.073242,0.080566,0.067139,0.062256
2016-07-18T07:50:00Z,288.98438,301.28906,309.02344,309.72656,321.32813,325.19531,328.71094,333.28125,336.44531,337.5,336.79688,335.74219,2.69531,2.16797,3.28125,3.45703,3.51563,3.75,3.51563,3.28125,2.98828,2.75391,2.63672,2.57813,2.63672,0.065918,0.072021,0.073242,0.081787,0.081787,0.089111,0.090332,0.096436,0.074463,0.080566,0.079346
2016-07-18T08:00:00Z,296.01563,309.02344,317.8125,316.05469,328.71094,335.39063,338.90625,339.60938,342.77344,342.07031,343.47656,342.07031,2.87109,2.22656,2.87109,3.28125,3.28125,3.57422,3.63281,3.28125,3.04688,2.8125,2.75391,2.63672,2.63672,0.074463,0.064697,0.074463,0.062256,0.03418,0.067139,0.054932,0.070801,0.064697,0.072021,0.063477
2016-07-18T08:10:00Z,296.01563,303.04688,311.48438,309.02344,325.54688,332.22656,336.79688,335.74219,339.60938,338.55469,339.60938,336.09375,2.46094,1.99219,2.69531,3.16406,3.10547,3.63281,3.86719,3.57422,3.28125,2.92969,2.75391,2.57813,2.57813,0.062256,0.084229,0.061035,0.05249,0.057373,0.080566,0.068359,0.106201,0.080566,0.079346,0.073242
2016-07-18T08:20:00Z,298.125,311.13281,318.86719,318.86719,329.0625,336.44531,339.25781,340.66406,343.125,342.77344,341.36719,340.3125,2.40234,1.93359,2.40234,2.8125,2.69531,3.45703,3.75,3.51563,3.22266,2.92969,2.63672,2.57813,2.46094,0.145264,0.112305,0.107422,0.091553,0.067139,0.075684,0.047607,0.075684,0.070801,0.083008,0.083008
2016-07-18T08:30:00Z,303.39844,312.89063,318.16406,317.10938,326.60156,337.14844,338.55469,340.3125,342.77344,340.3125,339.60938,334.33594,1.93359,1.58203,2.16797,2.63672,2.57813,3.22266,3.51563,3.39844,3.16406,2.75391,2.51953,2.40234,2.57813,0.107422,0.068359,0.115967,0.091553,0.064697,0.072021,0.081787,0.089111,0.063477,0.100098,0.084229
2016-07-18T08:40:00Z,300.23438,307.61719,314.29688,312.1875,323.4375,332.92969,334.6875,336.44531,335.74219,331.52344,327.30469,322.73438,2.22656,1.81641,2.28516,2.63672,2.57813,3.22266,3.33984,3.28125,2.92969,2.57813,2.40234,2.40234,2.63672,0.109863,0.073242,0.072021,0.072021,0.047607,0.063477,0.084229,0.096436,0.095215,0.062256,0.062256
2016-07-18T08:50:00Z,305.50781,315.0,319.57031,318.16406,325.89844,335.74219,338.90625,338.90625,339.60938,341.01563,336.79688,329.41406,2.51953,2.05078,2.69531,2.98828,2.92969,3.57422,3.92578,3.98438,4.04297,3.98438,3.63281,3.04688,2.63672,0.106201,0.10376,0.112305,0.065918,0.090332,0.067139,0.093994,0.12207,0.161133,0.174561,0.102539
2016-07-18T09:00:00Z,310.07813,317.8125,319.92188,320.97656,323.78906,331.17188,333.98438,334.6875,333.28125,335.39063,333.63281,328.35938,3.10547,2.51953,3.16406,3.45703,3.33984,4.04297,4.16016,4.10156,4.16016,4.16016,3.86719,3.16406,2.57813,0.072021,0.05249,0.083008,0.056152,0.081787,0.074463,0.058594,0.067139,0.114746,0.202637,0.115967
2016-07-18T09:10:00Z,310.42969,315.0,316.75781,316.75781,320.625,329.76563,329.0625,329.76563,329.41406,328.00781,323.4375,320.97656,2.92969,2.34375,2.69531,2.87109,2.8125,3.45703,3.22266,3.39844,3.10547,2.75391,2.28516,2.16797,2.16797,0.109863,0.097656,0.097656,0.081787,0.096436,0.100098,0.150146,0.181885,0.151367,0.101318,0.08667
2016-07-18T09:20:00Z,309.375,315.70313,315.70313,317.10938,322.73438,329.0625,327.30469,328.35938,327.30469,322.03125,320.625,317.8125,2.75391,2.16797,2.16797,2.34375,2.34375,2.92969,2.92969,3.33984,2.98828,2.46094,1.93359,1.93359,1.99219,0.157471,0.134277,0.129395,0.080566,0.084229,0.067139,0.113525,0.13916,0.115967,0.091553,0.112305
2016-07-18T09:30:00Z,310.42969,324.49219,324.49219,323.4375,325.54688,331.17188,331.875,329.41406,330.11719,328.71094,322.73438,318.86719,2.22656,1.875,1.93359,2.16797,2.10938,2.75391,2.92969,3.33984,3.51563,3.22266,2.87109,2.22656,1.875,0.128174,0.114746,0.142822,0.084229,0.075684,0.092773,0.087891,0.140381,0.240479,0.294189,0.159912
2016-07-18T09:40:00Z,311.48438,318.51563,320.27344,319.57031,323.08594,327.30469,328.00781,328.00781,326.25,325.54688,315.0,307.96875,2.34375,1.93359,1.875,2.22656,2.16797,2.8125,3.04688,3.39844,3.39844,3.22266,2.87109,1.99219,1.81641,0.158691,0.133057,0.170898,0.123291,0.083008,0.085449,0.113525,0.126953,0.157471,0.251465,0.19165
2016-07-18T09:50:00Z,299.17969,301.64063,306.91406,307.61719,316.05469,322.03125,324.84375,322.38281,319.57031,312.1875,296.01563,291.09375,1.99219,1.34766,1.34766,1.64063,1.58203,2.10938,2.69531,2.8125,2.63672,2.22656,1.875,1.34766,1.28906,0.255127,0.185547,0.17334,0.128174,0.107422,0.10376,0.092773,0.129395,0.371094,0.234375,0.200195
2016-07-18T10:00:00Z,307.96875,318.86719,319.57031,318.86719,320.625,323.08594,324.49219,325.54688,323.78906,320.27344,319.57031,312.53906,2.40234,1.69922,2.05078,2.22656,2.22656,2.87109,3.10547,3.45703,3.51563,3.33984,3.10547,2.75391,2.40234,0.125732,0.126953,0.129395,0.10498,0.076904,0.081787,0.097656,0.128174,0.161133,0.214844,0.194092
2016-07-18T10:10:00Z,312.1875,316.05469,321.32813,319.57031,319.92188,322.03125,322.03125,324.49219,321.67969,322.38281,321.32813,321.67969,2.40234,1.81641,2.05078,2.22656,2.16797,2.63672,3.16406,3.22266,3.28125,3.33984,3.22266,3.16406,2.92969,0.195313,0.144043,0.153809,0.126953,0.135498,0.124512,0.083008,0.079346,0.075684,0.08667,0.130615
2016-07-18T10:20:00Z,314.29688,320.27344,320.625,320.27344,322.73438,322.73438,322.03125,320.27344,320.625,321.32813,320.27344,318.51563,3.16406,2.34375,2.69531,2.8125,2.75391,3.10547,3.57422,4.16016,4.04297,3.75,3.45703,3.28125,3.22266,0.131836,0.078125,0.091553,0.089111,0.087891,0.054932,0.080566,0.089111,0.062256,0.084229,0.098877
2016-07-18T10:30:00Z,317.8125,323.78906,328.00781,326.95313,326.25,328.35938,325.89844,323.08594,319.92188,322.03125,318.51563,320.625,2.98828,2.22656,2.57813,2.75391,2.69531,2.87109,3.22266,3.33984,3.51563,3.22266,3.10547,2.8125,2.8125,0.227051,0.196533,0.181885,0.134277,0.090332,0.12207,0.081787,0.08667,0.087891,0.141602,0.092773
2016-07-18T10:40:00Z,324.14063,335.03906,335.03906,335.39063,336.44531,337.14844,337.5,331.17188,327.65625,324.49219,325.19531,323.4375,3.63281,2.92969,3.04688,3.04688,3.04688,3.04688,3.16406,3.39844,3.45703,3.16406,3.04688,2.87109,2.75391,0.12085,0.114746,0.124512,0.091553,0.109863,0.068359,0.083008,0.112305,0.10498,0.076904,0.091553
2016-07-18T10:50:00Z,332.57813,346.64063,348.39844,347.34375,347.34375,346.99219,333.63281,325.19531,324.14063,321.32813,322.73438,316.40625,3.22266,2.46094,2.34375,2.28516,2.28516,2.46094,2.57813,2.92969,2.69531,2.57813,2.34375,2.28516,2.05078,0.147705,0.13916,0.125732,0.133057,0.109863,0.087891,0.089111,0.125732,0.090332,0.118408,0.098877
2016-07-18T11:00:00Z,341.71875,345.23438,342.77344,343.47656,344.17969,337.14844,322.03125,315.70313,315.35156,309.72656,306.91406,299.88281,2.63672,2.10938,1.93359,1.93359,1.875,2.05078,2.40234,2.69531,2.51953,2.34375,2.16797,1.93359,1.81641,0.252686,0.262451,0.275879,0.230713,0.219727,0.167236,0.170898,0.147705,0.153809,0.162354,0.187988
2016-07-18T11:10:00Z,341.01563,352.26563,346.64063,349.45313,334.6875,335.39063,315.0,305.50781,304.45313,293.90625,296.01563,281.25,1.99219,1.11328,0.9375,0.9375,0.99609,0.9375,1.17188,1.81641,1.69922,1.69922,1.46484,1.40625,1.34766,0.227051,0.201416,0.174561,0.211182,0.170898,0.114746,0.10376,0.134277,0.129395,0.130615,0.189209
2016-07-18T11:20:00Z,336.79688,337.85156,329.41406,333.63281,337.14844,333.98438,330.46875,315.0,311.83594,309.72656,305.15625,305.15625,2.10938,1.23047,1.58203,1.52344,1.46484,1.58203,1.69922,2.28516,2.63672,2.51953,2.34375,2.22656,2.10938,0.264893,0.196533,0.235596,0.209961,0.141602,0.146484,0.130615,0.178223,0.147705,0.183105,0.175781
2016-07-18T11:30:00Z,336.79688,339.60938,338.20313,342.07031,339.25781,341.01563,339.60938,335.74219,330.11719,323.08594,314.29688,315.35156,2.8125,1.99219,2.40234,2.28516,2.34375,2.46094,2.40234,2.8125,3.10547,3.39844,3.22266,3.10547,2.92969,0.150146,0.180664,0.163574,0.12207,0.140381,0.092773,0.090332,0.098877,0.111084,0.078125,0.117188
2016-07-18T11:40:00Z,335.39063,340.3125,336.79688,336.79688,335.03906,332.92969,332.57813,319.57031,310.07813,308.32031,321.67969,307.61719,2.87109,2.22656,2.05078,1.93359,1.99219,2.05078,2.10938,2.46094,2.63672,2.75391,2.69531,2.63672,2.51953,0.201416,0.206299,0.219727,0.213623,0.223389,0.164795,0.128174,0.098877,0.137939,0.106201,0.133057
2016-07-18T11:50:00Z,338.55469,341.71875,339.25781,339.25781,341.36719,340.66406,338.55469,329.76563,321.32813,313.94531,309.72656,309.02344,2.46094,1.875,2.10938,2.05078,2.10938,2.05078,2.16797,2.34375,2.40234,2.63672,2.69531,2.63672,2.46094,0.166016,0.189209,0.147705,0.218506,0.136719,0.119629,0.10498,0.089111,0.08667,0.100098,0.112305
2016-07-18T12:00:00Z,335.03906,341.36719,341.36719,340.3125,339.60938,341.71875,336.79688,331.52344,318.16406,307.96875,301.99219,301.28906,2.57813,2.22656,2.22656,2.22656,2.28516,2.16797,2.22656,2.28516,2.46094,2.63672,2.8125,2.8125,2.75391,0.125732,0.136719,0.133057,0.155029,0.172119,0.084229,0.114746,0.106201,0.075684,0.090332,0.106201
2016-07-18T12:10:00Z,332.57813,337.5,337.85156,339.96094,335.03906,336.09375,325.89844,317.46094,306.21094,297.42188,293.90625,292.85156,2.57813,1.99219,1.875,1.81641,1.93359,1.93359,1.93359,2.28516,2.51953,2.8125,2.75391,2.87109,2.75391,0.140381,0.203857,0.152588,0.155029,0.175781,0.142822,0.117188,0.100098,0.137939,0.119629,0.092773
2016-07-18T12:20:00Z,331.875,333.98438,339.25781,340.3125,333.63281,334.33594,330.11719,326.95313,319.92188,313.94531,306.5625,304.10156,2.63672,2.16797,2.34375,2.22656,2.28516,2.34375,2.51953,3.10547,3.22266,3.22266,3.10547,3.16406,3.10547,0.112305,0.129395,0.147705,0.128174,0.141602,0.097656,0.134277,0.102539,0.113525,0.090332,0.08667
2016-07-18T12:30:00Z,335.39063,341.01563,339.60938,341.01563,339.60938,338.20313,333.98438,332.22656,329.0625,320.27344,309.02344,300.9375,2.92969,2.46094,2.51953,2.51953,2.51953,2.69531,2.75391,3.28125,3.33984,3.28125,2.92969,2.87109,2.87109,0.109863,0.131836,0.129395,0.113525,0.12085,0.083008,0.074463,0.085449,0.095215,0.073242,0.068359
2016-07-18T12:40:00Z,334.6875,339.25781,340.3125,340.3125,337.85156,335.39063,331.52344,325.54688,315.35156,303.75,300.9375,299.88281,3.10547,2.51953,2.28516,2.40234,2.28516,2.57813,3.10547,3.10547,2.98828,2.75391,2.98828,3.04688,3.22266,0.124512,0.119629,0.146484,0.141602,0.074463,0.087891,0.096436,0.093994,0.067139,0.065918,0.061035
2016-07-18T12:50:00Z,330.82031,337.5,341.01563,339.96094,340.66406,336.79688,327.65625,319.21875,314.29688,300.9375,299.88281,298.82813,2.98828,2.16797,2.28516,2.22656,2.16797,2.28516,2.75391,2.92969,2.75391,2.75391,2.92969,3.22266,3.28125,0.128174,0.109863,0.164795,0.111084,0.081787,0.102539,0.101318,0.065918,0.091553,0.093994,0.075684
2016-07-18T13:00:00Z,332.92969,344.53125,346.99219,345.23438,345.58594,344.53125,333.28125,323.78906,313.24219,304.10156,302.34375,304.80469,3.16406,2.51953,2.34375,2.28516,2.34375,2.28516,2.40234,2.69531,2.69531,2.8125,3.04688,3.28125,3.33984,0.142822,0.134277,0.108643,0.131836,0.146484,0.090332,0.090332,0.097656,0.080566,0.072021,0.067139
2016-07-18T13:10:00Z,341.01563,346.28906,345.58594,346.99219,346.28906,345.23438,336.79688,324.14063,310.78125,300.58594,301.28906,302.69531,2.63672,2.05078,1.93359,1.93359,1.93359,1.99219,1.99219,2.16797,2.28516,2.40234,2.69531,2.87109,2.87109,0.147705,0.118408,0.134277,0.108643,0.087891,0.096436,0.10498,0.091553,0.109863,0.091553,0.076904
2016-07-18T13:20:00Z,335.39063,339.60938,337.14844,338.20313,335.39063,330.82031,319.57031,304.80469,297.77344,299.53125,298.47656,297.77344,2.51953,1.93359,1.875,1.93359,1.875,1.93359,2.16797,2.40234,2.40234,2.69531,2.92969,2.92969,3.04688,0.137939,0.145264,0.140381,0.161133,0.126953,0.090332,0.117188,0.081787,0.093994,0.079346,0.085449
2016-07-18T13:30:00Z,325.54688,332.22656,333.98438,332.57813,333.63281,330.46875,318.86719,302.69531,296.36719,295.66406,293.55469,295.3125,2.40234,1.81641,1.99219,1.99219,1.93359,2.10938,2.28516,2.51953,2.51953,2.75391,2.8125,2.87109,2.98828,0.135498,0.140381,0.134277,0.107422,0.098877,0.072021,0.076904,0.06958,0.067139,0.079346,0.067139
2016-07-18T13:40:00Z,322.03125,323.4375,323.78906,324.49219,324.14063,320.27344,309.02344,286.875,282.65625,282.65625,283.71094,283.35938,2.57813,1.75781,1.40625,1.46484,1.46484,1.64063,1.93359,1.99219,2.16797,2.40234,2.51953,2.57813,2.63672,0.224609,0.24292,0.255127,0.142822,0.147705,0.114746,0.148926,0.114746,0.08667,0.08667,0.100098
2016-07-18T13:50:00Z,321.32813,319.21875,317.46094,315.0,319.57031,314.29688,299.88281,285.46875,281.95313,282.65625,283.00781,284.41406,1.52344,1.05469,1.05469,1.05469,1.05469,1.23047,1.75781,1.75781,2.05078,2.28516,2.40234,2.51953,2.57813,0.235596,0.217285,0.26001,0.236816,0.159912,0.092773,0.089111,0.08667,0.083008,0.076904,0.058594
2016-07-18T14:00:00Z,295.66406,294.60938,290.74219,289.33594,295.3125,286.875,278.78906,278.4375,278.4375,279.49219,281.60156,281.60156,1.40625,0.82031,0.82031,0.87891,0.87891,1.11328,1.58203,2.05078,2.40234,2.46094,2.46094,2.46094,2.46094,0.19043,0.24292,0.22583,0.306396,0.140381,0.115967,0.083008,0.050049,0.119629,0.063477,0.092773
2016-07-18T14:10:00Z,274.57031,276.67969,279.14063,281.60156,295.3125,291.44531,280.54688,280.54688,284.41406,283.00781,287.22656,285.11719,0.9375,0.52734,0.70313,0.76172,0.82031,0.9375,1.46484,1.875,2.28516,2.51953,2.51953,2.51953,2.51953,0.123291,0.169678,0.20752,0.252686,0.216064,0.168457,0.098877,0.089111,0.098877,0.084229,0.098877
2016-07-18T14:20:00Z,256.99219,249.60938,257.69531,249.96094,275.625,286.875,277.03125,281.60156,281.95313,283.71094,282.30469,285.11719,0.70313,0.29297,0.70313,0.70313,0.76172,0.70313,0.99609,1.28906,1.93359,2.05078,2.22656,2.16797,2.22656,0.146484,0.136719,0.13916,0.10376,0.26001,0.177002,0.090332,0.126953,0.079346,0.102539,0.111084
2016-07-18T14:30:00Z,211.64063,233.08594,245.74219,234.49219,257.34375,273.16406,267.89063,278.78906,280.54688,280.54688,281.25,279.14063,0.87891,0.46875,0.76172,0.70313,0.76172,0.70313,0.87891,1.40625,1.81641,1.99219,2.10938,2.05078,2.05078,0.202637,0.148926,0.187988,0.133057,0.174561,0.133057,0.128174,0.117188,0.090332,0.125732,0.100098
2016-07-18T14:40:00Z,199.6875,226.05469,221.83594,226.05469,251.36719,266.48438,270.35156,274.92188,275.27344,273.86719,275.27344,274.92188,1.11328,0.64453,0.76172,0.76172,0.76172,0.82031,0.99609,1.64063,1.75781,1.875,1.875,1.875,1.875,0.209961,0.167236,0.159912,0.189209,0.2771,0.129395,0.108643,0.102539,0.109863,0.084229,0.124512
2016-07-18T14:50:00Z,207.42188,236.95313,247.14844,251.36719,256.28906,266.13281,275.97656,276.32813,275.625,276.32813,274.92188,277.73438,0.9375,0.52734,0.76172,0.76172,0.76172,0.87891,1.52344,1.875,1.875,1.93359,1.81641,1.93359,1.93359,0.144043,0.216064,0.178223,0.245361,0.155029,0.079346,0.101318,0.106201,0.109863,0.087891,0.091553
2016-07-18T15:00:00Z,236.25,284.41406,284.0625,274.92188,277.03125,280.54688,292.14844,288.63281,286.52344,287.57813,287.22656,287.92969,1.05469,0.35156,0.70313,0.70313,0.70313,0.87891,1.58203,1.875,1.81641,1.875,1.75781,1.81641,1.875,0.108643,0.102539,0.128174,0.252686,0.125732,0.126953,0.115967,0.137939,0.119629,0.136719,0.123291
2016-07-18T15:10:00Z,340.66406,318.51563,307.61719,298.125,288.63281,277.03125,291.09375,292.5,289.33594,288.98438,288.98438,289.6875,0.87891,0.35156,0.76172,0.70313,0.70313,0.70313,0.99609,1.52344,1.58203,1.58203,1.58203,1.58203,1.58203,0.195313,0.131836,0.142822,0.123291,0.26001,0.158691,0.178223,0.142822,0.148926,0.159912,0.13916
2016-07-18T15:20:00Z,347.34375,337.5,306.5625,326.25,297.77344,288.98438,291.79688,293.90625,295.66406,290.39063,292.14844,290.74219,0.99609,0.46875,0.82031,0.76172,0.76172,0.76172,0.82031,1.40625,1.52344,1.52344,1.46484,1.52344,1.58203,0.203857,0.253906,0.200195,0.140381,0.181885,0.177002,0.145264,0.151367,0.219727,0.144043,0.133057
2016-07-18T15:30:00Z,342.77344,320.27344,321.67969,321.67969,294.60938,301.64063,299.88281,304.45313,303.04688,297.77344,298.47656,297.77344,0.82031,0.41016,0.82031,0.82031,0.76172,0.76172,0.82031,1.28906,1.52344,1.28906,1.46484,1.34766,1.46484,0.251465,0.231934,0.222168,0.186768,0.162354,0.168457,0.152588,0.186768,0.137939,0.185547,0.128174
2016-07-18T15:40:00Z,328.71094,341.71875,337.14844,335.03906,327.30469,318.16406,311.13281,307.26563,309.72656,305.50781,303.04688,303.75,1.28906,0.76172,0.99609,1.05469,0.99609,0.9375,1.05469,1.40625,1.93359,1.75781,1.75781,1.58203,1.75781,0.205078,0.235596,0.245361,0.26001,0.249023,0.185547,0.146484,0.150146,0.155029,0.115967,0.106201
2016-07-18T15:50:00Z,342.77344,354.375,354.72656,355.78125,344.53125,338.20313,319.21875,315.0,314.64844,312.89063,309.02344,306.91406,1.52344,1.11328,1.17188,1.11328,1.17188,1.17188,1.17188,1.64063,1.81641,1.75781,1.64063,1.69922,1.69922,0.219727,0.168457,0.166016,0.181885,0.192871,0.236816,0.135498,0.12207,0.129395,0.10498,0.153809
2016-07-18T16:00:00Z,349.45313,351.5625,351.21094,349.80469,348.75,340.66406,324.84375,320.97656,318.51563,312.53906,312.89063,313.24219,1.64063,1.05469,1.17188,1.17188,1.17188,1.11328,1.23047,1.58203,1.58203,1.52344,1.52344,1.64063,1.69922,0.223389,0.234375,0.211182,0.189209,0.238037,0.209961,0.19165,0.203857,0.184326,0.135498,0.144043
2016-07-18T16:10:00Z,351.21094,352.96875,352.61719,355.42969,351.91406,339.96094,331.52344,331.17188,320.97656,318.51563,316.40625,312.1875,1.69922,1.17188,1.05469,1.05469,0.99609,1.11328,1.28906,1.58203,1.46484,1.46484,1.46484,1.58203,1.69922,0.212402,0.268555,0.256348,0.223389,0.205078,0.125732,0.22583,0.216064,0.135498,0.140381,0.135498
2016-07-18T16:20:00Z,341.71875,339.96094,345.23438,342.07031,337.14844,329.76563,324.14063,317.46094,312.89063,306.21094,306.91406,307.26563,1.23047,0.82031,0.99609,1.05469,0.9375,0.99609,1.34766,1.69922,1.52344,1.52344,1.58203,1.69922,1.81641,0.24292,0.19043,0.20752,0.166016,0.187988,0.108643,0.180664,0.125732,0.134277,0.112305,0.080566
2016-07-18T16:30:00Z,341.01563,347.34375,348.04688,351.21094,344.17969,341.36719,332.92969,331.875,322.38281,317.46094,312.89063,309.72656,1.69922,1.17188,1.23047,1.23047,1.28906,1.34766,1.40625,1.69922,1.75781,1.69922,1.64063,1.75781,1.81641,0.19165,0.185547,0.211182,0.196533,0.152588,0.198975,0.186768,0.130615,0.163574,0.159912,0.10376
2016-07-18T16:40:00Z,343.125,348.04688,344.88281,345.9375,338.20313,334.6875,333.63281,327.65625,322.03125,316.75781,313.94531,310.78125,1.93359,1.34766,1.52344,1.46484,1.52344,1.58203,1.69922,1.93359,1.875,1.81641,1.875,1.93359,2.10938,0.180664,0.130615,0.146484,0.123291,0.153809,0.137939,0.134277,0.145264,0.095215,0.10376,0.095215
2016-07-18T16:50:00Z,346.64063,350.85938,348.75,347.34375,347.69531,339.60938,340.3125,332.57813,330.11719,324.14063,324.14063,321.67969,2.05078,1.58203,1.81641,1.69922,1.75781,1.75781,1.93359,2.10938,1.93359,1.93359,1.99219,2.05078,2.10938,0.118408,0.163574,0.181885,0.125732,0.108643,0.096436,0.133057,0.112305,0.106201,0.101318,0.100098
2016-07-18T17:00:00Z,341.36719,348.04688,347.69531,348.39844,348.39844,345.23438,342.77344,338.55469,335.03906,330.11719,331.17188,327.30469,2.46094,1.93359,1.99219,1.99219,1.99219,1.99219,2.16797,2.22656,2.16797,2.10938,2.16797,2.16797,2.22656,0.12085,0.118408,0.152588,0.096436,0.091553,0.102539,0.134277,0.084229,0.101318,0.100098,0.10498
2016-07-18T17:10:00Z,350.15625,3.86719,1.40625,5.27344,0.35156,354.02344,346.99219,337.14844,335.03906,331.875,331.52344,327.65625,2.16797,1.69922,1.64063,1.58203,1.58203,1.58203,1.69922,1.75781,1.81641,1.93359,1.93359,1.99219,1.99219,0.151367,0.168457,0.152588,0.15625,0.117188,0.10376,0.08667,0.115967,0.091553,0.101318,0.090332
2016-07-18T17:20:00Z,359.29688,8.78906,9.84375,9.49219,6.67969,3.51563,351.21094,344.53125,340.3125,339.96094,335.74219,333.98438,2.22656,1.64063,1.64063,1.58203,1.58203,1.69922,1.64063,1.64063,1.75781,1.81641,1.81641,1.81641,1.93359,0.181885,0.146484,0.13916,0.150146,0.159912,0.131836,0.109863,0.097656,0.102539,0.089111,0.112305
2016-07-18T17:30:00Z,9.84375,18.63281,19.33594,17.22656,14.0625,7.73438,352.96875,351.21094,350.85938,347.34375,343.125,333.98438,1.875,1.46484,1.52344,1.52344,1.52344,1.52344,1.40625,1.58203,1.69922,1.75781,1.75781,1.69922,1.75781,0.162354,0.148926,0.153809,0.12085,0.162354,0.125732,0.117188,0.101318,0.114746,0.087891,0.12207
2016-07-18T17:40:00Z,7.73438,13.00781,15.11719,15.46875,13.00781,358.59375,351.5625,350.50781,351.91406,344.53125,336.79688,322.03125,1.99219,1.52344,1.40625,1.40625,1.40625,1.28906,1.40625,1.46484,1.75781,1.64063,1.69922,1.64063,1.875,0.245361,0.222168,0.233154,0.250244,0.17334,0.174561,0.141602,0.148926,0.15625,0.148926,0.078125
2016-07-18T17:50:00Z,7.38281,21.44531,26.36719,27.42188,17.92969,3.51563,356.13281,356.83594,354.375,348.75,336.44531,320.27344,1.75781,1.40625,1.34766,1.34766,1.34766,1.28906,1.23047,1.52344,1.58203,1.52344,1.52344,1.52344,1.75781,0.181885,0.157471,0.124512,0.131836,0.218506,0.168457,0.130615,0.142822,0.12207,0.172119,0.151367
2016-07-18T18:00:00Z,28.47656,37.26563,37.61719,40.07813,34.10156,19.6875,8.4375,8.4375,6.67969,1.40625,355.07813,342.07031,1.875,1.46484,1.52344,1.52344,1.46484,1.46484,1.17188,1.28906,1.46484,1.52344,1.40625,1.40625,1.34766,0.146484,0.133057,0.115967,0.164795,0.19043,0.164795,0.111084,0.161133,0.140381,0.144043,0.10498
2016-07-18T18:10:00Z,45.35156,42.53906,42.53906,41.48438,35.50781,23.55469,13.71094,16.17188,13.00781,10.89844,1.40625,353.67188,1.93359,1.64063,1.75781,1.69922,1.69922,1.69922,1.46484,1.58203,1.81641,1.75781,1.58203,1.52344,1.52344,0.144043,0.167236,0.108643,0.135498,0.187988,0.133057,0.151367,0.170898,0.183105,0.170898,0.155029
2016-07-18T18:20:00Z,33.39844,33.75,31.99219,34.10156,27.42188,15.46875,10.89844,13.71094,11.25,10.54688,4.21875,0.70313,2.16797,1.875,2.05078,2.05078,2.05078,1.99219,1.93359,2.05078,2.22656,2.22656,2.05078,1.99219,1.93359,0.125732,0.123291,0.095215,0.078125,0.109863,0.10498,0.06958,0.093994,0.087891,0.08667,0.111084
2016-07-18T18:30:00Z,36.91406,41.83594,40.42969,40.07813,37.61719,26.71875,22.5,22.5,22.14844,18.98438,17.22656,11.25,2.34375,1.99219,2.05078,2.05078,2.05078,2.10938,2.05078,2.10938,2.34375,2.34375,2.16797,2.05078,1.93359,0.10498,0.102539,0.126953,0.098877,0.076904,0.092773,0.095215,0.070801,0.083008,0.118408,0.096436
2016-07-18T18:40:00Z,40.42969,48.51563,46.40625,47.46094,41.48438,30.58594,30.58594,27.07031,25.66406,23.55469,21.09375,20.39063,2.46094,2.16797,2.28516,2.28516,2.28516,2.22656,2.16797,2.40234,2.69531,2.57813,2.34375,2.22656,2.05078,0.12085,0.106201,0.107422,0.084229,0.113525,0.084229,0.05127,0.087891,0.079346,0.075684,0.098877
2016-07-18T18:50:00Z,45.0,44.64844,45.35156,45.70313,36.91406,33.04688,29.53125,30.23438,26.36719,26.71875,20.39063,15.11719,2.8125,2.46094,2.57813,2.57813,2.57813,2.51953,2.46094,2.75391,2.75391,2.63672,2.40234,2.28516,2.10938,0.076904,0.075684,0.092773,0.106201,0.063477,0.075684,0.114746,0.078125,0.070801,0.123291,0.109863
2016-07-18T19:00:00Z,37.96875,35.85938,34.80469,34.80469,25.66406,24.60938,25.3125,22.14844,21.09375,19.6875,15.11719,6.32813,2.92969,2.46094,2.57813,2.57813,2.57813,2.51953,2.69531,3.04688,3.10547,2.87109,2.57813,2.46094,2.40234,0.06958,0.06958,0.062256,0.078125,0.045166,0.046387,0.048828,0.057373,0.047607,0.073242,0.063477
2016-07-18T19:10:00Z,37.61719,43.24219,42.89063,43.59375,34.10156,33.39844,31.28906,28.47656,23.90625,22.14844,13.35938,3.86719,2.8125,2.51953,2.46094,2.57813,2.51953,2.40234,2.69531,2.98828,2.8125,2.57813,2.34375,2.22656,2.22656,0.102539,0.087891,0.06958,0.076904,0.073242,0.059814,0.076904,0.111084,0.087891,0.124512,0.106201
2016-07-18T19:20:00Z,51.67969,60.46875,60.46875,61.17188,50.27344,44.29688,40.78125,36.5625,34.10156,31.64063,17.92969,7.03125,2.63672,2.16797,2.28516,2.16797,2.22656,2.10938,2.34375,2.63672,2.40234,2.10938,1.81641,1.81641,1.875,0.074463,0.072021,0.081787,0.074463,0.067139,0.078125,0.072021,0.070801,0.12085,0.107422,0.079346
2016-07-18T19:30:00Z,65.03906,66.09375,63.98438,63.98438,56.60156,50.27344,46.40625,42.1875,40.42969,32.34375,21.79688,11.60156,2.40234,2.10938,2.10938,2.10938,2.10938,2.05078,2.34375,2.57813,2.22656,1.875,1.69922,1.64063,1.69922,0.079346,0.087891,0.095215,0.076904,0.096436,0.057373,0.10498,0.091553,0.100098,0.107422,0.089111
2016-07-18T19:40:00Z,68.90625,75.58594,72.42188,72.07031,65.74219,59.76563,54.84375,49.57031,50.625,48.16406,36.91406,25.3125,2.40234,2.10938,2.16797,2.10938,2.16797,2.05078,2.34375,2.63672,2.34375,1.93359,1.58203,1.40625,1.46484,0.06958,0.095215,0.073242,0.080566,0.087891,0.067139,0.065918,0.096436,0.146484,0.155029,0.136719
2016-07-18T19:50:00Z,78.04688,82.26563,80.85938,82.61719,78.39844,73.47656,70.66406,61.52344,60.46875,61.875,60.46875,53.4375,2.57813,2.16797,2.28516,2.34375,2.34375,2.28516,2.22656,2.51953,2.40234,2.05078,1.64063,1.46484,1.34766,0.115967,0.114746,0.101318,0.093994,0.074463,0.072021,0.081787,0.147705,0.162354,0.15625,0.133057
2016-07-18T20:00:00Z,75.9375,76.64063,77.69531,76.28906,75.23438,69.25781,66.09375,59.41406,55.54688,55.19531,51.32813,44.29688,2.63672,2.22656,2.22656,2.28516,2.28516,2.16797,2.16797,2.46094,2.34375,1.99219,1.58203,1.34766,1.28906,0.065918,0.070801,0.061035,0.093994,0.072021,0.084229,0.062256,0.126953,0.131836,0.126953,0.177002
2016-07-18T20:10:00Z,68.20313,79.80469,82.61719,83.32031,76.64063,74.17969,67.85156,60.82031,54.49219,53.08594,47.8125,44.64844,2.51953,2.16797,2.28516,2.34375,2.34375,2.40234,2.34375,2.57813,2.63672,2.28516,1.81641,1.52344,1.52344,0.097656,0.081787,0.074463,0.098877,0.06958,0.05249,0.057373,0.118408,0.114746,0.111084,0.109863
2016-07-18T20:20:00Z,72.42188,87.53906,89.64844,87.89063,82.61719,78.04688,71.71875,65.39063,59.76563,58.00781,55.54688,50.625,2.16797,1.99219,2.34375,2.34375,2.40234,2.34375,2.40234,2.75391,2.75391,2.40234,1.81641,1.64063,1.58203,0.073242,0.072021,0.059814,0.061035,0.078125,0.059814,0.097656,0.08667,0.106201,0.12207,0.100098
2016-07-18T20:30:00Z,71.01563,81.21094,82.26563,81.91406,82.26563,73.125,73.82813,66.44531,60.46875,55.19531,56.60156,47.10938,2.34375,2.10938,2.46094,2.46094,2.46094,2.63672,2.63672,2.92969,2.8125,2.63672,2.05078,1.75781,1.75781,0.072021,0.070801,0.075684,0.079346,0.074463,0.050049,0.083008,0.065918,0.112305,0.095215,0.076904
2016-07-18T20:40:00Z,75.58594,89.29688,90.35156,91.40625,91.05469,86.48438,79.45313,68.90625,64.6875,58.71094,59.76563,50.97656,2.34375,2.10938,2.51953,2.57813,2.57813,2.69531,2.69531,2.87109,2.63672,2.22656,1.875,1.81641,1.875,0.075684,0.081787,0.074463,0.073242,0.067139,0.058594,0.135498,0.141602,0.108643,0.087891,0.062256
2016-07-18T20:50:00Z,85.42969,98.08594,99.49219,99.14063,98.78906,95.27344,86.13281,71.36719,68.90625,63.28125,59.76563,56.95313,2.40234,1.93359,2.40234,2.51953,2.46094,2.63672,2.69531,2.75391,2.28516,1.75781,1.58203,1.64063,1.81641,0.076904,0.10376,0.079346,0.089111,0.073242,0.083008,0.097656,0.100098,0.117188,0.100098,0.12207
2016-07-18T21:00:00Z,87.53906,97.38281,95.27344,95.625,95.97656,89.64844,78.04688,71.01563,69.25781,65.39063,59.76563,59.41406,2.34375,1.875,2.40234,2.57813,2.57813,2.57813,2.63672,2.8125,2.46094,1.875,1.75781,1.75781,1.93359,0.100098,0.068359,0.085449,0.068359,0.072021,0.068359,0.091553,0.118408,0.093994,0.10376,0.084229
2016-07-18T21:10:00Z,89.64844,94.92188,95.625,94.21875,94.57031,90.0,79.10156,71.71875,69.96094,68.55469,63.63281,61.52344,2.16797,1.875,2.51953,2.57813,2.57813,2.57813,2.8125,2.87109,2.40234,2.05078,1.81641,1.875,2.05078,0.067139,0.072021,0.078125,0.06958,0.06958,0.072021,0.10376,0.115967,0.08667,0.089111,0.079346
2016-07-18T21:20:00Z,93.16406,94.21875,97.03125,96.67969,94.21875,90.0,77.69531,76.64063,71.36719,69.25781,67.5,67.85156,2.46094,2.16797,2.46094,2.63672,2.57813,2.69531,2.98828,2.8125,2.22656,1.93359,1.99219,2.22656,2.46094,0.092773,0.053711,0.072021,0.073242,0.08667,0.061035,0.080566,0.097656,0.080566,0.083008,0.065918
2016-07-18T21:30:00Z,87.89063,94.92188,96.67969,96.32813,97.03125,88.59375,78.75,76.99219,72.77344,71.01563,73.125,72.42188,2.8125,2.34375,2.87109,3.04688,2.98828,3.10547,3.28125,2.98828,2.46094,2.28516,2.40234,2.63672,2.92969,0.118408,0.092773,0.097656,0.093994,0.079346,0.087891,0.112305,0.117188,0.101318,0.092773,0.074463
2016-07-18T21:40:00Z,87.89063,91.40625,93.86719,93.51563,93.16406,83.67188,75.9375,73.82813,72.07031,73.82813,72.42188,72.77344,3.10547,2.63672,2.98828,3.10547,3.04688,3.28125,3.39844,2.75391,2.46094,2.57813,2.87109,3.10547,3.16406,0.073242,0.085449,0.070801,0.080566,0.056152,0.081787,0.08667,0.093994,0.109863,0.096436,0.061035
2016-07-18T21:50:00Z,90.35156,100.54688,101.60156,101.60156,101.60156,92.46094,84.02344,80.85938,76.99219,80.15625,78.75,79.45313,3.10547,2.69531,2.92969,3.04688,2.98828,3.22266,3.45703,2.98828,2.51953,2.57813,2.92969,3.16406,3.22266,0.073242,0.068359,0.076904,0.05127,0.075684,0.065918,0.075684,0.078125,0.056152,0.058594,0.067139
2016-07-18T22:00:00Z,100.89844,105.11719,105.46875,106.17188,104.76563,91.05469,87.89063,86.48438,86.13281,86.48438,85.07813,84.02344,3.16406,2.63672,2.87109,2.92969,2.87109,3.22266,3.33984,2.92969,2.57813,2.8125,2.98828,3.10547,3.16406,0.080566,0.083008,0.080566,0.072021,0.100098,0.100098,0.087891,0.061035,0.046387,0.059814,0.061035
2016-07-18T22:10:00Z,95.97656,103.71094,104.76563,104.41406,101.95313,89.64844,86.83594,86.48438,86.13281,86.13281,85.07813,85.42969,3.16406,2.51953,2.92969,3.04688,3.04688,3.33984,3.51563,3.04688,2.8125,2.92969,3.10547,3.16406,3.28125,0.064697,0.064697,0.084229,0.064697,0.062256,0.063477,0.090332,0.05127,0.036621,0.068359,0.05249
2016-07-18T22:20:00Z,88.94531,100.54688,101.25,101.25,100.19531,90.35156,87.1875,87.1875,87.1875,87.89063,87.89063,87.89063,2.63672,2.34375,3.33984,3.39844,3.39844,3.57422,3.63281,3.16406,2.98828,3.16406,3.33984,3.33984,3.39844,0.064697,0.05249,0.054932,0.045166,0.06958,0.063477,0.054932,0.058594,0.046387,0.067139,0.045166
2016-07-18T22:30:00Z,89.64844,101.95313,101.95313,100.89844,99.49219,87.89063,87.53906,90.0,88.24219,89.64844,90.0,89.64844,2.87109,2.40234,3.45703,3.57422,3.57422,3.75,3.86719,3.51563,3.28125,3.33984,3.51563,3.57422,3.57422,0.076904,0.050049,0.070801,0.062256,0.08667,0.054932,0.083008,0.05249,0.045166,0.064697,0.056152
2016-07-18T22:40:00Z,83.32031,95.625,96.32813,97.03125,94.21875,87.1875,85.78125,87.53906,84.375,87.1875,87.1875,89.29688,2.8125,1.99219,3.16406,3.28125,3.22266,3.57422,3.75,3.39844,3.28125,3.28125,3.45703,3.51563,3.57422,0.065918,0.053711,0.056152,0.048828,0.047607,0.068359,0.05127,0.068359,0.043945,0.054932,0.058594
2016-07-18T22:50:00Z,77.34375,94.57031,95.97656,95.625,92.46094,85.07813,85.42969,88.24219,87.1875,87.53906,87.89063,88.24219,2.16797,1.93359,3.16406,3.33984,3.39844,3.63281,3.63281,3.57422,3.63281,3.63281,3.69141,3.69141,3.63281,0.053711,0.075684,0.073242,0.045166,0.029297,0.076904,0.064697,0.05249,0.063477,0.058594,0.05127
2016-07-18T23:00:00Z,83.67188,101.25,102.30469,102.65625,100.19531,94.92188,94.21875,94.57031,95.97656,94.92188,95.97656,94.57031,2.51953,1.875,3.28125,3.39844,3.39844,3.63281,3.75,3.63281,3.69141,3.75,3.63281,3.57422,3.51563,0.072021,0.062256,0.037842,0.045166,0.046387,0.053711,0.045166,0.070801,0.058594,0.045166,0.063477
2016-07-18T23:10:00Z,78.04688,97.38281,95.97656,96.32813,99.14063,96.32813,93.86719,93.86719,95.97656,95.625,96.32813,94.57031,1.93359,1.69922,2.92969,3.16406,3.16406,3.39844,3.57422,3.39844,3.51563,3.57422,3.57422,3.51563,3.39844,0.070801,0.074463,0.057373,0.059814,0.075684,0.091553,0.075684,0.048828,0.072021,0.085449,0.041504
2016-07-18T23:20:00Z,69.60938,97.03125,98.4375,98.4375,98.4375,97.38281,97.38281,98.78906,100.54688,102.30469,100.19531,99.84375,1.75781,1.52344,2.8125,2.98828,2.98828,3.10547,3.39844,3.57422,3.57422,3.63281,3.51563,3.39844,3.28125,0.111084,0.078125,0.063477,0.074463,0.070801,0.070801,0.050049,0.058594,0.075684,0.06958,0.080566
2016-07-18T23:30:00Z,61.875,92.46094,92.8125,94.57031,94.21875,98.4375,101.95313,104.76563,104.76563,103.00781,103.00781,103.00781,1.81641,1.46484,2.75391,2.8125,2.8125,2.92969,3.33984,3.63281,3.69141,3.57422,3.45703,3.45703,3.45703,0.10376,0.080566,0.087891,0.076904,0.056152,0.05249,0.05127,0.072021,0.075684,0.075684,0.076904
2016-07-18T23:40:00Z,55.19531,90.0,90.70313,90.70313,93.16406,96.67969,103.00781,106.17188,105.46875,105.46875,105.46875,104.41406,1.99219,1.75781,3.10547,3.10547,3.10547,3.16406,3.39844,3.69141,3.69141,3.75,3.63281,3.69141,3.57422,0.067139,0.074463,0.065918,0.057373,0.045166,0.073242,0.057373,0.063477,0.061035,0.072021,0.081787
2016-07-18T23:50:00Z,59.76563,91.05469,93.86719,92.46094,94.21875,98.78906,102.65625,108.28125,109.6875,111.09375,108.98438,108.63281,2.22656,1.99219,3.45703,3.45703,3.39844,3.45703,3.45703,3.63281,3.75,3.75,3.75,3.75,3.63281,0.048828,0.053711,0.078125,0.061035,0.065918,0.047607,0.058594,0.057373,0.061035,0.053711,0.046387