LOCATION: 
SYSTEM SERIAL: HKZB
TIMESTAMP (ISO-8601) UTC,WindDir004m deg,WindDir030m deg,WindDir040m deg,WindDir040m_ref deg,WindDir060m deg,WindDir080m deg,WindDir100m deg,WindDir120m deg,WindDir140m deg,WindDir160m deg,WindDir180m deg,WindDir200m deg,WindGust004m m/s,WindSpeed004m m/s,WindSpeed030mh m/s,WindSpeed040mh m/s,WindSpeed040m_refh m/s,WindSpeed060mh m/s,WindSpeed080mh m/s,WindSpeed100mh m/s,WindSpeed120mh m/s,WindSpeed140mh m/s,WindSpeed160mh m/s,WindSpeed180mh m/s,WindSpeed200mh m/s,TI 030m,TI 040m,TI 040m ref,TI 060m,TI 080m,TI 100m,TI 120m,TI 140m,TI 160m,TI 180m,TI 200m
2016-12-01T00:00:00Z,287.22656,293.55469,292.14844,295.66406,296.01563,293.90625,296.36719,294.60938,293.20313,293.55469,297.07031,293.55469,9.72656,7.73438,9.08203,9.72656,9.25781,9.43359,9.49219,9.375,9.55078,9.31641,9.66797,9.60938,9.60938,0.114746,0.115967,0.113525,0.137939,0.113525,0.148926,0.126953,0.119629,0.158691,0.118408,0.109863
2016-12-01T00:10:00Z,289.6875,292.85156,294.25781,292.14844,290.39063,294.25781,292.14844,290.03906,292.14844,292.5,293.20313,293.20313,9.375,7.85156,8.84766,8.84766,8.90625,9.02344,9.19922,8.90625,9.25781,9.02344,9.19922,8.90625,9.31641,0.17334,0.175781,0.147705,0.158691,0.135498,0.144043,0.15625,0.180664,0.141602,0.15625,0.114746
2016-12-01T00:20:00Z,289.33594,296.71875,296.36719,295.66406,296.36719,299.17969,296.71875,297.42188,297.07031,294.25781,296.71875,296.71875,9.375,7.38281,8.90625,8.37891,8.90625,8.78906,8.84766,9.19922,9.08203,9.31641,9.14063,9.43359,9.25781,0.170898,0.178223,0.135498,0.125732,0.159912,0.137939,0.134277,0.158691,0.157471,0.157471,0.135498
2016-12-01T00:30:00Z,293.20313,297.07031,298.47656,297.77344,298.82813,297.07031,294.96094,300.23438,301.28906,298.82813,298.82813,296.71875,9.08203,7.61719,8.67188,8.90625,8.73047,8.73047,8.78906,9.14063,9.31641,8.90625,8.73047,8.90625,8.96484,0.151367,0.108643,0.133057,0.141602,0.151367,0.123291,0.137939,0.137939,0.147705,0.137939,0.118408
2016-12-01T00:40:00Z,295.66406,297.07031,295.66406,293.90625,295.66406,296.71875,299.53125,298.125,297.07031,296.71875,295.3125,299.17969,8.90625,7.44141,8.4375,8.67188,8.61328,8.84766,9.14063,9.375,8.84766,8.73047,8.84766,9.19922,9.14063,0.129395,0.152588,0.137939,0.142822,0.151367,0.118408,0.136719,0.148926,0.148926,0.142822,0.107422
2016-12-01T00:50:00Z,292.5,297.77344,300.9375,304.45313,300.58594,304.45313,302.69531,299.17969,298.125,302.69531,301.28906,304.45313,8.90625,7.14844,8.32031,8.73047,8.61328,9.02344,8.90625,9.08203,8.73047,8.78906,9.31641,9.02344,8.90625,0.107422,0.158691,0.134277,0.141602,0.135498,0.162354,0.15625,0.157471,0.181885,0.159912,0.102539
2016-12-01T01:00:00Z,296.36719,299.17969,300.9375,298.125,304.45313,300.9375,297.77344,303.39844,305.50781,299.88281,300.23438,300.58594,9.31641,7.32422,8.84766,8.84766,8.96484,8.78906,8.67188,8.84766,9.25781,8.73047,8.78906,8.61328,8.78906,0.153809,0.142822,0.192871,0.174561,0.136719,0.113525,0.128174,0.166016,0.123291,0.174561,0.152588
2016-12-01T01:10:00Z,296.01563,294.96094,298.82813,298.82813,297.07031,296.36719,298.125,300.58594,301.64063,298.47656,299.53125,301.99219,9.31641,7.26563,8.49609,8.26172,8.55469,8.37891,8.73047,8.90625,8.67188,8.78906,8.49609,8.78906,8.73047,0.123291,0.185547,0.137939,0.166016,0.147705,0.140381,0.133057,0.115967,0.201416,0.161133,0.096436
2016-12-01T01:20:00Z,293.20313,294.96094,294.96094,292.85156,299.53125,294.25781,293.55469,294.25781,295.66406,298.82813,296.71875,296.36719,9.08203,7.14844,8.67188,8.96484,8.84766,8.73047,8.67188,8.96484,9.08203,9.08203,9.14063,8.61328,8.61328,0.123291,0.168457,0.152588,0.189209,0.146484,0.150146,0.137939,0.119629,0.170898,0.135498,0.126953
2016-12-01T01:30:00Z,290.39063,297.07031,293.90625,295.66406,298.47656,296.01563,293.90625,293.55469,292.5,297.07031,297.07031,300.58594,9.43359,7.44141,8.49609,8.73047,8.78906,8.73047,8.73047,8.55469,8.55469,9.19922,9.14063,8.61328,8.37891,0.130615,0.114746,0.13916,0.134277,0.111084,0.136719,0.157471,0.119629,0.140381,0.178223,0.150146
2016-12-01T01:40:00Z,290.74219,296.36719,292.14844,293.20313,294.96094,291.79688,292.85156,291.79688,292.85156,293.90625,291.09375,297.42188,8.84766,7.14844,7.96875,8.26172,8.14453,8.14453,8.78906,8.26172,8.32031,8.08594,8.4375,8.67188,8.78906,0.15625,0.161133,0.153809,0.158691,0.159912,0.131836,0.135498,0.153809,0.128174,0.108643,0.101318
2016-12-01T01:50:00Z,291.79688,292.14844,294.25781,292.85156,293.20313,290.03906,294.25781,292.85156,295.66406,294.96094,289.6875,294.25781,9.08203,7.32422,8.26172,8.49609,8.20313,8.37891,8.67188,8.73047,8.90625,9.08203,8.55469,8.67188,8.67188,0.129395,0.174561,0.126953,0.146484,0.169678,0.157471,0.152588,0.157471,0.159912,0.153809,0.158691
2016-12-01T02:00:00Z,289.33594,296.71875,297.07031,298.125,295.66406,295.3125,294.96094,297.77344,294.60938,290.39063,291.79688,295.3125,9.14063,7.5,8.37891,8.49609,8.55469,8.73047,9.14063,8.96484,8.73047,8.67188,8.67188,9.55078,9.02344,0.13916,0.170898,0.133057,0.117188,0.13916,0.140381,0.111084,0.135498,0.162354,0.131836,0.115967
2016-12-01T02:10:00Z,288.98438,280.54688,290.03906,284.76563,284.76563,287.92969,284.76563,286.17188,285.82031,291.79688,292.14844,295.3125,9.25781,7.38281,8.84766,8.61328,8.55469,8.84766,8.49609,8.49609,8.73047,9.43359,8.84766,8.67188,8.20313,0.117188,0.141602,0.133057,0.155029,0.123291,0.146484,0.10376,0.102539,0.129395,0.117188,0.142822
2016-12-01T02:20:00Z,282.65625,286.17188,290.39063,285.82031,281.95313,286.875,289.6875,290.03906,291.79688,290.74219,288.98438,288.63281,9.19922,7.5,8.67188,8.55469,8.84766,8.73047,8.55469,8.90625,9.02344,9.31641,8.67188,8.55469,8.49609,0.107422,0.142822,0.119629,0.141602,0.126953,0.125732,0.102539,0.136719,0.141602,0.115967,0.136719
2016-12-01T02:30:00Z,283.00781,291.09375,291.09375,284.76563,287.57813,288.63281,287.57813,285.82031,291.44531,289.33594,288.28125,288.98438,9.55078,7.5,8.84766,8.55469,8.96484,8.73047,8.67188,8.96484,9.14063,9.25781,8.61328,8.49609,8.78906,0.130615,0.130615,0.10498,0.12085,0.119629,0.131836,0.090332,0.111084,0.112305,0.133057,0.097656
2016-12-01T02:40:00Z,284.76563,287.22656,290.74219,292.85156,287.92969,288.28125,285.82031,291.79688,292.5,288.63281,291.44531,294.60938,9.19922,7.44141,8.26172,8.37891,8.37891,8.37891,8.55469,8.67188,8.67188,8.4375,8.49609,8.67188,8.61328,0.145264,0.12207,0.147705,0.098877,0.111084,0.108643,0.119629,0.134277,0.091553,0.119629,0.083008
2016-12-01T02:50:00Z,284.41406,288.98438,288.98438,286.52344,291.09375,287.92969,288.98438,291.44531,288.28125,293.90625,293.55469,295.3125,9.55078,7.5,8.49609,8.78906,8.49609,8.90625,8.96484,8.90625,9.02344,9.08203,9.31641,8.84766,8.84766,0.100098,0.125732,0.113525,0.111084,0.096436,0.107422,0.119629,0.118408,0.095215,0.111084,0.111084
2016-12-01T03:00:00Z,285.46875,288.28125,289.6875,292.14844,290.39063,285.46875,292.14844,288.28125,292.5,291.44531,290.03906,293.20313,9.31641,7.61719,8.78906,9.08203,8.84766,9.19922,9.43359,9.43359,9.02344,8.96484,9.02344,9.19922,9.08203,0.130615,0.124512,0.118408,0.118408,0.111084,0.135498,0.112305,0.100098,0.136719,0.109863,0.108643
2016-12-01T03:10:00Z,285.11719,287.22656,291.09375,286.52344,288.63281,287.57813,285.82031,290.39063,290.03906,294.60938,288.28125,289.6875,9.43359,7.91016,8.78906,8.78906,8.73047,8.61328,8.67188,8.84766,8.90625,9.08203,8.96484,8.90625,8.4375,0.146484,0.10498,0.158691,0.151367,0.131836,0.12207,0.087891,0.164795,0.106201,0.115967,0.136719
2016-12-01T03:20:00Z,285.82031,295.3125,295.3125,289.6875,289.33594,291.79688,293.55469,292.14844,289.6875,291.44531,292.14844,294.25781,9.55078,7.38281,8.02734,8.14453,8.26172,8.14453,8.55469,8.32031,8.84766,8.67188,8.90625,8.67188,8.78906,0.142822,0.161133,0.119629,0.151367,0.118408,0.137939,0.144043,0.128174,0.128174,0.111084,0.144043
2016-12-01T03:30:00Z,288.63281,290.39063,288.98438,291.44531,291.44531,291.79688,290.03906,291.09375,293.90625,294.25781,292.85156,293.90625,9.14063,6.97266,8.37891,8.49609,8.78906,8.61328,8.78906,8.73047,9.14063,8.37891,8.61328,8.90625,9.02344,0.128174,0.125732,0.117188,0.124512,0.097656,0.119629,0.090332,0.135498,0.130615,0.119629,0.136719
2016-12-01T03:40:00Z,287.92969,290.03906,291.09375,294.60938,292.85156,291.44531,295.66406,295.66406,296.71875,298.82813,294.60938,300.23438,9.375,7.61719,8.55469,8.61328,8.67188,8.55469,8.90625,8.78906,8.96484,8.55469,8.73047,8.96484,9.02344,0.129395,0.130615,0.168457,0.134277,0.129395,0.136719,0.100098,0.097656,0.141602,0.097656,0.146484
2016-12-01T03:50:00Z,290.39063,287.92969,293.55469,295.3125,296.71875,299.53125,289.6875,291.79688,291.09375,297.77344,297.77344,298.82813,9.31641,7.5,8.14453,8.73047,8.20313,8.84766,8.4375,8.26172,8.61328,9.02344,8.84766,8.67188,8.26172,0.13916,0.119629,0.13916,0.141602,0.140381,0.146484,0.119629,0.115967,0.128174,0.106201,0.178223
2016-12-01T04:00:00Z,291.79688,292.14844,295.3125,292.5,297.42188,297.07031,299.88281,297.07031,298.82813,296.71875,297.07031,297.07031,9.72656,7.44141,8.37891,8.32031,8.32031,8.32031,8.32031,8.32031,8.61328,8.78906,8.49609,8.4375,8.61328,0.162354,0.108643,0.13916,0.12085,0.196533,0.114746,0.142822,0.164795,0.128174,0.125732,0.170898
2016-12-01T04:10:00Z,291.09375,291.79688,293.55469,294.25781,297.77344,298.47656,290.74219,299.17969,293.20313,299.53125,297.42188,301.64063,9.19922,7.08984,7.85156,8.4375,7.91016,8.14453,7.91016,8.32031,8.37891,8.61328,8.55469,8.73047,8.4375,0.195313,0.128174,0.159912,0.136719,0.130615,0.124512,0.12085,0.12207,0.15625,0.167236,0.136719
2016-12-01T04:20:00Z,289.33594,298.125,294.96094,297.77344,294.25781,293.55469,292.85156,296.71875,298.125,297.42188,301.64063,297.07031,9.19922,7.08984,7.67578,7.85156,7.96875,7.96875,8.02734,8.14453,8.32031,8.55469,8.4375,8.02734,8.08594,0.167236,0.141602,0.147705,0.128174,0.13916,0.177002,0.111084,0.175781,0.163574,0.118408,0.136719
2016-12-01T04:30:00Z,291.44531,296.01563,294.96094,293.90625,295.3125,294.25781,296.01563,295.3125,297.77344,293.55469,301.64063,293.20313,8.96484,6.85547,7.73438,7.67578,8.20313,7.73438,8.26172,8.08594,8.14453,8.02734,8.20313,8.20313,7.91016,0.194092,0.184326,0.133057,0.148926,0.157471,0.125732,0.155029,0.170898,0.140381,0.123291,0.150146
2016-12-01T04:40:00Z,290.39063,292.14844,292.85156,296.01563,294.96094,296.71875,299.53125,298.125,296.01563,298.125,295.3125,298.47656,9.08203,6.91406,7.85156,8.08594,8.37891,8.26172,8.20313,8.37891,8.61328,8.49609,8.37891,8.32031,8.49609,0.146484,0.123291,0.146484,0.125732,0.136719,0.129395,0.142822,0.135498,0.123291,0.15625,0.153809
2016-12-01T04:50:00Z,291.79688,290.03906,293.20313,292.14844,290.03906,291.44531,294.60938,291.44531,291.09375,292.14844,291.44531,293.20313,9.14063,7.14844,7.96875,7.91016,7.73438,8.32031,8.4375,8.61328,8.02734,8.67188,8.26172,8.78906,8.26172,0.119629,0.151367,0.148926,0.163574,0.092773,0.147705,0.179443,0.12207,0.115967,0.148926,0.140381
2016-12-01T05:00:00Z,288.63281,288.63281,292.85156,291.79688,297.42188,294.60938,293.55469,294.25781,297.07031,293.55469,295.3125,295.3125,9.14063,7.14844,8.61328,8.61328,8.32031,8.78906,8.61328,8.67188,8.26172,8.67188,8.61328,8.67188,7.91016,0.118408,0.108643,0.179443,0.157471,0.081787,0.135498,0.137939,0.147705,0.130615,0.10498,0.172119
2016-12-01T05:10:00Z,292.14844,298.125,297.07031,297.77344,294.60938,299.17969,295.66406,297.77344,295.3125,295.66406,296.01563,296.36719,9.02344,7.38281,8.37891,8.55469,8.4375,9.02344,8.61328,8.55469,8.14453,8.4375,8.67188,8.96484,8.26172,0.168457,0.108643,0.142822,0.123291,0.126953,0.13916,0.158691,0.133057,0.102539,0.137939,0.133057
2016-12-01T05:20:00Z,294.25781,302.34375,299.17969,297.07031,296.71875,298.82813,300.9375,300.9375,296.36719,300.23438,296.71875,296.71875,9.49219,7.14844,8.55469,8.37891,8.61328,8.49609,8.37891,8.84766,8.67188,8.73047,8.37891,8.67188,8.67188,0.153809,0.152588,0.134277,0.118408,0.168457,0.133057,0.133057,0.148926,0.170898,0.170898,0.152588
2016-12-01T05:30:00Z,297.77344,299.17969,300.58594,297.42188,301.64063,296.01563,299.88281,301.28906,301.64063,296.71875,298.47656,301.28906,9.19922,7.14844,8.73047,8.73047,8.90625,8.55469,8.84766,8.78906,8.84766,8.61328,9.02344,8.90625,8.84766,0.140381,0.146484,0.131836,0.163574,0.146484,0.135498,0.172119,0.145264,0.158691,0.162354,0.161133
2016-12-01T05:40:00Z,294.25781,297.77344,300.58594,299.88281,303.04688,301.99219,299.53125,304.10156,307.26563,306.21094,305.15625,303.39844,9.08203,7.32422,8.84766,8.78906,8.96484,8.84766,9.19922,9.25781,9.43359,9.08203,9.08203,9.08203,9.08203,0.123291,0.118408,0.157471,0.151367,0.107422,0.140381,0.169678,0.140381,0.113525,0.108643,0.126953
2016-12-01T05:50:00Z,300.9375,307.26563,309.02344,309.02344,312.1875,308.32031,312.1875,309.375,309.72656,306.5625,309.375,309.375,10.42969,7.91016,8.67188,8.78906,8.96484,9.02344,9.19922,9.43359,9.19922,9.08203,8.78906,9.25781,9.43359,0.155029,0.148926,0.152588,0.155029,0.151367,0.137939,0.123291,0.126953,0.15625,0.157471,0.126953
2016-12-01T06:00:00Z,306.5625,308.32031,306.91406,307.96875,308.67188,308.32031,311.13281,305.50781,310.42969,305.50781,309.72656,306.21094,9.90234,7.73438,8.67188,8.96484,8.96484,9.14063,9.14063,9.02344,9.08203,9.14063,9.31641,9.43359,9.14063,0.107422,0.146484,0.151367,0.150146,0.113525,0.125732,0.128174,0.128174,0.12207,0.146484,0.123291
2016-12-01T06:10:00Z,303.75,306.91406,304.10156,305.85938,301.99219,306.21094,304.80469,307.26563,305.85938,305.15625,302.34375,306.21094,9.55078,7.55859,8.61328,9.08203,9.14063,9.14063,9.31641,9.19922,9.19922,8.55469,9.14063,9.25781,9.43359,0.140381,0.145264,0.112305,0.123291,0.125732,0.175781,0.112305,0.140381,0.177002,0.140381,0.109863
2016-12-01T06:20:00Z,300.9375,307.96875,307.61719,305.50781,304.80469,305.50781,307.26563,301.99219,308.32031,308.32031,309.72656,303.04688,9.14063,7.55859,8.32031,8.49609,8.78906,8.67188,9.02344,8.73047,9.31641,9.43359,9.375,9.14063,9.19922,0.142822,0.135498,0.131836,0.131836,0.13916,0.133057,0.128174,0.126953,0.141602,0.15625,0.150146
2016-12-01T06:30:00Z,304.45313,304.10156,308.32031,305.50781,310.42969,309.02344,305.85938,311.13281,306.21094,307.26563,305.15625,308.32031,8.90625,7.32422,8.37891,8.49609,8.14453,8.84766,8.4375,8.78906,8.84766,9.375,8.84766,9.08203,8.96484,0.109863,0.147705,0.145264,0.192871,0.141602,0.134277,0.179443,0.135498,0.150146,0.178223,0.168457
2016-12-01T06:40:00Z,303.75,306.21094,308.32031,308.67188,313.59375,309.72656,312.1875,306.91406,313.24219,309.72656,311.48438,309.375,8.84766,6.97266,8.37891,8.49609,8.32031,8.20313,8.37891,8.73047,8.84766,8.55469,8.78906,8.78906,9.08203,0.167236,0.140381,0.161133,0.162354,0.145264,0.12207,0.166016,0.159912,0.166016,0.134277,0.129395
2016-12-01T06:50:00Z,308.67188,308.67188,307.61719,309.02344,310.78125,310.07813,309.72656,314.29688,311.83594,315.35156,314.64844,312.89063,8.61328,6.79688,8.14453,8.20313,8.37891,8.55469,8.61328,8.90625,8.96484,8.90625,8.84766,9.02344,9.02344,0.146484,0.142822,0.151367,0.124512,0.097656,0.126953,0.12207,0.123291,0.170898,0.152588,0.089111
2016-12-01T07:00:00Z,305.15625,314.29688,312.1875,312.1875,310.07813,312.89063,314.29688,316.40625,318.51563,314.29688,315.0,315.35156,8.61328,6.85547,7.67578,7.96875,8.08594,8.26172,8.67188,8.78906,9.02344,9.14063,9.08203,8.78906,9.08203,0.112305,0.172119,0.181885,0.187988,0.114746,0.140381,0.185547,0.12085,0.12085,0.181885,0.140381
2016-12-01T07:10:00Z,312.1875,317.46094,320.97656,317.8125,319.92188,317.46094,317.8125,318.86719,318.16406,317.46094,322.73438,320.625,9.02344,6.79688,8.37891,8.61328,8.55469,8.49609,8.78906,8.78906,9.08203,9.14063,9.49219,8.96484,9.19922,0.147705,0.125732,0.153809,0.152588,0.12085,0.118408,0.17334,0.164795,0.101318,0.186768,0.141602
2016-12-01T07:20:00Z,313.94531,312.53906,313.94531,313.59375,318.16406,311.83594,311.13281,314.64844,316.75781,317.46094,316.40625,315.0,8.73047,6.91406,8.14453,8.32031,8.32031,8.20313,8.14453,8.55469,8.96484,8.90625,8.67188,8.61328,8.84766,0.10376,0.17334,0.130615,0.124512,0.152588,0.17334,0.157471,0.107422,0.15625,0.158691,0.124512
2016-12-01T07:30:00Z,310.07813,309.02344,310.07813,310.42969,313.94531,313.59375,311.13281,307.26563,313.24219,315.0,314.64844,314.64844,8.67188,6.79688,8.37891,8.67188,7.96875,8.61328,8.26172,8.26172,8.84766,8.90625,8.78906,8.49609,8.61328,0.134277,0.134277,0.144043,0.128174,0.186768,0.137939,0.148926,0.134277,0.142822,0.159912,0.167236
2016-12-01T07:40:00Z,306.21094,309.02344,309.02344,307.96875,310.78125,307.96875,307.61719,309.375,309.72656,313.24219,306.91406,311.83594,8.4375,6.85547,8.49609,8.90625,8.73047,8.49609,8.4375,8.4375,8.61328,8.90625,8.67188,8.20313,8.49609,0.133057,0.150146,0.17334,0.146484,0.141602,0.108643,0.153809,0.17334,0.130615,0.196533,0.142822
2016-12-01T07:50:00Z,303.75,308.32031,308.67188,304.10156,303.75,306.21094,307.96875,309.02344,306.21094,308.32031,306.91406,311.13281,8.73047,6.79688,7.55859,7.67578,7.79297,8.02734,8.4375,8.67188,8.02734,8.32031,8.4375,8.67188,7.91016,0.201416,0.150146,0.140381,0.179443,0.198975,0.155029,0.12207,0.162354,0.148926,0.12207,0.19043
2016-12-01T08:00:00Z,301.28906,301.99219,306.91406,304.10156,302.69531,306.91406,307.96875,309.02344,314.29688,310.42969,307.96875,309.02344,8.55469,6.38672,8.02734,8.20313,7.96875,8.26172,8.67188,8.61328,8.32031,8.49609,8.37891,8.90625,8.73047,0.19165,0.159912,0.196533,0.115967,0.13916,0.147705,0.146484,0.157471,0.131836,0.128174,0.133057
2016-12-01T08:10:00Z,301.64063,309.375,310.78125,306.5625,310.78125,308.67188,310.07813,306.5625,307.61719,310.42969,307.26563,305.15625,9.49219,6.85547,7.85156,8.02734,7.96875,7.96875,8.20313,8.20313,7.96875,8.08594,8.26172,7.61719,8.02734,0.151367,0.200195,0.129395,0.167236,0.148926,0.119629,0.178223,0.141602,0.144043,0.214844,0.114746
2016-12-01T08:20:00Z,300.9375,302.34375,306.5625,303.75,302.69531,301.99219,303.39844,304.45313,300.9375,306.21094,305.15625,302.69531,7.96875,6.32813,7.26563,7.55859,7.5,7.61719,7.73438,7.85156,7.91016,8.20313,7.91016,7.85156,8.26172,0.155029,0.153809,0.115967,0.142822,0.137939,0.15625,0.119629,0.114746,0.141602,0.126953,0.098877
2016-12-01T08:30:00Z,303.39844,310.78125,305.15625,312.89063,309.02344,305.15625,307.26563,305.85938,305.15625,303.39844,306.91406,304.80469,8.14453,6.03516,6.5625,6.97266,7.14844,7.32422,7.38281,7.55859,7.67578,7.5,7.73438,7.5,7.79297,0.163574,0.148926,0.141602,0.137939,0.172119,0.20752,0.157471,0.178223,0.141602,0.135498,0.163574
2016-12-01T08:40:00Z,299.53125,297.42188,297.77344,297.07031,299.53125,298.82813,300.23438,301.28906,298.82813,300.23438,299.17969,303.04688,7.61719,6.15234,6.91406,7.32422,7.14844,7.26563,7.55859,7.61719,7.5,7.96875,7.96875,7.79297,7.67578,0.159912,0.159912,0.125732,0.141602,0.089111,0.159912,0.136719,0.126953,0.148926,0.167236,0.180664
2016-12-01T08:50:00Z,293.55469,296.01563,297.07031,299.88281,297.77344,299.53125,300.23438,302.69531,300.23438,301.64063,300.9375,300.58594,7.61719,6.15234,7.03125,7.61719,7.08984,7.96875,7.73438,7.73438,7.79297,8.02734,7.79297,8.02734,7.79297,0.135498,0.152588,0.150146,0.151367,0.119629,0.153809,0.128174,0.119629,0.142822,0.151367,0.130615
2016-12-01T09:00:00Z,297.07031,297.42188,301.28906,299.88281,301.64063,301.28906,300.23438,301.64063,300.23438,300.58594,301.28906,304.10156,7.91016,6.32813,7.96875,8.14453,7.67578,8.20313,8.26172,8.26172,8.08594,8.14453,8.4375,8.55469,8.14453,0.131836,0.136719,0.17334,0.194092,0.124512,0.126953,0.148926,0.129395,0.136719,0.179443,0.111084
2016-12-01T09:10:00Z,294.25781,303.75,304.10156,302.34375,301.64063,303.04688,300.23438,306.21094,302.69531,304.80469,302.34375,306.91406,8.32031,6.67969,8.14453,8.26172,8.32031,8.55469,8.37891,8.90625,8.4375,8.4375,8.32031,8.78906,8.61328,0.148926,0.135498,0.124512,0.151367,0.130615,0.123291,0.115967,0.148926,0.17334,0.163574,0.131836
2016-12-01T09:20:00Z,299.88281,305.85938,307.26563,308.32031,306.91406,310.78125,309.02344,313.24219,310.42969,309.72656,310.78125,312.89063,9.25781,7.32422,8.61328,8.55469,8.67188,9.08203,8.67188,8.78906,8.49609,8.49609,8.61328,8.73047,7.96875,0.137939,0.140381,0.125732,0.150146,0.136719,0.136719,0.130615,0.126953,0.125732,0.126953,0.124512
2016-12-01T09:30:00Z,305.15625,304.45313,308.32031,303.39844,307.26563,305.15625,307.61719,307.61719,306.91406,306.91406,307.96875,311.13281,8.02734,6.67969,7.67578,7.67578,7.5,7.96875,8.02734,8.49609,7.91016,8.02734,8.26172,8.84766,8.37891,0.133057,0.167236,0.133057,0.136719,0.087891,0.163574,0.137939,0.145264,0.151367,0.158691,0.129395
2016-12-01T09:40:00Z,297.42188,305.50781,308.32031,305.85938,305.15625,306.5625,306.21094,309.375,305.85938,308.67188,307.96875,306.21094,8.26172,6.5625,8.02734,7.91016,8.14453,8.4375,8.32031,8.61328,8.20313,8.37891,8.26172,8.32031,8.20313,0.137939,0.153809,0.147705,0.151367,0.128174,0.146484,0.170898,0.157471,0.157471,0.153809,0.126953
2016-12-01T09:50:00Z,301.28906,306.21094,303.04688,304.80469,303.75,304.45313,304.45313,310.42969,309.375,304.10156,304.80469,308.32031,8.84766,6.85547,7.85156,7.91016,8.32031,8.02734,8.37891,8.73047,8.61328,8.20313,8.26172,8.4375,8.73047,0.128174,0.164795,0.159912,0.119629,0.155029,0.15625,0.159912,0.158691,0.161133,0.145264,0.095215
2016-12-01T10:00:00Z,299.53125,304.45313,298.125,301.28906,306.21094,305.85938,305.50781,303.39844,305.15625,308.67188,309.02344,304.45313,8.37891,6.85547,7.91016,8.26172,8.20313,8.61328,8.4375,8.14453,8.4375,9.08203,8.78906,8.73047,8.84766,0.144043,0.123291,0.147705,0.147705,0.113525,0.140381,0.17334,0.129395,0.108643,0.169678,0.161133
2016-12-01T10:10:00Z,297.77344,302.34375,305.15625,305.85938,306.91406,305.15625,305.85938,307.61719,303.75,304.10156,305.50781,301.99219,8.90625,6.91406,8.20313,8.55469,8.20313,8.67188,8.84766,9.14063,9.31641,8.90625,9.19922,9.08203,9.55078,0.169678,0.174561,0.108643,0.147705,0.106201,0.153809,0.102539,0.129395,0.140381,0.134277,0.108643
2016-12-01T10:20:00Z,301.99219,300.58594,306.91406,306.5625,304.80469,307.96875,309.375,307.61719,304.80469,307.26563,305.85938,306.91406,9.14063,7.03125,8.26172,8.32031,8.20313,8.73047,9.14063,8.90625,8.55469,8.67188,9.08203,9.43359,9.14063,0.119629,0.129395,0.169678,0.129395,0.129395,0.111084,0.146484,0.142822,0.12207,0.126953,0.118408
2016-12-01T10:30:00Z,300.58594,296.71875,300.58594,301.64063,303.75,302.69531,303.04688,301.99219,303.75,305.15625,305.15625,305.85938,8.73047,7.14844,8.26172,8.49609,8.26172,8.61328,8.78906,8.90625,8.84766,9.31641,8.90625,9.55078,9.375,0.186768,0.162354,0.119629,0.112305,0.115967,0.123291,0.115967,0.147705,0.107422,0.13916,0.131836
2016-12-01T10:40:00Z,296.36719,301.28906,297.77344,298.125,300.58594,304.10156,305.50781,303.75,301.64063,303.75,310.07813,306.91406,8.61328,6.79688,7.61719,7.96875,7.67578,8.55469,8.26172,8.02734,8.26172,8.37891,9.19922,9.19922,8.90625,0.177002,0.162354,0.168457,0.153809,0.15625,0.091553,0.140381,0.134277,0.117188,0.145264,0.155029
2016-12-01T10:50:00Z,297.77344,301.64063,297.07031,298.82813,301.64063,300.58594,300.23438,301.28906,304.10156,304.45313,310.07813,307.26563,7.96875,6.50391,7.38281,7.73438,7.44141,7.96875,7.79297,7.85156,8.02734,8.14453,8.32031,8.02734,8.14453,0.128174,0.148926,0.135498,0.100098,0.128174,0.129395,0.12207,0.152588,0.135498,0.146484,0.137939
2016-12-01T11:00:00Z,294.25781,300.9375,298.47656,295.3125,300.23438,299.53125,299.53125,303.39844,302.69531,300.9375,303.04688,303.39844,7.61719,6.32813,7.38281,7.44141,7.26563,7.26563,7.44141,7.96875,7.85156,7.79297,7.67578,7.79297,8.02734,0.146484,0.150146,0.175781,0.172119,0.112305,0.106201,0.158691,0.142822,0.167236,0.17334,0.151367
2016-12-01T11:10:00Z,294.25781,308.67188,303.39844,301.64063,307.26563,306.91406,307.26563,309.02344,309.02344,306.21094,303.39844,307.96875,7.91016,6.15234,7.67578,8.08594,7.96875,8.55469,8.49609,8.49609,8.4375,8.84766,8.61328,9.19922,9.08203,0.112305,0.185547,0.13916,0.131836,0.150146,0.115967,0.17334,0.151367,0.113525,0.126953,0.130615
2016-12-01T11:20:00Z,301.64063,307.26563,307.96875,308.67188,305.50781,306.91406,304.80469,305.15625,307.26563,306.21094,305.15625,308.32031,8.67188,6.85547,7.79297,7.91016,7.79297,8.02734,7.91016,8.14453,8.32031,8.32031,7.96875,8.55469,8.61328,0.141602,0.108643,0.145264,0.137939,0.136719,0.137939,0.115967,0.118408,0.13916,0.141602,0.108643
2016-12-01T11:30:00Z,298.82813,300.9375,304.45313,300.23438,300.9375,301.99219,299.88281,302.34375,300.23438,303.39844,299.88281,305.15625,8.08594,6.44531,7.73438,7.67578,7.61719,7.85156,7.5,8.08594,8.14453,8.20313,8.14453,8.37891,8.26172,0.145264,0.123291,0.115967,0.140381,0.150146,0.150146,0.152588,0.150146,0.136719,0.119629,0.144043
2016-12-01T11:40:00Z,295.66406,301.99219,302.69531,300.9375,301.64063,304.45313,300.9375,305.85938,304.10156,306.21094,307.61719,307.96875,8.73047,6.79688,8.55469,8.96484,8.96484,9.19922,8.96484,8.84766,8.96484,9.25781,9.19922,8.84766,9.02344,0.128174,0.114746,0.112305,0.151367,0.124512,0.126953,0.131836,0.137939,0.111084,0.128174,0.118408
2016-12-01T11:50:00Z,299.53125,309.02344,307.26563,311.13281,307.26563,306.21094,309.02344,309.72656,307.96875,309.02344,308.67188,309.72656,8.4375,7.14844,8.49609,8.61328,8.90625,8.73047,9.08203,8.90625,9.02344,8.90625,8.84766,9.14063,9.02344,0.134277,0.124512,0.131836,0.155029,0.100098,0.147705,0.123291,0.135498,0.130615,0.144043,0.157471
2016-12-01T12:00:00Z,301.99219,305.85938,302.69531,303.04688,305.15625,303.04688,305.85938,304.80469,307.96875,306.21094,305.85938,309.375,9.08203,7.03125,8.08594,8.14453,8.20313,8.32031,8.37891,8.67188,8.84766,8.67188,8.49609,8.90625,9.08203,0.13916,0.184326,0.144043,0.159912,0.12207,0.142822,0.126953,0.151367,0.153809,0.109863,0.112305
2016-12-01T12:10:00Z,299.17969,299.88281,304.10156,299.88281,306.21094,306.91406,303.04688,303.39844,306.91406,309.02344,310.78125,307.61719,8.61328,6.97266,8.55469,8.55469,8.26172,8.55469,8.08594,8.32031,8.67188,8.84766,8.90625,8.61328,8.49609,0.162354,0.123291,0.123291,0.095215,0.133057,0.114746,0.092773,0.150146,0.12207,0.115967,0.129395
2016-12-01T12:20:00Z,298.47656,304.45313,304.45313,307.61719,305.50781,305.50781,309.02344,309.02344,305.15625,303.75,307.61719,308.67188,8.32031,6.44531,7.61719,8.08594,8.20313,8.26172,8.49609,8.49609,8.49609,8.20313,8.84766,8.84766,9.02344,0.19043,0.196533,0.128174,0.166016,0.140381,0.106201,0.108643,0.161133,0.15625,0.134277,0.10376
2016-12-01T12:30:00Z,298.82813,305.85938,304.45313,308.32031,306.5625,304.80469,307.26563,307.61719,308.67188,307.26563,306.21094,309.02344,8.32031,6.97266,8.08594,8.37891,8.02734,8.61328,8.78906,8.67188,8.78906,8.73047,8.49609,8.61328,8.49609,0.168457,0.159912,0.15625,0.108643,0.148926,0.126953,0.151367,0.144043,0.148926,0.175781,0.168457
2016-12-01T12:40:00Z,302.34375,305.50781,303.39844,303.39844,303.39844,308.32031,308.32031,308.67188,307.61719,309.02344,310.07813,311.48438,8.67188,6.85547,7.5,8.20313,7.91016,8.61328,8.55469,8.49609,8.26172,8.32031,8.61328,8.84766,8.90625,0.17334,0.168457,0.145264,0.162354,0.144043,0.141602,0.142822,0.169678,0.124512,0.119629,0.134277
2016-12-01T12:50:00Z,299.88281,309.72656,309.375,305.15625,306.5625,309.72656,309.72656,307.26563,311.48438,309.375,312.1875,312.53906,7.73438,6.32813,7.85156,7.91016,8.55469,8.14453,8.61328,8.84766,8.90625,9.02344,9.02344,8.78906,8.67188,0.141602,0.142822,0.117188,0.170898,0.144043,0.177002,0.124512,0.12207,0.15625,0.163574,0.146484
2016-12-01T13:00:00Z,304.45313,306.21094,309.02344,308.32031,304.80469,309.375,308.67188,312.53906,311.13281,310.42969,309.375,312.53906,8.90625,6.97266,8.14453,7.91016,7.96875,8.4375,8.67188,8.96484,9.02344,8.73047,8.84766,9.19922,9.31641,0.197754,0.133057,0.136719,0.129395,0.140381,0.117188,0.081787,0.137939,0.118408,0.125732,0.131836
2016-12-01T13:10:00Z,301.99219,305.50781,301.64063,306.21094,307.96875,304.80469,307.26563,305.50781,307.61719,308.32031,307.96875,306.21094,8.73047,6.79688,7.67578,8.02734,7.91016,8.32031,8.61328,8.49609,8.61328,8.55469,8.73047,8.78906,8.96484,0.19165,0.144043,0.150146,0.192871,0.141602,0.112305,0.141602,0.175781,0.13916,0.140381,0.117188
2016-12-01T13:20:00Z,300.9375,306.5625,307.61719,307.96875,311.83594,307.26563,307.61719,311.13281,311.13281,312.89063,306.91406,312.89063,8.32031,6.67969,8.26172,8.61328,8.67188,8.67188,8.73047,8.78906,9.14063,9.14063,8.90625,8.67188,9.08203,0.12207,0.141602,0.157471,0.150146,0.119629,0.128174,0.150146,0.125732,0.174561,0.159912,0.119629
2016-12-01T13:30:00Z,305.15625,305.50781,311.48438,308.32031,311.13281,313.59375,311.13281,311.83594,310.78125,313.59375,311.48438,313.59375,8.96484,7.20703,9.14063,9.25781,8.84766,9.31641,9.08203,9.02344,9.31641,9.19922,9.19922,9.43359,9.19922,0.119629,0.141602,0.125732,0.147705,0.174561,0.137939,0.135498,0.159912,0.137939,0.168457,0.148926
2016-12-01T13:40:00Z,305.85938,309.02344,309.02344,307.61719,306.5625,310.42969,311.83594,308.32031,311.83594,312.89063,313.59375,313.59375,9.02344,7.32422,8.08594,8.67188,8.67188,8.96484,9.19922,8.67188,9.19922,9.19922,9.43359,9.14063,9.49219,0.133057,0.151367,0.137939,0.141602,0.163574,0.148926,0.144043,0.209961,0.135498,0.152588,0.107422
2016-12-01T13:50:00Z,303.39844,310.78125,309.375,307.26563,310.78125,307.96875,305.50781,309.02344,310.07813,310.42969,309.72656,309.72656,8.67188,7.08984,8.96484,9.31641,9.25781,9.14063,9.02344,9.14063,9.55078,9.78516,9.25781,9.25781,9.19922,0.129395,0.195313,0.148926,0.15625,0.137939,0.145264,0.164795,0.12085,0.142822,0.136719,0.129395
2016-12-01T14:00:00Z,301.99219,303.39844,304.80469,306.21094,303.75,304.45313,307.96875,307.61719,304.45313,308.67188,313.59375,308.67188,9.55078,7.85156,9.02344,8.90625,9.19922,9.14063,9.60938,9.49219,9.43359,9.72656,9.72656,9.55078,9.31641,0.174561,0.133057,0.137939,0.109863,0.166016,0.118408,0.125732,0.123291,0.148926,0.125732,0.151367
2016-12-01T14:10:00Z,299.17969,304.45313,304.45313,299.53125,306.91406,307.26563,308.67188,312.53906,308.32031,310.07813,314.29688,311.13281,9.66797,7.61719,9.08203,9.19922,9.08203,9.31641,9.49219,9.375,9.72656,9.55078,9.66797,9.43359,9.43359,0.17334,0.137939,0.091553,0.142822,0.125732,0.124512,0.159912,0.134277,0.109863,0.133057,0.108643
2016-12-01T14:20:00Z,301.28906,301.64063,308.32031,307.96875,306.5625,308.32031,307.61719,305.85938,310.78125,308.67188,309.375,312.53906,9.78516,7.44141,9.14063,9.375,9.08203,9.72656,9.49219,9.31641,9.60938,9.84375,9.78516,9.66797,9.66797,0.163574,0.150146,0.124512,0.123291,0.13916,0.12207,0.131836,0.145264,0.108643,0.200195,0.133057
2016-12-01T14:30:00Z,304.10156,308.32031,309.02344,305.85938,311.13281,309.02344,303.75,310.42969,312.53906,310.42969,308.32031,313.24219,9.84375,7.61719,8.96484,8.96484,8.90625,9.19922,8.90625,9.49219,9.90234,9.78516,9.78516,9.72656,9.84375,0.112305,0.134277,0.108643,0.125732,0.111084,0.131836,0.118408,0.124512,0.095215,0.135498,0.107422
2016-12-01T14:40:00Z,303.04688,305.15625,307.26563,305.15625,305.85938,309.72656,308.32031,310.42969,310.42969,309.72656,308.67188,314.64844,9.25781,7.44141,8.49609,8.67188,8.37891,8.90625,9.31641,9.43359,9.43359,9.25781,9.49219,9.84375,9.84375,0.148926,0.148926,0.152588,0.129395,0.123291,0.135498,0.109863,0.134277,0.101318,0.10376,0.133057
2016-12-01T14:50:00Z,301.99219,301.64063,302.34375,304.10156,305.15625,303.39844,304.10156,306.21094,304.10156,309.72656,303.04688,306.5625,9.14063,7.38281,8.32031,8.61328,8.61328,9.08203,9.19922,9.19922,9.08203,9.43359,9.375,9.14063,9.375,0.119629,0.166016,0.141602,0.130615,0.119629,0.155029,0.114746,0.078125,0.107422,0.128174,0.119629
2016-12-01T15:00:00Z,299.88281,303.04688,298.125,302.34375,305.50781,307.96875,301.64063,303.39844,306.5625,304.80469,309.375,305.85938,9.78516,7.73438,8.55469,9.08203,8.84766,9.55078,9.14063,9.02344,9.43359,9.25781,9.60938,9.43359,9.72656,0.131836,0.096436,0.13916,0.106201,0.108643,0.106201,0.114746,0.147705,0.135498,0.179443,0.119629
2016-12-01T15:10:00Z,298.47656,300.9375,305.15625,304.45313,297.77344,304.45313,306.21094,304.80469,301.64063,304.45313,308.67188,304.45313,9.43359,7.38281,8.61328,8.61328,8.84766,8.96484,9.31641,9.60938,9.25781,9.55078,9.25781,9.78516,9.90234,0.137939,0.158691,0.123291,0.136719,0.134277,0.128174,0.152588,0.141602,0.167236,0.12207,0.119629
2016-12-01T15:20:00Z,296.71875,296.71875,297.42188,301.64063,300.58594,304.10156,303.75,300.9375,303.39844,300.9375,305.50781,308.67188,9.49219,7.44141,8.84766,9.14063,8.90625,9.55078,9.31641,9.55078,9.43359,9.78516,9.84375,10.13672,9.72656,0.128174,0.107422,0.118408,0.146484,0.12207,0.12207,0.124512,0.147705,0.136719,0.115967,0.15625
2016-12-01T15:30:00Z,296.71875,301.28906,300.23438,303.75,303.04688,301.28906,305.85938,303.39844,301.28906,303.75,311.13281,309.02344,10.13672,7.79297,9.31641,9.78516,9.84375,9.96094,10.13672,10.13672,10.37109,10.25391,10.54688,10.25391,10.42969,0.155029,0.130615,0.141602,0.090332,0.113525,0.136719,0.130615,0.125732,0.12207,0.081787,0.097656
2016-12-01T15:40:00Z,297.07031,296.71875,301.64063,299.88281,303.39844,302.34375,296.71875,300.9375,303.04688,302.34375,304.45313,302.69531,10.19531,8.20313,9.78516,9.96094,9.96094,9.78516,10.07813,10.48828,10.78125,10.66406,10.42969,10.42969,10.78125,0.12207,0.109863,0.175781,0.163574,0.093994,0.10376,0.134277,0.133057,0.119629,0.168457,0.133057
2016-12-01T15:50:00Z,294.96094,297.07031,297.07031,299.17969,293.20313,293.90625,295.66406,296.36719,303.04688,296.36719,292.85156,295.66406,10.13672,8.02734,9.49219,9.55078,10.42969,9.72656,10.3125,10.83984,11.01563,10.60547,10.13672,9.96094,11.01563,0.137939,0.144043,0.119629,0.134277,0.113525,0.12085,0.106201,0.117188,0.113525,0.162354,0.13916
2016-12-01T16:00:00Z,290.39063,300.23438,300.23438,303.04688,295.66406,297.77344,299.17969,299.53125,300.58594,300.9375,300.58594,303.04688,10.66406,8.14453,9.375,9.25781,9.55078,9.66797,10.13672,10.48828,10.60547,10.66406,10.78125,10.48828,10.72266,0.118408,0.152588,0.161133,0.114746,0.13916,0.129395,0.10376,0.135498,0.136719,0.170898,0.108643
2016-12-01T16:10:00Z,301.28906,305.50781,307.96875,305.15625,307.26563,309.02344,303.75,310.42969,308.32031,310.07813,307.61719,309.02344,10.42969,8.08594,9.31641,9.43359,9.43359,9.96094,9.96094,10.13672,10.01953,10.83984,10.42969,10.3125,10.42969,0.144043,0.141602,0.133057,0.115967,0.152588,0.150146,0.144043,0.106201,0.145264,0.13916,0.10498
2016-12-01T16:20:00Z,300.58594,301.64063,300.9375,305.50781,305.15625,307.26563,306.91406,303.04688,305.85938,308.67188,306.91406,306.5625,10.19531,8.08594,9.78516,10.19531,9.84375,10.60547,10.07813,9.96094,10.48828,10.60547,10.37109,10.42969,10.48828,0.144043,0.119629,0.142822,0.133057,0.124512,0.123291,0.140381,0.164795,0.144043,0.114746,0.145264
2016-12-01T16:30:00Z,301.64063,301.28906,303.39844,303.39844,309.375,304.80469,303.39844,302.69531,307.61719,308.67188,304.80469,307.26563,10.60547,7.96875,9.08203,9.14063,9.25781,9.25781,9.49219,9.60938,9.90234,9.90234,10.01953,10.07813,9.96094,0.177002,0.144043,0.128174,0.144043,0.111084,0.126953,0.102539,0.131836,0.134277,0.142822,0.123291
2016-12-01T16:40:00Z,300.23438,302.69531,306.91406,303.75,310.42969,310.78125,310.42969,308.67188,311.48438,308.67188,312.1875,310.78125,10.19531,7.91016,9.72656,10.3125,9.66797,10.60547,10.60547,10.42969,10.54688,10.89844,11.19141,11.19141,11.07422,0.172119,0.140381,0.13916,0.123291,0.157471,0.106201,0.137939,0.128174,0.115967,0.124512,0.109863
2016-12-01T16:50:00Z,303.75,303.75,309.72656,306.5625,309.375,312.1875,308.32031,308.67188,309.72656,310.07813,305.50781,310.42969,10.60547,8.55469,9.84375,9.84375,9.66797,10.13672,10.19531,10.3125,10.37109,10.83984,10.60547,10.83984,10.66406,0.131836,0.140381,0.125732,0.161133,0.144043,0.109863,0.140381,0.111084,0.090332,0.126953,0.162354
2016-12-01T17:00:00Z,302.69531,313.24219,306.5625,311.83594,310.07813,310.07813,310.78125,312.1875,311.48438,314.29688,311.83594,312.1875,10.66406,8.02734,8.96484,9.25781,9.375,9.60938,9.84375,10.01953,10.3125,10.3125,10.42969,10.25391,10.3125,0.185547,0.130615,0.119629,0.117188,0.136719,0.128174,0.101318,0.131836,0.129395,0.111084,0.13916
2016-12-01T17:10:00Z,306.91406,306.91406,305.15625,310.78125,303.75,310.07813,306.21094,310.78125,306.21094,310.07813,310.78125,311.48438,10.66406,8.20313,9.96094,10.42969,10.37109,11.01563,11.01563,11.30859,11.13281,11.07422,11.07422,11.25,11.25,0.152588,0.162354,0.129395,0.142822,0.128174,0.112305,0.12207,0.133057,0.158691,0.12207,0.152588
2016-12-01T17:20:00Z,303.75,306.5625,308.32031,308.67188,311.83594,311.48438,310.78125,309.375,309.72656,311.13281,309.02344,310.07813,11.30859,8.61328,9.78516,10.07813,10.07813,10.25391,10.3125,10.60547,10.66406,10.95703,10.54688,10.48828,10.95703,0.123291,0.157471,0.109863,0.114746,0.111084,0.164795,0.142822,0.101318,0.118408,0.129395,0.102539
2016-12-01T17:30:00Z,302.69531,307.61719,303.75,302.69531,304.10156,305.15625,308.67188,308.67188,308.32031,306.91406,308.32031,310.07813,10.60547,8.26172,9.66797,9.78516,9.84375,10.25391,10.42969,10.42969,10.54688,10.19531,10.95703,11.07422,10.95703,0.124512,0.118408,0.148926,0.115967,0.155029,0.118408,0.101318,0.115967,0.10498,0.124512,0.134277
2016-12-01T17:40:00Z,302.34375,310.78125,307.96875,305.50781,304.80469,309.02344,306.91406,308.67188,310.07813,306.5625,311.48438,309.72656,10.60547,8.20313,10.07813,10.19531,10.42969,10.54688,11.01563,11.07422,11.42578,11.25,11.07422,11.42578,11.19141,0.126953,0.159912,0.140381,0.153809,0.115967,0.109863,0.100098,0.133057,0.130615,0.10498,0.112305
2016-12-01T17:50:00Z,304.80469,305.85938,306.91406,305.85938,307.96875,307.26563,309.375,304.45313,304.45313,309.72656,307.61719,309.375,10.72266,8.26172,9.84375,10.72266,10.07813,10.78125,10.83984,10.48828,10.89844,11.19141,11.13281,11.19141,11.07422,0.136719,0.12207,0.133057,0.129395,0.12085,0.125732,0.151367,0.109863,0.12207,0.133057,0.091553
2016-12-01T18:00:00Z,302.34375,307.61719,307.26563,306.21094,306.5625,307.61719,310.42969,309.375,310.07813,310.78125,307.61719,313.59375,10.72266,8.73047,10.19531,10.60547,10.42969,11.19141,11.42578,11.36719,10.83984,11.19141,11.01563,11.48438,11.30859,0.141602,0.12085,0.170898,0.111084,0.107422,0.135498,0.124512,0.148926,0.141602,0.115967,0.153809
2016-12-01T18:10:00Z,305.15625,305.85938,310.42969,306.91406,307.61719,309.02344,306.91406,308.67188,310.42969,311.13281,311.48438,311.13281,10.60547,8.4375,9.90234,9.96094,10.07813,10.07813,10.25391,10.72266,10.83984,10.60547,10.89844,10.78125,10.95703,0.129395,0.133057,0.109863,0.142822,0.169678,0.129395,0.115967,0.108643,0.107422,0.134277,0.124512
2016-12-01T18:20:00Z,304.10156,310.07813,308.67188,312.1875,307.26563,310.42969,310.78125,308.67188,314.64844,308.67188,314.29688,309.02344,10.42969,8.14453,9.55078,9.96094,10.01953,10.3125,10.89844,10.72266,11.13281,11.07422,11.07422,10.78125,11.07422,0.142822,0.106201,0.131836,0.140381,0.131836,0.106201,0.12207,0.109863,0.093994,0.145264,0.146484
2016-12-01T18:30:00Z,304.45313,307.96875,311.83594,309.72656,309.02344,309.375,311.83594,310.78125,310.07813,310.07813,311.83594,312.53906,10.25391,8.14453,9.96094,9.96094,9.84375,10.19531,10.66406,11.13281,11.07422,11.42578,11.36719,11.42578,11.01563,0.144043,0.177002,0.10498,0.107422,0.157471,0.133057,0.106201,0.140381,0.126953,0.12085,0.112305
2016-12-01T18:40:00Z,306.5625,311.83594,309.72656,311.13281,310.07813,309.02344,308.67188,308.67188,313.59375,313.24219,312.53906,313.59375,11.01563,8.26172,10.13672,10.07813,10.3125,10.25391,10.42969,11.13281,11.36719,11.36719,11.13281,11.13281,11.19141,0.147705,0.13916,0.119629,0.141602,0.136719,0.128174,0.123291,0.093994,0.123291,0.10498,0.117188
2016-12-01T18:50:00Z,304.80469,311.13281,312.1875,310.07813,313.59375,311.48438,312.89063,310.07813,312.53906,312.1875,314.64844,313.94531,9.90234,8.20313,10.83984,10.89844,11.01563,11.19141,10.83984,11.30859,11.60156,11.89453,11.66016,11.25,11.36719,0.134277,0.106201,0.128174,0.128174,0.152588,0.153809,0.136719,0.12207,0.141602,0.128174,0.106201
2016-12-01T19:00:00Z,309.375,313.59375,313.94531,310.07813,310.78125,312.53906,313.59375,313.24219,317.8125,313.24219,317.10938,310.07813,10.37109,8.49609,10.01953,10.01953,10.25391,9.90234,10.48828,10.3125,10.83984,10.78125,11.19141,10.48828,10.89844,0.126953,0.148926,0.13916,0.186768,0.175781,0.144043,0.135498,0.117188,0.13916,0.155029,0.128174
2016-12-01T19:10:00Z,308.32031,311.83594,312.53906,312.89063,315.70313,312.53906,314.29688,308.67188,315.35156,313.94531,315.35156,314.29688,10.01953,7.79297,10.19531,10.66406,10.25391,10.66406,11.01563,10.89844,11.30859,11.36719,11.66016,11.30859,11.42578,0.131836,0.114746,0.124512,0.117188,0.113525,0.119629,0.118408,0.148926,0.145264,0.137939,0.113525
2016-12-01T19:20:00Z,309.72656,309.72656,309.72656,308.67188,311.48438,310.07813,311.83594,314.29688,313.24219,311.48438,312.89063,311.13281,10.37109,8.26172,10.01953,10.25391,10.25391,10.72266,10.89844,10.95703,10.78125,10.95703,11.01563,11.25,11.25,0.150146,0.134277,0.145264,0.152588,0.114746,0.109863,0.129395,0.089111,0.117188,0.118408,0.109863
2016-12-01T19:30:00Z,307.26563,315.0,318.16406,312.53906,316.05469,311.13281,313.59375,314.29688,317.10938,318.51563,318.86719,315.0,10.19531,8.20313,9.96094,10.13672,10.19531,9.72656,10.01953,10.89844,11.07422,11.01563,10.95703,10.72266,10.66406,0.146484,0.145264,0.137939,0.128174,0.137939,0.150146,0.144043,0.118408,0.118408,0.169678,0.123291
2016-12-01T19:40:00Z,311.13281,314.29688,316.05469,311.83594,313.24219,317.46094,314.64844,316.40625,314.64844,316.40625,316.05469,315.35156,10.48828,7.67578,9.375,9.49219,9.66797,10.25391,10.42969,10.3125,10.37109,10.66406,10.60547,10.89844,10.60547,0.124512,0.162354,0.175781,0.175781,0.142822,0.124512,0.158691,0.136719,0.114746,0.124512,0.117188
2016-12-01T19:50:00Z,311.83594,316.05469,314.64844,316.05469,315.70313,315.0,309.02344,316.75781,315.35156,316.40625,313.94531,317.10938,9.55078,7.85156,9.66797,9.96094,9.96094,10.37109,10.37109,10.66406,10.54688,10.66406,10.95703,10.95703,10.78125,0.152588,0.12085,0.130615,0.145264,0.137939,0.109863,0.178223,0.194092,0.133057,0.123291,0.158691
2016-12-01T20:00:00Z,310.78125,315.70313,312.89063,316.05469,319.21875,317.10938,315.70313,317.8125,316.05469,315.0,315.70313,314.64844,9.84375,8.02734,9.72656,10.54688,9.96094,11.01563,10.95703,11.13281,10.78125,10.66406,10.89844,10.95703,11.25,0.168457,0.147705,0.124512,0.119629,0.108643,0.118408,0.137939,0.144043,0.141602,0.119629,0.126953
2016-12-01T20:10:00Z,311.83594,318.16406,317.10938,314.64844,314.64844,315.35156,314.29688,319.92188,317.46094,317.46094,317.10938,317.8125,10.42969,8.14453,9.84375,9.60938,9.90234,9.72656,9.72656,10.66406,10.42969,10.3125,10.37109,10.3125,10.60547,0.106201,0.157471,0.135498,0.157471,0.174561,0.124512,0.129395,0.107422,0.140381,0.140381,0.093994
2016-12-01T20:20:00Z,311.83594,319.21875,320.625,315.35156,315.70313,320.625,319.21875,314.64844,322.38281,320.27344,314.64844,317.8125,9.60938,7.61719,9.66797,9.66797,10.07813,10.25391,10.48828,10.66406,11.07422,10.83984,10.3125,10.78125,10.48828,0.131836,0.146484,0.12085,0.128174,0.131836,0.12207,0.12207,0.147705,0.126953,0.119629,0.123291
2016-12-01T20:30:00Z,313.94531,319.57031,321.32813,320.27344,325.89844,320.97656,322.38281,320.97656,319.57031,320.27344,325.19531,323.08594,10.13672,7.96875,9.55078,10.07813,9.49219,10.3125,10.42969,10.60547,10.72266,10.95703,11.07422,10.89844,10.78125,0.117188,0.118408,0.12207,0.112305,0.100098,0.161133,0.129395,0.098877,0.147705,0.140381,0.130615
2016-12-01T20:40:00Z,317.46094,323.08594,326.25,322.38281,320.97656,324.14063,323.78906,327.30469,319.92188,326.60156,324.84375,327.65625,9.96094,7.85156,9.49219,9.375,10.01953,9.90234,10.07813,10.48828,10.37109,10.48828,10.72266,10.78125,10.72266,0.148926,0.141602,0.113525,0.134277,0.128174,0.126953,0.093994,0.106201,0.137939,0.137939,0.111084
2016-12-01T20:50:00Z,320.27344,324.84375,324.49219,323.08594,326.25,324.14063,325.19531,325.89844,323.4375,326.60156,326.25,329.41406,9.55078,7.79297,9.60938,9.90234,9.60938,10.25391,10.60547,10.54688,10.60547,10.60547,11.13281,11.13281,11.07422,0.114746,0.085449,0.129395,0.091553,0.115967,0.107422,0.12207,0.126953,0.089111,0.090332,0.098877
2016-12-01T21:00:00Z,319.21875,325.19531,324.14063,325.54688,325.89844,324.49219,325.89844,327.65625,329.0625,329.76563,329.0625,328.00781,9.31641,7.79297,8.84766,9.19922,9.19922,9.375,9.84375,10.25391,10.66406,10.72266,10.83984,10.72266,10.83984,0.136719,0.141602,0.126953,0.129395,0.15625,0.13916,0.114746,0.10376,0.123291,0.10376,0.12207
2016-12-01T21:10:00Z,322.73438,329.0625,328.71094,324.49219,329.0625,328.71094,325.89844,328.71094,326.95313,326.95313,328.00781,332.57813,9.14063,7.32422,9.02344,9.25781,9.14063,9.72656,9.84375,9.96094,10.3125,10.48828,10.54688,11.07422,10.72266,0.114746,0.161133,0.13916,0.109863,0.115967,0.130615,0.124512,0.117188,0.119629,0.106201,0.113525
2016-12-01T21:20:00Z,321.67969,324.84375,323.08594,328.71094,326.60156,331.17188,327.30469,328.71094,329.0625,328.71094,328.35938,331.17188,9.55078,7.67578,8.96484,9.49219,9.25781,9.78516,9.72656,10.07813,10.07813,10.37109,10.54688,10.78125,10.60547,0.123291,0.144043,0.133057,0.126953,0.114746,0.106201,0.106201,0.128174,0.106201,0.090332,0.098877
2016-12-01T21:30:00Z,321.67969,330.11719,327.65625,325.89844,325.89844,327.30469,327.65625,324.84375,329.41406,329.0625,329.76563,329.41406,9.31641,7.32422,8.96484,8.96484,9.02344,9.31641,9.55078,9.72656,9.96094,10.3125,10.07813,10.13672,10.37109,0.114746,0.112305,0.134277,0.134277,0.137939,0.092773,0.118408,0.10498,0.100098,0.146484,0.079346
2016-12-01T21:40:00Z,321.32813,327.65625,326.95313,324.49219,329.76563,329.76563,325.89844,329.0625,333.28125,329.0625,328.35938,330.46875,8.55469,7.03125,8.20313,8.61328,8.37891,9.14063,9.25781,9.375,9.90234,9.66797,9.84375,10.3125,10.37109,0.115967,0.135498,0.148926,0.115967,0.097656,0.131836,0.096436,0.126953,0.101318,0.090332,0.125732
2016-12-01T21:50:00Z,322.38281,329.76563,329.76563,329.41406,330.46875,330.82031,333.98438,329.41406,332.22656,332.22656,335.03906,334.6875,8.26172,6.79688,8.49609,8.90625,8.78906,9.14063,9.60938,9.25781,9.60938,9.96094,10.42969,9.96094,10.19531,0.101318,0.092773,0.111084,0.130615,0.12207,0.097656,0.145264,0.117188,0.10376,0.102539,0.12207
2016-12-01T22:00:00Z,325.89844,335.03906,335.39063,331.875,334.33594,333.63281,334.33594,334.6875,332.57813,336.44531,333.98438,337.14844,8.55469,7.03125,8.55469,9.02344,8.73047,9.02344,9.375,9.31641,9.49219,9.96094,10.13672,10.13672,10.25391,0.152588,0.133057,0.161133,0.128174,0.108643,0.123291,0.117188,0.10376,0.10498,0.112305,0.109863
2016-12-01T22:10:00Z,328.71094,336.09375,334.6875,332.22656,339.96094,337.5,336.09375,338.20313,336.79688,339.25781,341.01563,340.3125,8.67188,6.62109,7.96875,8.14453,8.08594,8.4375,8.20313,9.08203,9.31641,9.31641,9.66797,9.60938,9.49219,0.10376,0.12207,0.098877,0.115967,0.128174,0.12207,0.10498,0.118408,0.117188,0.081787,0.113525
2016-12-01T22:20:00Z,329.76563,332.22656,331.875,333.28125,332.92969,336.44531,335.03906,332.22656,336.79688,334.33594,337.14844,335.39063,7.67578,6.21094,7.5,7.91016,7.79297,8.61328,8.78906,8.78906,9.08203,9.49219,9.66797,9.43359,9.78516,0.12085,0.135498,0.157471,0.083008,0.097656,0.107422,0.109863,0.096436,0.083008,0.098877,0.129395
2016-12-01T22:30:00Z,324.84375,330.11719,329.76563,328.71094,331.875,331.17188,334.33594,333.98438,335.74219,336.79688,337.85156,335.39063,7.73438,5.97656,7.55859,7.91016,7.67578,7.96875,8.84766,8.78906,9.19922,9.375,9.84375,9.84375,10.01953,0.126953,0.136719,0.114746,0.112305,0.113525,0.123291,0.101318,0.115967,0.098877,0.12207,0.12085
2016-12-01T22:40:00Z,325.89844,325.19531,327.30469,327.30469,329.0625,332.22656,329.41406,331.17188,330.46875,333.63281,332.22656,336.44531,7.61719,5.97656,8.14453,8.67188,8.26172,9.49219,9.55078,9.60938,10.42969,10.95703,11.66016,12.59766,13.06641,0.158691,0.152588,0.19043,0.136719,0.142822,0.172119,0.151367,0.140381,0.174561,0.187988,0.144043
2016-12-01T22:50:00Z,320.625,325.19531,327.65625,325.19531,323.78906,325.54688,328.35938,327.30469,329.41406,328.35938,331.875,336.44531,8.96484,6.97266,9.19922,9.375,9.66797,9.84375,10.42969,10.72266,11.01563,11.07422,11.89453,12.65625,12.48047,0.141602,0.125732,0.133057,0.133057,0.130615,0.153809,0.131836,0.13916,0.180664,0.140381,0.126953
2016-12-01T23:00:00Z,321.67969,329.76563,330.11719,329.0625,333.28125,330.82031,333.98438,329.41406,333.28125,331.17188,331.17188,332.92969,10.25391,7.61719,10.07813,10.48828,10.48828,10.95703,11.54297,12.01172,11.71875,12.01172,12.71484,13.06641,13.18359,0.151367,0.19043,0.157471,0.126953,0.130615,0.136719,0.144043,0.153809,0.125732,0.089111,0.118408
2016-12-01T23:10:00Z,325.19531,330.46875,329.76563,330.46875,335.03906,330.11719,335.03906,333.98438,333.28125,335.74219,335.74219,336.44531,11.07422,7.85156,8.90625,9.02344,8.96484,9.25781,9.96094,10.42969,10.95703,11.60156,12.48047,13.18359,13.06641,0.147705,0.097656,0.109863,0.106201,0.106201,0.109863,0.130615,0.136719,0.158691,0.140381,0.113525
2016-12-01T23:20:00Z,325.89844,329.0625,330.82031,329.76563,332.22656,332.92969,331.17188,329.0625,328.35938,332.57813,331.52344,331.875,8.49609,6.67969,8.84766,9.25781,8.78906,9.60938,9.96094,10.13672,10.37109,10.95703,11.66016,11.95313,12.1875,0.112305,0.113525,0.117188,0.129395,0.124512,0.123291,0.119629,0.123291,0.13916,0.153809,0.13916
2016-12-01T23:30:00Z,325.19531,320.97656,321.32813,326.60156,319.92188,320.625,323.4375,326.25,324.14063,325.89844,325.19531,326.60156,8.96484,6.85547,8.02734,8.37891,8.4375,9.02344,9.78516,9.96094,9.84375,9.90234,10.13672,10.72266,10.83984,0.119629,0.136719,0.130615,0.128174,0.114746,0.144043,0.147705,0.118408,0.12207,0.123291,0.095215
2016-12-01T23:40:00Z,316.40625,318.51563,317.10938,318.51563,318.51563,318.86719,318.86719,319.92188,323.08594,320.97656,324.49219,318.51563,8.84766,6.73828,8.67188,8.84766,9.02344,9.55078,9.78516,9.84375,10.3125,10.42969,10.54688,10.13672,10.42969,0.12207,0.123291,0.135498,0.111084,0.111084,0.158691,0.095215,0.089111,0.146484,0.114746,0.114746
2016-12-01T23:50:00Z,314.29688,320.27344,320.625,318.51563,316.40625,317.8125,318.86719,322.03125,319.57031,321.67969,320.625,325.54688,9.19922,7.32422,8.73047,8.78906,8.84766,9.43359,9.66797,10.01953,10.01953,9.96094,10.3125,10.72266,10.48828,0.13916,0.129395,0.170898,0.136719,0.136719,0.119629,0.158691,0.177002,0.080566,0.096436,0.142822
