LOCATION: 
SYSTEM SERIAL: HKZB
TIMESTAMP (ISO-8601) UTC,WindDir004m deg,WindDir030m deg,WindDir040m deg,WindDir040m_ref deg,WindDir060m deg,WindDir080m deg,WindDir100m deg,WindDir120m deg,WindDir140m deg,WindDir160m deg,WindDir180m deg,WindDir200m deg,WindGust004m m/s,WindSpeed004m m/s,WindSpeed030mh m/s,WindSpeed040mh m/s,WindSpeed040m_refh m/s,WindSpeed060mh m/s,WindSpeed080mh m/s,WindSpeed100mh m/s,WindSpeed120mh m/s,WindSpeed140mh m/s,WindSpeed160mh m/s,WindSpeed180mh m/s,WindSpeed200mh m/s,TI 030m,TI 040m,TI 040m ref,TI 060m,TI 080m,TI 100m,TI 120m,TI 140m,TI 160m,TI 180m,TI 200m
2016-09-02T00:00:00Z,208.82813,211.28906,211.99219,209.53125,211.99219,211.99219,212.69531,210.58594,213.04688,213.75,213.75,213.39844,8.55469,6.97266,8.26172,8.49609,8.55469,8.55469,8.67188,8.61328,8.78906,8.67188,8.90625,8.84766,8.73047,0.124512,0.133057,0.109863,0.117188,0.111084,0.087891,0.109863,0.125732,0.118408,0.091553,0.128174
2016-09-02T00:10:00Z,211.28906,224.29688,223.24219,219.375,221.83594,223.24219,219.72656,220.78125,221.48438,220.78125,221.13281,219.02344,9.14063,7.32422,8.90625,8.67188,8.96484,8.61328,8.49609,8.73047,8.73047,8.78906,8.67188,8.4375,8.4375,0.119629,0.08667,0.126953,0.107422,0.130615,0.097656,0.12207,0.112305,0.090332,0.161133,0.119629
2016-09-02T00:20:00Z,219.72656,226.05469,225.0,227.8125,225.70313,228.86719,227.10938,226.75781,226.75781,228.51563,228.51563,227.8125,8.49609,7.20703,8.02734,8.4375,8.37891,8.49609,8.55469,8.49609,8.73047,8.67188,8.67188,8.61328,8.49609,0.106201,0.12085,0.142822,0.141602,0.085449,0.119629,0.126953,0.128174,0.12085,0.102539,0.130615
2016-09-02T00:30:00Z,223.59375,225.0,222.1875,222.53906,222.89063,222.53906,222.89063,220.07813,223.59375,222.53906,225.0,224.29688,8.55469,7.03125,8.14453,8.37891,8.14453,8.32031,8.26172,7.91016,8.32031,8.26172,8.4375,8.26172,8.32031,0.128174,0.12085,0.112305,0.113525,0.130615,0.187988,0.130615,0.144043,0.117188,0.137939,0.124512
2016-09-02T00:40:00Z,220.78125,224.29688,224.29688,225.70313,226.40625,227.8125,227.8125,225.35156,226.40625,228.16406,229.92188,228.51563,8.73047,6.79688,7.61719,7.73438,7.67578,8.20313,8.14453,7.73438,8.08594,8.08594,8.26172,8.20313,7.96875,0.133057,0.133057,0.096436,0.113525,0.092773,0.145264,0.136719,0.092773,0.159912,0.095215,0.133057
2016-09-02T00:50:00Z,221.83594,224.64844,222.1875,225.0,224.64844,224.29688,225.70313,227.10938,227.8125,225.0,230.97656,227.10938,8.02734,6.50391,7.5,7.61719,7.67578,7.96875,7.85156,8.14453,8.14453,7.96875,8.08594,8.08594,8.20313,0.135498,0.147705,0.12085,0.114746,0.140381,0.119629,0.135498,0.130615,0.123291,0.163574,0.140381
2016-09-02T01:00:00Z,219.72656,223.94531,221.13281,222.1875,223.24219,222.89063,222.53906,222.53906,223.94531,223.59375,223.24219,225.35156,8.08594,6.50391,8.02734,8.20313,8.4375,8.26172,8.37891,8.49609,8.61328,8.37891,8.55469,8.55469,8.67188,0.163574,0.151367,0.109863,0.134277,0.113525,0.13916,0.10376,0.129395,0.130615,0.137939,0.113525
2016-09-02T01:10:00Z,219.72656,223.24219,223.24219,225.0,223.94531,226.75781,226.40625,225.70313,225.0,224.29688,228.51563,225.70313,8.73047,7.14844,8.49609,8.78906,8.49609,8.73047,8.78906,8.78906,8.84766,8.61328,9.08203,8.78906,8.96484,0.109863,0.093994,0.113525,0.10376,0.112305,0.113525,0.12207,0.118408,0.151367,0.150146,0.100098
2016-09-02T01:20:00Z,220.07813,221.13281,220.42969,221.83594,222.53906,220.07813,221.48438,222.53906,221.83594,217.61719,218.67188,220.42969,8.67188,7.14844,8.37891,8.49609,8.37891,8.37891,8.55469,8.67188,8.78906,8.4375,8.49609,8.73047,8.67188,0.107422,0.180664,0.095215,0.12207,0.147705,0.135498,0.093994,0.133057,0.148926,0.114746,0.107422
2016-09-02T01:30:00Z,216.91406,220.42969,216.91406,217.61719,217.61719,221.13281,219.02344,216.91406,222.1875,219.375,220.78125,220.42969,9.02344,7.32422,8.78906,8.90625,8.90625,8.96484,8.78906,8.84766,8.78906,8.90625,8.84766,8.67188,8.4375,0.115967,0.078125,0.117188,0.087891,0.102539,0.097656,0.128174,0.111084,0.100098,0.125732,0.12207
2016-09-02T01:40:00Z,215.50781,215.85938,211.99219,215.50781,218.32031,216.21094,218.67188,213.04688,218.32031,216.21094,215.15625,217.96875,8.73047,7.44141,7.91016,8.08594,7.85156,8.08594,8.20313,8.08594,8.14453,8.26172,8.26172,8.20313,8.37891,0.148926,0.10376,0.10376,0.114746,0.109863,0.098877,0.095215,0.10376,0.093994,0.115967,0.097656
2016-09-02T01:50:00Z,212.34375,216.5625,212.34375,214.45313,211.99219,212.34375,215.85938,216.91406,214.10156,217.61719,217.96875,214.80469,8.32031,7.03125,7.85156,7.91016,7.85156,7.91016,8.08594,8.26172,7.91016,8.26172,8.20313,7.96875,8.20313,0.100098,0.078125,0.118408,0.111084,0.096436,0.10376,0.084229,0.08667,0.075684,0.102539,0.093994
2016-09-02T02:00:00Z,210.9375,211.64063,213.75,215.15625,214.45313,211.28906,214.45313,211.64063,213.04688,213.04688,212.34375,215.85938,8.20313,7.03125,8.55469,8.55469,8.61328,8.73047,8.73047,8.55469,8.49609,8.78906,8.55469,8.73047,8.73047,0.108643,0.076904,0.112305,0.107422,0.10376,0.075684,0.119629,0.081787,0.076904,0.107422,0.058594
2016-09-02T02:10:00Z,209.88281,211.64063,214.10156,212.34375,213.39844,214.80469,211.64063,213.75,213.39844,210.9375,218.32031,213.75,9.14063,7.73438,8.78906,8.67188,8.61328,8.84766,8.67188,8.84766,8.78906,8.90625,8.84766,8.84766,8.84766,0.101318,0.085449,0.087891,0.097656,0.107422,0.076904,0.075684,0.097656,0.076904,0.08667,0.064697
2016-09-02T02:20:00Z,209.17969,217.26563,215.85938,216.5625,217.96875,215.85938,216.91406,213.04688,218.32031,217.96875,220.07813,216.91406,8.90625,7.44141,8.84766,8.78906,9.14063,8.90625,9.08203,8.96484,9.02344,9.31641,9.02344,9.375,9.02344,0.06958,0.091553,0.074463,0.076904,0.075684,0.101318,0.083008,0.087891,0.091553,0.074463,0.096436
2016-09-02T02:30:00Z,215.50781,218.67188,216.91406,218.67188,214.10156,218.32031,219.02344,217.61719,219.375,220.07813,219.375,217.26563,9.19922,7.85156,8.90625,8.84766,8.90625,8.84766,8.90625,9.08203,9.02344,9.02344,9.02344,9.08203,8.96484,0.065918,0.087891,0.092773,0.061035,0.090332,0.107422,0.076904,0.095215,0.059814,0.08667,0.079346
2016-09-02T02:40:00Z,215.15625,220.78125,221.83594,217.96875,218.67188,220.07813,220.78125,222.1875,222.53906,221.13281,220.78125,224.64844,9.375,7.73438,8.49609,8.49609,8.84766,8.90625,8.78906,8.78906,8.73047,9.08203,9.02344,8.90625,9.02344,0.084229,0.124512,0.097656,0.083008,0.089111,0.087891,0.108643,0.072021,0.098877,0.083008,0.093994
2016-09-02T02:50:00Z,222.53906,231.32813,227.46094,227.46094,229.92188,228.16406,233.4375,230.625,231.32813,230.97656,228.51563,233.78906,9.14063,7.67578,9.08203,9.14063,9.14063,9.19922,9.19922,9.19922,9.31641,9.14063,9.19922,9.31641,9.08203,0.074463,0.089111,0.087891,0.075684,0.087891,0.084229,0.081787,0.074463,0.087891,0.081787,0.081787
2016-09-02T03:00:00Z,226.40625,232.73438,229.92188,232.38281,236.25,232.03125,231.32813,232.38281,230.625,230.625,229.92188,231.67969,9.96094,8.20313,9.02344,9.375,9.31641,9.43359,9.43359,9.49219,9.49219,9.19922,9.375,9.49219,9.55078,0.100098,0.093994,0.100098,0.097656,0.058594,0.06958,0.072021,0.076904,0.081787,0.057373,0.080566
2016-09-02T03:10:00Z,230.625,227.46094,231.67969,228.51563,230.97656,229.57031,226.40625,229.92188,226.75781,229.21875,228.16406,227.8125,9.55078,7.91016,8.61328,8.78906,8.67188,8.67188,8.78906,8.90625,8.73047,8.90625,8.78906,8.84766,8.84766,0.093994,0.064697,0.093994,0.085449,0.087891,0.081787,0.093994,0.075684,0.06958,0.06958,0.06958
2016-09-02T03:20:00Z,223.94531,222.53906,225.35156,225.35156,223.59375,227.8125,224.29688,225.70313,226.40625,225.35156,225.35156,223.94531,8.55469,7.26563,8.20313,8.08594,8.14453,8.55469,8.37891,8.4375,8.32031,8.55469,8.67188,8.61328,8.61328,0.10376,0.084229,0.106201,0.097656,0.111084,0.092773,0.091553,0.096436,0.136719,0.102539,0.092773
2016-09-02T03:30:00Z,222.89063,223.59375,225.70313,228.51563,223.59375,229.57031,223.24219,227.46094,228.86719,225.0,225.70313,222.1875,8.55469,7.26563,8.55469,8.73047,8.61328,8.55469,8.67188,8.61328,8.78906,8.37891,8.49609,8.37891,8.4375,0.100098,0.101318,0.117188,0.112305,0.119629,0.078125,0.133057,0.12085,0.090332,0.13916,0.093994
2016-09-02T03:40:00Z,220.78125,219.375,217.96875,220.42969,221.13281,223.24219,218.67188,221.13281,218.67188,220.78125,218.32031,221.13281,8.67188,7.38281,8.37891,8.73047,8.4375,8.96484,8.96484,8.73047,8.73047,8.55469,8.84766,8.78906,9.02344,0.115967,0.106201,0.083008,0.109863,0.083008,0.100098,0.12085,0.106201,0.114746,0.089111,0.092773
2016-09-02T03:50:00Z,215.50781,218.67188,221.13281,216.5625,219.02344,220.07813,216.5625,217.26563,221.83594,217.61719,216.5625,219.375,8.78906,7.44141,8.55469,8.4375,8.32031,8.49609,8.26172,8.4375,8.84766,8.84766,8.4375,8.49609,8.78906,0.117188,0.096436,0.114746,0.096436,0.113525,0.080566,0.076904,0.096436,0.10498,0.119629,0.112305
2016-09-02T04:00:00Z,216.5625,219.375,222.53906,218.67188,219.72656,221.48438,221.13281,221.48438,220.42969,220.42969,220.07813,221.13281,9.14063,7.26563,8.90625,8.67188,8.49609,8.49609,8.4375,8.73047,8.67188,8.90625,8.61328,8.67188,8.55469,0.12085,0.10498,0.15625,0.111084,0.091553,0.12085,0.093994,0.092773,0.115967,0.113525,0.124512
2016-09-02T04:10:00Z,215.50781,220.07813,218.32031,218.67188,219.375,219.375,219.02344,220.07813,220.07813,219.02344,221.83594,218.32031,9.49219,7.44141,8.55469,8.96484,8.61328,8.96484,8.84766,8.78906,8.78906,9.08203,9.08203,8.96484,8.84766,0.113525,0.102539,0.106201,0.080566,0.107422,0.129395,0.101318,0.092773,0.095215,0.091553,0.111084
2016-09-02T04:20:00Z,217.26563,217.96875,221.13281,216.91406,220.07813,217.96875,219.375,217.61719,215.85938,216.5625,219.375,217.61719,9.02344,7.61719,9.02344,9.19922,9.02344,9.08203,9.19922,9.02344,9.14063,9.08203,9.60938,9.375,9.19922,0.081787,0.134277,0.102539,0.097656,0.10376,0.101318,0.115967,0.118408,0.096436,0.113525,0.093994
2016-09-02T04:30:00Z,215.15625,217.61719,215.50781,213.39844,220.07813,215.85938,217.26563,215.15625,216.91406,217.61719,213.39844,219.72656,9.14063,7.61719,9.08203,9.08203,9.08203,9.14063,8.96484,9.02344,9.19922,9.14063,9.14063,9.08203,9.19922,0.111084,0.115967,0.109863,0.128174,0.112305,0.128174,0.097656,0.081787,0.089111,0.114746,0.10376
2016-09-02T04:40:00Z,212.69531,217.96875,215.85938,214.10156,213.04688,217.61719,215.50781,215.85938,216.5625,215.50781,217.61719,213.75,9.375,7.85156,8.84766,9.02344,9.08203,9.14063,9.43359,9.31641,9.43359,9.14063,9.31641,9.19922,9.375,0.106201,0.108643,0.098877,0.095215,0.095215,0.117188,0.098877,0.115967,0.089111,0.12207,0.107422
2016-09-02T04:50:00Z,211.99219,216.5625,214.10156,216.5625,215.50781,215.15625,216.91406,214.45313,215.85938,217.96875,216.91406,217.61719,9.84375,7.73438,8.96484,9.19922,9.25781,9.19922,9.25781,9.375,9.375,9.43359,9.49219,9.375,9.14063,0.112305,0.098877,0.095215,0.109863,0.108643,0.093994,0.107422,0.107422,0.12085,0.12085,0.117188
2016-09-02T05:00:00Z,213.39844,220.78125,217.96875,217.26563,219.375,217.61719,219.375,216.21094,214.80469,219.72656,216.5625,216.21094,9.72656,7.96875,9.14063,9.08203,9.31641,9.02344,9.25781,9.02344,9.08203,9.375,9.31641,9.14063,9.25781,0.12085,0.112305,0.130615,0.101318,0.097656,0.102539,0.098877,0.100098,0.092773,0.109863,0.090332
2016-09-02T05:10:00Z,215.50781,216.91406,216.21094,216.21094,214.45313,215.85938,215.15625,217.26563,215.50781,217.61719,218.32031,219.02344,9.55078,7.61719,8.96484,8.67188,9.19922,9.08203,8.90625,9.14063,9.08203,8.78906,9.02344,8.96484,9.14063,0.130615,0.107422,0.119629,0.098877,0.146484,0.081787,0.126953,0.128174,0.13916,0.150146,0.108643
2016-09-02T05:20:00Z,209.88281,214.45313,214.45313,213.39844,212.34375,213.04688,214.10156,215.85938,216.21094,216.5625,214.10156,219.72656,9.19922,7.5,8.55469,8.67188,8.37891,8.78906,8.84766,8.73047,8.78906,8.96484,8.73047,8.84766,8.90625,0.106201,0.123291,0.113525,0.092773,0.106201,0.10498,0.115967,0.097656,0.080566,0.123291,0.061035
2016-09-02T05:30:00Z,213.75,223.24219,224.29688,223.24219,223.24219,224.64844,222.53906,221.48438,223.59375,223.59375,222.53906,222.89063,9.43359,7.67578,8.90625,8.78906,8.73047,8.73047,8.84766,8.67188,8.73047,8.78906,8.61328,8.84766,8.67188,0.085449,0.090332,0.080566,0.083008,0.107422,0.145264,0.118408,0.096436,0.118408,0.107422,0.109863
2016-09-02T05:40:00Z,221.13281,222.1875,225.0,223.24219,224.64844,224.64844,226.75781,225.35156,225.35156,222.53906,225.35156,224.64844,9.19922,7.44141,8.37891,8.37891,8.4375,8.37891,8.73047,8.73047,8.61328,8.20313,8.37891,8.78906,8.61328,0.10376,0.130615,0.128174,0.119629,0.134277,0.13916,0.112305,0.10498,0.133057,0.10376,0.10498
2016-09-02T05:50:00Z,220.42969,219.375,223.24219,219.375,219.72656,223.24219,221.48438,220.78125,222.89063,224.64844,225.0,221.83594,8.61328,6.97266,7.85156,7.91016,7.96875,7.91016,8.02734,8.20313,8.32031,8.20313,7.91016,8.02734,8.02734,0.10498,0.106201,0.141602,0.115967,0.10376,0.10376,0.091553,0.093994,0.106201,0.092773,0.114746
2016-09-02T06:00:00Z,216.21094,221.83594,223.59375,219.375,221.83594,224.64844,223.24219,221.83594,219.72656,222.53906,223.59375,222.1875,8.02734,6.79688,7.79297,7.79297,7.79297,7.85156,8.32031,7.79297,7.91016,7.85156,8.08594,7.91016,7.85156,0.136719,0.124512,0.142822,0.091553,0.097656,0.108643,0.098877,0.170898,0.146484,0.141602,0.10376
2016-09-02T06:10:00Z,219.375,223.59375,222.89063,223.94531,222.53906,222.89063,221.48438,226.40625,227.10938,224.64844,222.89063,225.35156,8.02734,6.67969,7.73438,7.73438,7.96875,7.91016,8.08594,8.08594,8.20313,7.85156,7.79297,8.02734,8.26172,0.090332,0.112305,0.095215,0.119629,0.10376,0.10376,0.114746,0.150146,0.112305,0.117188,0.108643
2016-09-02T06:20:00Z,221.48438,223.59375,220.78125,224.29688,220.42969,224.29688,223.59375,224.29688,222.1875,227.8125,225.35156,224.29688,8.55469,6.91406,8.02734,8.26172,8.49609,8.37891,8.49609,8.49609,8.4375,8.02734,8.49609,8.32031,8.37891,0.137939,0.117188,0.136719,0.142822,0.131836,0.112305,0.119629,0.159912,0.106201,0.137939,0.133057
2016-09-02T06:30:00Z,218.67188,218.32031,223.59375,219.72656,221.48438,220.07813,224.29688,226.05469,225.35156,223.24219,222.89063,223.94531,8.84766,7.08984,7.73438,7.96875,7.79297,7.91016,7.96875,8.37891,7.91016,8.08594,8.08594,8.32031,8.14453,0.134277,0.146484,0.134277,0.130615,0.124512,0.145264,0.101318,0.112305,0.166016,0.126953,0.107422
2016-09-02T06:40:00Z,220.07813,229.21875,228.86719,224.64844,229.21875,227.10938,228.16406,228.86719,230.27344,225.35156,226.75781,226.75781,8.14453,6.67969,7.96875,8.20313,8.20313,8.14453,8.32031,8.61328,8.32031,7.91016,8.20313,8.08594,8.20313,0.142822,0.131836,0.129395,0.129395,0.123291,0.111084,0.141602,0.163574,0.109863,0.19043,0.126953
2016-09-02T06:50:00Z,226.05469,225.35156,226.05469,224.64844,227.8125,226.75781,227.10938,227.46094,225.70313,225.0,230.27344,229.21875,8.49609,7.03125,7.91016,8.55469,8.02734,8.37891,8.14453,8.26172,8.4375,7.96875,8.26172,8.4375,8.20313,0.152588,0.153809,0.101318,0.10498,0.128174,0.153809,0.106201,0.119629,0.10376,0.112305,0.107422
2016-09-02T07:00:00Z,223.24219,227.8125,228.86719,228.86719,230.625,230.625,232.03125,227.10938,229.21875,229.21875,230.27344,228.16406,8.55469,7.08984,8.14453,8.32031,8.55469,8.49609,8.49609,8.37891,8.61328,8.08594,8.73047,8.32031,8.26172,0.153809,0.13916,0.119629,0.12085,0.189209,0.159912,0.144043,0.130615,0.141602,0.164795,0.163574
2016-09-02T07:10:00Z,225.70313,227.10938,225.35156,227.8125,229.92188,227.8125,232.38281,229.92188,233.08594,234.14063,236.60156,234.49219,9.19922,7.26563,8.78906,9.25781,9.08203,9.14063,9.19922,8.90625,9.25781,9.14063,9.25781,8.78906,9.02344,0.166016,0.130615,0.12207,0.098877,0.133057,0.145264,0.12085,0.113525,0.115967,0.178223,0.140381
2016-09-02T07:20:00Z,228.16406,238.00781,236.60156,238.35938,235.89844,236.60156,237.30469,238.35938,241.17188,241.17188,240.82031,238.71094,8.61328,7.38281,8.67188,8.4375,8.96484,8.4375,8.67188,9.02344,9.02344,9.08203,8.78906,8.90625,8.4375,0.118408,0.111084,0.102539,0.163574,0.141602,0.113525,0.10498,0.140381,0.136719,0.112305,0.147705
2016-09-02T07:30:00Z,235.19531,241.875,239.76563,239.76563,242.22656,241.875,241.52344,242.22656,242.57813,244.6875,243.98438,245.03906,9.31641,7.32422,8.96484,9.19922,9.08203,9.08203,9.08203,9.08203,9.02344,9.25781,9.08203,8.90625,8.84766,0.112305,0.114746,0.131836,0.12207,0.135498,0.141602,0.123291,0.124512,0.147705,0.129395,0.133057
2016-09-02T07:40:00Z,236.25,240.11719,236.95313,241.875,241.52344,241.875,240.11719,238.35938,241.17188,238.35938,242.92969,240.82031,9.55078,7.5,8.78906,9.19922,9.02344,9.375,9.49219,8.90625,9.14063,9.375,9.25781,9.08203,9.08203,0.150146,0.145264,0.162354,0.152588,0.100098,0.119629,0.126953,0.128174,0.10376,0.168457,0.128174
2016-09-02T07:50:00Z,234.84375,241.17188,238.71094,245.39063,239.0625,239.41406,241.17188,242.57813,242.92969,243.28125,241.17188,241.17188,9.25781,7.5,9.02344,9.14063,9.25781,9.43359,9.49219,9.60938,9.49219,9.43359,9.02344,9.19922,9.31641,0.10498,0.136719,0.113525,0.135498,0.128174,0.119629,0.111084,0.101318,0.112305,0.137939,0.106201
2016-09-02T08:00:00Z,236.60156,237.30469,238.35938,239.0625,234.84375,243.28125,240.11719,241.17188,240.11719,239.76563,238.00781,241.52344,10.07813,7.85156,8.4375,8.4375,8.67188,9.14063,8.96484,8.78906,8.49609,8.84766,8.67188,8.90625,8.78906,0.125732,0.125732,0.089111,0.125732,0.131836,0.126953,0.117188,0.134277,0.102539,0.10376,0.100098
2016-09-02T08:10:00Z,231.32813,233.78906,234.84375,229.92188,232.73438,234.14063,233.4375,233.78906,233.4375,234.14063,233.4375,235.19531,9.08203,7.38281,8.14453,8.26172,8.26172,8.37891,8.4375,8.4375,8.26172,8.37891,8.4375,8.55469,8.37891,0.111084,0.117188,0.113525,0.129395,0.12085,0.107422,0.101318,0.124512,0.128174,0.12207,0.089111
2016-09-02T08:20:00Z,228.16406,233.08594,235.54688,234.14063,237.30469,234.84375,234.84375,235.19531,232.38281,233.08594,235.54688,234.49219,8.78906,7.26563,8.4375,8.67188,8.20313,8.67188,8.4375,8.55469,8.55469,8.55469,8.78906,8.67188,8.37891,0.128174,0.118408,0.119629,0.084229,0.130615,0.111084,0.092773,0.109863,0.083008,0.090332,0.125732
2016-09-02T08:30:00Z,232.03125,236.95313,239.0625,236.25,235.54688,237.30469,238.35938,236.95313,238.00781,239.0625,240.11719,240.46875,8.37891,7.03125,7.96875,7.79297,7.67578,8.14453,8.08594,8.14453,8.20313,8.26172,8.20313,8.32031,8.20313,0.117188,0.123291,0.134277,0.109863,0.111084,0.078125,0.100098,0.10376,0.089111,0.109863,0.111084
2016-09-02T08:40:00Z,229.57031,230.625,230.27344,229.92188,230.97656,231.32813,229.57031,229.57031,229.92188,229.21875,230.27344,229.92188,8.78906,7.08984,7.96875,8.20313,8.26172,8.26172,8.20313,8.08594,8.14453,8.14453,8.26172,8.26172,8.26172,0.12085,0.098877,0.096436,0.102539,0.085449,0.147705,0.125732,0.111084,0.115967,0.075684,0.114746
2016-09-02T08:50:00Z,227.10938,230.625,233.08594,232.03125,234.84375,231.67969,230.625,231.32813,231.67969,232.73438,233.08594,234.14063,8.14453,6.62109,7.44141,7.44141,7.26563,7.55859,7.61719,7.79297,7.79297,8.02734,7.91016,8.02734,7.85156,0.087891,0.118408,0.129395,0.114746,0.096436,0.096436,0.100098,0.109863,0.109863,0.111084,0.076904
2016-09-02T09:00:00Z,228.86719,227.46094,230.27344,228.51563,228.51563,229.92188,230.97656,235.19531,233.08594,235.54688,234.84375,236.95313,7.96875,6.50391,7.38281,7.44141,7.32422,7.44141,7.67578,7.96875,7.96875,7.91016,7.85156,7.85156,7.79297,0.112305,0.100098,0.128174,0.126953,0.102539,0.092773,0.131836,0.08667,0.08667,0.087891,0.095215
2016-09-02T09:10:00Z,224.64844,227.8125,227.10938,230.27344,229.57031,228.86719,232.03125,232.73438,231.32813,233.4375,236.95313,233.4375,8.55469,6.5625,7.67578,7.85156,7.67578,7.79297,7.85156,7.73438,7.96875,8.02734,8.08594,7.96875,7.91016,0.102539,0.111084,0.107422,0.095215,0.098877,0.10376,0.111084,0.118408,0.095215,0.107422,0.117188
2016-09-02T09:20:00Z,229.21875,233.78906,234.84375,235.89844,234.14063,232.03125,231.67969,235.89844,235.54688,234.49219,236.25,235.89844,8.20313,6.79688,7.96875,7.91016,7.96875,7.96875,8.08594,8.4375,8.4375,8.08594,8.20313,8.14453,8.14453,0.101318,0.096436,0.092773,0.085449,0.10376,0.085449,0.085449,0.096436,0.098877,0.102539,0.117188
2016-09-02T09:30:00Z,228.16406,232.38281,231.32813,233.08594,232.73438,232.03125,233.4375,233.08594,234.49219,236.95313,235.54688,234.14063,8.49609,6.91406,8.37891,8.61328,8.55469,8.61328,8.61328,8.61328,8.55469,8.4375,8.55469,8.20313,8.26172,0.10498,0.062256,0.097656,0.10498,0.081787,0.090332,0.10498,0.098877,0.084229,0.135498,0.097656
2016-09-02T09:40:00Z,230.27344,235.89844,236.95313,233.78906,232.73438,230.625,233.78906,232.03125,233.08594,236.25,235.54688,235.54688,8.96484,7.38281,8.49609,8.32031,8.37891,8.20313,8.67188,8.96484,8.78906,8.78906,8.84766,8.78906,8.4375,0.117188,0.134277,0.10376,0.128174,0.073242,0.091553,0.117188,0.093994,0.084229,0.123291,0.100098
2016-09-02T09:50:00Z,230.27344,232.38281,233.08594,232.03125,232.38281,233.4375,234.84375,231.67969,231.32813,232.38281,229.57031,232.03125,9.08203,7.44141,8.55469,8.61328,8.84766,8.84766,9.08203,8.90625,8.90625,8.90625,8.78906,8.84766,8.78906,0.10376,0.119629,0.076904,0.113525,0.083008,0.08667,0.062256,0.067139,0.091553,0.084229,0.101318
2016-09-02T10:00:00Z,227.46094,232.03125,232.03125,228.16406,230.97656,233.08594,233.08594,232.73438,232.73438,230.97656,229.92188,229.92188,8.84766,7.55859,8.55469,8.55469,8.37891,8.73047,8.61328,8.49609,8.67188,8.55469,8.67188,8.90625,8.78906,0.100098,0.092773,0.098877,0.108643,0.112305,0.076904,0.08667,0.10498,0.064697,0.102539,0.092773
2016-09-02T10:10:00Z,227.8125,225.35156,226.05469,225.35156,226.40625,228.16406,228.16406,227.8125,226.05469,225.70313,227.46094,229.57031,8.78906,7.44141,8.49609,8.61328,8.4375,8.96484,8.90625,8.90625,8.78906,8.90625,9.02344,8.90625,8.78906,0.100098,0.113525,0.101318,0.092773,0.10498,0.096436,0.095215,0.095215,0.12207,0.081787,0.084229
2016-09-02T10:20:00Z,220.07813,225.35156,228.51563,227.8125,229.92188,227.8125,227.8125,224.64844,227.46094,225.70313,226.40625,227.10938,9.55078,7.67578,9.02344,9.31641,9.02344,9.19922,9.25781,8.90625,9.14063,9.25781,9.375,9.25781,9.31641,0.101318,0.106201,0.108643,0.100098,0.089111,0.135498,0.068359,0.087891,0.10376,0.113525,0.089111
2016-09-02T10:30:00Z,224.29688,228.16406,226.75781,226.40625,226.05469,226.40625,226.40625,227.8125,228.86719,228.16406,227.10938,228.16406,9.72656,7.79297,9.31641,9.375,9.375,9.60938,9.31641,9.66797,9.60938,9.55078,9.60938,9.55078,9.55078,0.10376,0.111084,0.100098,0.092773,0.133057,0.125732,0.091553,0.107422,0.097656,0.12085,0.126953
2016-09-02T10:40:00Z,223.59375,227.46094,227.10938,227.46094,227.10938,226.05469,228.16406,229.57031,229.57031,228.51563,228.51563,229.92188,10.07813,8.08594,9.02344,8.90625,9.14063,9.25781,9.66797,9.55078,9.78516,9.66797,9.66797,9.96094,9.72656,0.130615,0.142822,0.100098,0.131836,0.114746,0.092773,0.098877,0.112305,0.10498,0.107422,0.114746
2016-09-02T10:50:00Z,224.64844,228.51563,228.51563,228.51563,227.10938,227.10938,227.8125,228.16406,228.16406,227.46094,230.97656,231.32813,10.01953,7.79297,9.31641,9.25781,9.375,9.49219,9.66797,9.96094,9.66797,9.90234,10.01953,10.01953,9.84375,0.124512,0.106201,0.123291,0.097656,0.131836,0.126953,0.081787,0.085449,0.089111,0.090332,0.089111
2016-09-02T11:00:00Z,225.70313,234.84375,234.84375,233.4375,235.19531,234.84375,234.84375,236.25,236.25,232.73438,233.4375,234.84375,10.42969,8.4375,9.60938,9.55078,9.78516,9.78516,9.84375,10.13672,10.07813,9.78516,9.96094,10.25391,10.13672,0.117188,0.097656,0.123291,0.08667,0.081787,0.092773,0.102539,0.096436,0.118408,0.076904,0.119629
2016-09-02T11:10:00Z,229.57031,233.78906,236.25,236.60156,233.4375,236.95313,235.89844,231.67969,232.73438,233.4375,235.54688,232.03125,9.84375,8.14453,9.78516,9.78516,9.72656,10.19531,10.37109,10.01953,10.13672,10.60547,10.54688,10.13672,10.07813,0.162354,0.141602,0.123291,0.13916,0.114746,0.126953,0.107422,0.146484,0.109863,0.112305,0.141602
2016-09-02T11:20:00Z,231.67969,235.89844,233.78906,233.08594,234.14063,234.84375,233.4375,234.14063,234.49219,232.38281,235.89844,235.19531,11.13281,8.67188,10.25391,10.25391,10.54688,10.48828,10.48828,10.54688,10.42969,10.66406,11.01563,10.66406,10.54688,0.102539,0.141602,0.10498,0.111084,0.119629,0.145264,0.117188,0.102539,0.106201,0.108643,0.119629
2016-09-02T11:30:00Z,229.21875,234.14063,235.89844,233.08594,230.625,236.60156,238.71094,237.65625,236.25,234.49219,235.54688,239.0625,10.95703,8.73047,10.13672,10.19531,10.19531,10.54688,10.95703,10.89844,10.72266,10.54688,10.89844,11.19141,10.95703,0.162354,0.097656,0.147705,0.12207,0.112305,0.101318,0.092773,0.124512,0.130615,0.114746,0.119629
2016-09-02T11:40:00Z,228.86719,229.57031,228.16406,230.625,230.27344,228.51563,227.10938,232.03125,229.92188,229.57031,232.03125,231.67969,11.13281,8.78906,10.3125,10.25391,10.37109,10.19531,10.54688,10.95703,10.78125,10.66406,10.78125,10.60547,10.89844,0.123291,0.140381,0.131836,0.137939,0.093994,0.12207,0.10498,0.10498,0.118408,0.12085,0.119629
2016-09-02T11:50:00Z,229.21875,237.30469,237.30469,233.4375,235.54688,234.14063,233.78906,240.11719,238.35938,236.25,235.54688,238.00781,10.89844,8.84766,10.48828,10.54688,10.60547,10.37109,10.3125,10.89844,10.95703,10.78125,10.48828,10.72266,10.72266,0.124512,0.097656,0.111084,0.134277,0.124512,0.126953,0.133057,0.111084,0.134277,0.118408,0.098877
2016-09-02T12:00:00Z,231.67969,229.21875,233.78906,230.625,234.49219,234.49219,229.92188,231.32813,232.03125,229.21875,232.73438,234.84375,10.42969,8.49609,10.37109,10.37109,10.19531,10.25391,10.01953,10.13672,10.42969,10.48828,10.83984,10.83984,10.19531,0.194092,0.157471,0.137939,0.126953,0.123291,0.12207,0.12085,0.131836,0.10498,0.098877,0.100098
2016-09-02T12:10:00Z,227.8125,227.10938,230.97656,229.57031,232.03125,232.38281,230.625,229.21875,233.4375,231.67969,232.73438,232.03125,10.3125,8.49609,10.42969,10.3125,9.90234,10.42969,10.37109,10.25391,10.60547,10.83984,10.66406,10.37109,10.37109,0.126953,0.12085,0.166016,0.115967,0.101318,0.10498,0.093994,0.114746,0.123291,0.10498,0.083008
2016-09-02T12:20:00Z,226.40625,234.14063,235.19531,236.60156,234.49219,234.49219,236.25,234.14063,235.19531,234.84375,233.78906,236.95313,10.66406,8.49609,10.37109,10.42969,10.60547,10.60547,10.42969,10.66406,10.66406,10.54688,10.48828,10.83984,10.66406,0.147705,0.109863,0.123291,0.081787,0.090332,0.109863,0.101318,0.131836,0.119629,0.134277,0.131836
2016-09-02T12:30:00Z,234.84375,233.08594,235.54688,237.30469,236.25,233.78906,237.65625,235.19531,239.41406,234.49219,233.78906,235.19531,10.54688,8.61328,9.90234,10.37109,9.78516,10.60547,10.48828,10.42969,10.01953,10.37109,10.25391,10.54688,10.3125,0.146484,0.114746,0.113525,0.109863,0.112305,0.092773,0.135498,0.125732,0.119629,0.115967,0.129395
2016-09-02T12:40:00Z,231.32813,238.71094,238.35938,235.89844,237.65625,238.35938,235.89844,232.38281,234.14063,236.60156,233.08594,236.25,10.07813,8.55469,10.01953,10.01953,10.13672,10.07813,10.01953,9.78516,10.13672,10.48828,10.07813,10.54688,10.01953,0.117188,0.130615,0.144043,0.123291,0.117188,0.159912,0.117188,0.10376,0.146484,0.087891,0.123291
2016-09-02T12:50:00Z,233.4375,230.27344,231.67969,231.32813,231.32813,229.21875,230.27344,228.51563,230.27344,230.27344,230.97656,229.21875,10.19531,8.20313,9.66797,9.84375,9.78516,9.84375,10.01953,10.07813,10.60547,10.48828,10.66406,10.19531,10.60547,0.13916,0.134277,0.13916,0.12085,0.10376,0.101318,0.114746,0.135498,0.129395,0.115967,0.111084
2016-09-02T13:00:00Z,227.8125,233.08594,232.73438,234.49219,232.38281,231.32813,230.27344,229.92188,231.67969,232.03125,232.03125,230.27344,10.78125,8.32031,10.60547,10.89844,10.66406,10.78125,10.54688,10.48828,11.25,11.07422,11.07422,10.60547,10.78125,0.100098,0.115967,0.10498,0.141602,0.158691,0.118408,0.096436,0.118408,0.112305,0.098877,0.109863
2016-09-02T13:10:00Z,229.21875,230.27344,229.92188,233.78906,230.97656,232.38281,229.21875,231.32813,233.08594,232.03125,233.78906,231.32813,10.54688,8.73047,9.78516,10.13672,10.01953,10.19531,10.37109,10.48828,10.72266,10.83984,10.83984,10.66406,10.66406,0.150146,0.142822,0.111084,0.12085,0.12085,0.119629,0.140381,0.123291,0.112305,0.095215,0.124512
2016-09-02T13:20:00Z,228.86719,234.49219,231.67969,231.32813,233.4375,231.67969,231.67969,231.32813,234.14063,232.03125,232.03125,231.32813,10.72266,8.4375,11.07422,11.01563,11.36719,11.07422,11.48438,11.77734,11.71875,11.60156,11.48438,11.54297,11.48438,0.108643,0.157471,0.146484,0.124512,0.10498,0.129395,0.136719,0.101318,0.148926,0.109863,0.117188
2016-09-02T13:30:00Z,229.92188,227.10938,230.625,230.625,232.73438,232.38281,230.27344,229.92188,232.03125,229.57031,233.78906,228.51563,11.66016,8.90625,11.07422,11.19141,10.95703,11.25,11.30859,11.25,11.48438,11.48438,11.83594,11.71875,11.71875,0.095215,0.136719,0.107422,0.128174,0.141602,0.115967,0.079346,0.144043,0.106201,0.10498,0.124512
2016-09-02T13:40:00Z,228.51563,234.84375,236.25,235.89844,235.89844,234.14063,234.49219,232.03125,236.95313,234.14063,232.38281,234.49219,11.07422,9.19922,11.19141,11.36719,11.36719,11.42578,11.54297,11.60156,11.89453,11.89453,11.54297,11.25,11.83594,0.124512,0.106201,0.10498,0.102539,0.112305,0.109863,0.10498,0.108643,0.118408,0.12085,0.063477
2016-09-02T13:50:00Z,233.4375,239.76563,237.65625,239.0625,239.41406,237.65625,238.00781,241.875,236.25,240.11719,237.30469,234.49219,11.36719,9.49219,11.01563,11.07422,11.25,11.42578,11.66016,11.71875,11.83594,11.54297,11.71875,11.42578,11.95313,0.10498,0.117188,0.111084,0.091553,0.097656,0.08667,0.087891,0.097656,0.08667,0.10376,0.090332
2016-09-02T14:00:00Z,235.89844,241.875,241.875,241.52344,245.03906,241.52344,241.875,245.74219,241.875,240.11719,243.98438,244.33594,11.42578,9.19922,11.01563,11.25,11.19141,11.07422,11.36719,11.60156,11.66016,11.54297,11.77734,11.54297,11.66016,0.115967,0.119629,0.096436,0.091553,0.123291,0.100098,0.101318,0.109863,0.102539,0.085449,0.133057
2016-09-02T14:10:00Z,238.00781,239.41406,240.11719,238.00781,240.82031,241.52344,238.00781,241.875,240.82031,236.95313,240.82031,240.46875,11.60156,9.43359,11.25,11.66016,11.19141,11.60156,11.48438,11.60156,11.71875,11.89453,12.01172,11.60156,11.60156,0.100098,0.106201,0.114746,0.06958,0.083008,0.085449,0.101318,0.075684,0.08667,0.114746,0.084229
2016-09-02T14:20:00Z,234.84375,238.00781,241.875,236.25,235.89844,235.19531,236.25,237.30469,237.30469,236.60156,237.65625,236.25,11.25,9.31641,10.54688,10.95703,10.95703,10.83984,11.19141,11.30859,11.25,11.13281,11.19141,11.07422,11.30859,0.095215,0.087891,0.098877,0.118408,0.087891,0.107422,0.093994,0.096436,0.084229,0.100098,0.085449
2016-09-02T14:30:00Z,234.14063,234.84375,241.52344,235.19531,235.89844,237.65625,238.00781,236.95313,239.76563,236.95313,236.60156,235.89844,11.36719,9.43359,11.60156,11.60156,11.66016,11.66016,11.83594,11.89453,11.89453,12.01172,11.95313,12.01172,12.01172,0.089111,0.119629,0.131836,0.081787,0.091553,0.093994,0.12085,0.093994,0.10376,0.076904,0.078125
2016-09-02T14:40:00Z,233.4375,235.89844,238.35938,235.19531,235.54688,237.65625,237.30469,236.60156,234.84375,237.30469,236.95313,233.4375,12.48047,9.78516,11.19141,11.36719,11.60156,11.54297,11.36719,11.54297,11.25,11.71875,11.48438,11.71875,11.89453,0.108643,0.093994,0.080566,0.084229,0.096436,0.085449,0.092773,0.079346,0.083008,0.073242,0.091553
2016-09-02T14:50:00Z,232.03125,236.95313,239.41406,235.89844,238.71094,241.17188,240.82031,236.95313,236.60156,239.0625,238.35938,239.76563,11.48438,9.66797,11.66016,11.95313,11.71875,12.07031,11.83594,11.95313,11.77734,11.77734,12.07031,11.95313,11.95313,0.100098,0.079346,0.092773,0.090332,0.083008,0.108643,0.106201,0.093994,0.090332,0.091553,0.078125
2016-09-02T15:00:00Z,232.38281,228.51563,229.21875,233.78906,236.25,232.73438,233.4375,233.78906,232.03125,235.54688,231.67969,234.14063,12.24609,9.96094,11.60156,11.60156,12.01172,11.89453,12.01172,12.1875,11.95313,11.95313,11.71875,11.95313,11.71875,0.089111,0.085449,0.079346,0.065918,0.067139,0.078125,0.100098,0.102539,0.10376,0.096436,0.065918
2016-09-02T15:10:00Z,229.92188,231.32813,232.03125,233.4375,230.625,237.30469,234.84375,233.4375,230.625,236.95313,232.73438,232.38281,11.95313,9.90234,11.36719,11.19141,11.60156,11.48438,11.71875,11.54297,11.60156,11.60156,11.42578,11.71875,11.42578,0.098877,0.06958,0.107422,0.085449,0.095215,0.091553,0.073242,0.054932,0.085449,0.090332,0.090332
2016-09-02T15:20:00Z,230.27344,236.60156,235.19531,235.89844,235.54688,236.25,236.25,235.89844,236.25,235.19531,236.95313,232.38281,11.66016,9.55078,11.25,11.54297,11.19141,11.83594,11.48438,11.54297,11.60156,11.95313,11.60156,11.60156,11.89453,0.093994,0.102539,0.096436,0.076904,0.095215,0.084229,0.076904,0.075684,0.10376,0.080566,0.10498
2016-09-02T15:30:00Z,231.67969,234.14063,228.51563,232.03125,233.08594,232.73438,234.84375,233.4375,228.86719,231.67969,233.08594,229.92188,12.01172,9.55078,11.13281,11.13281,11.48438,11.54297,11.42578,11.71875,11.66016,11.54297,11.71875,11.60156,11.71875,0.134277,0.101318,0.10498,0.075684,0.108643,0.070801,0.074463,0.108643,0.085449,0.074463,0.092773
2016-09-02T15:40:00Z,228.16406,235.89844,233.4375,232.73438,234.14063,234.49219,231.67969,232.73438,232.73438,234.14063,234.84375,231.32813,11.83594,9.84375,11.42578,11.54297,11.95313,11.54297,11.71875,11.77734,11.95313,11.83594,12.12891,11.89453,11.77734,0.128174,0.124512,0.092773,0.096436,0.089111,0.107422,0.084229,0.102539,0.074463,0.095215,0.084229
2016-09-02T15:50:00Z,230.97656,233.78906,236.60156,234.84375,233.4375,230.97656,234.84375,232.38281,230.97656,235.19531,231.32813,230.625,11.66016,9.72656,11.66016,11.60156,11.83594,11.77734,11.83594,12.07031,12.1875,11.89453,12.24609,12.12891,11.83594,0.102539,0.101318,0.097656,0.113525,0.10498,0.093994,0.079346,0.090332,0.085449,0.085449,0.102539
2016-09-02T16:00:00Z,228.16406,232.73438,237.30469,233.4375,232.38281,232.03125,229.21875,236.60156,233.08594,233.78906,230.97656,232.73438,11.89453,9.84375,11.66016,11.19141,11.42578,11.30859,11.42578,11.83594,12.30469,11.89453,11.42578,11.77734,11.89453,0.084229,0.130615,0.131836,0.115967,0.113525,0.124512,0.113525,0.078125,0.10376,0.124512,0.095215
2016-09-02T16:10:00Z,232.73438,236.95313,238.00781,239.41406,234.49219,236.60156,235.89844,239.41406,236.60156,236.25,235.89844,239.0625,11.66016,9.43359,11.19141,11.54297,11.30859,11.77734,11.89453,12.24609,11.89453,11.60156,11.71875,12.42188,11.95313,0.119629,0.101318,0.166016,0.125732,0.125732,0.08667,0.135498,0.135498,0.10376,0.111084,0.097656
2016-09-02T16:20:00Z,234.84375,238.71094,241.52344,237.30469,242.92969,238.71094,240.11719,243.98438,236.95313,242.57813,239.41406,240.82031,12.42188,9.84375,12.71484,12.89063,12.83203,12.53906,12.59766,12.77344,12.48047,12.77344,12.71484,13.125,12.89063,0.091553,0.124512,0.10498,0.100098,0.101318,0.091553,0.129395,0.129395,0.114746,0.107422,0.10376
2016-09-02T16:30:00Z,236.95313,236.60156,233.08594,235.89844,236.95313,234.84375,237.65625,238.35938,236.95313,238.00781,233.4375,237.30469,12.42188,10.54688,11.89453,12.01172,11.77734,12.12891,12.30469,12.59766,12.36328,12.1875,12.12891,12.36328,12.42188,0.10498,0.102539,0.10376,0.107422,0.119629,0.112305,0.109863,0.119629,0.083008,0.114746,0.123291
2016-09-02T16:40:00Z,228.16406,226.75781,223.94531,221.83594,228.51563,228.86719,231.67969,227.46094,228.86719,231.67969,232.38281,233.08594,13.53516,9.96094,11.19141,11.48438,11.36719,11.66016,11.83594,11.89453,12.30469,11.89453,12.12891,11.71875,11.83594,0.13916,0.151367,0.133057,0.142822,0.146484,0.137939,0.137939,0.097656,0.101318,0.135498,0.146484
2016-09-02T16:50:00Z,222.89063,231.67969,232.03125,235.19531,231.67969,233.08594,230.27344,230.625,235.19531,232.03125,233.4375,232.38281,12.12891,8.73047,10.54688,10.89844,10.66406,10.89844,11.01563,11.42578,11.60156,11.66016,11.71875,11.48438,11.66016,0.172119,0.126953,0.194092,0.129395,0.148926,0.137939,0.131836,0.118408,0.119629,0.114746,0.126953
2016-09-02T17:00:00Z,228.51563,232.73438,235.54688,235.19531,235.54688,229.92188,232.03125,232.73438,232.73438,234.49219,239.76563,251.36719,11.95313,9.55078,11.66016,11.66016,11.66016,11.48438,11.48438,11.83594,11.77734,12.07031,11.71875,11.13281,10.3125,0.119629,0.135498,0.137939,0.140381,0.109863,0.142822,0.134277,0.118408,0.119629,0.126953,0.142822
2016-09-02T17:10:00Z,227.10938,231.32813,232.73438,232.73438,230.97656,231.67969,230.97656,231.32813,232.38281,235.19531,237.30469,242.92969,11.48438,9.31641,10.54688,10.54688,10.60547,10.66406,10.89844,10.60547,10.89844,10.83984,11.01563,10.66406,10.42969,0.115967,0.137939,0.106201,0.10498,0.137939,0.140381,0.12085,0.129395,0.124512,0.130615,0.13916
2016-09-02T17:20:00Z,232.38281,230.625,236.60156,235.89844,232.38281,237.65625,231.32813,236.60156,235.54688,236.60156,242.22656,241.875,11.07422,9.14063,10.83984,10.60547,10.83984,10.95703,10.83984,11.25,11.36719,11.66016,11.01563,10.95703,11.25,0.107422,0.146484,0.134277,0.112305,0.108643,0.102539,0.113525,0.092773,0.112305,0.126953,0.130615
2016-09-02T17:30:00Z,228.51563,230.27344,223.24219,226.40625,228.16406,226.40625,225.35156,230.27344,226.40625,227.8125,235.54688,242.92969,11.25,9.19922,10.72266,10.83984,10.95703,11.25,11.30859,11.42578,11.48438,11.25,11.13281,10.89844,11.01563,0.118408,0.144043,0.111084,0.133057,0.140381,0.111084,0.102539,0.119629,0.136719,0.124512,0.131836
2016-09-02T17:40:00Z,224.29688,228.51563,223.24219,224.64844,227.46094,225.35156,226.40625,229.57031,229.21875,226.05469,226.05469,226.05469,11.25,8.96484,10.37109,10.66406,11.01563,11.01563,11.42578,11.48438,11.48438,10.78125,10.72266,11.30859,11.83594,0.126953,0.162354,0.130615,0.117188,0.112305,0.118408,0.114746,0.10376,0.140381,0.108643,0.118408
2016-09-02T17:50:00Z,219.72656,225.70313,226.05469,227.8125,227.10938,229.21875,224.29688,226.05469,226.40625,227.46094,226.75781,226.75781,11.19141,9.14063,11.07422,11.13281,11.25,11.77734,11.19141,11.13281,11.48438,11.83594,11.66016,11.77734,11.83594,0.135498,0.158691,0.087891,0.107422,0.125732,0.129395,0.109863,0.111084,0.10498,0.129395,0.108643
2016-09-02T18:00:00Z,227.8125,235.19531,230.625,234.14063,229.21875,233.78906,232.03125,232.73438,229.57031,229.21875,233.78906,231.67969,12.12891,9.60938,11.54297,11.48438,11.60156,12.12891,11.89453,12.01172,11.77734,11.71875,11.71875,12.12891,12.12891,0.12085,0.125732,0.117188,0.114746,0.096436,0.126953,0.107422,0.129395,0.133057,0.13916,0.084229
2016-09-02T18:10:00Z,227.10938,227.10938,231.32813,232.38281,227.46094,226.40625,228.16406,226.05469,228.16406,229.92188,232.38281,227.8125,12.07031,9.84375,11.77734,11.95313,11.95313,12.07031,11.89453,11.77734,12.07031,11.89453,12.12891,11.83594,11.95313,0.12207,0.076904,0.130615,0.107422,0.109863,0.078125,0.10376,0.098877,0.101318,0.119629,0.12207
2016-09-02T18:20:00Z,225.70313,229.57031,227.8125,228.51563,231.67969,227.10938,230.97656,232.38281,235.19531,232.03125,231.67969,229.21875,12.36328,9.60938,11.25,11.48438,11.83594,11.48438,11.66016,11.83594,12.24609,12.12891,11.89453,11.48438,11.95313,0.148926,0.128174,0.123291,0.115967,0.100098,0.108643,0.124512,0.117188,0.125732,0.13916,0.106201
2016-09-02T18:30:00Z,225.35156,227.46094,229.92188,225.70313,227.46094,228.86719,229.21875,228.16406,235.19531,230.97656,231.32813,234.14063,12.24609,9.90234,12.12891,12.30469,12.01172,12.30469,12.1875,12.30469,12.42188,12.48047,12.07031,12.48047,12.36328,0.137939,0.137939,0.107422,0.12085,0.106201,0.123291,0.096436,0.130615,0.136719,0.111084,0.107422
2016-09-02T18:40:00Z,225.0,227.8125,228.51563,228.86719,222.89063,228.16406,232.38281,229.92188,231.32813,226.40625,230.625,234.14063,11.48438,9.66797,11.48438,11.36719,11.60156,12.01172,12.59766,12.42188,11.77734,11.54297,12.36328,12.89063,12.48047,0.146484,0.12207,0.12085,0.124512,0.135498,0.12207,0.136719,0.142822,0.114746,0.101318,0.13916
2016-09-02T18:50:00Z,226.40625,236.60156,234.84375,235.19531,236.25,238.35938,241.17188,236.25,236.60156,239.76563,234.14063,240.82031,12.07031,9.84375,11.71875,12.07031,12.24609,12.53906,12.77344,12.77344,12.42188,12.94922,12.89063,13.24219,12.94922,0.134277,0.141602,0.119629,0.128174,0.100098,0.137939,0.152588,0.118408,0.123291,0.079346,0.115967
2016-09-02T19:00:00Z,234.14063,235.54688,234.49219,237.30469,235.89844,234.14063,238.00781,236.95313,237.30469,239.41406,239.76563,238.00781,12.42188,9.78516,12.01172,12.12891,12.24609,11.95313,12.30469,12.53906,12.89063,12.89063,13.00781,12.89063,12.94922,0.137939,0.136719,0.079346,0.119629,0.123291,0.12207,0.102539,0.133057,0.114746,0.107422,0.079346
2016-09-02T19:10:00Z,232.03125,234.14063,230.97656,230.27344,233.4375,229.92188,235.19531,234.14063,233.4375,235.89844,234.49219,233.4375,12.65625,10.07813,12.12891,12.30469,12.30469,12.30469,12.36328,12.59766,13.06641,13.06641,12.83203,12.89063,12.89063,0.145264,0.131836,0.10376,0.126953,0.148926,0.130615,0.123291,0.115967,0.12207,0.106201,0.140381
2016-09-02T19:20:00Z,229.21875,227.8125,228.16406,233.08594,228.86719,232.38281,235.54688,230.97656,234.49219,229.92188,235.19531,234.49219,12.12891,10.07813,11.89453,12.42188,12.07031,13.06641,13.47656,13.125,12.77344,12.71484,13.00781,13.00781,12.53906,0.123291,0.137939,0.15625,0.12085,0.134277,0.136719,0.12207,0.123291,0.102539,0.126953,0.144043
2016-09-02T19:30:00Z,227.8125,226.40625,228.86719,228.86719,231.67969,229.57031,232.38281,230.625,232.73438,229.92188,230.625,230.625,12.36328,9.96094,12.42188,12.65625,12.42188,12.71484,13.18359,13.30078,13.06641,13.125,13.35938,13.125,13.47656,0.114746,0.153809,0.130615,0.152588,0.128174,0.129395,0.112305,0.130615,0.118408,0.130615,0.135498
2016-09-02T19:40:00Z,226.05469,230.27344,228.16406,229.21875,233.08594,231.32813,228.86719,229.92188,232.73438,232.38281,228.86719,232.03125,12.94922,10.54688,12.12891,12.83203,12.59766,12.77344,12.77344,13.00781,13.06641,12.77344,13.24219,13.125,13.41797,0.148926,0.117188,0.159912,0.087891,0.125732,0.128174,0.102539,0.112305,0.125732,0.12085,0.089111
2016-09-02T19:50:00Z,227.46094,232.38281,234.14063,232.38281,232.38281,231.32813,235.19531,234.14063,235.89844,233.78906,234.84375,236.25,12.36328,9.78516,11.89453,12.07031,12.30469,12.48047,12.77344,12.94922,12.65625,12.65625,13.06641,13.35938,13.18359,0.134277,0.098877,0.148926,0.109863,0.12207,0.097656,0.089111,0.126953,0.128174,0.084229,0.108643
2016-09-02T20:00:00Z,232.03125,237.65625,235.19531,236.25,230.97656,236.25,235.89844,236.25,238.35938,234.49219,238.71094,240.46875,12.48047,10.01953,11.95313,11.95313,12.59766,12.65625,13.00781,12.59766,12.83203,13.24219,13.00781,12.83203,12.83203,0.107422,0.118408,0.155029,0.119629,0.126953,0.109863,0.113525,0.089111,0.092773,0.137939,0.10376
2016-09-02T20:10:00Z,232.38281,238.35938,239.76563,237.30469,239.41406,240.11719,236.25,241.17188,239.41406,237.30469,239.76563,237.65625,12.48047,9.96094,11.95313,12.53906,12.59766,12.77344,12.71484,13.24219,13.00781,12.59766,12.71484,12.71484,12.65625,0.134277,0.101318,0.12207,0.112305,0.10498,0.117188,0.098877,0.10498,0.115967,0.113525,0.098877
2016-09-02T20:20:00Z,232.03125,235.19531,234.14063,237.65625,236.60156,237.65625,235.89844,237.65625,239.41406,242.57813,239.76563,239.0625,12.71484,10.37109,12.24609,12.71484,12.83203,13.125,13.35938,13.59375,13.71094,13.125,12.89063,12.89063,13.125,0.119629,0.128174,0.091553,0.12085,0.098877,0.100098,0.093994,0.108643,0.096436,0.111084,0.097656
2016-09-02T20:30:00Z,230.97656,235.19531,235.54688,233.4375,233.4375,234.14063,233.4375,239.0625,239.41406,237.30469,237.30469,238.35938,12.07031,10.01953,11.54297,11.66016,11.60156,11.60156,12.01172,12.48047,12.42188,12.30469,12.30469,12.24609,12.42188,0.151367,0.118408,0.157471,0.119629,0.106201,0.13916,0.128174,0.115967,0.111084,0.125732,0.12207
2016-09-02T20:40:00Z,229.92188,232.73438,233.78906,235.19531,230.97656,231.67969,236.60156,234.49219,235.89844,236.25,235.89844,234.84375,12.30469,9.49219,11.54297,11.71875,11.71875,11.89453,12.53906,12.24609,12.24609,12.01172,12.01172,12.12891,12.65625,0.178223,0.164795,0.115967,0.114746,0.107422,0.101318,0.091553,0.113525,0.119629,0.118408,0.123291
2016-09-02T20:50:00Z,229.57031,230.97656,231.67969,233.78906,235.19531,230.27344,233.78906,234.84375,233.08594,235.19531,236.95313,235.54688,11.89453,9.78516,11.48438,11.89453,11.83594,12.24609,12.36328,12.1875,11.83594,12.30469,12.24609,12.24609,12.36328,0.129395,0.134277,0.126953,0.124512,0.145264,0.10498,0.126953,0.08667,0.114746,0.08667,0.115967
2016-09-02T21:00:00Z,227.46094,232.38281,234.49219,233.08594,235.54688,232.73438,235.19531,234.84375,236.25,233.4375,235.54688,236.95313,11.83594,9.60938,11.60156,11.71875,11.71875,11.36719,11.77734,12.30469,12.12891,12.01172,12.24609,12.30469,11.95313,0.12207,0.147705,0.130615,0.098877,0.087891,0.100098,0.12207,0.092773,0.10376,0.10498,0.10376
2016-09-02T21:10:00Z,232.38281,239.41406,237.30469,236.95313,238.00781,238.71094,240.82031,237.30469,240.11719,240.11719,238.71094,240.11719,12.07031,9.60938,11.89453,12.12891,12.24609,12.30469,12.1875,12.59766,12.71484,12.65625,12.24609,12.59766,12.71484,0.117188,0.10498,0.115967,0.108643,0.125732,0.073242,0.089111,0.097656,0.095215,0.091553,0.098877
2016-09-02T21:20:00Z,234.49219,239.41406,237.65625,238.71094,238.00781,238.00781,242.92969,241.17188,241.875,242.57813,242.92969,244.6875,12.71484,10.25391,12.01172,12.1875,11.83594,12.36328,12.36328,12.1875,11.77734,11.89453,12.01172,11.95313,11.77734,0.114746,0.113525,0.119629,0.114746,0.093994,0.12207,0.102539,0.119629,0.107422,0.106201,0.113525
2016-09-02T21:30:00Z,233.08594,234.84375,234.14063,236.25,235.19531,236.95313,233.78906,231.32813,235.89844,235.19531,235.19531,235.89844,12.24609,9.60938,10.83984,11.13281,11.07422,11.36719,11.36719,11.54297,11.71875,11.83594,11.83594,12.01172,11.95313,0.106201,0.109863,0.114746,0.129395,0.114746,0.10376,0.118408,0.089111,0.096436,0.101318,0.075684
2016-09-02T21:40:00Z,229.92188,240.46875,238.00781,237.65625,236.95313,238.00781,236.60156,231.67969,233.08594,236.95313,236.95313,236.25,11.48438,9.14063,11.42578,11.83594,11.66016,12.07031,11.71875,11.66016,11.89453,12.36328,12.42188,11.83594,11.95313,0.12207,0.102539,0.113525,0.133057,0.107422,0.111084,0.117188,0.115967,0.095215,0.10376,0.112305
2016-09-02T21:50:00Z,236.60156,241.17188,238.35938,240.46875,241.17188,244.33594,242.22656,245.03906,244.6875,243.63281,245.39063,245.74219,11.71875,9.19922,10.66406,10.89844,10.66406,11.30859,11.01563,11.30859,11.19141,11.30859,11.42578,11.42578,11.19141,0.135498,0.107422,0.109863,0.129395,0.106201,0.098877,0.124512,0.091553,0.068359,0.10498,0.093994
2016-09-02T22:00:00Z,237.65625,243.63281,242.92969,239.0625,244.33594,241.875,246.79688,247.85156,245.39063,245.03906,246.79688,245.74219,11.60156,9.02344,10.83984,11.13281,11.13281,11.25,11.36719,11.36719,11.19141,11.13281,11.25,11.30859,11.30859,0.092773,0.091553,0.12207,0.12085,0.109863,0.097656,0.070801,0.115967,0.093994,0.111084,0.107422
2016-09-02T22:10:00Z,239.0625,243.28125,245.39063,243.63281,242.57813,243.28125,243.63281,248.20313,245.03906,243.98438,243.98438,247.14844,11.42578,9.08203,10.95703,10.83984,10.95703,11.01563,11.19141,11.42578,11.30859,10.78125,10.83984,11.01563,11.07422,0.141602,0.123291,0.128174,0.10376,0.089111,0.114746,0.125732,0.10376,0.108643,0.115967,0.12085
2016-09-02T22:20:00Z,239.0625,241.52344,241.875,240.82031,243.98438,246.09375,246.44531,247.85156,246.79688,247.14844,247.5,247.85156,11.36719,8.73047,9.84375,10.54688,9.96094,10.25391,10.48828,10.42969,10.3125,10.60547,10.66406,10.78125,10.48828,0.136719,0.131836,0.124512,0.118408,0.123291,0.124512,0.133057,0.111084,0.092773,0.096436,0.145264
2016-09-02T22:30:00Z,237.65625,244.33594,242.92969,246.09375,240.11719,244.33594,242.22656,245.74219,246.79688,247.85156,248.20313,247.5,11.13281,8.4375,9.31641,9.49219,9.84375,9.90234,10.01953,10.07813,10.01953,9.90234,9.90234,9.90234,9.72656,0.124512,0.131836,0.128174,0.133057,0.119629,0.124512,0.098877,0.140381,0.126953,0.123291,0.114746
2016-09-02T22:40:00Z,239.76563,251.71875,252.77344,250.3125,251.36719,250.66406,252.07031,249.25781,248.55469,251.71875,249.60938,248.90625,9.90234,7.85156,9.55078,9.72656,9.43359,9.72656,10.07813,9.90234,10.01953,10.01953,10.42969,9.96094,9.84375,0.111084,0.134277,0.172119,0.12085,0.095215,0.090332,0.130615,0.140381,0.134277,0.136719,0.097656
2016-09-02T22:50:00Z,243.98438,245.39063,247.5,248.90625,243.63281,245.74219,246.44531,247.5,245.74219,247.14844,246.09375,248.20313,10.13672,8.26172,9.25781,9.43359,9.60938,9.84375,10.07813,10.25391,10.07813,10.3125,10.25391,10.42969,10.42969,0.144043,0.078125,0.119629,0.108643,0.118408,0.133057,0.117188,0.137939,0.106201,0.078125,0.090332
2016-09-02T23:00:00Z,241.17188,247.14844,246.09375,248.20313,245.74219,246.44531,248.20313,247.85156,248.55469,249.25781,251.71875,250.66406,9.78516,7.91016,9.08203,9.72656,10.07813,9.60938,10.07813,9.78516,10.07813,10.01953,10.01953,10.13672,9.78516,0.117188,0.126953,0.106201,0.146484,0.137939,0.123291,0.107422,0.131836,0.129395,0.090332,0.13916
2016-09-02T23:10:00Z,241.52344,245.03906,243.63281,239.0625,244.33594,244.6875,245.03906,247.14844,249.96094,245.74219,247.5,246.09375,10.42969,8.14453,9.49219,9.31641,9.60938,9.55078,9.66797,9.78516,10.19531,9.78516,9.66797,9.90234,9.84375,0.157471,0.186768,0.163574,0.129395,0.125732,0.134277,0.096436,0.111084,0.115967,0.117188,0.10498
2016-09-02T23:20:00Z,241.875,247.14844,244.6875,245.03906,244.6875,244.33594,247.5,247.5,246.79688,246.09375,244.6875,246.09375,10.54688,7.96875,9.90234,9.72656,9.84375,10.19531,10.19531,10.42969,10.37109,10.42969,10.3125,10.48828,10.01953,0.126953,0.124512,0.114746,0.114746,0.145264,0.12085,0.107422,0.13916,0.12085,0.153809,0.12085
2016-09-02T23:30:00Z,241.17188,243.98438,243.63281,246.44531,243.63281,244.33594,244.6875,244.33594,243.98438,245.39063,243.28125,240.46875,10.13672,8.26172,9.60938,9.78516,9.84375,10.13672,10.19531,10.19531,10.01953,10.01953,10.13672,10.37109,10.48828,0.126953,0.128174,0.12207,0.118408,0.108643,0.114746,0.098877,0.107422,0.12207,0.126953,0.148926
2016-09-02T23:40:00Z,238.00781,244.33594,241.875,241.17188,245.03906,246.09375,244.33594,243.28125,242.92969,245.39063,247.14844,247.14844,10.72266,8.4375,9.60938,9.55078,9.43359,9.60938,9.90234,9.72656,9.55078,9.96094,10.25391,9.84375,9.72656,0.131836,0.153809,0.117188,0.130615,0.090332,0.133057,0.137939,0.085449,0.123291,0.136719,0.114746
2016-09-02T23:50:00Z,240.82031,245.03906,252.07031,246.79688,248.55469,248.90625,249.60938,252.77344,251.01563,252.42188,252.77344,252.77344,9.60938,8.08594,9.08203,9.02344,9.375,9.60938,9.55078,9.43359,9.43359,9.375,9.72656,9.49219,9.43359,0.123291,0.124512,0.128174,0.141602,0.124512,0.141602,0.113525,0.141602,0.112305,0.146484,0.157471
