LOCATION: 
SYSTEM SERIAL: HKZB
TIMESTAMP (ISO-8601) UTC,WindDir004m deg,WindDir030m deg,WindDir040m deg,WindDir040m_ref deg,WindDir060m deg,WindDir080m deg,WindDir100m deg,WindDir120m deg,WindDir140m deg,WindDir160m deg,WindDir180m deg,WindDir200m deg,WindGust004m m/s,WindSpeed004m m/s,WindSpeed030mh m/s,WindSpeed040mh m/s,WindSpeed040m_refh m/s,WindSpeed060mh m/s,WindSpeed080mh m/s,WindSpeed100mh m/s,WindSpeed120mh m/s,WindSpeed140mh m/s,WindSpeed160mh m/s,WindSpeed180mh m/s,WindSpeed200mh m/s,TI 030m,TI 040m,TI 040m ref,TI 060m,TI 080m,TI 100m,TI 120m,TI 140m,TI 160m,TI 180m,TI 200m
2016-09-28T00:00:00Z,245.74219,251.71875,251.71875,246.09375,252.42188,248.55469,249.60938,251.36719,252.77344,248.20313,254.17969,249.25781,12.42188,9.96094,12.83203,12.65625,12.77344,12.53906,12.89063,12.77344,12.71484,12.83203,13.53516,13.18359,12.77344,0.093994,0.112305,0.108643,0.126953,0.109863,0.095215,0.131836,0.093994,0.098877,0.109863,0.12207
2016-09-28T00:10:00Z,245.39063,249.60938,247.5,248.90625,251.36719,248.55469,244.6875,246.79688,251.01563,250.66406,245.74219,245.74219,12.77344,10.07813,12.65625,12.71484,12.36328,12.94922,13.06641,13.06641,13.125,13.00781,12.89063,13.00781,13.18359,0.126953,0.109863,0.12085,0.111084,0.078125,0.100098,0.117188,0.134277,0.12085,0.130615,0.102539
2016-09-28T00:20:00Z,242.92969,244.33594,245.74219,247.5,244.33594,241.17188,248.55469,243.63281,245.03906,249.60938,249.25781,253.125,12.77344,10.07813,11.89453,12.36328,12.1875,12.48047,12.65625,12.71484,12.71484,12.65625,12.83203,13.125,12.24609,0.133057,0.125732,0.118408,0.109863,0.084229,0.108643,0.126953,0.118408,0.125732,0.128174,0.102539
2016-09-28T00:30:00Z,239.41406,244.6875,247.5,246.09375,248.55469,244.33594,244.6875,244.33594,238.71094,243.98438,242.92969,247.5,12.89063,10.19531,13.00781,12.83203,13.125,13.06641,13.47656,13.53516,13.00781,13.47656,13.35938,13.59375,13.06641,0.142822,0.109863,0.117188,0.124512,0.134277,0.106201,0.159912,0.109863,0.101318,0.10376,0.108643
2016-09-28T00:40:00Z,241.17188,239.0625,236.95313,242.22656,243.63281,241.52344,241.875,239.76563,246.09375,240.46875,250.3125,245.39063,13.35938,10.60547,12.71484,12.94922,12.89063,13.41797,13.35938,13.47656,13.82813,13.65234,13.47656,12.89063,12.83203,0.111084,0.12207,0.119629,0.106201,0.117188,0.12207,0.147705,0.10376,0.142822,0.101318,0.131836
2016-09-28T00:50:00Z,236.95313,236.60156,238.35938,240.82031,239.41406,242.92969,240.82031,239.76563,236.60156,245.39063,239.0625,245.39063,13.18359,10.48828,12.24609,12.83203,12.83203,13.125,13.18359,13.06641,13.125,13.125,13.35938,13.53516,13.24219,0.10498,0.096436,0.106201,0.112305,0.140381,0.12207,0.124512,0.140381,0.118408,0.114746,0.096436
2016-09-28T01:00:00Z,234.84375,239.41406,239.76563,241.875,242.57813,239.0625,236.95313,240.46875,237.30469,239.41406,241.52344,239.76563,12.71484,10.37109,12.36328,12.89063,12.71484,12.94922,12.83203,13.18359,13.41797,13.94531,13.94531,13.94531,13.24219,0.137939,0.119629,0.115967,0.117188,0.117188,0.113525,0.102539,0.100098,0.107422,0.100098,0.12207
2016-09-28T01:10:00Z,239.41406,244.33594,245.74219,242.57813,246.79688,240.82031,246.79688,242.57813,242.22656,242.92969,241.875,242.22656,12.71484,10.01953,12.12891,12.71484,12.1875,12.48047,13.125,12.94922,13.18359,13.125,12.65625,12.30469,12.12891,0.119629,0.115967,0.096436,0.093994,0.093994,0.095215,0.108643,0.092773,0.102539,0.125732,0.123291
2016-09-28T01:20:00Z,240.11719,241.52344,243.63281,242.92969,241.17188,242.22656,244.6875,242.92969,239.41406,244.33594,241.17188,247.14844,12.48047,9.84375,11.95313,11.95313,11.77734,12.30469,12.42188,12.53906,12.07031,12.65625,12.59766,12.83203,12.24609,0.115967,0.128174,0.140381,0.114746,0.093994,0.096436,0.114746,0.114746,0.100098,0.129395,0.106201
2016-09-28T01:30:00Z,239.0625,240.46875,239.76563,241.875,243.98438,245.03906,243.98438,244.33594,242.57813,242.22656,243.63281,244.6875,12.30469,9.96094,12.89063,13.59375,13.06641,13.94531,13.94531,13.76953,13.76953,14.00391,13.65234,13.65234,13.18359,0.092773,0.091553,0.124512,0.091553,0.093994,0.108643,0.080566,0.085449,0.089111,0.100098,0.093994
2016-09-28T01:40:00Z,239.41406,242.57813,244.33594,245.03906,239.0625,248.90625,242.22656,242.57813,243.98438,243.98438,241.52344,246.09375,13.30078,10.95703,13.18359,13.71094,13.65234,14.35547,14.41406,14.53125,14.41406,13.82813,14.47266,14.47266,14.58984,0.113525,0.095215,0.115967,0.108643,0.084229,0.101318,0.107422,0.083008,0.090332,0.092773,0.084229
2016-09-28T01:50:00Z,240.11719,244.6875,241.17188,244.33594,245.74219,244.33594,245.03906,245.74219,249.60938,240.11719,247.5,245.39063,13.76953,11.42578,13.76953,14.12109,14.29688,14.47266,14.94141,15.17578,14.94141,14.64844,14.82422,14.47266,14.58984,0.118408,0.113525,0.144043,0.10376,0.101318,0.092773,0.117188,0.096436,0.101318,0.089111,0.091553
2016-09-28T02:00:00Z,240.82031,243.28125,245.39063,246.09375,247.5,243.63281,243.63281,245.74219,243.63281,242.92969,242.22656,242.22656,14.41406,11.13281,13.82813,13.94531,14.17969,14.29688,14.47266,14.47266,14.23828,14.0625,14.41406,14.76563,14.64844,0.107422,0.119629,0.111084,0.131836,0.102539,0.123291,0.108643,0.119629,0.108643,0.091553,0.102539
2016-09-28T02:10:00Z,242.22656,246.79688,245.03906,246.09375,242.92969,247.14844,246.09375,245.03906,248.20313,241.52344,245.74219,245.39063,13.76953,11.60156,13.47656,13.59375,13.82813,14.53125,14.58984,14.47266,14.53125,14.29688,14.53125,14.64844,14.82422,0.114746,0.134277,0.125732,0.124512,0.098877,0.125732,0.109863,0.098877,0.129395,0.083008,0.128174
2016-09-28T02:20:00Z,241.52344,242.57813,238.35938,243.98438,247.5,237.65625,246.44531,240.46875,241.52344,246.09375,244.33594,241.52344,13.24219,10.72266,12.71484,13.18359,12.94922,13.30078,13.30078,13.35938,13.94531,13.76953,13.65234,13.76953,13.47656,0.145264,0.129395,0.140381,0.140381,0.134277,0.109863,0.10498,0.133057,0.12085,0.131836,0.136719
2016-09-28T02:30:00Z,241.52344,245.39063,242.92969,243.63281,244.6875,243.98438,243.98438,243.63281,244.6875,245.03906,242.57813,245.03906,12.94922,10.01953,13.24219,13.06641,12.94922,13.24219,13.59375,13.65234,13.59375,13.47656,13.65234,13.88672,13.47656,0.114746,0.123291,0.142822,0.119629,0.109863,0.125732,0.128174,0.108643,0.12085,0.130615,0.124512
2016-09-28T02:40:00Z,240.82031,246.44531,245.39063,245.03906,248.55469,247.85156,250.3125,247.14844,247.5,251.01563,247.85156,246.79688,13.41797,10.19531,11.83594,12.65625,12.01172,13.24219,13.06641,12.94922,13.24219,13.65234,13.65234,13.30078,13.35938,0.155029,0.12085,0.114746,0.151367,0.140381,0.111084,0.115967,0.130615,0.10498,0.126953,0.119629
2016-09-28T02:50:00Z,245.03906,243.98438,249.96094,249.96094,247.85156,251.36719,246.79688,249.60938,251.01563,251.01563,245.39063,247.14844,12.53906,9.55078,11.66016,11.66016,12.01172,12.83203,12.83203,13.30078,13.35938,13.24219,13.53516,13.53516,14.00391,0.140381,0.12207,0.153809,0.144043,0.164795,0.10376,0.096436,0.108643,0.126953,0.113525,0.12085
2016-09-28T03:00:00Z,246.79688,244.6875,246.09375,246.09375,244.6875,248.20313,247.14844,246.44531,248.55469,247.14844,243.63281,244.33594,12.42188,9.90234,12.07031,12.48047,12.77344,13.24219,13.94531,13.47656,13.18359,13.30078,13.35938,13.71094,13.76953,0.15625,0.166016,0.126953,0.075684,0.107422,0.114746,0.115967,0.157471,0.141602,0.124512,0.123291
2016-09-28T03:10:00Z,241.52344,244.33594,239.76563,245.39063,247.85156,245.39063,241.875,244.6875,242.57813,245.03906,246.09375,248.20313,12.48047,10.13672,12.12891,12.36328,12.36328,13.06641,13.24219,13.35938,13.24219,13.47656,13.53516,13.47656,13.94531,0.137939,0.131836,0.131836,0.115967,0.075684,0.084229,0.078125,0.12085,0.10498,0.166016,0.12085
2016-09-28T03:20:00Z,241.17188,246.09375,245.03906,247.5,243.98438,248.55469,247.14844,244.33594,243.28125,246.79688,246.09375,245.39063,12.07031,10.01953,12.65625,13.125,12.71484,14.00391,14.00391,13.82813,13.47656,13.82813,14.12109,14.35547,13.94531,0.126953,0.129395,0.157471,0.119629,0.117188,0.130615,0.134277,0.118408,0.133057,0.150146,0.118408
2016-09-28T03:30:00Z,242.92969,245.03906,242.92969,241.17188,245.03906,244.6875,244.33594,247.5,244.6875,245.74219,247.5,242.92969,13.24219,10.95703,13.59375,13.53516,13.88672,14.12109,14.0625,14.58984,14.47266,14.29688,14.53125,14.23828,14.17969,0.12085,0.13916,0.131836,0.119629,0.098877,0.117188,0.129395,0.129395,0.118408,0.118408,0.097656
2016-09-28T03:40:00Z,241.17188,246.44531,252.07031,246.44531,250.3125,250.3125,247.85156,247.5,249.25781,251.01563,248.55469,248.20313,13.18359,10.60547,12.94922,13.18359,13.35938,13.47656,13.47656,13.35938,13.94531,14.23828,14.35547,14.00391,14.29688,0.134277,0.133057,0.153809,0.152588,0.133057,0.155029,0.115967,0.137939,0.13916,0.13916,0.114746
2016-09-28T03:50:00Z,248.20313,248.90625,253.47656,252.42188,254.88281,253.82813,248.90625,251.01563,253.47656,252.07031,252.07031,254.88281,13.41797,10.48828,13.59375,14.12109,13.65234,13.82813,13.76953,14.12109,14.41406,14.70703,14.70703,14.94141,14.70703,0.140381,0.145264,0.135498,0.12207,0.12207,0.153809,0.140381,0.10376,0.108643,0.118408,0.085449
2016-09-28T04:00:00Z,248.90625,251.36719,257.34375,251.71875,254.17969,254.53125,250.66406,253.125,254.17969,253.47656,253.47656,253.82813,13.35938,10.83984,13.125,13.35938,13.30078,13.65234,14.00391,13.88672,14.29688,14.94141,15.17578,15.52734,14.82422,0.137939,0.155029,0.148926,0.152588,0.101318,0.178223,0.141602,0.102539,0.123291,0.126953,0.096436
2016-09-28T04:10:00Z,251.36719,256.28906,255.9375,253.47656,259.45313,252.07031,256.64063,249.96094,255.23438,255.58594,253.125,251.36719,13.41797,11.07422,13.88672,14.17969,14.29688,14.23828,14.35547,14.82422,15.11719,15.05859,15.35156,15.23438,15.82031,0.137939,0.147705,0.135498,0.134277,0.102539,0.141602,0.148926,0.107422,0.101318,0.136719,0.137939
2016-09-28T04:20:00Z,253.47656,261.5625,261.91406,259.80469,258.75,260.50781,260.15625,256.99219,261.21094,261.91406,258.75,254.53125,14.00391,11.30859,14.64844,14.64844,15.05859,14.23828,14.88281,14.94141,15.46875,15.17578,14.94141,15.05859,15.70313,0.130615,0.107422,0.126953,0.147705,0.129395,0.106201,0.147705,0.137939,0.118408,0.12085,0.142822
2016-09-28T04:30:00Z,258.75,262.96875,261.5625,257.34375,260.50781,258.04688,259.80469,261.5625,260.50781,259.80469,253.82813,259.45313,14.47266,11.71875,14.00391,14.12109,14.17969,14.12109,14.76563,15.11719,14.58984,15.11719,15.17578,15.52734,15.70313,0.17334,0.140381,0.131836,0.178223,0.145264,0.141602,0.133057,0.131836,0.129395,0.125732,0.115967
2016-09-28T04:40:00Z,255.9375,261.91406,261.91406,258.39844,262.96875,262.26563,260.85938,261.5625,262.26563,263.32031,256.28906,260.50781,14.12109,11.13281,14.47266,14.41406,14.53125,15.0,15.11719,15.52734,15.05859,15.41016,15.35156,15.46875,15.58594,0.128174,0.166016,0.134277,0.144043,0.092773,0.134277,0.129395,0.144043,0.146484,0.109863,0.12207
2016-09-28T04:50:00Z,259.80469,260.50781,262.26563,265.78125,264.72656,265.42969,265.42969,263.32031,265.78125,263.32031,262.96875,261.5625,15.0,11.36719,13.94531,14.47266,14.88281,14.41406,15.41016,15.23438,15.29297,15.17578,16.05469,15.70313,15.76172,0.135498,0.133057,0.12085,0.147705,0.129395,0.128174,0.118408,0.129395,0.142822,0.117188,0.10376
2016-09-28T05:00:00Z,259.80469,260.50781,263.67188,263.32031,268.59375,262.26563,263.67188,266.13281,262.96875,262.96875,264.02344,264.02344,14.00391,11.19141,13.71094,14.76563,14.00391,14.82422,15.0,15.52734,15.35156,15.52734,15.76172,15.9375,16.17188,0.145264,0.144043,0.125732,0.107422,0.142822,0.118408,0.117188,0.085449,0.097656,0.085449,0.092773
2016-09-28T05:10:00Z,261.21094,263.32031,265.07813,261.5625,262.96875,260.85938,262.61719,262.61719,262.26563,260.50781,261.5625,264.375,13.82813,10.83984,13.41797,13.47656,14.0625,13.35938,13.94531,14.23828,14.47266,14.29688,14.0625,14.41406,14.82422,0.146484,0.101318,0.108643,0.106201,0.146484,0.145264,0.115967,0.108643,0.125732,0.108643,0.145264
2016-09-28T05:20:00Z,253.82813,256.64063,257.34375,256.99219,258.39844,256.64063,255.58594,259.45313,255.23438,256.64063,261.5625,260.15625,13.82813,10.54688,12.53906,12.53906,12.59766,13.00781,13.06641,13.71094,13.71094,14.0625,14.17969,14.12109,14.12109,0.128174,0.131836,0.146484,0.112305,0.163574,0.142822,0.114746,0.100098,0.124512,0.108643,0.12207
2016-09-28T05:30:00Z,252.42188,260.15625,260.15625,260.15625,259.10156,257.34375,260.50781,258.75,262.96875,259.10156,263.67188,261.5625,12.53906,10.01953,11.60156,11.95313,12.30469,12.24609,12.53906,12.83203,13.00781,12.77344,13.18359,13.41797,13.94531,0.179443,0.125732,0.13916,0.141602,0.162354,0.125732,0.12085,0.098877,0.135498,0.10376,0.10376
2016-09-28T05:40:00Z,259.45313,260.15625,263.32031,258.75,258.04688,258.75,260.50781,263.32031,259.45313,260.85938,260.50781,260.15625,13.125,10.25391,13.30078,13.35938,13.125,13.53516,13.53516,13.35938,13.24219,13.35938,13.30078,13.30078,13.35938,0.141602,0.119629,0.119629,0.093994,0.125732,0.117188,0.146484,0.133057,0.093994,0.102539,0.112305
2016-09-28T05:50:00Z,252.07031,256.28906,255.9375,259.80469,255.23438,257.34375,254.53125,255.58594,257.34375,257.69531,252.42188,257.69531,12.83203,10.42969,11.71875,12.24609,11.83594,12.89063,12.89063,13.00781,13.59375,13.35938,13.125,13.53516,13.30078,0.117188,0.131836,0.148926,0.118408,0.108643,0.126953,0.131836,0.119629,0.119629,0.107422,0.12207
2016-09-28T06:00:00Z,252.77344,254.53125,252.42188,252.77344,255.23438,252.07031,252.42188,251.36719,256.28906,256.64063,252.07031,252.77344,12.01172,9.55078,11.54297,11.83594,11.83594,11.95313,12.07031,12.59766,12.36328,12.83203,12.42188,12.65625,12.48047,0.126953,0.12085,0.151367,0.136719,0.135498,0.137939,0.108643,0.10498,0.134277,0.126953,0.084229
2016-09-28T06:10:00Z,248.90625,250.3125,251.71875,251.01563,251.01563,249.96094,252.42188,250.3125,256.28906,249.25781,249.96094,252.07031,12.1875,9.78516,12.07031,12.42188,12.30469,12.59766,13.00781,13.06641,13.18359,12.83203,13.00781,13.35938,13.00781,0.126953,0.119629,0.152588,0.111084,0.10376,0.106201,0.096436,0.115967,0.118408,0.130615,0.112305
2016-09-28T06:20:00Z,245.03906,251.36719,248.55469,252.42188,252.07031,252.42188,251.01563,248.90625,248.90625,249.60938,247.5,247.85156,12.59766,10.25391,12.30469,12.89063,13.06641,13.30078,13.65234,13.24219,12.94922,13.35938,13.59375,13.30078,13.94531,0.159912,0.134277,0.155029,0.109863,0.101318,0.108643,0.106201,0.167236,0.135498,0.131836,0.10376
2016-09-28T06:30:00Z,245.39063,249.60938,248.20313,248.90625,249.25781,249.25781,246.79688,250.3125,247.5,245.03906,248.20313,246.79688,12.89063,10.42969,12.1875,12.12891,12.71484,12.59766,13.06641,13.47656,13.00781,13.06641,13.30078,13.53516,13.41797,0.12085,0.136719,0.124512,0.108643,0.091553,0.107422,0.10498,0.10376,0.117188,0.095215,0.130615
2016-09-28T06:40:00Z,244.6875,251.01563,252.42188,246.79688,248.55469,252.77344,250.66406,250.3125,251.01563,248.90625,249.60938,251.36719,12.1875,9.90234,12.30469,12.36328,12.53906,12.59766,12.89063,13.06641,12.83203,13.06641,13.125,13.35938,13.24219,0.123291,0.095215,0.169678,0.126953,0.109863,0.102539,0.129395,0.096436,0.095215,0.12085,0.10498
2016-09-28T06:50:00Z,246.79688,253.47656,251.36719,251.01563,250.3125,250.3125,250.3125,253.47656,253.125,252.77344,249.96094,253.47656,12.94922,9.84375,11.71875,12.1875,12.42188,12.65625,13.06641,13.59375,13.59375,13.59375,12.94922,13.30078,13.35938,0.148926,0.129395,0.159912,0.107422,0.133057,0.107422,0.106201,0.12207,0.140381,0.129395,0.102539
2016-09-28T07:00:00Z,246.79688,251.01563,255.9375,251.36719,253.47656,253.125,254.53125,254.88281,255.58594,251.36719,254.17969,255.9375,13.18359,10.42969,13.18359,13.82813,13.35938,13.76953,14.35547,14.35547,14.64844,14.0625,14.47266,14.76563,14.47266,0.147705,0.111084,0.137939,0.106201,0.153809,0.123291,0.147705,0.113525,0.096436,0.079346,0.096436
2016-09-28T07:10:00Z,248.90625,253.47656,255.9375,251.71875,257.69531,254.17969,253.47656,255.23438,256.28906,257.69531,256.99219,258.39844,13.30078,10.72266,13.82813,14.12109,14.29688,14.23828,14.0625,14.53125,14.94141,14.82422,14.35547,14.29688,14.47266,0.134277,0.129395,0.12207,0.111084,0.096436,0.117188,0.12207,0.08667,0.090332,0.108643,0.124512
2016-09-28T07:20:00Z,251.71875,256.28906,256.28906,252.77344,254.88281,254.88281,254.88281,255.9375,254.88281,258.39844,257.69531,255.23438,14.41406,11.30859,13.18359,13.24219,13.30078,13.06641,13.35938,13.59375,14.00391,13.76953,13.53516,13.41797,13.59375,0.130615,0.141602,0.119629,0.145264,0.12207,0.136719,0.147705,0.134277,0.148926,0.129395,0.125732
2016-09-28T07:30:00Z,252.42188,254.53125,252.42188,253.47656,253.47656,254.53125,249.96094,255.9375,254.17969,255.9375,256.64063,257.34375,12.77344,10.01953,11.71875,11.95313,11.83594,12.42188,12.59766,12.71484,12.42188,12.83203,13.125,13.125,13.30078,0.136719,0.113525,0.152588,0.118408,0.114746,0.124512,0.167236,0.125732,0.115967,0.107422,0.115967
2016-09-28T07:40:00Z,249.60938,253.82813,250.66406,255.58594,256.28906,256.28906,254.88281,251.01563,254.17969,256.99219,256.64063,254.53125,12.01172,9.43359,11.25,11.71875,11.83594,11.48438,12.1875,11.66016,12.30469,12.59766,12.48047,12.1875,12.12891,0.195313,0.157471,0.152588,0.145264,0.140381,0.123291,0.113525,0.135498,0.126953,0.113525,0.108643
2016-09-28T07:50:00Z,248.90625,252.42188,255.58594,252.42188,254.17969,254.88281,249.25781,254.53125,252.77344,252.42188,252.42188,254.88281,11.54297,9.25781,12.01172,12.07031,11.48438,12.07031,11.60156,12.07031,12.24609,11.77734,11.95313,12.12891,11.89453,0.15625,0.133057,0.123291,0.097656,0.144043,0.090332,0.102539,0.155029,0.113525,0.090332,0.128174
2016-09-28T08:00:00Z,249.25781,251.71875,251.01563,252.07031,246.79688,251.36719,251.36719,250.3125,254.53125,255.23438,252.77344,252.42188,11.66016,9.66797,11.66016,11.83594,11.42578,12.07031,12.12891,12.48047,12.42188,12.24609,11.95313,11.77734,12.36328,0.125732,0.113525,0.167236,0.123291,0.130615,0.125732,0.133057,0.12085,0.131836,0.106201,0.106201
2016-09-28T08:10:00Z,246.44531,251.36719,253.125,254.17969,250.3125,251.71875,247.85156,253.82813,252.07031,246.79688,248.20313,252.77344,11.66016,9.72656,11.42578,11.66016,11.60156,12.1875,11.89453,12.24609,11.95313,11.71875,11.77734,12.30469,12.07031,0.12207,0.115967,0.141602,0.131836,0.096436,0.10498,0.114746,0.119629,0.117188,0.131836,0.124512
2016-09-28T08:20:00Z,249.25781,254.53125,254.53125,256.28906,256.99219,258.04688,253.82813,254.88281,256.64063,253.47656,256.28906,252.77344,11.54297,9.25781,11.19141,11.36719,11.42578,11.48438,11.48438,11.48438,12.01172,11.77734,11.71875,11.77734,11.83594,0.142822,0.111084,0.131836,0.147705,0.114746,0.092773,0.108643,0.109863,0.101318,0.119629,0.145264
2016-09-28T08:30:00Z,250.3125,248.55469,254.17969,249.96094,254.17969,254.17969,250.3125,252.77344,256.99219,256.99219,253.125,254.53125,11.42578,9.43359,11.01563,11.36719,10.78125,11.19141,10.83984,11.30859,11.71875,11.60156,11.19141,10.95703,11.13281,0.167236,0.124512,0.115967,0.115967,0.131836,0.125732,0.096436,0.137939,0.108643,0.108643,0.119629
2016-09-28T08:40:00Z,249.60938,255.23438,257.69531,253.125,253.47656,253.82813,258.39844,259.80469,256.28906,254.88281,254.17969,254.17969,12.24609,9.25781,11.36719,11.48438,11.48438,11.66016,12.12891,12.07031,11.89453,11.95313,12.24609,12.07031,11.95313,0.125732,0.167236,0.113525,0.12207,0.108643,0.106201,0.106201,0.10498,0.097656,0.136719,0.163574
2016-09-28T08:50:00Z,250.66406,257.34375,254.88281,253.82813,254.17969,253.82813,251.71875,251.71875,253.47656,255.58594,255.9375,254.17969,12.07031,9.66797,11.77734,12.1875,12.12891,12.36328,11.83594,11.71875,12.07031,12.53906,12.36328,11.83594,12.48047,0.091553,0.117188,0.10498,0.101318,0.098877,0.097656,0.119629,0.125732,0.13916,0.131836,0.130615
2016-09-28T09:00:00Z,248.55469,252.07031,251.36719,253.47656,254.17969,248.55469,251.71875,249.25781,253.47656,253.82813,253.82813,254.88281,12.24609,9.55078,11.01563,11.30859,11.42578,11.19141,11.36719,11.54297,11.89453,12.07031,11.66016,11.95313,11.60156,0.158691,0.112305,0.119629,0.114746,0.12085,0.096436,0.093994,0.126953,0.13916,0.096436,0.113525
2016-09-28T09:10:00Z,248.55469,255.9375,249.25781,252.07031,252.07031,251.01563,251.01563,251.36719,254.17969,252.77344,255.23438,249.25781,11.48438,8.84766,10.60547,11.07422,11.19141,10.95703,11.54297,11.48438,11.66016,11.25,11.25,11.13281,11.60156,0.148926,0.117188,0.141602,0.112305,0.102539,0.107422,0.115967,0.130615,0.130615,0.136719,0.13916
2016-09-28T09:20:00Z,246.79688,249.25781,249.25781,252.42188,247.14844,251.01563,254.17969,253.47656,250.66406,248.20313,255.23438,254.17969,11.83594,9.31641,11.19141,11.48438,11.66016,11.77734,12.01172,12.07031,11.89453,11.77734,12.24609,12.1875,11.95313,0.148926,0.168457,0.109863,0.123291,0.136719,0.141602,0.111084,0.124512,0.100098,0.117188,0.106201
2016-09-28T09:30:00Z,246.09375,248.90625,250.3125,251.71875,252.07031,251.36719,250.3125,249.96094,249.60938,252.42188,249.60938,251.36719,12.71484,9.84375,11.30859,11.77734,11.54297,11.95313,12.12891,12.07031,12.12891,12.24609,12.12891,12.12891,12.24609,0.12207,0.124512,0.135498,0.106201,0.10376,0.118408,0.096436,0.087891,0.098877,0.108643,0.115967
2016-09-28T09:40:00Z,247.85156,251.01563,251.01563,251.01563,248.55469,254.88281,250.3125,252.77344,249.25781,252.42188,249.60938,254.88281,11.95313,9.66797,11.30859,11.36719,11.19141,11.95313,11.66016,11.95313,11.48438,11.71875,11.54297,12.01172,11.89453,0.114746,0.129395,0.151367,0.124512,0.102539,0.119629,0.15625,0.128174,0.142822,0.126953,0.090332
2016-09-28T09:50:00Z,243.63281,248.90625,248.55469,250.66406,247.85156,246.79688,246.79688,249.96094,245.03906,250.66406,248.90625,245.39063,11.77734,9.43359,11.89453,11.89453,11.89453,12.36328,12.12891,12.30469,11.95313,12.12891,11.83594,12.12891,12.24609,0.096436,0.108643,0.091553,0.12207,0.128174,0.108643,0.111084,0.117188,0.111084,0.10498,0.097656
2016-09-28T10:00:00Z,244.6875,253.125,251.36719,247.85156,252.42188,251.71875,249.96094,251.36719,247.5,247.85156,249.96094,251.01563,12.07031,9.72656,11.54297,11.71875,12.01172,11.71875,11.89453,12.07031,12.01172,11.71875,11.77734,12.01172,12.12891,0.13916,0.130615,0.113525,0.118408,0.095215,0.125732,0.087891,0.162354,0.108643,0.114746,0.135498
2016-09-28T10:10:00Z,247.5,246.09375,252.07031,251.36719,249.60938,252.07031,248.90625,255.58594,248.20313,250.66406,248.20313,246.44531,11.66016,9.55078,11.66016,11.71875,11.89453,11.95313,12.07031,12.36328,12.07031,12.24609,12.42188,12.01172,12.59766,0.140381,0.142822,0.102539,0.140381,0.129395,0.125732,0.109863,0.13916,0.113525,0.098877,0.124512
2016-09-28T10:20:00Z,248.55469,247.85156,252.42188,256.28906,252.42188,253.125,251.36719,252.42188,249.60938,252.42188,253.47656,249.60938,11.36719,9.19922,11.30859,11.01563,11.25,11.48438,11.48438,11.83594,11.54297,11.89453,11.71875,11.83594,11.42578,0.123291,0.136719,0.133057,0.123291,0.087891,0.12085,0.101318,0.118408,0.115967,0.106201,0.109863
2016-09-28T10:30:00Z,251.36719,252.77344,251.01563,255.23438,254.53125,255.9375,253.82813,249.25781,255.9375,256.64063,254.53125,253.125,11.77734,9.19922,11.19141,11.83594,11.01563,12.07031,11.71875,11.48438,11.60156,11.77734,11.25,11.48438,11.71875,0.151367,0.147705,0.168457,0.108643,0.141602,0.137939,0.112305,0.128174,0.125732,0.130615,0.092773
2016-09-28T10:40:00Z,251.71875,252.07031,254.88281,253.47656,255.23438,252.07031,256.64063,253.47656,253.47656,251.01563,255.58594,255.23438,11.83594,9.49219,10.83984,11.25,10.95703,11.42578,11.83594,11.42578,11.54297,11.77734,12.12891,11.83594,11.48438,0.13916,0.168457,0.134277,0.146484,0.125732,0.133057,0.115967,0.112305,0.097656,0.134277,0.142822
2016-09-28T10:50:00Z,253.125,258.75,256.28906,254.88281,256.99219,252.07031,253.82813,255.9375,255.58594,253.82813,253.47656,255.9375,10.95703,8.61328,10.25391,9.96094,10.54688,10.13672,10.25391,10.3125,10.54688,10.60547,10.60547,10.60547,10.54688,0.144043,0.175781,0.136719,0.15625,0.118408,0.100098,0.136719,0.115967,0.130615,0.091553,0.145264
2016-09-28T11:00:00Z,249.25781,247.14844,249.96094,248.20313,247.85156,245.03906,250.3125,249.60938,251.36719,247.5,249.96094,250.3125,10.78125,8.84766,11.66016,11.48438,11.71875,11.60156,11.71875,11.60156,11.54297,11.77734,11.60156,11.36719,11.66016,0.131836,0.115967,0.148926,0.117188,0.150146,0.109863,0.093994,0.107422,0.12207,0.15625,0.137939
2016-09-28T11:10:00Z,243.98438,255.23438,252.07031,255.58594,251.71875,250.3125,251.71875,247.5,251.01563,251.36719,258.39844,253.82813,12.30469,9.60938,11.71875,12.01172,11.83594,12.12891,11.89453,12.07031,12.01172,12.53906,12.59766,12.12891,12.01172,0.13916,0.109863,0.114746,0.136719,0.133057,0.098877,0.117188,0.117188,0.108643,0.118408,0.10498
2016-09-28T11:20:00Z,251.36719,247.5,250.3125,252.07031,245.39063,252.07031,249.96094,247.5,252.07031,248.55469,247.5,254.17969,11.83594,9.60938,11.42578,11.48438,11.83594,12.1875,11.95313,12.01172,11.95313,11.77734,11.83594,12.1875,12.01172,0.119629,0.131836,0.125732,0.144043,0.181885,0.144043,0.119629,0.159912,0.119629,0.114746,0.109863
2016-09-28T11:30:00Z,248.20313,254.53125,253.47656,251.71875,253.47656,249.60938,254.17969,253.125,251.01563,251.01563,251.36719,250.66406,12.01172,8.96484,10.48828,10.54688,10.78125,10.78125,11.25,11.36719,11.07422,11.13281,10.78125,11.30859,11.13281,0.12207,0.151367,0.123291,0.141602,0.113525,0.117188,0.12207,0.133057,0.144043,0.115967,0.101318
2016-09-28T11:40:00Z,251.36719,251.36719,254.17969,255.23438,253.47656,252.42188,253.125,257.34375,252.07031,249.60938,250.3125,252.77344,11.19141,8.84766,10.48828,10.42969,10.42969,10.89844,10.48828,10.89844,11.01563,10.95703,10.60547,11.13281,11.25,0.133057,0.141602,0.097656,0.108643,0.137939,0.146484,0.131836,0.13916,0.134277,0.146484,0.15625
2016-09-28T11:50:00Z,249.25781,252.42188,253.125,254.53125,252.42188,259.10156,249.25781,250.66406,252.77344,256.28906,252.42188,256.99219,11.77734,9.19922,10.13672,10.42969,10.3125,11.01563,10.60547,10.60547,11.07422,11.30859,10.89844,11.07422,10.89844,0.130615,0.157471,0.128174,0.133057,0.163574,0.131836,0.095215,0.093994,0.142822,0.137939,0.119629
2016-09-28T12:00:00Z,244.6875,245.39063,247.85156,246.44531,247.14844,248.55469,246.44531,248.55469,249.96094,243.98438,247.85156,247.5,10.72266,8.67188,10.19531,10.19531,10.54688,10.54688,10.95703,11.01563,11.13281,10.66406,10.83984,11.01563,11.01563,0.133057,0.115967,0.117188,0.12207,0.115967,0.081787,0.117188,0.13916,0.112305,0.126953,0.114746
2016-09-28T12:10:00Z,241.17188,241.17188,244.33594,243.63281,241.52344,247.85156,241.52344,246.09375,246.79688,243.63281,247.5,247.85156,10.95703,8.84766,11.30859,11.19141,11.07422,11.42578,11.13281,11.25,11.48438,11.30859,11.48438,11.25,11.01563,0.136719,0.115967,0.112305,0.128174,0.098877,0.108643,0.111084,0.125732,0.12207,0.107422,0.10498
2016-09-28T12:20:00Z,243.98438,249.25781,248.20313,251.36719,248.55469,248.55469,254.17969,247.5,247.85156,252.42188,253.82813,253.82813,11.95313,9.78516,11.66016,11.83594,11.60156,12.12891,11.95313,11.95313,11.83594,12.24609,12.1875,12.30469,11.83594,0.100098,0.090332,0.112305,0.13916,0.08667,0.109863,0.12207,0.111084,0.101318,0.095215,0.081787
2016-09-28T12:30:00Z,246.09375,248.20313,248.20313,249.96094,251.71875,245.74219,248.90625,248.90625,249.60938,250.66406,254.17969,249.96094,12.24609,9.96094,11.89453,12.01172,11.89453,11.89453,11.89453,12.07031,12.48047,12.24609,12.12891,11.83594,12.1875,0.096436,0.096436,0.113525,0.12085,0.112305,0.129395,0.12207,0.108643,0.101318,0.113525,0.108643
2016-09-28T12:40:00Z,246.44531,251.71875,249.60938,246.79688,249.96094,250.66406,247.85156,249.96094,249.96094,248.20313,247.85156,256.64063,11.89453,9.72656,11.48438,11.54297,11.54297,11.54297,11.54297,11.77734,11.89453,11.60156,11.95313,12.24609,11.89453,0.108643,0.133057,0.087891,0.100098,0.092773,0.10498,0.080566,0.102539,0.108643,0.10498,0.108643
2016-09-28T12:50:00Z,244.6875,247.85156,248.20313,248.20313,243.28125,252.07031,248.20313,244.6875,249.96094,247.85156,244.6875,248.20313,11.54297,9.25781,10.95703,11.36719,11.13281,11.71875,12.01172,11.89453,11.60156,12.01172,12.01172,12.30469,12.24609,0.131836,0.144043,0.119629,0.134277,0.119629,0.126953,0.10498,0.113525,0.108643,0.109863,0.098877
2016-09-28T13:00:00Z,243.63281,244.6875,242.22656,242.22656,250.66406,246.79688,243.28125,249.25781,246.79688,247.14844,243.63281,251.36719,12.24609,9.96094,11.89453,12.36328,12.1875,12.36328,12.59766,12.65625,12.77344,12.65625,12.53906,12.94922,12.94922,0.140381,0.113525,0.102539,0.102539,0.101318,0.12207,0.111084,0.112305,0.107422,0.096436,0.096436
2016-09-28T13:10:00Z,241.52344,248.20313,246.44531,243.63281,246.44531,247.14844,244.33594,247.5,244.6875,247.14844,250.66406,245.74219,12.89063,10.48828,12.12891,12.36328,12.36328,12.83203,12.71484,12.1875,12.48047,12.59766,12.94922,12.42188,12.65625,0.10376,0.092773,0.098877,0.096436,0.113525,0.100098,0.08667,0.108643,0.084229,0.095215,0.115967
2016-09-28T13:20:00Z,242.22656,241.17188,240.82031,242.22656,240.11719,244.6875,245.74219,238.35938,242.57813,244.6875,242.57813,241.52344,12.1875,10.07813,11.89453,12.07031,11.77734,11.95313,12.53906,12.1875,12.53906,12.24609,12.36328,12.12891,11.95313,0.109863,0.10376,0.106201,0.090332,0.097656,0.090332,0.100098,0.093994,0.097656,0.112305,0.101318
2016-09-28T13:30:00Z,241.52344,245.74219,245.39063,249.96094,249.25781,248.55469,244.6875,242.57813,247.5,245.03906,246.09375,246.09375,12.48047,10.01953,11.71875,12.01172,12.07031,12.1875,11.89453,12.07031,12.48047,12.1875,12.65625,12.65625,12.59766,0.111084,0.134277,0.117188,0.087891,0.083008,0.158691,0.109863,0.10376,0.117188,0.08667,0.12085
2016-09-28T13:40:00Z,244.33594,243.63281,245.39063,242.22656,240.46875,241.52344,244.6875,241.875,244.33594,242.92969,246.44531,245.03906,11.95313,9.78516,11.89453,12.30469,12.12891,12.59766,12.48047,12.36328,12.42188,12.71484,12.53906,12.65625,12.48047,0.106201,0.131836,0.113525,0.096436,0.124512,0.157471,0.093994,0.092773,0.129395,0.108643,0.111084
2016-09-28T13:50:00Z,236.25,239.41406,241.17188,240.82031,241.17188,234.84375,245.39063,241.52344,242.92969,244.6875,243.28125,243.98438,12.24609,9.84375,11.36719,11.66016,12.12891,11.89453,12.65625,12.30469,12.12891,12.65625,12.77344,12.65625,12.83203,0.15625,0.142822,0.12085,0.114746,0.128174,0.115967,0.118408,0.089111,0.079346,0.093994,0.125732
2016-09-28T14:00:00Z,238.35938,238.00781,238.71094,242.22656,240.46875,239.0625,238.71094,238.35938,237.30469,239.41406,238.00781,235.89844,12.42188,10.13672,11.71875,11.95313,12.1875,12.42188,12.36328,12.36328,12.53906,12.24609,12.07031,12.65625,13.18359,0.135498,0.124512,0.113525,0.109863,0.10376,0.125732,0.134277,0.124512,0.117188,0.093994,0.115967
2016-09-28T14:10:00Z,233.78906,233.08594,236.60156,237.65625,236.95313,236.95313,237.30469,239.41406,237.30469,237.65625,236.95313,238.00781,13.06641,10.13672,12.53906,12.59766,12.59766,12.65625,13.125,13.41797,12.71484,13.06641,13.35938,13.71094,13.06641,0.117188,0.128174,0.100098,0.100098,0.114746,0.12085,0.101318,0.091553,0.113525,0.114746,0.131836
2016-09-28T14:20:00Z,232.38281,231.67969,234.14063,234.14063,235.54688,232.03125,234.84375,232.03125,238.00781,233.4375,233.4375,234.84375,12.59766,10.54688,13.47656,13.59375,13.18359,13.59375,13.65234,14.00391,14.23828,13.94531,14.17969,14.17969,14.12109,0.131836,0.129395,0.115967,0.125732,0.111084,0.114746,0.12085,0.10376,0.095215,0.118408,0.090332
2016-09-28T14:30:00Z,231.32813,233.78906,232.03125,234.14063,231.67969,236.25,234.49219,232.73438,236.95313,229.21875,233.4375,234.84375,13.94531,11.48438,13.18359,13.41797,13.76953,14.0625,13.94531,14.0625,14.53125,14.53125,14.88281,15.17578,15.0,0.13916,0.117188,0.118408,0.095215,0.090332,0.109863,0.111084,0.117188,0.117188,0.081787,0.115967
2016-09-28T14:40:00Z,228.16406,228.86719,230.97656,230.625,234.84375,232.38281,232.73438,229.21875,234.14063,235.19531,229.57031,233.78906,14.41406,11.54297,14.64844,14.88281,14.47266,14.88281,14.82422,14.70703,15.0,15.23438,15.05859,15.17578,14.82422,0.107422,0.10376,0.12085,0.137939,0.12085,0.10498,0.124512,0.102539,0.10498,0.128174,0.102539
2016-09-28T14:50:00Z,232.38281,241.17188,235.89844,238.71094,238.35938,239.0625,242.92969,236.95313,239.41406,239.0625,238.00781,242.57813,14.76563,11.89453,14.0625,14.53125,14.41406,15.17578,15.29297,14.88281,15.41016,15.29297,15.64453,15.64453,15.29297,0.10498,0.111084,0.158691,0.128174,0.109863,0.112305,0.131836,0.12085,0.129395,0.101318,0.098877
2016-09-28T15:00:00Z,235.54688,236.60156,237.30469,241.17188,236.60156,236.60156,235.89844,234.14063,234.84375,235.19531,237.30469,238.00781,14.41406,11.71875,13.88672,14.70703,14.35547,15.0,15.46875,15.29297,15.70313,16.40625,16.11328,15.70313,15.52734,0.134277,0.117188,0.093994,0.118408,0.108643,0.112305,0.10376,0.101318,0.124512,0.113525,0.10498
2016-09-28T15:10:00Z,235.19531,240.11719,238.71094,237.30469,236.60156,237.30469,237.30469,236.25,236.25,231.32813,241.17188,238.71094,14.94141,11.77734,14.29688,14.76563,15.05859,15.23438,15.52734,15.82031,15.58594,15.58594,15.87891,16.40625,15.76172,0.10498,0.111084,0.12207,0.12207,0.118408,0.113525,0.10498,0.095215,0.100098,0.096436,0.118408
2016-09-28T15:20:00Z,232.38281,233.08594,229.57031,236.95313,233.4375,232.73438,237.30469,234.84375,233.08594,235.19531,237.30469,233.78906,14.82422,11.89453,14.29688,14.94141,14.64844,15.29297,15.35156,15.35156,15.46875,15.58594,15.64453,15.76172,15.9375,0.100098,0.153809,0.12085,0.108643,0.114746,0.10498,0.10376,0.13916,0.117188,0.078125,0.10376
2016-09-28T15:30:00Z,232.73438,236.95313,235.54688,241.17188,240.11719,233.78906,237.65625,235.54688,234.14063,238.35938,234.84375,230.27344,14.58984,11.60156,14.12109,14.47266,14.94141,14.64844,15.05859,15.41016,15.82031,15.87891,15.41016,15.23438,15.99609,0.159912,0.174561,0.134277,0.137939,0.113525,0.125732,0.10498,0.092773,0.089111,0.109863,0.109863
2016-09-28T15:40:00Z,234.49219,235.89844,233.78906,241.875,235.54688,231.67969,236.95313,236.60156,234.49219,240.82031,234.84375,238.35938,14.35547,11.19141,13.76953,14.47266,14.76563,15.46875,16.05469,15.64453,14.82422,15.29297,15.29297,15.52734,15.52734,0.150146,0.107422,0.146484,0.100098,0.115967,0.101318,0.10376,0.155029,0.112305,0.097656,0.112305
2016-09-28T15:50:00Z,232.38281,238.35938,233.4375,236.95313,236.25,234.49219,233.08594,234.49219,235.19531,234.84375,240.46875,238.00781,14.0625,11.30859,13.65234,13.88672,13.71094,13.94531,14.41406,15.11719,15.29297,15.23438,15.41016,15.64453,15.41016,0.144043,0.145264,0.134277,0.13916,0.12085,0.117188,0.118408,0.148926,0.118408,0.13916,0.10376
2016-09-28T16:00:00Z,232.38281,232.38281,238.35938,239.41406,236.25,233.08594,240.11719,236.25,234.84375,239.76563,235.89844,237.30469,14.35547,11.36719,14.0625,14.64844,14.41406,15.23438,15.23438,15.23438,15.41016,15.46875,15.64453,15.58594,15.29297,0.112305,0.150146,0.141602,0.125732,0.111084,0.106201,0.15625,0.136719,0.101318,0.097656,0.108643
2016-09-28T16:10:00Z,233.4375,237.65625,238.35938,236.60156,235.19531,239.0625,237.30469,236.95313,239.41406,241.52344,233.4375,237.30469,13.76953,10.72266,13.76953,13.59375,14.29688,14.0625,14.47266,15.17578,15.11719,15.11719,14.58984,14.41406,15.35156,0.124512,0.15625,0.123291,0.118408,0.118408,0.115967,0.129395,0.152588,0.130615,0.108643,0.093994
2016-09-28T16:20:00Z,234.84375,237.65625,238.35938,236.25,240.82031,238.00781,239.41406,239.76563,241.17188,240.46875,239.0625,238.71094,14.23828,11.13281,14.47266,14.76563,14.58984,14.64844,14.82422,15.11719,15.46875,15.11719,15.17578,15.52734,15.17578,0.140381,0.134277,0.140381,0.10498,0.126953,0.118408,0.124512,0.130615,0.112305,0.10498,0.124512
2016-09-28T16:30:00Z,234.14063,239.41406,234.84375,237.65625,235.19531,233.78906,239.0625,239.0625,238.00781,235.89844,233.08594,234.14063,14.12109,11.13281,13.30078,13.41797,14.41406,13.71094,14.88281,15.05859,15.17578,15.11719,15.23438,15.11719,16.58203,0.124512,0.125732,0.119629,0.175781,0.152588,0.101318,0.12207,0.146484,0.117188,0.111084,0.106201
2016-09-28T16:40:00Z,232.73438,234.84375,234.84375,237.65625,234.14063,236.95313,236.25,236.95313,234.49219,239.41406,237.65625,234.84375,16.05469,12.01172,15.46875,15.87891,16.17188,16.875,16.52344,16.75781,16.875,17.69531,16.93359,16.99219,17.10938,0.115967,0.12207,0.129395,0.133057,0.111084,0.12085,0.107422,0.112305,0.134277,0.125732,0.128174
2016-09-28T16:50:00Z,232.73438,237.30469,233.4375,232.03125,239.0625,237.30469,235.19531,238.00781,233.4375,236.95313,234.14063,233.08594,15.05859,11.95313,14.88281,15.35156,15.41016,15.58594,15.58594,15.52734,15.29297,15.76172,16.28906,16.05469,16.34766,0.13916,0.144043,0.119629,0.125732,0.091553,0.114746,0.151367,0.091553,0.097656,0.111084,0.100098
2016-09-28T17:00:00Z,232.38281,233.08594,238.00781,238.71094,237.30469,232.73438,235.54688,236.25,235.19531,239.76563,235.89844,238.71094,14.82422,11.77734,15.0,15.23438,15.23438,15.23438,15.82031,16.40625,16.28906,16.05469,16.46484,16.52344,16.28906,0.147705,0.133057,0.113525,0.142822,0.137939,0.12085,0.108643,0.12207,0.12207,0.096436,0.101318
2016-09-28T17:10:00Z,232.03125,234.14063,233.78906,232.38281,232.73438,232.38281,236.60156,238.71094,238.35938,235.19531,238.00781,234.84375,15.0,11.89453,15.17578,15.17578,15.82031,15.76172,16.52344,16.40625,16.40625,16.52344,16.58203,16.75781,17.40234,0.100098,0.123291,0.12207,0.147705,0.113525,0.147705,0.158691,0.136719,0.118408,0.118408,0.134277
2016-09-28T17:20:00Z,233.78906,238.71094,235.54688,235.19531,234.49219,236.25,236.95313,233.78906,233.08594,233.4375,238.71094,234.14063,15.29297,12.07031,15.41016,16.40625,16.05469,16.75781,16.99219,17.05078,16.93359,17.40234,17.87109,17.22656,17.05078,0.137939,0.155029,0.136719,0.19043,0.136719,0.100098,0.114746,0.134277,0.119629,0.126953,0.111084
2016-09-28T17:30:00Z,231.67969,232.03125,234.14063,229.21875,232.38281,231.67969,231.67969,236.95313,233.4375,236.25,231.67969,234.49219,16.28906,12.59766,15.29297,15.58594,15.64453,15.99609,16.23047,16.05469,16.17188,16.17188,15.76172,16.58203,17.40234,0.152588,0.151367,0.129395,0.168457,0.152588,0.145264,0.148926,0.13916,0.125732,0.108643,0.10498
2016-09-28T17:40:00Z,229.57031,233.4375,231.32813,231.67969,234.14063,229.92188,231.67969,232.38281,235.19531,231.67969,237.30469,232.38281,14.47266,11.30859,14.35547,14.58984,14.70703,14.35547,14.70703,15.70313,15.23438,15.17578,15.41016,15.46875,15.70313,0.141602,0.140381,0.123291,0.124512,0.129395,0.123291,0.10376,0.097656,0.090332,0.133057,0.137939
2016-09-28T17:50:00Z,228.51563,229.92188,234.84375,235.19531,232.03125,231.32813,229.92188,235.19531,233.78906,234.84375,235.19531,232.73438,14.41406,11.36719,14.29688,14.53125,14.29688,14.76563,15.41016,15.46875,15.64453,15.46875,15.46875,15.82031,16.28906,0.118408,0.114746,0.107422,0.098877,0.107422,0.12085,0.106201,0.101318,0.08667,0.10376,0.087891
2016-09-28T18:00:00Z,228.86719,232.73438,233.4375,236.95313,234.84375,234.84375,235.89844,234.84375,234.49219,234.49219,235.54688,238.00781,14.12109,11.07422,13.41797,14.23828,13.76953,14.41406,14.94141,14.82422,15.52734,15.46875,16.11328,16.46484,16.28906,0.117188,0.111084,0.131836,0.113525,0.130615,0.144043,0.130615,0.133057,0.101318,0.108643,0.119629
2016-09-28T18:10:00Z,231.32813,231.67969,234.14063,231.32813,233.4375,235.89844,232.03125,234.84375,240.11719,237.30469,235.89844,236.25,14.12109,11.13281,14.47266,14.94141,14.41406,14.70703,14.82422,15.29297,15.9375,15.76172,15.70313,15.9375,16.23047,0.12207,0.126953,0.107422,0.133057,0.12207,0.119629,0.111084,0.129395,0.111084,0.108643,0.129395
2016-09-28T18:20:00Z,230.27344,233.4375,235.19531,235.89844,238.35938,232.38281,231.32813,236.60156,235.19531,236.60156,239.76563,235.89844,15.64453,11.30859,13.82813,14.23828,14.12109,14.53125,15.11719,15.58594,16.17188,15.99609,15.87891,15.82031,16.28906,0.158691,0.134277,0.114746,0.144043,0.148926,0.129395,0.114746,0.124512,0.128174,0.140381,0.131836
2016-09-28T18:30:00Z,232.38281,237.65625,232.03125,235.54688,233.08594,236.95313,236.95313,234.49219,238.00781,235.89844,237.30469,240.46875,15.0,12.07031,15.11719,15.70313,15.58594,16.23047,16.34766,16.64063,16.875,16.875,16.93359,17.75391,17.46094,0.119629,0.106201,0.128174,0.075684,0.101318,0.112305,0.089111,0.129395,0.112305,0.095215,0.10376
2016-09-28T18:40:00Z,229.57031,232.73438,231.32813,230.625,236.25,234.14063,232.38281,233.78906,234.84375,234.49219,235.54688,235.54688,15.9375,11.89453,15.41016,15.46875,15.76172,15.35156,15.58594,16.17188,16.40625,16.23047,16.64063,16.52344,16.46484,0.101318,0.109863,0.131836,0.126953,0.130615,0.095215,0.091553,0.10376,0.098877,0.115967,0.12207
2016-09-28T18:50:00Z,229.21875,235.89844,233.08594,232.38281,232.73438,230.625,234.14063,234.14063,234.14063,232.73438,231.32813,236.25,14.94141,11.66016,14.00391,14.23828,14.58984,14.70703,15.29297,15.11719,14.70703,14.82422,15.0,15.64453,16.23047,0.117188,0.130615,0.137939,0.136719,0.137939,0.113525,0.12085,0.113525,0.118408,0.135498,0.114746
2016-09-28T19:00:00Z,229.21875,233.4375,232.03125,236.60156,235.89844,233.08594,233.4375,233.08594,235.89844,234.14063,236.60156,238.71094,14.94141,11.66016,14.82422,15.35156,15.05859,15.52734,16.05469,16.64063,16.875,16.34766,16.64063,17.22656,17.46094,0.145264,0.13916,0.12207,0.136719,0.12207,0.12085,0.112305,0.134277,0.12207,0.097656,0.096436
2016-09-28T19:10:00Z,228.51563,234.14063,235.54688,234.14063,232.73438,234.49219,232.03125,233.4375,233.78906,234.49219,234.14063,237.30469,16.40625,12.1875,14.94141,14.94141,14.70703,15.41016,15.35156,16.34766,16.69922,17.16797,16.875,17.40234,17.40234,0.135498,0.150146,0.115967,0.091553,0.137939,0.130615,0.112305,0.111084,0.140381,0.112305,0.115967
2016-09-28T19:20:00Z,229.21875,232.38281,232.03125,235.19531,235.19531,231.67969,231.67969,233.08594,231.67969,232.38281,230.27344,235.89844,16.17188,12.07031,15.23438,16.17188,15.29297,16.23047,16.58203,16.93359,17.16797,16.875,16.34766,16.99219,16.81641,0.126953,0.126953,0.123291,0.124512,0.118408,0.108643,0.119629,0.101318,0.118408,0.114746,0.112305
2016-09-28T19:30:00Z,228.51563,233.78906,236.25,231.67969,230.27344,234.14063,234.49219,232.03125,232.03125,235.19531,235.19531,234.49219,15.76172,11.77734,14.41406,14.58984,14.53125,15.0,15.64453,15.9375,16.46484,16.69922,16.46484,15.99609,16.23047,0.151367,0.109863,0.151367,0.131836,0.106201,0.115967,0.106201,0.100098,0.119629,0.123291,0.13916
2016-09-28T19:40:00Z,228.86719,233.08594,233.78906,233.4375,232.73438,232.38281,234.49219,233.4375,230.625,234.49219,234.49219,234.14063,15.46875,11.95313,15.17578,15.35156,15.76172,15.76172,16.11328,16.46484,16.52344,16.52344,16.64063,17.10938,17.22656,0.142822,0.144043,0.136719,0.12085,0.114746,0.096436,0.117188,0.134277,0.102539,0.12085,0.125732
2016-09-28T19:50:00Z,229.92188,236.60156,234.84375,238.00781,234.84375,235.19531,232.38281,234.49219,237.65625,232.03125,231.67969,235.89844,15.17578,11.89453,15.41016,15.29297,16.05469,15.64453,16.28906,17.40234,17.69531,17.57813,16.64063,17.28516,17.40234,0.155029,0.126953,0.135498,0.109863,0.157471,0.095215,0.131836,0.096436,0.095215,0.090332,0.112305
2016-09-28T20:00:00Z,229.57031,233.78906,233.4375,231.67969,231.32813,233.08594,232.38281,230.27344,233.78906,234.14063,233.78906,228.51563,16.40625,12.71484,15.87891,16.23047,16.34766,16.875,16.75781,16.99219,17.28516,16.875,17.10938,17.28516,17.8125,0.117188,0.12207,0.129395,0.119629,0.131836,0.124512,0.108643,0.108643,0.112305,0.12207,0.096436
2016-09-28T20:10:00Z,225.70313,229.21875,233.4375,227.10938,226.40625,230.625,232.03125,231.67969,233.08594,232.38281,229.92188,232.38281,15.76172,11.89453,14.58984,14.82422,14.82422,15.29297,16.23047,16.69922,16.58203,15.99609,15.82031,15.99609,15.82031,0.115967,0.123291,0.108643,0.125732,0.098877,0.111084,0.092773,0.090332,0.113525,0.109863,0.123291
2016-09-28T20:20:00Z,224.29688,227.8125,229.92188,230.27344,229.92188,229.92188,228.86719,231.32813,228.16406,231.32813,232.03125,232.03125,14.70703,11.77734,14.82422,15.29297,14.76563,15.23438,15.0,15.70313,15.82031,16.05469,16.05469,15.82031,15.76172,0.146484,0.12085,0.085449,0.109863,0.134277,0.085449,0.10376,0.107422,0.085449,0.10498,0.123291
2016-09-28T20:30:00Z,226.75781,227.10938,231.32813,232.03125,233.78906,228.16406,233.08594,234.14063,232.73438,230.27344,234.84375,234.84375,14.70703,11.60156,13.53516,14.35547,13.53516,14.64844,14.82422,15.23438,14.94141,14.94141,15.52734,15.9375,15.82031,0.13916,0.125732,0.146484,0.131836,0.12085,0.114746,0.118408,0.117188,0.102539,0.098877,0.115967
2016-09-28T20:40:00Z,229.21875,233.78906,232.38281,232.73438,230.97656,234.84375,233.08594,235.19531,234.49219,233.08594,235.89844,241.875,13.88672,10.72266,13.00781,13.71094,13.06641,13.94531,14.58984,14.58984,15.17578,15.17578,15.05859,15.76172,15.11719,0.151367,0.153809,0.155029,0.158691,0.186768,0.161133,0.148926,0.131836,0.124512,0.125732,0.124512
2016-09-28T20:50:00Z,227.46094,233.4375,234.49219,234.49219,231.67969,233.4375,231.67969,234.49219,238.35938,232.73438,235.19531,238.35938,14.17969,11.13281,13.82813,14.35547,14.23828,14.88281,15.29297,15.58594,16.05469,15.52734,16.17188,16.64063,16.52344,0.141602,0.145264,0.12085,0.111084,0.08667,0.146484,0.098877,0.111084,0.114746,0.118408,0.113525
2016-09-28T21:00:00Z,230.27344,233.78906,234.14063,233.78906,235.54688,233.08594,236.25,238.00781,238.35938,236.60156,235.19531,236.95313,14.17969,11.48438,14.17969,14.53125,14.64844,14.70703,15.29297,15.35156,15.70313,15.46875,15.82031,16.11328,16.23047,0.128174,0.155029,0.10498,0.151367,0.10376,0.134277,0.126953,0.109863,0.113525,0.089111,0.089111
2016-09-28T21:10:00Z,229.57031,236.25,234.84375,236.60156,236.60156,236.95313,238.71094,235.89844,236.95313,234.14063,238.00781,237.30469,13.71094,10.89844,13.82813,14.29688,14.23828,14.76563,15.05859,15.29297,15.52734,15.9375,16.46484,16.64063,16.58203,0.197754,0.186768,0.162354,0.162354,0.125732,0.159912,0.144043,0.150146,0.130615,0.125732,0.140381
2016-09-28T21:20:00Z,232.03125,239.41406,233.4375,238.35938,233.78906,236.25,239.0625,238.71094,236.95313,238.35938,242.22656,242.22656,16.93359,12.48047,15.99609,16.69922,16.75781,17.16797,17.46094,17.22656,17.05078,17.92969,17.92969,17.46094,17.51953,0.095215,0.142822,0.118408,0.117188,0.113525,0.109863,0.126953,0.109863,0.133057,0.136719,0.10376
2016-09-28T21:30:00Z,234.49219,241.875,240.82031,238.71094,234.84375,236.95313,241.17188,242.57813,240.46875,239.0625,237.65625,242.92969,14.94141,12.07031,14.76563,14.82422,15.23438,15.11719,15.64453,16.11328,16.23047,16.11328,16.28906,16.52344,16.75781,0.106201,0.134277,0.123291,0.172119,0.140381,0.126953,0.115967,0.095215,0.114746,0.12207,0.134277
2016-09-28T21:40:00Z,235.19531,237.30469,234.49219,238.71094,233.4375,234.49219,237.65625,233.78906,235.89844,240.11719,236.95313,235.89844,14.00391,11.01563,14.23828,14.53125,14.47266,14.82422,14.94141,14.82422,15.23438,15.9375,15.76172,15.58594,15.76172,0.15625,0.155029,0.141602,0.129395,0.096436,0.129395,0.133057,0.130615,0.109863,0.109863,0.113525
2016-09-28T21:50:00Z,232.73438,234.14063,236.60156,236.60156,236.95313,235.19531,235.89844,236.95313,236.60156,237.30469,236.60156,235.89844,15.11719,11.77734,15.64453,15.76172,15.46875,15.99609,16.58203,16.81641,16.69922,16.875,17.05078,16.81641,16.75781,0.12207,0.133057,0.155029,0.124512,0.123291,0.128174,0.13916,0.117188,0.129395,0.136719,0.108643
2016-09-28T22:00:00Z,232.38281,238.00781,233.78906,232.03125,231.67969,237.30469,235.54688,231.32813,232.38281,232.38281,234.49219,234.49219,14.76563,12.12891,14.47266,14.76563,15.0,15.29297,15.76172,15.82031,15.52734,16.17188,16.34766,16.46484,16.99219,0.148926,0.126953,0.115967,0.128174,0.147705,0.111084,0.141602,0.113525,0.12207,0.12085,0.119629
2016-09-28T22:10:00Z,227.8125,230.27344,230.97656,228.51563,232.73438,231.67969,233.78906,233.4375,234.84375,231.67969,233.78906,232.03125,14.70703,11.48438,14.58984,15.35156,14.94141,15.82031,15.99609,15.76172,16.05469,16.05469,15.99609,15.82031,15.82031,0.115967,0.12085,0.111084,0.124512,0.131836,0.12207,0.124512,0.134277,0.124512,0.108643,0.118408
2016-09-28T22:20:00Z,228.16406,232.03125,236.25,232.73438,232.03125,235.19531,234.84375,233.78906,232.73438,234.14063,234.84375,236.25,14.47266,11.07422,14.0625,13.94531,13.82813,14.58984,14.53125,14.94141,15.29297,15.52734,15.87891,15.64453,15.17578,0.133057,0.129395,0.136719,0.128174,0.107422,0.133057,0.124512,0.124512,0.128174,0.111084,0.125732
2016-09-28T22:30:00Z,231.67969,235.54688,233.78906,233.4375,233.08594,234.49219,232.38281,233.08594,232.38281,234.84375,237.30469,236.60156,13.47656,10.72266,14.23828,14.41406,14.82422,14.41406,15.0,15.70313,15.9375,15.99609,16.46484,16.23047,15.9375,0.145264,0.129395,0.157471,0.115967,0.123291,0.112305,0.109863,0.128174,0.123291,0.119629,0.112305
2016-09-28T22:40:00Z,229.92188,229.92188,231.32813,228.86719,230.625,235.89844,235.89844,235.89844,232.73438,232.73438,233.78906,234.84375,14.82422,11.83594,15.0,15.35156,15.29297,15.76172,16.46484,16.81641,15.9375,15.82031,16.81641,17.10938,17.34375,0.137939,0.115967,0.108643,0.130615,0.130615,0.10376,0.135498,0.12207,0.114746,0.123291,0.114746
2016-09-28T22:50:00Z,228.16406,229.21875,228.51563,230.97656,232.38281,235.19531,230.97656,233.4375,231.32813,231.67969,233.4375,233.78906,14.58984,11.48438,13.88672,14.12109,13.76953,14.76563,15.29297,15.17578,15.0,15.64453,15.52734,15.76172,16.23047,0.145264,0.131836,0.097656,0.166016,0.124512,0.130615,0.130615,0.125732,0.113525,0.096436,0.125732
2016-09-28T23:00:00Z,227.10938,234.84375,231.32813,230.625,235.19531,232.03125,229.21875,234.14063,233.78906,233.78906,233.08594,234.84375,13.94531,11.13281,14.29688,14.23828,14.64844,15.11719,15.46875,15.82031,15.87891,15.87891,15.64453,15.9375,16.46484,0.15625,0.12085,0.141602,0.118408,0.147705,0.128174,0.159912,0.075684,0.133057,0.144043,0.135498
2016-09-28T23:10:00Z,226.40625,221.83594,231.32813,230.97656,231.67969,230.97656,227.10938,228.86719,230.625,231.67969,228.51563,231.67969,14.94141,11.42578,14.82422,15.05859,14.41406,14.58984,14.29688,15.29297,15.58594,15.52734,15.99609,16.05469,15.46875,0.152588,0.141602,0.133057,0.137939,0.144043,0.117188,0.109863,0.133057,0.118408,0.109863,0.130615
2016-09-28T23:20:00Z,223.24219,223.24219,224.64844,228.86719,229.21875,225.70313,233.08594,228.86719,227.8125,229.57031,232.03125,230.625,14.82422,11.60156,14.0625,14.58984,14.41406,15.58594,15.70313,15.23438,15.11719,15.9375,16.58203,16.34766,15.82031,0.090332,0.124512,0.10498,0.135498,0.111084,0.145264,0.152588,0.085449,0.117188,0.093994,0.118408
2016-09-28T23:30:00Z,227.10938,229.57031,226.40625,234.14063,229.92188,231.32813,235.19531,229.57031,233.78906,230.27344,232.03125,232.38281,15.0,11.95313,14.58984,15.0,15.05859,15.58594,15.9375,15.99609,15.82031,16.58203,16.69922,16.64063,17.10938,0.130615,0.13916,0.118408,0.12085,0.137939,0.107422,0.10376,0.115967,0.134277,0.124512,0.118408
2016-09-28T23:40:00Z,227.10938,228.86719,225.0,229.92188,229.57031,232.03125,230.27344,228.86719,232.73438,230.97656,234.49219,234.49219,14.94141,12.07031,14.64844,15.0,15.58594,15.52734,15.70313,15.52734,16.28906,16.34766,16.23047,16.58203,17.05078,0.130615,0.083008,0.113525,0.100098,0.096436,0.10376,0.093994,0.093994,0.089111,0.124512,0.108643
2016-09-28T23:50:00Z,226.40625,230.27344,230.27344,229.21875,229.57031,230.625,233.78906,231.67969,232.03125,230.625,235.89844,236.60156,14.94141,11.83594,14.0625,14.88281,14.17969,15.05859,15.29297,15.0,15.29297,15.41016,15.46875,15.70313,15.99609,0.123291,0.111084,0.128174,0.134277,0.124512,0.102539,0.115967,0.124512,0.10376,0.087891,0.095215