LOCATION: 
SYSTEM SERIAL: HKZB
TIMESTAMP (ISO-8601) UTC,WindDir004m deg,WindDir030m deg,WindDir040m deg,WindDir040m_ref deg,WindDir060m deg,WindDir080m deg,WindDir100m deg,WindDir120m deg,WindDir140m deg,WindDir160m deg,WindDir180m deg,WindDir200m deg,WindGust004m m/s,WindSpeed004m m/s,WindSpeed030mh m/s,WindSpeed040mh m/s,WindSpeed040m_refh m/s,WindSpeed060mh m/s,WindSpeed080mh m/s,WindSpeed100mh m/s,WindSpeed120mh m/s,WindSpeed140mh m/s,WindSpeed160mh m/s,WindSpeed180mh m/s,WindSpeed200mh m/s,TI 030m,TI 040m,TI 040m ref,TI 060m,TI 080m,TI 100m,TI 120m,TI 140m,TI 160m,TI 180m,TI 200m
2016-11-15T00:00:00Z,248.90625,256.28906,254.17969,254.17969,254.17969,253.47656,255.9375,257.69531,260.15625,256.99219,260.50781,258.39844,7.91016,6.38672,8.32031,8.4375,8.55469,8.90625,9.31641,9.78516,9.96094,10.01953,10.25391,9.96094,9.90234,0.144043,0.152588,0.113525,0.12207,0.096436,0.135498,0.093994,0.098877,0.144043,0.131836,0.097656
2016-11-15T00:10:00Z,249.60938,253.82813,254.88281,253.125,255.58594,257.69531,255.9375,257.34375,261.21094,259.10156,257.34375,261.21094,7.61719,6.32813,8.08594,8.49609,8.49609,8.67188,9.375,9.66797,9.43359,9.90234,9.60938,9.78516,9.55078,0.12085,0.107422,0.115967,0.113525,0.144043,0.107422,0.142822,0.136719,0.13916,0.163574,0.130615
2016-11-15T00:20:00Z,248.20313,255.23438,254.53125,254.17969,255.58594,253.125,255.23438,260.15625,259.45313,255.58594,259.10156,260.15625,7.44141,5.97656,7.55859,7.85156,8.32031,8.49609,9.375,9.60938,9.49219,9.43359,9.66797,9.66797,9.84375,0.168457,0.209961,0.136719,0.152588,0.166016,0.128174,0.111084,0.108643,0.108643,0.126953,0.157471
2016-11-15T00:30:00Z,248.55469,251.71875,255.23438,251.01563,252.77344,252.07031,259.45313,259.80469,258.39844,258.39844,258.04688,262.61719,7.73438,6.09375,7.5,8.14453,8.26172,8.78906,9.375,9.66797,9.60938,10.01953,9.96094,9.96094,9.96094,0.113525,0.13916,0.178223,0.108643,0.096436,0.101318,0.123291,0.12085,0.10376,0.137939,0.123291
2016-11-15T00:40:00Z,248.55469,248.90625,251.36719,252.77344,256.64063,260.15625,258.04688,258.04688,261.5625,263.67188,257.69531,260.15625,8.08594,6.38672,7.91016,8.61328,7.96875,8.96484,9.55078,9.84375,10.07813,10.07813,10.48828,10.19531,10.42969,0.136719,0.128174,0.128174,0.142822,0.076904,0.113525,0.12207,0.115967,0.102539,0.150146,0.119629
2016-11-15T00:50:00Z,247.14844,251.01563,254.53125,255.23438,252.77344,255.58594,261.91406,255.23438,256.64063,260.85938,260.50781,261.5625,7.85156,6.26953,8.02734,8.49609,8.26172,8.96484,9.60938,10.37109,10.19531,10.37109,10.60547,10.25391,10.72266,0.153809,0.135498,0.15625,0.114746,0.097656,0.115967,0.097656,0.111084,0.123291,0.12085,0.113525
2016-11-15T01:00:00Z,246.79688,247.85156,253.125,251.71875,252.07031,255.58594,251.71875,258.39844,257.34375,262.96875,259.80469,260.85938,8.49609,6.50391,8.14453,8.4375,8.67188,9.31641,9.60938,10.25391,10.60547,11.19141,10.72266,10.66406,10.83984,0.119629,0.112305,0.098877,0.130615,0.115967,0.107422,0.108643,0.089111,0.112305,0.137939,0.096436
2016-11-15T01:10:00Z,243.63281,248.55469,250.66406,251.71875,252.07031,253.125,255.9375,259.10156,259.80469,259.80469,260.15625,260.15625,8.4375,6.91406,8.67188,9.14063,9.19922,9.55078,10.37109,11.13281,10.72266,11.19141,11.54297,10.95703,11.42578,0.13916,0.097656,0.085449,0.12207,0.112305,0.111084,0.109863,0.098877,0.106201,0.093994,0.089111
2016-11-15T01:20:00Z,246.44531,255.9375,252.77344,254.88281,256.28906,258.04688,256.28906,260.85938,257.34375,259.80469,259.80469,260.85938,8.32031,6.91406,8.49609,9.08203,9.31641,10.13672,10.07813,10.95703,10.83984,10.89844,11.07422,11.13281,11.07422,0.107422,0.146484,0.106201,0.113525,0.114746,0.113525,0.107422,0.112305,0.097656,0.095215,0.085449
2016-11-15T01:30:00Z,248.20313,253.82813,252.07031,252.42188,255.58594,256.64063,258.04688,260.15625,260.85938,257.34375,262.96875,262.26563,8.61328,7.03125,8.73047,8.96484,9.19922,9.78516,9.96094,10.37109,10.66406,10.60547,10.95703,10.95703,10.78125,0.083008,0.108643,0.134277,0.117188,0.100098,0.091553,0.10376,0.08667,0.098877,0.102539,0.08667
2016-11-15T01:40:00Z,248.20313,257.34375,252.07031,255.9375,260.50781,259.45313,259.10156,261.5625,264.72656,262.61719,265.78125,262.26563,8.73047,7.26563,8.67188,9.14063,9.375,10.25391,10.42969,10.54688,10.89844,10.89844,11.19141,11.30859,11.48438,0.109863,0.108643,0.109863,0.091553,0.092773,0.097656,0.067139,0.089111,0.078125,0.076904,0.10376
2016-11-15T01:50:00Z,251.36719,256.64063,254.53125,259.10156,255.23438,260.15625,260.85938,262.96875,259.80469,264.375,264.02344,265.78125,8.55469,7.14844,8.37891,9.08203,9.19922,9.84375,10.37109,10.66406,10.72266,10.78125,10.95703,11.07422,10.72266,0.118408,0.125732,0.151367,0.107422,0.123291,0.109863,0.095215,0.114746,0.084229,0.080566,0.081787
2016-11-15T02:00:00Z,249.25781,254.53125,258.04688,254.53125,254.53125,257.34375,259.10156,260.85938,261.5625,261.5625,265.42969,263.67188,8.37891,6.79688,8.67188,8.90625,9.02344,9.55078,10.07813,10.3125,10.3125,10.54688,10.83984,10.78125,10.48828,0.12085,0.133057,0.118408,0.096436,0.113525,0.095215,0.109863,0.076904,0.10498,0.097656,0.080566
2016-11-15T02:10:00Z,250.66406,256.64063,258.04688,254.88281,258.39844,258.75,260.15625,261.21094,261.21094,260.50781,262.61719,266.13281,8.78906,7.14844,8.84766,9.31641,9.19922,9.55078,10.13672,10.3125,10.19531,10.54688,10.89844,10.89844,10.54688,0.128174,0.096436,0.097656,0.106201,0.123291,0.097656,0.095215,0.109863,0.098877,0.084229,0.083008
2016-11-15T02:20:00Z,253.47656,261.21094,261.91406,260.85938,259.45313,262.96875,265.78125,264.02344,266.83594,267.1875,262.26563,264.72656,9.02344,7.14844,8.78906,9.31641,9.60938,10.13672,10.54688,10.95703,11.01563,11.07422,10.66406,11.07422,11.07422,0.125732,0.101318,0.114746,0.089111,0.118408,0.096436,0.083008,0.102539,0.115967,0.095215,0.102539
2016-11-15T02:30:00Z,254.17969,258.75,256.99219,256.28906,257.69531,261.5625,256.99219,262.26563,259.45313,260.15625,261.21094,262.26563,8.73047,7.44141,9.14063,9.55078,9.375,9.90234,10.3125,10.13672,10.66406,10.83984,10.89844,10.78125,10.48828,0.119629,0.096436,0.106201,0.10498,0.106201,0.113525,0.075684,0.108643,0.100098,0.125732,0.124512
2016-11-15T02:40:00Z,251.36719,256.99219,257.69531,254.88281,256.99219,260.15625,259.10156,260.50781,259.45313,264.02344,257.69531,261.91406,8.84766,7.14844,8.90625,9.55078,9.08203,9.96094,10.25391,10.60547,10.95703,10.89844,10.66406,10.89844,10.89844,0.13916,0.12207,0.102539,0.107422,0.144043,0.117188,0.070801,0.087891,0.129395,0.097656,0.100098
2016-11-15T02:50:00Z,251.36719,253.47656,258.04688,256.99219,256.64063,261.5625,258.75,264.02344,260.85938,261.91406,261.5625,261.5625,8.55469,7.32422,8.96484,9.375,9.375,10.01953,10.19531,10.25391,10.54688,10.78125,10.60547,10.72266,10.66406,0.124512,0.101318,0.097656,0.097656,0.109863,0.097656,0.107422,0.098877,0.119629,0.10498,0.125732
2016-11-15T03:00:00Z,252.77344,253.82813,258.39844,254.53125,259.80469,259.10156,260.15625,258.75,260.85938,261.91406,259.45313,263.67188,9.25781,7.44141,9.02344,9.72656,9.375,10.13672,10.72266,10.83984,10.48828,10.89844,10.83984,11.48438,10.95703,0.111084,0.124512,0.115967,0.084229,0.095215,0.12207,0.13916,0.133057,0.118408,0.108643,0.106201
2016-11-15T03:10:00Z,252.77344,257.69531,261.5625,256.99219,262.96875,258.39844,262.96875,262.61719,264.72656,263.32031,260.15625,263.32031,8.90625,7.38281,9.31641,9.72656,9.66797,10.13672,10.72266,10.78125,11.25,10.95703,10.78125,10.89844,11.07422,0.100098,0.133057,0.140381,0.151367,0.098877,0.090332,0.119629,0.085449,0.12085,0.109863,0.102539
2016-11-15T03:20:00Z,256.28906,261.91406,261.21094,259.10156,263.32031,265.42969,258.39844,266.48438,264.72656,267.1875,264.375,266.48438,9.08203,7.55859,9.31641,9.72656,9.60938,10.3125,11.07422,11.54297,11.48438,11.54297,11.42578,11.66016,11.42578,0.10376,0.134277,0.150146,0.080566,0.109863,0.131836,0.115967,0.080566,0.117188,0.141602,0.108643
2016-11-15T03:30:00Z,256.64063,260.15625,261.21094,259.45313,257.34375,264.72656,262.61719,262.61719,263.67188,264.02344,266.48438,262.96875,9.375,7.79297,9.60938,9.78516,10.25391,10.48828,10.89844,11.36719,11.42578,11.60156,11.60156,11.77734,11.48438,0.089111,0.107422,0.092773,0.142822,0.137939,0.101318,0.131836,0.125732,0.131836,0.095215,0.10376
2016-11-15T03:40:00Z,254.53125,255.9375,258.75,257.69531,259.45313,260.85938,261.91406,266.48438,264.375,263.67188,265.07813,262.96875,9.375,7.67578,9.60938,9.78516,9.96094,10.37109,10.72266,11.89453,12.07031,12.01172,12.01172,12.01172,12.36328,0.115967,0.114746,0.134277,0.15625,0.153809,0.098877,0.092773,0.123291,0.114746,0.150146,0.098877
2016-11-15T03:50:00Z,253.125,259.45313,255.58594,257.69531,261.5625,260.85938,264.375,265.78125,268.24219,264.375,272.10938,267.53906,9.14063,7.55859,9.25781,9.78516,9.90234,10.13672,10.95703,11.54297,12.24609,11.89453,12.12891,12.36328,12.42188,0.146484,0.113525,0.118408,0.125732,0.084229,0.125732,0.10376,0.112305,0.124512,0.106201,0.10376
2016-11-15T04:00:00Z,250.3125,253.82813,257.34375,259.45313,261.91406,261.91406,259.45313,265.07813,267.53906,270.0,267.1875,270.0,8.96484,7.20703,9.19922,9.66797,9.375,9.96094,10.37109,10.78125,11.25,11.71875,11.30859,11.36719,11.54297,0.111084,0.131836,0.12085,0.115967,0.114746,0.095215,0.124512,0.107422,0.10498,0.114746,0.111084
2016-11-15T04:10:00Z,252.42188,262.26563,260.85938,260.50781,266.83594,265.42969,262.96875,269.29688,273.51563,272.8125,275.625,269.64844,9.25781,7.44141,9.31641,9.84375,10.13672,10.48828,10.95703,11.25,11.54297,11.54297,11.36719,10.95703,11.30859,0.111084,0.112305,0.111084,0.12207,0.123291,0.102539,0.136719,0.133057,0.106201,0.137939,0.147705
2016-11-15T04:20:00Z,258.75,262.26563,267.1875,263.67188,265.07813,270.0,268.24219,271.05469,274.92188,272.8125,272.46094,271.05469,10.25391,7.91016,10.13672,10.19531,10.3125,10.48828,11.01563,11.48438,11.77734,11.48438,11.30859,11.42578,11.25,0.158691,0.150146,0.108643,0.131836,0.140381,0.10376,0.092773,0.141602,0.152588,0.119629,0.108643
2016-11-15T04:30:00Z,259.10156,267.1875,265.42969,263.67188,268.94531,271.40625,271.75781,271.40625,269.29688,271.40625,276.32813,271.75781,9.90234,7.91016,9.84375,10.48828,10.19531,11.01563,11.13281,11.25,11.19141,11.83594,11.71875,11.36719,11.30859,0.134277,0.112305,0.098877,0.091553,0.119629,0.109863,0.098877,0.125732,0.118408,0.113525,0.126953
2016-11-15T04:40:00Z,262.96875,270.35156,270.35156,268.59375,269.64844,266.48438,272.8125,272.8125,270.70313,270.35156,272.46094,271.40625,10.54688,7.79297,9.84375,10.07813,10.54688,10.60547,11.13281,11.07422,11.07422,10.78125,11.19141,11.01563,11.01563,0.17334,0.133057,0.135498,0.107422,0.115967,0.10498,0.098877,0.125732,0.113525,0.123291,0.153809
2016-11-15T04:50:00Z,264.72656,269.64844,266.13281,265.42969,268.94531,267.1875,267.89063,272.8125,269.29688,268.94531,270.0,272.10938,9.78516,8.08594,9.96094,10.3125,10.25391,11.01563,11.42578,11.66016,11.30859,11.60156,11.42578,11.66016,11.13281,0.150146,0.131836,0.128174,0.148926,0.10376,0.100098,0.126953,0.102539,0.091553,0.128174,0.101318
2016-11-15T05:00:00Z,264.02344,267.1875,272.10938,268.24219,272.8125,268.94531,271.05469,271.05469,269.29688,273.86719,272.10938,268.94531,9.78516,7.96875,10.07813,10.48828,10.3125,10.25391,10.25391,10.60547,11.25,11.19141,11.42578,10.95703,10.60547,0.135498,0.137939,0.131836,0.153809,0.12085,0.114746,0.133057,0.159912,0.100098,0.126953,0.146484
2016-11-15T05:10:00Z,263.32031,268.59375,268.94531,266.13281,273.16406,273.86719,272.46094,271.40625,271.05469,274.57031,274.57031,274.57031,9.84375,7.96875,9.72656,10.48828,9.90234,10.89844,10.54688,10.83984,10.95703,11.54297,11.36719,11.60156,11.30859,0.185547,0.145264,0.117188,0.135498,0.140381,0.125732,0.130615,0.136719,0.137939,0.091553,0.136719
2016-11-15T05:20:00Z,265.78125,270.70313,266.83594,271.40625,267.89063,272.8125,277.03125,274.21875,274.21875,274.57031,274.57031,275.27344,10.25391,7.61719,9.49219,9.84375,10.19531,11.13281,11.54297,11.54297,11.30859,11.42578,11.60156,11.54297,11.83594,0.134277,0.150146,0.128174,0.124512,0.108643,0.08667,0.12085,0.117188,0.125732,0.12207,0.119629
2016-11-15T05:30:00Z,266.83594,274.21875,271.05469,271.05469,272.46094,276.67969,273.16406,275.27344,273.51563,278.08594,277.73438,275.97656,9.43359,7.67578,8.96484,9.31641,9.19922,9.84375,10.19531,10.3125,10.42969,10.95703,10.72266,10.60547,10.60547,0.119629,0.17334,0.128174,0.128174,0.150146,0.109863,0.123291,0.12085,0.146484,0.131836,0.10498
2016-11-15T05:40:00Z,267.89063,267.53906,271.05469,272.10938,272.46094,272.8125,274.92188,276.67969,272.8125,274.57031,274.21875,278.08594,8.32031,6.79688,8.55469,8.96484,8.73047,9.49219,9.72656,9.66797,9.78516,10.13672,10.01953,10.25391,10.07813,0.117188,0.163574,0.148926,0.119629,0.125732,0.147705,0.129395,0.129395,0.130615,0.13916,0.090332
2016-11-15T05:50:00Z,260.50781,264.02344,262.26563,262.96875,268.59375,266.13281,270.70313,270.35156,267.1875,270.0,274.21875,273.16406,8.61328,6.50391,8.26172,8.55469,8.49609,9.02344,9.55078,9.49219,9.49219,9.66797,9.96094,9.84375,9.43359,0.177002,0.101318,0.114746,0.117188,0.157471,0.133057,0.117188,0.157471,0.144043,0.111084,0.129395
2016-11-15T06:00:00Z,258.39844,258.75,261.5625,260.50781,262.26563,267.53906,265.78125,269.29688,265.07813,268.94531,266.48438,267.53906,8.20313,6.38672,8.14453,8.55469,8.4375,9.19922,9.375,9.84375,9.60938,9.72656,9.43359,10.07813,9.90234,0.145264,0.125732,0.111084,0.114746,0.161133,0.140381,0.164795,0.162354,0.141602,0.12207,0.093994
2016-11-15T06:10:00Z,257.69531,266.48438,266.48438,267.53906,261.91406,268.24219,264.72656,268.24219,267.1875,270.0,263.32031,271.05469,8.4375,6.73828,8.90625,9.08203,9.49219,10.13672,10.42969,10.66406,10.37109,10.42969,10.48828,11.01563,10.66406,0.134277,0.146484,0.136719,0.135498,0.10376,0.119629,0.162354,0.140381,0.133057,0.137939,0.128174
2016-11-15T06:20:00Z,261.21094,262.61719,262.26563,264.02344,264.02344,265.07813,268.24219,265.42969,268.59375,269.29688,266.83594,266.48438,8.96484,7.26563,9.43359,10.07813,9.49219,10.42969,10.66406,11.13281,11.71875,11.54297,11.07422,11.07422,11.48438,0.136719,0.131836,0.167236,0.133057,0.140381,0.096436,0.114746,0.10376,0.113525,0.119629,0.111084
2016-11-15T06:30:00Z,259.80469,265.78125,263.67188,265.42969,266.48438,265.07813,262.96875,268.59375,269.29688,265.07813,265.07813,266.13281,10.07813,7.85156,9.66797,10.37109,10.3125,10.42969,10.83984,11.36719,11.60156,11.42578,11.30859,11.54297,12.07031,0.08667,0.144043,0.10376,0.10376,0.08667,0.150146,0.118408,0.102539,0.107422,0.126953,0.106201
2016-11-15T06:40:00Z,257.69531,261.91406,260.15625,264.72656,263.67188,262.96875,263.32031,263.67188,264.375,264.375,266.83594,262.96875,9.72656,7.44141,9.55078,9.90234,10.01953,10.37109,10.83984,11.19141,11.48438,11.42578,11.25,11.42578,11.36719,0.112305,0.131836,0.134277,0.129395,0.097656,0.111084,0.141602,0.093994,0.109863,0.119629,0.126953
2016-11-15T06:50:00Z,255.9375,261.21094,259.10156,260.85938,265.07813,261.5625,266.83594,260.50781,261.5625,264.72656,265.42969,264.02344,9.55078,7.85156,9.60938,10.19531,10.13672,10.54688,10.89844,10.78125,11.25,11.48438,11.30859,11.42578,11.30859,0.10376,0.129395,0.098877,0.111084,0.126953,0.109863,0.115967,0.108643,0.125732,0.114746,0.096436
2016-11-15T07:00:00Z,256.99219,264.375,262.61719,264.02344,262.26563,266.48438,266.13281,268.59375,265.42969,269.29688,262.96875,263.67188,9.19922,7.38281,9.19922,9.55078,9.49219,10.13672,10.83984,11.13281,11.07422,10.83984,10.83984,10.95703,11.19141,0.131836,0.178223,0.147705,0.144043,0.106201,0.155029,0.129395,0.136719,0.147705,0.135498,0.096436
2016-11-15T07:10:00Z,256.64063,259.10156,260.85938,259.80469,260.85938,258.04688,262.96875,265.42969,264.02344,261.91406,262.96875,263.67188,8.78906,7.20703,8.78906,9.14063,9.31641,9.78516,10.66406,10.66406,11.01563,11.13281,10.95703,10.78125,11.13281,0.146484,0.159912,0.10376,0.126953,0.119629,0.13916,0.124512,0.148926,0.112305,0.108643,0.10498
2016-11-15T07:20:00Z,253.47656,259.80469,259.45313,259.80469,256.64063,261.91406,262.26563,262.96875,264.02344,261.91406,264.375,260.50781,8.61328,6.50391,8.4375,8.96484,9.25781,9.55078,10.66406,10.60547,11.07422,11.07422,11.48438,11.07422,11.36719,0.111084,0.148926,0.157471,0.129395,0.098877,0.126953,0.119629,0.12207,0.136719,0.144043,0.112305
2016-11-15T07:30:00Z,254.53125,257.34375,261.5625,256.28906,260.15625,260.85938,263.32031,266.48438,265.78125,265.07813,264.02344,268.94531,9.02344,7.03125,8.96484,9.14063,9.25781,9.96094,10.78125,11.48438,11.71875,11.54297,11.77734,12.42188,12.12891,0.140381,0.187988,0.135498,0.119629,0.128174,0.108643,0.10376,0.140381,0.129395,0.106201,0.10376
2016-11-15T07:40:00Z,253.82813,253.125,255.23438,258.39844,259.10156,262.26563,262.26563,264.72656,263.32031,266.83594,267.53906,265.78125,8.37891,7.03125,8.73047,9.43359,9.02344,10.07813,10.60547,11.19141,11.36719,11.77734,12.01172,11.95313,12.01172,0.10498,0.131836,0.152588,0.117188,0.130615,0.115967,0.080566,0.091553,0.076904,0.119629,0.12207
2016-11-15T07:50:00Z,252.42188,258.39844,259.45313,259.45313,262.96875,259.10156,265.78125,262.61719,261.21094,263.32031,262.96875,266.13281,8.61328,7.08984,8.61328,9.31641,9.31641,9.90234,10.54688,10.95703,11.30859,11.30859,11.71875,11.83594,11.60156,0.151367,0.144043,0.119629,0.124512,0.135498,0.117188,0.093994,0.129395,0.13916,0.131836,0.089111
2016-11-15T08:00:00Z,252.42188,258.04688,257.34375,257.34375,260.85938,259.45313,259.10156,264.375,263.32031,266.48438,265.78125,266.83594,8.4375,6.79688,8.73047,9.14063,9.25781,9.55078,9.66797,11.36719,11.77734,11.89453,11.95313,11.83594,11.77734,0.118408,0.096436,0.130615,0.130615,0.146484,0.08667,0.095215,0.092773,0.098877,0.123291,0.126953
2016-11-15T08:10:00Z,250.66406,255.23438,251.36719,252.77344,254.88281,257.69531,255.58594,256.99219,259.45313,264.375,268.94531,280.19531,8.67188,6.97266,8.84766,9.43359,9.19922,10.19531,10.37109,10.95703,11.07422,11.54297,11.83594,11.83594,11.77734,0.089111,0.085449,0.102539,0.090332,0.091553,0.096436,0.10498,0.118408,0.118408,0.129395,0.114746
2016-11-15T08:20:00Z,247.14844,249.25781,250.3125,249.96094,254.88281,249.60938,252.77344,256.28906,256.99219,257.69531,262.96875,264.375,8.55469,6.79688,8.61328,9.14063,9.08203,9.31641,10.07813,10.78125,10.89844,10.95703,11.01563,11.36719,11.77734,0.119629,0.113525,0.108643,0.083008,0.091553,0.101318,0.093994,0.083008,0.097656,0.102539,0.100098
2016-11-15T08:30:00Z,244.33594,250.3125,249.25781,251.36719,250.66406,252.07031,251.36719,254.17969,259.45313,261.91406,260.50781,266.13281,8.02734,6.50391,8.32031,8.67188,8.67188,9.60938,10.01953,10.54688,11.19141,11.48438,11.36719,11.66016,11.36719,0.113525,0.101318,0.106201,0.111084,0.084229,0.079346,0.101318,0.100098,0.098877,0.115967,0.093994
2016-11-15T08:40:00Z,245.74219,252.07031,253.82813,252.07031,252.42188,252.07031,257.34375,256.99219,258.04688,261.21094,260.50781,262.26563,8.26172,6.79688,9.08203,9.43359,9.43359,10.13672,10.89844,11.19141,11.13281,11.54297,11.66016,12.07031,12.01172,0.118408,0.097656,0.12085,0.106201,0.091553,0.078125,0.106201,0.095215,0.091553,0.096436,0.098877
2016-11-15T08:50:00Z,249.25781,254.88281,252.42188,255.23438,258.75,255.23438,256.99219,258.39844,260.50781,264.72656,264.02344,264.02344,9.25781,7.44141,9.25781,10.19531,9.90234,11.13281,11.42578,12.01172,12.42188,13.00781,13.18359,13.125,13.06641,0.106201,0.111084,0.131836,0.112305,0.106201,0.100098,0.078125,0.063477,0.070801,0.093994,0.101318
2016-11-15T09:00:00Z,251.36719,256.99219,257.69531,255.9375,258.39844,257.34375,262.61719,262.26563,262.26563,262.96875,267.1875,267.1875,9.375,7.61719,9.02344,9.72656,9.55078,10.54688,11.30859,12.30469,12.36328,12.83203,13.24219,13.47656,13.24219,0.10498,0.124512,0.142822,0.074463,0.115967,0.100098,0.128174,0.074463,0.113525,0.107422,0.090332
2016-11-15T09:10:00Z,255.23438,257.69531,260.85938,259.10156,262.26563,261.21094,261.91406,266.83594,267.53906,267.89063,270.0,269.29688,8.78906,7.20703,9.25781,9.78516,9.72656,10.42969,11.25,11.89453,12.65625,12.77344,13.06641,12.94922,13.35938,0.12207,0.092773,0.12207,0.085449,0.091553,0.107422,0.091553,0.111084,0.085449,0.12085,0.073242
2016-11-15T09:20:00Z,256.99219,261.21094,262.96875,263.67188,264.375,267.89063,268.24219,270.0,270.35156,271.75781,272.46094,273.86719,9.78516,7.44141,9.49219,10.19531,9.60938,11.13281,11.54297,12.01172,12.30469,12.65625,12.94922,13.125,13.41797,0.095215,0.095215,0.109863,0.108643,0.087891,0.119629,0.106201,0.125732,0.10376,0.129395,0.109863
2016-11-15T09:30:00Z,258.39844,266.83594,264.72656,260.15625,266.83594,265.78125,271.40625,272.46094,277.03125,286.875,295.66406,297.77344,9.66797,7.67578,9.31641,9.90234,9.96094,10.25391,11.01563,11.07422,11.60156,12.01172,12.89063,12.53906,12.65625,0.117188,0.112305,0.089111,0.112305,0.091553,0.12085,0.141602,0.109863,0.114746,0.137939,0.098877
2016-11-15T09:40:00Z,256.99219,262.26563,261.5625,261.21094,262.61719,264.72656,269.64844,270.35156,274.57031,276.67969,280.54688,278.08594,8.32031,6.62109,8.14453,8.4375,8.61328,9.08203,9.78516,10.3125,11.19141,12.12891,12.53906,12.12891,12.12891,0.097656,0.111084,0.101318,0.124512,0.10498,0.101318,0.101318,0.117188,0.114746,0.098877,0.10498
2016-11-15T09:50:00Z,258.39844,261.5625,261.21094,259.80469,262.61719,264.72656,266.13281,265.78125,269.29688,271.40625,274.21875,287.22656,8.55469,6.38672,8.49609,9.31641,8.84766,10.19531,10.60547,10.78125,10.72266,11.19141,11.83594,12.71484,12.42188,0.101318,0.10498,0.157471,0.114746,0.087891,0.113525,0.113525,0.111084,0.075684,0.123291,0.089111
2016-11-15T10:00:00Z,254.17969,256.64063,256.99219,258.39844,258.04688,258.75,260.15625,265.42969,273.51563,284.76563,294.25781,299.88281,8.32031,6.67969,8.55469,9.08203,8.96484,9.66797,10.37109,10.89844,11.19141,11.01563,11.54297,11.66016,11.66016,0.102539,0.101318,0.090332,0.10498,0.089111,0.089111,0.089111,0.097656,0.097656,0.098877,0.10498
2016-11-15T10:10:00Z,253.47656,259.45313,258.04688,259.45313,260.85938,261.5625,265.78125,266.83594,271.05469,278.4375,296.36719,300.58594,8.61328,6.62109,8.55469,8.96484,9.25781,9.43359,10.19531,10.48828,10.72266,11.01563,11.42578,12.07031,12.24609,0.108643,0.145264,0.109863,0.115967,0.089111,0.107422,0.095215,0.10376,0.08667,0.100098,0.10498
2016-11-15T10:20:00Z,252.42188,256.64063,258.04688,256.64063,260.15625,260.50781,261.5625,266.13281,270.0,280.19531,299.53125,302.34375,7.55859,6.32813,8.32031,8.78906,8.55469,9.55078,9.90234,10.37109,10.83984,10.83984,11.60156,12.1875,12.36328,0.112305,0.089111,0.095215,0.092773,0.124512,0.108643,0.101318,0.12207,0.096436,0.118408,0.107422
2016-11-15T10:30:00Z,252.77344,256.99219,258.04688,256.99219,260.15625,260.15625,265.78125,267.1875,271.75781,283.71094,303.75,305.15625,8.4375,6.21094,8.02734,8.55469,8.55469,9.14063,9.55078,10.37109,10.78125,10.83984,11.77734,12.30469,12.24609,0.097656,0.134277,0.108643,0.098877,0.112305,0.135498,0.100098,0.153809,0.093994,0.108643,0.095215
2016-11-15T10:40:00Z,251.36719,256.99219,257.34375,258.39844,260.85938,262.61719,262.96875,267.1875,267.53906,285.46875,300.58594,302.69531,7.20703,5.85938,7.67578,8.32031,8.26172,9.02344,9.60938,10.01953,10.19531,10.78125,11.60156,11.36719,11.30859,0.087891,0.089111,0.107422,0.112305,0.107422,0.063477,0.100098,0.097656,0.08667,0.115967,0.118408
2016-11-15T10:50:00Z,250.3125,255.58594,256.28906,257.69531,260.15625,259.80469,262.61719,265.07813,268.24219,278.78906,298.82813,303.75,7.26563,5.85938,7.61719,8.14453,7.96875,8.55469,9.14063,9.84375,10.07813,10.48828,10.66406,10.42969,10.19531,0.087891,0.06958,0.118408,0.092773,0.095215,0.070801,0.108643,0.095215,0.092773,0.130615,0.085449
2016-11-15T11:00:00Z,252.07031,259.45313,259.80469,264.02344,265.78125,265.42969,268.59375,271.40625,275.97656,292.5,305.50781,306.91406,6.67969,5.56641,7.38281,8.08594,7.85156,8.67188,9.84375,10.07813,10.48828,11.01563,11.60156,11.19141,11.13281,0.12085,0.125732,0.12207,0.085449,0.100098,0.10376,0.084229,0.095215,0.101318,0.119629,0.145264
2016-11-15T11:10:00Z,259.80469,267.53906,264.72656,266.13281,266.13281,267.1875,269.64844,275.625,278.78906,283.35938,294.96094,301.99219,7.61719,5.85938,8.14453,8.73047,8.78906,9.43359,10.3125,10.72266,10.78125,10.95703,11.71875,11.48438,11.07422,0.102539,0.093994,0.107422,0.089111,0.081787,0.100098,0.108643,0.111084,0.100098,0.093994,0.130615
2016-11-15T11:20:00Z,261.21094,268.24219,268.94531,267.89063,270.35156,271.40625,277.73438,282.30469,303.04688,306.5625,309.72656,309.72656,7.61719,6.21094,8.02734,8.55469,8.4375,9.25781,9.84375,10.37109,11.89453,13.00781,13.35938,13.65234,13.53516,0.111084,0.10376,0.108643,0.128174,0.112305,0.092773,0.114746,0.091553,0.079346,0.092773,0.112305
2016-11-15T11:30:00Z,260.15625,264.72656,267.1875,264.02344,268.94531,268.94531,275.625,281.60156,291.09375,299.53125,296.71875,299.88281,7.55859,6.09375,8.26172,8.78906,8.84766,9.25781,9.96094,10.60547,11.25,11.54297,12.24609,12.12891,12.48047,0.091553,0.133057,0.096436,0.087891,0.133057,0.125732,0.118408,0.144043,0.111084,0.10376,0.134277
2016-11-15T11:40:00Z,255.58594,261.21094,263.32031,262.26563,264.72656,268.94531,272.46094,277.03125,281.60156,287.57813,287.57813,298.125,7.61719,5.97656,7.96875,8.37891,8.37891,9.25781,9.72656,10.37109,10.78125,11.13281,11.54297,11.95313,12.30469,0.124512,0.131836,0.124512,0.118408,0.128174,0.101318,0.113525,0.123291,0.126953,0.148926,0.113525
2016-11-15T11:50:00Z,257.69531,267.1875,263.32031,264.375,268.24219,273.86719,279.49219,279.14063,285.46875,294.25781,302.69531,306.91406,7.14844,5.85938,7.91016,8.90625,8.73047,10.01953,10.83984,10.72266,11.60156,12.01172,12.83203,13.18359,13.24219,0.133057,0.102539,0.115967,0.089111,0.113525,0.118408,0.097656,0.118408,0.118408,0.08667,0.109863
2016-11-15T12:00:00Z,262.26563,270.70313,270.0,269.64844,274.57031,275.625,281.25,285.11719,296.01563,299.88281,300.23438,305.85938,7.26563,6.15234,8.14453,8.73047,8.61328,9.84375,10.72266,11.36719,11.89453,12.83203,13.35938,13.71094,13.71094,0.111084,0.135498,0.124512,0.111084,0.108643,0.128174,0.106201,0.136719,0.125732,0.098877,0.108643
2016-11-15T12:10:00Z,267.1875,273.86719,273.51563,271.05469,277.73438,274.57031,281.25,283.71094,289.33594,295.66406,300.9375,300.58594,7.20703,5.97656,7.85156,8.55469,8.61328,8.96484,10.13672,10.54688,11.13281,11.60156,12.12891,12.59766,12.94922,0.117188,0.100098,0.123291,0.119629,0.108643,0.083008,0.075684,0.092773,0.12085,0.10498,0.095215
2016-11-15T12:20:00Z,269.29688,276.32813,277.38281,277.73438,279.14063,279.14063,281.60156,288.98438,292.14844,296.36719,298.47656,304.80469,6.85547,5.625,7.67578,7.96875,7.79297,8.73047,9.14063,10.07813,10.66406,11.25,11.42578,11.60156,11.66016,0.089111,0.12207,0.106201,0.092773,0.108643,0.087891,0.080566,0.097656,0.083008,0.118408,0.10498
2016-11-15T12:30:00Z,272.46094,277.73438,280.89844,282.30469,284.41406,284.76563,290.03906,301.28906,302.69531,301.99219,305.50781,302.69531,7.20703,5.56641,7.96875,8.61328,8.37891,9.08203,9.55078,10.60547,11.54297,11.60156,12.07031,12.07031,11.89453,0.109863,0.084229,0.140381,0.107422,0.112305,0.091553,0.102539,0.124512,0.130615,0.108643,0.093994
2016-11-15T12:40:00Z,276.67969,282.30469,286.875,284.0625,287.92969,288.28125,293.90625,298.82813,302.34375,301.28906,299.17969,302.69531,7.32422,5.91797,7.91016,8.26172,8.37891,8.90625,9.78516,10.48828,11.25,11.07422,11.30859,11.54297,11.42578,0.111084,0.095215,0.13916,0.126953,0.098877,0.107422,0.109863,0.125732,0.114746,0.12207,0.095215
2016-11-15T12:50:00Z,279.14063,284.76563,289.33594,288.63281,289.33594,291.44531,302.69531,300.58594,300.58594,303.75,302.69531,303.04688,7.03125,5.68359,7.85156,8.20313,7.79297,9.19922,9.55078,10.37109,10.78125,11.36719,11.36719,11.36719,11.19141,0.081787,0.126953,0.184326,0.126953,0.140381,0.107422,0.096436,0.118408,0.114746,0.124512,0.109863
2016-11-15T13:00:00Z,279.84375,282.65625,281.25,285.46875,285.11719,295.66406,291.09375,301.28906,298.47656,305.15625,301.64063,302.34375,7.14844,5.91797,7.96875,8.37891,8.49609,9.49219,9.96094,10.37109,10.78125,11.25,11.66016,11.71875,11.54297,0.131836,0.140381,0.114746,0.114746,0.144043,0.128174,0.106201,0.108643,0.108643,0.133057,0.109863
2016-11-15T13:10:00Z,279.14063,283.71094,287.22656,286.52344,289.33594,293.55469,292.5,297.07031,299.53125,299.53125,301.64063,300.23438,7.73438,6.21094,8.20313,8.73047,8.55469,9.19922,10.01953,10.60547,10.89844,11.19141,11.30859,11.30859,11.60156,0.131836,0.123291,0.101318,0.129395,0.12085,0.106201,0.109863,0.115967,0.117188,0.126953,0.106201
2016-11-15T13:20:00Z,280.54688,282.30469,282.65625,286.875,288.98438,293.90625,294.25781,292.14844,296.01563,292.85156,300.23438,300.9375,7.55859,6.03516,7.5,8.02734,7.73438,8.78906,9.375,9.49219,10.19531,10.19531,10.72266,10.89844,10.78125,0.131836,0.119629,0.114746,0.098877,0.102539,0.112305,0.083008,0.10498,0.101318,0.091553,0.081787
2016-11-15T13:30:00Z,280.19531,285.11719,289.6875,288.98438,288.63281,290.03906,295.66406,290.74219,298.82813,296.36719,296.01563,295.66406,7.67578,6.21094,8.67188,8.55469,8.78906,9.55078,10.01953,10.78125,10.83984,10.89844,10.89844,11.07422,11.42578,0.148926,0.136719,0.119629,0.133057,0.10376,0.123291,0.092773,0.124512,0.109863,0.113525,0.115967
2016-11-15T13:40:00Z,281.25,282.30469,287.22656,289.6875,288.63281,293.90625,294.60938,302.34375,304.10156,303.75,304.80469,304.45313,8.08594,6.44531,8.20313,8.61328,8.61328,9.43359,10.25391,10.72266,10.66406,10.78125,10.89844,11.01563,11.13281,0.12207,0.109863,0.102539,0.115967,0.102539,0.098877,0.101318,0.131836,0.118408,0.115967,0.098877
2016-11-15T13:50:00Z,282.30469,284.76563,290.74219,290.39063,293.20313,295.66406,300.23438,298.125,305.50781,302.69531,303.39844,309.72656,7.91016,6.73828,8.49609,9.08203,8.73047,9.60938,10.13672,10.66406,10.89844,11.07422,10.89844,11.25,11.54297,0.125732,0.115967,0.133057,0.117188,0.109863,0.109863,0.083008,0.100098,0.096436,0.113525,0.087891
2016-11-15T14:00:00Z,283.35938,285.46875,287.92969,283.71094,290.03906,291.79688,296.01563,296.71875,299.53125,298.82813,304.80469,303.39844,8.32031,6.79688,8.67188,9.25781,9.25781,9.55078,10.3125,10.72266,10.48828,10.95703,11.25,11.48438,10.89844,0.118408,0.117188,0.119629,0.109863,0.115967,0.10376,0.112305,0.10376,0.10376,0.113525,0.107422
2016-11-15T14:10:00Z,280.89844,287.57813,285.11719,290.03906,291.09375,293.90625,295.66406,296.01563,293.20313,297.42188,298.82813,299.17969,8.08594,6.79688,8.49609,9.14063,9.19922,10.07813,10.42969,10.60547,10.83984,11.19141,11.01563,11.25,11.01563,0.13916,0.124512,0.113525,0.101318,0.084229,0.090332,0.093994,0.097656,0.129395,0.133057,0.124512
2016-11-15T14:20:00Z,280.19531,284.0625,286.875,287.22656,288.28125,285.11719,291.09375,290.39063,291.09375,298.125,298.47656,298.47656,8.67188,7.08984,8.67188,9.02344,9.25781,9.72656,10.3125,10.78125,10.60547,11.07422,10.89844,11.25,10.66406,0.114746,0.109863,0.083008,0.114746,0.125732,0.10498,0.10498,0.096436,0.090332,0.114746,0.12207
2016-11-15T14:30:00Z,279.84375,284.76563,285.11719,285.11719,285.82031,287.92969,290.74219,293.90625,294.96094,294.96094,299.88281,298.125,8.67188,6.67969,8.08594,8.61328,8.37891,9.43359,9.96094,10.42969,10.54688,10.60547,10.95703,10.83984,10.83984,0.109863,0.106201,0.098877,0.100098,0.085449,0.092773,0.080566,0.107422,0.093994,0.102539,0.080566
2016-11-15T14:40:00Z,278.78906,284.76563,283.71094,285.11719,286.875,291.79688,296.01563,300.9375,302.34375,299.88281,310.78125,306.91406,7.38281,6.38672,7.96875,8.90625,8.55469,9.72656,10.37109,10.25391,10.42969,10.42969,11.01563,11.01563,10.78125,0.108643,0.111084,0.111084,0.106201,0.118408,0.101318,0.085449,0.111084,0.111084,0.089111,0.102539
2016-11-15T14:50:00Z,279.84375,290.03906,288.28125,286.17188,291.44531,296.01563,297.77344,305.85938,307.61719,312.1875,312.53906,319.21875,7.5,6.44531,8.14453,8.4375,8.67188,9.375,9.78516,10.25391,10.37109,10.83984,11.01563,11.19141,10.83984,0.067139,0.112305,0.119629,0.125732,0.085449,0.085449,0.100098,0.089111,0.089111,0.111084,0.108643
2016-11-15T15:00:00Z,279.49219,286.875,288.98438,291.44531,291.44531,292.5,297.42188,297.07031,298.47656,298.125,306.21094,301.99219,7.67578,6.03516,7.38281,7.96875,7.79297,8.61328,8.78906,8.90625,9.375,9.78516,10.13672,10.3125,10.3125,0.101318,0.100098,0.100098,0.101318,0.087891,0.096436,0.109863,0.084229,0.114746,0.092773,0.080566
2016-11-15T15:10:00Z,280.89844,287.22656,284.41406,286.875,292.5,290.39063,290.03906,296.01563,299.53125,302.34375,308.32031,314.29688,6.97266,5.625,6.91406,7.55859,7.55859,8.08594,8.37891,9.19922,9.14063,9.25781,9.19922,8.73047,8.73047,0.125732,0.125732,0.155029,0.115967,0.112305,0.085449,0.108643,0.129395,0.15625,0.297852,0.302734
2016-11-15T15:20:00Z,279.14063,287.92969,285.11719,284.0625,286.52344,292.14844,293.55469,297.77344,306.21094,320.625,327.30469,326.95313,6.5625,5.44922,7.20703,7.61719,7.73438,8.49609,8.84766,9.31641,9.66797,9.60938,8.14453,7.55859,7.79297,0.125732,0.100098,0.065918,0.074463,0.106201,0.087891,0.087891,0.111084,0.186768,0.172119,0.181885
2016-11-15T15:30:00Z,277.38281,284.41406,283.71094,288.28125,288.28125,294.96094,292.85156,300.58594,299.53125,304.10156,320.27344,325.19531,6.85547,5.50781,6.85547,7.55859,7.38281,8.20313,8.37891,8.55469,8.78906,9.08203,9.375,8.32031,7.61719,0.10498,0.091553,0.10498,0.10498,0.072021,0.108643,0.106201,0.092773,0.134277,0.203857,0.213623
2016-11-15T15:40:00Z,277.03125,287.57813,283.35938,287.22656,293.90625,297.77344,296.36719,305.15625,303.39844,314.29688,311.83594,318.16406,6.91406,5.03906,6.26953,7.14844,6.97266,7.73438,7.96875,8.4375,8.67188,9.08203,9.43359,9.78516,9.49219,0.129395,0.080566,0.10376,0.102539,0.12085,0.085449,0.111084,0.098877,0.095215,0.091553,0.166016
2016-11-15T15:50:00Z,284.76563,292.85156,294.96094,295.3125,299.53125,300.58594,307.61719,312.53906,315.35156,319.21875,317.10938,318.86719,6.21094,5.09766,6.73828,7.08984,7.14844,7.61719,8.32031,9.02344,9.31641,9.72656,9.49219,9.96094,9.72656,0.140381,0.123291,0.128174,0.159912,0.126953,0.113525,0.151367,0.13916,0.128174,0.145264,0.141602
2016-11-15T16:00:00Z,286.52344,296.01563,297.42188,296.36719,299.53125,304.10156,304.45313,309.72656,309.375,315.0,316.75781,318.51563,6.50391,5.21484,6.85547,7.26563,7.14844,8.08594,8.37891,8.84766,9.19922,9.55078,9.55078,9.60938,9.55078,0.136719,0.08667,0.123291,0.130615,0.124512,0.084229,0.13916,0.13916,0.123291,0.131836,0.148926
2016-11-15T16:10:00Z,292.14844,297.07031,297.42188,297.07031,299.88281,303.39844,310.78125,313.24219,313.59375,312.89063,317.8125,318.86719,6.73828,5.27344,6.73828,6.85547,6.91406,7.79297,8.4375,8.73047,8.61328,8.78906,9.08203,9.31641,9.25781,0.147705,0.12085,0.12207,0.112305,0.131836,0.137939,0.12207,0.12085,0.119629,0.12207,0.137939
2016-11-15T16:20:00Z,286.875,297.77344,294.96094,296.01563,299.53125,305.15625,305.15625,308.67188,309.02344,313.24219,317.8125,313.24219,6.44531,5.21484,6.73828,7.32422,7.26563,7.73438,8.14453,8.26172,8.55469,8.84766,9.14063,8.78906,8.37891,0.097656,0.128174,0.113525,0.130615,0.119629,0.117188,0.10376,0.10498,0.100098,0.155029,0.125732
2016-11-15T16:30:00Z,293.20313,299.17969,304.10156,301.64063,305.15625,310.07813,306.91406,310.78125,312.1875,310.78125,314.64844,311.48438,7.38281,5.44922,6.91406,7.14844,7.14844,7.61719,8.26172,8.32031,8.49609,8.32031,8.73047,8.49609,7.79297,0.12085,0.090332,0.089111,0.093994,0.118408,0.128174,0.109863,0.155029,0.159912,0.129395,0.150146
2016-11-15T16:40:00Z,297.07031,304.80469,305.85938,304.10156,309.375,308.32031,311.48438,312.89063,311.83594,313.59375,313.94531,313.94531,6.79688,5.625,7.08984,7.44141,7.79297,8.20313,8.67188,8.55469,8.61328,8.37891,8.84766,8.61328,8.61328,0.112305,0.114746,0.161133,0.130615,0.131836,0.137939,0.148926,0.145264,0.125732,0.145264,0.109863
2016-11-15T16:50:00Z,298.82813,302.69531,304.80469,303.75,308.67188,307.96875,309.72656,304.45313,305.85938,311.83594,309.375,310.42969,6.26953,5.03906,6.32813,7.08984,6.67969,7.79297,7.91016,8.14453,7.96875,8.73047,8.4375,8.32031,7.96875,0.136719,0.112305,0.135498,0.123291,0.102539,0.091553,0.117188,0.128174,0.128174,0.135498,0.125732
2016-11-15T17:00:00Z,301.28906,307.96875,301.99219,306.91406,311.83594,309.02344,310.78125,313.94531,314.64844,315.35156,316.05469,316.40625,6.50391,5.09766,6.44531,7.14844,7.08984,7.5,7.91016,8.26172,8.4375,8.55469,8.37891,8.26172,8.37891,0.106201,0.134277,0.097656,0.118408,0.102539,0.140381,0.111084,0.095215,0.153809,0.15625,0.114746
2016-11-15T17:10:00Z,298.125,301.99219,304.45313,307.26563,306.5625,304.80469,304.45313,309.375,304.45313,307.26563,305.85938,298.125,6.09375,5.09766,6.50391,6.97266,6.91406,7.32422,7.91016,8.08594,7.96875,7.91016,7.96875,7.96875,7.85156,0.142822,0.107422,0.166016,0.133057,0.06958,0.107422,0.141602,0.100098,0.097656,0.130615,0.124512
2016-11-15T17:20:00Z,300.9375,308.67188,309.72656,309.02344,308.32031,308.32031,308.32031,308.67188,310.42969,313.24219,309.72656,301.64063,6.91406,4.86328,6.15234,6.50391,6.5625,7.08984,6.97266,7.55859,7.96875,8.32031,7.55859,7.44141,7.38281,0.102539,0.106201,0.117188,0.098877,0.158691,0.117188,0.109863,0.12207,0.12207,0.12085,0.129395
2016-11-15T17:30:00Z,303.39844,308.67188,309.02344,307.61719,310.07813,309.02344,312.1875,306.21094,311.83594,307.61719,309.72656,301.99219,5.50781,4.39453,5.80078,6.38672,6.26953,6.73828,6.97266,7.14844,7.08984,7.26563,7.03125,7.03125,7.20703,0.118408,0.124512,0.158691,0.152588,0.131836,0.133057,0.150146,0.141602,0.115967,0.164795,0.130615
2016-11-15T17:40:00Z,299.53125,306.5625,307.26563,305.50781,305.50781,307.26563,305.15625,306.91406,309.375,305.85938,303.39844,300.58594,5.39063,4.51172,5.68359,5.91797,6.15234,6.44531,6.79688,7.03125,6.97266,6.97266,6.85547,6.67969,7.20703,0.216064,0.124512,0.123291,0.147705,0.134277,0.161133,0.152588,0.179443,0.162354,0.170898,0.157471
2016-11-15T17:50:00Z,297.42188,304.45313,300.9375,301.64063,305.85938,305.50781,306.91406,305.15625,305.85938,308.32031,306.5625,305.50781,5.15625,4.04297,5.15625,5.74219,5.85938,6.26953,6.62109,6.97266,6.79688,6.91406,7.03125,6.91406,7.38281,0.151367,0.135498,0.150146,0.151367,0.133057,0.126953,0.152588,0.155029,0.157471,0.142822,0.141602
2016-11-15T18:00:00Z,296.36719,303.75,302.69531,306.21094,304.10156,307.61719,309.02344,303.75,307.26563,310.07813,304.80469,303.39844,5.15625,4.10156,4.80469,5.21484,5.21484,6.09375,6.44531,6.91406,6.91406,7.14844,7.14844,7.26563,7.61719,0.196533,0.163574,0.150146,0.153809,0.19165,0.166016,0.134277,0.175781,0.169678,0.197754,0.142822
2016-11-15T18:10:00Z,305.15625,307.96875,308.67188,311.83594,313.24219,312.89063,313.59375,313.59375,312.89063,306.5625,314.29688,307.96875,4.45313,3.16406,4.39453,4.86328,4.6875,5.50781,5.85938,5.97656,5.97656,6.38672,6.67969,6.5625,6.44531,0.168457,0.170898,0.145264,0.153809,0.164795,0.159912,0.141602,0.19043,0.187988,0.174561,0.174561
2016-11-15T18:20:00Z,294.96094,303.39844,301.64063,301.99219,305.85938,306.91406,303.39844,308.67188,307.26563,297.07031,305.85938,292.85156,4.10156,3.22266,4.39453,4.62891,4.62891,5.15625,5.50781,5.74219,5.97656,5.68359,6.50391,5.97656,6.97266,0.119629,0.129395,0.192871,0.136719,0.144043,0.161133,0.153809,0.162354,0.206299,0.196533,0.155029
2016-11-15T18:30:00Z,293.90625,298.82813,301.64063,303.39844,304.80469,309.02344,307.61719,307.26563,304.10156,298.82813,298.82813,290.39063,4.21875,2.46094,3.63281,3.92578,3.75,4.39453,4.86328,4.98047,4.92188,4.80469,5.39063,5.44922,6.03516,0.144043,0.157471,0.12085,0.153809,0.135498,0.161133,0.177002,0.241699,0.26001,0.239258,0.239258
2016-11-15T18:40:00Z,284.0625,302.34375,304.45313,302.69531,306.5625,303.39844,310.42969,304.10156,309.375,296.71875,303.39844,295.66406,3.04688,2.40234,3.28125,3.80859,3.80859,3.86719,4.51172,4.57031,4.92188,4.74609,5.50781,5.15625,5.85938,0.163574,0.158691,0.216064,0.178223,0.222168,0.172119,0.194092,0.187988,0.268555,0.245361,0.229492
2016-11-15T18:50:00Z,293.55469,297.07031,299.17969,300.9375,300.9375,300.23438,299.88281,298.125,304.10156,296.71875,298.47656,291.79688,2.69531,2.05078,3.39844,4.04297,4.10156,4.33594,4.6875,4.6875,5.15625,5.03906,5.33203,5.03906,5.50781,0.137939,0.175781,0.196533,0.184326,0.144043,0.15625,0.117188,0.161133,0.141602,0.175781,0.169678
2016-11-15T19:00:00Z,280.54688,300.9375,294.60938,299.17969,298.125,298.82813,300.23438,300.9375,298.47656,297.77344,295.3125,292.14844,3.45703,2.05078,3.10547,3.80859,3.98438,4.16016,5.09766,4.86328,5.03906,4.98047,5.39063,5.15625,5.80078,0.216064,0.180664,0.15625,0.244141,0.187988,0.229492,0.172119,0.216064,0.241699,0.262451,0.15625
2016-11-15T19:10:00Z,279.14063,292.85156,298.47656,296.01563,298.47656,296.71875,297.77344,301.99219,300.9375,298.125,297.77344,295.66406,3.51563,2.16797,3.86719,4.10156,4.04297,4.62891,5.03906,5.15625,5.27344,5.39063,5.625,5.80078,6.21094,0.130615,0.19043,0.162354,0.17334,0.22583,0.196533,0.185547,0.209961,0.233154,0.20752,0.158691
2016-11-15T19:20:00Z,272.10938,286.52344,289.6875,289.6875,292.5,294.60938,294.60938,291.44531,288.63281,288.63281,284.41406,287.57813,2.75391,2.10938,3.45703,3.69141,3.45703,4.33594,4.80469,4.86328,4.98047,5.39063,5.80078,6.09375,6.38672,0.164795,0.112305,0.140381,0.178223,0.267334,0.163574,0.167236,0.194092,0.206299,0.184326,0.200195
2016-11-15T19:30:00Z,278.08594,289.33594,290.74219,290.39063,293.55469,291.79688,291.09375,292.14844,288.63281,290.03906,287.57813,285.46875,3.39844,2.16797,3.69141,3.86719,3.63281,4.33594,4.39453,4.86328,4.86328,5.09766,5.74219,5.91797,6.03516,0.108643,0.175781,0.12085,0.181885,0.194092,0.211182,0.229492,0.189209,0.241699,0.214844,0.179443
2016-11-15T19:40:00Z,278.78906,280.89844,284.41406,282.65625,283.35938,287.22656,287.92969,288.98438,287.57813,289.33594,284.0625,283.35938,3.04688,2.05078,3.10547,3.28125,3.22266,3.45703,3.69141,3.63281,3.92578,3.80859,4.33594,4.27734,5.39063,0.13916,0.195313,0.192871,0.155029,0.142822,0.187988,0.198975,0.214844,0.224609,0.245361,0.281982
2016-11-15T19:50:00Z,279.49219,282.65625,283.35938,283.35938,287.92969,282.65625,286.17188,286.875,286.875,288.98438,285.46875,286.875,2.10938,1.52344,2.87109,3.16406,3.22266,3.22266,3.33984,3.33984,3.51563,3.33984,3.69141,3.39844,3.92578,0.144043,0.162354,0.151367,0.19165,0.106201,0.155029,0.153809,0.172119,0.142822,0.155029,0.22583
2016-11-15T20:00:00Z,278.78906,283.00781,286.875,284.0625,291.79688,291.09375,290.39063,292.5,293.20313,285.46875,285.82031,284.76563,2.46094,1.75781,3.33984,3.45703,3.33984,3.63281,3.63281,3.92578,3.92578,3.92578,4.21875,4.74609,5.21484,0.162354,0.148926,0.129395,0.136719,0.141602,0.153809,0.142822,0.175781,0.216064,0.196533,0.224609
2016-11-15T20:10:00Z,269.64844,275.625,282.30469,281.60156,281.95313,287.22656,285.46875,286.17188,284.0625,280.54688,281.25,281.25,2.87109,2.22656,3.28125,3.75,3.51563,4.04297,4.57031,4.86328,5.44922,5.91797,7.03125,6.67969,6.97266,0.157471,0.147705,0.146484,0.158691,0.235596,0.196533,0.184326,0.220947,0.163574,0.216064,0.168457
2016-11-15T20:20:00Z,258.75,271.40625,277.03125,272.10938,278.08594,276.32813,277.03125,277.38281,277.73438,278.78906,281.25,279.84375,2.92969,2.10938,3.63281,3.75,3.69141,4.16016,4.86328,5.03906,5.39063,5.39063,6.73828,6.5625,6.97266,0.111084,0.113525,0.134277,0.235596,0.198975,0.17334,0.178223,0.203857,0.189209,0.163574,0.164795
2016-11-15T20:30:00Z,263.32031,274.92188,275.625,277.03125,279.84375,279.14063,277.38281,275.625,276.67969,277.38281,279.49219,278.78906,2.8125,2.28516,3.63281,3.86719,3.80859,4.51172,5.03906,5.15625,5.625,5.97656,6.79688,6.91406,7.20703,0.123291,0.072021,0.10498,0.163574,0.222168,0.155029,0.19043,0.227051,0.172119,0.192871,0.157471
2016-11-15T20:40:00Z,265.78125,267.1875,272.10938,270.0,270.70313,274.21875,271.75781,276.67969,275.27344,278.4375,274.92188,281.60156,2.46094,1.75781,3.16406,3.33984,3.39844,3.75,4.33594,4.57031,4.92188,5.15625,5.74219,5.68359,6.85547,0.161133,0.117188,0.128174,0.20874,0.214844,0.175781,0.189209,0.205078,0.194092,0.19165,0.152588
2016-11-15T20:50:00Z,252.07031,261.21094,263.32031,261.21094,265.07813,268.24219,266.48438,268.59375,271.40625,278.4375,277.38281,275.27344,2.28516,1.58203,3.33984,3.51563,3.45703,3.86719,4.04297,4.27734,4.80469,5.27344,6.03516,6.09375,6.73828,0.126953,0.08667,0.111084,0.147705,0.084229,0.111084,0.189209,0.195313,0.205078,0.247803,0.170898
2016-11-15T21:00:00Z,236.60156,248.55469,252.77344,251.36719,256.28906,257.69531,259.80469,264.02344,266.48438,268.94531,271.40625,278.08594,2.57813,1.69922,3.22266,3.45703,3.45703,3.69141,3.98438,4.21875,4.51172,4.62891,4.86328,5.27344,6.15234,0.125732,0.101318,0.10376,0.109863,0.10498,0.100098,0.106201,0.10498,0.095215,0.125732,0.140381
2016-11-15T21:10:00Z,221.83594,240.46875,248.55469,246.44531,253.47656,259.10156,263.67188,270.0,275.625,278.78906,280.54688,279.14063,1.99219,1.46484,2.92969,3.22266,3.16406,3.33984,3.75,4.10156,4.51172,4.74609,5.33203,5.85938,6.26953,0.114746,0.115967,0.111084,0.093994,0.100098,0.072021,0.109863,0.113525,0.115967,0.074463,0.095215
2016-11-15T21:20:00Z,216.21094,236.60156,243.28125,242.57813,254.17969,256.99219,266.13281,272.8125,280.19531,284.76563,284.76563,280.89844,1.64063,1.17188,2.69531,2.87109,2.8125,3.22266,3.16406,3.86719,4.39453,5.03906,5.33203,5.56641,5.91797,0.115967,0.141602,0.12085,0.115967,0.12085,0.130615,0.123291,0.097656,0.101318,0.098877,0.093994
2016-11-15T21:30:00Z,198.63281,226.75781,232.38281,232.03125,239.0625,245.39063,253.47656,261.5625,269.29688,274.21875,277.03125,275.27344,2.22656,1.46484,3.45703,3.57422,3.57422,3.57422,3.75,3.98438,4.45313,4.80469,5.09766,5.56641,5.85938,0.155029,0.161133,0.145264,0.114746,0.108643,0.097656,0.115967,0.08667,0.079346,0.081787,0.106201
2016-11-15T21:40:00Z,208.82813,232.03125,238.00781,238.35938,248.20313,255.23438,260.50781,268.24219,271.75781,273.16406,271.40625,269.64844,2.63672,1.99219,3.75,3.98438,3.98438,4.21875,4.33594,4.62891,4.92188,5.33203,5.68359,5.74219,6.03516,0.101318,0.070801,0.111084,0.087891,0.112305,0.065918,0.080566,0.117188,0.08667,0.081787,0.093994
2016-11-15T21:50:00Z,220.42969,240.11719,247.14844,244.6875,254.17969,262.96875,270.0,277.38281,275.27344,274.21875,273.16406,271.05469,2.8125,1.99219,3.51563,3.80859,3.80859,4.04297,4.21875,4.51172,4.98047,5.27344,5.625,5.80078,6.03516,0.123291,0.123291,0.134277,0.096436,0.106201,0.097656,0.083008,0.089111,0.090332,0.087891,0.102539
2016-11-15T22:00:00Z,226.75781,244.33594,247.14844,247.5,256.28906,262.26563,268.59375,270.0,270.35156,268.59375,268.24219,267.89063,2.46094,1.875,3.22266,3.45703,3.51563,3.63281,4.04297,4.57031,5.09766,5.33203,5.68359,5.91797,6.26953,0.135498,0.109863,0.12207,0.073242,0.196533,0.211182,0.189209,0.158691,0.155029,0.134277,0.117188
2016-11-15T22:10:00Z,224.64844,242.57813,246.79688,247.14844,255.9375,258.39844,262.96875,265.78125,263.32031,264.72656,260.15625,263.67188,2.57813,2.10938,3.57422,3.86719,3.86719,4.45313,4.6875,5.03906,5.56641,5.68359,6.32813,6.67969,7.20703,0.081787,0.107422,0.091553,0.197754,0.147705,0.183105,0.249023,0.144043,0.152588,0.24292,0.179443
2016-11-15T22:20:00Z,225.70313,243.28125,248.20313,247.14844,253.47656,254.88281,258.39844,257.34375,256.64063,258.39844,257.69531,259.45313,2.98828,2.46094,3.98438,4.39453,4.33594,4.80469,5.27344,5.50781,5.91797,6.26953,6.21094,6.5625,6.50391,0.129395,0.133057,0.185547,0.187988,0.170898,0.164795,0.167236,0.147705,0.106201,0.12085,0.111084
2016-11-15T22:30:00Z,220.78125,238.00781,242.57813,242.57813,247.85156,246.79688,248.55469,251.36719,256.64063,256.99219,254.17969,258.04688,3.33984,2.34375,3.10547,3.45703,3.33984,3.92578,4.27734,4.98047,5.56641,5.50781,5.68359,5.85938,6.21094,0.145264,0.10498,0.133057,0.109863,0.13916,0.12085,0.145264,0.123291,0.097656,0.128174,0.153809
2016-11-15T22:40:00Z,220.42969,224.64844,226.05469,223.59375,235.54688,246.09375,246.09375,246.44531,249.25781,250.66406,250.66406,251.71875,2.28516,1.52344,2.40234,2.87109,2.8125,3.69141,4.57031,5.44922,5.74219,6.03516,6.15234,6.44531,6.26953,0.319824,0.384521,0.299072,0.285645,0.263672,0.153809,0.157471,0.134277,0.115967,0.101318,0.133057
2016-11-15T22:50:00Z,208.82813,226.75781,230.97656,227.46094,240.11719,242.22656,242.57813,244.33594,243.63281,245.03906,247.14844,243.63281,2.92969,1.875,4.10156,4.39453,4.51172,4.98047,5.33203,5.74219,5.80078,6.03516,6.15234,5.97656,5.91797,0.240479,0.183105,0.181885,0.13916,0.152588,0.107422,0.092773,0.125732,0.089111,0.118408,0.12085
2016-11-15T23:00:00Z,209.88281,220.07813,226.40625,224.29688,230.625,232.38281,234.14063,236.60156,234.84375,238.71094,237.30469,237.30469,4.39453,3.16406,4.74609,5.15625,4.98047,5.50781,5.85938,6.21094,6.32813,6.50391,6.38672,6.26953,6.21094,0.13916,0.161133,0.125732,0.10498,0.102539,0.113525,0.095215,0.126953,0.125732,0.12207,0.117188
2016-11-15T23:10:00Z,202.85156,223.24219,227.10938,223.94531,230.625,233.08594,235.19531,237.65625,238.71094,241.875,239.76563,237.65625,4.62891,3.22266,4.57031,4.62891,4.86328,5.44922,5.91797,6.21094,6.32813,6.62109,6.44531,6.15234,6.09375,0.197754,0.186768,0.157471,0.112305,0.117188,0.107422,0.126953,0.141602,0.115967,0.142822,0.141602
2016-11-15T23:20:00Z,210.23438,225.35156,228.86719,225.70313,233.4375,232.38281,235.54688,238.00781,239.0625,242.22656,240.11719,234.49219,4.16016,3.10547,4.92188,5.33203,5.44922,5.97656,6.26953,6.62109,6.97266,6.97266,6.5625,6.26953,6.5625,0.134277,0.10376,0.115967,0.123291,0.147705,0.109863,0.085449,0.096436,0.124512,0.129395,0.12085
2016-11-15T23:30:00Z,212.34375,218.32031,218.32031,219.02344,225.0,233.4375,234.49219,240.82031,242.22656,240.82031,241.875,241.17188,4.51172,3.57422,5.68359,6.21094,6.21094,6.50391,7.08984,7.03125,7.32422,6.91406,7.32422,7.38281,7.38281,0.076904,0.12085,0.078125,0.092773,0.097656,0.12207,0.101318,0.123291,0.08667,0.098877,0.114746
2016-11-15T23:40:00Z,208.82813,214.45313,220.07813,217.96875,224.64844,231.32813,236.60156,236.60156,239.0625,239.41406,239.76563,239.41406,4.57031,3.98438,5.625,6.15234,6.26953,6.73828,7.08984,7.44141,7.5,7.67578,7.61719,7.79297,7.55859,0.075684,0.100098,0.10376,0.10498,0.098877,0.081787,0.107422,0.111084,0.128174,0.115967,0.096436
2016-11-15T23:50:00Z,206.01563,214.45313,217.61719,216.91406,222.53906,227.8125,227.8125,232.73438,232.73438,232.73438,233.4375,233.78906,5.27344,4.04297,5.91797,6.38672,6.44531,7.20703,7.38281,7.67578,7.96875,7.85156,7.79297,7.96875,7.96875,0.137939,0.123291,0.107422,0.109863,0.087891,0.084229,0.092773,0.087891,0.092773,0.114746,0.095215