LOCATION: 
SYSTEM SERIAL: HKZB
TIMESTAMP (ISO-8601) UTC,WindDir004m deg,WindDir030m deg,WindDir040m deg,WindDir040m_ref deg,WindDir060m deg,WindDir080m deg,WindDir100m deg,WindDir120m deg,WindDir140m deg,WindDir160m deg,WindDir180m deg,WindDir200m deg,WindGust004m m/s,WindSpeed004m m/s,WindSpeed030mh m/s,WindSpeed040mh m/s,WindSpeed040m_refh m/s,WindSpeed060mh m/s,WindSpeed080mh m/s,WindSpeed100mh m/s,WindSpeed120mh m/s,WindSpeed140mh m/s,WindSpeed160mh m/s,WindSpeed180mh m/s,WindSpeed200mh m/s,TI 030m,TI 040m,TI 040m ref,TI 060m,TI 080m,TI 100m,TI 120m,TI 140m,TI 160m,TI 180m,TI 200m
2016-09-18T00:00:00Z,2.8125,3.16406,4.57031,3.86719,4.21875,3.51563,5.27344,5.97656,4.57031,10.54688,8.08594,13.00781,8.49609,6.85547,7.79297,7.79297,8.08594,7.85156,8.02734,8.08594,8.20313,8.26172,8.32031,8.14453,8.02734,0.108643,0.115967,0.137939,0.128174,0.090332,0.10498,0.093994,0.106201,0.12085,0.125732,0.112305
2016-09-18T00:20:00Z,358.24219,0.70313,1.40625,4.92188,0.70313,4.21875,4.57031,6.67969,10.19531,10.54688,11.95313,13.00781,8.67188,7.26563,8.32031,8.20313,8.32031,8.67188,8.61328,8.37891,8.55469,8.32031,8.4375,8.02734,8.67188,0.114746,0.118408,0.153809,0.128174,0.102539,0.123291,0.113525,0.12207,0.128174,0.172119,0.133057
2016-09-18T00:30:00Z,2.10938,2.10938,5.625,2.46094,6.67969,9.84375,8.78906,5.97656,10.54688,15.82031,14.0625,17.92969,8.61328,6.97266,8.37891,8.78906,8.26172,8.55469,8.32031,8.02734,8.14453,8.61328,8.37891,8.4375,8.08594,0.112305,0.107422,0.126953,0.106201,0.13916,0.152588,0.147705,0.12085,0.119629,0.178223,0.13916
2016-09-18T00:40:00Z,1.40625,4.57031,2.46094,6.67969,5.27344,6.67969,8.08594,8.08594,11.25,13.00781,13.35938,18.28125,8.49609,7.08984,7.85156,8.02734,8.08594,8.55469,8.67188,8.49609,8.32031,8.49609,8.73047,8.4375,8.32031,0.113525,0.126953,0.12207,0.128174,0.117188,0.113525,0.179443,0.10498,0.163574,0.12085,0.150146
2016-09-18T00:50:00Z,2.8125,4.57031,5.97656,3.16406,5.625,8.08594,10.19531,6.32813,10.89844,11.60156,15.11719,19.33594,8.49609,6.79688,7.91016,8.20313,8.08594,8.02734,8.20313,7.85156,8.08594,7.96875,8.32031,8.14453,7.73438,0.096436,0.13916,0.118408,0.151367,0.141602,0.167236,0.150146,0.133057,0.128174,0.157471,0.137939
2016-09-18T01:00:00Z,1.75781,5.27344,5.27344,4.57031,6.32813,8.78906,13.00781,10.54688,14.41406,15.11719,21.44531,22.14844,8.14453,6.79688,7.73438,7.96875,7.73438,7.96875,8.20313,7.96875,7.85156,7.91016,8.08594,7.96875,7.67578,0.114746,0.135498,0.133057,0.112305,0.090332,0.128174,0.129395,0.128174,0.108643,0.118408,0.128174
2016-09-18T01:10:00Z,7.38281,25.66406,23.20313,21.79688,23.90625,23.90625,24.60938,23.90625,27.77344,23.55469,30.23438,25.66406,7.61719,5.97656,6.79688,6.85547,6.97266,7.14844,7.20703,7.20703,7.26563,7.5,7.44141,7.44141,7.44141,0.131836,0.12085,0.128174,0.125732,0.064697,0.136719,0.117188,0.064697,0.135498,0.098877,0.10376
2016-09-18T01:20:00Z,26.01563,34.10156,31.99219,31.64063,32.34375,31.28906,33.75,32.34375,34.10156,30.9375,31.64063,30.23438,7.20703,5.74219,6.50391,6.73828,6.79688,6.73828,7.38281,7.32422,7.14844,6.97266,6.97266,7.14844,7.08984,0.133057,0.123291,0.130615,0.111084,0.145264,0.118408,0.102539,0.140381,0.136719,0.12085,0.12085
2016-09-18T01:30:00Z,33.04688,38.67188,40.42969,40.07813,42.89063,39.72656,39.375,39.375,42.53906,40.78125,41.13281,41.13281,7.61719,5.97656,6.91406,6.91406,6.73828,7.14844,7.03125,7.14844,7.20703,7.26563,7.14844,7.14844,7.14844,0.151367,0.151367,0.12207,0.114746,0.100098,0.111084,0.137939,0.123291,0.097656,0.100098,0.12207
2016-09-18T01:40:00Z,37.61719,45.35156,42.89063,41.83594,43.59375,41.83594,44.64844,43.24219,42.89063,41.83594,44.29688,40.78125,7.61719,5.74219,6.03516,6.15234,6.21094,6.38672,6.32813,6.38672,6.38672,6.21094,6.15234,6.21094,6.38672,0.141602,0.114746,0.093994,0.113525,0.106201,0.091553,0.092773,0.089111,0.114746,0.08667,0.146484
2016-09-18T01:50:00Z,39.375,45.35156,43.94531,45.70313,47.46094,46.75781,47.46094,43.94531,47.10938,47.8125,46.05469,47.46094,6.85547,5.625,6.32813,6.5625,6.21094,6.62109,6.50391,6.38672,6.38672,6.62109,6.44531,6.38672,6.32813,0.097656,0.107422,0.109863,0.095215,0.106201,0.093994,0.085449,0.113525,0.090332,0.087891,0.137939
2016-09-18T02:00:00Z,47.8125,52.03125,54.14063,54.49219,50.97656,54.14063,50.27344,48.51563,47.8125,48.16406,50.27344,48.86719,7.38281,5.80078,6.15234,6.44531,6.32813,6.26953,6.50391,6.32813,6.38672,6.32813,6.5625,6.32813,6.38672,0.113525,0.117188,0.100098,0.107422,0.109863,0.112305,0.097656,0.093994,0.107422,0.091553,0.080566
2016-09-18T02:10:00Z,49.21875,50.27344,51.32813,50.625,51.67969,48.86719,46.75781,49.92188,44.64844,49.21875,49.92188,49.21875,6.97266,5.44922,6.09375,6.03516,6.15234,6.09375,5.91797,6.09375,6.26953,6.15234,6.15234,6.21094,6.09375,0.109863,0.083008,0.083008,0.101318,0.087891,0.089111,0.096436,0.100098,0.117188,0.101318,0.119629
2016-09-18T02:20:00Z,43.24219,41.48438,43.59375,41.83594,43.94531,46.05469,44.64844,43.59375,43.94531,44.64844,46.40625,43.59375,6.50391,5.21484,5.80078,5.91797,5.85938,6.15234,6.03516,6.21094,6.09375,6.09375,5.91797,6.15234,6.03516,0.107422,0.098877,0.112305,0.113525,0.098877,0.091553,0.113525,0.095215,0.078125,0.090332,0.078125
2016-09-18T02:30:00Z,39.02344,43.59375,46.05469,42.53906,45.35156,47.10938,45.70313,45.70313,43.94531,42.1875,43.24219,39.375,7.03125,5.44922,6.44531,6.5625,6.5625,6.50391,6.79688,6.85547,6.67969,6.62109,6.50391,6.67969,6.79688,0.10498,0.111084,0.092773,0.097656,0.118408,0.098877,0.106201,0.100098,0.12085,0.076904,0.084229
2016-09-18T02:40:00Z,45.35156,50.97656,49.57031,52.38281,52.38281,51.32813,51.67969,50.97656,50.97656,48.51563,52.73438,47.46094,7.08984,5.56641,6.50391,6.67969,6.44531,6.67969,6.62109,6.73828,6.50391,6.62109,6.50391,6.5625,6.38672,0.12085,0.109863,0.081787,0.114746,0.108643,0.08667,0.075684,0.100098,0.078125,0.095215,0.073242
2016-09-18T02:50:00Z,49.21875,54.84375,52.38281,50.97656,52.73438,52.38281,54.14063,54.84375,53.4375,51.67969,52.38281,52.73438,7.5,6.03516,6.67969,6.62109,6.62109,6.73828,6.79688,6.85547,6.85547,6.91406,6.67969,6.91406,6.79688,0.097656,0.12085,0.128174,0.093994,0.093994,0.108643,0.111084,0.098877,0.093994,0.095215,0.106201
2016-09-18T03:00:00Z,47.8125,53.4375,54.84375,55.54688,53.08594,54.14063,54.14063,53.08594,53.08594,54.14063,51.32813,54.84375,6.97266,5.625,6.21094,6.38672,6.32813,6.44531,6.44531,6.32813,6.62109,6.5625,6.50391,6.50391,6.50391,0.114746,0.118408,0.136719,0.150146,0.097656,0.136719,0.093994,0.087891,0.084229,0.091553,0.102539
2016-09-18T03:10:00Z,48.16406,51.32813,51.32813,52.38281,49.92188,50.97656,50.27344,53.78906,49.92188,50.97656,50.27344,49.57031,7.08984,5.56641,6.38672,6.44531,6.38672,6.32813,6.44531,6.62109,6.62109,6.62109,6.62109,6.79688,6.5625,0.152588,0.135498,0.130615,0.124512,0.119629,0.102539,0.135498,0.098877,0.129395,0.089111,0.118408
2016-09-18T03:20:00Z,47.8125,50.625,52.73438,52.73438,49.92188,49.21875,48.51563,47.10938,48.86719,48.86719,46.05469,49.21875,7.08984,5.68359,6.21094,6.38672,6.26953,6.50391,6.38672,6.50391,6.62109,6.62109,6.62109,6.50391,6.79688,0.109863,0.142822,0.135498,0.129395,0.125732,0.125732,0.108643,0.10376,0.109863,0.109863,0.081787
2016-09-18T03:30:00Z,43.24219,50.625,48.86719,53.78906,50.625,51.67969,50.625,49.57031,47.46094,50.27344,47.46094,48.16406,6.85547,5.50781,6.44531,6.5625,6.50391,6.73828,6.97266,6.97266,6.79688,6.85547,7.03125,7.08984,6.97266,0.142822,0.113525,0.096436,0.145264,0.106201,0.084229,0.119629,0.134277,0.13916,0.093994,0.089111
2016-09-18T03:40:00Z,48.86719,50.97656,50.27344,51.32813,49.21875,47.8125,50.27344,50.625,51.32813,49.21875,49.21875,50.625,7.61719,6.03516,6.97266,6.97266,7.03125,7.08984,7.03125,6.91406,6.97266,6.91406,6.97266,6.97266,7.03125,0.100098,0.108643,0.107422,0.098877,0.101318,0.098877,0.134277,0.12085,0.093994,0.102539,0.092773
2016-09-18T03:50:00Z,43.94531,48.51563,47.8125,44.64844,49.92188,47.10938,49.21875,48.86719,46.40625,45.70313,48.86719,43.94531,7.26563,5.97656,6.62109,6.67969,6.5625,6.85547,6.85547,6.73828,6.62109,6.91406,6.79688,6.85547,6.79688,0.126953,0.124512,0.107422,0.097656,0.117188,0.102539,0.107422,0.111084,0.089111,0.08667,0.125732
2016-09-18T04:00:00Z,46.40625,48.86719,49.21875,48.86719,48.51563,49.57031,49.57031,50.625,50.97656,52.73438,48.51563,48.16406,7.20703,5.68359,6.44531,6.62109,6.50391,6.73828,6.79688,6.91406,6.97266,6.97266,6.62109,6.79688,6.85547,0.144043,0.133057,0.126953,0.095215,0.10376,0.102539,0.10376,0.108643,0.117188,0.114746,0.087891
2016-09-18T04:10:00Z,41.83594,46.40625,47.46094,46.05469,45.0,47.8125,45.0,45.35156,45.35156,49.57031,45.70313,47.8125,7.38281,6.09375,6.67969,6.97266,7.08984,6.85547,7.08984,6.79688,7.20703,7.14844,6.97266,6.79688,6.91406,0.135498,0.147705,0.092773,0.102539,0.123291,0.131836,0.101318,0.131836,0.125732,0.114746,0.126953
2016-09-18T04:20:00Z,42.1875,43.94531,46.40625,47.8125,45.0,47.10938,45.0,46.05469,45.0,46.40625,47.46094,45.70313,7.14844,5.85938,6.38672,6.50391,6.38672,6.50391,6.44531,6.44531,6.50391,6.38672,6.32813,6.50391,6.38672,0.129395,0.140381,0.115967,0.085449,0.112305,0.124512,0.101318,0.12085,0.141602,0.124512,0.10498
2016-09-18T04:30:00Z,39.72656,50.625,45.70313,47.8125,45.0,42.89063,43.24219,41.48438,42.53906,40.07813,43.94531,37.26563,6.5625,5.21484,5.39063,5.50781,5.56641,5.39063,5.68359,5.68359,5.85938,6.09375,5.68359,5.97656,5.97656,0.124512,0.153809,0.166016,0.175781,0.181885,0.158691,0.153809,0.12085,0.192871,0.203857,0.145264
2016-09-18T04:40:00Z,45.70313,47.8125,50.97656,52.38281,50.27344,49.57031,46.40625,48.86719,47.10938,48.86719,42.89063,45.0,6.50391,4.98047,5.09766,5.33203,5.39063,5.27344,5.44922,5.44922,5.85938,5.80078,5.74219,5.68359,6.15234,0.170898,0.184326,0.170898,0.151367,0.163574,0.162354,0.19043,0.152588,0.174561,0.217285,0.195313
2016-09-18T04:50:00Z,41.48438,47.10938,45.0,47.10938,48.86719,48.86719,44.64844,44.64844,45.35156,42.53906,47.46094,39.72656,5.91797,4.62891,5.27344,5.50781,5.68359,5.44922,5.50781,5.56641,5.80078,5.91797,6.15234,5.85938,6.15234,0.157471,0.137939,0.185547,0.162354,0.129395,0.131836,0.093994,0.163574,0.164795,0.216064,0.196533
2016-09-18T05:00:00Z,36.5625,37.26563,36.91406,36.5625,40.07813,39.72656,35.85938,39.02344,36.91406,40.07813,35.85938,40.07813,6.73828,5.33203,5.85938,6.26953,6.21094,6.21094,6.38672,6.21094,6.50391,6.50391,6.85547,6.62109,6.97266,0.141602,0.126953,0.131836,0.144043,0.137939,0.134277,0.135498,0.126953,0.142822,0.161133,0.133057
2016-09-18T05:10:00Z,39.375,47.46094,43.59375,47.8125,45.35156,46.05469,48.51563,47.46094,45.70313,45.35156,45.0,44.29688,7.20703,5.625,5.97656,6.03516,5.91797,6.15234,6.21094,6.21094,5.91797,6.03516,6.32813,6.21094,6.5625,0.158691,0.155029,0.172119,0.130615,0.181885,0.200195,0.17334,0.151367,0.194092,0.166016,0.169678
2016-09-18T05:20:00Z,43.59375,49.57031,49.21875,49.57031,46.75781,48.51563,51.32813,49.21875,45.0,45.35156,45.70313,42.89063,6.73828,5.21484,5.74219,5.74219,5.85938,5.97656,6.03516,5.97656,6.09375,6.03516,6.15234,6.03516,6.44531,0.114746,0.142822,0.170898,0.085449,0.113525,0.124512,0.112305,0.10376,0.124512,0.166016,0.117188
2016-09-18T05:30:00Z,40.78125,42.1875,42.53906,42.1875,41.83594,44.64844,43.24219,41.48438,41.13281,43.94531,39.72656,41.48438,6.85547,5.44922,5.85938,5.97656,5.85938,6.09375,5.91797,6.03516,6.15234,6.15234,6.21094,6.26953,6.44531,0.131836,0.168457,0.13916,0.135498,0.140381,0.131836,0.136719,0.124512,0.133057,0.118408,0.129395
2016-09-18T05:40:00Z,38.32031,47.46094,47.46094,45.35156,46.05469,45.35156,46.40625,44.64844,47.10938,42.89063,43.94531,41.48438,6.38672,5.27344,5.68359,5.85938,5.74219,5.91797,5.97656,5.91797,5.80078,5.97656,6.15234,6.09375,6.03516,0.152588,0.144043,0.141602,0.170898,0.131836,0.166016,0.184326,0.168457,0.175781,0.152588,0.158691
2016-09-18T05:50:00Z,39.02344,42.89063,42.53906,43.59375,41.13281,41.83594,41.13281,40.42969,40.42969,39.02344,38.67188,36.21094,5.85938,4.86328,5.39063,5.44922,5.50781,5.50781,5.50781,5.50781,5.56641,5.68359,5.50781,5.68359,5.91797,0.175781,0.144043,0.133057,0.158691,0.167236,0.177002,0.180664,0.197754,0.135498,0.166016,0.155029
2016-09-18T06:00:00Z,35.15625,38.67188,38.32031,35.15625,37.61719,38.67188,35.85938,42.1875,36.21094,40.78125,38.67188,38.67188,6.67969,5.27344,5.85938,6.09375,5.91797,6.15234,6.15234,6.21094,6.09375,6.62109,6.32813,6.62109,6.15234,0.158691,0.117188,0.153809,0.107422,0.108643,0.134277,0.167236,0.189209,0.134277,0.126953,0.148926
2016-09-18T06:10:00Z,35.50781,37.61719,37.26563,37.26563,37.96875,36.21094,39.375,41.13281,36.5625,37.61719,36.91406,35.50781,6.26953,5.09766,5.74219,6.03516,5.74219,5.97656,6.26953,6.09375,6.09375,5.74219,6.09375,5.97656,6.26953,0.17334,0.135498,0.124512,0.118408,0.164795,0.097656,0.10376,0.175781,0.146484,0.096436,0.159912
2016-09-18T06:20:00Z,32.69531,33.04688,33.75,35.50781,36.91406,35.50781,37.26563,35.15625,34.10156,35.15625,34.45313,38.32031,5.80078,4.74609,5.625,5.74219,5.50781,5.68359,5.80078,5.80078,5.74219,5.74219,6.09375,6.03516,6.09375,0.168457,0.155029,0.148926,0.10376,0.162354,0.15625,0.155029,0.148926,0.117188,0.140381,0.10376
2016-09-18T06:30:00Z,28.82813,34.80469,32.69531,33.04688,32.34375,33.75,34.80469,30.23438,33.75,32.34375,34.45313,34.80469,6.38672,5.21484,5.97656,5.97656,6.15234,6.15234,6.50391,6.21094,6.32813,6.44531,6.5625,6.26953,6.38672,0.131836,0.136719,0.125732,0.108643,0.10498,0.158691,0.140381,0.123291,0.112305,0.146484,0.148926
2016-09-18T06:40:00Z,31.28906,32.34375,34.80469,34.10156,36.91406,35.85938,35.50781,36.21094,35.85938,36.21094,35.85938,34.80469,6.79688,5.33203,5.85938,6.09375,5.97656,6.09375,5.85938,5.97656,6.21094,6.15234,6.26953,6.15234,6.32813,0.098877,0.144043,0.12207,0.085449,0.128174,0.125732,0.134277,0.100098,0.147705,0.130615,0.100098
2016-09-18T06:50:00Z,36.5625,41.48438,42.89063,42.53906,37.96875,41.48438,39.72656,39.02344,36.91406,38.32031,36.21094,38.67188,6.85547,5.21484,5.625,5.56641,5.85938,5.97656,5.91797,5.91797,5.97656,5.74219,5.91797,6.03516,6.09375,0.141602,0.144043,0.135498,0.135498,0.114746,0.141602,0.096436,0.15625,0.115967,0.133057,0.150146
2016-09-18T07:00:00Z,40.78125,42.89063,43.24219,41.13281,41.13281,44.29688,43.24219,39.02344,41.83594,43.59375,40.07813,39.02344,6.67969,5.33203,6.09375,6.21094,6.21094,6.32813,6.50391,6.50391,6.5625,6.5625,6.62109,6.44531,6.73828,0.141602,0.128174,0.112305,0.087891,0.129395,0.112305,0.126953,0.123291,0.125732,0.187988,0.112305
2016-09-18T07:10:00Z,40.07813,42.89063,39.375,40.42969,43.94531,42.89063,44.64844,40.42969,45.0,41.83594,38.32031,42.53906,6.73828,5.50781,6.44531,6.38672,6.26953,6.62109,6.62109,6.5625,6.91406,6.67969,6.67969,6.79688,6.91406,0.135498,0.166016,0.166016,0.151367,0.130615,0.170898,0.130615,0.177002,0.137939,0.178223,0.146484
2016-09-18T07:20:00Z,38.67188,38.67188,41.13281,42.53906,41.83594,44.64844,39.375,41.13281,39.72656,44.29688,45.0,41.83594,7.67578,6.15234,7.03125,7.20703,6.85547,7.26563,6.73828,6.67969,6.79688,6.97266,7.03125,6.91406,6.91406,0.129395,0.148926,0.115967,0.129395,0.144043,0.119629,0.129395,0.117188,0.145264,0.174561,0.135498
2016-09-18T07:30:00Z,46.40625,60.46875,59.41406,61.52344,58.00781,59.0625,54.49219,55.54688,55.89844,52.73438,48.16406,46.75781,7.61719,6.03516,6.44531,6.32813,6.5625,6.50391,6.67969,6.73828,6.73828,6.50391,6.62109,6.32813,6.5625,0.08667,0.130615,0.109863,0.117188,0.093994,0.115967,0.145264,0.106201,0.081787,0.134277,0.115967
2016-09-18T07:40:00Z,63.98438,66.79688,67.14844,66.79688,63.28125,66.44531,61.875,60.46875,58.71094,59.0625,51.67969,51.67969,7.20703,6.03516,6.50391,6.44531,6.50391,6.62109,6.50391,6.26953,6.44531,6.38672,6.44531,6.03516,6.38672,0.129395,0.134277,0.128174,0.117188,0.144043,0.129395,0.098877,0.140381,0.126953,0.144043,0.107422
2016-09-18T07:50:00Z,58.71094,62.92969,60.11719,60.11719,60.82031,60.11719,59.0625,56.25,53.08594,52.03125,53.4375,52.38281,6.50391,5.44922,5.44922,5.625,5.74219,5.80078,5.80078,5.68359,5.56641,5.56641,5.74219,5.74219,5.50781,0.159912,0.145264,0.091553,0.130615,0.131836,0.124512,0.135498,0.084229,0.117188,0.117188,0.137939
2016-09-18T08:00:00Z,58.71094,61.17188,58.00781,59.41406,60.82031,58.71094,59.41406,54.84375,56.95313,53.08594,53.4375,51.67969,6.09375,5.15625,5.33203,5.50781,5.44922,5.74219,5.80078,5.56641,5.80078,5.74219,5.68359,5.80078,5.74219,0.15625,0.146484,0.134277,0.141602,0.126953,0.148926,0.126953,0.126953,0.133057,0.136719,0.147705
2016-09-18T08:10:00Z,51.32813,54.49219,56.25,54.14063,55.19531,54.14063,54.49219,54.84375,54.14063,52.73438,49.92188,54.49219,6.73828,5.27344,6.03516,5.97656,6.03516,6.09375,6.21094,6.15234,6.21094,6.15234,6.26953,6.32813,6.38672,0.129395,0.129395,0.17334,0.151367,0.129395,0.098877,0.12207,0.12085,0.093994,0.107422,0.10376
2016-09-18T08:20:00Z,51.67969,56.25,55.54688,55.19531,59.41406,56.95313,55.19531,57.65625,53.78906,56.25,55.19531,56.60156,7.03125,5.625,6.15234,6.21094,5.97656,6.32813,6.15234,6.03516,6.15234,6.26953,6.44531,6.26953,6.38672,0.085449,0.123291,0.117188,0.097656,0.111084,0.147705,0.111084,0.097656,0.12085,0.109863,0.097656
2016-09-18T08:30:00Z,53.08594,52.38281,54.49219,52.03125,50.625,55.19531,54.84375,55.89844,55.19531,55.54688,60.11719,56.25,6.44531,5.50781,5.80078,5.625,5.68359,5.97656,5.68359,6.09375,5.85938,6.03516,5.85938,6.21094,6.26953,0.15625,0.167236,0.161133,0.140381,0.140381,0.147705,0.174561,0.12207,0.164795,0.150146,0.141602
2016-09-18T08:40:00Z,47.46094,49.21875,52.73438,47.46094,47.46094,46.75781,52.73438,50.27344,53.08594,48.51563,53.78906,50.27344,6.38672,5.27344,6.03516,6.03516,6.09375,6.09375,6.38672,6.21094,6.09375,6.26953,6.09375,6.44531,6.26953,0.166016,0.140381,0.136719,0.131836,0.13916,0.159912,0.153809,0.153809,0.131836,0.136719,0.151367
2016-09-18T08:50:00Z,46.40625,50.97656,47.8125,51.32813,54.84375,55.89844,52.38281,52.73438,54.49219,52.03125,51.67969,53.08594,7.03125,5.91797,6.15234,6.38672,6.21094,6.44531,6.5625,6.67969,6.44531,6.5625,6.62109,6.79688,6.85547,0.10498,0.136719,0.128174,0.109863,0.092773,0.093994,0.081787,0.081787,0.100098,0.111084,0.098877
2016-09-18T09:00:00Z,49.21875,52.38281,52.73438,51.67969,53.78906,54.14063,52.73438,53.4375,51.32813,52.73438,55.89844,52.73438,6.97266,5.91797,6.50391,6.73828,6.5625,6.73828,6.85547,6.79688,6.62109,6.91406,7.08984,6.73828,6.91406,0.117188,0.106201,0.108643,0.107422,0.101318,0.095215,0.111084,0.109863,0.118408,0.123291,0.095215
2016-09-18T09:10:00Z,52.03125,55.54688,56.25,55.89844,56.60156,56.25,54.84375,56.95313,56.95313,57.30469,56.95313,59.0625,7.38281,6.15234,6.97266,7.03125,6.85547,7.20703,7.14844,7.14844,7.26563,7.08984,7.08984,7.03125,7.20703,0.109863,0.130615,0.109863,0.10498,0.102539,0.126953,0.106201,0.08667,0.112305,0.098877,0.064697
2016-09-18T09:20:00Z,53.08594,58.00781,58.35938,62.92969,62.92969,60.46875,62.22656,64.33594,64.33594,63.98438,64.33594,65.39063,7.73438,6.32813,6.5625,6.50391,6.44531,6.44531,6.50391,6.62109,6.62109,6.5625,6.44531,6.50391,6.5625,0.100098,0.158691,0.113525,0.131836,0.087891,0.113525,0.106201,0.101318,0.083008,0.106201,0.090332
2016-09-18T09:30:00Z,61.52344,64.6875,63.63281,62.92969,65.03906,64.33594,62.92969,67.5,63.63281,62.57813,67.85156,64.33594,6.38672,5.56641,5.80078,5.85938,5.80078,5.91797,5.85938,5.85938,5.91797,5.91797,5.85938,5.85938,5.85938,0.12207,0.134277,0.133057,0.10498,0.119629,0.136719,0.106201,0.13916,0.097656,0.109863,0.093994
2016-09-18T09:40:00Z,58.00781,60.11719,61.52344,64.6875,61.17188,60.46875,58.71094,61.875,60.11719,61.52344,61.17188,58.71094,6.67969,5.39063,5.85938,5.91797,6.03516,5.97656,6.15234,6.03516,6.21094,6.09375,6.03516,6.09375,6.09375,0.130615,0.123291,0.128174,0.134277,0.136719,0.135498,0.119629,0.115967,0.090332,0.131836,0.136719
2016-09-18T09:50:00Z,58.00781,59.41406,59.76563,57.65625,63.63281,59.76563,62.22656,61.52344,62.22656,62.92969,63.28125,61.875,6.21094,4.98047,5.39063,5.56641,5.44922,5.56641,5.56641,5.74219,5.68359,5.50781,5.68359,5.625,5.50781,0.152588,0.137939,0.133057,0.109863,0.125732,0.109863,0.098877,0.133057,0.114746,0.109863,0.113525
2016-09-18T10:00:00Z,54.49219,58.00781,58.00781,59.41406,61.17188,59.0625,60.11719,57.30469,59.41406,58.35938,57.30469,55.89844,6.91406,5.50781,6.26953,6.03516,6.09375,6.21094,6.26953,6.21094,6.15234,6.15234,6.15234,6.21094,6.21094,0.134277,0.126953,0.128174,0.118408,0.12207,0.096436,0.096436,0.098877,0.093994,0.107422,0.106201
2016-09-18T10:10:00Z,53.4375,56.95313,49.92188,53.78906,52.03125,52.73438,56.25,52.03125,54.49219,54.84375,53.4375,55.54688,6.97266,5.39063,5.74219,5.80078,5.85938,5.85938,5.91797,5.85938,5.85938,5.97656,6.09375,5.91797,5.97656,0.129395,0.131836,0.128174,0.119629,0.142822,0.130615,0.114746,0.118408,0.108643,0.115967,0.100098
2016-09-18T10:20:00Z,49.21875,50.97656,50.625,49.92188,51.32813,49.57031,51.32813,50.97656,51.67969,49.57031,52.73438,50.27344,6.44531,5.44922,5.97656,6.03516,5.91797,6.15234,6.21094,6.32813,6.15234,6.09375,6.15234,6.26953,6.21094,0.108643,0.123291,0.113525,0.144043,0.123291,0.097656,0.095215,0.134277,0.113525,0.133057,0.111084
2016-09-18T10:30:00Z,46.75781,47.10938,48.86719,49.92188,49.57031,51.32813,51.32813,50.625,50.27344,47.10938,52.73438,49.92188,7.20703,5.80078,6.5625,6.50391,6.5625,6.62109,6.62109,6.79688,6.62109,6.62109,6.67969,6.67969,6.62109,0.135498,0.107422,0.136719,0.144043,0.159912,0.119629,0.137939,0.133057,0.157471,0.178223,0.10498
2016-09-18T10:40:00Z,47.8125,54.14063,51.32813,56.25,52.73438,55.54688,51.32813,52.73438,53.08594,53.78906,55.89844,54.84375,7.85156,6.09375,7.5,7.55859,7.44141,7.73438,7.44141,7.32422,7.44141,7.67578,7.85156,7.79297,7.55859,0.113525,0.15625,0.107422,0.119629,0.141602,0.147705,0.102539,0.109863,0.091553,0.107422,0.101318
2016-09-18T10:50:00Z,49.57031,52.03125,53.78906,52.03125,52.38281,52.73438,53.08594,53.78906,54.84375,54.49219,54.84375,52.03125,8.32031,6.67969,7.5,7.44141,7.61719,7.5,7.55859,7.61719,7.85156,7.73438,7.38281,7.5,7.73438,0.093994,0.135498,0.115967,0.109863,0.100098,0.106201,0.098877,0.10376,0.141602,0.119629,0.083008
2016-09-18T11:00:00Z,48.16406,49.92188,50.27344,49.57031,50.97656,49.57031,48.51563,51.67969,49.21875,49.57031,52.73438,52.38281,8.20313,6.32813,6.97266,7.08984,7.20703,7.14844,6.91406,7.14844,7.20703,7.20703,7.5,7.32422,7.14844,0.129395,0.095215,0.163574,0.12085,0.137939,0.102539,0.140381,0.119629,0.100098,0.155029,0.106201
2016-09-18T11:10:00Z,48.51563,54.14063,52.73438,55.19531,55.19531,55.54688,54.14063,56.25,53.08594,53.08594,54.49219,54.14063,8.4375,6.67969,7.32422,7.44141,7.61719,7.73438,7.85156,7.55859,7.5,7.61719,7.79297,7.79297,7.79297,0.12207,0.119629,0.117188,0.097656,0.115967,0.123291,0.113525,0.113525,0.080566,0.096436,0.075684
2016-09-18T11:20:00Z,50.97656,59.0625,59.41406,55.89844,59.41406,56.95313,57.30469,54.84375,60.11719,55.54688,55.54688,53.78906,7.61719,6.32813,7.32422,7.03125,7.26563,6.85547,7.03125,7.20703,7.32422,7.26563,7.26563,7.26563,7.32422,0.147705,0.093994,0.140381,0.148926,0.129395,0.096436,0.141602,0.140381,0.090332,0.128174,0.111084
2016-09-18T11:30:00Z,57.30469,62.22656,59.41406,62.22656,58.00781,60.11719,59.41406,60.46875,59.0625,60.82031,56.95313,61.17188,8.02734,6.32813,6.91406,6.97266,7.08984,7.14844,7.38281,7.20703,7.38281,6.97266,7.32422,7.44141,7.38281,0.129395,0.092773,0.114746,0.12207,0.112305,0.085449,0.129395,0.144043,0.114746,0.097656,0.112305
2016-09-18T11:40:00Z,54.49219,52.03125,53.08594,54.14063,52.03125,54.49219,52.73438,55.19531,56.95313,55.19531,55.19531,55.19531,7.91016,6.21094,6.97266,6.97266,6.97266,7.20703,7.20703,7.08984,7.14844,7.26563,7.32422,7.38281,7.55859,0.161133,0.129395,0.097656,0.123291,0.112305,0.135498,0.117188,0.133057,0.126953,0.12085,0.107422
2016-09-18T11:50:00Z,45.70313,49.92188,47.46094,47.46094,47.10938,49.92188,48.51563,49.21875,51.67969,48.16406,50.97656,48.86719,7.67578,6.26953,7.08984,7.14844,7.20703,7.14844,7.14844,7.44141,7.5,7.32422,7.32422,7.26563,7.5,0.112305,0.12085,0.147705,0.095215,0.108643,0.098877,0.152588,0.115967,0.10498,0.125732,0.124512
2016-09-18T12:00:00Z,39.375,42.53906,46.05469,41.48438,42.1875,43.94531,44.64844,45.70313,42.53906,45.35156,42.89063,45.35156,7.96875,6.15234,6.73828,6.85547,6.73828,6.97266,6.91406,6.97266,6.97266,7.03125,6.97266,6.79688,6.91406,0.131836,0.101318,0.166016,0.108643,0.144043,0.111084,0.10376,0.10498,0.118408,0.150146,0.129395
2016-09-18T12:10:00Z,41.48438,42.89063,41.83594,43.59375,45.0,40.78125,43.59375,45.35156,45.35156,44.29688,43.94531,45.70313,7.61719,6.09375,6.97266,7.08984,7.08984,6.97266,7.08984,7.20703,7.20703,7.14844,7.20703,7.20703,7.03125,0.135498,0.123291,0.102539,0.145264,0.140381,0.133057,0.107422,0.114746,0.136719,0.133057,0.101318
2016-09-18T12:20:00Z,36.91406,41.83594,41.13281,43.24219,41.13281,42.89063,42.1875,45.0,46.05469,44.29688,42.89063,40.78125,7.26563,5.68359,6.73828,6.5625,6.85547,6.73828,6.85547,7.08984,6.67969,6.85547,6.67969,6.67969,6.97266,0.135498,0.146484,0.113525,0.12207,0.131836,0.155029,0.142822,0.131836,0.142822,0.144043,0.115967
2016-09-18T12:30:00Z,40.42969,40.07813,38.32031,40.07813,40.78125,39.72656,39.72656,39.72656,43.24219,37.96875,43.94531,39.02344,7.14844,5.97656,6.73828,6.73828,6.67969,6.67969,6.50391,6.85547,6.73828,6.79688,6.62109,6.62109,6.5625,0.133057,0.112305,0.124512,0.109863,0.125732,0.107422,0.107422,0.097656,0.12207,0.114746,0.109863
2016-09-18T12:40:00Z,29.88281,33.39844,35.15625,34.80469,33.39844,34.80469,40.07813,41.13281,37.96875,40.42969,39.02344,40.78125,7.26563,5.80078,6.44531,6.50391,6.5625,6.44531,6.73828,6.73828,6.5625,6.91406,6.85547,6.67969,6.73828,0.125732,0.136719,0.102539,0.133057,0.13916,0.107422,0.109863,0.111084,0.119629,0.140381,0.107422
2016-09-18T12:50:00Z,28.82813,33.04688,31.64063,33.75,30.58594,29.17969,32.69531,35.15625,31.99219,30.58594,35.15625,34.80469,6.97266,5.50781,6.09375,6.03516,6.26953,6.26953,6.38672,6.32813,6.32813,5.97656,6.32813,6.38672,6.21094,0.137939,0.131836,0.108643,0.137939,0.125732,0.126953,0.107422,0.112305,0.155029,0.136719,0.101318
2016-09-18T13:00:00Z,28.125,29.53125,30.9375,30.23438,31.64063,32.34375,35.15625,34.80469,34.10156,35.15625,35.85938,38.32031,7.03125,5.39063,6.03516,5.91797,6.15234,6.26953,6.03516,6.15234,6.21094,6.21094,6.44531,6.32813,6.32813,0.157471,0.172119,0.100098,0.118408,0.142822,0.164795,0.117188,0.177002,0.137939,0.119629,0.142822
2016-09-18T13:10:00Z,26.71875,35.85938,34.80469,36.5625,37.61719,34.80469,36.21094,39.02344,33.04688,36.21094,36.5625,39.02344,6.91406,5.27344,5.80078,5.85938,5.80078,6.09375,5.91797,5.91797,6.03516,5.91797,5.91797,6.03516,6.09375,0.150146,0.144043,0.126953,0.098877,0.145264,0.159912,0.142822,0.162354,0.125732,0.119629,0.118408
2016-09-18T13:20:00Z,29.88281,33.04688,33.39844,34.10156,35.50781,34.45313,34.10156,35.50781,39.02344,36.91406,34.10156,37.96875,6.50391,5.03906,5.39063,5.56641,5.56641,5.80078,5.68359,5.80078,5.97656,5.68359,5.80078,5.68359,5.85938,0.150146,0.137939,0.162354,0.178223,0.134277,0.134277,0.114746,0.118408,0.098877,0.113525,0.107422
2016-09-18T13:30:00Z,33.04688,32.69531,30.23438,28.125,30.23438,29.53125,32.34375,27.42188,32.34375,30.23438,29.53125,29.17969,6.15234,4.86328,5.44922,5.09766,5.09766,5.39063,5.44922,5.39063,5.39063,5.50781,5.21484,5.44922,5.39063,0.130615,0.158691,0.144043,0.147705,0.134277,0.147705,0.124512,0.107422,0.126953,0.126953,0.125732
2016-09-18T13:40:00Z,24.60938,30.23438,27.42188,30.23438,28.82813,30.23438,29.17969,28.82813,30.23438,31.64063,28.125,31.99219,6.21094,4.51172,4.80469,4.92188,5.03906,4.92188,5.15625,5.09766,5.15625,5.09766,5.15625,5.09766,5.27344,0.13916,0.20752,0.133057,0.136719,0.142822,0.13916,0.141602,0.175781,0.17334,0.155029,0.136719
2016-09-18T13:50:00Z,23.55469,33.04688,31.99219,31.28906,33.75,31.99219,30.9375,31.28906,32.34375,30.23438,32.34375,33.04688,5.80078,4.45313,5.15625,5.27344,5.21484,5.09766,5.44922,5.09766,5.33203,5.27344,5.39063,5.33203,5.39063,0.17334,0.144043,0.172119,0.15625,0.174561,0.211182,0.187988,0.152588,0.164795,0.157471,0.142822
2016-09-18T14:00:00Z,24.60938,29.88281,30.9375,29.17969,28.47656,31.28906,31.64063,30.9375,30.58594,32.69531,35.15625,33.04688,5.68359,4.51172,4.86328,5.09766,5.15625,4.98047,5.21484,4.86328,5.27344,5.27344,5.21484,5.09766,5.15625,0.151367,0.144043,0.140381,0.179443,0.186768,0.146484,0.123291,0.183105,0.163574,0.185547,0.166016
2016-09-18T14:10:00Z,20.03906,24.25781,22.85156,24.60938,25.66406,23.90625,23.55469,26.71875,24.60938,29.17969,25.3125,29.17969,5.91797,4.57031,5.15625,5.21484,5.21484,5.15625,5.33203,5.27344,5.33203,5.27344,5.39063,5.39063,5.39063,0.145264,0.141602,0.164795,0.189209,0.170898,0.147705,0.151367,0.175781,0.150146,0.13916,0.15625
2016-09-18T14:20:00Z,26.36719,26.36719,27.42188,27.07031,27.77344,26.36719,27.07031,29.17969,25.66406,23.55469,25.66406,28.82813,6.21094,4.92188,5.68359,5.625,5.74219,5.625,5.80078,5.74219,5.625,5.68359,5.80078,5.74219,5.74219,0.129395,0.107422,0.126953,0.124512,0.12207,0.113525,0.118408,0.113525,0.102539,0.133057,0.108643
2016-09-18T14:30:00Z,18.28125,21.44531,20.74219,21.09375,18.98438,18.98438,22.14844,20.39063,21.44531,18.63281,21.79688,18.28125,6.67969,5.15625,5.625,5.625,5.68359,5.85938,5.85938,5.97656,5.80078,5.80078,5.91797,5.85938,5.97656,0.101318,0.115967,0.102539,0.092773,0.109863,0.101318,0.093994,0.112305,0.097656,0.098877,0.084229
2016-09-18T14:40:00Z,12.30469,16.875,16.52344,15.82031,17.22656,18.28125,17.57813,14.76563,17.92969,17.22656,16.17188,16.875,6.67969,5.09766,5.74219,5.68359,5.68359,5.91797,5.85938,5.97656,5.97656,6.09375,6.21094,5.97656,6.09375,0.109863,0.123291,0.118408,0.10376,0.129395,0.113525,0.115967,0.109863,0.130615,0.115967,0.085449
2016-09-18T14:50:00Z,11.25,15.46875,12.65625,11.60156,15.11719,14.76563,13.00781,13.35938,14.0625,16.875,15.11719,14.76563,6.79688,5.21484,6.15234,6.15234,5.97656,6.21094,5.97656,6.09375,6.15234,6.15234,6.15234,6.09375,6.03516,0.144043,0.135498,0.115967,0.095215,0.117188,0.106201,0.081787,0.098877,0.12085,0.093994,0.093994
2016-09-18T15:00:00Z,11.25,17.57813,18.63281,16.17188,16.875,19.6875,17.57813,19.6875,17.92969,20.03906,22.5,20.74219,6.62109,5.27344,5.74219,5.80078,5.68359,5.85938,5.97656,5.97656,6.09375,6.26953,6.21094,6.09375,6.09375,0.106201,0.113525,0.123291,0.109863,0.101318,0.126953,0.106201,0.114746,0.098877,0.098877,0.118408
2016-09-18T15:10:00Z,7.73438,12.30469,11.25,11.25,11.25,10.89844,11.25,11.60156,11.95313,11.95313,12.65625,12.30469,6.67969,5.33203,6.38672,6.50391,6.50391,6.38672,6.38672,6.44531,6.50391,6.50391,6.50391,6.50391,6.44531,0.12085,0.101318,0.124512,0.111084,0.12207,0.098877,0.083008,0.098877,0.109863,0.090332,0.10376
2016-09-18T15:20:00Z,5.625,10.54688,10.19531,9.84375,11.25,11.25,13.35938,13.00781,11.25,13.00781,13.00781,12.30469,7.32422,5.97656,6.50391,6.73828,6.73828,6.67969,6.73828,7.03125,6.73828,6.67969,6.85547,6.91406,6.85547,0.100098,0.083008,0.096436,0.089111,0.090332,0.10376,0.097656,0.093994,0.08667,0.096436,0.091553
2016-09-18T15:30:00Z,3.51563,4.57031,4.92188,8.08594,7.38281,7.73438,6.67969,7.03125,9.49219,8.78906,8.78906,10.19531,7.73438,5.74219,6.91406,7.08984,6.91406,7.20703,7.20703,7.14844,7.20703,7.08984,7.14844,7.20703,7.20703,0.12085,0.08667,0.114746,0.100098,0.089111,0.109863,0.089111,0.10498,0.093994,0.091553,0.098877
2016-09-18T15:40:00Z,3.51563,8.08594,10.54688,11.25,7.03125,9.14063,10.54688,9.49219,8.78906,8.78906,9.84375,9.49219,7.73438,6.21094,7.03125,7.20703,7.20703,7.32422,7.38281,7.38281,7.5,7.44141,7.44141,7.44141,7.38281,0.10498,0.100098,0.096436,0.08667,0.081787,0.084229,0.081787,0.072021,0.092773,0.092773,0.084229
2016-09-18T15:50:00Z,6.32813,9.49219,10.89844,12.30469,11.25,12.30469,12.30469,13.35938,13.00781,15.82031,14.41406,12.65625,7.55859,6.32813,7.14844,7.26563,7.08984,7.38281,7.55859,7.5,7.5,7.61719,7.44141,7.32422,7.20703,0.102539,0.112305,0.118408,0.129395,0.089111,0.095215,0.097656,0.098877,0.119629,0.10376,0.083008
2016-09-18T16:00:00Z,11.60156,9.84375,15.46875,13.00781,11.25,11.95313,11.25,15.82031,12.30469,14.41406,13.00781,10.89844,8.14453,6.32813,7.32422,7.44141,7.44141,7.55859,7.61719,7.67578,7.67578,7.67578,7.61719,7.67578,7.61719,0.107422,0.107422,0.109863,0.109863,0.123291,0.098877,0.091553,0.085449,0.096436,0.076904,0.078125
2016-09-18T16:10:00Z,3.16406,8.78906,8.08594,7.38281,8.4375,10.54688,7.03125,8.08594,11.25,9.14063,10.89844,10.19531,8.14453,6.44531,7.03125,7.32422,7.26563,7.32422,7.32422,7.32422,7.55859,7.5,7.44141,7.32422,7.38281,0.101318,0.080566,0.106201,0.079346,0.087891,0.096436,0.100098,0.092773,0.079346,0.101318,0.084229
2016-09-18T16:20:00Z,5.27344,7.73438,6.67969,7.03125,7.03125,8.08594,9.49219,5.97656,9.84375,8.4375,11.60156,7.38281,7.91016,6.21094,7.08984,6.97266,7.14844,7.20703,7.38281,7.5,7.5,7.5,7.61719,7.67578,7.44141,0.130615,0.107422,0.12085,0.107422,0.092773,0.12085,0.098877,0.08667,0.101318,0.067139,0.107422
2016-09-18T16:30:00Z,3.16406,8.4375,4.92188,6.67969,9.84375,9.14063,9.49219,9.49219,8.78906,8.4375,10.19531,8.4375,8.55469,6.5625,7.32422,7.5,7.38281,7.61719,7.73438,7.79297,7.55859,7.73438,7.73438,8.02734,7.61719,0.118408,0.125732,0.146484,0.115967,0.091553,0.135498,0.113525,0.113525,0.126953,0.096436,0.123291
2016-09-18T16:40:00Z,4.21875,10.54688,12.30469,13.00781,11.25,13.71094,13.35938,10.89844,11.25,10.54688,12.30469,13.71094,8.61328,6.67969,7.14844,7.61719,7.38281,7.67578,7.67578,7.67578,7.44141,7.44141,7.5,7.85156,7.61719,0.102539,0.108643,0.125732,0.124512,0.111084,0.091553,0.109863,0.119629,0.124512,0.112305,0.097656
2016-09-18T16:50:00Z,10.89844,10.19531,11.95313,11.25,11.25,11.95313,13.00781,11.95313,11.95313,13.00781,9.14063,11.60156,8.08594,6.44531,7.26563,7.20703,7.14844,7.38281,7.5,7.55859,7.55859,7.79297,7.5,7.44141,7.61719,0.108643,0.109863,0.111084,0.106201,0.101318,0.10498,0.102539,0.126953,0.148926,0.079346,0.145264
2016-09-18T17:00:00Z,3.86719,6.32813,4.21875,7.38281,6.32813,6.32813,3.16406,8.78906,7.03125,8.78906,8.08594,8.78906,8.14453,6.09375,7.26563,7.26563,7.14844,7.26563,7.38281,7.44141,7.67578,7.38281,7.38281,7.32422,7.32422,0.125732,0.10498,0.117188,0.092773,0.090332,0.124512,0.090332,0.111084,0.12207,0.107422,0.126953
2016-09-18T17:10:00Z,1.75781,9.49219,7.73438,10.19531,9.84375,12.30469,12.30469,9.49219,9.84375,12.30469,10.19531,10.54688,8.26172,6.5625,7.14844,7.20703,7.14844,7.55859,7.5,7.55859,7.38281,7.73438,7.5,7.5,7.55859,0.136719,0.158691,0.137939,0.136719,0.128174,0.119629,0.097656,0.072021,0.113525,0.131836,0.118408
2016-09-18T17:20:00Z,7.03125,5.97656,9.14063,7.38281,10.54688,6.67969,7.73438,8.08594,10.89844,6.67969,10.19531,7.38281,8.55469,6.50391,7.79297,7.85156,7.79297,7.91016,7.79297,8.02734,8.02734,8.14453,7.91016,7.73438,7.96875,0.130615,0.111084,0.10376,0.151367,0.126953,0.100098,0.125732,0.111084,0.133057,0.118408,0.119629
2016-09-18T17:30:00Z,2.10938,10.54688,9.84375,8.4375,8.08594,8.08594,7.73438,10.19531,9.84375,9.14063,8.4375,10.54688,8.32031,6.62109,7.67578,7.96875,7.91016,7.85156,7.96875,7.91016,8.26172,7.91016,8.02734,7.79297,8.08594,0.089111,0.129395,0.112305,0.114746,0.093994,0.087891,0.098877,0.111084,0.102539,0.155029,0.091553
2016-09-18T17:40:00Z,359.64844,1.75781,2.10938,2.8125,1.75781,359.29688,1.75781,2.46094,3.16406,3.16406,5.27344,3.86719,8.73047,7.14844,7.85156,8.08594,7.96875,7.96875,8.20313,8.14453,8.08594,8.08594,8.37891,8.08594,8.08594,0.168457,0.13916,0.108643,0.129395,0.100098,0.113525,0.091553,0.100098,0.135498,0.109863,0.129395
2016-09-18T17:50:00Z,358.94531,1.75781,3.16406,4.21875,3.16406,4.92188,5.97656,5.625,5.97656,5.27344,7.03125,9.14063,8.84766,7.03125,7.96875,8.20313,7.91016,8.14453,8.49609,8.26172,8.26172,8.26172,8.49609,8.4375,8.20313,0.107422,0.10376,0.095215,0.08667,0.123291,0.107422,0.10376,0.092773,0.115967,0.10376,0.096436
2016-09-18T18:00:00Z,0.70313,6.67969,3.16406,4.21875,7.73438,5.625,7.38281,5.625,6.67969,5.27344,8.78906,9.49219,9.19922,7.20703,7.85156,7.85156,7.55859,8.26172,8.14453,8.26172,7.85156,8.4375,8.20313,8.55469,8.02734,0.080566,0.102539,0.134277,0.095215,0.107422,0.089111,0.131836,0.111084,0.117188,0.102539,0.089111
2016-09-18T18:10:00Z,4.57031,11.60156,12.30469,10.89844,14.76563,10.54688,10.89844,10.54688,10.19531,11.95313,14.0625,15.82031,8.4375,6.85547,8.14453,7.91016,8.14453,7.91016,7.67578,7.85156,8.02734,8.08594,8.14453,8.02734,7.61719,0.111084,0.118408,0.096436,0.144043,0.158691,0.102539,0.124512,0.115967,0.092773,0.107422,0.100098
2016-09-18T18:20:00Z,7.38281,8.08594,7.03125,12.30469,6.67969,11.95313,6.32813,8.78906,5.97656,10.19531,8.08594,12.65625,9.14063,7.20703,7.79297,8.08594,8.26172,8.14453,8.26172,7.91016,8.26172,8.32031,8.32031,8.20313,8.32031,0.128174,0.153809,0.107422,0.147705,0.136719,0.130615,0.119629,0.144043,0.15625,0.109863,0.135498
2016-09-18T18:30:00Z,359.29688,3.16406,6.67969,3.86719,4.57031,6.32813,0.70313,5.625,4.21875,5.27344,5.625,6.67969,8.90625,7.26563,8.49609,8.37891,8.37891,8.4375,8.37891,8.73047,8.61328,8.49609,8.73047,8.73047,8.84766,0.124512,0.141602,0.100098,0.137939,0.102539,0.108643,0.136719,0.102539,0.12207,0.113525,0.106201
2016-09-18T18:40:00Z,1.75781,2.8125,3.16406,3.51563,5.625,2.8125,4.92188,2.10938,2.8125,4.57031,5.27344,6.32813,9.90234,7.03125,8.20313,8.14453,8.14453,8.49609,8.55469,8.49609,8.37891,8.61328,8.55469,8.73047,8.61328,0.170898,0.145264,0.135498,0.125732,0.145264,0.098877,0.137939,0.111084,0.083008,0.095215,0.106201
2016-09-18T18:50:00Z,358.59375,358.94531,2.8125,1.75781,3.86719,3.86719,1.05469,2.46094,3.51563,3.51563,4.92188,4.57031,9.31641,7.20703,8.37891,8.55469,8.26172,8.37891,8.4375,8.67188,8.49609,8.67188,8.73047,8.55469,7.96875,0.124512,0.102539,0.114746,0.140381,0.12207,0.114746,0.13916,0.117188,0.100098,0.107422,0.140381
2016-09-18T19:00:00Z,357.1875,359.64844,1.05469,1.05469,3.51563,4.92188,1.75781,3.51563,5.625,6.32813,4.92188,7.73438,8.73047,7.14844,8.20313,8.84766,8.26172,8.73047,8.4375,8.55469,8.67188,8.73047,8.32031,8.55469,8.55469,0.125732,0.113525,0.12207,0.107422,0.12085,0.12085,0.097656,0.146484,0.151367,0.133057,0.106201
2016-09-18T19:10:00Z,3.86719,9.14063,7.03125,9.84375,8.4375,8.78906,10.54688,8.78906,10.54688,10.19531,10.89844,14.76563,8.90625,7.14844,8.08594,8.02734,8.37891,8.37891,8.32031,8.37891,8.26172,8.55469,8.37891,8.32031,8.32031,0.130615,0.109863,0.157471,0.125732,0.115967,0.130615,0.146484,0.096436,0.091553,0.111084,0.118408
2016-09-18T19:20:00Z,5.27344,10.89844,11.25,8.4375,10.54688,9.14063,12.30469,8.4375,14.41406,10.54688,14.41406,12.30469,9.19922,7.08984,8.02734,8.55469,8.4375,8.32031,8.37891,8.61328,8.90625,8.78906,8.4375,8.37891,8.67188,0.115967,0.109863,0.107422,0.135498,0.114746,0.162354,0.118408,0.113525,0.100098,0.097656,0.107422
2016-09-18T19:30:00Z,5.27344,10.54688,7.73438,6.67969,9.49219,4.57031,8.08594,7.73438,8.4375,11.95313,7.38281,12.30469,8.96484,7.14844,8.55469,8.61328,8.55469,8.37891,8.61328,8.96484,8.84766,8.90625,8.4375,8.32031,8.61328,0.131836,0.111084,0.125732,0.148926,0.118408,0.108643,0.141602,0.113525,0.12207,0.128174,0.101318
2016-09-18T19:40:00Z,2.46094,2.46094,1.05469,3.86719,3.51563,3.16406,5.97656,5.97656,4.92188,7.03125,5.97656,9.49219,9.43359,7.5,8.37891,8.49609,8.55469,8.84766,9.02344,8.96484,8.67188,8.73047,8.84766,8.96484,9.14063,0.137939,0.155029,0.108643,0.113525,0.10376,0.113525,0.119629,0.092773,0.12085,0.148926,0.12207
2016-09-18T19:50:00Z,359.29688,4.21875,5.27344,5.625,3.86719,5.97656,4.57031,5.97656,5.625,9.84375,10.54688,11.95313,9.60938,7.61719,8.55469,8.73047,8.90625,8.90625,9.19922,8.67188,8.96484,9.14063,9.14063,8.96484,8.84766,0.126953,0.136719,0.125732,0.146484,0.140381,0.155029,0.145264,0.111084,0.123291,0.091553,0.112305
2016-09-18T20:00:00Z,5.625,14.0625,12.65625,14.41406,13.00781,15.82031,13.35938,13.71094,16.17188,16.52344,14.41406,18.98438,9.49219,7.73438,8.20313,8.32031,8.4375,8.73047,8.73047,8.55469,8.73047,8.90625,8.67188,8.73047,8.61328,0.141602,0.161133,0.142822,0.162354,0.137939,0.133057,0.107422,0.129395,0.13916,0.142822,0.146484
2016-09-18T20:10:00Z,25.3125,31.28906,28.82813,30.58594,31.28906,30.58594,29.88281,27.07031,30.58594,28.82813,26.36719,24.60938,8.37891,6.85547,7.67578,7.67578,7.5,7.91016,7.73438,7.85156,7.61719,7.96875,7.44141,7.5,7.26563,0.129395,0.130615,0.172119,0.112305,0.12085,0.113525,0.12085,0.117188,0.12207,0.125732,0.109863
2016-09-18T20:20:00Z,23.90625,27.07031,26.71875,24.60938,25.3125,26.01563,25.66406,26.01563,22.5,23.20313,26.36719,26.01563,8.20313,6.5625,7.5,7.32422,7.38281,7.38281,7.67578,7.5,7.38281,7.32422,7.67578,7.67578,7.61719,0.112305,0.112305,0.118408,0.115967,0.135498,0.100098,0.114746,0.147705,0.091553,0.108643,0.130615
2016-09-18T20:30:00Z,19.33594,22.14844,23.20313,22.85156,22.85156,23.90625,23.55469,24.25781,23.20313,22.5,20.74219,23.20313,7.91016,6.5625,7.44141,7.5,7.44141,7.55859,7.55859,7.55859,7.5,7.67578,7.5,7.38281,7.73438,0.10498,0.095215,0.142822,0.107422,0.097656,0.087891,0.125732,0.115967,0.111084,0.117188,0.129395
2016-09-18T20:40:00Z,20.03906,20.39063,22.5,20.74219,18.98438,22.5,17.22656,23.20313,20.39063,21.44531,23.55469,23.20313,8.20313,6.62109,7.85156,7.67578,7.79297,7.55859,7.79297,7.85156,7.96875,7.91016,7.44141,7.67578,7.55859,0.118408,0.108643,0.113525,0.141602,0.093994,0.093994,0.107422,0.092773,0.096436,0.084229,0.117188
2016-09-18T20:50:00Z,19.6875,26.36719,26.36719,22.5,24.60938,22.5,22.5,21.09375,25.66406,24.60938,26.01563,27.07031,8.32031,6.79688,7.61719,7.32422,7.61719,7.61719,7.61719,7.73438,7.73438,8.02734,8.02734,7.91016,7.79297,0.113525,0.13916,0.124512,0.087891,0.124512,0.111084,0.102539,0.112305,0.096436,0.123291,0.091553
2016-09-18T21:00:00Z,17.92969,17.92969,17.92969,19.33594,20.03906,20.74219,20.03906,19.6875,20.03906,23.20313,22.5,23.55469,8.32031,6.67969,7.32422,7.55859,7.38281,7.73438,7.67578,7.5,7.67578,7.79297,7.73438,7.67578,7.67578,0.10498,0.109863,0.12085,0.123291,0.106201,0.098877,0.108643,0.133057,0.098877,0.093994,0.083008
2016-09-18T21:10:00Z,21.44531,26.36719,25.3125,25.66406,24.96094,25.3125,24.25781,25.3125,26.01563,25.3125,24.25781,25.66406,8.02734,6.62109,7.61719,7.73438,7.67578,7.73438,7.73438,7.85156,7.96875,7.79297,7.85156,7.91016,7.91016,0.075684,0.098877,0.083008,0.101318,0.091553,0.102539,0.08667,0.100098,0.092773,0.096436,0.084229
2016-09-18T21:20:00Z,17.92969,19.33594,18.63281,18.98438,20.39063,21.79688,20.39063,20.03906,22.5,18.63281,20.39063,20.03906,8.32031,6.85547,7.61719,7.55859,7.79297,7.73438,7.85156,7.73438,7.79297,7.67578,7.79297,7.5,7.61719,0.079346,0.079346,0.109863,0.06958,0.123291,0.108643,0.073242,0.091553,0.081787,0.095215,0.123291
2016-09-18T21:30:00Z,22.14844,26.36719,27.07031,24.25781,24.25781,27.42188,26.36719,24.96094,26.71875,27.42188,25.66406,27.42188,8.61328,6.67969,7.44141,7.73438,7.5,7.67578,7.79297,7.67578,7.73438,7.73438,7.73438,7.38281,7.5,0.108643,0.123291,0.095215,0.080566,0.113525,0.12085,0.100098,0.109863,0.096436,0.12207,0.112305
2016-09-18T21:40:00Z,26.36719,36.21094,35.50781,35.15625,36.5625,35.85938,35.85938,33.75,31.64063,34.45313,35.15625,34.80469,8.73047,6.62109,7.32422,7.38281,7.32422,7.32422,7.32422,7.38281,7.44141,7.20703,7.44141,7.14844,7.20703,0.137939,0.141602,0.101318,0.100098,0.128174,0.166016,0.100098,0.113525,0.119629,0.102539,0.101318
2016-09-18T21:50:00Z,44.29688,46.40625,45.35156,45.0,45.35156,45.70313,45.35156,43.94531,41.13281,43.24219,41.13281,36.91406,7.26563,6.26953,6.67969,6.85547,6.73828,6.67969,6.5625,6.73828,6.97266,6.85547,6.5625,6.79688,6.67969,0.087891,0.095215,0.109863,0.076904,0.117188,0.12207,0.12207,0.106201,0.113525,0.096436,0.148926
2016-09-18T22:00:00Z,39.02344,37.96875,40.07813,39.375,36.91406,42.1875,40.07813,43.24219,42.1875,39.02344,41.13281,36.91406,7.14844,5.80078,6.38672,6.26953,6.44531,6.50391,6.50391,6.44531,6.44531,6.5625,6.5625,6.5625,6.5625,0.089111,0.107422,0.114746,0.102539,0.108643,0.119629,0.119629,0.112305,0.092773,0.140381,0.113525
2016-09-18T22:10:00Z,36.21094,39.02344,43.24219,45.70313,41.48438,42.1875,42.1875,44.64844,43.94531,40.07813,43.94531,40.42969,6.85547,5.68359,6.15234,6.50391,6.26953,6.38672,6.50391,6.50391,6.5625,6.38672,6.26953,6.38672,6.5625,0.111084,0.095215,0.10376,0.115967,0.12207,0.079346,0.115967,0.108643,0.128174,0.10376,0.101318
2016-09-18T22:20:00Z,44.29688,45.35156,46.40625,42.1875,43.59375,45.0,44.64844,43.94531,43.24219,42.89063,41.83594,42.53906,6.73828,5.68359,6.15234,6.26953,6.09375,6.09375,6.26953,6.38672,6.26953,5.97656,6.09375,6.26953,6.15234,0.087891,0.137939,0.118408,0.128174,0.115967,0.115967,0.102539,0.126953,0.084229,0.126953,0.080566
2016-09-18T22:30:00Z,40.07813,43.24219,41.48438,42.89063,42.89063,43.59375,43.59375,39.72656,45.70313,41.83594,41.48438,41.48438,6.67969,5.50781,5.74219,5.68359,5.85938,5.97656,6.03516,5.91797,6.15234,5.91797,6.03516,5.97656,5.85938,0.115967,0.144043,0.128174,0.118408,0.117188,0.155029,0.097656,0.115967,0.119629,0.153809,0.114746
2016-09-18T22:40:00Z,40.07813,44.64844,45.0,43.24219,45.0,46.05469,45.0,46.05469,42.1875,48.51563,46.75781,44.64844,6.79688,5.15625,5.85938,5.97656,6.03516,5.91797,6.03516,6.03516,6.26953,6.15234,6.26953,6.03516,6.21094,0.148926,0.136719,0.151367,0.119629,0.126953,0.126953,0.111084,0.106201,0.137939,0.124512,0.130615
2016-09-18T22:50:00Z,47.8125,54.84375,49.57031,50.625,54.84375,51.67969,55.89844,50.27344,54.84375,47.46094,56.25,50.97656,7.55859,5.80078,6.15234,6.38672,6.26953,6.32813,6.15234,6.32813,6.26953,6.09375,6.21094,6.32813,5.97656,0.136719,0.128174,0.12085,0.134277,0.111084,0.161133,0.133057,0.119629,0.128174,0.12207,0.130615
2016-09-18T23:00:00Z,50.625,52.38281,53.08594,54.14063,54.14063,51.32813,53.08594,54.84375,53.08594,52.73438,53.4375,50.27344,6.79688,5.27344,5.97656,5.91797,5.91797,5.91797,5.97656,5.74219,5.85938,5.80078,5.80078,5.80078,5.91797,0.112305,0.124512,0.119629,0.117188,0.141602,0.142822,0.102539,0.125732,0.095215,0.146484,0.093994
2016-09-18T23:10:00Z,46.40625,48.86719,50.625,52.73438,52.03125,52.73438,49.21875,53.08594,49.21875,52.38281,51.67969,50.97656,6.91406,5.56641,5.97656,6.15234,5.85938,6.21094,5.85938,6.26953,6.15234,6.26953,6.21094,6.21094,6.38672,0.146484,0.113525,0.142822,0.125732,0.096436,0.089111,0.107422,0.106201,0.10376,0.096436,0.087891
2016-09-18T23:20:00Z,50.97656,55.89844,56.25,53.08594,54.84375,52.73438,54.49219,53.78906,56.95313,53.08594,53.08594,54.14063,6.44531,5.39063,5.85938,5.85938,6.03516,5.91797,5.97656,6.09375,6.26953,5.97656,5.85938,6.15234,6.09375,0.117188,0.131836,0.107422,0.13916,0.12085,0.089111,0.092773,0.067139,0.084229,0.113525,0.126953
2016-09-18T23:30:00Z,54.14063,60.82031,59.41406,61.875,59.0625,55.89844,55.54688,56.60156,57.30469,55.19531,54.14063,53.08594,6.50391,5.27344,5.625,5.74219,5.80078,5.74219,5.625,5.91797,5.91797,5.74219,5.68359,5.68359,5.85938,0.128174,0.12207,0.13916,0.128174,0.111084,0.100098,0.107422,0.134277,0.15625,0.153809,0.128174
2016-09-18T23:40:00Z,49.92188,51.32813,50.625,52.03125,52.38281,50.625,48.86719,55.19531,51.32813,53.4375,51.67969,52.73438,6.85547,5.15625,5.27344,5.56641,5.44922,5.39063,5.44922,5.39063,5.50781,5.56641,5.39063,5.50781,5.625,0.117188,0.133057,0.145264,0.125732,0.145264,0.141602,0.123291,0.128174,0.141602,0.135498,0.108643
2016-09-18T23:50:00Z,47.8125,45.70313,49.57031,49.57031,48.51563,48.86719,50.625,51.67969,50.27344,49.92188,51.32813,50.97656,5.97656,4.6875,4.98047,4.98047,4.80469,4.86328,4.98047,4.98047,5.03906,4.98047,5.03906,5.03906,5.21484,0.112305,0.147705,0.134277,0.170898,0.151367,0.096436,0.130615,0.108643,0.163574,0.119629,0.15625
