LOCATION: 
SYSTEM SERIAL: HKZB
TIMESTAMP (ISO-8601) UTC,WindDir004m deg,WindDir030m deg,WindDir040m deg,WindDir040m_ref deg,WindDir060m deg,WindDir080m deg,WindDir100m deg,WindDir120m deg,WindDir140m deg,WindDir160m deg,WindDir180m deg,WindDir200m deg,WindGust004m m/s,WindSpeed004m m/s,WindSpeed030mh m/s,WindSpeed040mh m/s,WindSpeed040m_refh m/s,WindSpeed060mh m/s,WindSpeed080mh m/s,WindSpeed100mh m/s,WindSpeed120mh m/s,WindSpeed140mh m/s,WindSpeed160mh m/s,WindSpeed180mh m/s,WindSpeed200mh m/s,TI 030m,TI 040m,TI 040m ref,TI 060m,TI 080m,TI 100m,TI 120m,TI 140m,TI 160m,TI 180m,TI 200m
2016-10-08T00:00:00Z,73.82813,75.9375,76.99219,79.45313,78.75,77.69531,78.39844,75.58594,74.53125,73.125,74.17969,74.17969,7.26563,5.68359,5.97656,6.15234,5.91797,6.26953,6.21094,6.26953,6.09375,6.26953,6.26953,6.26953,5.91797,0.141602,0.142822,0.13916,0.15625,0.13916,0.093994,0.131836,0.118408,0.106201,0.13916,0.131836
2016-10-08T00:10:00Z,75.23438,73.125,73.82813,74.17969,74.88281,74.17969,73.82813,72.77344,74.17969,72.77344,71.01563,70.66406,7.20703,5.625,6.03516,6.15234,6.26953,6.03516,6.15234,6.26953,6.32813,6.26953,6.15234,6.15234,5.97656,0.129395,0.187988,0.152588,0.163574,0.147705,0.128174,0.167236,0.152588,0.153809,0.097656,0.130615
2016-10-08T00:20:00Z,70.66406,70.66406,71.36719,68.90625,71.01563,69.60938,68.20313,64.33594,67.85156,64.33594,61.875,59.76563,7.26563,5.625,6.15234,5.91797,5.80078,6.15234,5.80078,6.09375,5.85938,6.15234,5.80078,6.21094,6.03516,0.150146,0.123291,0.184326,0.150146,0.195313,0.148926,0.177002,0.166016,0.181885,0.157471,0.146484
2016-10-08T00:30:00Z,69.96094,72.42188,74.53125,71.36719,74.53125,72.07031,69.60938,70.3125,68.55469,71.71875,67.14844,67.14844,7.55859,5.74219,6.62109,6.91406,6.91406,6.85547,6.91406,6.44531,6.91406,6.85547,6.44531,6.67969,6.62109,0.142822,0.172119,0.162354,0.106201,0.137939,0.130615,0.144043,0.169678,0.162354,0.164795,0.164795
2016-10-08T00:40:00Z,69.60938,72.77344,72.77344,73.125,75.23438,71.01563,71.01563,69.25781,66.79688,71.71875,68.55469,66.09375,8.32031,6.50391,7.55859,7.44141,7.26563,7.5,7.32422,7.08984,7.32422,7.32422,7.32422,6.91406,6.97266,0.12207,0.108643,0.161133,0.108643,0.131836,0.174561,0.114746,0.12207,0.141602,0.183105,0.172119
2016-10-08T00:50:00Z,68.55469,69.96094,68.90625,73.125,71.01563,72.07031,69.60938,72.07031,68.20313,68.55469,67.5,67.5,8.49609,6.73828,6.79688,7.14844,6.97266,7.20703,7.08984,7.03125,7.08984,7.03125,6.85547,6.85547,6.85547,0.13916,0.164795,0.118408,0.111084,0.137939,0.15625,0.126953,0.179443,0.131836,0.178223,0.145264
2016-10-08T01:00:00Z,67.5,74.88281,79.45313,75.9375,75.9375,75.23438,76.28906,71.36719,71.36719,71.36719,68.55469,62.22656,8.32031,6.67969,7.55859,7.85156,7.67578,7.61719,7.79297,7.38281,7.67578,7.61719,7.55859,7.5,7.73438,0.119629,0.137939,0.135498,0.10498,0.140381,0.119629,0.142822,0.15625,0.133057,0.153809,0.12085
2016-10-08T01:10:00Z,74.88281,75.23438,75.58594,79.10156,76.99219,78.75,72.77344,68.90625,77.34375,75.58594,68.55469,71.36719,8.90625,6.79688,7.55859,7.67578,7.61719,7.96875,7.26563,7.67578,7.73438,7.91016,7.08984,7.55859,7.61719,0.166016,0.129395,0.159912,0.124512,0.153809,0.128174,0.106201,0.155029,0.155029,0.140381,0.085449
2016-10-08T01:20:00Z,75.58594,84.02344,83.32031,82.26563,83.67188,81.5625,81.91406,81.91406,82.26563,81.21094,78.04688,79.80469,8.61328,7.14844,7.38281,7.61719,7.44141,7.5,7.79297,7.73438,7.67578,7.79297,7.61719,7.61719,7.38281,0.117188,0.150146,0.129395,0.144043,0.075684,0.178223,0.135498,0.115967,0.095215,0.12085,0.096436
2016-10-08T01:30:00Z,76.64063,72.77344,76.28906,73.47656,72.42188,72.77344,72.77344,73.47656,73.82813,76.64063,75.23438,72.42188,8.61328,6.85547,7.20703,7.08984,7.26563,7.32422,7.32422,7.5,7.26563,7.55859,7.44141,7.5,7.14844,0.148926,0.157471,0.136719,0.133057,0.144043,0.137939,0.117188,0.144043,0.12207,0.118408,0.12207
2016-10-08T01:40:00Z,76.28906,84.02344,80.85938,81.21094,81.21094,81.5625,82.61719,82.26563,82.26563,80.50781,82.96875,81.5625,8.32031,6.62109,7.08984,7.08984,7.20703,7.32422,7.38281,7.67578,7.32422,7.26563,7.38281,7.38281,7.03125,0.128174,0.129395,0.135498,0.093994,0.12085,0.126953,0.101318,0.126953,0.130615,0.119629,0.113525
2016-10-08T01:50:00Z,75.9375,78.75,75.9375,75.58594,81.5625,81.5625,78.75,76.99219,80.15625,80.50781,78.04688,78.75,8.20313,6.62109,6.67969,6.91406,6.50391,6.97266,6.91406,6.44531,6.91406,7.03125,6.91406,6.79688,6.97266,0.209961,0.172119,0.167236,0.157471,0.162354,0.136719,0.15625,0.19043,0.169678,0.115967,0.124512
2016-10-08T02:00:00Z,77.69531,86.83594,86.13281,85.78125,88.24219,87.89063,85.78125,84.375,86.13281,85.78125,82.61719,76.28906,7.85156,5.85938,6.44531,6.44531,6.09375,6.38672,6.15234,6.15234,6.09375,6.5625,6.15234,5.97656,6.03516,0.140381,0.136719,0.194092,0.166016,0.189209,0.114746,0.179443,0.186768,0.129395,0.205078,0.224609
2016-10-08T02:10:00Z,84.02344,77.69531,82.26563,80.85938,76.99219,81.21094,80.85938,80.85938,81.91406,80.50781,78.39844,78.04688,7.26563,5.44922,5.80078,5.68359,5.91797,6.15234,5.97656,6.26953,5.97656,6.38672,6.03516,6.62109,6.15234,0.13916,0.219727,0.163574,0.151367,0.161133,0.174561,0.178223,0.126953,0.148926,0.177002,0.123291
2016-10-08T02:20:00Z,71.01563,73.125,74.17969,76.28906,74.53125,72.77344,73.47656,73.125,74.88281,74.88281,71.01563,71.71875,6.97266,5.50781,5.91797,5.97656,5.97656,6.03516,5.91797,6.21094,5.85938,6.09375,6.09375,6.09375,5.97656,0.130615,0.130615,0.179443,0.184326,0.13916,0.166016,0.15625,0.13916,0.153809,0.172119,0.12207
2016-10-08T02:30:00Z,73.82813,74.17969,71.71875,73.125,70.3125,70.3125,69.60938,69.96094,66.44531,64.6875,66.79688,63.28125,7.14844,5.21484,5.56641,5.80078,5.68359,6.03516,5.97656,5.91797,5.85938,6.09375,6.15234,5.85938,6.03516,0.178223,0.145264,0.146484,0.194092,0.174561,0.183105,0.198975,0.200195,0.117188,0.157471,0.175781
2016-10-08T02:40:00Z,63.28125,69.25781,67.85156,66.44531,65.39063,65.39063,67.14844,65.74219,66.44531,67.14844,61.875,61.52344,7.20703,5.50781,6.32813,5.74219,6.44531,5.91797,5.91797,6.26953,6.03516,6.67969,6.21094,6.26953,6.21094,0.177002,0.202637,0.179443,0.196533,0.17334,0.186768,0.147705,0.180664,0.175781,0.197754,0.184326
2016-10-08T02:50:00Z,63.98438,64.33594,67.85156,68.90625,69.25781,67.14844,70.66406,64.33594,68.55469,67.85156,67.14844,62.22656,7.44141,5.50781,5.74219,6.26953,6.09375,6.50391,6.03516,6.44531,6.21094,6.91406,6.62109,6.44531,6.79688,0.186768,0.177002,0.169678,0.184326,0.20874,0.19043,0.169678,0.19165,0.202637,0.146484,0.135498
2016-10-08T03:00:00Z,68.90625,79.10156,80.50781,74.17969,79.10156,73.82813,75.23438,76.64063,78.39844,73.82813,75.23438,69.25781,6.67969,5.21484,5.44922,5.56641,5.33203,5.39063,5.44922,5.50781,5.68359,5.85938,5.625,5.85938,5.44922,0.200195,0.175781,0.17334,0.185547,0.169678,0.186768,0.196533,0.22583,0.144043,0.209961,0.241699
2016-10-08T03:10:00Z,74.88281,73.47656,73.82813,75.58594,73.47656,78.04688,70.3125,72.42188,74.88281,68.55469,72.77344,73.125,7.03125,4.80469,5.09766,5.15625,5.15625,5.44922,5.50781,5.50781,5.68359,5.68359,5.80078,5.80078,5.97656,0.239258,0.175781,0.180664,0.231934,0.22583,0.20874,0.147705,0.272217,0.214844,0.177002,0.192871
2016-10-08T03:20:00Z,69.25781,74.88281,74.17969,73.125,78.75,73.82813,76.99219,71.01563,71.01563,72.42188,74.17969,73.47656,7.08984,4.92188,5.80078,5.68359,5.68359,6.09375,6.09375,6.03516,6.09375,6.09375,6.32813,6.15234,6.09375,0.175781,0.19165,0.228271,0.209961,0.153809,0.185547,0.136719,0.152588,0.150146,0.162354,0.113525
2016-10-08T03:30:00Z,76.99219,81.91406,84.72656,80.85938,84.72656,80.50781,81.5625,83.67188,81.21094,82.26563,82.61719,82.96875,6.44531,5.03906,5.91797,5.74219,5.50781,5.74219,5.85938,5.85938,6.03516,5.97656,6.15234,5.91797,6.15234,0.15625,0.133057,0.148926,0.141602,0.164795,0.15625,0.141602,0.158691,0.137939,0.163574,0.200195
2016-10-08T03:40:00Z,80.15625,79.80469,80.50781,80.50781,78.39844,81.91406,81.5625,79.10156,79.10156,77.69531,78.04688,77.34375,6.62109,5.33203,5.91797,5.91797,5.85938,6.26953,6.03516,6.09375,6.09375,6.15234,6.15234,6.32813,6.09375,0.13916,0.112305,0.126953,0.151367,0.15625,0.148926,0.118408,0.140381,0.150146,0.131836,0.140381
2016-10-08T03:50:00Z,78.39844,77.34375,78.39844,78.04688,76.64063,75.9375,76.99219,75.58594,74.88281,73.47656,78.75,75.9375,7.38281,5.56641,6.21094,6.09375,6.15234,6.09375,6.26953,6.26953,6.03516,6.26953,6.32813,6.09375,6.26953,0.142822,0.178223,0.184326,0.20874,0.141602,0.163574,0.209961,0.151367,0.211182,0.184326,0.158691
2016-10-08T04:00:00Z,69.96094,73.125,74.17969,73.125,74.88281,72.77344,72.07031,70.66406,71.71875,65.74219,66.44531,65.74219,7.32422,5.33203,5.91797,6.09375,5.91797,5.85938,6.09375,6.09375,6.09375,6.26953,6.44531,6.21094,6.44531,0.178223,0.158691,0.169678,0.20752,0.157471,0.178223,0.189209,0.187988,0.146484,0.205078,0.219727
2016-10-08T04:10:00Z,75.23438,79.10156,79.45313,80.85938,75.23438,75.58594,72.42188,76.28906,77.34375,78.04688,71.71875,70.3125,6.97266,5.39063,5.74219,5.68359,5.74219,5.80078,6.09375,6.21094,6.32813,6.32813,5.97656,6.09375,6.21094,0.167236,0.195313,0.174561,0.170898,0.15625,0.202637,0.168457,0.15625,0.223389,0.197754,0.136719
2016-10-08T04:20:00Z,73.82813,76.99219,79.80469,79.45313,76.64063,73.82813,76.28906,72.07031,75.23438,71.71875,75.9375,72.07031,7.38281,5.56641,6.26953,6.50391,6.50391,6.5625,6.5625,6.5625,6.44531,6.44531,6.85547,6.26953,6.15234,0.162354,0.167236,0.131836,0.161133,0.153809,0.144043,0.158691,0.166016,0.196533,0.174561,0.13916
2016-10-08T04:30:00Z,74.88281,81.91406,79.45313,80.50781,78.04688,78.39844,77.34375,75.58594,74.53125,70.3125,76.99219,70.66406,8.37891,6.26953,7.32422,7.5,7.26563,7.44141,7.26563,7.5,7.20703,7.44141,7.14844,7.38281,6.97266,0.133057,0.151367,0.180664,0.153809,0.123291,0.164795,0.164795,0.157471,0.15625,0.183105,0.119629
2016-10-08T04:40:00Z,76.28906,79.10156,77.34375,77.69531,78.39844,78.75,76.64063,80.85938,73.125,74.53125,77.69531,74.17969,8.4375,6.62109,7.44141,7.55859,7.14844,7.55859,7.61719,7.79297,7.5,7.20703,7.38281,7.55859,7.26563,0.140381,0.130615,0.167236,0.151367,0.168457,0.130615,0.147705,0.181885,0.150146,0.181885,0.153809
2016-10-08T04:50:00Z,73.47656,73.82813,74.88281,72.77344,74.53125,74.53125,73.125,73.125,72.07031,71.36719,70.66406,71.71875,8.4375,6.79688,7.79297,7.96875,7.67578,7.85156,7.85156,7.73438,7.79297,7.55859,7.67578,7.55859,7.61719,0.118408,0.144043,0.12085,0.148926,0.162354,0.17334,0.150146,0.186768,0.177002,0.162354,0.13916
2016-10-08T05:00:00Z,68.55469,74.53125,80.50781,82.61719,78.39844,76.99219,76.28906,79.80469,73.125,78.75,70.66406,72.77344,8.55469,6.85547,7.55859,7.32422,7.5,7.38281,7.26563,6.91406,7.14844,7.14844,7.03125,7.14844,6.91406,0.142822,0.17334,0.15625,0.13916,0.181885,0.170898,0.137939,0.118408,0.128174,0.202637,0.200195
2016-10-08T05:10:00Z,72.07031,69.96094,70.66406,72.42188,72.42188,68.55469,67.14844,68.90625,65.74219,67.14844,68.55469,65.39063,8.49609,6.62109,7.14844,7.32422,7.38281,7.38281,7.61719,7.32422,7.61719,7.5,7.5,7.32422,7.5,0.129395,0.170898,0.144043,0.166016,0.177002,0.145264,0.125732,0.12085,0.197754,0.219727,0.155029
2016-10-08T05:20:00Z,62.22656,76.64063,71.36719,69.25781,69.96094,70.3125,66.09375,66.79688,68.90625,67.14844,63.28125,66.44531,8.96484,7.08984,7.85156,8.02734,8.08594,7.96875,7.79297,8.08594,8.02734,8.26172,7.61719,8.02734,8.02734,0.151367,0.114746,0.144043,0.130615,0.161133,0.147705,0.145264,0.151367,0.178223,0.12207,0.131836
2016-10-08T05:30:00Z,67.85156,74.17969,68.90625,72.07031,72.77344,71.71875,73.47656,72.42188,67.5,69.96094,68.55469,68.55469,8.96484,6.97266,7.5,7.5,7.79297,7.85156,8.02734,7.91016,7.73438,7.55859,8.08594,7.44141,7.44141,0.125732,0.119629,0.130615,0.163574,0.135498,0.119629,0.095215,0.155029,0.135498,0.181885,0.108643
2016-10-08T05:40:00Z,64.33594,71.71875,66.09375,65.03906,69.96094,66.09375,65.74219,65.74219,67.5,65.74219,69.96094,66.79688,8.67188,6.91406,7.32422,7.38281,7.26563,7.38281,7.32422,7.26563,7.44141,7.91016,7.32422,7.61719,7.20703,0.163574,0.144043,0.140381,0.135498,0.155029,0.117188,0.10376,0.158691,0.20874,0.151367,0.131836
2016-10-08T05:50:00Z,62.92969,69.25781,66.09375,63.98438,69.60938,61.875,66.79688,64.33594,68.55469,65.39063,65.03906,61.52344,9.25781,6.67969,7.5,6.85547,7.20703,7.08984,6.91406,7.61719,7.26563,6.97266,6.97266,7.20703,7.26563,0.164795,0.163574,0.123291,0.144043,0.202637,0.153809,0.136719,0.125732,0.169678,0.194092,0.158691
2016-10-08T06:00:00Z,62.57813,73.125,74.53125,75.58594,71.01563,73.82813,72.77344,78.04688,71.36719,69.96094,68.55469,67.85156,9.02344,6.67969,7.08984,7.26563,7.55859,7.20703,7.61719,7.67578,7.44141,7.38281,7.55859,7.73438,7.85156,0.213623,0.157471,0.130615,0.144043,0.106201,0.15625,0.145264,0.184326,0.141602,0.133057,0.10376
2016-10-08T06:10:00Z,69.96094,76.28906,79.45313,75.9375,75.23438,74.17969,72.77344,71.01563,69.60938,70.66406,68.90625,69.25781,9.02344,6.73828,7.5,7.79297,7.67578,7.73438,7.73438,7.79297,7.67578,7.44141,7.61719,7.79297,7.91016,0.172119,0.137939,0.180664,0.15625,0.186768,0.134277,0.129395,0.114746,0.146484,0.111084,0.15625
2016-10-08T06:20:00Z,72.42188,80.50781,79.80469,80.50781,81.21094,79.80469,78.39844,78.75,77.69531,76.99219,76.99219,75.9375,9.02344,7.20703,7.67578,7.79297,7.79297,7.67578,7.61719,7.85156,7.85156,8.08594,7.96875,7.5,7.73438,0.126953,0.140381,0.194092,0.175781,0.128174,0.131836,0.124512,0.106201,0.153809,0.185547,0.153809
2016-10-08T06:30:00Z,78.75,81.5625,82.96875,82.61719,80.50781,83.67188,82.26563,83.67188,81.91406,84.375,86.48438,85.42969,8.96484,6.91406,7.32422,7.38281,7.08984,7.26563,7.20703,7.26563,7.55859,7.55859,7.61719,7.44141,7.20703,0.117188,0.205078,0.159912,0.162354,0.17334,0.112305,0.152588,0.12085,0.141602,0.115967,0.137939
2016-10-08T06:40:00Z,78.39844,84.02344,82.61719,85.07813,85.42969,83.67188,81.91406,81.91406,81.5625,81.91406,87.53906,81.91406,9.14063,6.50391,7.20703,7.38281,7.20703,7.26563,7.08984,7.03125,7.20703,7.5,7.38281,7.32422,7.26563,0.140381,0.166016,0.158691,0.150146,0.131836,0.145264,0.175781,0.140381,0.148926,0.12207,0.095215
2016-10-08T06:50:00Z,77.69531,83.67188,85.07813,90.0,86.83594,87.89063,85.78125,88.24219,84.375,85.42969,84.375,86.48438,8.61328,6.73828,6.97266,7.38281,7.14844,7.32422,7.20703,7.44141,7.14844,7.14844,7.14844,7.38281,7.44141,0.140381,0.123291,0.161133,0.133057,0.164795,0.137939,0.115967,0.144043,0.119629,0.13916,0.141602
2016-10-08T07:00:00Z,85.78125,87.53906,86.13281,86.13281,88.59375,90.35156,86.83594,85.07813,85.42969,85.07813,81.21094,86.13281,8.4375,6.38672,7.14844,7.20703,7.14844,7.08984,7.20703,7.08984,7.26563,7.08984,7.32422,6.85547,7.20703,0.151367,0.141602,0.115967,0.133057,0.133057,0.111084,0.12207,0.144043,0.136719,0.172119,0.100098
2016-10-08T07:10:00Z,79.10156,82.61719,80.85938,80.85938,82.61719,80.50781,81.91406,84.72656,83.32031,82.61719,83.67188,83.67188,7.91016,6.32813,6.21094,6.38672,6.32813,6.26953,6.50391,6.32813,6.5625,6.62109,6.85547,6.91406,6.73828,0.159912,0.177002,0.177002,0.152588,0.150146,0.145264,0.157471,0.136719,0.12207,0.15625,0.162354
2016-10-08T07:20:00Z,76.28906,80.85938,81.21094,83.67188,82.61719,81.5625,75.58594,76.64063,81.21094,80.85938,79.10156,75.9375,7.55859,5.625,6.62109,6.73828,6.5625,6.91406,6.73828,6.73828,6.79688,6.91406,6.79688,6.97266,6.91406,0.216064,0.158691,0.163574,0.146484,0.142822,0.209961,0.181885,0.177002,0.186768,0.180664,0.163574
2016-10-08T07:30:00Z,77.34375,82.61719,80.50781,81.91406,83.67188,82.96875,84.72656,80.85938,81.21094,81.91406,84.02344,79.45313,8.08594,6.38672,7.03125,7.08984,7.14844,7.20703,7.5,7.38281,7.26563,7.85156,7.32422,7.55859,7.26563,0.137939,0.164795,0.152588,0.151367,0.151367,0.169678,0.134277,0.151367,0.162354,0.187988,0.150146
2016-10-08T07:40:00Z,79.10156,90.35156,84.375,81.91406,81.91406,82.61719,80.50781,84.375,81.91406,85.07813,76.99219,80.50781,8.37891,6.5625,7.03125,6.97266,7.14844,6.79688,6.97266,7.61719,7.5,7.14844,7.20703,7.61719,7.91016,0.129395,0.170898,0.180664,0.144043,0.166016,0.152588,0.128174,0.111084,0.15625,0.231934,0.158691
2016-10-08T07:50:00Z,82.26563,91.40625,89.29688,90.70313,91.05469,93.16406,97.03125,92.8125,94.57031,95.97656,93.51563,93.51563,8.32031,6.15234,6.5625,6.50391,6.21094,6.85547,6.5625,6.85547,6.67969,6.62109,6.5625,6.79688,6.62109,0.161133,0.145264,0.170898,0.186768,0.175781,0.170898,0.147705,0.175781,0.152588,0.167236,0.200195
2016-10-08T08:00:00Z,90.35156,100.54688,98.78906,102.30469,98.4375,101.95313,101.60156,103.35938,101.25,100.19531,102.30469,101.25,6.97266,5.625,5.91797,5.91797,6.03516,6.26953,5.97656,5.97656,5.85938,6.03516,6.09375,6.26953,6.03516,0.167236,0.170898,0.140381,0.118408,0.170898,0.185547,0.112305,0.145264,0.175781,0.159912,0.111084
2016-10-08T08:10:00Z,95.625,104.76563,110.39063,105.11719,110.39063,106.875,106.875,107.57813,105.46875,102.30469,105.82031,105.11719,6.97266,5.33203,5.80078,6.21094,5.97656,6.15234,6.21094,6.03516,5.85938,5.91797,5.91797,6.21094,5.91797,0.12085,0.175781,0.178223,0.137939,0.125732,0.187988,0.179443,0.15625,0.169678,0.164795,0.15625
2016-10-08T08:20:00Z,103.35938,100.19531,100.19531,98.4375,95.625,96.67969,98.08594,95.625,96.67969,96.32813,99.14063,92.46094,7.03125,5.44922,6.03516,5.91797,6.21094,6.26953,6.50391,6.38672,6.44531,6.5625,6.5625,6.32813,6.26953,0.148926,0.172119,0.145264,0.153809,0.170898,0.141602,0.148926,0.144043,0.136719,0.13916,0.151367
2016-10-08T08:30:00Z,89.29688,90.70313,88.59375,87.53906,91.75781,88.94531,87.53906,82.61719,83.67188,84.72656,82.26563,85.42969,7.26563,5.625,6.38672,6.32813,6.32813,6.5625,6.38672,6.38672,6.26953,6.79688,6.67969,6.79688,6.15234,0.162354,0.146484,0.13916,0.109863,0.126953,0.123291,0.153809,0.181885,0.150146,0.141602,0.178223
2016-10-08T08:40:00Z,80.50781,92.8125,88.24219,90.70313,87.53906,91.75781,91.40625,90.0,89.29688,89.29688,89.64844,89.64844,7.73438,5.91797,6.50391,6.50391,6.5625,6.67969,6.50391,6.38672,6.62109,6.50391,6.62109,6.5625,6.32813,0.135498,0.194092,0.126953,0.145264,0.152588,0.157471,0.164795,0.158691,0.157471,0.148926,0.15625
2016-10-08T08:50:00Z,86.13281,89.29688,92.8125,92.10938,90.0,93.86719,88.24219,92.46094,89.64844,90.0,87.1875,87.1875,7.38281,5.91797,6.32813,6.62109,6.38672,6.44531,6.15234,6.26953,6.32813,6.38672,6.5625,6.26953,6.44531,0.155029,0.166016,0.162354,0.169678,0.146484,0.152588,0.194092,0.131836,0.131836,0.141602,0.164795
2016-10-08T09:00:00Z,85.07813,85.42969,88.24219,89.29688,88.59375,90.35156,90.70313,92.8125,86.83594,92.8125,92.46094,89.64844,6.79688,5.39063,5.625,5.80078,5.74219,5.68359,5.97656,5.625,5.625,5.625,5.85938,5.80078,5.80078,0.159912,0.123291,0.17334,0.181885,0.201416,0.158691,0.19165,0.20874,0.198975,0.189209,0.197754
2016-10-08T09:10:00Z,82.61719,88.94531,92.8125,90.70313,89.64844,90.0,88.94531,89.64844,90.35156,94.21875,92.10938,92.10938,6.5625,4.92188,5.39063,5.27344,5.625,5.625,5.56641,5.625,5.91797,5.74219,5.68359,5.56641,5.85938,0.128174,0.15625,0.150146,0.157471,0.151367,0.164795,0.142822,0.148926,0.134277,0.10498,0.124512
2016-10-08T09:20:00Z,83.67188,90.35156,89.29688,89.64844,91.40625,92.46094,92.10938,91.40625,90.70313,87.1875,92.46094,94.21875,6.44531,5.03906,5.85938,5.97656,5.56641,6.26953,5.85938,5.91797,5.625,5.97656,6.15234,6.38672,6.03516,0.202637,0.178223,0.223389,0.146484,0.107422,0.128174,0.194092,0.195313,0.153809,0.158691,0.145264
2016-10-08T09:30:00Z,86.83594,86.48438,87.89063,84.375,87.89063,87.1875,86.83594,87.89063,87.1875,89.64844,90.35156,86.13281,7.44141,5.50781,5.97656,5.80078,5.80078,5.85938,5.74219,5.68359,5.91797,5.85938,5.85938,5.68359,5.91797,0.218506,0.220947,0.189209,0.198975,0.219727,0.200195,0.206299,0.20874,0.162354,0.161133,0.17334
2016-10-08T09:40:00Z,78.04688,78.04688,81.91406,78.75,79.80469,80.85938,77.69531,80.85938,85.42969,80.15625,81.5625,81.91406,6.85547,4.74609,5.27344,5.39063,5.50781,5.21484,5.33203,5.44922,5.56641,5.44922,5.33203,5.50781,5.50781,0.134277,0.186768,0.130615,0.159912,0.145264,0.119629,0.155029,0.119629,0.19165,0.218506,0.134277
2016-10-08T09:50:00Z,76.99219,85.42969,85.78125,87.89063,84.375,83.67188,84.02344,86.13281,84.02344,84.375,84.02344,85.42969,6.38672,4.6875,5.21484,5.21484,5.27344,5.39063,5.39063,5.50781,5.56641,5.39063,5.33203,5.39063,5.33203,0.158691,0.137939,0.128174,0.141602,0.195313,0.153809,0.177002,0.163574,0.178223,0.15625,0.19043
2016-10-08T10:00:00Z,80.15625,79.10156,80.85938,78.75,78.39844,81.5625,79.10156,80.50781,81.5625,82.26563,81.91406,83.32031,6.73828,4.92188,5.80078,5.85938,5.80078,5.74219,5.625,5.50781,5.68359,5.74219,5.68359,5.625,5.68359,0.146484,0.142822,0.131836,0.152588,0.148926,0.133057,0.129395,0.142822,0.123291,0.115967,0.141602
2016-10-08T10:10:00Z,78.75,83.32031,86.48438,85.42969,86.48438,87.53906,86.83594,85.78125,87.89063,86.83594,89.64844,87.53906,6.73828,5.09766,5.50781,5.56641,5.56641,5.50781,5.625,5.56641,5.625,5.56641,5.50781,5.33203,5.56641,0.155029,0.202637,0.152588,0.147705,0.205078,0.183105,0.145264,0.175781,0.178223,0.157471,0.163574
2016-10-08T10:20:00Z,78.04688,86.48438,86.13281,86.13281,83.67188,85.07813,87.53906,91.75781,84.72656,86.13281,82.26563,84.02344,6.97266,4.6875,5.09766,5.21484,5.21484,5.09766,5.33203,5.39063,5.27344,5.15625,4.98047,5.44922,5.39063,0.181885,0.19043,0.179443,0.175781,0.161133,0.213623,0.180664,0.164795,0.200195,0.178223,0.142822
2016-10-08T10:30:00Z,87.89063,85.78125,88.94531,86.83594,86.13281,86.83594,85.07813,85.42969,84.72656,85.07813,84.72656,84.375,7.03125,4.92188,5.33203,5.44922,5.56641,5.33203,5.56641,5.21484,5.44922,5.27344,5.56641,5.27344,5.625,0.189209,0.214844,0.163574,0.233154,0.170898,0.140381,0.146484,0.201416,0.192871,0.198975,0.119629
2016-10-08T10:40:00Z,83.32031,91.40625,88.59375,90.70313,88.94531,88.24219,89.64844,89.64844,85.78125,87.89063,87.1875,88.94531,6.15234,4.80469,5.15625,5.27344,5.09766,5.33203,5.27344,5.33203,5.21484,5.39063,5.39063,5.50781,5.50781,0.167236,0.145264,0.146484,0.136719,0.13916,0.17334,0.184326,0.184326,0.125732,0.168457,0.128174
2016-10-08T10:50:00Z,87.53906,87.1875,88.59375,87.89063,86.13281,85.42969,87.1875,85.78125,88.94531,87.1875,86.83594,87.89063,6.79688,4.86328,4.98047,5.15625,5.09766,5.03906,5.21484,5.27344,5.33203,5.15625,5.21484,5.21484,5.21484,0.213623,0.202637,0.209961,0.178223,0.158691,0.130615,0.166016,0.187988,0.167236,0.134277,0.144043
2016-10-08T11:00:00Z,79.10156,75.58594,72.42188,73.47656,70.66406,69.96094,70.3125,72.77344,73.82813,69.96094,71.71875,67.14844,5.625,4.16016,4.80469,4.92188,4.92188,4.62891,4.74609,4.92188,4.86328,4.80469,4.92188,4.92188,4.92188,0.17334,0.135498,0.158691,0.159912,0.153809,0.155029,0.181885,0.179443,0.15625,0.152588,0.151367
2016-10-08T11:10:00Z,68.20313,73.82813,75.23438,75.23438,75.23438,73.82813,78.39844,75.9375,78.04688,78.75,74.53125,78.75,6.03516,4.33594,4.57031,4.6875,4.62891,4.6875,4.92188,4.98047,5.03906,5.09766,5.09766,5.09766,5.09766,0.170898,0.183105,0.189209,0.203857,0.20874,0.174561,0.184326,0.166016,0.205078,0.161133,0.203857
2016-10-08T11:20:00Z,72.77344,76.28906,77.34375,77.34375,78.04688,79.45313,76.64063,77.34375,75.9375,77.34375,77.34375,82.61719,5.97656,4.21875,4.33594,4.33594,4.21875,4.21875,4.45313,4.16016,4.45313,4.51172,4.62891,4.57031,4.45313,0.17334,0.183105,0.181885,0.183105,0.162354,0.172119,0.177002,0.153809,0.15625,0.178223,0.162354
2016-10-08T11:30:00Z,74.88281,80.50781,80.85938,82.96875,79.10156,80.50781,77.69531,76.99219,75.23438,74.53125,78.75,80.50781,5.15625,3.63281,3.39844,3.45703,3.45703,3.69141,3.57422,3.69141,3.75,3.92578,4.04297,4.04297,4.27734,0.218506,0.198975,0.218506,0.213623,0.246582,0.181885,0.238037,0.187988,0.235596,0.24292,0.202637
2016-10-08T11:40:00Z,80.85938,84.375,77.34375,80.85938,78.04688,76.28906,79.45313,77.69531,77.34375,81.21094,76.99219,76.64063,5.74219,3.39844,4.45313,4.33594,4.62891,4.62891,4.74609,4.86328,4.80469,5.03906,4.92188,4.80469,4.80469,0.162354,0.144043,0.145264,0.147705,0.159912,0.162354,0.157471,0.131836,0.155029,0.146484,0.113525
2016-10-08T11:50:00Z,76.99219,76.64063,79.80469,75.9375,75.9375,81.21094,82.26563,80.15625,81.5625,78.75,78.75,81.91406,5.80078,3.98438,4.45313,4.45313,4.45313,4.51172,4.62891,4.51172,4.45313,4.57031,4.57031,4.6875,4.6875,0.13916,0.187988,0.212402,0.180664,0.166016,0.148926,0.161133,0.146484,0.159912,0.167236,0.140381
2016-10-08T12:00:00Z,71.01563,79.80469,79.10156,81.21094,78.75,79.45313,79.45313,80.85938,80.85938,80.85938,81.21094,82.96875,5.97656,4.04297,3.92578,3.92578,3.98438,4.04297,4.16016,4.16016,4.39453,4.21875,4.45313,4.33594,4.27734,0.211182,0.202637,0.24292,0.177002,0.213623,0.20752,0.212402,0.170898,0.189209,0.174561,0.161133
2016-10-08T12:10:00Z,75.23438,76.99219,78.39844,75.58594,75.58594,78.04688,77.34375,76.64063,80.85938,77.34375,78.04688,73.82813,5.33203,3.16406,3.92578,3.92578,3.98438,4.21875,4.10156,4.39453,4.27734,4.27734,4.16016,4.21875,3.98438,0.212402,0.179443,0.205078,0.174561,0.206299,0.218506,0.212402,0.19043,0.144043,0.211182,0.209961
2016-10-08T12:20:00Z,70.66406,72.77344,72.42188,71.71875,70.66406,74.17969,73.47656,75.58594,76.99219,78.39844,81.21094,81.5625,5.68359,3.75,3.63281,3.75,3.75,3.80859,3.86719,3.75,3.86719,3.75,3.80859,3.75,3.80859,0.15625,0.133057,0.174561,0.158691,0.189209,0.167236,0.172119,0.196533,0.170898,0.184326,0.170898
2016-10-08T12:30:00Z,71.71875,72.77344,74.88281,74.88281,79.10156,82.61719,81.21094,81.5625,84.72656,81.91406,85.78125,80.50781,4.45313,2.92969,2.98828,2.92969,3.04688,2.92969,3.10547,3.10547,3.22266,3.22266,3.33984,3.39844,3.51563,0.205078,0.180664,0.20874,0.206299,0.209961,0.198975,0.166016,0.194092,0.19165,0.169678,0.187988
2016-10-08T12:40:00Z,64.33594,64.6875,65.74219,65.39063,65.03906,66.79688,61.17188,68.90625,63.28125,66.09375,64.6875,66.79688,4.27734,2.87109,3.16406,3.22266,3.10547,3.10547,3.22266,3.28125,3.39844,3.28125,3.28125,3.33984,3.22266,0.212402,0.186768,0.220947,0.219727,0.203857,0.235596,0.195313,0.231934,0.22583,0.200195,0.209961
2016-10-08T12:50:00Z,67.14844,65.03906,66.09375,70.3125,66.44531,69.60938,65.39063,69.96094,65.74219,65.39063,66.09375,61.875,3.98438,2.34375,2.34375,2.40234,2.46094,2.51953,2.46094,2.69531,2.8125,2.75391,2.92969,2.87109,2.98828,0.316162,0.272217,0.299072,0.338135,0.319824,0.2771,0.286865,0.286865,0.267334,0.272217,0.234375
2016-10-08T13:00:00Z,63.98438,62.22656,60.82031,62.92969,62.22656,65.39063,68.20313,64.33594,69.60938,65.03906,67.14844,67.5,3.98438,2.16797,2.8125,2.98828,3.04688,2.98828,2.92969,2.92969,2.92969,2.92969,2.92969,2.92969,2.8125,0.19043,0.209961,0.177002,0.228271,0.194092,0.228271,0.20874,0.195313,0.217285,0.198975,0.196533
2016-10-08T13:10:00Z,53.78906,56.25,54.49219,59.41406,55.54688,51.32813,50.625,49.92188,51.32813,47.8125,51.32813,52.38281,3.69141,2.16797,2.75391,2.75391,2.75391,2.8125,2.92969,2.98828,2.92969,2.98828,3.04688,3.16406,3.04688,0.257568,0.313721,0.253906,0.238037,0.26001,0.256348,0.233154,0.244141,0.246582,0.201416,0.250244
2016-10-08T13:20:00Z,57.65625,66.79688,70.66406,74.88281,68.90625,68.20313,66.79688,68.20313,66.44531,67.14844,69.60938,67.5,3.98438,2.57813,2.57813,2.57813,2.57813,2.75391,2.69531,2.69531,2.8125,2.87109,2.87109,2.8125,2.75391,0.264893,0.236816,0.214844,0.217285,0.235596,0.180664,0.252686,0.238037,0.240479,0.2771,0.256348
2016-10-08T13:30:00Z,68.90625,68.20313,69.60938,63.28125,67.85156,70.3125,72.42188,65.39063,61.875,68.20313,61.52344,63.63281,3.98438,2.22656,2.28516,2.28516,2.28516,2.34375,2.46094,2.40234,2.34375,2.40234,2.46094,2.40234,2.46094,0.234375,0.246582,0.234375,0.231934,0.235596,0.2771,0.250244,0.266113,0.218506,0.270996,0.263672
2016-10-08T13:40:00Z,53.08594,48.16406,48.51563,53.08594,52.38281,57.30469,53.4375,55.19531,57.30469,58.35938,56.25,63.28125,3.16406,2.05078,2.46094,2.51953,2.40234,2.51953,2.51953,2.40234,2.46094,2.40234,2.40234,2.34375,2.51953,0.268555,0.294189,0.247803,0.289307,0.281982,0.290527,0.268555,0.238037,0.231934,0.186768,0.236816
2016-10-08T13:50:00Z,52.03125,43.24219,47.8125,42.89063,44.29688,41.48438,38.67188,44.29688,39.72656,46.40625,44.29688,49.92188,3.51563,2.05078,2.63672,2.63672,2.57813,2.69531,2.69531,2.75391,2.8125,2.87109,2.8125,2.87109,2.8125,0.267334,0.20874,0.252686,0.256348,0.212402,0.213623,0.227051,0.251465,0.241699,0.239258,0.257568
2016-10-08T14:00:00Z,40.42969,54.84375,49.92188,54.49219,49.57031,49.57031,53.4375,58.71094,60.46875,60.82031,61.52344,60.82031,4.10156,2.34375,2.28516,2.40234,2.34375,2.46094,2.40234,2.40234,2.34375,2.46094,2.51953,2.51953,2.57813,0.279541,0.303955,0.239258,0.238037,0.24292,0.219727,0.249023,0.24292,0.22583,0.244141,0.205078
2016-10-08T14:10:00Z,47.46094,31.64063,29.17969,25.66406,32.34375,29.88281,27.77344,34.10156,34.10156,32.34375,31.99219,28.125,3.28125,1.69922,2.05078,2.05078,2.16797,1.99219,2.05078,2.10938,2.10938,2.10938,2.28516,2.22656,2.34375,0.233154,0.223389,0.26123,0.218506,0.275879,0.274658,0.255127,0.153809,0.229492,0.19043,0.211182
2016-10-08T14:20:00Z,18.98438,21.44531,23.20313,20.74219,19.33594,19.6875,21.09375,18.98438,24.25781,21.44531,23.55469,24.60938,4.51172,2.40234,3.75,3.80859,3.75,3.80859,3.80859,3.75,3.69141,3.75,3.63281,3.69141,3.69141,0.234375,0.203857,0.201416,0.15625,0.17334,0.157471,0.15625,0.19165,0.130615,0.20874,0.142822
2016-10-08T14:30:00Z,25.3125,26.01563,28.47656,26.01563,24.60938,28.82813,25.3125,28.47656,26.01563,27.42188,27.42188,28.47656,5.03906,3.22266,3.45703,3.28125,3.33984,3.57422,3.33984,3.45703,3.28125,3.57422,3.57422,3.51563,3.45703,0.200195,0.189209,0.234375,0.19043,0.222168,0.224609,0.239258,0.217285,0.252686,0.227051,0.229492
2016-10-08T14:40:00Z,23.20313,34.45313,34.10156,34.10156,33.39844,33.39844,28.125,27.77344,27.77344,28.125,27.07031,28.82813,4.45313,3.04688,3.45703,3.51563,3.39844,3.69141,3.45703,3.57422,3.57422,3.63281,3.63281,3.69141,3.63281,0.195313,0.211182,0.180664,0.157471,0.196533,0.200195,0.234375,0.216064,0.227051,0.222168,0.223389
2016-10-08T14:50:00Z,29.88281,17.57813,22.85156,18.28125,20.39063,23.90625,20.03906,21.79688,18.98438,23.90625,21.79688,21.79688,4.10156,2.75391,2.92969,2.98828,2.98828,2.92969,2.92969,3.04688,3.10547,3.28125,3.10547,3.28125,3.33984,0.20752,0.213623,0.201416,0.209961,0.236816,0.224609,0.244141,0.20752,0.264893,0.228271,0.220947
2016-10-08T15:00:00Z,15.46875,18.98438,21.44531,24.60938,24.60938,27.77344,29.88281,30.9375,30.58594,34.80469,35.50781,33.04688,4.04297,2.57813,2.98828,3.10547,3.10547,3.16406,3.22266,3.22266,3.16406,3.10547,3.28125,3.22266,3.22266,0.26001,0.228271,0.222168,0.196533,0.233154,0.231934,0.238037,0.203857,0.249023,0.227051,0.183105
2016-10-08T15:10:00Z,5.97656,21.09375,23.90625,22.85156,27.07031,26.36719,24.60938,27.42188,26.71875,28.82813,30.58594,29.17969,4.33594,2.28516,2.98828,3.22266,3.04688,3.39844,3.28125,3.22266,3.39844,3.39844,3.45703,3.39844,3.51563,0.338135,0.264893,0.281982,0.217285,0.241699,0.223389,0.249023,0.228271,0.283203,0.253906,0.195313
2016-10-08T15:20:00Z,31.99219,33.04688,32.69531,33.04688,33.75,33.75,37.61719,31.28906,34.45313,31.99219,35.15625,31.28906,5.09766,3.22266,3.69141,3.75,3.69141,3.80859,3.75,3.69141,3.69141,3.80859,3.86719,3.92578,3.92578,0.192871,0.229492,0.180664,0.198975,0.172119,0.214844,0.202637,0.220947,0.205078,0.236816,0.238037
2016-10-08T15:30:00Z,26.01563,44.64844,43.94531,44.64844,47.10938,43.94531,48.16406,46.40625,42.53906,44.29688,42.89063,46.75781,5.15625,3.39844,3.86719,3.98438,3.98438,3.98438,4.04297,4.16016,4.16016,4.21875,4.21875,4.33594,4.51172,0.203857,0.235596,0.212402,0.19165,0.200195,0.174561,0.211182,0.181885,0.180664,0.196533,0.184326
2016-10-08T15:40:00Z,45.35156,44.64844,42.89063,43.24219,45.35156,42.89063,47.8125,43.24219,43.94531,42.89063,45.0,43.94531,4.6875,3.16406,3.80859,3.98438,3.98438,3.98438,3.98438,4.04297,4.04297,4.10156,4.10156,4.04297,4.04297,0.184326,0.184326,0.178223,0.130615,0.168457,0.164795,0.202637,0.19165,0.236816,0.228271,0.241699
2016-10-08T15:50:00Z,41.48438,38.32031,38.67188,40.42969,37.96875,37.96875,37.96875,37.96875,37.61719,37.61719,36.5625,36.91406,4.98047,3.28125,3.04688,3.16406,3.28125,3.28125,3.39844,3.39844,3.39844,3.28125,3.45703,3.39844,3.45703,0.22583,0.22583,0.205078,0.230713,0.168457,0.222168,0.17334,0.212402,0.155029,0.181885,0.20874
2016-10-08T16:00:00Z,29.17969,27.42188,27.42188,28.125,29.88281,27.77344,29.17969,26.01563,29.53125,28.82813,29.88281,28.47656,4.45313,2.69531,3.10547,3.22266,3.10547,3.04688,3.16406,3.22266,3.45703,3.45703,3.33984,3.39844,3.33984,0.211182,0.220947,0.220947,0.17334,0.189209,0.219727,0.211182,0.213623,0.224609,0.178223,0.178223
2016-10-08T16:10:00Z,31.99219,46.75781,43.24219,44.64844,45.35156,39.02344,39.02344,39.375,42.89063,46.05469,42.53906,48.16406,3.80859,2.28516,2.57813,2.63672,2.63672,2.63672,2.75391,2.69531,2.8125,2.75391,2.87109,2.87109,2.98828,0.198975,0.218506,0.187988,0.224609,0.19165,0.174561,0.197754,0.183105,0.174561,0.164795,0.179443
2016-10-08T16:20:00Z,38.67188,29.53125,27.42188,28.47656,30.9375,26.01563,28.47656,24.60938,27.77344,23.20313,26.36719,26.36719,3.57422,2.40234,2.51953,2.57813,2.69531,2.69531,2.8125,2.69531,2.75391,2.75391,2.87109,2.87109,3.10547,0.267334,0.20874,0.26001,0.235596,0.20874,0.200195,0.255127,0.198975,0.209961,0.192871,0.167236
2016-10-08T16:30:00Z,11.95313,22.5,21.44531,21.44531,22.14844,24.60938,22.14844,24.25781,24.60938,28.125,34.45313,32.69531,3.39844,2.22656,2.98828,2.92969,3.16406,2.98828,3.10547,3.16406,3.16406,3.28125,3.22266,3.63281,3.80859,0.231934,0.206299,0.227051,0.183105,0.211182,0.135498,0.157471,0.179443,0.205078,0.181885,0.22583
2016-10-08T16:40:00Z,28.82813,31.28906,27.77344,28.82813,30.58594,28.47656,30.9375,30.23438,31.99219,30.58594,30.23438,27.42188,4.27734,2.8125,2.75391,2.75391,2.75391,2.8125,2.87109,2.87109,2.87109,2.98828,2.87109,2.92969,2.87109,0.26123,0.269775,0.228271,0.251465,0.20752,0.233154,0.19043,0.224609,0.181885,0.172119,0.131836
2016-10-08T16:50:00Z,18.98438,22.14844,21.09375,17.57813,21.09375,18.28125,21.44531,19.6875,24.25781,20.39063,21.79688,21.09375,3.63281,2.46094,3.10547,3.04688,3.10547,3.04688,3.16406,3.33984,3.33984,3.39844,3.16406,3.33984,3.22266,0.186768,0.178223,0.168457,0.140381,0.158691,0.172119,0.194092,0.175781,0.19165,0.174561,0.155029
2016-10-08T17:00:00Z,13.35938,26.01563,29.88281,30.9375,26.01563,27.42188,25.3125,25.66406,22.85156,22.14844,22.5,22.5,4.27734,2.98828,3.10547,3.16406,3.22266,3.22266,3.28125,3.22266,3.28125,3.22266,3.33984,3.39844,3.45703,0.181885,0.183105,0.187988,0.161133,0.175781,0.177002,0.22583,0.222168,0.218506,0.223389,0.203857
2016-10-08T17:10:00Z,34.45313,26.01563,26.71875,30.58594,24.60938,29.17969,24.96094,28.125,27.77344,28.82813,26.01563,31.64063,3.80859,2.46094,3.04688,3.04688,3.16406,3.16406,3.22266,3.04688,3.16406,2.98828,3.04688,3.04688,3.04688,0.266113,0.205078,0.214844,0.195313,0.19165,0.212402,0.200195,0.22583,0.22583,0.229492,0.246582
2016-10-08T17:20:00Z,19.6875,22.85156,23.20313,22.5,24.60938,23.90625,23.20313,21.79688,20.03906,17.92969,20.39063,20.39063,4.57031,2.75391,2.75391,2.69531,2.75391,2.75391,2.8125,2.69531,2.57813,2.63672,2.57813,2.57813,2.57813,0.240479,0.239258,0.20752,0.197754,0.200195,0.181885,0.179443,0.197754,0.175781,0.155029,0.153809
2016-10-08T17:30:00Z,19.33594,26.01563,27.42188,25.66406,26.01563,26.36719,21.79688,27.07031,29.17969,26.36719,24.60938,29.17969,4.10156,2.87109,3.10547,3.16406,3.16406,3.16406,3.16406,3.22266,3.33984,3.33984,3.28125,3.45703,3.51563,0.250244,0.180664,0.20874,0.255127,0.178223,0.212402,0.189209,0.214844,0.236816,0.212402,0.229492
2016-10-08T17:40:00Z,19.33594,14.0625,11.95313,13.00781,15.11719,14.0625,18.63281,14.0625,18.28125,15.46875,16.875,16.17188,4.51172,2.8125,3.39844,3.39844,3.45703,3.51563,3.51563,3.45703,3.63281,3.63281,3.75,3.63281,3.75,0.19165,0.201416,0.212402,0.179443,0.202637,0.223389,0.206299,0.20874,0.202637,0.235596,0.24292
2016-10-08T17:50:00Z,7.73438,12.30469,15.11719,15.46875,16.17188,14.0625,18.63281,17.22656,16.17188,17.57813,15.82031,19.33594,4.98047,3.45703,3.10547,3.28125,3.22266,3.33984,3.51563,3.51563,3.51563,3.57422,3.57422,3.63281,3.63281,0.244141,0.22583,0.20874,0.20874,0.213623,0.185547,0.19165,0.161133,0.17334,0.164795,0.148926
2016-10-08T18:00:00Z,16.52344,27.42188,30.9375,30.58594,28.82813,31.64063,32.34375,32.34375,35.15625,34.10156,37.26563,35.15625,4.39453,2.8125,3.39844,3.39844,3.45703,3.57422,3.51563,3.57422,3.45703,3.51563,3.39844,3.39844,3.45703,0.15625,0.140381,0.155029,0.153809,0.153809,0.181885,0.181885,0.206299,0.194092,0.172119,0.161133
2016-10-08T18:10:00Z,19.33594,18.63281,21.09375,19.6875,21.09375,23.55469,20.03906,18.98438,14.76563,15.82031,16.875,15.46875,4.04297,2.69531,2.8125,2.87109,2.87109,2.98828,2.98828,2.98828,3.04688,3.04688,2.92969,2.92969,2.8125,0.202637,0.213623,0.168457,0.177002,0.129395,0.17334,0.162354,0.163574,0.177002,0.15625,0.169678
2016-10-08T18:20:00Z,5.27344,354.375,1.40625,359.29688,3.16406,1.75781,357.53906,4.57031,359.29688,4.92188,3.51563,3.16406,3.16406,1.93359,2.05078,2.16797,2.16797,2.16797,2.34375,2.46094,2.40234,2.46094,2.51953,2.57813,2.51953,0.195313,0.251465,0.251465,0.250244,0.256348,0.206299,0.24292,0.24292,0.247803,0.224609,0.26123
2016-10-08T18:30:00Z,353.32031,351.5625,349.10156,346.99219,350.15625,353.67188,352.61719,354.375,349.80469,351.91406,351.5625,351.5625,3.51563,1.99219,2.28516,2.40234,2.40234,2.46094,2.51953,2.46094,2.57813,2.63672,2.57813,2.63672,2.69531,0.239258,0.251465,0.244141,0.266113,0.22583,0.258789,0.24292,0.272217,0.22583,0.244141,0.22583
2016-10-08T18:40:00Z,338.55469,357.89063,2.46094,359.64844,358.59375,2.8125,0.35156,3.16406,1.75781,4.92188,3.86719,5.97656,3.04688,1.93359,2.57813,2.51953,2.63672,2.75391,2.8125,2.87109,2.75391,2.87109,2.92969,2.92969,2.87109,0.246582,0.263672,0.279541,0.263672,0.239258,0.24292,0.236816,0.202637,0.217285,0.198975,0.233154
2016-10-08T18:50:00Z,354.72656,17.22656,18.63281,20.74219,19.6875,24.25781,25.66406,25.3125,26.01563,29.17969,27.77344,29.53125,4.04297,2.34375,2.22656,2.40234,2.34375,2.51953,2.40234,2.51953,2.51953,2.63672,2.51953,2.46094,2.40234,0.224609,0.256348,0.255127,0.227051,0.233154,0.255127,0.218506,0.239258,0.236816,0.250244,0.258789
2016-10-08T19:00:00Z,25.3125,29.88281,29.53125,29.53125,34.10156,29.53125,31.28906,30.9375,35.15625,34.45313,34.80469,33.39844,3.51563,2.40234,2.63672,2.8125,2.75391,2.8125,2.8125,2.75391,2.98828,2.87109,2.92969,2.92969,2.92969,0.224609,0.20874,0.195313,0.216064,0.223389,0.235596,0.217285,0.195313,0.196533,0.20874,0.211182
2016-10-08T19:10:00Z,42.53906,73.125,69.96094,73.82813,74.17969,71.01563,69.60938,71.36719,70.3125,70.3125,68.90625,66.09375,5.56641,2.46094,4.33594,4.33594,4.39453,4.33594,4.33594,4.33594,4.27734,4.04297,4.10156,3.92578,3.80859,0.283203,0.256348,0.284424,0.241699,0.238037,0.273438,0.258789,0.250244,0.253906,0.267334,0.264893
2016-10-08T19:20:00Z,77.34375,88.24219,86.83594,85.78125,87.1875,86.48438,87.1875,85.42969,85.42969,82.61719,80.15625,77.69531,5.97656,4.6875,4.86328,4.74609,4.74609,4.80469,4.6875,4.62891,4.62891,4.51172,4.45313,4.21875,3.86719,0.114746,0.107422,0.10498,0.126953,0.12085,0.098877,0.115967,0.112305,0.136719,0.083008,0.186768
2016-10-08T19:30:00Z,87.89063,93.16406,91.05469,92.8125,93.51563,93.51563,94.57031,93.86719,91.75781,92.10938,91.75781,93.16406,5.44922,4.21875,4.51172,4.57031,4.39453,4.62891,4.51172,4.51172,4.45313,4.39453,4.33594,4.33594,4.16016,0.158691,0.144043,0.172119,0.155029,0.125732,0.12207,0.124512,0.111084,0.109863,0.119629,0.131836
2016-10-08T19:40:00Z,89.64844,95.625,95.27344,96.32813,95.625,91.40625,94.57031,94.57031,93.51563,93.51563,91.40625,91.75781,5.50781,4.39453,4.10156,3.98438,4.04297,4.10156,4.10156,4.10156,4.04297,4.10156,3.98438,3.92578,3.75,0.153809,0.17334,0.187988,0.159912,0.192871,0.150146,0.181885,0.148926,0.135498,0.137939,0.161133
2016-10-08T19:50:00Z,85.07813,77.69531,76.99219,76.28906,78.75,79.10156,80.85938,80.15625,81.5625,79.45313,80.85938,79.80469,5.21484,3.75,3.80859,3.80859,3.80859,3.86719,3.86719,3.86719,3.92578,3.86719,3.98438,3.86719,3.80859,0.172119,0.189209,0.153809,0.144043,0.136719,0.164795,0.15625,0.155029,0.168457,0.177002,0.15625
2016-10-08T20:00:00Z,72.07031,81.5625,79.45313,76.99219,83.32031,81.21094,85.42969,82.26563,86.13281,85.42969,87.1875,87.89063,5.09766,3.57422,4.16016,4.21875,4.21875,4.27734,3.98438,3.86719,3.92578,4.04297,3.86719,3.86719,3.57422,0.129395,0.144043,0.135498,0.155029,0.178223,0.157471,0.179443,0.140381,0.136719,0.151367,0.169678
2016-10-08T20:10:00Z,79.45313,91.05469,89.64844,87.89063,91.75781,90.35156,91.05469,91.40625,89.29688,90.0,83.67188,82.96875,5.09766,3.86719,3.80859,3.92578,3.86719,3.86719,4.04297,3.98438,4.16016,4.04297,4.04297,3.98438,3.98438,0.194092,0.192871,0.183105,0.179443,0.150146,0.184326,0.181885,0.195313,0.172119,0.153809,0.175781
2016-10-08T20:20:00Z,90.35156,97.03125,96.67969,93.86719,92.46094,92.10938,91.75781,90.35156,95.27344,90.0,94.92188,90.35156,4.80469,3.57422,4.27734,4.21875,4.33594,4.27734,4.33594,4.39453,4.39453,4.39453,4.21875,4.16016,3.92578,0.206299,0.247803,0.224609,0.241699,0.202637,0.206299,0.224609,0.197754,0.224609,0.169678,0.131836
2016-10-08T20:30:00Z,81.21094,86.83594,80.85938,82.26563,83.67188,82.26563,84.375,79.80469,84.72656,82.61719,83.32031,83.67188,6.50391,4.6875,5.03906,4.86328,5.09766,4.98047,4.98047,4.98047,4.98047,4.92188,4.74609,4.45313,4.04297,0.198975,0.234375,0.20874,0.202637,0.192871,0.162354,0.196533,0.157471,0.164795,0.203857,0.26001
2016-10-08T20:40:00Z,73.82813,79.45313,74.17969,75.58594,77.34375,73.82813,80.50781,77.69531,81.5625,79.10156,81.91406,87.53906,6.62109,4.62891,5.27344,4.92188,5.15625,5.33203,5.15625,5.50781,5.27344,5.44922,4.98047,5.03906,4.51172,0.140381,0.184326,0.098877,0.155029,0.142822,0.17334,0.118408,0.195313,0.183105,0.179443,0.222168
2016-10-08T20:50:00Z,77.69531,78.39844,78.75,76.64063,80.85938,79.80469,84.02344,78.04688,80.85938,80.15625,81.5625,81.91406,6.38672,4.74609,5.15625,4.86328,4.80469,5.09766,4.98047,4.80469,4.80469,4.86328,4.98047,4.92188,4.80469,0.118408,0.187988,0.136719,0.146484,0.159912,0.142822,0.164795,0.157471,0.187988,0.19165,0.178223
2016-10-08T21:00:00Z,72.07031,70.66406,76.64063,72.42188,75.9375,79.80469,77.34375,74.88281,72.77344,73.125,67.5,68.90625,6.03516,4.57031,4.51172,4.45313,4.16016,4.39453,4.33594,4.16016,4.21875,4.16016,4.33594,4.10156,4.04297,0.216064,0.201416,0.216064,0.187988,0.19043,0.198975,0.197754,0.205078,0.187988,0.20874,0.183105
2016-10-08T21:10:00Z,68.20313,74.88281,75.23438,71.71875,77.34375,75.23438,73.47656,74.53125,74.17969,69.25781,59.41406,50.27344,6.15234,3.45703,3.57422,3.33984,3.28125,3.39844,3.33984,3.51563,3.51563,3.45703,3.33984,3.33984,3.63281,0.236816,0.262451,0.240479,0.249023,0.20874,0.216064,0.244141,0.196533,0.17334,0.17334,0.166016
2016-10-08T21:20:00Z,71.36719,75.58594,75.58594,78.39844,75.9375,79.80469,75.9375,79.10156,75.58594,78.39844,65.74219,57.65625,3.98438,2.63672,3.39844,3.39844,3.33984,3.51563,3.57422,3.39844,3.51563,3.39844,3.45703,3.28125,3.28125,0.238037,0.184326,0.20752,0.174561,0.196533,0.200195,0.227051,0.219727,0.184326,0.163574,0.181885
2016-10-08T21:30:00Z,71.01563,80.50781,78.75,78.04688,76.64063,77.69531,78.39844,80.50781,75.9375,67.14844,62.57813,66.79688,5.56641,3.57422,4.51172,4.6875,4.57031,4.51172,4.57031,4.33594,4.27734,3.92578,3.75,3.33984,3.22266,0.150146,0.163574,0.201416,0.185547,0.168457,0.135498,0.151367,0.167236,0.184326,0.305176,0.233154
2016-10-08T21:40:00Z,75.9375,84.02344,83.32031,82.26563,82.96875,80.50781,82.96875,83.67188,79.80469,71.36719,67.85156,65.39063,6.15234,4.45313,5.27344,5.09766,5.03906,5.03906,5.03906,5.09766,4.86328,4.51172,4.16016,3.86719,3.57422,0.17334,0.155029,0.167236,0.152588,0.180664,0.203857,0.198975,0.228271,0.20752,0.266113,0.258789
2016-10-08T21:50:00Z,84.375,94.92188,91.75781,92.46094,91.40625,87.53906,94.57031,92.10938,92.10938,89.29688,86.13281,79.10156,7.03125,5.33203,5.33203,5.27344,5.50781,5.56641,5.85938,5.85938,5.625,5.44922,5.56641,5.44922,5.33203,0.201416,0.192871,0.202637,0.196533,0.15625,0.169678,0.155029,0.140381,0.166016,0.162354,0.19165
2016-10-08T22:00:00Z,91.75781,94.57031,100.19531,98.78906,99.49219,100.54688,96.67969,98.4375,94.92188,94.92188,93.86719,91.05469,6.97266,4.6875,4.74609,5.03906,4.80469,4.92188,4.92188,4.6875,4.92188,4.62891,4.80469,4.51172,4.45313,0.194092,0.214844,0.187988,0.166016,0.135498,0.211182,0.170898,0.155029,0.231934,0.158691,0.197754
2016-10-08T22:10:00Z,98.4375,97.03125,99.84375,94.57031,99.49219,96.32813,95.27344,94.57031,94.57031,94.92188,92.8125,92.10938,6.32813,4.39453,4.98047,4.98047,4.98047,4.92188,4.92188,4.98047,5.03906,5.21484,4.74609,4.98047,4.98047,0.194092,0.19043,0.170898,0.19043,0.161133,0.186768,0.19043,0.178223,0.205078,0.185547,0.197754
2016-10-08T22:20:00Z,87.1875,99.14063,97.38281,99.14063,98.4375,102.30469,100.19531,99.84375,97.03125,101.60156,95.97656,97.03125,5.91797,4.33594,4.45313,4.45313,4.33594,4.62891,4.6875,4.45313,4.45313,4.51172,4.27734,4.51172,4.39453,0.175781,0.163574,0.169678,0.155029,0.177002,0.155029,0.187988,0.162354,0.189209,0.162354,0.172119
2016-10-08T22:30:00Z,100.19531,103.00781,102.65625,103.71094,100.54688,102.30469,99.14063,99.49219,97.03125,97.73438,94.21875,93.16406,5.625,4.10156,4.86328,4.92188,4.74609,4.86328,4.57031,4.92188,4.92188,4.92188,4.86328,4.80469,4.51172,0.169678,0.169678,0.135498,0.163574,0.19043,0.136719,0.178223,0.181885,0.17334,0.164795,0.170898
2016-10-08T22:40:00Z,98.4375,102.30469,100.19531,100.89844,97.38281,93.51563,97.03125,96.32813,93.86719,91.05469,92.46094,92.10938,5.85938,4.57031,4.62891,4.98047,4.86328,4.86328,4.92188,5.09766,5.03906,5.21484,4.86328,4.92188,4.62891,0.19043,0.202637,0.197754,0.214844,0.183105,0.166016,0.197754,0.174561,0.241699,0.229492,0.192871
2016-10-08T22:50:00Z,81.91406,84.02344,87.1875,84.72656,89.64844,81.21094,84.375,80.85938,79.80469,79.10156,80.50781,75.23438,5.97656,4.33594,5.03906,5.03906,5.03906,4.80469,5.15625,5.09766,5.15625,5.09766,4.86328,4.74609,4.74609,0.159912,0.167236,0.202637,0.198975,0.195313,0.189209,0.163574,0.212402,0.217285,0.224609,0.231934
2016-10-08T23:00:00Z,89.64844,90.35156,97.73438,95.625,96.67969,94.21875,94.92188,92.8125,92.46094,87.89063,91.40625,86.48438,6.26953,4.27734,4.6875,4.74609,4.86328,4.74609,4.86328,5.09766,4.92188,4.74609,4.74609,5.09766,4.92188,0.222168,0.179443,0.153809,0.187988,0.161133,0.198975,0.195313,0.201416,0.194092,0.236816,0.147705
2016-10-08T23:10:00Z,82.96875,85.42969,84.02344,90.35156,85.07813,85.78125,90.0,93.51563,85.07813,84.02344,89.29688,85.78125,5.91797,4.04297,4.10156,4.62891,4.33594,4.62891,4.80469,4.62891,4.80469,4.80469,4.86328,4.80469,4.74609,0.245361,0.234375,0.250244,0.192871,0.235596,0.185547,0.19043,0.209961,0.247803,0.211182,0.219727
2016-10-08T23:20:00Z,85.42969,90.0,88.94531,90.0,85.78125,87.89063,85.07813,91.75781,88.24219,94.92188,90.70313,88.94531,5.39063,3.86719,3.75,4.21875,4.04297,4.04297,4.10156,4.16016,4.39453,4.27734,4.39453,4.33594,4.45313,0.200195,0.235596,0.217285,0.162354,0.290527,0.217285,0.209961,0.235596,0.267334,0.168457,0.203857
2016-10-08T23:30:00Z,82.61719,93.51563,95.27344,95.27344,91.75781,95.27344,91.75781,95.625,91.05469,91.75781,91.75781,92.8125,5.68359,3.86719,4.80469,4.74609,4.80469,5.03906,4.92188,4.86328,4.62891,4.98047,4.6875,4.86328,4.27734,0.216064,0.213623,0.196533,0.194092,0.209961,0.218506,0.205078,0.245361,0.19043,0.22583,0.17334
2016-10-08T23:40:00Z,92.8125,100.19531,99.84375,102.30469,97.03125,89.29688,94.21875,97.73438,102.30469,94.21875,89.64844,89.64844,6.50391,4.57031,4.86328,4.92188,4.92188,4.98047,5.21484,5.09766,5.09766,4.80469,4.86328,4.80469,4.92188,0.184326,0.153809,0.178223,0.159912,0.241699,0.214844,0.169678,0.200195,0.240479,0.244141,0.234375
2016-10-08T23:50:00Z,90.70313,97.38281,93.16406,97.03125,92.10938,91.05469,94.92188,88.24219,95.27344,86.83594,90.70313,82.26563,6.15234,4.21875,3.80859,3.80859,3.92578,4.39453,4.16016,4.33594,4.16016,4.62891,4.21875,4.62891,4.62891,0.26001,0.229492,0.253906,0.247803,0.253906,0.230713,0.238037,0.238037,0.206299,0.229492,0.219727
