LOCATION: 
SYSTEM SERIAL: HKZB
TIMESTAMP (ISO-8601) UTC,WindDir004m deg,WindDir030m deg,WindDir040m deg,WindDir040m_ref deg,WindDir060m deg,WindDir080m deg,WindDir100m deg,WindDir120m deg,WindDir140m deg,WindDir160m deg,WindDir180m deg,WindDir200m deg,WindGust004m m/s,WindSpeed004m m/s,WindSpeed030mh m/s,WindSpeed040mh m/s,WindSpeed040m_refh m/s,WindSpeed060mh m/s,WindSpeed080mh m/s,WindSpeed100mh m/s,WindSpeed120mh m/s,WindSpeed140mh m/s,WindSpeed160mh m/s,WindSpeed180mh m/s,WindSpeed200mh m/s,TI 030m,TI 040m,TI 040m ref,TI 060m,TI 080m,TI 100m,TI 120m,TI 140m,TI 160m,TI 180m,TI 200m
2016-12-14T00:00:00Z,206.01563,213.75,214.80469,213.39844,213.04688,215.15625,214.45313,216.5625,215.85938,213.39844,211.28906,215.50781,8.49609,6.62109,8.67188,8.55469,8.67188,9.31641,9.25781,9.66797,8.96484,9.08203,8.67188,9.49219,9.25781,0.137939,0.159912,0.164795,0.124512,0.140381,0.141602,0.179443,0.152588,0.142822,0.136719,0.117188
2016-12-14T00:10:00Z,210.58594,216.91406,216.91406,219.72656,215.85938,216.21094,217.96875,218.32031,218.67188,220.78125,213.39844,217.26563,8.49609,7.03125,8.4375,8.55469,8.78906,8.90625,9.14063,9.25781,9.60938,9.14063,8.84766,8.84766,9.19922,0.12207,0.141602,0.148926,0.157471,0.159912,0.145264,0.141602,0.189209,0.172119,0.142822,0.147705
2016-12-14T00:20:00Z,213.39844,212.34375,215.85938,214.45313,216.91406,219.02344,217.26563,219.02344,214.45313,217.61719,215.15625,214.80469,9.02344,7.32422,9.19922,9.375,9.375,9.49219,9.31641,9.49219,9.31641,9.19922,8.96484,9.14063,8.90625,0.136719,0.115967,0.112305,0.162354,0.131836,0.141602,0.153809,0.183105,0.144043,0.126953,0.169678
2016-12-14T00:30:00Z,211.64063,214.10156,216.21094,215.85938,217.96875,215.50781,214.80469,215.85938,218.32031,215.15625,213.04688,217.26563,9.08203,7.61719,7.96875,8.32031,8.49609,8.32031,8.26172,8.4375,8.02734,8.32031,7.85156,7.96875,8.14453,0.164795,0.137939,0.145264,0.164795,0.146484,0.164795,0.170898,0.17334,0.159912,0.209961,0.164795
2016-12-14T00:40:00Z,212.34375,215.15625,216.5625,214.10156,219.72656,213.75,213.75,216.21094,212.69531,214.80469,214.10156,219.02344,8.26172,6.79688,7.85156,8.37891,7.73438,8.02734,8.08594,8.02734,7.85156,7.67578,7.85156,8.14453,7.79297,0.179443,0.150146,0.168457,0.129395,0.140381,0.144043,0.142822,0.137939,0.157471,0.178223,0.141602
2016-12-14T00:50:00Z,210.23438,209.53125,212.69531,212.34375,217.26563,213.04688,215.85938,209.88281,210.9375,211.64063,214.10156,211.64063,8.55469,6.79688,8.32031,8.73047,8.20313,8.55469,8.32031,8.32031,8.14453,8.49609,8.49609,8.26172,8.08594,0.100098,0.117188,0.12085,0.112305,0.129395,0.170898,0.144043,0.119629,0.159912,0.146484,0.144043
2016-12-14T01:00:00Z,208.125,213.39844,212.69531,211.99219,214.80469,215.15625,214.10156,213.39844,216.91406,216.91406,208.82813,213.04688,8.55469,6.97266,7.5,7.85156,8.49609,8.08594,8.26172,8.14453,8.4375,8.49609,7.79297,7.79297,8.14453,0.167236,0.130615,0.15625,0.107422,0.106201,0.148926,0.150146,0.109863,0.109863,0.158691,0.125732
2016-12-14T01:10:00Z,209.17969,212.34375,215.15625,212.69531,214.10156,215.50781,217.26563,220.07813,214.80469,214.80469,217.26563,215.15625,7.79297,6.50391,7.55859,7.61719,7.73438,7.79297,8.32031,8.4375,8.02734,8.08594,7.85156,8.02734,8.02734,0.166016,0.161133,0.123291,0.126953,0.100098,0.135498,0.107422,0.137939,0.12085,0.142822,0.123291
2016-12-14T01:20:00Z,210.9375,211.64063,212.34375,214.80469,217.61719,218.67188,220.78125,219.375,221.13281,218.32031,219.375,219.375,8.14453,6.62109,7.85156,8.4375,8.20313,8.73047,8.90625,9.14063,8.90625,9.08203,8.61328,8.96484,8.78906,0.130615,0.119629,0.125732,0.093994,0.112305,0.101318,0.118408,0.134277,0.123291,0.126953,0.102539
2016-12-14T01:30:00Z,211.99219,213.75,217.61719,215.15625,214.80469,214.80469,214.80469,219.72656,216.5625,220.42969,220.42969,218.67188,8.20313,6.67969,7.96875,8.08594,8.20313,8.4375,8.61328,8.78906,8.84766,8.84766,8.78906,8.61328,8.67188,0.12085,0.119629,0.08667,0.131836,0.115967,0.093994,0.085449,0.106201,0.102539,0.133057,0.095215
2016-12-14T01:40:00Z,211.99219,220.78125,217.96875,217.96875,218.67188,220.78125,218.67188,223.59375,225.35156,224.29688,222.89063,222.53906,8.26172,6.85547,7.79297,8.37891,8.32031,8.20313,8.4375,8.90625,8.96484,9.08203,8.73047,8.67188,8.67188,0.135498,0.133057,0.114746,0.124512,0.095215,0.08667,0.096436,0.102539,0.081787,0.123291,0.10376
2016-12-14T01:50:00Z,213.75,215.50781,213.75,215.15625,214.80469,214.10156,218.67188,215.85938,219.375,217.61719,217.26563,215.50781,8.20313,6.79688,7.26563,7.55859,7.5,7.91016,7.85156,8.08594,8.32031,8.08594,8.14453,8.02734,7.96875,0.10498,0.112305,0.107422,0.113525,0.115967,0.097656,0.106201,0.107422,0.126953,0.100098,0.093994
2016-12-14T02:00:00Z,209.53125,213.04688,213.04688,212.69531,215.85938,215.15625,219.02344,216.91406,217.26563,217.96875,222.1875,217.96875,7.61719,6.38672,7.55859,7.91016,7.73438,7.96875,8.32031,8.4375,8.26172,8.4375,8.4375,8.32031,8.08594,0.112305,0.119629,0.129395,0.096436,0.107422,0.128174,0.108643,0.112305,0.106201,0.119629,0.12085
2016-12-14T02:10:00Z,209.53125,213.04688,213.75,212.34375,213.39844,213.39844,214.80469,215.15625,215.85938,214.10156,216.91406,215.15625,7.79297,6.62109,7.73438,8.02734,8.08594,8.32031,8.61328,8.37891,8.55469,8.67188,8.61328,8.73047,8.67188,0.117188,0.095215,0.115967,0.079346,0.084229,0.109863,0.090332,0.080566,0.106201,0.107422,0.145264
2016-12-14T02:20:00Z,208.47656,208.125,210.23438,212.69531,213.39844,208.82813,211.99219,209.88281,218.32031,214.45313,214.10156,215.15625,8.4375,7.08984,8.20313,8.55469,8.55469,8.61328,8.73047,8.84766,8.90625,8.67188,9.02344,8.90625,8.78906,0.109863,0.117188,0.102539,0.098877,0.089111,0.080566,0.090332,0.08667,0.081787,0.085449,0.100098
2016-12-14T02:30:00Z,205.66406,210.9375,207.77344,209.88281,213.39844,211.99219,207.77344,211.28906,213.75,214.80469,209.88281,211.28906,8.78906,7.38281,8.55469,8.78906,8.78906,9.08203,8.84766,8.96484,9.43359,9.14063,9.02344,9.19922,9.14063,0.098877,0.101318,0.10376,0.084229,0.102539,0.098877,0.097656,0.075684,0.096436,0.112305,0.078125
2016-12-14T02:40:00Z,208.47656,211.64063,211.64063,212.69531,211.99219,209.53125,212.69531,214.10156,210.23438,214.45313,213.39844,216.91406,9.08203,7.79297,9.08203,9.25781,9.31641,9.43359,9.31641,9.78516,9.84375,9.78516,9.66797,9.66797,9.72656,0.096436,0.08667,0.08667,0.093994,0.100098,0.089111,0.081787,0.08667,0.064697,0.085449,0.078125
2016-12-14T02:50:00Z,205.66406,204.25781,207.77344,209.17969,208.47656,211.64063,209.88281,209.88281,212.34375,210.58594,211.64063,209.88281,9.375,7.79297,8.96484,9.19922,8.90625,9.43359,9.55078,9.72656,9.66797,9.60938,9.60938,9.49219,9.72656,0.106201,0.100098,0.089111,0.087891,0.093994,0.081787,0.10498,0.097656,0.125732,0.108643,0.093994
2016-12-14T03:00:00Z,205.3125,207.77344,211.99219,209.88281,213.39844,207.77344,214.45313,211.64063,211.99219,210.23438,212.34375,215.85938,9.02344,7.67578,9.14063,9.25781,9.25781,9.25781,9.55078,9.72656,9.55078,9.43359,9.84375,9.66797,9.60938,0.119629,0.113525,0.108643,0.133057,0.131836,0.093994,0.108643,0.111084,0.090332,0.114746,0.080566
2016-12-14T03:10:00Z,207.42188,208.47656,210.23438,207.77344,211.64063,210.58594,210.23438,213.39844,213.75,211.28906,213.75,209.53125,9.66797,7.91016,8.84766,9.02344,9.14063,9.375,9.375,9.55078,9.31641,9.66797,9.72656,9.49219,9.25781,0.118408,0.145264,0.109863,0.100098,0.093994,0.135498,0.08667,0.089111,0.102539,0.12085,0.12085
2016-12-14T03:20:00Z,206.71875,214.10156,210.9375,209.53125,209.17969,210.9375,211.64063,208.47656,210.58594,211.64063,213.04688,211.28906,9.60938,7.79297,9.72656,9.60938,9.84375,10.07813,10.07813,9.78516,9.96094,10.13672,10.19531,10.25391,10.01953,0.124512,0.093994,0.137939,0.10376,0.093994,0.131836,0.12207,0.107422,0.113525,0.102539,0.080566
2016-12-14T03:30:00Z,206.36719,209.53125,210.23438,208.82813,208.47656,207.77344,212.34375,211.64063,209.17969,210.9375,207.77344,209.88281,9.96094,8.14453,9.31641,9.375,9.55078,9.375,9.84375,10.25391,9.55078,9.78516,9.84375,9.78516,9.84375,0.108643,0.101318,0.096436,0.13916,0.10498,0.10376,0.123291,0.124512,0.10376,0.15625,0.093994
2016-12-14T03:40:00Z,204.60938,204.60938,207.42188,206.01563,206.36719,204.25781,210.58594,210.23438,207.42188,208.47656,206.71875,206.01563,9.55078,8.08594,9.14063,9.43359,9.43359,9.66797,9.78516,9.66797,9.60938,9.31641,9.55078,9.43359,9.60938,0.12207,0.111084,0.126953,0.119629,0.113525,0.078125,0.12085,0.134277,0.10376,0.140381,0.111084
2016-12-14T03:50:00Z,202.85156,202.85156,203.90625,205.3125,208.47656,204.60938,206.71875,202.14844,204.96094,201.79688,204.96094,206.01563,9.78516,7.79297,8.84766,9.25781,8.73047,9.66797,9.08203,9.25781,9.08203,9.08203,9.19922,9.55078,9.08203,0.153809,0.093994,0.142822,0.109863,0.113525,0.101318,0.146484,0.137939,0.106201,0.102539,0.112305
2016-12-14T04:00:00Z,200.39063,204.60938,206.71875,202.14844,202.85156,202.14844,204.96094,207.07031,203.55469,206.71875,208.125,203.20313,9.14063,7.85156,8.96484,9.25781,9.14063,9.14063,9.375,9.49219,9.31641,9.25781,9.49219,9.25781,9.19922,0.145264,0.151367,0.10498,0.13916,0.12207,0.130615,0.141602,0.12207,0.135498,0.119629,0.140381
2016-12-14T04:10:00Z,200.03906,202.5,204.96094,206.36719,203.55469,204.25781,204.25781,202.85156,203.20313,201.44531,207.07031,204.60938,10.07813,7.91016,8.84766,8.90625,8.84766,9.14063,8.67188,9.08203,9.19922,9.19922,9.08203,9.14063,8.78906,0.108643,0.10376,0.118408,0.084229,0.13916,0.107422,0.128174,0.144043,0.126953,0.101318,0.112305
2016-12-14T04:20:00Z,200.74219,203.90625,201.79688,202.14844,203.90625,202.14844,201.09375,201.44531,202.85156,206.01563,203.55469,207.42188,9.49219,7.73438,9.19922,9.375,9.25781,9.375,9.25781,9.25781,9.375,9.55078,9.375,9.31641,9.31641,0.12085,0.107422,0.141602,0.126953,0.130615,0.150146,0.136719,0.125732,0.115967,0.17334,0.118408
2016-12-14T04:30:00Z,200.39063,201.09375,202.5,200.74219,200.39063,199.33594,200.74219,202.14844,202.85156,202.14844,203.55469,201.79688,9.375,7.91016,9.19922,9.19922,9.08203,9.19922,9.31641,9.43359,9.72656,9.43359,9.49219,9.31641,9.25781,0.12085,0.142822,0.12085,0.147705,0.125732,0.147705,0.135498,0.130615,0.124512,0.128174,0.10498
2016-12-14T04:40:00Z,197.92969,205.66406,202.14844,203.20313,199.6875,202.85156,203.90625,201.09375,201.09375,203.90625,203.55469,202.14844,9.49219,7.79297,8.78906,9.25781,9.31641,9.66797,9.60938,9.66797,9.25781,9.31641,9.25781,9.60938,9.43359,0.151367,0.135498,0.147705,0.126953,0.12207,0.142822,0.142822,0.15625,0.146484,0.119629,0.130615
2016-12-14T04:50:00Z,199.33594,202.14844,202.14844,202.85156,204.25781,199.6875,200.03906,201.79688,202.5,201.79688,200.03906,200.39063,9.31641,7.73438,8.61328,8.32031,8.67188,8.78906,8.55469,9.02344,8.78906,8.61328,8.37891,8.55469,9.02344,0.15625,0.151367,0.115967,0.155029,0.157471,0.128174,0.155029,0.153809,0.148926,0.133057,0.102539
2016-12-14T05:00:00Z,198.28125,199.33594,200.03906,202.85156,203.90625,201.79688,202.5,200.39063,199.6875,201.09375,200.03906,201.79688,8.55469,7.14844,8.26172,8.32031,8.14453,8.78906,8.37891,8.49609,8.08594,8.49609,8.14453,8.20313,8.32031,0.124512,0.126953,0.146484,0.145264,0.118408,0.117188,0.142822,0.146484,0.129395,0.159912,0.134277
2016-12-14T05:10:00Z,197.92969,201.09375,200.74219,201.79688,201.79688,199.6875,201.44531,200.39063,199.33594,199.6875,198.98438,202.5,8.67188,7.32422,8.20313,8.26172,8.61328,8.32031,8.84766,8.4375,8.26172,8.49609,8.4375,8.49609,8.4375,0.169678,0.147705,0.118408,0.12085,0.13916,0.151367,0.093994,0.140381,0.129395,0.158691,0.134277
2016-12-14T05:20:00Z,197.92969,200.74219,201.44531,204.25781,198.63281,200.03906,202.14844,202.85156,199.6875,201.44531,202.14844,203.90625,9.08203,7.5,8.61328,8.90625,8.78906,9.19922,9.08203,9.31641,8.78906,8.78906,8.78906,8.78906,8.78906,0.184326,0.126953,0.136719,0.151367,0.109863,0.111084,0.161133,0.167236,0.147705,0.195313,0.125732
2016-12-14T05:30:00Z,198.28125,198.63281,199.6875,202.14844,197.57813,203.20313,197.92969,200.39063,202.14844,197.92969,196.52344,199.33594,9.66797,7.79297,8.78906,9.02344,8.78906,9.31641,9.02344,9.375,8.90625,8.73047,8.67188,9.43359,9.375,0.133057,0.128174,0.128174,0.112305,0.115967,0.125732,0.153809,0.166016,0.157471,0.145264,0.128174
2016-12-14T05:40:00Z,198.28125,202.14844,202.5,202.85156,204.25781,202.14844,202.5,198.98438,201.09375,202.14844,202.14844,200.74219,9.19922,7.73438,8.90625,8.78906,9.02344,8.73047,8.96484,8.90625,8.90625,9.02344,8.90625,9.02344,8.84766,0.134277,0.152588,0.155029,0.179443,0.150146,0.151367,0.177002,0.13916,0.136719,0.180664,0.114746
2016-12-14T05:50:00Z,197.22656,196.875,200.39063,200.74219,198.63281,193.71094,201.09375,200.39063,200.39063,196.17188,195.46875,195.46875,9.14063,7.61719,8.73047,8.49609,9.31641,8.49609,9.02344,9.25781,9.19922,8.61328,8.49609,8.55469,8.84766,0.140381,0.130615,0.158691,0.133057,0.162354,0.164795,0.12207,0.157471,0.150146,0.185547,0.152588
2016-12-14T06:00:00Z,195.11719,196.17188,197.92969,199.33594,198.28125,197.22656,200.03906,198.63281,198.98438,195.46875,197.92969,199.33594,9.19922,7.61719,8.61328,8.78906,8.84766,8.67188,8.90625,8.84766,8.55469,8.32031,8.67188,8.90625,8.67188,0.155029,0.141602,0.131836,0.128174,0.134277,0.150146,0.128174,0.144043,0.136719,0.13916,0.169678
2016-12-14T06:10:00Z,194.41406,193.35938,196.875,193.35938,195.82031,195.82031,194.0625,195.46875,193.71094,195.11719,195.46875,191.25,9.375,7.67578,8.73047,8.84766,8.78906,8.84766,8.78906,8.84766,8.49609,8.61328,8.4375,8.90625,8.61328,0.133057,0.123291,0.125732,0.140381,0.162354,0.162354,0.175781,0.167236,0.129395,0.151367,0.137939
2016-12-14T06:20:00Z,189.84375,195.11719,197.22656,195.46875,198.63281,193.71094,194.41406,193.00781,197.92969,195.11719,194.41406,196.875,10.13672,7.67578,8.84766,9.02344,9.02344,8.37891,8.49609,8.61328,9.14063,8.61328,8.49609,8.37891,8.49609,0.140381,0.130615,0.118408,0.134277,0.161133,0.198975,0.118408,0.118408,0.130615,0.177002,0.123291
2016-12-14T06:30:00Z,194.41406,201.09375,201.79688,199.33594,198.63281,201.09375,201.09375,196.52344,202.14844,200.39063,200.39063,198.98438,9.375,7.20703,8.61328,8.67188,8.90625,8.61328,8.55469,8.32031,8.67188,8.78906,8.73047,8.49609,8.4375,0.124512,0.177002,0.12207,0.111084,0.152588,0.184326,0.118408,0.135498,0.097656,0.145264,0.140381
2016-12-14T06:40:00Z,196.52344,200.39063,201.09375,200.03906,202.85156,202.85156,204.25781,202.5,201.44531,201.09375,203.90625,201.79688,9.14063,7.26563,7.85156,8.02734,7.96875,8.14453,8.14453,7.73438,7.91016,7.5,7.96875,7.85156,7.79297,0.144043,0.119629,0.151367,0.117188,0.126953,0.186768,0.124512,0.19043,0.140381,0.13916,0.10376
2016-12-14T06:50:00Z,197.92969,201.79688,201.79688,203.20313,202.85156,203.55469,202.14844,202.14844,199.6875,201.44531,201.44531,203.20313,8.55469,6.97266,7.44141,7.38281,7.5,7.61719,7.73438,7.61719,7.5,7.67578,7.38281,7.55859,7.44141,0.131836,0.146484,0.098877,0.131836,0.114746,0.145264,0.130615,0.12207,0.098877,0.134277,0.135498
2016-12-14T07:00:00Z,200.03906,206.01563,204.60938,207.42188,203.90625,201.09375,203.55469,204.96094,203.55469,201.09375,204.25781,201.79688,8.08594,6.67969,7.14844,7.03125,7.14844,7.14844,7.20703,7.55859,7.03125,7.08984,6.85547,7.32422,7.32422,0.148926,0.126953,0.148926,0.134277,0.174561,0.12207,0.15625,0.155029,0.161133,0.172119,0.152588
2016-12-14T07:10:00Z,200.39063,203.20313,204.96094,203.90625,203.20313,204.25781,201.09375,200.39063,201.09375,201.79688,200.74219,201.79688,8.26172,6.62109,8.26172,8.26172,8.26172,8.26172,7.96875,8.02734,8.14453,8.02734,7.91016,7.91016,8.26172,0.13916,0.109863,0.109863,0.112305,0.112305,0.090332,0.129395,0.141602,0.129395,0.142822,0.114746
2016-12-14T07:20:00Z,197.92969,204.25781,205.66406,203.90625,206.36719,208.125,207.42188,204.60938,203.90625,203.90625,204.96094,208.125,8.61328,7.08984,8.14453,8.08594,8.08594,8.4375,8.02734,8.02734,7.85156,7.91016,8.26172,8.32031,7.91016,0.125732,0.118408,0.108643,0.092773,0.10498,0.08667,0.119629,0.125732,0.12207,0.114746,0.17334
2016-12-14T07:30:00Z,198.98438,204.60938,203.55469,204.96094,204.96094,203.20313,205.66406,204.96094,203.55469,200.74219,204.96094,205.3125,8.61328,7.14844,7.96875,8.02734,8.02734,7.96875,8.02734,8.02734,7.91016,7.73438,8.14453,8.32031,8.02734,0.119629,0.130615,0.129395,0.135498,0.101318,0.112305,0.164795,0.119629,0.126953,0.163574,0.129395
2016-12-14T07:40:00Z,199.6875,199.6875,200.74219,200.03906,202.14844,202.14844,203.90625,202.85156,200.39063,202.14844,202.14844,203.90625,8.73047,6.97266,7.32422,7.55859,7.55859,7.5,7.67578,7.38281,7.20703,7.38281,7.73438,7.44141,7.55859,0.114746,0.135498,0.123291,0.111084,0.123291,0.128174,0.130615,0.126953,0.130615,0.126953,0.093994
2016-12-14T07:50:00Z,196.17188,196.17188,196.875,195.82031,195.82031,199.33594,201.09375,201.79688,198.98438,202.5,201.44531,201.44531,8.26172,6.67969,7.26563,7.20703,7.26563,7.08984,7.20703,6.97266,7.14844,7.08984,7.26563,7.20703,7.03125,0.095215,0.131836,0.152588,0.162354,0.106201,0.133057,0.135498,0.123291,0.130615,0.157471,0.113525
2016-12-14T08:00:00Z,193.71094,195.82031,196.875,196.875,197.22656,199.33594,193.71094,197.57813,196.17188,198.63281,195.46875,198.63281,7.79297,6.15234,6.32813,6.44531,6.44531,6.62109,6.50391,6.50391,6.5625,6.38672,6.44531,6.5625,6.38672,0.166016,0.133057,0.128174,0.113525,0.144043,0.107422,0.124512,0.161133,0.142822,0.12207,0.150146
2016-12-14T08:10:00Z,189.49219,189.49219,189.49219,190.54688,193.00781,194.0625,194.0625,194.0625,191.95313,191.60156,193.00781,193.35938,7.32422,5.625,6.50391,6.67969,6.5625,6.62109,6.79688,6.44531,6.62109,6.50391,7.14844,7.08984,6.73828,0.164795,0.142822,0.119629,0.134277,0.125732,0.129395,0.113525,0.159912,0.119629,0.111084,0.13916
2016-12-14T08:20:00Z,184.57031,180.70313,184.21875,181.75781,180.35156,182.46094,182.46094,184.92188,183.86719,183.51563,181.05469,184.21875,8.20313,5.85938,6.26953,6.50391,6.26953,6.50391,6.44531,6.38672,6.50391,6.38672,6.26953,6.21094,6.26953,0.107422,0.112305,0.151367,0.125732,0.15625,0.098877,0.130615,0.133057,0.17334,0.203857,0.168457
2016-12-14T08:30:00Z,174.72656,176.13281,177.53906,179.64844,180.0,180.0,180.0,178.59375,179.64844,179.29688,174.72656,179.29688,6.97266,5.625,6.09375,6.38672,6.15234,6.26953,6.44531,6.21094,6.26953,6.26953,6.15234,6.21094,6.21094,0.153809,0.128174,0.12085,0.12085,0.131836,0.161133,0.124512,0.130615,0.147705,0.144043,0.10498
2016-12-14T08:40:00Z,172.96875,181.75781,182.10938,180.35156,180.0,184.57031,183.51563,183.16406,185.27344,182.46094,184.92188,182.8125,6.79688,5.68359,6.38672,6.26953,6.44531,6.26953,6.38672,6.44531,6.38672,6.32813,6.44531,6.26953,6.26953,0.124512,0.109863,0.118408,0.111084,0.152588,0.163574,0.113525,0.136719,0.118408,0.175781,0.087891
2016-12-14T08:50:00Z,175.07813,180.70313,178.59375,179.64844,177.89063,182.10938,183.86719,181.40625,183.86719,183.16406,181.75781,184.92188,6.79688,5.80078,6.21094,5.91797,6.15234,6.09375,6.32813,6.38672,6.21094,6.21094,6.26953,6.32813,6.50391,0.177002,0.174561,0.136719,0.137939,0.13916,0.131836,0.133057,0.129395,0.113525,0.140381,0.131836
2016-12-14T09:00:00Z,170.50781,177.1875,176.83594,174.02344,178.59375,179.64844,181.40625,183.16406,182.46094,180.0,178.94531,178.59375,7.44141,5.44922,5.74219,5.625,5.97656,5.85938,5.97656,6.03516,6.03516,5.80078,5.50781,5.97656,6.03516,0.150146,0.174561,0.109863,0.12207,0.106201,0.158691,0.137939,0.112305,0.13916,0.135498,0.109863
2016-12-14T09:10:00Z,169.10156,175.07813,177.89063,178.59375,176.83594,177.1875,176.13281,177.1875,177.53906,178.24219,176.48438,180.70313,6.44531,5.15625,5.39063,5.74219,5.68359,5.50781,5.85938,5.80078,5.97656,5.74219,5.85938,5.80078,5.91797,0.159912,0.133057,0.128174,0.115967,0.111084,0.125732,0.085449,0.151367,0.136719,0.118408,0.118408
2016-12-14T09:20:00Z,172.96875,176.48438,179.64844,178.59375,182.10938,181.05469,181.05469,178.59375,181.75781,180.70313,179.29688,181.75781,6.38672,5.03906,5.74219,5.85938,5.625,5.91797,5.74219,5.625,5.625,5.80078,5.50781,5.85938,5.74219,0.148926,0.15625,0.135498,0.125732,0.125732,0.117188,0.134277,0.151367,0.185547,0.10376,0.13916
2016-12-14T09:30:00Z,173.32031,179.29688,177.53906,180.70313,179.64844,179.64844,181.40625,181.75781,184.21875,180.0,178.59375,183.51563,6.21094,5.27344,5.80078,5.74219,5.80078,5.85938,6.15234,6.21094,5.97656,5.91797,5.50781,5.50781,6.09375,0.216064,0.128174,0.092773,0.133057,0.118408,0.114746,0.125732,0.162354,0.123291,0.179443,0.152588
2016-12-14T09:40:00Z,173.67188,182.10938,181.75781,181.75781,182.8125,182.46094,181.05469,180.70313,183.86719,183.16406,182.46094,185.27344,6.44531,5.33203,5.68359,5.68359,5.85938,5.68359,5.68359,5.80078,5.625,5.74219,5.85938,5.74219,5.625,0.093994,0.126953,0.17334,0.142822,0.107422,0.093994,0.140381,0.129395,0.126953,0.147705,0.216064
2016-12-14T09:50:00Z,176.13281,175.42969,174.375,176.13281,176.48438,175.42969,177.1875,177.1875,178.94531,183.86719,183.86719,185.27344,6.32813,5.15625,5.625,5.85938,5.85938,5.80078,5.97656,5.625,5.68359,5.50781,5.50781,5.85938,5.68359,0.13916,0.123291,0.119629,0.095215,0.162354,0.109863,0.10498,0.157471,0.168457,0.180664,0.185547
2016-12-14T10:00:00Z,165.58594,172.61719,172.96875,174.72656,175.07813,176.83594,178.24219,182.46094,181.05469,188.4375,188.4375,195.46875,6.5625,5.50781,5.91797,5.80078,5.74219,5.85938,5.85938,5.74219,5.80078,5.74219,5.39063,5.39063,5.27344,0.128174,0.109863,0.118408,0.152588,0.117188,0.128174,0.135498,0.134277,0.161133,0.133057,0.167236
2016-12-14T10:10:00Z,169.45313,174.02344,172.26563,173.67188,177.53906,175.07813,178.59375,178.59375,181.40625,187.03125,196.52344,195.82031,6.50391,5.33203,5.39063,5.56641,5.56641,5.625,5.44922,5.50781,5.56641,5.74219,5.33203,5.15625,4.92188,0.148926,0.130615,0.164795,0.145264,0.119629,0.142822,0.140381,0.131836,0.129395,0.164795,0.131836
2016-12-14T10:20:00Z,166.64063,176.13281,180.0,178.94531,179.64844,180.70313,182.10938,180.70313,184.57031,189.84375,189.49219,193.35938,6.67969,5.03906,5.15625,5.33203,5.44922,5.21484,5.27344,5.33203,5.21484,5.44922,5.50781,5.33203,5.15625,0.175781,0.198975,0.12207,0.151367,0.117188,0.133057,0.15625,0.137939,0.13916,0.167236,0.091553
2016-12-14T10:30:00Z,174.02344,184.92188,183.16406,181.75781,181.75781,185.625,184.92188,184.57031,185.27344,188.78906,193.71094,197.22656,6.09375,4.98047,5.50781,5.39063,5.33203,5.39063,5.33203,5.33203,5.50781,5.33203,5.56641,5.44922,5.15625,0.119629,0.150146,0.113525,0.181885,0.15625,0.159912,0.145264,0.152588,0.133057,0.187988,0.17334
2016-12-14T10:40:00Z,179.29688,182.8125,178.59375,180.70313,182.10938,182.46094,183.16406,185.625,182.8125,188.4375,183.86719,190.19531,6.32813,4.98047,5.15625,5.27344,5.27344,5.15625,5.27344,5.15625,5.27344,5.03906,5.33203,5.21484,5.03906,0.118408,0.114746,0.134277,0.111084,0.13916,0.135498,0.10376,0.161133,0.102539,0.140381,0.135498
2016-12-14T10:50:00Z,175.42969,179.29688,179.64844,179.64844,184.21875,182.46094,184.21875,185.97656,185.625,187.38281,189.49219,190.54688,6.09375,4.80469,4.92188,4.92188,4.92188,4.6875,4.74609,4.74609,4.80469,4.6875,4.74609,4.80469,4.80469,0.12207,0.084229,0.157471,0.169678,0.158691,0.157471,0.096436,0.118408,0.148926,0.115967,0.126953
2016-12-14T11:00:00Z,175.78125,177.89063,178.59375,180.70313,181.75781,178.94531,180.0,181.40625,184.21875,180.70313,184.21875,184.92188,5.50781,4.51172,4.57031,4.57031,4.51172,4.45313,4.45313,4.45313,4.62891,4.51172,4.39453,4.33594,4.51172,0.109863,0.141602,0.119629,0.12085,0.129395,0.141602,0.109863,0.100098,0.13916,0.131836,0.140381
2016-12-14T11:10:00Z,171.5625,174.02344,172.96875,170.85938,171.91406,170.50781,174.72656,173.67188,179.29688,174.72656,176.83594,188.78906,5.21484,4.16016,4.45313,4.45313,4.51172,4.45313,4.62891,4.45313,4.45313,4.33594,4.27734,4.39453,4.27734,0.170898,0.12085,0.126953,0.12085,0.161133,0.146484,0.153809,0.177002,0.119629,0.091553,0.170898
2016-12-14T11:20:00Z,169.80469,174.375,174.02344,176.48438,177.1875,175.78125,177.53906,181.75781,182.10938,185.97656,195.82031,202.5,5.44922,4.33594,4.80469,4.62891,4.57031,4.74609,4.62891,4.6875,4.45313,4.6875,4.39453,4.45313,4.10156,0.13916,0.140381,0.147705,0.118408,0.135498,0.169678,0.102539,0.135498,0.194092,0.141602,0.203857
2016-12-14T11:30:00Z,170.15625,172.61719,170.50781,172.26563,172.61719,176.83594,177.89063,180.35156,182.10938,190.54688,195.46875,205.66406,5.50781,4.51172,4.80469,4.57031,4.6875,4.74609,4.74609,4.62891,4.45313,4.51172,4.21875,4.33594,4.16016,0.115967,0.168457,0.183105,0.10376,0.128174,0.151367,0.155029,0.128174,0.192871,0.174561,0.177002
2016-12-14T11:40:00Z,168.39844,173.67188,171.5625,172.96875,174.375,175.78125,176.48438,180.70313,186.32813,191.60156,197.92969,202.5,5.21484,4.39453,4.74609,4.62891,4.74609,4.74609,4.62891,4.45313,4.62891,4.6875,4.45313,4.33594,3.98438,0.137939,0.161133,0.151367,0.133057,0.152588,0.177002,0.168457,0.142822,0.194092,0.200195,0.170898
2016-12-14T11:50:00Z,168.04688,169.10156,169.10156,168.75,168.75,169.80469,171.21094,174.72656,184.92188,184.57031,192.30469,193.71094,5.21484,4.39453,4.86328,4.74609,4.92188,4.62891,4.80469,4.92188,4.62891,4.74609,4.33594,4.39453,4.16016,0.109863,0.128174,0.147705,0.13916,0.153809,0.090332,0.148926,0.20874,0.141602,0.162354,0.197754
2016-12-14T12:00:00Z,162.42188,170.15625,167.34375,170.85938,166.99219,172.61719,174.02344,179.29688,190.19531,191.95313,200.03906,196.875,5.33203,4.57031,4.6875,4.51172,4.6875,4.6875,4.86328,4.57031,4.6875,4.45313,4.21875,4.21875,4.27734,0.102539,0.170898,0.10376,0.137939,0.151367,0.159912,0.102539,0.157471,0.164795,0.125732,0.129395
2016-12-14T12:10:00Z,167.34375,167.34375,168.75,170.50781,171.91406,174.02344,176.48438,182.10938,196.875,201.44531,203.90625,205.3125,5.27344,4.33594,4.45313,4.51172,4.45313,4.6875,4.62891,4.45313,4.57031,4.39453,4.33594,4.27734,4.16016,0.108643,0.155029,0.151367,0.158691,0.117188,0.147705,0.113525,0.091553,0.124512,0.089111,0.134277
2016-12-14T12:20:00Z,165.58594,172.96875,172.26563,171.91406,171.91406,174.02344,175.07813,180.35156,198.98438,198.28125,202.85156,204.60938,5.21484,4.27734,4.45313,4.39453,4.51172,4.51172,4.45313,4.6875,4.57031,4.21875,4.10156,4.16016,3.98438,0.117188,0.180664,0.161133,0.137939,0.12085,0.136719,0.164795,0.12085,0.163574,0.153809,0.113525
2016-12-14T12:30:00Z,169.10156,169.45313,169.10156,166.99219,171.21094,174.02344,173.67188,180.70313,196.52344,200.03906,198.28125,197.57813,4.86328,4.04297,4.39453,4.51172,4.57031,4.57031,4.33594,4.33594,4.39453,4.33594,4.16016,4.27734,4.39453,0.175781,0.13916,0.158691,0.091553,0.153809,0.187988,0.163574,0.178223,0.145264,0.180664,0.172119
2016-12-14T12:40:00Z,167.34375,168.39844,168.04688,166.28906,167.34375,168.39844,168.04688,184.21875,198.63281,200.39063,202.85156,202.85156,4.92188,4.16016,4.62891,4.57031,4.51172,4.21875,4.39453,4.51172,4.6875,4.33594,4.6875,4.33594,4.33594,0.136719,0.114746,0.135498,0.167236,0.12207,0.153809,0.175781,0.169678,0.227051,0.218506,0.167236
2016-12-14T12:50:00Z,163.82813,161.71875,163.125,166.64063,164.53125,164.88281,168.04688,174.375,193.71094,203.90625,205.66406,206.36719,4.92188,4.10156,4.21875,4.27734,4.39453,4.27734,4.45313,4.33594,4.27734,4.27734,4.39453,4.27734,4.45313,0.130615,0.12085,0.136719,0.161133,0.128174,0.112305,0.178223,0.151367,0.194092,0.20874,0.238037
2016-12-14T13:00:00Z,161.71875,162.07031,162.07031,161.71875,161.71875,161.71875,170.15625,190.54688,189.84375,197.92969,203.20313,203.90625,4.51172,3.80859,3.92578,4.10156,4.04297,4.04297,4.27734,4.21875,4.16016,4.16016,4.33594,3.92578,4.27734,0.142822,0.134277,0.112305,0.135498,0.168457,0.123291,0.163574,0.202637,0.317383,0.179443,0.306396
2016-12-14T13:10:00Z,159.60938,160.3125,159.25781,157.85156,156.44531,161.01563,163.82813,165.23438,174.02344,188.08594,189.14063,190.54688,4.33594,3.63281,4.39453,4.39453,4.33594,4.45313,4.27734,4.33594,4.04297,4.33594,3.98438,3.98438,3.63281,0.163574,0.108643,0.128174,0.196533,0.169678,0.113525,0.157471,0.125732,0.196533,0.36499,0.201416
2016-12-14T13:20:00Z,156.09375,165.23438,159.60938,160.66406,159.25781,158.90625,168.04688,173.67188,189.14063,197.22656,193.00781,196.875,4.57031,3.98438,4.04297,4.10156,4.04297,4.33594,4.45313,4.39453,4.10156,3.86719,3.69141,3.75,3.69141,0.158691,0.133057,0.152588,0.147705,0.144043,0.113525,0.159912,0.128174,0.15625,0.161133,0.187988
2016-12-14T13:30:00Z,157.85156,155.03906,153.98438,150.82031,151.17188,154.6875,158.20313,156.09375,169.10156,173.32031,184.92188,189.84375,4.39453,3.75,3.75,3.75,3.69141,3.86719,4.16016,4.21875,4.21875,4.04297,3.98438,3.75,3.80859,0.166016,0.137939,0.13916,0.093994,0.092773,0.131836,0.123291,0.155029,0.166016,0.213623,0.130615
2016-12-14T13:40:00Z,152.57813,151.52344,157.5,158.55469,153.63281,152.92969,157.85156,160.3125,163.82813,177.89063,182.10938,182.10938,4.51172,3.75,4.16016,4.21875,4.10156,4.04297,4.39453,4.45313,4.6875,4.6875,4.21875,3.80859,3.86719,0.10498,0.117188,0.12085,0.126953,0.12207,0.091553,0.093994,0.107422,0.168457,0.136719,0.133057
2016-12-14T13:50:00Z,155.39063,168.39844,162.07031,165.58594,165.58594,163.47656,169.45313,176.13281,175.07813,179.29688,178.24219,180.35156,4.74609,3.86719,4.04297,4.27734,4.16016,4.74609,5.03906,5.09766,4.80469,4.62891,4.33594,3.92578,3.92578,0.136719,0.118408,0.158691,0.145264,0.115967,0.150146,0.123291,0.131836,0.129395,0.150146,0.205078
2016-12-14T14:00:00Z,161.36719,156.79688,155.39063,157.14844,152.92969,157.5,158.20313,162.07031,168.04688,169.45313,171.21094,173.67188,4.27734,3.75,4.21875,4.10156,4.10156,4.10156,4.57031,4.86328,4.80469,4.6875,4.45313,4.10156,4.16016,0.161133,0.128174,0.164795,0.133057,0.093994,0.109863,0.183105,0.157471,0.142822,0.262451,0.220947
2016-12-14T14:10:00Z,157.14844,158.90625,158.20313,155.39063,158.20313,160.3125,170.15625,170.15625,176.83594,182.46094,185.97656,176.13281,4.57031,4.04297,4.21875,4.33594,4.33594,4.74609,5.21484,5.33203,4.92188,4.51172,4.57031,4.16016,4.39453,0.123291,0.136719,0.201416,0.126953,0.108643,0.224609,0.145264,0.186768,0.216064,0.289307,0.255127
2016-12-14T14:20:00Z,153.63281,150.82031,149.41406,151.52344,151.875,150.82031,152.57813,159.60938,163.47656,170.85938,177.1875,181.75781,4.39453,3.75,3.75,3.86719,3.86719,4.27734,4.6875,5.03906,4.74609,4.57031,4.39453,4.39453,4.04297,0.12085,0.097656,0.134277,0.12085,0.113525,0.090332,0.087891,0.140381,0.147705,0.177002,0.170898
2016-12-14T14:30:00Z,151.875,153.98438,152.92969,153.28125,151.875,152.57813,155.74219,163.82813,164.17969,174.02344,176.83594,182.10938,4.27734,3.45703,3.69141,3.92578,3.80859,4.45313,4.80469,4.74609,4.62891,4.45313,4.27734,3.98438,3.75,0.134277,0.164795,0.144043,0.145264,0.087891,0.108643,0.113525,0.140381,0.192871,0.234375,0.209961
2016-12-14T14:40:00Z,153.98438,155.74219,154.33594,155.03906,149.0625,149.76563,153.63281,161.01563,169.80469,177.89063,182.10938,188.4375,3.92578,3.28125,3.33984,3.51563,3.57422,3.92578,4.45313,4.62891,4.45313,4.27734,4.04297,3.80859,3.69141,0.17334,0.128174,0.090332,0.148926,0.091553,0.078125,0.092773,0.090332,0.166016,0.20752,0.111084
2016-12-14T14:50:00Z,148.00781,143.08594,142.73438,143.4375,143.4375,143.4375,143.08594,149.41406,155.39063,161.36719,168.39844,172.61719,3.51563,2.75391,3.28125,3.39844,3.39844,3.75,4.39453,4.45313,4.51172,4.27734,4.16016,3.69141,3.80859,0.109863,0.218506,0.12085,0.235596,0.085449,0.081787,0.089111,0.076904,0.151367,0.181885,0.146484
2016-12-14T15:00:00Z,141.32813,142.73438,145.89844,142.38281,140.97656,142.73438,145.19531,148.35938,150.11719,157.14844,160.66406,164.53125,3.39844,2.8125,3.39844,3.57422,3.51563,3.98438,4.45313,4.57031,4.57031,4.27734,4.16016,4.04297,3.86719,0.107422,0.097656,0.076904,0.063477,0.081787,0.058594,0.058594,0.089111,0.08667,0.070801,0.06958
2016-12-14T15:10:00Z,148.00781,154.6875,151.875,152.92969,150.11719,150.46875,151.52344,153.98438,160.3125,162.42188,163.82813,165.9375,3.45703,2.8125,3.22266,3.39844,3.39844,4.04297,4.39453,4.57031,4.62891,4.45313,4.33594,4.33594,4.21875,0.089111,0.100098,0.102539,0.074463,0.079346,0.090332,0.072021,0.073242,0.097656,0.097656,0.083008
2016-12-14T15:20:00Z,155.39063,153.63281,150.82031,151.52344,146.95313,148.71094,151.875,154.33594,154.6875,157.14844,157.14844,160.3125,3.51563,2.98828,3.39844,3.57422,3.45703,3.92578,4.57031,4.80469,4.74609,4.6875,4.57031,4.62891,4.39453,0.078125,0.079346,0.102539,0.065918,0.063477,0.076904,0.059814,0.067139,0.061035,0.063477,0.061035
2016-12-14T15:30:00Z,153.98438,151.17188,149.76563,146.60156,144.84375,145.19531,150.46875,152.57813,156.79688,158.55469,156.79688,159.96094,3.39844,2.92969,3.22266,3.33984,3.22266,3.69141,4.04297,4.6875,4.74609,4.92188,4.57031,4.62891,4.57031,0.096436,0.095215,0.093994,0.10498,0.093994,0.080566,0.118408,0.068359,0.106201,0.135498,0.126953
2016-12-14T15:40:00Z,152.92969,153.63281,147.65625,147.65625,146.60156,148.35938,155.39063,155.39063,157.85156,157.5,157.5,157.5,3.45703,2.87109,3.28125,3.75,3.63281,4.16016,4.51172,4.86328,5.21484,4.98047,4.92188,4.6875,4.62891,0.142822,0.085449,0.135498,0.087891,0.10498,0.089111,0.056152,0.115967,0.067139,0.115967,0.114746
2016-12-14T15:50:00Z,156.44531,159.60938,155.39063,156.44531,156.79688,156.79688,157.14844,157.5,158.55469,158.55469,158.55469,159.96094,3.63281,3.10547,3.69141,4.04297,3.98438,4.45313,5.21484,5.27344,5.33203,5.21484,5.15625,5.03906,4.86328,0.093994,0.078125,0.089111,0.05249,0.075684,0.059814,0.057373,0.058594,0.091553,0.068359,0.063477
2016-12-14T16:00:00Z,159.60938,154.6875,155.39063,156.09375,155.74219,152.57813,156.79688,156.09375,157.85156,156.09375,154.33594,157.14844,3.80859,3.22266,3.51563,3.75,3.75,4.16016,4.98047,5.33203,5.44922,5.33203,5.21484,5.21484,5.15625,0.091553,0.084229,0.089111,0.075684,0.078125,0.054932,0.063477,0.076904,0.078125,0.06958,0.075684
2016-12-14T16:10:00Z,150.82031,149.76563,151.17188,150.46875,147.30469,149.76563,151.52344,153.63281,150.11719,150.46875,151.52344,148.35938,3.45703,2.92969,3.22266,3.51563,3.45703,4.10156,4.86328,5.21484,5.33203,5.39063,5.39063,5.27344,5.15625,0.085449,0.079346,0.072021,0.070801,0.054932,0.056152,0.054932,0.054932,0.067139,0.056152,0.079346
2016-12-14T16:20:00Z,134.64844,137.8125,136.75781,135.70313,138.16406,137.8125,139.57031,143.08594,147.65625,150.11719,151.17188,148.35938,3.28125,2.69531,3.33984,3.57422,3.57422,3.80859,4.10156,4.27734,4.86328,5.15625,5.33203,5.27344,5.27344,0.112305,0.130615,0.087891,0.114746,0.113525,0.108643,0.106201,0.081787,0.089111,0.070801,0.067139
2016-12-14T16:30:00Z,132.1875,137.10938,136.40625,136.05469,134.64844,135.0,137.10938,144.14063,144.84375,144.49219,147.65625,147.65625,3.33984,2.8125,3.86719,3.92578,4.10156,4.33594,4.51172,4.92188,5.39063,5.39063,5.39063,5.50781,5.50781,0.112305,0.098877,0.073242,0.074463,0.098877,0.072021,0.073242,0.062256,0.057373,0.05127,0.074463
2016-12-14T16:40:00Z,130.78125,133.24219,135.70313,136.05469,138.86719,139.57031,143.4375,143.4375,145.89844,146.60156,148.71094,150.46875,3.86719,2.92969,4.10156,4.51172,4.39453,4.86328,5.03906,5.33203,5.56641,5.68359,5.74219,5.68359,5.625,0.067139,0.063477,0.062256,0.073242,0.090332,0.101318,0.074463,0.054932,0.057373,0.057373,0.046387
2016-12-14T16:50:00Z,131.13281,136.40625,136.75781,137.8125,136.05469,141.32813,139.21875,140.97656,141.32813,144.49219,143.4375,145.19531,3.98438,3.22266,4.10156,4.51172,4.39453,4.86328,4.6875,4.92188,5.03906,5.15625,5.15625,5.21484,5.15625,0.102539,0.112305,0.081787,0.093994,0.057373,0.091553,0.065918,0.068359,0.078125,0.062256,0.08667
2016-12-14T17:00:00Z,131.83594,138.16406,136.75781,136.40625,138.51563,137.10938,138.51563,139.21875,140.97656,141.67969,141.67969,143.4375,3.75,3.16406,4.45313,4.86328,4.80469,5.33203,5.15625,5.03906,5.03906,5.03906,5.21484,5.21484,5.27344,0.06958,0.068359,0.098877,0.083008,0.079346,0.064697,0.056152,0.063477,0.063477,0.081787,0.092773
2016-12-14T17:10:00Z,133.24219,135.35156,134.29688,134.29688,132.89063,137.46094,140.625,140.27344,142.38281,142.03125,144.49219,146.25,4.16016,3.45703,4.57031,4.86328,4.86328,5.33203,5.56641,5.27344,5.15625,5.21484,5.27344,5.44922,5.39063,0.100098,0.064697,0.08667,0.081787,0.078125,0.054932,0.058594,0.062256,0.068359,0.057373,0.070801
2016-12-14T17:20:00Z,130.07813,127.96875,127.96875,127.96875,131.13281,135.70313,138.51563,140.27344,141.67969,144.14063,145.19531,147.65625,4.57031,3.80859,4.74609,4.92188,5.03906,5.44922,5.68359,5.27344,5.15625,5.27344,5.39063,5.39063,5.33203,0.083008,0.08667,0.070801,0.056152,0.063477,0.075684,0.062256,0.062256,0.063477,0.057373,0.062256
2016-12-14T17:30:00Z,117.77344,118.125,122.34375,120.58594,126.91406,132.53906,134.29688,136.75781,139.21875,142.03125,145.19531,143.78906,4.6875,4.10156,4.92188,5.15625,5.09766,5.68359,5.80078,5.625,5.44922,5.44922,5.44922,5.50781,5.33203,0.074463,0.054932,0.072021,0.059814,0.072021,0.064697,0.05127,0.075684,0.063477,0.083008,0.083008
2016-12-14T17:40:00Z,113.55469,122.34375,125.15625,125.85938,129.375,132.89063,136.05469,139.57031,143.4375,143.4375,147.30469,147.30469,5.15625,4.33594,5.21484,5.44922,5.39063,5.97656,6.38672,6.15234,5.74219,5.68359,5.56641,5.625,5.56641,0.058594,0.067139,0.076904,0.058594,0.065918,0.063477,0.06958,0.059814,0.058594,0.058594,0.070801
2016-12-14T17:50:00Z,117.07031,119.88281,120.23438,121.28906,121.28906,123.75,130.78125,133.59375,136.05469,137.46094,140.27344,145.19531,5.85938,4.6875,5.44922,5.56641,5.50781,6.03516,6.32813,6.26953,5.91797,5.80078,5.91797,5.74219,5.625,0.092773,0.078125,0.079346,0.068359,0.068359,0.072021,0.058594,0.050049,0.067139,0.061035,0.058594
2016-12-14T18:00:00Z,114.96094,122.34375,121.64063,121.28906,123.75,126.5625,131.83594,135.35156,138.86719,142.03125,145.54688,146.60156,5.625,4.6875,5.15625,5.33203,5.44922,5.74219,6.32813,6.50391,6.32813,6.09375,6.03516,5.74219,5.80078,0.093994,0.078125,0.084229,0.087891,0.074463,0.061035,0.073242,0.068359,0.06958,0.075684,0.064697
2016-12-14T18:10:00Z,114.96094,122.69531,121.64063,121.99219,123.39844,126.21094,127.61719,132.1875,134.29688,139.21875,138.51563,139.92188,5.91797,4.6875,5.74219,5.91797,5.91797,6.15234,6.79688,7.14844,7.08984,6.79688,6.50391,6.32813,6.26953,0.075684,0.08667,0.075684,0.079346,0.075684,0.072021,0.061035,0.064697,0.058594,0.042725,0.057373
2016-12-14T18:20:00Z,119.17969,125.85938,123.75,123.04688,126.5625,127.96875,129.72656,131.13281,132.89063,134.64844,138.51563,138.86719,5.74219,4.86328,5.85938,6.15234,6.15234,6.5625,7.20703,7.79297,7.67578,7.14844,6.91406,6.67969,6.62109,0.115967,0.079346,0.073242,0.053711,0.089111,0.06958,0.073242,0.08667,0.080566,0.053711,0.083008
2016-12-14T18:30:00Z,122.69531,129.375,131.13281,132.53906,133.24219,133.94531,136.40625,138.51563,141.67969,146.60156,146.60156,147.65625,6.32813,5.15625,5.97656,6.44531,6.32813,6.73828,7.38281,7.73438,7.44141,6.85547,6.62109,6.5625,6.38672,0.090332,0.075684,0.076904,0.061035,0.064697,0.063477,0.050049,0.090332,0.073242,0.054932,0.064697
2016-12-14T18:40:00Z,129.02344,131.13281,133.24219,133.94531,133.24219,136.05469,138.86719,143.4375,148.35938,151.17188,150.82031,150.46875,6.38672,5.33203,6.09375,6.38672,6.32813,6.91406,7.44141,7.91016,7.44141,6.91406,6.5625,6.62109,6.5625,0.076904,0.087891,0.050049,0.079346,0.054932,0.050049,0.079346,0.084229,0.057373,0.075684,0.084229
2016-12-14T18:50:00Z,127.96875,132.1875,133.94531,131.48438,133.59375,137.8125,140.27344,144.84375,146.60156,149.41406,150.11719,149.0625,6.38672,5.33203,6.44531,6.62109,6.32813,6.67969,7.38281,7.79297,7.32422,7.14844,6.79688,6.85547,6.85547,0.092773,0.10498,0.087891,0.079346,0.097656,0.075684,0.079346,0.070801,0.079346,0.096436,0.092773
2016-12-14T19:00:00Z,129.72656,136.75781,138.86719,137.46094,142.03125,143.78906,148.00781,151.52344,153.63281,153.63281,155.39063,156.44531,6.62109,5.50781,6.15234,6.32813,6.03516,6.44531,7.38281,7.73438,7.20703,7.03125,6.97266,6.73828,6.67969,0.080566,0.108643,0.12207,0.095215,0.070801,0.075684,0.091553,0.078125,0.075684,0.080566,0.083008
2016-12-14T19:10:00Z,135.70313,141.32813,141.67969,140.97656,144.84375,150.11719,152.22656,156.09375,159.96094,158.55469,159.96094,160.66406,6.09375,5.03906,5.33203,5.68359,5.625,6.09375,7.20703,7.85156,7.61719,7.26563,6.97266,7.03125,6.09375,0.128174,0.119629,0.10498,0.108643,0.092773,0.067139,0.084229,0.061035,0.072021,0.100098,0.174561
2016-12-14T19:20:00Z,137.8125,142.38281,145.54688,142.38281,146.60156,154.6875,157.5,161.36719,163.82813,161.71875,163.47656,162.42188,5.91797,4.80469,5.15625,5.27344,5.44922,5.97656,7.08984,7.85156,7.67578,7.32422,7.08984,6.85547,5.39063,0.123291,0.12207,0.100098,0.065918,0.093994,0.079346,0.059814,0.090332,0.101318,0.133057,0.280762
2016-12-14T19:30:00Z,135.70313,139.21875,138.16406,139.57031,145.54688,150.11719,156.09375,158.20313,161.71875,159.60938,159.25781,162.42188,5.50781,4.6875,5.03906,5.39063,5.27344,5.91797,6.79688,7.91016,7.96875,7.5,7.26563,7.20703,7.03125,0.123291,0.076904,0.12085,0.079346,0.087891,0.076904,0.079346,0.109863,0.097656,0.089111,0.112305
2016-12-14T19:40:00Z,132.1875,131.83594,135.35156,130.42969,136.75781,144.84375,151.17188,159.25781,157.85156,158.20313,158.20313,158.90625,5.56641,4.62891,5.33203,5.56641,5.50781,5.80078,6.44531,7.44141,7.67578,7.73438,7.55859,7.61719,7.26563,0.114746,0.113525,0.137939,0.135498,0.123291,0.093994,0.10498,0.10376,0.107422,0.078125,0.072021
2016-12-14T19:50:00Z,127.26563,133.59375,138.16406,135.70313,138.86719,143.4375,152.92969,158.20313,159.60938,158.20313,160.66406,158.55469,6.03516,4.98047,5.80078,5.74219,5.68359,6.21094,6.91406,7.85156,7.85156,7.73438,7.79297,7.73438,7.73438,0.102539,0.095215,0.140381,0.119629,0.101318,0.074463,0.093994,0.100098,0.092773,0.10498,0.098877
2016-12-14T20:00:00Z,130.78125,137.46094,139.21875,140.97656,144.14063,151.875,158.20313,162.42188,161.01563,163.47656,162.07031,163.82813,6.21094,5.15625,5.85938,6.03516,6.03516,6.5625,7.38281,8.08594,8.02734,7.91016,7.96875,7.73438,7.5,0.115967,0.108643,0.084229,0.112305,0.075684,0.057373,0.084229,0.081787,0.102539,0.097656,0.100098
2016-12-14T20:10:00Z,135.35156,142.38281,143.08594,145.19531,151.52344,154.33594,160.66406,164.53125,164.17969,161.71875,159.25781,159.25781,6.32813,5.39063,5.85938,6.21094,6.09375,7.03125,7.79297,8.14453,7.85156,7.91016,7.32422,7.32422,6.97266,0.093994,0.148926,0.125732,0.111084,0.101318,0.111084,0.101318,0.090332,0.126953,0.118408,0.093994
2016-12-14T20:20:00Z,139.57031,149.41406,149.0625,150.11719,154.33594,158.20313,163.82813,166.28906,165.23438,166.28906,161.36719,162.42188,6.15234,5.03906,5.80078,6.32813,6.26953,7.38281,8.14453,8.32031,8.32031,8.14453,8.02734,7.44141,7.03125,0.125732,0.12085,0.095215,0.081787,0.133057,0.081787,0.070801,0.124512,0.118408,0.131836,0.129395
2016-12-14T20:30:00Z,143.4375,151.875,152.22656,150.46875,156.44531,164.53125,165.23438,166.64063,165.9375,166.28906,167.69531,164.17969,6.21094,4.92188,5.85938,6.26953,6.26953,7.26563,8.32031,8.20313,8.26172,8.37891,8.32031,7.73438,7.73438,0.078125,0.101318,0.115967,0.081787,0.08667,0.078125,0.101318,0.112305,0.092773,0.155029,0.12085
2016-12-14T20:40:00Z,143.4375,149.41406,152.57813,151.875,157.85156,164.53125,166.99219,166.28906,168.04688,165.58594,165.9375,166.99219,6.38672,4.80469,5.27344,6.03516,5.625,6.73828,8.02734,8.08594,8.32031,8.20313,8.4375,8.02734,8.08594,0.092773,0.10498,0.118408,0.130615,0.06958,0.083008,0.090332,0.102539,0.081787,0.106201,0.109863
2016-12-14T20:50:00Z,140.27344,145.89844,148.35938,145.89844,152.92969,158.55469,163.125,162.42188,166.64063,163.47656,165.9375,163.82813,5.27344,4.27734,5.03906,5.50781,5.39063,6.21094,7.26563,7.91016,8.08594,8.26172,8.08594,8.14453,7.61719,0.12207,0.123291,0.134277,0.111084,0.080566,0.078125,0.078125,0.081787,0.117188,0.085449,0.102539
2016-12-14T21:00:00Z,135.70313,146.95313,149.0625,149.76563,153.98438,157.14844,167.34375,169.80469,170.85938,168.04688,169.80469,165.23438,5.09766,4.10156,4.92188,5.39063,5.21484,6.15234,7.08984,8.20313,8.20313,8.08594,7.91016,7.96875,7.85156,0.123291,0.125732,0.114746,0.093994,0.089111,0.08667,0.108643,0.074463,0.083008,0.10376,0.109863
2016-12-14T21:10:00Z,141.67969,151.875,152.57813,152.22656,156.79688,161.71875,168.04688,170.85938,174.02344,171.21094,170.15625,170.15625,5.68359,4.21875,4.98047,5.44922,5.39063,6.15234,7.20703,8.14453,8.14453,8.08594,7.96875,7.96875,7.85156,0.144043,0.108643,0.091553,0.117188,0.10376,0.074463,0.095215,0.081787,0.100098,0.093994,0.093994
2016-12-14T21:20:00Z,141.67969,150.46875,156.44531,153.63281,161.36719,170.15625,174.02344,172.61719,174.375,170.85938,171.5625,171.91406,5.56641,4.04297,4.74609,5.50781,5.21484,6.44531,7.38281,7.5,7.38281,7.61719,7.91016,7.91016,7.61719,0.109863,0.097656,0.140381,0.112305,0.106201,0.070801,0.10376,0.091553,0.070801,0.117188,0.101318
2016-12-14T21:30:00Z,147.30469,154.33594,155.74219,158.20313,158.55469,168.04688,172.61719,175.78125,173.32031,171.91406,172.26563,168.39844,4.86328,4.10156,4.98047,5.74219,5.68359,6.97266,7.79297,7.96875,7.96875,7.85156,7.85156,7.79297,7.96875,0.123291,0.090332,0.107422,0.092773,0.080566,0.089111,0.10376,0.100098,0.081787,0.096436,0.098877
2016-12-14T21:40:00Z,143.78906,151.875,152.92969,155.03906,157.85156,164.53125,169.45313,173.67188,174.72656,173.67188,171.5625,168.75,4.92188,4.16016,5.15625,5.33203,5.625,6.44531,7.44141,8.02734,8.02734,8.14453,8.08594,8.02734,7.96875,0.100098,0.12207,0.078125,0.109863,0.106201,0.065918,0.084229,0.058594,0.06958,0.075684,0.061035
2016-12-14T21:50:00Z,140.97656,146.95313,148.00781,151.17188,154.6875,164.17969,165.23438,167.69531,168.04688,167.69531,168.04688,168.04688,5.27344,4.16016,4.74609,5.21484,5.15625,6.26953,7.38281,7.67578,7.67578,7.85156,7.96875,8.14453,8.02734,0.136719,0.119629,0.131836,0.092773,0.085449,0.076904,0.085449,0.067139,0.084229,0.08667,0.093994
2016-12-14T22:00:00Z,136.05469,145.89844,150.11719,149.76563,157.85156,165.58594,168.75,170.50781,169.10156,166.99219,164.88281,164.17969,5.03906,3.98438,4.98047,5.68359,5.74219,6.62109,7.32422,7.20703,7.55859,7.55859,7.67578,7.61719,7.61719,0.10498,0.089111,0.076904,0.08667,0.093994,0.075684,0.074463,0.107422,0.083008,0.097656,0.081787
2016-12-14T22:10:00Z,137.46094,147.30469,148.71094,151.875,156.79688,164.53125,166.28906,167.69531,164.17969,165.23438,164.17969,164.53125,5.09766,4.10156,5.44922,5.97656,5.68359,6.91406,7.5,7.38281,7.44141,7.55859,7.79297,7.91016,7.79297,0.10376,0.084229,0.113525,0.118408,0.092773,0.084229,0.079346,0.084229,0.089111,0.089111,0.06958
2016-12-14T22:20:00Z,135.70313,139.92188,144.49219,146.25,154.33594,160.3125,164.53125,164.88281,164.17969,162.07031,162.77344,158.90625,5.56641,4.45313,5.68359,6.15234,6.03516,7.03125,7.20703,7.14844,7.5,7.85156,8.02734,7.91016,7.73438,0.123291,0.111084,0.135498,0.090332,0.091553,0.10376,0.073242,0.089111,0.062256,0.109863,0.093994
2016-12-14T22:30:00Z,131.13281,138.86719,144.14063,143.08594,148.71094,161.36719,165.23438,167.69531,166.28906,167.34375,164.53125,163.47656,5.625,4.6875,5.625,5.97656,5.85938,6.67969,7.32422,7.20703,7.5,7.67578,7.96875,7.85156,8.02734,0.093994,0.115967,0.080566,0.101318,0.100098,0.098877,0.058594,0.078125,0.091553,0.073242,0.067139
2016-12-14T22:40:00Z,132.53906,140.27344,141.67969,141.32813,147.65625,156.44531,166.99219,171.21094,169.45313,167.34375,168.75,167.34375,5.44922,4.57031,5.50781,6.03516,5.85938,6.79688,7.38281,7.73438,7.61719,7.91016,8.32031,8.55469,8.26172,0.117188,0.106201,0.076904,0.06958,0.096436,0.085449,0.073242,0.06958,0.079346,0.080566,0.08667
2016-12-14T22:50:00Z,134.29688,140.97656,143.78906,143.78906,151.875,162.07031,170.50781,171.5625,167.69531,165.23438,165.9375,162.42188,5.74219,4.57031,5.44922,6.21094,6.03516,6.97266,7.38281,7.61719,7.91016,8.14453,8.26172,8.26172,8.14453,0.126953,0.079346,0.111084,0.095215,0.064697,0.064697,0.090332,0.064697,0.070801,0.098877,0.070801
2016-12-14T23:00:00Z,129.02344,136.75781,140.625,138.86719,152.22656,161.71875,165.58594,168.04688,167.69531,164.88281,165.23438,162.77344,5.74219,4.6875,5.44922,5.74219,5.68359,6.5625,6.97266,7.55859,8.08594,8.37891,8.37891,8.02734,7.67578,0.076904,0.070801,0.101318,0.12207,0.092773,0.05127,0.084229,0.095215,0.064697,0.108643,0.085449
2016-12-14T23:10:00Z,125.50781,133.24219,138.51563,137.10938,150.11719,162.42188,165.58594,168.04688,165.23438,162.77344,161.36719,161.36719,5.15625,4.45313,5.27344,5.74219,5.56641,6.50391,6.91406,7.20703,7.91016,8.14453,8.14453,7.91016,7.73438,0.10498,0.106201,0.076904,0.063477,0.098877,0.087891,0.06958,0.097656,0.095215,0.097656,0.089111
2016-12-14T23:20:00Z,124.80469,136.75781,143.4375,141.32813,151.17188,161.01563,166.28906,165.23438,165.58594,162.42188,158.90625,159.96094,5.27344,4.27734,4.74609,5.21484,5.33203,6.03516,6.91406,6.97266,7.67578,7.85156,7.91016,7.55859,7.73438,0.112305,0.100098,0.091553,0.106201,0.070801,0.065918,0.078125,0.093994,0.076904,0.090332,0.095215
2016-12-14T23:30:00Z,132.89063,143.78906,149.41406,149.41406,157.85156,165.58594,165.9375,165.9375,164.17969,165.58594,163.125,162.42188,5.09766,4.04297,5.27344,5.85938,5.625,6.79688,7.44141,7.26563,7.55859,7.79297,7.91016,7.73438,7.67578,0.155029,0.08667,0.109863,0.098877,0.098877,0.092773,0.097656,0.068359,0.091553,0.057373,0.065918
2016-12-14T23:40:00Z,137.10938,142.38281,148.00781,146.25,155.03906,165.23438,163.125,166.28906,166.28906,164.17969,164.88281,163.125,5.21484,4.39453,5.27344,5.80078,5.80078,7.08984,7.55859,7.67578,7.67578,7.79297,7.85156,7.96875,7.85156,0.129395,0.08667,0.087891,0.076904,0.08667,0.080566,0.100098,0.078125,0.08667,0.092773,0.089111
2016-12-14T23:50:00Z,136.75781,145.89844,152.92969,152.22656,159.96094,162.42188,166.99219,168.75,164.88281,166.99219,165.23438,165.23438,5.44922,4.45313,5.625,6.09375,6.26953,7.08984,7.5,7.96875,8.08594,7.67578,7.73438,7.73438,7.73438,0.073242,0.101318,0.097656,0.093994,0.092773,0.085449,0.10498,0.100098,0.073242,0.098877,0.083008
