LOCATION: 
SYSTEM SERIAL: HKZB
TIMESTAMP (ISO-8601) UTC,WindDir004m deg,WindDir030m deg,WindDir040m deg,WindDir040m_ref deg,WindDir060m deg,WindDir080m deg,WindDir100m deg,WindDir120m deg,WindDir140m deg,WindDir160m deg,WindDir180m deg,WindDir200m deg,WindGust004m m/s,WindSpeed004m m/s,WindSpeed030mh m/s,WindSpeed040mh m/s,WindSpeed040m_refh m/s,WindSpeed060mh m/s,WindSpeed080mh m/s,WindSpeed100mh m/s,WindSpeed120mh m/s,WindSpeed140mh m/s,WindSpeed160mh m/s,WindSpeed180mh m/s,WindSpeed200mh m/s,TI 030m,TI 040m,TI 040m ref,TI 060m,TI 080m,TI 100m,TI 120m,TI 140m,TI 160m,TI 180m,TI 200m
2016-06-16T00:00:00Z,202.85156,206.71875,206.01563,203.90625,204.60938,206.36719,202.85156,202.14844,201.44531,200.39063,199.33594,200.39063,5.91797,4.86328,6.03516,6.26953,6.32813,6.62109,6.85547,7.08984,7.5,7.38281,7.55859,7.5,7.61719,0.080566,0.08667,0.062256,0.078125,0.064697,0.061035,0.048828,0.059814,0.074463,0.045166,0.067139
2016-06-16T00:10:00Z,201.79688,203.90625,201.44531,202.85156,201.79688,202.14844,202.14844,204.60938,202.14844,201.79688,205.66406,205.3125,6.5625,5.33203,6.5625,6.67969,6.79688,7.03125,7.20703,7.44141,7.5,7.5,7.61719,7.55859,7.55859,0.079346,0.076904,0.061035,0.059814,0.06958,0.056152,0.061035,0.045166,0.042725,0.042725,0.056152
2016-06-16T00:20:00Z,198.28125,201.09375,201.09375,202.85156,202.14844,201.44531,201.79688,202.14844,203.20313,201.44531,202.5,204.96094,6.67969,5.74219,6.73828,7.03125,6.97266,7.08984,7.26563,7.38281,7.38281,7.38281,7.61719,7.67578,7.61719,0.093994,0.056152,0.062256,0.075684,0.072021,0.061035,0.062256,0.065918,0.063477,0.056152,0.067139
2016-06-16T00:30:00Z,202.14844,204.96094,208.82813,206.71875,208.82813,207.42188,208.47656,208.82813,208.47656,207.42188,209.17969,210.23438,7.79297,6.09375,7.14844,7.32422,7.20703,7.32422,7.55859,7.55859,7.61719,7.73438,7.85156,7.85156,7.67578,0.085449,0.091553,0.090332,0.093994,0.079346,0.089111,0.100098,0.089111,0.074463,0.067139,0.090332
2016-06-16T00:40:00Z,206.01563,209.53125,207.42188,206.36719,207.77344,204.60938,209.17969,209.17969,209.53125,210.23438,211.28906,209.88281,7.20703,5.625,6.32813,6.21094,6.15234,6.32813,6.38672,6.5625,6.67969,6.79688,6.73828,6.67969,7.03125,0.087891,0.079346,0.061035,0.084229,0.087891,0.067139,0.072021,0.074463,0.098877,0.092773,0.075684
2016-06-16T00:50:00Z,202.85156,206.71875,204.60938,206.71875,206.01563,210.23438,209.53125,208.125,210.23438,213.04688,211.64063,215.85938,6.38672,5.21484,5.85938,6.15234,6.09375,6.32813,6.32813,6.26953,6.26953,6.44531,6.38672,6.32813,6.67969,0.119629,0.092773,0.107422,0.08667,0.081787,0.075684,0.075684,0.093994,0.08667,0.106201,0.080566
2016-06-16T01:00:00Z,202.85156,212.69531,208.82813,209.88281,209.88281,211.64063,213.75,213.39844,216.91406,215.85938,217.96875,218.32031,6.38672,5.15625,5.80078,5.80078,5.85938,5.91797,6.03516,6.09375,6.09375,6.21094,6.21094,6.44531,6.32813,0.100098,0.107422,0.081787,0.114746,0.100098,0.098877,0.087891,0.10376,0.093994,0.096436,0.115967
2016-06-16T01:10:00Z,208.82813,215.85938,216.91406,215.85938,216.21094,221.13281,219.02344,222.1875,220.78125,223.59375,223.24219,223.59375,5.74219,4.62891,5.39063,5.39063,5.50781,5.625,5.625,5.80078,5.74219,5.74219,5.91797,6.15234,6.32813,0.106201,0.114746,0.109863,0.084229,0.112305,0.102539,0.098877,0.106201,0.131836,0.109863,0.10498
2016-06-16T01:20:00Z,213.04688,219.72656,216.21094,216.91406,217.96875,218.32031,218.32031,221.48438,221.13281,221.83594,222.89063,225.0,5.85938,4.80469,5.33203,5.21484,5.39063,5.33203,5.33203,5.44922,5.625,5.85938,6.03516,6.21094,6.38672,0.101318,0.056152,0.109863,0.100098,0.096436,0.092773,0.085449,0.100098,0.098877,0.096436,0.087891
2016-06-16T01:30:00Z,215.85938,217.26563,217.26563,217.61719,218.32031,217.26563,216.5625,221.48438,219.375,219.02344,217.26563,218.32031,5.625,4.6875,5.27344,5.39063,5.33203,5.44922,5.56641,5.85938,5.91797,5.97656,6.21094,6.32813,6.62109,0.095215,0.111084,0.091553,0.08667,0.102539,0.108643,0.128174,0.113525,0.113525,0.119629,0.089111
2016-06-16T01:40:00Z,198.98438,199.6875,202.5,201.79688,202.5,202.85156,204.25781,205.3125,206.71875,207.07031,207.77344,208.125,5.03906,4.21875,4.6875,4.74609,4.74609,4.86328,4.98047,5.21484,5.27344,5.39063,5.56641,5.68359,5.85938,0.083008,0.087891,0.074463,0.084229,0.079346,0.061035,0.08667,0.079346,0.065918,0.076904,0.087891
2016-06-16T01:50:00Z,197.22656,201.44531,201.44531,199.33594,201.44531,199.6875,199.6875,202.5,201.79688,202.85156,206.71875,204.96094,4.92188,4.16016,4.6875,4.86328,4.74609,5.09766,5.33203,5.50781,5.80078,5.97656,6.15234,6.21094,6.38672,0.073242,0.080566,0.090332,0.081787,0.067139,0.075684,0.072021,0.063477,0.084229,0.087891,0.070801
2016-06-16T02:00:00Z,196.52344,201.79688,200.74219,200.03906,203.20313,202.85156,203.55469,208.82813,208.125,210.58594,210.9375,211.64063,5.56641,4.45313,5.21484,5.33203,5.27344,5.625,6.03516,6.5625,6.73828,6.91406,6.97266,7.20703,7.08984,0.108643,0.06958,0.091553,0.093994,0.079346,0.100098,0.074463,0.075684,0.061035,0.05127,0.084229
2016-06-16T02:10:00Z,200.74219,207.77344,207.77344,208.47656,210.23438,210.9375,212.69531,214.10156,213.75,215.85938,216.21094,215.15625,5.97656,4.80469,5.56641,5.74219,5.74219,5.97656,6.38672,6.5625,6.85547,6.85547,7.08984,7.32422,7.32422,0.098877,0.073242,0.079346,0.070801,0.065918,0.06958,0.050049,0.063477,0.074463,0.079346,0.061035
2016-06-16T02:20:00Z,207.42188,211.99219,214.10156,211.99219,215.85938,218.32031,217.26563,217.96875,219.375,217.61719,218.32031,218.67188,5.97656,4.86328,5.74219,6.03516,5.97656,6.38672,6.67969,6.73828,6.97266,7.14844,7.32422,7.44141,7.5,0.078125,0.081787,0.05127,0.081787,0.06958,0.081787,0.074463,0.05127,0.054932,0.05249,0.067139
2016-06-16T02:30:00Z,210.58594,218.32031,214.80469,215.50781,216.21094,218.67188,217.26563,217.61719,219.72656,219.02344,216.5625,217.26563,6.26953,4.98047,5.50781,5.56641,5.74219,5.97656,6.38672,6.67969,6.97266,7.03125,7.03125,7.08984,7.08984,0.115967,0.112305,0.102539,0.117188,0.10376,0.076904,0.075684,0.072021,0.068359,0.059814,0.061035
2016-06-16T02:40:00Z,211.64063,217.26563,217.61719,216.21094,216.91406,216.91406,217.96875,217.26563,218.67188,218.67188,219.375,220.07813,5.625,4.39453,5.15625,5.21484,5.27344,5.50781,5.85938,6.03516,6.26953,6.32813,6.38672,6.44531,6.5625,0.092773,0.092773,0.08667,0.070801,0.098877,0.10498,0.085449,0.095215,0.097656,0.097656,0.070801
2016-06-16T02:50:00Z,212.69531,217.26563,217.26563,217.26563,217.96875,217.96875,221.13281,221.13281,221.48438,220.07813,226.05469,223.94531,5.39063,4.16016,5.09766,5.15625,5.15625,5.39063,5.56641,5.625,5.56641,5.56641,5.74219,5.80078,5.68359,0.10376,0.106201,0.097656,0.08667,0.091553,0.098877,0.076904,0.078125,0.081787,0.076904,0.078125
2016-06-16T03:00:00Z,211.28906,216.5625,217.61719,215.15625,218.67188,218.67188,219.72656,222.1875,221.13281,221.13281,223.59375,223.59375,5.27344,4.39453,5.21484,5.27344,5.15625,5.21484,5.21484,5.33203,5.33203,5.39063,5.44922,5.44922,5.33203,0.074463,0.073242,0.098877,0.089111,0.073242,0.081787,0.06958,0.079346,0.065918,0.073242,0.068359
2016-06-16T03:10:00Z,216.5625,227.10938,227.46094,229.21875,227.10938,225.35156,224.29688,226.40625,225.0,222.89063,223.24219,223.94531,5.09766,4.10156,4.39453,4.51172,4.51172,4.6875,4.80469,4.92188,5.09766,5.03906,5.03906,5.15625,5.21484,0.134277,0.112305,0.135498,0.115967,0.084229,0.12085,0.100098,0.108643,0.092773,0.109863,0.125732
2016-06-16T03:20:00Z,246.09375,252.77344,250.3125,249.25781,251.01563,247.14844,242.92969,235.54688,237.65625,239.76563,232.38281,228.86719,4.39453,3.69141,4.21875,4.39453,4.27734,4.21875,4.27734,4.33594,4.16016,4.27734,4.27734,4.45313,4.51172,0.136719,0.133057,0.168457,0.212402,0.146484,0.230713,0.198975,0.279541,0.218506,0.240479,0.185547
2016-06-16T03:30:00Z,246.09375,250.66406,249.60938,248.20313,247.5,242.92969,241.17188,233.4375,229.57031,234.14063,223.94531,226.05469,4.39453,3.57422,3.69141,3.69141,3.75,3.63281,3.69141,3.69141,3.75,3.63281,3.86719,4.27734,4.33594,0.201416,0.166016,0.152588,0.211182,0.181885,0.166016,0.157471,0.170898,0.236816,0.300293,0.168457
2016-06-16T03:40:00Z,242.92969,245.03906,242.57813,239.76563,241.875,240.46875,241.52344,233.78906,235.19531,237.30469,235.54688,232.03125,4.39453,3.51563,3.98438,4.04297,3.80859,3.98438,4.10156,4.33594,4.16016,4.39453,4.80469,4.27734,4.98047,0.131836,0.269775,0.167236,0.145264,0.147705,0.255127,0.140381,0.314941,0.39917,0.172119,0.330811
2016-06-16T03:50:00Z,236.95313,238.00781,238.71094,238.71094,237.65625,238.35938,236.25,238.35938,235.54688,234.49219,233.08594,233.4375,4.27734,3.57422,3.98438,4.16016,4.16016,4.33594,4.39453,4.57031,4.6875,4.6875,4.6875,4.6875,4.6875,0.091553,0.084229,0.076904,0.090332,0.076904,0.062256,0.087891,0.076904,0.072021,0.065918,0.057373
2016-06-16T04:00:00Z,233.4375,236.60156,238.00781,236.60156,235.54688,238.35938,236.25,238.35938,235.54688,235.54688,232.73438,233.78906,5.21484,3.98438,4.6875,4.6875,4.62891,4.80469,4.80469,4.80469,4.80469,4.80469,4.74609,4.86328,4.80469,0.078125,0.085449,0.080566,0.084229,0.061035,0.078125,0.100098,0.062256,0.068359,0.079346,0.048828
2016-06-16T04:10:00Z,236.95313,241.17188,241.17188,241.52344,240.11719,239.76563,238.71094,238.71094,236.25,234.84375,234.14063,234.84375,4.80469,3.98438,4.39453,4.57031,4.57031,4.57031,4.62891,4.51172,4.51172,4.45313,4.45313,4.51172,4.39453,0.072021,0.061035,0.093994,0.073242,0.079346,0.075684,0.061035,0.061035,0.081787,0.096436,0.079346
2016-06-16T04:20:00Z,241.875,243.63281,244.6875,244.33594,245.03906,243.28125,244.6875,240.46875,241.875,239.76563,240.82031,239.76563,4.80469,4.10156,4.6875,4.80469,4.74609,4.74609,4.6875,4.6875,4.6875,4.6875,4.74609,4.74609,4.92188,0.083008,0.075684,0.074463,0.079346,0.080566,0.078125,0.078125,0.065918,0.092773,0.085449,0.084229
2016-06-16T04:30:00Z,240.46875,242.92969,246.79688,243.98438,243.98438,241.875,240.11719,241.52344,240.82031,241.52344,239.76563,240.82031,4.98047,4.27734,4.86328,4.74609,4.6875,4.62891,4.62891,4.86328,4.80469,4.86328,4.74609,4.74609,4.80469,0.108643,0.085449,0.079346,0.075684,0.093994,0.097656,0.072021,0.092773,0.096436,0.070801,0.074463
2016-06-16T04:40:00Z,244.33594,249.60938,252.07031,248.20313,247.14844,246.09375,243.98438,246.44531,243.28125,247.85156,242.57813,245.39063,4.6875,3.98438,4.39453,4.57031,4.39453,4.27734,4.21875,4.45313,4.33594,4.62891,4.45313,4.57031,4.57031,0.080566,0.212402,0.10498,0.083008,0.087891,0.101318,0.083008,0.198975,0.10498,0.158691,0.070801
2016-06-16T04:50:00Z,241.52344,243.98438,244.33594,245.03906,246.79688,242.22656,241.875,242.92969,248.20313,243.63281,246.09375,247.85156,4.86328,3.86719,4.39453,4.45313,4.39453,4.51172,4.21875,4.51172,4.51172,4.86328,4.51172,4.80469,4.62891,0.12207,0.117188,0.131836,0.168457,0.129395,0.098877,0.135498,0.3479,0.328369,0.240479,0.3125
2016-06-16T05:00:00Z,239.41406,240.82031,242.92969,240.82031,241.17188,242.57813,241.52344,242.57813,242.92969,239.41406,244.6875,238.35938,4.57031,3.69141,4.33594,4.39453,4.39453,4.33594,4.27734,4.33594,4.51172,4.39453,4.62891,4.33594,4.6875,0.109863,0.076904,0.124512,0.091553,0.089111,0.063477,0.148926,0.093994,0.150146,0.075684,0.267334
2016-06-16T05:10:00Z,233.78906,239.41406,239.76563,236.95313,236.25,237.65625,236.25,237.65625,242.57813,242.92969,242.22656,239.0625,4.57031,3.80859,4.10156,4.10156,4.16016,4.21875,4.16016,4.33594,4.39453,4.45313,4.51172,4.86328,4.86328,0.164795,0.118408,0.130615,0.195313,0.145264,0.10498,0.112305,0.148926,0.146484,0.297852,0.168457
2016-06-16T05:20:00Z,227.46094,229.57031,228.86719,231.32813,230.27344,230.625,230.27344,226.75781,228.86719,231.32813,229.92188,227.46094,4.21875,3.57422,3.80859,4.04297,3.92578,4.04297,4.04297,3.86719,4.16016,4.21875,4.27734,4.27734,4.51172,0.115967,0.107422,0.098877,0.083008,0.108643,0.117188,0.100098,0.074463,0.114746,0.080566,0.223389
2016-06-16T05:30:00Z,219.375,229.21875,224.29688,226.40625,225.0,223.59375,223.24219,223.24219,225.0,225.0,222.53906,224.29688,4.51172,3.80859,4.21875,4.21875,4.21875,4.33594,4.27734,4.51172,4.39453,4.39453,4.45313,4.92188,4.62891,0.130615,0.115967,0.098877,0.10376,0.109863,0.123291,0.114746,0.128174,0.119629,0.170898,0.128174
2016-06-16T05:40:00Z,217.26563,220.42969,219.375,222.1875,220.07813,219.72656,221.13281,221.48438,221.83594,221.83594,221.48438,224.29688,4.74609,4.04297,4.62891,4.62891,4.57031,4.6875,4.80469,4.80469,4.80469,4.86328,5.03906,4.86328,5.03906,0.136719,0.123291,0.112305,0.093994,0.130615,0.135498,0.090332,0.119629,0.096436,0.113525,0.093994
2016-06-16T05:50:00Z,215.85938,217.96875,219.375,217.96875,218.67188,217.26563,217.61719,217.96875,217.61719,219.02344,218.67188,220.07813,5.85938,4.6875,5.44922,5.56641,5.44922,5.625,5.625,5.625,5.56641,5.74219,5.68359,5.85938,5.85938,0.100098,0.092773,0.078125,0.067139,0.070801,0.078125,0.093994,0.072021,0.095215,0.068359,0.064697
2016-06-16T06:00:00Z,210.58594,216.21094,214.45313,214.45313,213.39844,215.50781,217.26563,216.21094,215.50781,216.5625,215.50781,217.96875,6.5625,5.27344,6.03516,6.03516,6.21094,6.21094,6.32813,6.38672,6.44531,6.5625,6.91406,6.85547,6.85547,0.10376,0.106201,0.102539,0.108643,0.087891,0.114746,0.095215,0.108643,0.130615,0.133057,0.102539
2016-06-16T06:10:00Z,212.34375,215.15625,215.85938,216.91406,215.50781,214.10156,217.26563,215.50781,216.91406,214.80469,213.04688,215.50781,6.79688,5.68359,6.5625,6.5625,6.67969,6.50391,6.91406,6.85547,6.91406,7.08984,7.14844,7.38281,7.32422,0.100098,0.097656,0.097656,0.119629,0.081787,0.087891,0.108643,0.08667,0.084229,0.113525,0.097656
2016-06-16T06:20:00Z,214.45313,217.96875,217.26563,216.91406,213.75,218.32031,216.5625,219.02344,220.07813,218.67188,220.78125,216.5625,6.5625,5.03906,5.56641,5.50781,5.50781,5.85938,5.80078,5.97656,6.03516,6.38672,6.79688,6.85547,7.03125,0.100098,0.126953,0.108643,0.247803,0.147705,0.102539,0.112305,0.125732,0.145264,0.137939,0.166016
2016-06-16T06:30:00Z,212.34375,213.39844,214.45313,214.45313,214.45313,215.85938,213.04688,214.10156,215.85938,216.5625,216.91406,216.91406,5.80078,4.39453,4.98047,5.03906,5.09766,5.27344,5.33203,5.44922,5.68359,5.80078,6.03516,6.15234,6.44531,0.124512,0.089111,0.107422,0.125732,0.108643,0.085449,0.10376,0.102539,0.097656,0.101318,0.06958
2016-06-16T06:40:00Z,210.58594,215.50781,214.45313,215.15625,215.85938,215.85938,216.5625,217.61719,216.91406,216.91406,215.50781,217.61719,4.98047,4.04297,4.6875,4.74609,4.74609,5.09766,5.09766,5.33203,5.27344,5.44922,5.56641,5.91797,6.15234,0.126953,0.114746,0.10498,0.097656,0.117188,0.111084,0.097656,0.097656,0.10498,0.081787,0.098877
2016-06-16T06:50:00Z,225.35156,228.86719,227.8125,230.27344,228.16406,230.27344,230.625,231.32813,230.625,230.625,229.21875,228.51563,4.6875,3.63281,3.98438,4.39453,4.27734,4.39453,4.6875,4.74609,5.03906,5.09766,5.39063,5.56641,5.91797,0.123291,0.081787,0.142822,0.118408,0.098877,0.089111,0.091553,0.109863,0.073242,0.06958,0.091553
2016-06-16T07:00:00Z,225.70313,229.57031,230.97656,231.32813,231.67969,231.67969,231.67969,231.67969,230.625,230.27344,230.27344,227.10938,4.80469,3.80859,4.57031,4.62891,4.51172,4.6875,4.74609,5.03906,5.03906,5.39063,5.50781,5.625,5.625,0.124512,0.108643,0.123291,0.101318,0.089111,0.100098,0.089111,0.101318,0.095215,0.101318,0.091553
2016-06-16T07:10:00Z,229.21875,232.03125,234.14063,234.84375,234.49219,235.19531,233.4375,232.03125,233.08594,235.19531,231.67969,230.97656,4.74609,3.39844,3.98438,4.10156,4.10156,4.16016,4.39453,4.51172,4.80469,5.03906,5.09766,5.27344,5.33203,0.155029,0.114746,0.126953,0.090332,0.119629,0.111084,0.089111,0.10376,0.078125,0.065918,0.117188
2016-06-16T07:20:00Z,234.49219,238.71094,236.95313,236.25,235.54688,236.95313,234.49219,236.95313,235.54688,233.08594,234.84375,235.19531,4.27734,3.28125,3.69141,3.63281,3.75,3.75,4.04297,4.21875,4.45313,4.51172,4.80469,5.03906,5.21484,0.137939,0.148926,0.144043,0.159912,0.112305,0.144043,0.133057,0.101318,0.107422,0.125732,0.090332
2016-06-16T07:30:00Z,230.97656,234.14063,233.08594,231.67969,232.73438,233.08594,230.97656,230.97656,232.73438,232.03125,231.67969,233.4375,3.75,3.04688,3.63281,3.57422,3.63281,3.80859,3.80859,4.10156,4.33594,4.51172,4.62891,4.92188,5.09766,0.100098,0.118408,0.129395,0.109863,0.098877,0.090332,0.10376,0.093994,0.073242,0.097656,0.089111
2016-06-16T07:40:00Z,227.8125,232.03125,230.27344,230.27344,230.625,227.8125,229.57031,228.51563,227.10938,226.40625,227.10938,224.64844,3.86719,2.87109,3.28125,3.16406,3.33984,3.39844,3.39844,3.80859,3.86719,4.16016,4.27734,4.39453,4.62891,0.137939,0.12085,0.098877,0.098877,0.131836,0.125732,0.102539,0.084229,0.107422,0.076904,0.089111
2016-06-16T07:50:00Z,228.86719,229.92188,229.92188,230.97656,231.32813,231.67969,232.03125,228.16406,229.57031,226.40625,227.46094,226.05469,3.69141,2.87109,3.10547,3.22266,3.04688,3.16406,3.33984,3.28125,3.69141,3.69141,4.04297,4.16016,4.39453,0.123291,0.128174,0.117188,0.136719,0.13916,0.147705,0.090332,0.098877,0.098877,0.080566,0.096436
2016-06-16T08:00:00Z,234.84375,240.82031,240.11719,237.65625,240.82031,237.65625,238.71094,236.95313,235.54688,232.73438,232.03125,232.38281,3.10547,2.40234,2.75391,2.8125,2.75391,2.69531,2.87109,2.98828,3.16406,3.22266,3.45703,3.57422,3.80859,0.125732,0.184326,0.136719,0.130615,0.155029,0.12085,0.140381,0.118408,0.117188,0.113525,0.101318
2016-06-16T08:10:00Z,236.25,239.76563,237.30469,238.35938,240.82031,235.19531,236.95313,233.08594,233.78906,230.625,230.625,226.75781,2.8125,2.28516,2.63672,2.46094,2.40234,2.63672,2.51953,2.8125,2.87109,3.04688,3.10547,3.33984,3.45703,0.133057,0.145264,0.146484,0.13916,0.148926,0.112305,0.134277,0.125732,0.100098,0.10376,0.075684
2016-06-16T08:20:00Z,239.41406,244.33594,243.28125,245.74219,238.71094,240.11719,237.30469,237.30469,233.78906,233.78906,229.21875,230.27344,2.8125,2.05078,2.28516,2.34375,2.40234,2.34375,2.57813,2.51953,2.69531,2.75391,2.92969,3.16406,3.45703,0.145264,0.170898,0.130615,0.146484,0.157471,0.137939,0.131836,0.17334,0.141602,0.083008,0.089111
2016-06-16T08:30:00Z,238.35938,236.25,238.00781,236.60156,236.25,235.89844,232.38281,232.73438,227.10938,226.40625,224.29688,226.40625,2.57813,1.99219,2.16797,2.10938,2.22656,2.16797,2.16797,2.40234,2.40234,2.63672,2.8125,3.10547,3.16406,0.169678,0.169678,0.146484,0.183105,0.148926,0.168457,0.141602,0.125732,0.148926,0.130615,0.102539
2016-06-16T08:40:00Z,231.32813,232.38281,236.60156,234.84375,230.27344,229.21875,224.64844,222.53906,221.13281,218.67188,219.72656,220.07813,2.40234,1.69922,1.75781,1.64063,1.75781,1.75781,1.75781,1.99219,2.05078,2.34375,2.40234,2.75391,2.87109,0.19165,0.166016,0.162354,0.194092,0.183105,0.217285,0.136719,0.147705,0.152588,0.115967,0.114746
2016-06-16T08:50:00Z,228.86719,232.38281,230.27344,230.625,226.40625,226.75781,220.42969,218.67188,215.85938,216.91406,215.15625,218.32031,2.34375,1.58203,1.69922,1.64063,1.69922,1.81641,1.93359,1.99219,2.22656,2.40234,2.63672,2.8125,3.04688,0.174561,0.180664,0.180664,0.177002,0.181885,0.12207,0.161133,0.096436,0.134277,0.084229,0.102539
2016-06-16T09:00:00Z,223.24219,224.29688,220.78125,221.83594,218.32031,218.67188,215.85938,214.10156,212.34375,216.5625,213.04688,215.15625,2.10938,1.58203,1.69922,1.69922,1.69922,1.875,1.93359,2.22656,2.22656,2.63672,2.69531,2.92969,2.92969,0.230713,0.161133,0.184326,0.135498,0.166016,0.142822,0.12207,0.147705,0.095215,0.142822,0.177002
2016-06-16T09:10:00Z,222.1875,220.42969,223.59375,225.70313,219.02344,219.375,214.80469,218.32031,217.96875,220.07813,217.61719,220.78125,2.16797,1.40625,1.64063,1.81641,1.69922,1.69922,1.99219,2.05078,2.46094,2.57813,2.87109,2.92969,3.16406,0.203857,0.213623,0.223389,0.20874,0.196533,0.184326,0.158691,0.126953,0.162354,0.12207,0.102539
2016-06-16T09:20:00Z,214.80469,217.96875,215.50781,217.26563,215.50781,210.58594,216.21094,210.23438,213.04688,210.58594,210.58594,211.99219,2.16797,1.64063,1.875,1.75781,1.81641,2.05078,2.10938,2.40234,2.40234,2.69531,2.75391,2.98828,3.22266,0.17334,0.183105,0.148926,0.163574,0.133057,0.186768,0.192871,0.125732,0.136719,0.13916,0.097656
2016-06-16T09:30:00Z,210.9375,213.39844,211.28906,212.34375,211.28906,207.77344,210.58594,208.47656,208.125,205.66406,205.66406,205.3125,2.22656,1.64063,1.81641,1.81641,1.64063,1.81641,1.99219,2.22656,2.51953,2.63672,2.87109,2.92969,3.16406,0.195313,0.223389,0.212402,0.189209,0.161133,0.130615,0.151367,0.13916,0.135498,0.126953,0.126953
2016-06-16T09:40:00Z,212.34375,212.69531,214.80469,211.99219,212.34375,209.17969,206.71875,202.5,203.20313,203.20313,203.20313,201.79688,2.46094,1.81641,2.05078,2.05078,2.05078,2.10938,2.16797,2.46094,2.63672,2.8125,2.92969,2.92969,2.92969,0.230713,0.250244,0.211182,0.220947,0.166016,0.161133,0.164795,0.140381,0.079346,0.144043,0.130615
2016-06-16T09:50:00Z,202.5,201.79688,208.82813,205.66406,204.96094,200.03906,202.14844,206.36719,208.82813,201.09375,207.77344,206.01563,3.04688,2.28516,2.69531,2.63672,2.75391,2.75391,2.69531,2.92969,2.98828,2.98828,2.98828,2.98828,2.69531,0.323486,0.26123,0.180664,0.406494,0.194092,0.174561,0.306396,0.20874,0.184326,0.203857,0.181885
2016-06-16T10:00:00Z,202.85156,209.88281,210.9375,206.01563,204.96094,200.74219,208.125,207.07031,221.13281,208.82813,204.60938,209.17969,3.75,2.63672,2.92969,3.04688,3.33984,2.92969,3.04688,3.10547,3.04688,3.10547,3.10547,3.22266,3.04688,0.296631,0.336914,0.297852,0.245361,0.306396,0.354004,0.308838,0.330811,0.421143,0.594482,0.186768
2016-06-16T10:10:00Z,214.45313,222.1875,220.78125,217.26563,218.32031,216.91406,212.34375,213.04688,210.9375,223.24219,215.50781,216.91406,3.39844,2.57813,3.04688,3.22266,3.16406,2.98828,3.33984,3.04688,2.87109,3.57422,2.98828,3.75,3.22266,0.250244,0.43457,0.445557,0.219727,0.340576,0.239258,0.187988,0.544434,0.262451,0.471191,0.246582
2016-06-16T10:20:00Z,219.02344,223.59375,218.32031,210.23438,223.94531,223.94531,226.75781,217.61719,216.5625,222.53906,222.89063,222.1875,3.39844,2.51953,2.75391,2.98828,2.98828,3.39844,2.75391,3.10547,2.75391,3.28125,2.75391,3.10547,3.10547,0.284424,0.358887,0.351563,0.629883,0.185547,0.246582,0.186768,0.532227,0.205078,0.45166,0.432129
2016-06-16T10:30:00Z,222.89063,228.51563,222.89063,224.29688,225.70313,225.0,228.86719,227.46094,228.51563,218.32031,228.51563,232.73438,3.33984,2.34375,2.51953,2.69531,2.51953,2.57813,2.46094,2.75391,2.69531,2.63672,3.04688,2.75391,2.8125,0.197754,0.52124,0.220947,0.187988,0.22583,0.263672,0.362549,0.170898,0.499268,0.220947,0.247803
2016-06-16T10:40:00Z,226.75781,230.97656,232.73438,232.03125,221.13281,226.40625,231.32813,238.00781,237.65625,230.97656,227.10938,235.54688,2.69531,2.05078,1.99219,2.40234,2.46094,2.57813,2.51953,2.51953,2.28516,2.57813,2.40234,2.69531,2.46094,0.251465,0.172119,0.380859,0.581055,0.526123,0.424805,0.449219,0.535889,0.325928,0.402832,0.252686
2016-06-16T10:50:00Z,240.82031,239.76563,241.52344,245.03906,243.63281,247.5,242.92969,242.57813,246.79688,243.98438,245.03906,251.71875,2.63672,1.99219,2.34375,2.28516,2.22656,2.28516,2.28516,2.34375,2.22656,2.28516,2.51953,2.34375,2.28516,0.57373,0.218506,0.214844,0.241699,0.213623,0.413818,0.181885,0.233154,0.247803,0.251465,0.213623
2016-06-16T11:00:00Z,245.74219,241.17188,246.44531,240.46875,243.63281,248.20313,248.20313,246.44531,247.5,249.25781,254.88281,254.88281,3.10547,1.81641,2.05078,1.93359,1.875,1.93359,2.05078,2.05078,1.93359,2.05078,2.05078,2.34375,1.99219,0.216064,0.178223,0.249023,0.262451,0.415039,0.362549,0.209961,0.20874,0.185547,0.281982,0.26001
2016-06-16T11:10:00Z,247.14844,248.55469,250.3125,249.25781,249.60938,241.875,251.71875,255.58594,251.71875,255.58594,253.47656,257.34375,2.16797,1.52344,1.52344,1.52344,1.64063,1.46484,1.58203,1.58203,1.58203,1.58203,1.69922,1.69922,1.93359,0.233154,0.250244,0.239258,0.211182,0.251465,0.253906,0.274658,0.185547,0.245361,0.238037,0.185547
2016-06-16T11:20:00Z,235.54688,230.97656,234.49219,233.4375,237.65625,239.76563,240.11719,241.17188,247.5,241.52344,236.60156,244.6875,1.69922,1.11328,1.28906,1.34766,1.34766,1.23047,1.34766,1.34766,1.40625,1.34766,1.34766,1.28906,1.40625,0.283203,0.240479,0.273438,0.229492,0.274658,0.26001,0.26123,0.285645,0.180664,0.258789,0.280762
2016-06-16T11:30:00Z,212.69531,230.97656,221.83594,230.625,220.78125,221.13281,225.70313,232.38281,228.51563,232.73438,235.19531,230.27344,1.52344,0.87891,1.11328,1.23047,1.23047,1.23047,1.11328,1.11328,0.99609,1.17188,1.11328,1.05469,1.05469,0.29541,0.267334,0.270996,0.267334,0.236816,0.235596,0.262451,0.240479,0.249023,0.202637,0.262451
2016-06-16T11:40:00Z,252.42188,246.09375,253.47656,253.125,246.09375,245.74219,243.28125,249.96094,253.82813,259.10156,255.23438,251.01563,1.46484,0.9375,1.28906,1.40625,1.23047,1.23047,1.28906,1.28906,1.11328,1.11328,1.17188,1.23047,1.11328,0.322266,0.53833,0.211182,0.285645,0.214844,0.662842,0.195313,0.20874,0.253906,0.231934,0.258789
2016-06-16T11:50:00Z,259.10156,265.78125,272.8125,273.86719,272.46094,277.38281,269.29688,269.29688,263.32031,264.375,258.39844,257.34375,1.64063,0.99609,1.28906,1.40625,1.46484,1.34766,1.34766,1.34766,1.23047,1.34766,1.28906,1.23047,1.34766,0.317383,0.319824,0.236816,0.256348,0.219727,0.249023,0.324707,0.222168,0.268555,0.267334,0.2771
2016-06-16T12:00:00Z,275.625,278.78906,273.16406,267.1875,262.26563,276.67969,269.29688,265.42969,270.70313,253.125,252.07031,246.09375,1.34766,0.82031,1.17188,1.11328,1.11328,1.17188,1.23047,1.11328,1.11328,1.05469,1.17188,1.11328,1.17188,0.318604,0.247803,0.257568,0.235596,0.27832,0.227051,0.292969,0.32959,0.20874,0.206299,0.247803
2016-06-16T12:10:00Z,261.5625,271.05469,277.38281,281.25,274.92188,274.21875,273.51563,266.83594,261.5625,262.61719,259.45313,253.47656,1.69922,0.99609,1.17188,1.23047,1.23047,1.17188,1.23047,1.17188,1.11328,1.17188,1.23047,1.17188,1.28906,0.300293,0.258789,0.223389,0.262451,0.236816,0.251465,0.213623,0.212402,0.19165,0.268555,0.177002
2016-06-16T12:20:00Z,287.57813,294.60938,291.79688,290.74219,292.85156,292.5,286.875,285.11719,273.51563,274.21875,262.26563,267.1875,1.34766,0.76172,1.11328,1.17188,1.11328,1.05469,1.11328,1.05469,0.99609,0.99609,0.99609,0.99609,0.99609,0.283203,0.302734,0.267334,0.224609,0.270996,0.272217,0.252686,0.263672,0.240479,0.214844,0.249023
2016-06-16T12:30:00Z,295.66406,304.45313,304.80469,295.66406,303.39844,305.15625,304.45313,290.39063,287.57813,279.14063,284.41406,278.08594,1.46484,0.76172,1.05469,1.11328,1.11328,1.05469,1.05469,0.99609,0.9375,0.9375,0.99609,0.9375,0.9375,0.252686,0.250244,0.235596,0.252686,0.234375,0.244141,0.235596,0.214844,0.296631,0.281982,0.227051
2016-06-16T12:40:00Z,297.77344,307.96875,325.54688,316.05469,311.83594,329.76563,312.1875,315.35156,299.53125,296.01563,275.625,245.03906,1.58203,0.76172,1.11328,1.11328,1.17188,1.11328,1.17188,1.05469,1.05469,0.9375,0.99609,1.05469,1.69922,0.314941,0.268555,0.273438,0.330811,0.286865,0.279541,0.290527,0.256348,0.258789,0.322266,0.43457
2016-06-16T12:50:00Z,303.75,308.67188,311.83594,310.07813,311.83594,315.35156,312.53906,306.21094,288.28125,275.625,251.01563,241.52344,1.99219,1.23047,1.46484,1.46484,1.46484,1.40625,1.40625,1.34766,1.34766,1.34766,1.58203,2.22656,2.63672,0.253906,0.235596,0.279541,0.213623,0.22583,0.247803,0.174561,0.214844,0.201416,0.20874,0.097656
2016-06-16T13:00:00Z,319.57031,325.89844,331.52344,332.22656,330.11719,329.0625,328.71094,322.73438,316.05469,303.39844,288.28125,264.72656,2.57813,1.69922,1.99219,1.93359,1.93359,1.93359,1.875,1.81641,1.69922,1.69922,1.64063,1.75781,2.10938,0.194092,0.170898,0.20752,0.219727,0.184326,0.157471,0.206299,0.19043,0.26001,0.151367,0.142822
2016-06-16T13:10:00Z,335.74219,343.47656,348.39844,346.99219,345.9375,346.64063,344.53125,336.79688,333.28125,324.84375,313.94531,286.52344,2.75391,1.81641,1.99219,1.875,1.875,1.93359,1.93359,1.99219,1.93359,1.875,1.75781,1.75781,1.64063,0.196533,0.206299,0.178223,0.202637,0.195313,0.198975,0.157471,0.241699,0.209961,0.302734,0.235596
2016-06-16T13:20:00Z,14.41406,22.14844,20.74219,21.44531,21.09375,22.85156,16.875,13.00781,11.25,7.38281,6.67969,4.57031,2.57813,1.58203,1.875,1.93359,1.875,1.93359,1.99219,1.81641,1.875,1.75781,1.64063,1.64063,1.40625,0.201416,0.200195,0.197754,0.175781,0.179443,0.177002,0.163574,0.183105,0.227051,0.222168,0.24292
2016-06-16T13:30:00Z,7.03125,9.84375,11.95313,8.78906,11.25,12.65625,11.60156,11.60156,8.08594,10.89844,358.94531,356.48438,2.87109,2.16797,2.46094,2.46094,2.40234,2.40234,2.46094,2.34375,2.22656,2.16797,1.93359,1.69922,1.58203,0.126953,0.117188,0.157471,0.148926,0.12085,0.129395,0.180664,0.153809,0.137939,0.239258,0.227051
2016-06-16T13:40:00Z,3.51563,4.21875,7.73438,8.4375,4.92188,8.4375,5.27344,4.57031,4.57031,359.29688,337.14844,342.77344,2.92969,2.34375,2.51953,2.63672,2.57813,2.57813,2.51953,2.40234,2.22656,2.10938,1.69922,1.58203,1.40625,0.098877,0.131836,0.129395,0.130615,0.097656,0.142822,0.135498,0.144043,0.22583,0.205078,0.258789
2016-06-16T13:50:00Z,20.39063,28.47656,32.69531,29.17969,28.47656,26.36719,26.01563,24.60938,23.20313,22.5,19.33594,21.79688,3.16406,2.51953,2.69531,2.69531,2.75391,2.63672,2.69531,2.57813,2.57813,2.46094,2.40234,2.40234,2.40234,0.136719,0.119629,0.128174,0.128174,0.111084,0.137939,0.10498,0.124512,0.112305,0.125732,0.140381
2016-06-16T14:00:00Z,33.75,33.39844,36.5625,36.5625,32.34375,33.39844,29.88281,27.07031,26.36719,25.66406,27.77344,26.71875,3.10547,2.51953,2.63672,2.63672,2.69531,2.63672,2.63672,2.63672,2.51953,2.46094,2.28516,2.34375,2.28516,0.12207,0.137939,0.13916,0.107422,0.107422,0.129395,0.12085,0.123291,0.157471,0.192871,0.177002
2016-06-16T14:10:00Z,34.80469,42.53906,40.78125,41.13281,40.42969,37.61719,38.67188,38.67188,35.50781,34.45313,34.45313,31.99219,3.39844,2.69531,2.8125,2.92969,2.92969,2.92969,2.98828,2.87109,2.92969,2.75391,2.87109,2.69531,2.75391,0.140381,0.131836,0.119629,0.117188,0.096436,0.117188,0.100098,0.135498,0.128174,0.108643,0.109863
2016-06-16T14:40:00Z,35.85938,38.32031,35.50781,35.85938,40.07813,36.91406,38.32031,36.21094,35.15625,33.75,32.34375,32.69531,3.39844,2.87109,3.04688,3.04688,3.04688,3.04688,2.98828,2.92969,2.87109,2.69531,2.63672,2.40234,2.34375,0.061035,0.090332,0.081787,0.096436,0.089111,0.076904,0.08667,0.12085,0.125732,0.189209,0.152588
2016-06-16T14:50:00Z,35.85938,42.1875,42.1875,43.24219,43.24219,42.89063,42.53906,42.1875,39.375,38.67188,37.96875,36.91406,3.45703,2.87109,3.04688,3.10547,3.04688,3.16406,3.16406,3.04688,3.04688,2.8125,2.87109,2.75391,2.69531,0.109863,0.107422,0.084229,0.108643,0.090332,0.098877,0.084229,0.118408,0.10498,0.101318,0.129395
2016-06-16T15:00:00Z,30.9375,31.99219,30.58594,28.82813,29.88281,28.82813,28.125,26.36719,23.90625,22.14844,20.74219,17.92969,3.57422,2.87109,3.04688,3.10547,3.10547,3.04688,3.10547,3.04688,2.98828,2.8125,2.75391,2.63672,2.40234,0.098877,0.108643,0.108643,0.081787,0.076904,0.06958,0.090332,0.093994,0.081787,0.102539,0.128174
2016-06-16T15:10:00Z,27.77344,34.10156,34.10156,34.10156,32.69531,31.99219,31.99219,29.88281,29.17969,28.125,28.125,25.3125,3.39844,2.8125,3.10547,3.10547,3.10547,3.16406,3.16406,3.10547,3.10547,3.10547,2.98828,2.87109,2.8125,0.06958,0.076904,0.087891,0.095215,0.085449,0.079346,0.074463,0.072021,0.085449,0.124512,0.108643
2016-06-16T15:20:00Z,29.53125,35.15625,34.80469,34.45313,35.85938,34.10156,34.10156,31.64063,31.64063,28.47656,29.88281,20.03906,3.75,3.22266,3.39844,3.51563,3.51563,3.51563,3.45703,3.39844,3.33984,3.16406,3.10547,2.98828,2.75391,0.06958,0.084229,0.080566,0.091553,0.10376,0.08667,0.109863,0.100098,0.10498,0.119629,0.184326
2016-06-16T15:30:00Z,33.75,40.07813,37.96875,36.91406,39.02344,36.5625,37.96875,34.45313,35.50781,34.80469,31.64063,14.76563,4.04297,3.45703,3.69141,3.69141,3.75,3.69141,3.75,3.63281,3.51563,3.45703,3.28125,2.98828,2.46094,0.059814,0.080566,0.064697,0.074463,0.081787,0.084229,0.079346,0.092773,0.093994,0.13916,0.26123
2016-06-16T15:40:00Z,36.5625,39.02344,37.96875,40.07813,41.48438,40.42969,39.02344,39.02344,36.21094,35.50781,34.45313,26.01563,4.33594,3.45703,3.69141,3.80859,3.75,3.75,3.69141,3.63281,3.63281,3.51563,3.39844,3.16406,2.87109,0.074463,0.085449,0.070801,0.072021,0.08667,0.080566,0.070801,0.065918,0.101318,0.129395,0.186768
2016-06-16T15:50:00Z,28.47656,34.45313,32.69531,32.69531,34.80469,33.04688,33.75,32.69531,31.28906,27.07031,15.82031,0.70313,4.27734,3.69141,3.86719,3.86719,4.04297,3.86719,3.86719,3.80859,3.69141,3.45703,3.28125,2.92969,2.46094,0.059814,0.085449,0.091553,0.067139,0.092773,0.092773,0.080566,0.096436,0.10376,0.136719,0.162354
2016-06-16T16:00:00Z,31.64063,35.15625,34.80469,33.39844,35.15625,33.39844,31.64063,28.82813,25.66406,20.39063,0.70313,346.99219,4.45313,3.92578,3.98438,4.10156,4.10156,4.04297,3.98438,3.86719,3.75,3.51563,3.16406,2.63672,2.46094,0.092773,0.067139,0.083008,0.076904,0.062256,0.092773,0.078125,0.100098,0.087891,0.13916,0.113525
2016-06-16T16:10:00Z,33.04688,36.5625,35.50781,35.85938,36.21094,35.15625,33.04688,29.17969,22.14844,7.38281,351.91406,344.53125,4.39453,3.69141,3.92578,3.92578,3.98438,3.92578,3.75,3.57422,3.45703,3.10547,2.63672,2.10938,1.99219,0.064697,0.059814,0.068359,0.064697,0.047607,0.093994,0.106201,0.12085,0.133057,0.123291,0.083008
2016-06-16T16:20:00Z,33.04688,27.07031,28.82813,25.66406,25.3125,26.01563,19.33594,11.60156,354.375,348.75,347.34375,346.64063,4.39453,3.69141,4.10156,3.92578,3.98438,3.92578,3.51563,3.22266,2.87109,2.57813,2.34375,2.22656,2.16797,0.072021,0.06958,0.064697,0.057373,0.10376,0.06958,0.084229,0.068359,0.092773,0.070801,0.118408
2016-06-16T16:50:00Z,33.04688,7.38281,8.4375,10.54688,2.8125,348.75,336.09375,329.41406,325.19531,323.78906,320.625,319.21875,4.39453,3.69141,3.28125,3.28125,3.28125,3.16406,2.92969,2.8125,2.51953,2.28516,1.99219,1.99219,1.75781,0.061035,0.063477,0.092773,0.108643,0.079346,0.092773,0.093994,0.102539,0.076904,0.063477,0.084229
2016-06-16T21:10:00Z,236.25,214.10156,214.10156,214.45313,205.3125,204.25781,198.63281,198.28125,193.35938,192.65625,196.17188,195.11719,1.17188,0.76172,1.17188,1.28906,1.28906,1.28906,1.34766,1.28906,1.34766,1.28906,1.34766,1.28906,1.28906,0.178223,0.181885,0.140381,0.161133,0.19165,0.192871,0.180664,0.280762,0.233154,0.314941,0.306396
2016-06-16T21:20:00Z,273.86719,245.74219,232.73438,246.09375,232.73438,235.19531,232.38281,232.38281,258.75,244.6875,267.89063,266.48438,1.11328,0.76172,1.05469,0.99609,0.99609,1.05469,0.9375,0.82031,0.87891,0.87891,0.82031,0.82031,0.82031,0.224609,0.251465,0.19165,0.213623,0.220947,0.19043,0.211182,0.213623,0.195313,0.167236,0.137939
2016-06-16T21:30:00Z,298.82813,269.64844,261.21094,259.80469,281.25,283.71094,272.8125,285.46875,265.07813,292.14844,281.25,310.42969,1.40625,0.70313,0.87891,0.87891,0.9375,0.87891,0.87891,0.99609,0.99609,0.99609,0.87891,1.05469,0.9375,0.314941,0.308838,0.332031,0.239258,0.240479,0.244141,0.263672,0.189209,0.251465,0.234375,0.211182
2016-06-16T21:40:00Z,318.86719,288.98438,289.6875,285.46875,310.07813,313.24219,315.0,313.94531,287.57813,317.8125,302.69531,291.09375,1.17188,0.70313,0.9375,0.9375,0.87891,0.9375,1.05469,1.05469,1.11328,1.11328,1.11328,1.05469,1.05469,0.395508,0.479736,0.461426,0.268555,0.249023,0.228271,0.258789,0.256348,0.234375,0.201416,0.213623
2016-06-16T21:50:00Z,310.07813,308.32031,310.78125,310.78125,327.30469,326.95313,328.00781,342.77344,339.96094,340.66406,327.30469,341.01563,1.40625,0.82031,0.70313,0.76172,0.76172,0.82031,0.87891,0.82031,0.87891,0.87891,0.87891,0.87891,0.87891,0.152588,0.224609,0.202637,0.192871,0.19043,0.230713,0.234375,0.214844,0.249023,0.273438,0.19043
2016-06-16T22:00:00Z,324.84375,330.46875,332.57813,330.11719,352.96875,6.67969,17.22656,14.76563,18.63281,13.00781,17.57813,17.92969,1.17188,0.76172,0.87891,0.82031,1.11328,0.82031,0.82031,0.87891,0.76172,0.82031,0.82031,0.9375,0.99609,0.202637,0.223389,1.728516,0.20752,0.19043,0.192871,0.161133,0.219727,0.175781,0.181885,0.20874
2016-06-16T22:10:00Z,334.33594,343.82813,348.04688,343.47656,355.42969,357.1875,5.625,5.625,12.65625,11.95313,17.22656,20.74219,1.46484,0.9375,1.11328,1.05469,1.05469,1.17188,1.11328,1.17188,1.11328,1.23047,1.23047,1.34766,1.40625,0.280762,0.218506,0.267334,0.20874,0.247803,0.253906,0.236816,0.223389,0.185547,0.17334,0.174561
2016-06-16T22:20:00Z,356.48438,2.46094,5.625,2.46094,6.32813,9.84375,14.41406,16.875,19.6875,19.6875,22.14844,24.96094,1.93359,1.28906,1.46484,1.52344,1.40625,1.52344,1.46484,1.46484,1.34766,1.52344,1.46484,1.75781,1.64063,0.195313,0.213623,0.201416,0.213623,0.206299,0.19165,0.216064,0.185547,0.197754,0.19165,0.235596
2016-06-16T22:30:00Z,16.52344,23.20313,27.07031,20.74219,28.125,30.9375,32.34375,32.69531,38.32031,43.94531,46.75781,49.92188,2.10938,1.40625,1.69922,1.75781,1.69922,1.75781,1.69922,1.81641,1.875,1.99219,2.10938,2.16797,2.22656,0.236816,0.209961,0.19165,0.227051,0.180664,0.19165,0.174561,0.218506,0.15625,0.152588,0.145264
2016-06-16T22:40:00Z,58.35938,62.57813,62.22656,64.6875,64.33594,66.44531,69.60938,70.66406,69.60938,69.25781,67.14844,66.44531,2.75391,1.93359,2.22656,2.22656,2.22656,2.40234,2.51953,2.57813,2.57813,2.75391,2.75391,2.87109,2.98828,0.200195,0.185547,0.175781,0.161133,0.134277,0.13916,0.098877,0.113525,0.117188,0.136719,0.10376
2016-06-16T22:50:00Z,81.21094,84.72656,82.26563,82.26563,81.5625,80.50781,80.85938,78.75,79.45313,77.34375,75.23438,73.47656,4.27734,3.16406,3.51563,3.51563,3.39844,3.39844,3.39844,3.39844,3.33984,3.39844,3.28125,3.33984,3.33984,0.203857,0.216064,0.201416,0.169678,0.164795,0.15625,0.157471,0.146484,0.179443,0.151367,0.155029
2016-06-16T23:00:00Z,79.45313,82.61719,79.10156,79.80469,78.39844,76.99219,77.34375,74.17969,72.42188,70.3125,68.90625,66.09375,6.03516,4.33594,4.92188,4.80469,4.80469,5.03906,5.03906,5.09766,5.03906,4.98047,4.98047,4.98047,4.86328,0.123291,0.113525,0.144043,0.108643,0.131836,0.114746,0.126953,0.109863,0.131836,0.112305,0.136719
2016-06-16T23:10:00Z,80.85938,79.45313,80.15625,80.15625,72.77344,70.66406,69.25781,66.79688,63.98438,63.28125,60.11719,60.46875,5.625,4.6875,5.15625,5.27344,5.33203,5.56641,5.85938,5.97656,5.80078,5.74219,5.50781,5.44922,5.33203,0.079346,0.059814,0.093994,0.057373,0.067139,0.05249,0.067139,0.085449,0.072021,0.073242,0.076904
2016-06-16T23:20:00Z,88.24219,86.48438,82.61719,83.67188,77.69531,76.99219,75.58594,73.47656,72.42188,72.42188,69.25781,68.55469,5.80078,4.86328,5.15625,5.27344,5.27344,5.50781,5.74219,5.85938,5.91797,5.91797,5.80078,5.56641,5.39063,0.072021,0.058594,0.054932,0.058594,0.057373,0.046387,0.05127,0.057373,0.050049,0.064697,0.137939
2016-06-16T23:30:00Z,90.70313,93.16406,90.0,89.29688,83.32031,81.5625,79.10156,78.04688,77.34375,74.88281,73.125,70.66406,4.86328,3.75,4.45313,4.45313,4.57031,4.6875,5.03906,5.21484,5.50781,5.44922,5.56641,5.56641,5.44922,0.129395,0.118408,0.102539,0.063477,0.084229,0.059814,0.091553,0.06958,0.083008,0.078125,0.072021
2016-06-16T23:40:00Z,101.95313,104.41406,103.71094,105.11719,100.19531,99.49219,97.03125,92.46094,93.51563,90.0,86.48438,86.48438,3.80859,2.87109,3.33984,3.45703,3.39844,3.75,3.98438,4.27734,4.33594,4.45313,4.39453,4.45313,4.27734,0.114746,0.085449,0.089111,0.097656,0.079346,0.074463,0.100098,0.10376,0.096436,0.111084,0.097656
2016-06-16T23:50:00Z,120.9375,122.34375,119.17969,117.42188,114.25781,108.98438,107.22656,106.52344,103.00781,103.35938,100.54688,98.4375,3.57422,2.8125,3.28125,3.28125,3.28125,3.45703,3.69141,3.98438,4.04297,4.16016,4.16016,4.16016,4.10156,0.091553,0.08667,0.08667,0.092773,0.108643,0.067139,0.058594,0.083008,0.061035,0.057373,0.081787