LOCATION: 
SYSTEM SERIAL: HKZB
TIMESTAMP (ISO-8601) UTC,WindDir004m deg,WindDir030m deg,WindDir040m deg,WindDir040m_ref deg,WindDir060m deg,WindDir080m deg,WindDir100m deg,WindDir120m deg,WindDir140m deg,WindDir160m deg,WindDir180m deg,WindDir200m deg,WindGust004m m/s,WindSpeed004m m/s,WindSpeed030mh m/s,WindSpeed040mh m/s,WindSpeed040m_refh m/s,WindSpeed060mh m/s,WindSpeed080mh m/s,WindSpeed100mh m/s,WindSpeed120mh m/s,WindSpeed140mh m/s,WindSpeed160mh m/s,WindSpeed180mh m/s,WindSpeed200mh m/s,TI 030m,TI 040m,TI 040m ref,TI 060m,TI 080m,TI 100m,TI 120m,TI 140m,TI 160m,TI 180m,TI 200m
2016-08-10T00:00:00Z,350.85938,354.375,354.72656,356.13281,354.375,356.83594,353.67188,354.72656,354.375,354.72656,354.72656,351.5625,12.94922,10.3125,11.36719,11.25,11.19141,11.48438,11.25,11.30859,11.54297,11.36719,11.48438,10.83984,10.42969,0.128174,0.142822,0.114746,0.12207,0.115967,0.133057,0.136719,0.150146,0.102539,0.133057,0.141602
2016-08-10T00:10:00Z,349.10156,354.375,352.61719,349.10156,350.50781,345.58594,350.15625,348.39844,349.10156,348.39844,350.15625,343.47656,11.60156,9.49219,10.78125,10.60547,11.25,10.48828,11.01563,11.36719,11.25,10.78125,10.89844,10.54688,10.54688,0.13916,0.125732,0.163574,0.164795,0.141602,0.098877,0.112305,0.17334,0.130615,0.12207,0.162354
2016-08-10T00:20:00Z,346.99219,349.10156,348.39844,348.39844,345.9375,344.17969,343.47656,343.82813,348.39844,342.77344,346.99219,341.36719,12.01172,9.55078,9.96094,9.84375,10.19531,9.84375,10.19531,10.19531,10.37109,10.25391,10.13672,9.84375,10.01953,0.152588,0.168457,0.163574,0.169678,0.134277,0.129395,0.168457,0.131836,0.125732,0.119629,0.112305
2016-08-10T00:30:00Z,341.71875,343.82813,341.36719,341.71875,344.17969,339.25781,339.96094,339.60938,339.60938,337.85156,339.96094,336.44531,11.13281,8.84766,8.90625,8.84766,8.61328,8.61328,8.73047,8.73047,8.55469,8.61328,8.55469,8.78906,9.19922,0.151367,0.12207,0.146484,0.146484,0.136719,0.124512,0.162354,0.163574,0.144043,0.131836,0.124512
2016-08-10T00:40:00Z,334.33594,333.63281,332.57813,335.74219,331.875,334.33594,330.82031,331.17188,328.71094,330.11719,324.49219,329.0625,9.19922,7.38281,7.44141,7.20703,7.5,7.67578,7.55859,7.38281,7.55859,7.61719,7.67578,8.14453,7.85156,0.164795,0.157471,0.168457,0.144043,0.167236,0.161133,0.169678,0.135498,0.142822,0.108643,0.125732
2016-08-10T00:50:00Z,327.65625,328.35938,330.46875,331.52344,329.0625,324.49219,332.57813,329.0625,326.95313,325.54688,324.49219,326.25,8.32031,6.79688,7.79297,7.79297,8.02734,7.55859,8.32031,8.20313,7.67578,7.67578,7.96875,8.14453,8.02734,0.163574,0.131836,0.134277,0.12085,0.155029,0.150146,0.146484,0.161133,0.161133,0.158691,0.158691
2016-08-10T01:00:00Z,324.14063,322.38281,322.38281,321.67969,320.625,322.38281,325.89844,319.57031,321.32813,321.67969,324.14063,319.92188,9.19922,6.79688,6.09375,6.38672,6.32813,6.44531,6.62109,6.50391,6.50391,6.79688,7.03125,6.67969,6.79688,0.137939,0.159912,0.13916,0.202637,0.150146,0.133057,0.15625,0.159912,0.141602,0.202637,0.166016
2016-08-10T01:10:00Z,317.46094,323.08594,325.54688,325.89844,322.03125,325.19531,327.30469,325.89844,326.60156,326.95313,328.71094,325.19531,7.44141,5.50781,6.62109,6.5625,6.67969,6.79688,6.91406,6.62109,6.79688,6.73828,6.91406,6.91406,6.97266,0.153809,0.137939,0.194092,0.198975,0.177002,0.166016,0.166016,0.180664,0.169678,0.180664,0.180664
2016-08-10T01:20:00Z,327.30469,344.53125,339.96094,341.36719,341.01563,337.14844,341.71875,343.82813,342.07031,341.36719,341.36719,337.14844,8.49609,6.26953,7.20703,7.20703,7.55859,7.14844,7.73438,7.79297,7.67578,7.32422,7.44141,7.32422,7.55859,0.137939,0.133057,0.142822,0.158691,0.135498,0.137939,0.148926,0.189209,0.133057,0.136719,0.13916
2016-08-10T01:30:00Z,341.01563,348.04688,343.47656,345.23438,347.34375,345.9375,345.23438,344.53125,346.64063,346.99219,347.34375,345.9375,8.73047,6.79688,6.91406,7.03125,7.38281,7.26563,7.38281,7.38281,7.38281,7.55859,7.44141,7.5,7.44141,0.166016,0.133057,0.163574,0.119629,0.129395,0.162354,0.175781,0.124512,0.147705,0.151367,0.147705
2016-08-10T01:40:00Z,343.82813,350.50781,347.34375,346.99219,347.34375,345.9375,346.99219,346.64063,345.9375,344.88281,344.17969,346.64063,8.4375,6.38672,6.73828,7.08984,6.85547,6.97266,7.26563,7.26563,7.03125,7.20703,6.91406,6.91406,6.91406,0.153809,0.141602,0.134277,0.125732,0.124512,0.115967,0.17334,0.159912,0.128174,0.146484,0.13916
2016-08-10T01:50:00Z,345.9375,344.53125,342.77344,343.82813,343.125,345.23438,343.82813,342.77344,342.07031,341.71875,342.42188,342.77344,8.20313,6.44531,6.91406,7.03125,7.20703,7.26563,7.26563,7.5,7.67578,7.44141,7.61719,7.79297,7.79297,0.163574,0.136719,0.170898,0.145264,0.145264,0.111084,0.128174,0.147705,0.148926,0.126953,0.123291
2016-08-10T02:10:00Z,1.05469,7.38281,8.08594,6.67969,9.49219,9.14063,7.38281,2.10938,2.8125,357.53906,359.64844,354.02344,9.49219,7.14844,6.91406,6.73828,6.91406,6.50391,6.50391,6.5625,6.5625,6.67969,6.5625,6.21094,6.50391,0.175781,0.192871,0.17334,0.183105,0.234375,0.211182,0.197754,0.181885,0.223389,0.194092,0.180664
2016-08-10T02:20:00Z,6.32813,5.27344,4.92188,7.03125,5.97656,3.16406,359.64844,356.13281,352.96875,350.50781,351.5625,343.47656,8.73047,5.85938,5.27344,5.39063,5.33203,5.33203,5.33203,5.03906,5.03906,4.98047,5.33203,5.27344,5.50781,0.168457,0.164795,0.170898,0.131836,0.177002,0.197754,0.17334,0.181885,0.164795,0.153809,0.168457
2016-08-10T02:30:00Z,3.86719,355.07813,357.53906,352.61719,350.15625,345.58594,345.9375,344.88281,340.66406,341.01563,337.85156,341.71875,7.61719,4.6875,4.6875,4.74609,4.74609,4.86328,5.33203,5.44922,5.85938,5.80078,6.32813,6.38672,6.44531,0.181885,0.223389,0.234375,0.241699,0.230713,0.20752,0.280762,0.231934,0.213623,0.229492,0.186768
2016-08-10T02:40:00Z,347.34375,340.3125,344.17969,344.17969,337.85156,339.60938,337.5,339.60938,336.79688,337.5,336.09375,333.63281,7.91016,4.62891,7.08984,7.20703,7.03125,7.32422,7.32422,7.73438,7.67578,7.91016,7.91016,7.79297,7.96875,0.197754,0.192871,0.202637,0.211182,0.170898,0.181885,0.211182,0.135498,0.111084,0.184326,0.181885
2016-08-10T02:50:00Z,339.96094,344.53125,343.82813,344.17969,345.9375,344.17969,344.88281,342.07031,342.77344,342.77344,342.07031,343.125,8.78906,6.67969,8.02734,8.14453,8.14453,7.91016,8.02734,8.02734,8.20313,8.26172,7.96875,7.79297,8.37891,0.158691,0.119629,0.150146,0.158691,0.150146,0.150146,0.157471,0.134277,0.161133,0.202637,0.17334
2016-08-10T03:00:00Z,338.20313,342.77344,342.42188,343.82813,345.23438,342.77344,346.64063,345.23438,346.28906,343.47656,343.125,344.53125,8.96484,6.97266,6.79688,7.26563,7.08984,7.26563,7.38281,7.32422,7.26563,6.79688,7.38281,7.5,7.5,0.123291,0.150146,0.10498,0.150146,0.145264,0.148926,0.168457,0.170898,0.147705,0.126953,0.158691
2016-08-10T03:10:00Z,342.77344,352.26563,346.99219,345.58594,348.04688,348.75,349.45313,349.10156,347.69531,346.28906,346.64063,347.34375,8.02734,6.38672,6.79688,6.91406,7.03125,7.26563,7.32422,7.26563,7.08984,7.14844,7.14844,7.03125,7.03125,0.153809,0.145264,0.137939,0.140381,0.158691,0.146484,0.179443,0.162354,0.163574,0.166016,0.167236
2016-08-10T03:20:00Z,342.42188,349.45313,347.34375,349.80469,349.10156,350.50781,348.04688,348.39844,350.15625,349.45313,345.9375,351.5625,8.37891,6.26953,6.73828,6.97266,6.62109,7.03125,6.97266,7.14844,7.08984,7.03125,7.08984,7.08984,7.03125,0.145264,0.134277,0.161133,0.13916,0.129395,0.15625,0.12085,0.12085,0.135498,0.136719,0.117188
2016-08-10T03:30:00Z,348.75,349.45313,349.10156,349.45313,349.45313,352.61719,351.5625,351.21094,349.80469,353.32031,351.5625,351.91406,8.14453,6.26953,6.91406,7.26563,7.08984,7.14844,7.14844,7.32422,7.08984,7.38281,7.44141,7.38281,7.08984,0.175781,0.141602,0.155029,0.144043,0.151367,0.142822,0.148926,0.181885,0.174561,0.118408,0.178223
2016-08-10T03:40:00Z,347.34375,349.45313,353.32031,349.45313,348.75,351.21094,351.91406,350.15625,348.39844,350.85938,348.39844,350.85938,8.37891,6.21094,6.79688,7.03125,6.62109,6.97266,7.03125,6.97266,6.97266,7.08984,7.20703,7.20703,7.20703,0.168457,0.153809,0.201416,0.159912,0.169678,0.159912,0.167236,0.119629,0.101318,0.13916,0.144043
2016-08-10T03:50:00Z,344.53125,348.39844,352.26563,349.45313,348.75,349.10156,348.04688,348.75,350.50781,351.21094,348.75,348.04688,8.26172,6.21094,8.02734,7.85156,8.02734,8.02734,7.96875,8.26172,8.14453,8.08594,7.96875,7.79297,7.91016,0.175781,0.162354,0.146484,0.201416,0.19165,0.183105,0.13916,0.15625,0.106201,0.150146,0.134277
2016-08-10T04:00:00Z,347.34375,344.17969,343.82813,344.53125,343.82813,344.88281,343.47656,339.96094,340.3125,343.125,339.60938,340.66406,9.375,7.32422,6.21094,6.32813,6.21094,6.38672,6.62109,6.5625,6.5625,6.73828,6.79688,6.73828,6.97266,0.297852,0.250244,0.283203,0.239258,0.20752,0.216064,0.26123,0.19043,0.200195,0.130615,0.209961
2016-08-10T04:10:00Z,344.17969,345.9375,346.99219,343.47656,346.99219,346.64063,347.69531,345.58594,347.34375,344.17969,345.58594,345.23438,8.96484,5.44922,6.79688,6.79688,6.79688,6.62109,6.79688,6.79688,6.91406,6.79688,7.03125,7.20703,6.97266,0.280762,0.26001,0.244141,0.229492,0.218506,0.240479,0.235596,0.203857,0.230713,0.236816,0.219727
2016-08-10T04:20:00Z,339.60938,351.91406,352.61719,350.50781,356.13281,354.02344,354.72656,354.02344,351.5625,354.375,350.15625,353.32031,8.78906,6.26953,7.08984,6.97266,6.67969,7.14844,7.14844,6.97266,6.79688,6.97266,7.08984,7.08984,7.20703,0.141602,0.163574,0.183105,0.169678,0.142822,0.142822,0.164795,0.145264,0.111084,0.113525,0.142822
2016-08-10T04:30:00Z,354.375,354.375,354.375,354.72656,354.375,351.21094,348.39844,348.75,348.39844,350.85938,350.50781,350.50781,7.85156,5.50781,5.97656,6.09375,5.97656,6.09375,6.15234,6.5625,6.38672,6.67969,6.79688,6.67969,6.62109,0.240479,0.202637,0.219727,0.203857,0.201416,0.231934,0.224609,0.170898,0.198975,0.194092,0.184326
2016-08-10T04:40:00Z,346.99219,352.26563,352.26563,352.96875,353.67188,354.02344,352.26563,354.02344,351.91406,350.50781,353.67188,351.21094,9.02344,6.26953,7.79297,8.20313,7.91016,8.32031,8.37891,8.14453,8.37891,8.20313,8.61328,8.55469,8.49609,0.15625,0.157471,0.147705,0.130615,0.157471,0.152588,0.15625,0.152588,0.10498,0.136719,0.140381
2016-08-10T04:50:00Z,351.5625,350.85938,350.85938,353.32031,350.85938,350.50781,354.02344,352.26563,351.21094,350.85938,348.04688,350.15625,9.31641,7.14844,7.79297,7.85156,7.67578,8.08594,8.32031,8.49609,7.79297,7.91016,7.96875,8.08594,8.32031,0.161133,0.169678,0.146484,0.133057,0.13916,0.148926,0.148926,0.216064,0.119629,0.133057,0.158691
2016-08-10T05:00:00Z,347.34375,349.10156,344.17969,344.88281,350.50781,345.9375,346.99219,346.28906,345.9375,348.39844,349.80469,345.58594,9.02344,7.14844,7.96875,8.08594,7.85156,8.08594,8.02734,8.02734,7.85156,8.26172,8.67188,8.20313,8.20313,0.153809,0.153809,0.174561,0.129395,0.153809,0.175781,0.17334,0.142822,0.134277,0.179443,0.162354
2016-08-10T05:10:00Z,344.17969,355.78125,355.42969,355.07813,355.07813,357.53906,354.02344,356.48438,355.78125,357.1875,355.78125,355.07813,8.96484,7.03125,8.55469,8.61328,8.61328,8.55469,8.55469,8.61328,8.73047,8.96484,8.55469,8.90625,8.90625,0.153809,0.184326,0.162354,0.141602,0.126953,0.172119,0.129395,0.179443,0.183105,0.136719,0.096436
2016-08-10T05:20:00Z,352.26563,356.13281,355.42969,0.70313,355.07813,353.32031,357.53906,354.72656,352.26563,351.91406,356.48438,351.91406,9.96094,7.73438,7.79297,7.79297,7.85156,8.37891,8.78906,8.37891,7.79297,8.14453,8.55469,8.67188,8.37891,0.169678,0.134277,0.152588,0.175781,0.146484,0.17334,0.155029,0.206299,0.157471,0.169678,0.194092
2016-08-10T05:30:00Z,350.85938,347.69531,349.10156,347.34375,348.39844,348.75,345.9375,347.69531,349.45313,347.69531,346.28906,349.10156,9.84375,6.67969,7.38281,7.44141,7.55859,7.32422,7.26563,7.38281,7.61719,7.5,7.5,7.61719,7.55859,0.152588,0.153809,0.175781,0.19043,0.177002,0.167236,0.181885,0.129395,0.162354,0.141602,0.166016
2016-08-10T05:40:00Z,340.66406,347.34375,350.50781,349.45313,348.75,350.50781,346.64063,351.21094,349.45313,350.85938,349.80469,354.72656,8.67188,6.79688,7.67578,7.79297,7.61719,7.61719,7.79297,7.61719,7.79297,7.44141,7.79297,7.79297,7.91016,0.180664,0.189209,0.131836,0.151367,0.15625,0.184326,0.131836,0.167236,0.184326,0.152588,0.147705
2016-08-10T05:50:00Z,344.88281,345.9375,345.23438,346.64063,343.82813,345.9375,345.23438,342.42188,341.36719,341.71875,343.82813,345.58594,9.19922,6.67969,7.14844,7.38281,7.20703,7.44141,7.5,7.20703,7.20703,7.32422,7.79297,7.44141,7.44141,0.140381,0.170898,0.174561,0.135498,0.158691,0.153809,0.223389,0.163574,0.164795,0.19043,0.163574
2016-08-10T06:00:00Z,340.3125,345.58594,347.34375,348.39844,346.99219,349.10156,345.58594,345.9375,345.9375,343.47656,348.04688,344.88281,8.96484,6.50391,6.32813,6.62109,6.32813,6.73828,6.67969,6.67969,6.67969,6.50391,6.85547,6.85547,7.14844,0.20752,0.185547,0.169678,0.184326,0.166016,0.161133,0.179443,0.186768,0.180664,0.175781,0.179443
2016-08-10T06:10:00Z,346.64063,351.91406,351.21094,353.32031,352.26563,352.26563,350.85938,349.80469,350.15625,355.42969,350.85938,353.32031,7.91016,5.80078,7.85156,8.20313,7.85156,8.32031,8.08594,7.85156,8.08594,8.37891,8.37891,8.20313,8.26172,0.247803,0.223389,0.236816,0.250244,0.230713,0.227051,0.235596,0.227051,0.187988,0.200195,0.239258
2016-08-10T06:20:00Z,348.39844,349.45313,354.72656,350.50781,350.50781,353.32031,348.75,349.80469,352.26563,351.21094,351.21094,350.50781,10.48828,8.02734,8.02734,8.08594,8.02734,7.96875,7.96875,7.79297,7.96875,7.91016,7.91016,7.55859,7.61719,0.233154,0.231934,0.213623,0.218506,0.189209,0.218506,0.159912,0.200195,0.178223,0.166016,0.140381
2016-08-10T06:30:00Z,350.15625,347.34375,350.50781,351.21094,348.75,350.15625,349.10156,349.10156,349.45313,345.23438,347.34375,348.39844,9.375,6.67969,6.85547,7.08984,6.67969,7.20703,7.03125,7.26563,7.08984,7.32422,7.38281,7.32422,7.20703,0.157471,0.15625,0.136719,0.195313,0.163574,0.194092,0.128174,0.131836,0.183105,0.187988,0.159912
2016-08-10T06:40:00Z,342.07031,348.04688,346.28906,344.88281,345.58594,345.23438,342.77344,347.69531,344.17969,346.99219,345.58594,345.58594,8.73047,6.38672,6.32813,6.32813,6.91406,6.67969,7.03125,7.08984,6.79688,6.97266,6.73828,6.62109,6.67969,0.20752,0.216064,0.189209,0.187988,0.185547,0.169678,0.168457,0.170898,0.181885,0.174561,0.213623
2016-08-10T06:50:00Z,343.125,350.50781,349.80469,353.32031,350.85938,354.02344,350.85938,352.26563,350.50781,349.80469,350.85938,348.39844,9.375,6.21094,6.73828,7.03125,6.5625,7.14844,6.91406,6.91406,6.79688,6.79688,6.91406,6.79688,6.73828,0.17334,0.178223,0.181885,0.144043,0.136719,0.141602,0.192871,0.163574,0.140381,0.124512,0.13916
2016-08-10T07:00:00Z,352.96875,353.32031,350.85938,351.21094,350.85938,350.85938,352.61719,354.375,348.39844,350.85938,349.80469,349.10156,8.67188,5.85938,5.85938,6.09375,5.91797,6.26953,6.44531,6.32813,6.21094,6.21094,6.32813,6.32813,6.32813,0.205078,0.214844,0.19043,0.194092,0.19165,0.174561,0.151367,0.197754,0.184326,0.202637,0.145264
2016-08-10T07:10:00Z,344.88281,348.75,347.34375,347.34375,349.45313,349.45313,350.50781,351.5625,351.5625,350.15625,353.32031,348.04688,8.73047,5.27344,5.56641,5.74219,5.68359,5.80078,5.68359,5.68359,5.91797,6.03516,6.03516,6.03516,5.85938,0.163574,0.157471,0.213623,0.189209,0.200195,0.175781,0.223389,0.166016,0.152588,0.174561,0.136719
2016-08-10T07:20:00Z,344.88281,351.91406,345.23438,345.58594,348.04688,350.50781,350.15625,348.75,348.04688,348.39844,350.50781,350.85938,7.20703,5.09766,5.50781,5.50781,5.50781,5.80078,5.97656,5.68359,5.80078,5.74219,5.85938,5.97656,5.74219,0.175781,0.164795,0.205078,0.166016,0.198975,0.140381,0.155029,0.174561,0.145264,0.167236,0.217285
2016-08-10T07:30:00Z,342.77344,340.66406,334.6875,337.5,338.55469,341.36719,338.20313,336.79688,338.20313,335.74219,338.55469,335.74219,6.85547,4.98047,6.38672,6.44531,6.38672,6.62109,6.5625,6.44531,6.73828,6.67969,6.73828,6.73828,6.79688,0.170898,0.115967,0.161133,0.145264,0.158691,0.202637,0.153809,0.134277,0.159912,0.133057,0.167236
2016-08-10T07:40:00Z,334.6875,337.85156,338.90625,337.14844,339.60938,341.71875,337.5,340.3125,339.25781,338.20313,334.33594,337.85156,8.14453,6.21094,6.85547,6.91406,6.91406,6.91406,7.20703,7.20703,7.03125,7.26563,6.91406,7.20703,7.08984,0.133057,0.128174,0.158691,0.145264,0.147705,0.128174,0.169678,0.155029,0.115967,0.134277,0.128174
2016-08-10T07:50:00Z,329.41406,332.22656,334.33594,330.46875,334.6875,332.92969,331.17188,332.22656,332.92969,335.74219,330.82031,334.33594,8.37891,6.26953,6.73828,6.67969,6.73828,6.5625,6.67969,7.03125,7.03125,6.91406,7.03125,6.91406,7.08984,0.159912,0.146484,0.158691,0.141602,0.166016,0.135498,0.114746,0.12085,0.115967,0.130615,0.125732
2016-08-10T08:00:00Z,329.0625,338.90625,340.3125,336.79688,337.85156,342.07031,338.20313,336.79688,338.20313,336.09375,337.85156,339.25781,9.25781,6.44531,7.20703,7.14844,7.26563,7.26563,6.97266,7.08984,7.38281,7.67578,7.5,7.38281,7.32422,0.184326,0.124512,0.140381,0.144043,0.168457,0.130615,0.12085,0.144043,0.151367,0.159912,0.15625
2016-08-10T08:10:00Z,336.79688,339.25781,338.90625,338.55469,341.01563,339.60938,337.85156,342.42188,338.20313,340.66406,339.96094,338.55469,8.4375,6.50391,6.73828,6.79688,6.79688,7.03125,7.14844,7.32422,7.03125,7.32422,7.32422,7.32422,7.20703,0.166016,0.147705,0.133057,0.137939,0.162354,0.167236,0.134277,0.169678,0.179443,0.169678,0.151367
2016-08-10T08:20:00Z,333.98438,334.6875,342.07031,336.44531,336.79688,338.90625,335.39063,339.96094,341.36719,338.20313,338.90625,339.25781,9.14063,6.44531,7.44141,7.32422,6.97266,7.61719,7.32422,7.38281,7.26563,7.55859,7.26563,7.38281,7.26563,0.205078,0.128174,0.145264,0.161133,0.157471,0.124512,0.114746,0.136719,0.155029,0.137939,0.124512
2016-08-10T08:30:00Z,336.44531,343.47656,342.42188,344.88281,341.01563,343.47656,339.60938,344.88281,337.5,341.01563,337.5,340.66406,9.08203,6.67969,6.85547,6.79688,6.91406,7.14844,7.20703,7.26563,7.26563,7.08984,7.26563,7.38281,7.20703,0.157471,0.167236,0.146484,0.133057,0.157471,0.161133,0.166016,0.134277,0.136719,0.092773,0.092773
2016-08-10T08:40:00Z,339.25781,339.60938,341.01563,340.3125,338.55469,341.01563,336.79688,334.33594,336.44531,335.03906,336.79688,334.6875,9.25781,6.50391,7.20703,7.26563,7.14844,7.32422,7.32422,7.20703,7.32422,7.55859,7.5,7.26563,7.14844,0.158691,0.170898,0.158691,0.140381,0.164795,0.130615,0.142822,0.142822,0.136719,0.158691,0.145264
2016-08-10T08:50:00Z,337.14844,339.60938,337.5,339.25781,342.07031,341.71875,342.77344,340.3125,340.3125,340.66406,341.01563,341.01563,9.02344,6.73828,7.61719,7.91016,7.79297,8.26172,8.26172,7.67578,7.79297,7.79297,8.02734,7.85156,7.73438,0.12207,0.129395,0.137939,0.112305,0.134277,0.15625,0.112305,0.13916,0.162354,0.119629,0.112305
2016-08-10T09:00:00Z,336.79688,342.77344,339.96094,344.53125,345.23438,340.3125,343.125,341.01563,342.07031,341.01563,343.82813,341.71875,9.49219,6.91406,6.67969,6.73828,6.97266,6.85547,7.03125,7.26563,7.20703,7.38281,7.14844,7.26563,7.61719,0.151367,0.170898,0.136719,0.13916,0.10498,0.166016,0.15625,0.130615,0.178223,0.147705,0.15625
2016-08-10T09:10:00Z,333.98438,330.46875,332.22656,325.89844,329.41406,328.35938,333.98438,329.0625,332.22656,331.17188,330.82031,329.76563,8.14453,6.32813,7.20703,7.14844,7.26563,7.20703,7.44141,7.67578,7.61719,7.67578,7.44141,7.67578,7.67578,0.129395,0.153809,0.123291,0.146484,0.166016,0.148926,0.135498,0.113525,0.141602,0.137939,0.174561
2016-08-10T09:20:00Z,328.71094,336.44531,339.25781,341.01563,338.90625,339.96094,340.3125,343.47656,342.42188,340.66406,338.55469,343.82813,9.08203,6.67969,8.14453,8.37891,8.14453,8.32031,8.37891,8.37891,8.32031,8.02734,8.02734,8.32031,8.14453,0.183105,0.150146,0.124512,0.175781,0.157471,0.123291,0.159912,0.163574,0.175781,0.166016,0.153809
2016-08-10T09:30:00Z,341.01563,344.88281,342.42188,344.17969,343.125,342.77344,341.01563,342.42188,341.01563,343.47656,343.82813,343.47656,10.01953,7.79297,9.14063,9.375,8.96484,9.375,9.31641,9.25781,9.55078,9.43359,9.31641,9.375,9.375,0.13916,0.175781,0.123291,0.136719,0.12207,0.163574,0.15625,0.113525,0.155029,0.150146,0.108643
2016-08-10T09:40:00Z,338.55469,343.82813,342.07031,339.96094,340.66406,340.3125,339.60938,338.55469,339.96094,338.55469,341.71875,339.96094,11.48438,8.61328,9.31641,9.72656,9.90234,9.43359,9.66797,9.78516,9.84375,10.13672,10.13672,9.90234,9.96094,0.205078,0.177002,0.175781,0.166016,0.145264,0.168457,0.169678,0.147705,0.166016,0.161133,0.185547
2016-08-10T09:50:00Z,338.55469,338.55469,342.77344,339.96094,340.3125,339.25781,339.60938,337.5,337.14844,338.20313,337.85156,333.28125,10.37109,7.61719,6.67969,6.97266,6.67969,6.67969,6.73828,6.67969,6.91406,7.44141,7.85156,7.55859,7.67578,0.178223,0.175781,0.163574,0.133057,0.175781,0.189209,0.164795,0.185547,0.13916,0.10376,0.151367
2016-08-10T10:00:00Z,330.46875,322.38281,324.14063,324.49219,322.73438,322.38281,323.78906,324.14063,324.49219,324.14063,323.08594,324.49219,8.61328,6.21094,7.55859,7.67578,7.26563,7.85156,7.73438,7.91016,8.02734,8.08594,7.79297,8.20313,7.91016,0.150146,0.189209,0.148926,0.185547,0.163574,0.158691,0.175781,0.125732,0.158691,0.15625,0.180664
2016-08-10T10:10:00Z,323.08594,331.17188,328.71094,326.60156,331.52344,326.25,329.0625,327.65625,329.0625,327.30469,331.52344,330.46875,8.67188,6.85547,8.20313,7.96875,8.20313,7.91016,8.02734,8.08594,8.4375,8.32031,8.32031,8.32031,8.14453,0.13916,0.136719,0.131836,0.179443,0.135498,0.136719,0.125732,0.155029,0.168457,0.111084,0.124512
2016-08-10T10:20:00Z,326.25,329.41406,323.08594,327.65625,326.25,327.65625,324.84375,324.49219,326.25,326.60156,325.19531,328.35938,8.90625,7.08984,7.61719,7.61719,7.73438,7.67578,7.85156,7.79297,7.96875,8.08594,8.02734,8.14453,8.14453,0.151367,0.128174,0.151367,0.117188,0.13916,0.145264,0.137939,0.117188,0.130615,0.125732,0.13916
2016-08-10T10:30:00Z,321.67969,328.35938,330.46875,330.11719,331.52344,332.57813,329.76563,328.71094,329.41406,329.76563,328.71094,329.0625,8.84766,6.91406,8.02734,8.14453,8.02734,8.14453,7.96875,8.14453,8.02734,8.32031,8.32031,8.4375,8.08594,0.141602,0.109863,0.145264,0.125732,0.141602,0.148926,0.146484,0.144043,0.102539,0.123291,0.152588
2016-08-10T10:40:00Z,329.41406,333.28125,332.92969,333.63281,334.6875,336.79688,332.92969,330.11719,334.33594,333.98438,334.33594,331.875,8.78906,6.91406,7.67578,7.73438,7.73438,7.73438,7.67578,7.85156,8.14453,8.26172,7.85156,7.73438,7.96875,0.12085,0.164795,0.148926,0.129395,0.140381,0.13916,0.15625,0.144043,0.125732,0.123291,0.146484
2016-08-10T10:50:00Z,328.00781,323.08594,323.08594,325.54688,325.19531,324.14063,326.95313,325.89844,326.95313,325.19531,325.19531,329.0625,8.96484,6.97266,7.85156,8.14453,7.85156,8.37891,8.26172,8.61328,8.4375,8.14453,8.02734,8.32031,8.08594,0.17334,0.15625,0.189209,0.170898,0.19043,0.118408,0.157471,0.162354,0.155029,0.147705,0.155029
2016-08-10T11:00:00Z,318.86719,327.65625,329.41406,327.65625,327.30469,328.35938,328.35938,326.95313,329.0625,325.54688,330.11719,331.875,9.19922,7.03125,7.79297,8.08594,7.91016,8.02734,8.20313,8.02734,8.32031,8.20313,8.32031,8.4375,8.4375,0.109863,0.128174,0.197754,0.150146,0.150146,0.177002,0.115967,0.135498,0.159912,0.172119,0.12207
2016-08-10T11:10:00Z,324.14063,329.0625,328.71094,328.71094,332.92969,331.875,332.57813,328.71094,331.17188,327.65625,331.875,328.00781,8.90625,7.03125,7.61719,7.96875,7.73438,7.91016,7.73438,7.61719,7.73438,7.67578,7.96875,7.73438,7.85156,0.181885,0.161133,0.147705,0.146484,0.223389,0.177002,0.213623,0.163574,0.161133,0.135498,0.112305
2016-08-10T11:20:00Z,326.25,328.35938,330.11719,330.46875,331.52344,330.82031,331.52344,327.30469,333.63281,330.11719,332.92969,331.875,8.73047,6.67969,7.26563,7.44141,7.32422,7.38281,7.38281,7.38281,7.55859,7.73438,7.85156,7.73438,7.67578,0.169678,0.17334,0.13916,0.158691,0.129395,0.133057,0.130615,0.170898,0.169678,0.144043,0.109863
2016-08-10T11:30:00Z,329.76563,337.14844,339.25781,337.5,339.60938,339.25781,338.90625,335.74219,338.55469,339.60938,344.17969,336.44531,9.08203,6.67969,9.02344,8.96484,8.90625,9.08203,9.08203,8.90625,9.08203,9.31641,9.55078,8.61328,8.49609,0.183105,0.183105,0.155029,0.170898,0.164795,0.169678,0.196533,0.192871,0.174561,0.201416,0.19043
2016-08-10T11:40:00Z,336.44531,341.36719,337.5,340.66406,342.77344,339.60938,342.77344,339.25781,341.36719,339.60938,342.42188,340.3125,10.25391,8.32031,8.02734,8.4375,8.08594,8.49609,8.61328,8.32031,8.37891,8.32031,8.37891,8.32031,8.32031,0.153809,0.109863,0.148926,0.114746,0.180664,0.136719,0.115967,0.147705,0.109863,0.126953,0.123291
2016-08-10T11:50:00Z,335.39063,336.79688,336.44531,336.79688,335.39063,334.33594,335.74219,336.44531,333.98438,334.6875,335.03906,333.98438,9.55078,7.55859,8.08594,8.08594,8.20313,8.20313,8.14453,8.37891,8.02734,8.20313,8.32031,8.20313,8.08594,0.119629,0.126953,0.144043,0.141602,0.119629,0.150146,0.130615,0.125732,0.15625,0.112305,0.119629
2016-08-10T12:00:00Z,330.11719,335.03906,336.79688,335.74219,338.55469,340.66406,335.03906,337.5,336.79688,335.74219,335.74219,333.63281,9.19922,7.26563,8.08594,8.32031,8.26172,8.4375,8.26172,8.55469,8.73047,8.49609,8.37891,8.55469,8.55469,0.150146,0.151367,0.166016,0.130615,0.126953,0.169678,0.144043,0.135498,0.175781,0.172119,0.13916
2016-08-10T12:10:00Z,332.92969,332.57813,335.03906,333.98438,334.6875,334.33594,335.74219,334.33594,337.5,333.28125,332.22656,331.875,9.60938,7.38281,8.20313,8.08594,8.26172,8.37891,8.67188,8.73047,8.73047,8.4375,7.91016,8.49609,8.49609,0.137939,0.12207,0.130615,0.144043,0.12085,0.125732,0.123291,0.148926,0.15625,0.168457,0.113525
2016-08-10T12:20:00Z,331.875,342.77344,342.77344,342.77344,344.17969,343.47656,340.66406,343.47656,343.47656,341.71875,343.82813,342.07031,9.31641,7.38281,9.19922,9.31641,9.49219,9.31641,9.43359,9.08203,9.43359,9.19922,9.55078,9.25781,8.96484,0.183105,0.167236,0.184326,0.17334,0.195313,0.217285,0.197754,0.177002,0.168457,0.130615,0.181885
2016-08-10T12:30:00Z,342.77344,345.23438,345.23438,345.9375,341.71875,345.23438,343.82813,345.9375,345.23438,343.125,343.82813,344.53125,10.66406,8.67188,9.02344,9.19922,9.08203,9.375,9.66797,9.55078,9.25781,9.72656,9.43359,9.72656,9.72656,0.15625,0.130615,0.177002,0.137939,0.144043,0.12207,0.162354,0.135498,0.131836,0.123291,0.148926
2016-08-10T12:40:00Z,339.96094,341.01563,338.90625,337.85156,340.66406,342.07031,341.01563,340.66406,341.36719,339.25781,341.01563,340.3125,10.19531,8.20313,8.4375,8.55469,8.4375,8.55469,8.55469,8.4375,8.49609,8.4375,8.37891,8.73047,8.73047,0.133057,0.177002,0.134277,0.125732,0.131836,0.174561,0.126953,0.135498,0.151367,0.126953,0.113525
2016-08-10T12:50:00Z,334.6875,335.74219,331.17188,332.57813,335.03906,334.6875,333.28125,333.28125,335.03906,332.92969,335.74219,337.85156,9.19922,7.32422,7.91016,8.14453,8.20313,8.02734,8.08594,7.91016,8.02734,7.96875,8.02734,7.91016,8.14453,0.111084,0.168457,0.130615,0.144043,0.123291,0.150146,0.140381,0.137939,0.15625,0.128174,0.169678
2016-08-10T13:00:00Z,329.41406,332.92969,335.39063,337.85156,333.98438,336.79688,333.63281,335.74219,333.63281,338.20313,335.03906,336.09375,9.14063,7.32422,8.02734,7.61719,7.73438,8.14453,8.02734,8.08594,7.79297,8.26172,8.26172,8.02734,8.08594,0.147705,0.168457,0.115967,0.161133,0.15625,0.146484,0.125732,0.126953,0.142822,0.151367,0.125732
2016-08-10T13:10:00Z,336.44531,339.96094,340.66406,339.60938,341.36719,343.125,341.36719,337.5,339.96094,336.44531,339.60938,339.96094,8.73047,6.91406,7.26563,7.38281,7.26563,7.61719,7.32422,7.38281,7.44141,7.79297,7.79297,7.67578,7.5,0.136719,0.136719,0.150146,0.137939,0.17334,0.152588,0.131836,0.13916,0.131836,0.151367,0.140381
2016-08-10T13:20:00Z,337.5,337.85156,335.03906,332.92969,336.44531,338.90625,337.14844,338.20313,339.25781,335.74219,339.96094,340.66406,8.08594,6.5625,6.79688,6.79688,6.79688,7.03125,6.97266,6.97266,6.97266,6.79688,7.14844,7.03125,7.03125,0.152588,0.144043,0.113525,0.153809,0.145264,0.134277,0.145264,0.161133,0.129395,0.130615,0.134277
2016-08-10T13:30:00Z,328.00781,325.19531,323.4375,324.49219,322.73438,325.19531,327.65625,324.49219,325.54688,324.49219,326.60156,325.54688,8.08594,6.15234,6.62109,6.73828,6.5625,7.03125,6.97266,6.97266,6.79688,6.79688,7.08984,7.03125,7.03125,0.209961,0.148926,0.133057,0.150146,0.167236,0.137939,0.131836,0.153809,0.15625,0.12085,0.147705
2016-08-10T13:40:00Z,321.67969,322.38281,324.84375,323.08594,324.14063,325.19531,325.89844,326.25,325.19531,326.25,325.54688,328.35938,7.73438,5.91797,6.5625,6.67969,6.62109,6.67969,6.5625,6.62109,6.38672,6.85547,6.73828,6.85547,6.5625,0.163574,0.17334,0.166016,0.189209,0.158691,0.169678,0.174561,0.166016,0.157471,0.146484,0.195313
2016-08-10T13:50:00Z,317.46094,325.19531,325.89844,328.35938,326.60156,329.41406,326.60156,328.71094,326.95313,327.65625,328.35938,325.19531,7.61719,6.03516,6.62109,6.62109,6.62109,6.73828,6.62109,6.79688,6.73828,6.97266,6.79688,6.85547,6.97266,0.15625,0.159912,0.147705,0.164795,0.180664,0.13916,0.117188,0.189209,0.169678,0.146484,0.158691
2016-08-10T14:00:00Z,324.84375,327.65625,323.4375,326.25,326.60156,324.14063,327.30469,327.65625,330.46875,326.25,326.25,328.71094,8.4375,5.80078,7.14844,7.14844,6.97266,7.61719,7.5,7.44141,7.38281,7.55859,7.26563,7.73438,7.32422,0.206299,0.170898,0.217285,0.192871,0.194092,0.178223,0.194092,0.192871,0.164795,0.152588,0.162354
2016-08-10T14:10:00Z,320.27344,321.67969,322.38281,317.8125,322.03125,319.92188,320.27344,322.03125,323.08594,323.78906,320.97656,322.03125,8.90625,6.5625,7.79297,7.85156,7.85156,7.61719,7.91016,8.02734,8.20313,8.20313,8.14453,7.96875,8.14453,0.168457,0.133057,0.158691,0.141602,0.124512,0.112305,0.140381,0.152588,0.155029,0.135498,0.159912
2016-08-10T14:20:00Z,320.625,332.92969,330.11719,330.46875,331.875,330.11719,329.0625,328.35938,328.35938,331.17188,329.0625,330.11719,9.08203,7.03125,7.67578,7.55859,7.55859,7.85156,7.85156,7.91016,7.96875,8.14453,8.14453,7.96875,8.26172,0.12085,0.161133,0.166016,0.163574,0.134277,0.151367,0.151367,0.153809,0.134277,0.123291,0.135498
2016-08-10T14:30:00Z,329.41406,339.25781,340.3125,336.44531,336.79688,337.14844,335.03906,335.39063,337.14844,333.28125,331.17188,334.33594,8.67188,6.5625,7.14844,6.91406,7.08984,7.03125,7.14844,7.32422,7.32422,7.14844,6.97266,7.26563,7.55859,0.114746,0.133057,0.174561,0.152588,0.153809,0.129395,0.172119,0.111084,0.134277,0.175781,0.131836
2016-08-10T14:40:00Z,331.52344,325.54688,324.49219,329.41406,326.95313,326.25,325.54688,328.00781,325.89844,325.54688,326.25,326.95313,8.37891,6.09375,6.09375,6.38672,6.03516,6.44531,6.62109,6.50391,6.50391,6.50391,6.5625,6.67969,6.67969,0.209961,0.180664,0.174561,0.175781,0.141602,0.17334,0.162354,0.19043,0.152588,0.155029,0.157471
2016-08-10T14:50:00Z,322.38281,333.98438,334.6875,332.22656,331.875,332.22656,331.875,333.28125,335.03906,335.39063,333.28125,333.28125,8.32031,5.68359,7.14844,6.91406,7.32422,7.32422,7.38281,7.5,7.38281,7.73438,7.44141,7.38281,7.55859,0.196533,0.146484,0.162354,0.183105,0.142822,0.186768,0.151367,0.148926,0.13916,0.157471,0.095215
2016-08-10T15:00:00Z,335.39063,344.17969,343.47656,344.88281,342.42188,341.71875,342.07031,344.17969,341.01563,339.25781,345.58594,343.82813,9.72656,6.26953,6.97266,7.14844,7.26563,7.20703,7.20703,7.32422,7.44141,7.38281,7.14844,7.55859,7.67578,0.170898,0.177002,0.15625,0.192871,0.17334,0.152588,0.155029,0.157471,0.189209,0.17334,0.169678
2016-08-10T15:10:00Z,339.25781,332.22656,333.98438,334.33594,331.17188,333.28125,329.41406,334.6875,334.33594,332.92969,331.875,331.52344,8.55469,6.44531,7.14844,6.91406,7.26563,7.26563,7.26563,7.55859,7.44141,7.08984,7.20703,7.26563,7.44141,0.153809,0.130615,0.152588,0.153809,0.146484,0.130615,0.101318,0.130615,0.147705,0.115967,0.111084
2016-08-10T15:20:00Z,323.08594,333.63281,335.03906,332.92969,335.03906,336.09375,335.03906,335.03906,332.92969,332.92969,336.79688,332.22656,8.61328,6.50391,7.20703,7.20703,7.32422,7.08984,7.61719,7.44141,7.44141,7.38281,7.73438,7.20703,7.08984,0.147705,0.167236,0.152588,0.196533,0.128174,0.181885,0.151367,0.184326,0.151367,0.17334,0.150146
2016-08-10T15:30:00Z,335.03906,336.44531,336.09375,336.44531,335.03906,337.14844,338.20313,339.96094,336.09375,337.5,337.14844,338.55469,8.26172,6.32813,6.91406,7.03125,7.32422,7.14844,7.44141,7.14844,6.97266,6.97266,7.26563,7.03125,7.14844,0.183105,0.123291,0.151367,0.174561,0.145264,0.123291,0.147705,0.185547,0.189209,0.141602,0.133057
2016-08-10T15:40:00Z,333.63281,334.6875,337.85156,339.25781,338.20313,340.3125,336.44531,336.79688,337.5,336.44531,337.5,339.96094,8.73047,6.32813,6.97266,7.26563,6.97266,7.26563,7.20703,7.20703,7.08984,7.26563,7.38281,7.26563,6.91406,0.136719,0.161133,0.15625,0.133057,0.13916,0.144043,0.157471,0.147705,0.124512,0.155029,0.192871
2016-08-10T15:50:00Z,332.22656,331.52344,334.33594,337.14844,332.22656,337.5,331.52344,336.44531,332.57813,334.33594,334.33594,333.63281,8.90625,6.38672,6.62109,6.85547,6.5625,7.20703,6.97266,7.26563,7.03125,7.20703,7.20703,7.26563,7.38281,0.136719,0.181885,0.189209,0.164795,0.22583,0.159912,0.17334,0.150146,0.147705,0.205078,0.152588
2016-08-10T16:00:00Z,329.0625,329.0625,332.92969,331.52344,329.76563,330.11719,325.54688,329.0625,329.0625,329.41406,329.41406,331.17188,8.32031,5.91797,6.73828,6.5625,6.67969,6.50391,6.38672,6.79688,6.97266,6.91406,6.73828,6.85547,6.5625,0.189209,0.131836,0.163574,0.184326,0.159912,0.167236,0.175781,0.150146,0.155029,0.177002,0.179443
2016-08-10T16:10:00Z,324.84375,331.52344,330.82031,330.11719,333.63281,332.22656,333.63281,330.46875,330.46875,331.875,331.17188,329.0625,8.14453,6.15234,6.38672,6.79688,6.62109,6.79688,6.85547,6.38672,6.73828,6.73828,7.03125,6.67969,7.08984,0.217285,0.184326,0.185547,0.175781,0.140381,0.197754,0.166016,0.179443,0.141602,0.170898,0.167236
2016-08-10T16:20:00Z,332.22656,333.98438,335.03906,337.85156,334.6875,336.44531,333.28125,335.39063,337.14844,337.14844,332.22656,333.63281,8.32031,6.03516,6.44531,6.26953,6.32813,6.32813,6.44531,6.97266,6.79688,6.62109,6.44531,6.79688,6.91406,0.157471,0.145264,0.10376,0.140381,0.175781,0.133057,0.151367,0.177002,0.177002,0.10376,0.157471
2016-08-10T16:30:00Z,329.76563,331.52344,332.57813,331.52344,333.98438,331.52344,333.98438,331.52344,334.6875,330.46875,337.14844,332.57813,7.44141,5.39063,6.03516,6.5625,6.03516,6.03516,6.32813,6.15234,6.38672,6.21094,6.38672,6.26953,6.44531,0.181885,0.163574,0.177002,0.168457,0.150146,0.142822,0.145264,0.186768,0.140381,0.126953,0.137939
2016-08-10T16:40:00Z,331.17188,337.5,338.55469,335.74219,337.85156,337.5,337.85156,335.03906,334.33594,334.33594,335.03906,334.33594,7.61719,5.56641,6.09375,6.03516,6.09375,6.26953,6.26953,6.38672,6.21094,6.32813,6.50391,6.38672,6.5625,0.162354,0.13916,0.177002,0.172119,0.140381,0.137939,0.212402,0.096436,0.185547,0.187988,0.169678
2016-08-10T16:50:00Z,329.0625,332.92969,331.52344,332.57813,331.52344,335.39063,331.52344,329.41406,328.71094,329.41406,331.875,330.46875,7.14844,5.44922,6.50391,6.44531,6.21094,6.62109,6.44531,6.38672,6.26953,6.44531,6.26953,6.44531,6.21094,0.152588,0.150146,0.125732,0.128174,0.142822,0.166016,0.178223,0.126953,0.177002,0.163574,0.179443
2016-08-10T17:00:00Z,332.22656,335.39063,335.74219,333.98438,333.28125,333.28125,326.95313,331.875,335.03906,333.98438,326.95313,329.0625,7.91016,5.27344,5.56641,5.50781,5.68359,5.625,5.50781,5.97656,6.21094,6.03516,5.91797,6.15234,6.21094,0.136719,0.184326,0.203857,0.195313,0.114746,0.162354,0.177002,0.175781,0.158691,0.144043,0.168457
2016-08-10T17:10:00Z,324.14063,323.08594,320.625,319.57031,323.4375,317.8125,317.46094,315.35156,319.21875,320.97656,320.625,316.40625,7.32422,5.39063,6.5625,6.73828,6.38672,6.38672,6.44531,6.50391,6.91406,6.85547,6.79688,6.5625,6.62109,0.151367,0.184326,0.224609,0.186768,0.167236,0.184326,0.194092,0.187988,0.175781,0.185547,0.134277
2016-08-10T17:20:00Z,312.1875,319.21875,320.97656,318.51563,322.38281,317.8125,320.625,319.21875,321.67969,321.32813,322.38281,320.97656,7.61719,5.39063,5.74219,5.56641,5.68359,5.68359,5.56641,5.80078,5.80078,6.15234,5.97656,5.97656,5.80078,0.196533,0.183105,0.180664,0.152588,0.185547,0.178223,0.168457,0.144043,0.146484,0.142822,0.212402
2016-08-10T17:30:00Z,319.21875,322.38281,318.51563,319.92188,318.51563,319.21875,320.27344,320.27344,322.38281,323.08594,321.32813,318.51563,8.20313,5.33203,6.62109,6.79688,6.91406,6.73828,6.73828,6.44531,6.67969,6.73828,6.44531,6.26953,6.50391,0.146484,0.117188,0.170898,0.159912,0.168457,0.17334,0.147705,0.159912,0.185547,0.181885,0.117188
2016-08-10T17:40:00Z,315.35156,327.30469,327.30469,328.71094,323.08594,326.95313,324.49219,322.38281,325.19531,325.89844,325.54688,321.67969,7.91016,5.68359,5.91797,5.97656,6.03516,6.32813,5.97656,6.09375,6.26953,6.26953,6.38672,6.26953,6.50391,0.159912,0.172119,0.206299,0.209961,0.234375,0.201416,0.155029,0.161133,0.187988,0.218506,0.212402
2016-08-10T17:50:00Z,323.78906,323.08594,319.21875,319.92188,320.27344,321.67969,322.03125,321.67969,321.67969,319.57031,325.19531,319.92188,8.4375,5.68359,6.09375,6.5625,6.44531,6.38672,6.73828,6.50391,6.5625,6.32813,6.62109,6.26953,6.32813,0.186768,0.163574,0.209961,0.200195,0.201416,0.239258,0.172119,0.181885,0.175781,0.184326,0.155029
2016-08-10T18:00:00Z,316.40625,322.73438,318.51563,317.46094,324.84375,322.03125,320.97656,319.92188,326.95313,321.32813,324.14063,323.4375,7.32422,5.03906,5.68359,5.80078,5.625,6.03516,6.09375,5.85938,6.03516,6.09375,5.85938,5.97656,6.09375,0.186768,0.180664,0.183105,0.172119,0.228271,0.203857,0.163574,0.172119,0.185547,0.183105,0.180664
2016-08-10T18:10:00Z,313.59375,316.05469,317.10938,315.70313,318.86719,318.86719,319.92188,318.51563,316.05469,320.625,318.86719,321.67969,7.5,5.39063,5.68359,5.68359,5.91797,5.68359,5.80078,5.74219,5.74219,5.91797,5.80078,5.97656,5.68359,0.155029,0.125732,0.164795,0.175781,0.159912,0.126953,0.150146,0.13916,0.111084,0.187988,0.136719
2016-08-10T18:20:00Z,318.16406,325.54688,326.60156,328.71094,327.30469,325.54688,324.49219,330.46875,324.49219,325.19531,325.89844,327.30469,7.26563,5.21484,5.39063,5.50781,5.39063,5.74219,5.50781,5.625,5.39063,5.80078,5.68359,6.03516,5.91797,0.194092,0.19043,0.146484,0.183105,0.213623,0.163574,0.185547,0.178223,0.179443,0.166016,0.164795
2016-08-10T18:30:00Z,319.57031,318.16406,317.10938,319.92188,317.46094,314.29688,320.27344,321.32813,318.51563,322.03125,317.10938,324.14063,7.44141,5.21484,5.39063,5.50781,5.44922,5.625,5.74219,6.03516,5.80078,5.625,5.97656,5.97656,5.97656,0.168457,0.20874,0.140381,0.170898,0.141602,0.170898,0.147705,0.162354,0.159912,0.161133,0.128174
2016-08-10T18:40:00Z,307.96875,313.24219,315.70313,317.46094,319.21875,316.05469,316.40625,315.35156,317.46094,316.75781,319.21875,317.46094,6.62109,4.86328,5.625,5.56641,5.50781,5.56641,5.50781,5.56641,5.74219,5.80078,5.74219,5.56641,5.625,0.197754,0.185547,0.177002,0.183105,0.179443,0.144043,0.19043,0.137939,0.131836,0.147705,0.142822
2016-08-10T18:50:00Z,318.51563,329.76563,326.25,328.00781,325.54688,328.35938,328.71094,327.65625,324.84375,327.30469,324.14063,325.19531,6.73828,4.6875,4.92188,5.27344,5.27344,5.33203,5.68359,5.33203,5.44922,5.33203,5.44922,5.21484,5.50781,0.180664,0.146484,0.142822,0.146484,0.144043,0.12085,0.166016,0.184326,0.130615,0.209961,0.117188
2016-08-10T19:00:00Z,316.75781,308.67188,309.375,307.96875,308.67188,309.02344,311.13281,310.78125,312.1875,312.1875,307.96875,309.375,7.14844,5.03906,5.74219,5.68359,5.74219,5.625,5.68359,5.80078,5.91797,5.85938,5.68359,5.625,5.74219,0.150146,0.157471,0.144043,0.145264,0.19165,0.183105,0.144043,0.187988,0.172119,0.181885,0.177002
2016-08-10T19:10:00Z,301.99219,313.59375,312.53906,314.64844,313.24219,316.75781,313.24219,311.83594,309.72656,307.61719,313.24219,313.24219,7.61719,5.03906,4.33594,4.57031,4.57031,4.92188,4.86328,4.6875,4.6875,4.92188,4.92188,5.21484,4.92188,0.172119,0.19043,0.17334,0.201416,0.22583,0.186768,0.153809,0.136719,0.155029,0.186768,0.181885
2016-08-10T19:20:00Z,314.64844,317.46094,318.16406,317.46094,318.16406,311.83594,315.70313,313.59375,316.05469,312.89063,312.1875,315.35156,6.73828,4.21875,4.98047,5.15625,5.09766,4.98047,5.39063,5.21484,5.33203,5.09766,5.15625,5.15625,5.15625,0.202637,0.19165,0.185547,0.202637,0.174561,0.19043,0.153809,0.169678,0.175781,0.205078,0.20874
2016-08-10T19:30:00Z,307.61719,300.23438,298.47656,300.9375,298.47656,301.64063,301.28906,294.96094,302.69531,301.28906,302.69531,298.82813,6.91406,4.39453,4.86328,4.86328,4.74609,5.09766,4.92188,4.92188,4.98047,5.15625,5.09766,4.80469,4.62891,0.20752,0.220947,0.209961,0.211182,0.183105,0.214844,0.179443,0.198975,0.200195,0.163574,0.19043
2016-08-10T19:40:00Z,293.55469,299.17969,299.17969,297.77344,298.47656,294.96094,296.71875,296.01563,297.42188,297.42188,298.82813,296.01563,6.85547,4.6875,4.92188,4.98047,5.15625,4.80469,4.80469,4.80469,4.92188,4.62891,4.74609,4.39453,4.62891,0.178223,0.192871,0.170898,0.152588,0.150146,0.212402,0.192871,0.216064,0.174561,0.180664,0.17334
2016-08-10T19:50:00Z,296.71875,307.96875,308.32031,304.80469,307.61719,302.69531,303.39844,303.04688,301.64063,302.69531,301.99219,306.91406,7.03125,4.04297,3.39844,3.39844,3.63281,3.51563,3.63281,3.86719,3.80859,3.69141,3.69141,3.57422,3.63281,0.177002,0.275879,0.228271,0.256348,0.220947,0.229492,0.239258,0.240479,0.238037,0.20874,0.240479
2016-08-10T20:00:00Z,302.69531,311.83594,305.50781,302.34375,308.32031,306.91406,311.13281,311.48438,311.48438,308.32031,310.07813,308.32031,5.27344,3.28125,3.69141,3.51563,3.80859,3.80859,3.86719,3.92578,3.98438,3.98438,3.92578,4.10156,4.04297,0.231934,0.213623,0.228271,0.179443,0.197754,0.267334,0.211182,0.20752,0.235596,0.227051,0.249023
2016-08-10T20:10:00Z,303.39844,311.48438,309.375,311.13281,315.35156,313.24219,312.53906,312.1875,311.83594,310.07813,310.07813,314.64844,4.80469,3.16406,3.16406,3.28125,3.22266,3.33984,3.28125,3.22266,3.22266,3.39844,3.33984,3.33984,3.28125,0.247803,0.255127,0.246582,0.244141,0.262451,0.246582,0.264893,0.258789,0.222168,0.224609,0.231934
2016-08-10T20:20:00Z,300.23438,283.35938,290.39063,285.82031,288.98438,287.92969,279.84375,283.35938,284.41406,283.35938,287.22656,286.875,4.92188,2.40234,2.40234,2.46094,2.57813,2.46094,2.46094,2.51953,2.63672,2.57813,2.75391,2.57813,2.98828,0.26001,0.310059,0.286865,0.255127,0.2771,0.246582,0.224609,0.22583,0.185547,0.253906,0.159912
2016-08-10T20:30:00Z,286.875,293.90625,301.64063,300.23438,296.36719,300.58594,294.96094,298.47656,298.125,298.125,301.99219,298.82813,4.27734,2.57813,3.63281,3.69141,3.57422,3.69141,3.57422,3.63281,3.69141,3.86719,3.86719,3.80859,3.92578,0.246582,0.224609,0.235596,0.211182,0.222168,0.26001,0.245361,0.257568,0.200195,0.327148,0.201416
2016-08-10T20:40:00Z,292.85156,309.375,315.35156,313.24219,313.94531,313.94531,311.83594,311.48438,314.64844,316.75781,313.59375,313.94531,5.09766,3.28125,3.33984,3.45703,3.33984,3.39844,3.45703,3.57422,3.63281,3.80859,3.69141,3.69141,3.86719,0.253906,0.183105,0.184326,0.179443,0.196533,0.246582,0.253906,0.230713,0.228271,0.24292,0.253906
2016-08-10T20:50:00Z,314.29688,303.39844,297.77344,297.07031,296.71875,294.60938,293.20313,300.58594,297.42188,303.39844,300.58594,296.36719,4.92188,2.63672,2.63672,2.51953,2.63672,2.8125,2.75391,2.8125,2.87109,2.8125,2.92969,2.92969,3.04688,0.316162,0.36377,0.3479,0.284424,0.317383,0.311279,0.241699,0.239258,0.238037,0.258789,0.253906
2016-08-10T21:00:00Z,290.74219,293.20313,294.60938,296.71875,297.77344,298.82813,298.82813,300.9375,296.36719,295.66406,298.82813,299.88281,5.09766,2.16797,3.39844,3.45703,3.45703,3.51563,3.51563,3.57422,3.57422,3.75,3.75,3.69141,3.75,0.279541,0.288086,0.286865,0.26001,0.274658,0.288086,0.238037,0.216064,0.224609,0.198975,0.214844
2016-08-10T21:10:00Z,291.44531,294.60938,297.42188,296.36719,294.96094,297.42188,292.85156,296.36719,298.82813,301.64063,300.58594,301.99219,5.44922,3.16406,3.33984,3.28125,3.28125,3.45703,3.39844,3.45703,3.33984,3.57422,3.45703,3.51563,3.51563,0.187988,0.250244,0.189209,0.174561,0.151367,0.195313,0.169678,0.19043,0.175781,0.166016,0.13916
2016-08-10T21:20:00Z,291.44531,286.52344,285.11719,287.57813,286.52344,287.57813,290.39063,287.92969,288.28125,285.46875,290.39063,290.74219,4.6875,2.98828,3.04688,3.16406,3.16406,3.16406,3.45703,3.22266,3.45703,3.22266,3.57422,3.39844,3.45703,0.216064,0.229492,0.187988,0.263672,0.22583,0.284424,0.205078,0.20752,0.19165,0.189209,0.244141
2016-08-10T21:30:00Z,271.40625,260.50781,266.83594,260.15625,262.61719,264.72656,265.42969,267.1875,267.89063,266.83594,267.1875,269.64844,4.39453,2.63672,2.75391,2.75391,2.69531,2.75391,2.75391,2.87109,2.87109,2.87109,2.92969,2.87109,2.8125,0.194092,0.177002,0.252686,0.174561,0.252686,0.19165,0.169678,0.200195,0.168457,0.133057,0.145264
2016-08-10T21:40:00Z,263.67188,271.75781,268.59375,271.05469,271.40625,277.03125,274.21875,274.92188,276.67969,271.40625,270.35156,272.8125,4.21875,2.40234,2.98828,3.04688,3.16406,3.16406,3.22266,3.10547,3.16406,3.10547,3.04688,3.16406,3.28125,0.234375,0.217285,0.251465,0.211182,0.22583,0.241699,0.20874,0.209961,0.20752,0.198975,0.184326
2016-08-10T21:50:00Z,263.32031,262.61719,261.21094,266.83594,265.07813,264.375,268.59375,268.94531,262.96875,267.89063,265.07813,266.48438,4.39453,2.75391,2.51953,2.8125,2.87109,2.75391,2.8125,2.69531,2.8125,2.75391,2.8125,2.69531,2.75391,0.175781,0.216064,0.186768,0.218506,0.203857,0.200195,0.201416,0.233154,0.239258,0.209961,0.163574
2016-08-10T22:00:00Z,260.50781,255.23438,255.23438,253.82813,252.77344,252.77344,248.90625,253.82813,254.53125,249.96094,253.82813,255.23438,4.21875,2.57813,3.22266,3.28125,3.28125,3.28125,3.33984,3.28125,3.57422,3.39844,3.51563,3.45703,3.39844,0.253906,0.213623,0.20752,0.229492,0.228271,0.249023,0.231934,0.270996,0.203857,0.22583,0.19043
2016-08-10T22:10:00Z,246.09375,244.6875,243.98438,243.28125,243.28125,243.98438,245.74219,244.33594,245.74219,246.09375,243.98438,245.74219,4.74609,3.04688,3.75,3.86719,3.92578,3.92578,4.10156,4.04297,4.10156,4.10156,4.04297,3.98438,3.98438,0.255127,0.220947,0.205078,0.224609,0.163574,0.227051,0.200195,0.252686,0.213623,0.197754,0.267334
2016-08-10T22:20:00Z,237.65625,239.41406,239.0625,240.11719,239.0625,238.35938,242.22656,242.22656,237.65625,239.41406,235.19531,237.65625,4.86328,3.39844,3.86719,3.92578,3.98438,3.75,3.92578,3.75,3.80859,3.75,3.80859,3.75,3.75,0.158691,0.152588,0.177002,0.186768,0.19043,0.157471,0.168457,0.181885,0.148926,0.166016,0.159912
2016-08-10T22:30:00Z,235.19531,239.41406,238.35938,238.00781,235.54688,238.71094,239.76563,241.52344,244.6875,243.63281,244.6875,244.33594,5.09766,3.28125,3.92578,3.92578,4.04297,4.04297,4.04297,4.21875,4.10156,4.33594,4.21875,4.33594,4.16016,0.189209,0.206299,0.167236,0.178223,0.196533,0.172119,0.196533,0.153809,0.175781,0.131836,0.168457
2016-08-10T22:40:00Z,241.875,250.66406,250.3125,251.71875,251.36719,249.25781,252.42188,247.14844,247.5,248.55469,248.55469,251.71875,4.80469,3.69141,4.10156,4.33594,4.27734,4.27734,4.45313,4.21875,4.51172,4.51172,4.62891,4.62891,4.16016,0.141602,0.135498,0.118408,0.167236,0.179443,0.145264,0.169678,0.15625,0.146484,0.161133,0.187988
2016-08-10T22:50:00Z,246.44531,247.5,250.66406,250.66406,248.55469,246.79688,246.79688,244.6875,246.79688,245.74219,247.5,247.5,5.27344,3.75,4.57031,4.6875,4.51172,4.62891,4.62891,4.6875,4.6875,4.6875,4.6875,4.74609,4.74609,0.19043,0.17334,0.163574,0.172119,0.163574,0.169678,0.17334,0.172119,0.170898,0.181885,0.157471
2016-08-10T23:00:00Z,246.79688,249.25781,247.5,250.3125,247.5,246.09375,248.20313,245.39063,245.74219,247.5,247.5,245.74219,5.80078,3.98438,4.39453,4.45313,4.39453,4.45313,4.74609,4.74609,4.74609,4.74609,4.74609,4.86328,4.74609,0.181885,0.192871,0.19165,0.198975,0.157471,0.161133,0.169678,0.178223,0.198975,0.19043,0.175781
2016-08-10T23:10:00Z,243.98438,241.52344,240.82031,240.11719,238.00781,238.71094,240.11719,239.0625,241.17188,242.57813,240.46875,240.11719,5.85938,4.04297,5.27344,5.21484,5.44922,5.15625,5.39063,5.39063,5.44922,5.09766,5.21484,5.21484,5.39063,0.12207,0.163574,0.146484,0.140381,0.133057,0.162354,0.159912,0.161133,0.166016,0.159912,0.180664
2016-08-10T23:20:00Z,240.11719,236.25,235.19531,235.19531,240.46875,237.30469,240.46875,238.35938,239.76563,238.71094,241.17188,242.92969,6.09375,4.62891,5.09766,5.27344,5.15625,5.09766,5.15625,5.15625,5.21484,5.27344,5.21484,5.15625,5.03906,0.142822,0.158691,0.151367,0.166016,0.174561,0.150146,0.170898,0.15625,0.167236,0.180664,0.158691
2016-08-10T23:30:00Z,230.97656,238.35938,240.11719,241.52344,240.46875,237.30469,239.41406,241.875,241.52344,242.22656,241.17188,240.82031,6.67969,4.80469,5.625,5.80078,5.80078,5.80078,5.85938,5.80078,5.74219,5.68359,5.91797,5.91797,5.91797,0.148926,0.150146,0.131836,0.13916,0.140381,0.129395,0.146484,0.128174,0.134277,0.157471,0.141602
2016-08-10T23:40:00Z,238.00781,235.19531,234.84375,236.60156,234.49219,238.71094,236.25,236.95313,238.00781,239.41406,238.71094,240.82031,6.79688,5.03906,6.03516,5.91797,6.03516,5.91797,5.91797,6.03516,6.03516,5.97656,6.03516,5.97656,6.03516,0.126953,0.114746,0.137939,0.136719,0.140381,0.107422,0.166016,0.151367,0.134277,0.158691,0.136719
2016-08-10T23:50:00Z,235.19531,238.71094,240.46875,240.46875,239.76563,239.41406,239.76563,239.41406,239.76563,236.60156,240.46875,239.41406,6.97266,5.44922,6.5625,6.5625,6.38672,6.38672,6.38672,6.50391,6.62109,6.38672,6.38672,6.26953,6.32813,0.129395,0.135498,0.166016,0.141602,0.142822,0.140381,0.12207,0.136719,0.151367,0.123291,0.125732
