LOCATION: 
SYSTEM SERIAL: HKZB
TIMESTAMP (ISO-8601) UTC,WindDir004m deg,WindDir030m deg,WindDir040m deg,WindDir040m_ref deg,WindDir060m deg,WindDir080m deg,WindDir100m deg,WindDir120m deg,WindDir140m deg,WindDir160m deg,WindDir180m deg,WindDir200m deg,WindGust004m m/s,WindSpeed004m m/s,WindSpeed030mh m/s,WindSpeed040mh m/s,WindSpeed040m_refh m/s,WindSpeed060mh m/s,WindSpeed080mh m/s,WindSpeed100mh m/s,WindSpeed120mh m/s,WindSpeed140mh m/s,WindSpeed160mh m/s,WindSpeed180mh m/s,WindSpeed200mh m/s,TI 030m,TI 040m,TI 040m ref,TI 060m,TI 080m,TI 100m,TI 120m,TI 140m,TI 160m,TI 180m,TI 200m
2017-10-09T00:00:00Z,184.57031,203.90625,217.26563,208.47656,206.71875,209.53125,208.125,223.94531,215.50781,216.5625,214.80469,182.8125,1.69922,0.87891,2.57813,2.40234,2.40234,2.22656,2.28516,2.28516,2.28516,2.16797,2.34375,2.16797,2.16797,0.294189,0.336914,0.266113,0.317383,0.311279,0.262451,0.319824,0.351563,0.352783,0.386963,0.360107
2017-10-09T00:10:00Z,208.82813,196.52344,196.52344,199.6875,206.36719,199.6875,195.11719,198.63281,194.0625,167.34375,142.73438,138.86719,3.28125,1.75781,1.93359,1.93359,2.05078,1.81641,1.69922,1.69922,1.58203,1.875,2.63672,3.92578,4.51172,0.19043,0.219727,0.239258,0.262451,0.26123,0.335693,0.227051,0.410156,0.527344,0.507813,0.429688
2017-10-09T00:20:00Z,193.71094,209.88281,211.99219,212.34375,213.04688,214.10156,218.32031,219.72656,190.19531,143.08594,123.04688,123.04688,3.10547,1.81641,1.875,1.81641,1.99219,1.99219,1.99219,2.05078,2.05078,2.51953,3.75,5.27344,5.50781,0.166016,0.175781,0.184326,0.174561,0.163574,0.185547,0.231934,0.361328,0.412598,0.147705,0.140381
2017-10-09T00:30:00Z,210.23438,215.50781,217.61719,217.26563,220.42969,224.29688,226.05469,228.86719,232.73438,230.27344,208.82813,191.60156,2.63672,1.69922,2.10938,2.16797,2.22656,2.28516,2.51953,2.51953,2.57813,2.57813,2.69531,3.04688,3.86719,0.220947,0.129395,0.186768,0.159912,0.19043,0.194092,0.144043,0.15625,0.131836,0.258789,0.275879
2017-10-09T00:40:00Z,216.5625,215.85938,214.45313,216.91406,221.13281,225.0,231.32813,230.27344,235.54688,243.28125,244.33594,243.28125,3.39844,1.99219,2.57813,2.69531,2.63672,2.69531,2.98828,3.04688,3.16406,3.33984,3.51563,3.63281,3.86719,0.170898,0.181885,0.148926,0.140381,0.162354,0.135498,0.134277,0.168457,0.152588,0.137939,0.155029
2017-10-09T00:50:00Z,206.71875,210.58594,210.23438,208.47656,214.45313,217.61719,222.1875,227.10938,230.27344,233.08594,234.84375,241.875,3.39844,2.34375,3.10547,3.10547,3.10547,2.98828,3.10547,3.10547,3.16406,3.10547,3.22266,3.10547,3.39844,0.255127,0.256348,0.197754,0.230713,0.170898,0.186768,0.185547,0.180664,0.20752,0.209961,0.169678
2017-10-09T01:00:00Z,207.07031,248.90625,250.66406,250.66406,256.28906,256.64063,260.15625,264.375,267.53906,270.70313,280.19531,289.33594,4.39453,2.63672,3.92578,4.04297,4.04297,4.04297,4.21875,4.21875,4.45313,4.51172,4.39453,4.45313,4.62891,0.125732,0.123291,0.097656,0.130615,0.115967,0.128174,0.166016,0.187988,0.184326,0.169678,0.124512
2017-10-09T01:10:00Z,243.63281,288.28125,287.57813,289.6875,286.17188,287.57813,286.875,290.39063,286.52344,280.19531,282.30469,282.65625,4.57031,3.57422,3.92578,3.86719,3.92578,4.16016,4.10156,4.21875,4.10156,4.57031,5.33203,6.03516,6.44531,0.162354,0.17334,0.136719,0.163574,0.107422,0.134277,0.137939,0.161133,0.192871,0.12085,0.070801
2017-10-09T01:20:00Z,291.09375,294.96094,294.25781,296.36719,291.09375,291.79688,290.74219,299.53125,296.36719,292.5,292.14844,292.5,4.92188,3.57422,3.39844,3.45703,3.51563,3.45703,3.33984,3.33984,4.27734,5.39063,6.32813,7.03125,7.26563,0.181885,0.187988,0.168457,0.189209,0.218506,0.219727,0.317383,0.212402,0.192871,0.134277,0.084229
2017-10-09T01:30:00Z,290.03906,298.47656,300.9375,301.99219,302.69531,297.77344,299.88281,299.53125,300.58594,298.125,295.3125,291.44531,4.39453,3.16406,3.75,3.80859,3.69141,3.75,3.69141,3.75,3.69141,3.80859,4.16016,4.62891,5.44922,0.178223,0.175781,0.15625,0.178223,0.170898,0.152588,0.202637,0.202637,0.194092,0.19165,0.26123
2017-10-09T01:40:00Z,297.77344,310.42969,310.42969,307.96875,309.72656,308.32031,307.26563,298.82813,293.20313,290.03906,292.85156,290.39063,4.62891,3.51563,3.39844,3.39844,3.51563,3.39844,3.57422,3.69141,4.98047,5.91797,6.38672,6.62109,6.67969,0.227051,0.218506,0.198975,0.220947,0.172119,0.163574,0.272217,0.291748,0.26001,0.203857,0.26001
2017-10-09T01:50:00Z,304.45313,306.5625,308.67188,309.02344,306.5625,306.5625,308.32031,306.21094,299.17969,298.82813,296.71875,299.88281,4.74609,2.51953,3.51563,3.63281,3.51563,3.86719,3.98438,4.10156,5.03906,5.97656,6.15234,6.44531,6.38672,0.247803,0.19043,0.212402,0.24292,0.266113,0.222168,0.200195,0.174561,0.164795,0.158691,0.159912
2017-10-09T02:00:00Z,307.96875,313.24219,307.61719,311.13281,304.45313,304.45313,301.99219,302.69531,296.01563,290.39063,296.36719,292.14844,4.45313,3.39844,4.21875,4.33594,4.16016,4.51172,4.27734,4.62891,4.80469,4.6875,4.98047,4.92188,5.15625,0.19043,0.201416,0.230713,0.205078,0.224609,0.167236,0.203857,0.20752,0.167236,0.217285,0.17334
2017-10-09T02:10:00Z,304.45313,306.21094,307.96875,308.67188,304.80469,303.39844,301.64063,308.32031,303.04688,294.25781,297.42188,295.3125,4.80469,3.86719,3.57422,3.92578,3.92578,3.86719,4.27734,4.45313,4.74609,4.74609,4.80469,5.27344,4.98047,0.184326,0.228271,0.246582,0.214844,0.168457,0.179443,0.246582,0.162354,0.172119,0.230713,0.177002
2017-10-09T02:20:00Z,304.10156,307.26563,308.32031,304.10156,307.96875,301.28906,298.47656,301.99219,300.23438,292.85156,297.77344,285.46875,4.10156,3.22266,3.63281,3.75,3.92578,4.04297,4.16016,4.33594,4.45313,4.45313,4.62891,4.74609,4.74609,0.270996,0.197754,0.249023,0.213623,0.177002,0.203857,0.198975,0.19165,0.145264,0.211182,0.230713
2017-10-09T02:30:00Z,307.26563,315.35156,315.35156,314.29688,313.59375,308.32031,304.10156,301.64063,297.07031,294.25781,287.57813,281.25,4.21875,2.87109,3.28125,3.39844,3.75,3.80859,3.75,4.16016,4.86328,5.09766,5.56641,5.39063,5.33203,0.194092,0.283203,0.439453,0.229492,0.274658,0.299072,0.307617,0.27832,0.240479,0.255127,0.24292
2017-10-09T02:40:00Z,312.1875,299.53125,302.34375,303.04688,301.28906,299.88281,283.71094,285.11719,288.98438,284.41406,281.25,271.05469,3.86719,2.92969,3.04688,3.33984,3.28125,3.69141,3.69141,3.92578,4.21875,4.33594,4.98047,4.92188,5.74219,0.177002,0.241699,0.19165,0.334473,0.294189,0.289307,0.272217,0.268555,0.253906,0.300293,0.275879
2017-10-09T02:50:00Z,294.60938,282.30469,285.82031,285.82031,281.95313,288.28125,287.92969,289.6875,283.71094,285.11719,280.89844,278.4375,3.51563,2.51953,2.92969,2.98828,2.92969,2.92969,3.04688,2.87109,2.87109,2.63672,2.87109,3.10547,3.57422,0.178223,0.180664,0.186768,0.189209,0.180664,0.195313,0.227051,0.192871,0.184326,0.22583,0.29541
2017-10-09T03:00:00Z,280.89844,268.24219,266.48438,267.1875,268.59375,266.83594,266.13281,265.42969,264.02344,269.64844,268.59375,268.94531,3.92578,2.75391,2.75391,2.63672,2.63672,2.69531,2.63672,2.75391,2.69531,2.87109,2.75391,2.69531,2.69531,0.13916,0.180664,0.227051,0.169678,0.19043,0.19043,0.180664,0.179443,0.192871,0.162354,0.153809
2017-10-09T03:10:00Z,258.75,240.82031,243.63281,243.28125,246.44531,248.20313,245.39063,245.03906,248.90625,251.36719,255.9375,261.91406,3.51563,2.46094,3.51563,3.51563,3.57422,3.51563,3.45703,3.39844,3.45703,3.69141,3.98438,4.27734,4.62891,0.194092,0.145264,0.17334,0.180664,0.178223,0.19165,0.166016,0.206299,0.247803,0.272217,0.251465
2017-10-09T03:20:00Z,236.60156,233.78906,236.25,236.60156,235.54688,235.89844,236.60156,241.875,260.85938,258.04688,261.91406,260.50781,4.57031,3.33984,3.33984,3.33984,3.28125,3.28125,3.39844,3.33984,4.04297,5.625,6.62109,6.85547,6.97266,0.126953,0.117188,0.124512,0.128174,0.114746,0.096436,0.270996,0.238037,0.133057,0.119629,0.113525
2017-10-09T03:30:00Z,229.57031,227.8125,227.46094,224.64844,228.86719,228.86719,233.08594,244.33594,257.34375,261.21094,264.72656,267.53906,3.80859,3.04688,3.10547,3.10547,3.16406,3.10547,3.16406,3.28125,3.86719,4.98047,5.44922,6.21094,6.50391,0.10498,0.115967,0.123291,0.129395,0.118408,0.111084,0.240479,0.286865,0.233154,0.166016,0.090332
2017-10-09T03:40:00Z,222.89063,217.96875,213.75,214.80469,217.96875,219.375,223.24219,219.375,234.84375,246.44531,256.99219,256.28906,3.69141,2.87109,3.16406,3.22266,3.33984,3.28125,3.39844,3.28125,3.39844,4.27734,5.50781,6.26953,6.5625,0.113525,0.12085,0.128174,0.12085,0.10376,0.12207,0.13916,0.280762,0.246582,0.203857,0.206299
2017-10-09T03:50:00Z,210.23438,208.47656,209.17969,208.47656,209.88281,207.77344,210.23438,213.39844,213.39844,217.61719,219.375,222.89063,3.86719,3.04688,3.51563,3.69141,3.63281,3.57422,3.63281,3.57422,3.75,3.75,4.04297,4.33594,4.51172,0.095215,0.119629,0.133057,0.119629,0.109863,0.111084,0.106201,0.097656,0.084229,0.112305,0.100098
2017-10-09T04:00:00Z,204.60938,201.09375,201.09375,199.6875,201.44531,198.63281,200.39063,202.5,204.60938,206.36719,214.80469,226.05469,4.33594,3.39844,3.75,3.63281,3.69141,3.75,3.75,3.80859,3.69141,3.86719,3.98438,4.16016,4.39453,0.096436,0.125732,0.111084,0.134277,0.100098,0.102539,0.08667,0.08667,0.078125,0.107422,0.123291
2017-10-09T04:10:00Z,197.22656,200.03906,199.33594,199.33594,202.14844,204.25781,206.36719,207.07031,211.99219,215.85938,227.46094,243.98438,4.39453,3.39844,3.86719,3.98438,3.92578,3.92578,4.04297,3.98438,3.98438,3.92578,4.04297,4.33594,4.98047,0.107422,0.141602,0.123291,0.140381,0.134277,0.141602,0.146484,0.148926,0.113525,0.13916,0.161133
2017-10-09T04:20:00Z,197.57813,202.14844,204.25781,203.55469,205.3125,212.34375,219.72656,229.92188,233.4375,239.76563,246.44531,247.85156,4.62891,3.63281,4.33594,4.16016,4.16016,4.27734,4.21875,4.21875,4.33594,4.33594,4.57031,4.62891,4.6875,0.15625,0.123291,0.117188,0.126953,0.145264,0.151367,0.146484,0.129395,0.161133,0.174561,0.184326
2017-10-09T04:30:00Z,202.14844,194.76563,195.82031,195.46875,195.46875,197.22656,201.09375,200.39063,202.5,210.23438,215.85938,218.67188,5.09766,3.98438,4.62891,4.57031,4.74609,4.62891,4.62891,4.51172,4.45313,4.39453,4.33594,4.51172,4.92188,0.145264,0.123291,0.12207,0.144043,0.114746,0.129395,0.135498,0.136719,0.153809,0.153809,0.301514
2017-10-09T04:40:00Z,190.19531,193.71094,193.35938,194.76563,198.98438,201.44531,205.3125,210.23438,215.85938,217.26563,223.59375,234.49219,5.80078,4.33594,4.6875,4.92188,4.74609,4.80469,4.86328,4.62891,4.6875,4.80469,4.86328,4.98047,5.33203,0.125732,0.090332,0.10498,0.102539,0.10376,0.109863,0.119629,0.124512,0.117188,0.130615,0.144043
2017-10-09T04:50:00Z,190.89844,198.98438,198.98438,199.33594,202.5,206.71875,211.64063,214.45313,221.48438,247.5,271.40625,103.71094,5.44922,4.33594,4.74609,4.92188,4.80469,4.86328,4.98047,4.80469,4.86328,4.98047,5.56641,5.97656,6.38672,0.090332,0.084229,0.087891,0.089111,0.079346,0.078125,0.108643,0.087891,0.134277,0.125732,0.084229
2017-10-09T05:00:00Z,194.41406,214.80469,222.89063,216.91406,227.46094,234.49219,229.92188,237.65625,242.57813,253.47656,264.72656,264.375,5.50781,4.51172,4.45313,4.45313,4.27734,4.62891,4.86328,4.80469,5.03906,5.27344,5.68359,6.03516,5.97656,0.125732,0.142822,0.163574,0.172119,0.166016,0.159912,0.166016,0.15625,0.163574,0.140381,0.168457
2017-10-09T05:10:00Z,222.53906,251.71875,251.36719,253.125,247.14844,256.64063,259.10156,263.67188,270.0,271.40625,268.59375,271.40625,5.625,3.86719,5.09766,5.27344,5.09766,5.27344,5.27344,5.68359,5.625,6.03516,6.03516,6.15234,6.21094,0.159912,0.141602,0.15625,0.247803,0.19043,0.178223,0.192871,0.253906,0.216064,0.220947,0.202637
2017-10-09T05:20:00Z,248.20313,256.28906,254.17969,248.20313,254.53125,256.64063,260.85938,261.21094,262.96875,265.42969,268.94531,264.72656,5.97656,4.6875,5.44922,5.56641,5.74219,5.39063,5.44922,5.80078,5.80078,5.80078,5.91797,5.85938,5.80078,0.147705,0.211182,0.170898,0.166016,0.17334,0.183105,0.134277,0.174561,0.166016,0.150146,0.178223
2017-10-09T05:30:00Z,253.125,249.60938,249.96094,249.60938,252.42188,252.07031,252.42188,255.58594,258.75,255.9375,255.23438,265.78125,6.15234,5.21484,5.50781,5.74219,5.56641,5.68359,5.80078,5.91797,5.74219,5.91797,5.97656,5.85938,6.15234,0.102539,0.102539,0.12207,0.114746,0.179443,0.212402,0.133057,0.141602,0.150146,0.196533,0.164795
2017-10-09T05:40:00Z,248.90625,239.76563,244.33594,241.52344,242.22656,242.57813,241.875,240.46875,242.22656,243.98438,243.98438,253.47656,6.38672,5.21484,5.39063,5.33203,5.39063,5.39063,5.625,5.44922,5.33203,5.625,5.50781,5.50781,5.56641,0.146484,0.131836,0.133057,0.098877,0.27832,0.238037,0.157471,0.158691,0.175781,0.197754,0.197754
2017-10-09T05:50:00Z,237.65625,238.00781,240.46875,240.82031,239.76563,241.17188,242.92969,240.46875,242.22656,243.98438,243.28125,247.14844,6.09375,4.6875,5.33203,5.33203,5.27344,5.39063,5.44922,5.50781,5.44922,5.44922,5.50781,5.50781,5.56641,0.090332,0.10376,0.08667,0.083008,0.095215,0.087891,0.075684,0.068359,0.078125,0.102539,0.075684
2017-10-09T06:00:00Z,238.00781,246.44531,249.96094,247.14844,248.55469,249.60938,252.07031,248.90625,255.23438,252.77344,253.82813,261.21094,6.09375,4.86328,5.68359,5.80078,5.80078,5.85938,5.97656,5.91797,6.03516,6.15234,6.15234,6.21094,6.15234,0.131836,0.113525,0.141602,0.126953,0.141602,0.140381,0.117188,0.169678,0.128174,0.197754,0.231934
2017-10-09T06:10:00Z,245.39063,243.98438,240.82031,240.46875,244.6875,244.33594,248.55469,249.96094,248.55469,254.53125,255.23438,260.85938,6.67969,5.39063,6.09375,6.09375,6.15234,6.32813,6.38672,6.50391,6.21094,6.21094,6.5625,6.44531,6.5625,0.114746,0.135498,0.126953,0.114746,0.148926,0.137939,0.124512,0.177002,0.129395,0.185547,0.161133
2017-10-09T06:20:00Z,240.82031,245.74219,246.09375,243.63281,247.14844,247.14844,249.96094,249.25781,256.28906,270.0,271.75781,269.64844,7.03125,5.50781,6.09375,6.03516,5.97656,6.15234,6.15234,6.03516,6.09375,6.67969,6.50391,6.62109,6.67969,0.157471,0.19043,0.148926,0.144043,0.115967,0.155029,0.159912,0.183105,0.167236,0.200195,0.157471
2017-10-09T06:30:00Z,241.875,248.20313,249.96094,247.85156,249.25781,252.07031,253.82813,250.66406,258.39844,258.04688,260.15625,264.72656,6.91406,5.80078,5.85938,5.91797,5.74219,6.09375,6.03516,6.03516,6.15234,6.15234,5.97656,6.50391,6.44531,0.119629,0.147705,0.137939,0.144043,0.166016,0.151367,0.150146,0.164795,0.195313,0.15625,0.125732
2017-10-09T06:40:00Z,247.5,243.28125,243.98438,246.79688,253.125,248.90625,256.99219,254.88281,259.80469,259.10156,264.72656,271.40625,6.97266,5.44922,5.56641,5.80078,5.56641,5.68359,5.50781,5.68359,5.68359,5.80078,5.91797,6.03516,6.09375,0.17334,0.148926,0.135498,0.187988,0.179443,0.159912,0.144043,0.200195,0.19165,0.152588,0.20874
2017-10-09T06:50:00Z,241.52344,243.63281,248.20313,246.44531,247.5,248.55469,256.64063,248.55469,254.88281,258.39844,256.64063,260.85938,6.32813,5.15625,5.97656,6.21094,5.91797,6.03516,6.32813,6.09375,6.03516,6.5625,6.09375,6.09375,6.26953,0.181885,0.124512,0.117188,0.180664,0.135498,0.158691,0.163574,0.175781,0.157471,0.200195,0.114746
2017-10-09T07:00:00Z,245.03906,251.71875,249.96094,248.20313,249.60938,249.25781,253.47656,254.53125,255.9375,258.39844,260.15625,259.80469,7.03125,5.44922,6.32813,6.15234,6.26953,6.15234,6.26953,6.38672,6.38672,6.38672,6.50391,6.5625,6.21094,0.129395,0.123291,0.144043,0.147705,0.134277,0.163574,0.147705,0.129395,0.157471,0.145264,0.136719
2017-10-09T07:10:00Z,247.14844,250.66406,251.01563,254.53125,255.23438,252.77344,252.77344,256.28906,260.85938,256.28906,260.50781,257.69531,6.97266,5.44922,5.50781,5.85938,5.80078,5.85938,5.97656,6.03516,6.26953,6.03516,6.38672,6.26953,6.5625,0.161133,0.13916,0.166016,0.135498,0.19165,0.140381,0.17334,0.131836,0.142822,0.147705,0.181885
2017-10-09T07:20:00Z,248.55469,252.07031,253.82813,254.53125,252.77344,251.71875,252.42188,252.77344,252.42188,254.53125,257.69531,259.80469,6.79688,5.27344,6.15234,6.15234,6.44531,6.15234,6.26953,6.21094,6.15234,6.26953,6.44531,6.26953,6.50391,0.164795,0.115967,0.134277,0.136719,0.153809,0.092773,0.151367,0.159912,0.119629,0.157471,0.124512
2017-10-09T07:30:00Z,249.96094,247.14844,248.20313,248.55469,246.79688,249.25781,252.42188,251.01563,249.60938,252.07031,248.90625,255.58594,6.62109,5.50781,6.21094,6.21094,6.38672,6.32813,6.62109,6.62109,6.67969,6.21094,6.32813,6.38672,6.79688,0.201416,0.157471,0.185547,0.192871,0.175781,0.174561,0.166016,0.163574,0.163574,0.194092,0.157471
2017-10-09T07:40:00Z,243.63281,248.20313,242.22656,246.79688,245.03906,242.92969,247.5,247.14844,248.90625,251.71875,247.85156,252.07031,7.73438,5.50781,6.97266,7.14844,7.26563,7.08984,7.44141,7.32422,7.44141,6.91406,6.67969,7.08984,6.97266,0.158691,0.175781,0.163574,0.172119,0.172119,0.161133,0.161133,0.196533,0.189209,0.184326,0.194092
2017-10-09T07:50:00Z,241.17188,240.82031,237.65625,241.52344,241.17188,240.11719,239.41406,242.57813,241.52344,249.96094,249.96094,249.96094,7.26563,5.80078,6.97266,6.67969,6.73828,6.67969,6.73828,6.67969,6.32813,6.67969,7.03125,6.67969,6.79688,0.246582,0.300293,0.263672,0.327148,0.307617,0.300293,0.163574,0.198975,0.17334,0.218506,0.184326
2017-10-09T08:00:00Z,238.71094,241.17188,241.17188,244.33594,246.79688,245.74219,251.01563,248.55469,250.66406,250.66406,249.60938,252.07031,7.14844,5.33203,7.96875,7.96875,7.61719,8.08594,8.08594,7.79297,8.02734,8.08594,8.37891,8.78906,8.4375,0.209961,0.246582,0.250244,0.257568,0.223389,0.267334,0.166016,0.230713,0.229492,0.167236,0.133057
2017-10-09T08:10:00Z,240.46875,258.39844,259.10156,261.21094,259.45313,260.15625,261.5625,261.91406,263.67188,268.59375,266.83594,269.29688,9.14063,6.73828,8.61328,8.96484,8.73047,8.96484,9.02344,8.90625,8.96484,8.84766,9.02344,9.375,9.19922,0.151367,0.166016,0.183105,0.158691,0.152588,0.144043,0.148926,0.168457,0.113525,0.125732,0.126953
2017-10-09T08:20:00Z,257.34375,270.35156,269.29688,267.53906,267.1875,271.05469,266.13281,265.78125,273.51563,271.40625,269.29688,269.64844,9.02344,7.32422,7.96875,7.55859,8.37891,7.91016,8.20313,8.32031,8.67188,8.4375,8.49609,8.37891,8.61328,0.159912,0.172119,0.128174,0.135498,0.146484,0.131836,0.155029,0.113525,0.168457,0.180664,0.114746
2017-10-09T08:30:00Z,264.72656,265.78125,269.29688,267.1875,271.05469,271.40625,267.53906,266.48438,269.29688,268.94531,265.78125,272.8125,8.55469,6.79688,8.02734,8.37891,8.02734,8.49609,8.37891,8.20313,8.4375,8.49609,8.32031,8.26172,8.49609,0.151367,0.130615,0.180664,0.153809,0.123291,0.150146,0.174561,0.159912,0.131836,0.20752,0.158691
2017-10-09T08:40:00Z,263.67188,265.42969,268.59375,270.35156,267.1875,269.64844,272.8125,270.70313,268.59375,269.64844,268.94531,273.16406,8.55469,6.91406,7.67578,7.73438,7.55859,8.4375,8.67188,8.67188,8.32031,8.26172,8.55469,8.84766,8.78906,0.189209,0.142822,0.228271,0.166016,0.117188,0.136719,0.134277,0.164795,0.12085,0.134277,0.159912
2017-10-09T08:50:00Z,265.78125,266.48438,264.375,265.78125,264.02344,265.78125,264.375,267.1875,265.07813,267.89063,266.13281,266.13281,8.55469,6.91406,8.4375,8.49609,8.4375,8.78906,8.55469,8.73047,8.61328,8.55469,8.55469,8.61328,8.67188,0.144043,0.133057,0.137939,0.133057,0.161133,0.131836,0.098877,0.119629,0.128174,0.129395,0.107422
2017-10-09T09:00:00Z,260.50781,258.39844,255.9375,254.53125,261.5625,262.26563,258.04688,259.45313,260.15625,263.32031,261.5625,261.91406,9.08203,7.32422,8.67188,8.84766,8.61328,8.84766,8.49609,8.49609,8.73047,8.84766,9.08203,8.73047,8.55469,0.180664,0.142822,0.140381,0.148926,0.137939,0.117188,0.159912,0.183105,0.125732,0.147705,0.170898
2017-10-09T09:10:00Z,254.53125,261.5625,261.5625,261.91406,260.85938,260.50781,260.85938,260.15625,264.375,265.07813,266.83594,263.67188,8.61328,7.26563,7.91016,7.85156,8.08594,7.85156,8.02734,8.08594,8.37891,8.49609,8.14453,8.14453,8.37891,0.147705,0.12085,0.112305,0.119629,0.164795,0.148926,0.097656,0.111084,0.163574,0.118408,0.123291
2017-10-09T09:20:00Z,258.04688,263.67188,266.13281,266.13281,263.67188,266.13281,264.72656,266.48438,265.78125,268.24219,266.83594,268.24219,8.49609,6.79688,8.08594,8.20313,7.91016,8.32031,8.02734,8.14453,8.32031,8.49609,8.37891,8.4375,8.73047,0.111084,0.10376,0.157471,0.118408,0.157471,0.155029,0.13916,0.145264,0.111084,0.146484,0.125732
2017-10-09T09:30:00Z,261.21094,266.83594,267.1875,263.67188,266.13281,266.83594,265.42969,266.13281,263.67188,267.1875,268.94531,267.1875,8.49609,7.03125,7.96875,8.26172,8.08594,8.20313,7.96875,8.02734,7.85156,8.37891,8.55469,8.20313,7.91016,0.157471,0.106201,0.137939,0.164795,0.180664,0.114746,0.148926,0.163574,0.115967,0.10498,0.159912
2017-10-09T09:40:00Z,260.85938,265.78125,262.26563,265.78125,263.32031,265.07813,262.96875,266.48438,266.13281,265.42969,262.26563,263.67188,8.20313,6.85547,7.96875,7.91016,8.14453,8.20313,8.55469,8.61328,8.37891,8.02734,8.02734,8.14453,8.4375,0.144043,0.167236,0.114746,0.140381,0.114746,0.136719,0.111084,0.113525,0.137939,0.19043,0.144043
2017-10-09T09:50:00Z,259.45313,262.26563,262.61719,265.78125,267.1875,265.07813,264.72656,265.42969,266.83594,269.29688,268.94531,267.53906,8.37891,6.97266,7.79297,8.02734,7.85156,7.85156,8.02734,8.08594,8.14453,8.26172,7.79297,7.73438,7.85156,0.144043,0.141602,0.170898,0.181885,0.12207,0.174561,0.183105,0.123291,0.128174,0.196533,0.166016
2017-10-09T10:00:00Z,262.96875,271.40625,271.40625,272.10938,271.05469,269.29688,268.59375,269.64844,271.05469,267.53906,267.53906,269.29688,8.32031,6.79688,8.26172,7.79297,8.49609,8.02734,8.20313,8.49609,8.32031,8.32031,8.20313,8.20313,8.32031,0.131836,0.161133,0.134277,0.134277,0.129395,0.115967,0.098877,0.115967,0.13916,0.163574,0.095215
2017-10-09T10:10:00Z,265.78125,270.70313,269.64844,267.89063,269.29688,267.53906,268.24219,268.94531,270.70313,272.46094,269.64844,268.24219,8.78906,6.97266,8.61328,8.37891,8.84766,8.37891,8.73047,8.90625,8.90625,9.02344,8.84766,8.73047,8.78906,0.123291,0.126953,0.151367,0.13916,0.111084,0.108643,0.129395,0.115967,0.090332,0.129395,0.128174
2017-10-09T10:20:00Z,264.375,269.29688,267.89063,272.8125,272.46094,271.05469,269.64844,272.10938,271.05469,272.10938,273.51563,272.10938,9.14063,7.20703,7.55859,8.14453,8.02734,8.14453,8.4375,8.02734,8.26172,8.26172,8.37891,8.4375,8.49609,0.163574,0.136719,0.146484,0.08667,0.117188,0.131836,0.108643,0.114746,0.108643,0.096436,0.112305
2017-10-09T10:30:00Z,267.89063,275.27344,276.67969,275.27344,274.57031,272.8125,275.27344,272.8125,272.10938,275.27344,272.46094,271.05469,8.20313,6.73828,7.96875,7.91016,7.79297,8.02734,8.08594,8.20313,7.96875,8.26172,7.91016,8.20313,7.91016,0.096436,0.118408,0.111084,0.131836,0.129395,0.100098,0.108643,0.10498,0.12085,0.115967,0.102539
2017-10-09T10:40:00Z,270.70313,275.97656,274.21875,273.86719,271.75781,273.51563,272.10938,272.46094,271.40625,271.40625,272.8125,272.10938,8.37891,6.62109,7.20703,7.14844,7.38281,7.32422,7.55859,7.55859,7.61719,7.55859,7.73438,7.73438,7.79297,0.124512,0.157471,0.134277,0.136719,0.146484,0.124512,0.133057,0.12085,0.137939,0.10498,0.119629
2017-10-09T10:50:00Z,270.35156,274.57031,273.16406,272.8125,269.64844,272.46094,270.70313,271.75781,273.16406,273.86719,274.92188,272.8125,7.85156,6.26953,7.38281,7.55859,7.67578,7.73438,7.91016,7.61719,8.14453,8.02734,7.85156,7.67578,7.91016,0.117188,0.123291,0.141602,0.113525,0.140381,0.108643,0.083008,0.101318,0.123291,0.109863,0.100098
2017-10-09T11:00:00Z,269.29688,271.05469,272.10938,270.70313,271.75781,271.05469,271.75781,274.21875,273.16406,273.16406,268.94531,271.40625,8.32031,6.67969,7.38281,7.67578,7.61719,7.73438,8.08594,8.02734,8.26172,7.85156,7.79297,8.02734,7.96875,0.097656,0.114746,0.133057,0.119629,0.093994,0.151367,0.117188,0.096436,0.085449,0.129395,0.12085
2017-10-09T11:10:00Z,266.83594,272.8125,272.10938,273.16406,271.05469,269.64844,269.64844,268.94531,270.0,270.0,270.0,272.8125,8.14453,6.50391,7.5,7.55859,7.73438,7.79297,7.79297,7.91016,7.61719,7.79297,7.73438,7.91016,7.73438,0.087891,0.108643,0.101318,0.12085,0.106201,0.113525,0.137939,0.12085,0.124512,0.10498,0.10376
2017-10-09T11:20:00Z,266.48438,271.75781,271.40625,272.46094,276.67969,271.40625,271.40625,272.10938,272.46094,271.75781,271.05469,272.10938,7.79297,6.67969,7.44141,7.73438,7.32422,7.55859,7.61719,7.73438,8.08594,7.79297,7.96875,7.85156,7.85156,0.095215,0.125732,0.12085,0.128174,0.093994,0.152588,0.112305,0.125732,0.118408,0.130615,0.115967
2017-10-09T11:30:00Z,270.35156,278.08594,277.73438,274.92188,276.32813,276.67969,275.27344,275.97656,278.4375,275.97656,271.75781,278.08594,8.55469,6.62109,8.26172,8.32031,8.20313,8.14453,8.37891,8.4375,8.37891,8.49609,8.14453,8.55469,8.4375,0.140381,0.200195,0.135498,0.135498,0.090332,0.15625,0.141602,0.109863,0.153809,0.133057,0.106201
2017-10-09T11:40:00Z,273.86719,274.21875,273.51563,274.57031,277.03125,276.67969,278.08594,276.32813,278.08594,278.4375,278.78906,280.54688,9.375,7.20703,9.66797,10.01953,9.84375,9.96094,10.01953,9.84375,9.66797,9.84375,9.60938,9.72656,9.375,0.155029,0.128174,0.141602,0.114746,0.098877,0.144043,0.148926,0.133057,0.144043,0.166016,0.101318
2017-10-09T11:50:00Z,269.64844,273.86719,274.92188,273.16406,275.97656,273.86719,272.10938,272.8125,275.625,272.46094,276.32813,275.27344,10.60547,8.14453,8.90625,9.14063,9.14063,8.90625,8.84766,9.19922,9.43359,9.02344,9.08203,9.14063,9.02344,0.098877,0.112305,0.114746,0.130615,0.118408,0.115967,0.136719,0.10376,0.115967,0.084229,0.109863
2017-10-09T12:00:00Z,270.35156,287.22656,292.14844,286.875,287.92969,291.79688,288.98438,288.98438,287.92969,286.875,285.82031,284.41406,9.08203,7.67578,9.08203,9.19922,8.90625,9.55078,9.14063,8.96484,8.96484,8.84766,8.73047,8.67188,8.55469,0.145264,0.135498,0.125732,0.157471,0.128174,0.119629,0.137939,0.144043,0.164795,0.159912,0.151367
2017-10-09T12:10:00Z,289.33594,303.75,303.75,303.75,304.10156,303.04688,301.28906,302.34375,300.23438,298.47656,296.71875,292.85156,9.84375,7.73438,6.79688,6.79688,6.85547,7.03125,7.14844,7.32422,7.32422,7.44141,7.61719,8.02734,8.49609,0.198975,0.172119,0.155029,0.186768,0.153809,0.185547,0.175781,0.163574,0.175781,0.195313,0.229492
2017-10-09T12:20:00Z,300.9375,303.04688,307.61719,305.50781,307.96875,310.07813,306.21094,301.64063,302.34375,304.80469,294.96094,296.71875,7.67578,5.97656,6.03516,6.03516,5.80078,6.09375,5.85938,5.91797,6.03516,6.50391,6.32813,6.50391,7.08984,0.163574,0.142822,0.12207,0.119629,0.134277,0.123291,0.15625,0.159912,0.126953,0.112305,0.145264
2017-10-09T12:30:00Z,301.28906,305.50781,306.91406,306.5625,308.67188,306.5625,303.75,300.9375,301.28906,300.58594,302.69531,296.71875,6.44531,5.27344,5.27344,5.27344,5.15625,5.44922,5.09766,5.33203,5.39063,5.56641,5.85938,5.80078,5.74219,0.168457,0.112305,0.123291,0.10498,0.142822,0.095215,0.129395,0.20752,0.134277,0.131836,0.195313
2017-10-09T12:40:00Z,300.9375,299.88281,295.3125,299.17969,297.42188,296.36719,294.25781,291.79688,292.14844,285.11719,285.82031,281.60156,5.97656,4.51172,4.39453,4.51172,4.45313,4.51172,4.62891,4.6875,4.80469,4.98047,5.09766,5.39063,5.74219,0.169678,0.141602,0.118408,0.205078,0.158691,0.12085,0.144043,0.194092,0.19165,0.205078,0.181885
2017-10-09T12:50:00Z,293.20313,300.58594,299.53125,296.71875,300.58594,293.90625,297.42188,293.55469,288.63281,286.17188,286.52344,279.49219,5.39063,3.98438,3.92578,4.10156,3.98438,3.92578,4.04297,3.98438,4.10156,3.86719,4.33594,4.16016,4.57031,0.163574,0.169678,0.162354,0.128174,0.157471,0.174561,0.13916,0.144043,0.189209,0.152588,0.144043
2017-10-09T13:00:00Z,293.55469,289.33594,288.63281,290.39063,288.98438,285.46875,287.22656,285.82031,280.19531,281.60156,277.03125,278.4375,4.80469,3.45703,3.39844,3.51563,3.39844,3.51563,3.57422,3.57422,3.51563,3.63281,3.57422,4.04297,3.86719,0.159912,0.162354,0.180664,0.195313,0.166016,0.179443,0.168457,0.130615,0.141602,0.211182,0.140381
2017-10-09T13:10:00Z,284.0625,275.27344,277.73438,276.32813,275.97656,272.46094,270.35156,270.0,268.59375,266.48438,260.85938,264.375,4.16016,2.92969,3.39844,3.39844,3.45703,3.33984,3.45703,3.45703,3.63281,3.80859,4.16016,5.39063,6.73828,0.198975,0.157471,0.214844,0.214844,0.198975,0.167236,0.197754,0.200195,0.212402,0.340576,0.367432
2017-10-09T13:20:00Z,269.29688,271.75781,275.27344,276.67969,274.21875,273.86719,269.29688,272.10938,272.8125,273.86719,273.51563,270.70313,5.21484,3.10547,6.73828,6.85547,6.79688,6.79688,6.73828,7.26563,7.55859,7.73438,7.91016,8.20313,8.55469,0.238037,0.27832,0.289307,0.272217,0.306396,0.257568,0.27832,0.213623,0.256348,0.22583,0.195313
2017-10-09T13:30:00Z,269.64844,257.69531,258.04688,256.64063,258.39844,260.85938,260.50781,263.67188,262.61719,263.32031,266.13281,265.42969,9.60938,5.85938,7.14844,7.20703,7.26563,7.20703,7.14844,7.5,7.5,7.85156,7.91016,8.67188,9.375,0.117188,0.129395,0.097656,0.113525,0.114746,0.133057,0.134277,0.113525,0.158691,0.134277,0.166016
2017-10-09T13:40:00Z,251.01563,261.91406,262.96875,264.72656,267.53906,269.29688,266.48438,268.59375,271.75781,273.86719,275.97656,273.16406,7.96875,6.50391,7.38281,7.61719,7.32422,7.79297,7.67578,7.79297,8.20313,8.32031,8.4375,8.61328,8.96484,0.133057,0.133057,0.12085,0.125732,0.107422,0.112305,0.133057,0.102539,0.128174,0.129395,0.113525
2017-10-09T13:50:00Z,259.80469,269.64844,272.46094,274.21875,273.86719,275.625,273.51563,274.57031,278.78906,276.32813,278.4375,279.14063,7.91016,6.38672,7.44141,7.73438,7.61719,7.79297,7.79297,7.85156,7.96875,8.02734,8.14453,8.02734,8.55469,0.140381,0.135498,0.166016,0.150146,0.145264,0.112305,0.129395,0.135498,0.12085,0.114746,0.126953
2017-10-09T14:00:00Z,266.48438,276.67969,276.67969,279.14063,276.32813,278.08594,279.14063,279.84375,280.19531,278.4375,280.19531,283.00781,8.61328,7.03125,7.44141,7.79297,7.79297,8.02734,8.20313,8.14453,8.37891,8.14453,8.26172,8.67188,8.96484,0.146484,0.129395,0.135498,0.098877,0.148926,0.119629,0.113525,0.133057,0.106201,0.10498,0.109863
2017-10-09T14:10:00Z,273.86719,286.17188,288.98438,286.52344,289.33594,287.92969,289.6875,285.46875,288.28125,286.17188,289.33594,288.98438,8.84766,6.79688,8.14453,8.67188,8.32031,8.26172,8.73047,7.96875,8.37891,8.37891,8.73047,8.73047,8.96484,0.115967,0.133057,0.118408,0.145264,0.12085,0.146484,0.131836,0.10498,0.133057,0.140381,0.106201
2017-10-09T14:20:00Z,283.35938,287.57813,288.63281,288.63281,288.28125,285.46875,288.28125,285.46875,283.71094,285.11719,281.60156,284.0625,8.73047,7.14844,7.61719,7.79297,7.85156,7.73438,7.91016,8.02734,7.73438,7.79297,8.32031,8.37891,8.84766,0.147705,0.114746,0.12085,0.129395,0.15625,0.13916,0.195313,0.123291,0.095215,0.158691,0.140381
2017-10-09T14:30:00Z,284.0625,291.09375,286.52344,289.6875,284.76563,287.22656,284.76563,289.6875,286.875,282.30469,280.19531,281.25,8.08594,6.50391,6.91406,6.79688,7.03125,7.14844,7.20703,7.79297,7.32422,7.20703,7.03125,7.67578,8.14453,0.12207,0.118408,0.125732,0.186768,0.148926,0.185547,0.172119,0.107422,0.161133,0.150146,0.106201
2017-10-09T14:40:00Z,285.82031,292.85156,290.03906,291.09375,288.28125,286.52344,289.33594,290.03906,285.82031,284.0625,281.60156,282.65625,7.67578,6.09375,6.15234,6.15234,6.32813,6.15234,6.91406,7.20703,6.97266,7.03125,7.20703,7.44141,8.02734,0.13916,0.141602,0.142822,0.177002,0.145264,0.137939,0.13916,0.152588,0.168457,0.170898,0.179443
2017-10-09T14:50:00Z,286.875,285.46875,281.95313,281.25,285.46875,285.46875,281.95313,281.60156,281.95313,278.08594,280.19531,283.00781,6.97266,5.625,6.32813,6.62109,6.79688,6.85547,6.67969,6.67969,7.03125,7.08984,7.44141,7.73438,8.32031,0.163574,0.137939,0.12085,0.17334,0.097656,0.112305,0.152588,0.167236,0.162354,0.178223,0.163574
2017-10-09T15:00:00Z,280.54688,281.95313,282.30469,283.35938,282.30469,283.71094,284.41406,278.08594,279.49219,275.625,280.19531,278.78906,7.5,5.74219,7.61719,7.85156,8.08594,8.08594,8.4375,8.20313,8.67188,8.73047,10.01953,10.25391,10.95703,0.251465,0.202637,0.196533,0.258789,0.235596,0.238037,0.218506,0.238037,0.148926,0.19043,0.20874
2017-10-09T15:10:00Z,277.73438,279.14063,279.84375,278.4375,279.84375,284.41406,278.4375,278.08594,277.73438,275.97656,275.27344,278.4375,9.96094,6.97266,10.01953,10.25391,9.84375,10.37109,10.07813,10.07813,10.01953,10.89844,11.48438,12.30469,11.48438,0.150146,0.096436,0.172119,0.150146,0.170898,0.10376,0.178223,0.128174,0.114746,0.155029,0.147705
2017-10-09T15:20:00Z,277.73438,280.89844,280.54688,273.16406,280.19531,278.4375,272.8125,278.78906,272.8125,278.4375,276.67969,275.27344,10.19531,8.37891,8.61328,8.90625,8.90625,9.25781,9.02344,9.31641,9.72656,10.3125,10.54688,10.72266,11.54297,0.147705,0.128174,0.148926,0.151367,0.144043,0.15625,0.135498,0.158691,0.140381,0.147705,0.170898
2017-10-09T15:30:00Z,271.75781,264.375,263.67188,263.67188,265.42969,263.32031,262.61719,263.32031,264.72656,264.72656,263.32031,261.91406,9.08203,7.55859,8.96484,8.78906,8.90625,8.84766,8.84766,9.43359,9.55078,9.60938,9.78516,9.84375,10.37109,0.214844,0.195313,0.181885,0.219727,0.196533,0.219727,0.22583,0.197754,0.19165,0.224609,0.206299
2017-10-09T15:40:00Z,260.85938,256.64063,256.99219,258.75,259.80469,258.75,257.69531,255.9375,254.88281,251.71875,254.17969,253.47656,10.72266,7.03125,6.67969,6.85547,6.67969,7.20703,7.5,7.38281,7.5,7.5,7.85156,8.32031,8.67188,0.172119,0.19165,0.17334,0.157471,0.130615,0.142822,0.141602,0.108643,0.118408,0.155029,0.153809
2017-10-09T15:50:00Z,255.23438,262.61719,260.15625,261.5625,263.67188,262.96875,258.75,258.39844,259.80469,262.96875,263.32031,269.29688,7.96875,6.15234,7.32422,7.32422,7.44141,7.5,7.26563,7.38281,7.32422,7.5,7.96875,8.14453,9.96094,0.097656,0.133057,0.142822,0.145264,0.124512,0.118408,0.150146,0.135498,0.146484,0.177002,0.183105
2017-10-09T16:00:00Z,261.91406,269.64844,267.53906,268.94531,269.64844,268.94531,270.0,264.375,263.67188,264.72656,264.375,265.07813,7.85156,6.26953,6.85547,6.91406,7.03125,7.20703,7.20703,7.08984,7.08984,7.55859,7.44141,7.55859,7.61719,0.12085,0.119629,0.10376,0.111084,0.118408,0.124512,0.115967,0.126953,0.100098,0.128174,0.10498
2017-10-09T16:10:00Z,265.42969,263.32031,266.48438,269.29688,262.96875,266.13281,265.42969,262.26563,261.21094,261.5625,257.34375,259.10156,7.44141,6.15234,6.38672,6.5625,6.38672,6.67969,6.73828,6.67969,6.44531,6.62109,6.5625,6.62109,6.67969,0.085449,0.091553,0.12207,0.102539,0.101318,0.107422,0.113525,0.100098,0.113525,0.095215,0.085449
2017-10-09T16:20:00Z,262.61719,255.9375,256.99219,256.99219,257.34375,254.17969,254.17969,254.17969,254.17969,253.125,250.66406,252.07031,6.97266,5.80078,6.03516,6.15234,6.21094,6.44531,6.5625,6.32813,6.50391,6.5625,6.5625,6.79688,6.85547,0.092773,0.117188,0.12085,0.118408,0.091553,0.112305,0.092773,0.101318,0.101318,0.080566,0.076904
2017-10-09T16:30:00Z,252.77344,244.6875,241.875,242.57813,240.82031,240.46875,241.52344,238.35938,239.76563,240.11719,238.71094,241.17188,7.32422,5.56641,6.26953,6.50391,6.50391,6.67969,6.67969,6.62109,6.79688,6.79688,6.85547,6.91406,7.08984,0.100098,0.10376,0.100098,0.102539,0.090332,0.107422,0.093994,0.080566,0.075684,0.081787,0.087891
2017-10-09T16:40:00Z,237.30469,233.08594,232.73438,236.25,234.14063,237.65625,231.32813,235.89844,234.49219,234.14063,235.89844,234.49219,7.20703,5.74219,5.85938,6.03516,6.09375,6.32813,6.38672,6.50391,6.97266,7.20703,7.20703,7.5,7.5,0.12085,0.076904,0.133057,0.096436,0.076904,0.081787,0.097656,0.087891,0.095215,0.089111,0.080566
2017-10-09T16:50:00Z,229.21875,238.35938,237.30469,241.52344,238.35938,238.35938,238.35938,237.65625,236.95313,239.41406,240.46875,240.11719,6.85547,5.33203,6.03516,6.03516,6.09375,6.09375,6.32813,6.32813,6.38672,6.62109,6.67969,6.79688,6.97266,0.102539,0.078125,0.102539,0.10498,0.10498,0.108643,0.083008,0.118408,0.106201,0.108643,0.133057
2017-10-09T17:00:00Z,236.60156,242.22656,241.875,242.92969,246.09375,244.33594,243.28125,241.52344,245.39063,243.98438,247.5,254.88281,6.5625,5.09766,7.55859,7.73438,7.5,7.67578,7.55859,7.96875,8.20313,8.55469,8.67188,8.67188,8.90625,0.195313,0.209961,0.200195,0.227051,0.19165,0.162354,0.167236,0.170898,0.136719,0.131836,0.128174
2017-10-09T17:10:00Z,238.71094,234.84375,236.95313,236.25,234.49219,234.84375,235.19531,238.35938,236.95313,240.11719,240.46875,244.33594,9.08203,7.03125,8.02734,7.96875,8.02734,8.26172,8.55469,8.84766,8.67188,8.78906,8.96484,9.08203,9.43359,0.106201,0.102539,0.095215,0.100098,0.062256,0.097656,0.073242,0.072021,0.097656,0.102539,0.074463
2017-10-09T17:20:00Z,229.92188,238.71094,235.89844,237.65625,238.35938,238.00781,236.95313,238.35938,235.89844,238.71094,240.46875,239.41406,8.78906,7.08984,7.96875,8.20313,8.20313,8.55469,8.67188,8.78906,8.90625,9.02344,9.19922,9.25781,9.25781,0.128174,0.123291,0.123291,0.089111,0.095215,0.10498,0.097656,0.095215,0.10498,0.064697,0.065918
2017-10-09T17:30:00Z,232.38281,231.32813,230.27344,227.8125,232.03125,230.27344,234.49219,234.14063,233.08594,230.625,236.95313,238.71094,8.55469,7.03125,8.4375,8.49609,8.67188,8.84766,8.73047,9.02344,8.90625,9.08203,9.19922,9.19922,9.14063,0.079346,0.091553,0.065918,0.089111,0.095215,0.08667,0.108643,0.080566,0.083008,0.089111,0.092773
2017-10-09T17:40:00Z,227.10938,232.73438,230.625,228.51563,229.57031,230.625,232.38281,231.67969,233.08594,232.03125,234.49219,234.14063,8.90625,7.5,8.37891,8.32031,8.55469,8.61328,8.73047,8.96484,8.90625,8.73047,8.90625,9.08203,9.14063,0.096436,0.084229,0.092773,0.074463,0.090332,0.081787,0.085449,0.092773,0.078125,0.092773,0.08667
2017-10-09T17:50:00Z,226.75781,229.21875,229.92188,231.32813,230.27344,231.32813,232.03125,230.27344,231.32813,232.03125,233.08594,233.08594,8.84766,7.26563,7.91016,8.02734,8.20313,8.26172,8.37891,8.20313,8.4375,8.49609,8.61328,8.78906,8.84766,0.096436,0.067139,0.081787,0.075684,0.093994,0.096436,0.078125,0.091553,0.068359,0.062256,0.090332
2017-10-09T18:00:00Z,226.75781,229.92188,232.38281,231.32813,230.97656,232.38281,231.67969,232.73438,232.38281,232.73438,235.54688,235.19531,8.20313,7.08984,8.14453,8.26172,8.32031,8.49609,8.4375,8.55469,8.61328,8.4375,8.55469,8.67188,8.73047,0.080566,0.118408,0.093994,0.10498,0.114746,0.10498,0.098877,0.106201,0.134277,0.10376,0.083008
2017-10-09T18:10:00Z,228.86719,234.84375,233.08594,232.38281,232.38281,233.78906,230.97656,233.08594,234.49219,233.4375,233.08594,230.625,8.73047,7.20703,8.4375,8.37891,8.55469,8.37891,8.4375,8.49609,9.02344,8.78906,8.61328,8.67188,8.78906,0.115967,0.128174,0.10376,0.108643,0.102539,0.117188,0.117188,0.095215,0.131836,0.095215,0.108643
2017-10-09T18:20:00Z,229.21875,231.67969,230.625,231.67969,232.38281,230.97656,232.73438,232.73438,232.38281,229.92188,231.32813,234.84375,8.4375,7.14844,7.44141,7.67578,7.61719,7.91016,8.20313,8.4375,8.26172,8.49609,8.61328,8.78906,9.14063,0.112305,0.119629,0.08667,0.125732,0.10376,0.08667,0.111084,0.102539,0.087891,0.119629,0.126953
2017-10-09T18:30:00Z,226.75781,228.16406,227.8125,231.67969,227.8125,230.27344,228.51563,229.57031,230.625,232.38281,235.19531,238.00781,8.02734,6.50391,7.61719,7.96875,7.85156,8.26172,8.32031,8.49609,8.49609,8.73047,8.96484,9.19922,9.84375,0.135498,0.111084,0.079346,0.117188,0.133057,0.136719,0.093994,0.12207,0.101318,0.114746,0.161133
2017-10-09T18:40:00Z,225.35156,227.10938,226.05469,227.10938,228.51563,230.625,226.40625,228.51563,234.49219,232.03125,233.4375,234.49219,8.08594,6.73828,9.02344,9.375,9.08203,9.66797,9.60938,9.60938,9.84375,9.84375,9.84375,9.72656,9.78516,0.107422,0.091553,0.108643,0.125732,0.113525,0.108643,0.123291,0.153809,0.096436,0.161133,0.123291
2017-10-09T18:50:00Z,223.94531,233.78906,234.14063,230.625,234.84375,240.46875,232.38281,238.00781,241.17188,241.17188,241.52344,241.875,9.55078,7.91016,9.43359,9.49219,9.49219,9.25781,9.60938,10.01953,10.25391,10.37109,10.42969,10.66406,10.3125,0.123291,0.101318,0.100098,0.112305,0.093994,0.141602,0.100098,0.106201,0.133057,0.08667,0.128174
2017-10-09T19:00:00Z,229.21875,239.41406,236.25,237.65625,238.35938,241.875,242.92969,238.71094,239.76563,242.22656,240.11719,240.82031,9.49219,7.61719,9.19922,9.19922,9.19922,9.60938,9.84375,9.66797,9.78516,10.3125,10.13672,10.54688,10.54688,0.117188,0.087891,0.12207,0.123291,0.130615,0.106201,0.107422,0.115967,0.096436,0.102539,0.107422
2017-10-09T19:10:00Z,232.73438,227.46094,230.625,231.32813,228.51563,232.38281,232.38281,235.54688,234.14063,234.84375,239.41406,241.875,9.375,7.55859,7.79297,7.91016,7.79297,8.26172,8.4375,8.67188,8.78906,8.96484,9.49219,10.07813,10.42969,0.130615,0.133057,0.134277,0.118408,0.137939,0.097656,0.123291,0.128174,0.10498,0.114746,0.128174
2017-10-09T19:20:00Z,226.05469,233.78906,236.60156,234.84375,234.14063,237.65625,235.19531,239.41406,237.65625,243.28125,240.82031,247.14844,8.32031,6.50391,6.91406,7.08984,7.08984,7.26563,7.91016,8.08594,8.55469,9.02344,9.19922,9.43359,9.60938,0.323486,0.311279,0.269775,0.339355,0.228271,0.22583,0.240479,0.268555,0.179443,0.213623,0.180664
2017-10-09T19:30:00Z,234.84375,242.22656,241.17188,240.46875,243.98438,242.22656,247.5,247.85156,248.90625,245.39063,252.07031,253.47656,10.07813,6.5625,10.01953,10.13672,10.42969,10.78125,11.30859,11.36719,11.01563,11.01563,11.48438,11.89453,11.83594,0.141602,0.123291,0.144043,0.152588,0.108643,0.090332,0.126953,0.115967,0.128174,0.093994,0.129395
2017-10-09T19:40:00Z,237.65625,237.65625,239.41406,237.65625,237.65625,239.76563,238.71094,241.17188,240.46875,241.17188,242.92969,237.65625,10.89844,8.61328,9.43359,9.43359,9.78516,9.66797,10.07813,10.37109,10.37109,10.72266,10.83984,11.01563,11.48438,0.196533,0.151367,0.145264,0.128174,0.108643,0.10376,0.137939,0.134277,0.085449,0.147705,0.12207
2017-10-09T19:50:00Z,234.84375,233.4375,238.71094,235.54688,238.71094,236.95313,234.84375,235.54688,239.0625,236.25,237.65625,243.63281,9.60938,7.85156,9.90234,10.25391,9.84375,10.19531,10.13672,10.72266,11.25,11.30859,11.42578,11.95313,12.42188,0.172119,0.117188,0.13916,0.124512,0.161133,0.137939,0.135498,0.133057,0.128174,0.12085,0.112305
2017-10-09T20:00:00Z,232.38281,232.73438,231.32813,231.32813,236.25,233.78906,237.65625,230.625,236.25,244.33594,251.71875,253.82813,10.37109,8.55469,11.42578,11.36719,10.89844,11.60156,11.48438,11.13281,11.42578,12.53906,12.12891,11.71875,11.60156,0.172119,0.130615,0.179443,0.155029,0.13916,0.126953,0.142822,0.10498,0.100098,0.129395,0.124512
2017-10-09T20:10:00Z,228.51563,233.78906,234.49219,235.19531,235.89844,236.60156,237.65625,239.0625,242.22656,242.57813,247.14844,245.39063,11.66016,9.31641,11.13281,11.42578,11.13281,11.36719,11.83594,11.36719,11.95313,11.95313,11.83594,11.77734,11.60156,0.15625,0.146484,0.128174,0.142822,0.13916,0.135498,0.144043,0.12207,0.144043,0.13916,0.184326
2017-10-09T20:40:00Z,240.82031,256.99219,252.07031,252.77344,260.15625,262.26563,259.10156,261.5625,264.02344,265.42969,267.53906,264.02344,11.25,9.08203,10.42969,10.83984,10.89844,10.95703,10.78125,10.42969,11.54297,11.66016,12.07031,11.01563,11.54297,0.131836,0.167236,0.147705,0.150146,0.129395,0.212402,0.134277,0.13916,0.134277,0.145264,0.10376
2017-10-09T21:00:00Z,259.80469,258.39844,259.45313,256.99219,261.91406,257.69531,262.26563,257.34375,265.07813,265.07813,267.1875,266.13281,10.3125,8.49609,9.96094,10.3125,10.48828,10.3125,9.90234,10.19531,10.95703,11.19141,10.78125,10.07813,10.01953,0.159912,0.112305,0.141602,0.131836,0.134277,0.115967,0.106201,0.12207,0.10376,0.151367,0.162354
2017-10-09T21:10:00Z,253.125,253.82813,252.07031,253.82813,254.88281,256.28906,256.64063,256.99219,259.45313,257.34375,257.69531,263.67188,10.48828,8.20313,9.55078,9.90234,9.90234,10.13672,10.66406,10.54688,10.19531,10.25391,10.48828,10.42969,10.54688,0.158691,0.130615,0.115967,0.109863,0.147705,0.164795,0.114746,0.144043,0.135498,0.148926,0.125732
2017-10-09T21:20:00Z,249.60938,247.5,248.20313,248.55469,250.66406,250.3125,249.96094,252.07031,252.77344,248.20313,254.88281,252.07031,10.25391,8.32031,8.96484,9.375,9.55078,9.19922,9.49219,9.60938,9.84375,9.375,9.43359,9.43359,9.60938,0.20752,0.13916,0.144043,0.135498,0.161133,0.135498,0.178223,0.146484,0.15625,0.177002,0.111084
2017-10-09T21:30:00Z,242.22656,241.52344,246.09375,245.39063,247.85156,245.74219,247.85156,246.09375,248.55469,249.25781,249.96094,253.82813,9.43359,7.38281,8.84766,9.08203,8.67188,9.08203,9.02344,9.25781,9.08203,9.66797,9.19922,9.55078,9.25781,0.144043,0.10498,0.134277,0.128174,0.125732,0.107422,0.123291,0.144043,0.10498,0.131836,0.172119
2017-10-09T21:50:00Z,261.91406,267.89063,266.13281,267.53906,267.1875,266.48438,267.1875,263.67188,266.48438,268.24219,268.24219,266.13281,8.96484,6.73828,6.15234,6.5625,6.5625,6.62109,6.97266,6.79688,7.14844,6.97266,7.32422,6.91406,7.20703,0.144043,0.151367,0.141602,0.162354,0.186768,0.162354,0.175781,0.142822,0.112305,0.196533,0.174561
2017-10-09T22:00:00Z,260.50781,269.29688,267.1875,266.83594,264.72656,269.64844,271.75781,270.0,271.75781,272.8125,271.05469,272.46094,6.97266,5.44922,6.32813,6.44531,6.50391,6.73828,6.85547,6.79688,6.97266,7.03125,7.20703,7.20703,7.44141,0.140381,0.114746,0.123291,0.10376,0.102539,0.085449,0.128174,0.10376,0.090332,0.135498,0.117188
2017-10-09T22:10:00Z,262.61719,262.26563,261.5625,261.91406,262.61719,264.02344,265.42969,271.40625,273.86719,268.59375,274.57031,271.40625,6.91406,5.56641,6.38672,6.21094,6.50391,6.62109,6.44531,6.91406,6.44531,6.73828,6.67969,6.97266,6.91406,0.124512,0.177002,0.167236,0.184326,0.174561,0.206299,0.17334,0.144043,0.17334,0.164795,0.123291
2017-10-09T22:20:00Z,253.47656,248.90625,246.44531,246.09375,248.20313,252.07031,255.23438,256.28906,260.85938,262.26563,267.1875,270.70313,7.08984,5.39063,6.03516,5.85938,6.21094,6.09375,6.26953,6.15234,6.26953,6.26953,6.85547,6.79688,6.97266,0.117188,0.161133,0.12085,0.130615,0.146484,0.118408,0.131836,0.111084,0.129395,0.114746,0.098877
2017-10-09T22:30:00Z,238.00781,241.875,245.74219,240.82031,246.44531,249.96094,252.77344,258.04688,260.85938,264.72656,267.53906,274.92188,6.38672,5.27344,5.09766,5.03906,5.09766,5.09766,5.09766,5.39063,5.44922,5.50781,5.68359,6.15234,6.09375,0.181885,0.196533,0.136719,0.141602,0.148926,0.136719,0.159912,0.148926,0.129395,0.111084,0.123291
2017-10-09T22:40:00Z,239.76563,253.125,257.69531,256.28906,258.75,263.67188,265.07813,267.53906,269.64844,274.57031,277.03125,275.625,5.85938,4.21875,3.98438,3.92578,3.98438,4.04297,4.27734,4.45313,4.62891,4.98047,5.15625,5.68359,6.26953,0.107422,0.126953,0.119629,0.169678,0.133057,0.136719,0.166016,0.152588,0.144043,0.183105,0.251465
2017-10-09T22:50:00Z,249.25781,263.67188,265.42969,266.48438,267.1875,271.40625,270.35156,271.05469,270.70313,274.21875,274.92188,275.97656,5.27344,3.51563,5.21484,5.39063,5.21484,5.68359,5.625,5.625,5.80078,6.09375,6.21094,6.62109,7.38281,0.131836,0.123291,0.12207,0.075684,0.135498,0.111084,0.114746,0.111084,0.119629,0.085449,0.097656
2017-10-09T23:00:00Z,261.21094,278.4375,274.57031,275.625,275.97656,277.03125,279.49219,275.27344,278.78906,276.32813,275.625,272.8125,5.80078,4.74609,5.56641,5.74219,5.80078,6.09375,6.21094,6.44531,6.44531,6.50391,6.73828,7.38281,7.91016,0.159912,0.158691,0.162354,0.133057,0.13916,0.131836,0.152588,0.159912,0.137939,0.169678,0.161133
2017-10-09T23:10:00Z,276.67969,280.89844,279.84375,281.95313,281.60156,280.54688,281.95313,280.89844,280.54688,283.00781,280.54688,279.49219,6.73828,5.21484,6.44531,6.38672,6.38672,6.50391,6.50391,6.50391,6.21094,6.5625,6.50391,6.44531,6.32813,0.091553,0.111084,0.111084,0.109863,0.115967,0.101318,0.108643,0.12085,0.118408,0.118408,0.125732
2017-10-09T23:20:00Z,274.57031,273.16406,274.92188,273.16406,276.32813,274.21875,271.75781,275.97656,275.625,271.75781,272.46094,269.29688,6.67969,5.39063,5.85938,6.26953,6.09375,6.09375,6.21094,6.50391,6.44531,6.09375,6.26953,6.62109,7.38281,0.129395,0.131836,0.097656,0.102539,0.100098,0.119629,0.108643,0.096436,0.111084,0.136719,0.157471
2017-10-09T23:30:00Z,267.1875,268.24219,268.59375,268.59375,266.48438,266.13281,267.1875,265.07813,271.40625,271.05469,272.10938,272.8125,6.32813,5.33203,6.09375,5.85938,6.03516,5.91797,6.15234,6.21094,6.21094,6.15234,6.09375,6.15234,6.32813,0.101318,0.100098,0.131836,0.12085,0.100098,0.12085,0.129395,0.100098,0.137939,0.135498,0.095215
2017-10-09T23:40:00Z,260.85938,262.26563,260.15625,263.67188,262.26563,265.42969,262.61719,263.67188,266.83594,267.53906,268.24219,267.53906,6.79688,5.21484,5.80078,5.625,5.68359,5.85938,5.74219,5.80078,5.80078,5.74219,5.74219,5.85938,5.91797,0.140381,0.124512,0.083008,0.087891,0.129395,0.112305,0.070801,0.12207,0.151367,0.113525,0.10376
2017-10-09T23:50:00Z,254.88281,264.02344,255.58594,259.10156,260.15625,263.32031,262.26563,263.32031,265.42969,267.1875,263.67188,266.48438,6.03516,4.98047,5.15625,5.50781,5.39063,5.625,5.74219,5.625,5.85938,5.50781,5.74219,5.68359,5.97656,0.13916,0.141602,0.085449,0.100098,0.10498,0.166016,0.111084,0.157471,0.169678,0.130615,0.155029
