LOCATION: 
SYSTEM SERIAL: HKZB
TIMESTAMP (ISO-8601) UTC,WindDir004m deg,WindDir030m deg,WindDir040m deg,WindDir040m_ref deg,WindDir060m deg,WindDir080m deg,WindDir100m deg,WindDir120m deg,WindDir140m deg,WindDir160m deg,WindDir180m deg,WindDir200m deg,WindGust004m m/s,WindSpeed004m m/s,WindSpeed030mh m/s,WindSpeed040mh m/s,WindSpeed040m_refh m/s,WindSpeed060mh m/s,WindSpeed080mh m/s,WindSpeed100mh m/s,WindSpeed120mh m/s,WindSpeed140mh m/s,WindSpeed160mh m/s,WindSpeed180mh m/s,WindSpeed200mh m/s,TI 030m,TI 040m,TI 040m ref,TI 060m,TI 080m,TI 100m,TI 120m,TI 140m,TI 160m,TI 180m,TI 200m
2017-09-24T00:00:00Z,103.00781,105.11719,107.22656,105.11719,102.65625,108.28125,111.09375,108.63281,112.5,112.14844,109.6875,113.20313,6.97266,5.85938,6.26953,6.32813,6.50391,6.5625,6.67969,6.50391,6.38672,6.09375,6.44531,6.38672,6.5625,0.147705,0.125732,0.131836,0.157471,0.123291,0.134277,0.117188,0.137939,0.109863,0.148926,0.118408
2017-09-24T00:10:00Z,103.00781,105.46875,106.17188,107.57813,107.22656,109.6875,108.98438,107.22656,110.03906,114.96094,114.60938,116.71875,7.20703,6.15234,6.44531,6.73828,6.50391,6.62109,6.50391,6.21094,6.32813,6.62109,6.32813,6.38672,5.97656,0.101318,0.109863,0.128174,0.092773,0.140381,0.108643,0.141602,0.10498,0.130615,0.115967,0.130615
2017-09-24T00:20:00Z,103.35938,108.98438,112.5,111.44531,113.90625,111.09375,111.79688,116.01563,113.55469,118.125,117.77344,124.10156,7.03125,5.85938,6.26953,6.26953,5.85938,5.97656,6.09375,6.21094,6.32813,6.09375,6.15234,6.26953,6.03516,0.112305,0.117188,0.177002,0.145264,0.124512,0.107422,0.10376,0.131836,0.102539,0.117188,0.145264
2017-09-24T00:30:00Z,107.57813,112.5,112.85156,117.77344,117.07031,116.01563,118.125,119.53125,120.9375,121.64063,124.45313,121.99219,7.03125,5.68359,5.33203,5.68359,5.44922,5.50781,5.50781,5.56641,5.68359,5.80078,5.68359,5.625,5.74219,0.169678,0.108643,0.117188,0.101318,0.131836,0.136719,0.126953,0.131836,0.15625,0.152588,0.136719
2017-09-24T00:40:00Z,110.03906,114.25781,116.01563,114.25781,116.71875,113.55469,118.82813,120.58594,118.47656,123.75,126.5625,125.15625,6.21094,5.21484,5.56641,5.44922,5.625,5.44922,5.44922,5.85938,5.625,5.56641,5.625,5.68359,5.50781,0.144043,0.131836,0.131836,0.147705,0.172119,0.097656,0.119629,0.169678,0.131836,0.130615,0.137939
2017-09-24T00:50:00Z,112.14844,112.85156,113.55469,112.14844,109.6875,113.90625,116.36719,117.07031,117.07031,118.125,121.64063,124.80469,6.21094,5.15625,6.09375,5.97656,6.15234,6.15234,6.21094,6.03516,5.85938,6.21094,6.21094,5.68359,5.80078,0.126953,0.112305,0.115967,0.095215,0.115967,0.128174,0.128174,0.134277,0.12085,0.183105,0.159912
2017-09-24T01:00:00Z,109.6875,105.82031,104.76563,103.71094,102.30469,105.46875,105.82031,107.92969,111.09375,110.39063,109.6875,115.66406,7.08984,5.85938,6.62109,6.73828,6.85547,6.79688,6.91406,6.73828,6.73828,6.5625,6.50391,6.5625,6.38672,0.108643,0.123291,0.108643,0.098877,0.12207,0.115967,0.117188,0.102539,0.126953,0.146484,0.164795
2017-09-24T01:10:00Z,101.25,104.41406,105.11719,105.46875,107.92969,106.875,107.22656,111.79688,108.98438,109.6875,114.25781,117.07031,7.61719,6.38672,6.91406,6.50391,6.67969,6.85547,6.85547,6.5625,6.79688,6.67969,6.97266,6.85547,6.50391,0.119629,0.125732,0.102539,0.097656,0.095215,0.107422,0.117188,0.12207,0.106201,0.12207,0.118408
2017-09-24T01:20:00Z,102.30469,106.52344,109.33594,108.28125,107.92969,110.74219,112.5,113.20313,114.96094,114.25781,117.77344,120.9375,7.5,6.15234,6.62109,6.73828,6.50391,6.62109,6.62109,6.67969,6.5625,6.5625,6.79688,6.62109,6.21094,0.115967,0.12085,0.117188,0.108643,0.090332,0.114746,0.095215,0.115967,0.111084,0.089111,0.13916
2017-09-24T01:30:00Z,105.82031,107.22656,107.22656,107.92969,105.82031,110.03906,113.20313,114.25781,114.25781,117.42188,117.77344,121.99219,7.38281,6.26953,6.85547,6.73828,6.5625,7.08984,7.08984,6.73828,6.91406,6.79688,6.62109,6.91406,6.38672,0.090332,0.106201,0.111084,0.081787,0.084229,0.130615,0.100098,0.097656,0.100098,0.091553,0.091553
2017-09-24T01:40:00Z,104.41406,110.74219,112.5,112.14844,111.09375,115.66406,117.07031,113.20313,118.47656,120.58594,118.82813,124.10156,7.73438,6.38672,6.03516,5.85938,6.26953,6.32813,6.21094,6.21094,6.26953,6.44531,6.44531,6.21094,5.97656,0.134277,0.131836,0.083008,0.123291,0.134277,0.098877,0.10498,0.119629,0.12085,0.134277,0.118408
2017-09-24T01:50:00Z,111.09375,115.66406,113.90625,113.20313,112.5,115.66406,115.66406,119.17969,119.17969,118.125,119.88281,122.34375,6.38672,5.625,5.74219,5.74219,5.97656,5.80078,5.56641,5.80078,5.80078,5.68359,5.85938,5.85938,5.74219,0.130615,0.145264,0.113525,0.148926,0.163574,0.134277,0.126953,0.150146,0.109863,0.128174,0.129395
2017-09-24T02:00:00Z,113.20313,113.90625,112.14844,114.96094,111.79688,117.07031,114.25781,118.125,115.66406,119.17969,119.88281,122.69531,6.32813,5.15625,5.21484,5.15625,5.27344,5.27344,5.27344,5.27344,5.39063,5.44922,5.33203,5.39063,5.50781,0.189209,0.117188,0.150146,0.175781,0.119629,0.12207,0.113525,0.142822,0.135498,0.123291,0.142822
2017-09-24T02:10:00Z,109.6875,118.82813,112.5,113.55469,115.66406,113.90625,118.47656,117.07031,119.88281,122.34375,120.58594,125.50781,5.97656,4.86328,5.15625,4.98047,4.92188,5.15625,5.09766,5.33203,5.21484,5.27344,5.15625,5.27344,5.09766,0.12207,0.135498,0.144043,0.106201,0.157471,0.130615,0.126953,0.126953,0.163574,0.145264,0.158691
2017-09-24T02:20:00Z,112.5,113.90625,113.55469,113.90625,116.01563,112.14844,116.01563,117.77344,120.23438,119.53125,123.75,120.58594,5.80078,4.6875,5.33203,5.27344,5.33203,5.15625,5.27344,5.27344,5.50781,5.50781,5.56641,5.39063,5.27344,0.08667,0.137939,0.092773,0.109863,0.100098,0.113525,0.106201,0.10498,0.134277,0.112305,0.109863
2017-09-24T02:30:00Z,110.74219,109.33594,110.74219,108.28125,112.14844,108.63281,112.85156,111.44531,113.20313,115.66406,113.20313,117.42188,5.97656,4.98047,5.39063,5.50781,5.56641,5.44922,5.39063,5.27344,5.56641,5.44922,5.625,5.56641,5.56641,0.130615,0.102539,0.123291,0.097656,0.109863,0.085449,0.117188,0.108643,0.080566,0.130615,0.10376
2017-09-24T02:40:00Z,106.875,112.5,113.20313,112.85156,112.5,114.60938,113.20313,113.90625,117.42188,119.88281,118.47656,119.53125,5.91797,4.98047,5.09766,4.98047,4.98047,5.03906,4.92188,5.03906,5.21484,5.39063,5.27344,5.33203,5.39063,0.12085,0.112305,0.101318,0.114746,0.112305,0.148926,0.101318,0.125732,0.097656,0.112305,0.079346
2017-09-24T02:50:00Z,107.22656,111.79688,111.44531,110.03906,112.14844,112.5,117.07031,112.5,114.96094,115.66406,119.53125,116.36719,5.68359,4.57031,4.86328,5.09766,4.98047,5.09766,5.09766,4.98047,4.92188,4.98047,5.09766,5.21484,5.15625,0.118408,0.100098,0.10376,0.095215,0.115967,0.117188,0.108643,0.097656,0.119629,0.097656,0.096436
2017-09-24T03:00:00Z,108.28125,110.03906,111.09375,114.25781,111.09375,114.96094,109.6875,111.44531,112.14844,113.90625,113.20313,114.25781,5.74219,4.62891,4.92188,4.98047,5.03906,4.92188,4.92188,4.98047,4.98047,5.03906,5.03906,5.03906,5.27344,0.117188,0.112305,0.102539,0.111084,0.087891,0.091553,0.100098,0.130615,0.095215,0.06958,0.093994
2017-09-24T03:10:00Z,107.22656,109.33594,106.875,106.875,108.28125,108.63281,107.57813,110.03906,110.74219,111.44531,111.79688,113.90625,5.50781,4.57031,5.39063,5.15625,5.44922,5.50781,5.33203,5.39063,5.50781,5.56641,5.39063,5.625,5.50781,0.107422,0.133057,0.097656,0.101318,0.075684,0.119629,0.091553,0.098877,0.115967,0.081787,0.101318
2017-09-24T03:20:00Z,104.41406,105.46875,105.82031,107.22656,105.11719,106.875,107.92969,105.82031,105.82031,107.92969,108.63281,111.79688,6.21094,4.92188,5.85938,5.91797,5.97656,6.03516,5.91797,6.03516,5.97656,6.03516,6.21094,6.32813,6.44531,0.096436,0.12085,0.115967,0.118408,0.08667,0.080566,0.117188,0.118408,0.084229,0.084229,0.08667
2017-09-24T03:30:00Z,103.35938,105.46875,104.0625,102.30469,105.11719,105.82031,105.46875,104.41406,106.17188,110.03906,111.79688,110.74219,6.79688,5.50781,6.15234,6.32813,6.15234,6.21094,6.38672,6.15234,6.38672,6.5625,6.73828,6.67969,6.67969,0.12207,0.12085,0.106201,0.124512,0.095215,0.145264,0.133057,0.112305,0.10498,0.123291,0.10498
2017-09-24T03:40:00Z,99.49219,102.65625,101.25,105.46875,104.76563,102.65625,100.89844,106.52344,104.41406,106.17188,106.875,113.55469,7.55859,5.97656,6.91406,6.91406,6.91406,6.97266,7.14844,7.03125,7.26563,7.14844,7.55859,7.61719,7.5,0.112305,0.124512,0.093994,0.109863,0.091553,0.123291,0.089111,0.090332,0.10498,0.106201,0.093994
2017-09-24T03:50:00Z,100.19531,109.33594,108.28125,107.22656,106.17188,109.6875,109.33594,109.6875,110.74219,108.98438,111.09375,110.39063,7.55859,6.50391,6.67969,6.50391,6.50391,6.67969,6.79688,6.85547,6.97266,7.20703,7.67578,8.02734,8.02734,0.070801,0.097656,0.117188,0.134277,0.112305,0.091553,0.085449,0.128174,0.08667,0.126953,0.100098
2017-09-24T04:00:00Z,103.00781,107.92969,105.46875,108.63281,106.17188,109.33594,108.98438,107.22656,109.6875,115.3125,111.79688,114.60938,7.55859,6.09375,6.79688,6.91406,6.97266,7.14844,7.08984,7.08984,7.38281,7.67578,7.67578,7.73438,7.91016,0.152588,0.117188,0.15625,0.102539,0.112305,0.135498,0.108643,0.113525,0.098877,0.095215,0.108643
2017-09-24T04:10:00Z,104.41406,106.52344,106.875,111.09375,110.03906,108.28125,110.39063,111.09375,110.39063,111.44531,113.55469,113.90625,7.91016,6.50391,7.14844,7.61719,7.26563,7.55859,7.67578,7.61719,7.73438,7.79297,8.08594,8.32031,8.61328,0.130615,0.126953,0.109863,0.100098,0.12085,0.123291,0.106201,0.075684,0.095215,0.106201,0.098877
2017-09-24T04:20:00Z,103.71094,111.44531,110.03906,110.39063,113.20313,112.14844,111.44531,114.60938,113.20313,113.55469,114.60938,113.90625,7.96875,6.85547,6.73828,6.5625,6.79688,6.62109,6.62109,6.85547,7.20703,7.44141,7.67578,7.85156,7.96875,0.10498,0.151367,0.112305,0.114746,0.089111,0.117188,0.135498,0.10498,0.113525,0.100098,0.098877
2017-09-24T04:30:00Z,103.00781,107.92969,106.875,108.63281,111.44531,110.03906,116.71875,114.25781,112.85156,115.3125,119.17969,116.36719,7.38281,6.09375,5.91797,6.09375,5.91797,6.32813,6.15234,6.03516,6.26953,6.67969,7.20703,7.08984,6.91406,0.123291,0.151367,0.142822,0.134277,0.102539,0.161133,0.141602,0.118408,0.098877,0.151367,0.128174
2017-09-24T04:40:00Z,105.82031,111.79688,112.14844,112.85156,109.33594,110.39063,113.90625,113.55469,114.60938,111.44531,114.96094,119.17969,6.73828,5.39063,6.32813,6.09375,6.15234,6.32813,6.44531,6.50391,6.21094,6.38672,6.5625,6.97266,6.79688,0.10376,0.081787,0.124512,0.117188,0.087891,0.096436,0.118408,0.131836,0.102539,0.111084,0.109863
2017-09-24T04:50:00Z,105.82031,113.90625,110.03906,117.07031,114.60938,114.25781,117.77344,116.01563,115.66406,117.07031,116.01563,117.42188,6.85547,5.68359,5.39063,5.56641,5.44922,5.80078,5.85938,5.68359,5.74219,5.85938,6.03516,6.50391,6.44531,0.13916,0.12207,0.114746,0.100098,0.101318,0.108643,0.106201,0.10376,0.107422,0.102539,0.093994
2017-09-24T05:00:00Z,109.6875,112.14844,118.125,119.17969,116.71875,117.42188,118.82813,118.82813,115.3125,121.28906,118.82813,123.39844,6.50391,5.21484,5.74219,5.91797,5.80078,5.85938,6.03516,5.91797,5.68359,6.03516,6.26953,6.15234,6.15234,0.095215,0.113525,0.131836,0.126953,0.10376,0.142822,0.131836,0.081787,0.137939,0.161133,0.095215
2017-09-24T05:10:00Z,110.74219,120.9375,121.28906,119.17969,116.01563,117.07031,117.07031,121.99219,119.17969,123.39844,119.88281,124.10156,6.26953,5.33203,5.625,5.50781,5.44922,5.56641,5.74219,5.80078,5.625,5.68359,5.80078,6.03516,5.80078,0.146484,0.145264,0.144043,0.12207,0.131836,0.13916,0.159912,0.097656,0.124512,0.123291,0.146484
2017-09-24T05:20:00Z,116.36719,119.88281,120.9375,119.53125,119.53125,121.64063,120.9375,121.64063,120.58594,121.64063,122.34375,123.75,6.09375,4.98047,5.09766,5.33203,5.33203,5.15625,5.33203,5.21484,5.44922,5.50781,5.39063,5.68359,5.74219,0.133057,0.15625,0.111084,0.134277,0.125732,0.153809,0.168457,0.12085,0.140381,0.109863,0.117188
2017-09-24T05:30:00Z,112.85156,117.42188,114.96094,116.71875,115.66406,116.01563,122.69531,119.88281,121.28906,118.47656,121.99219,117.77344,6.09375,4.92188,5.27344,5.50781,5.44922,5.50781,5.91797,5.625,5.68359,5.68359,5.91797,6.03516,5.97656,0.140381,0.096436,0.124512,0.148926,0.108643,0.097656,0.114746,0.118408,0.08667,0.108643,0.133057
2017-09-24T05:40:00Z,112.5,121.28906,119.17969,121.64063,120.9375,123.04688,125.15625,124.80469,123.39844,122.34375,120.23438,120.9375,6.32813,5.15625,5.50781,5.44922,5.50781,5.625,5.625,5.625,5.625,5.74219,5.91797,6.03516,5.91797,0.172119,0.13916,0.129395,0.128174,0.161133,0.12207,0.101318,0.169678,0.091553,0.093994,0.137939
2017-09-24T05:50:00Z,116.01563,126.5625,126.21094,125.15625,127.26563,126.91406,125.15625,121.99219,120.23438,120.23438,119.88281,118.47656,5.91797,5.03906,5.44922,5.33203,5.15625,5.44922,5.09766,5.27344,5.56641,6.09375,5.91797,5.91797,5.74219,0.135498,0.10376,0.129395,0.124512,0.140381,0.153809,0.117188,0.126953,0.102539,0.118408,0.147705
2017-09-24T06:00:00Z,121.28906,126.91406,125.85938,126.21094,126.91406,124.45313,124.10156,123.75,122.34375,119.53125,120.58594,117.77344,5.80078,4.86328,5.09766,5.03906,5.27344,4.98047,5.15625,5.44922,5.85938,5.91797,6.09375,5.97656,6.15234,0.164795,0.144043,0.118408,0.147705,0.129395,0.123291,0.12207,0.090332,0.114746,0.119629,0.130615
2017-09-24T06:10:00Z,121.28906,121.64063,124.10156,124.45313,121.28906,124.10156,121.28906,124.80469,120.58594,124.10156,121.28906,120.58594,6.32813,4.86328,5.15625,5.09766,5.21484,5.09766,5.27344,5.68359,5.91797,5.85938,6.09375,6.03516,6.21094,0.128174,0.125732,0.145264,0.124512,0.135498,0.128174,0.114746,0.117188,0.128174,0.10376,0.090332
2017-09-24T06:20:00Z,118.82813,122.69531,123.75,121.99219,122.69531,124.45313,124.45313,125.15625,124.10156,123.04688,121.28906,121.64063,5.625,4.62891,4.74609,4.92188,4.6875,4.86328,5.03906,5.15625,5.56641,5.74219,5.80078,5.91797,6.09375,0.163574,0.151367,0.145264,0.144043,0.13916,0.136719,0.118408,0.12207,0.129395,0.08667,0.096436
2017-09-24T06:30:00Z,117.77344,122.34375,120.9375,121.99219,123.04688,122.34375,123.75,123.04688,125.15625,122.34375,121.99219,118.47656,5.44922,4.45313,4.6875,4.80469,4.86328,4.57031,4.86328,4.92188,5.39063,5.56641,5.74219,5.80078,5.91797,0.134277,0.155029,0.157471,0.137939,0.100098,0.114746,0.148926,0.089111,0.115967,0.137939,0.101318
2017-09-24T06:40:00Z,117.77344,124.45313,124.10156,122.34375,124.80469,124.80469,124.45313,123.04688,124.10156,124.10156,123.39844,120.23438,5.39063,4.27734,4.74609,4.6875,4.62891,4.74609,4.74609,4.92188,4.98047,5.33203,5.39063,5.39063,5.39063,0.114746,0.137939,0.141602,0.128174,0.13916,0.108643,0.102539,0.119629,0.093994,0.112305,0.12085
2017-09-24T06:50:00Z,118.82813,116.71875,117.77344,115.3125,118.47656,117.42188,117.42188,118.82813,122.69531,119.88281,118.82813,116.71875,5.44922,4.33594,5.33203,5.21484,5.21484,5.15625,5.03906,5.39063,5.74219,6.03516,5.91797,5.80078,5.625,0.141602,0.161133,0.097656,0.17334,0.187988,0.169678,0.114746,0.115967,0.130615,0.133057,0.148926
2017-09-24T07:00:00Z,109.6875,113.55469,113.90625,112.85156,115.3125,116.36719,116.01563,117.42188,115.66406,117.07031,116.71875,114.96094,5.85938,4.80469,5.68359,5.68359,5.80078,5.50781,5.56641,5.56641,6.09375,6.38672,6.09375,6.09375,5.91797,0.129395,0.130615,0.111084,0.12085,0.134277,0.107422,0.129395,0.137939,0.10498,0.117188,0.115967
2017-09-24T07:10:00Z,108.63281,118.125,120.9375,121.28906,120.58594,120.9375,120.23438,118.82813,121.28906,119.17969,118.47656,118.82813,6.09375,5.21484,5.15625,5.21484,5.03906,5.03906,5.09766,5.33203,5.68359,5.80078,5.97656,5.97656,6.15234,0.109863,0.12207,0.119629,0.140381,0.133057,0.113525,0.118408,0.145264,0.108643,0.118408,0.136719
2017-09-24T07:20:00Z,117.42188,124.80469,123.39844,124.10156,124.80469,123.04688,125.50781,127.96875,125.15625,123.04688,121.64063,120.9375,5.97656,4.74609,4.92188,4.80469,5.03906,5.03906,4.86328,5.21484,5.33203,5.44922,5.44922,5.74219,5.50781,0.119629,0.13916,0.157471,0.12085,0.162354,0.107422,0.08667,0.109863,0.142822,0.108643,0.115967
2017-09-24T07:30:00Z,117.77344,124.80469,123.75,125.50781,125.15625,126.21094,125.50781,125.85938,124.45313,124.10156,120.9375,122.34375,5.21484,4.39453,4.92188,4.92188,4.74609,4.98047,4.74609,5.03906,5.27344,5.74219,5.85938,5.85938,5.85938,0.13916,0.091553,0.12085,0.072021,0.072021,0.101318,0.096436,0.135498,0.083008,0.085449,0.12207
2017-09-24T07:40:00Z,120.58594,123.39844,121.99219,120.9375,122.34375,121.99219,121.99219,126.5625,124.10156,124.45313,120.58594,121.99219,5.44922,4.51172,4.98047,5.09766,5.15625,4.92188,5.15625,5.39063,5.44922,5.625,5.68359,5.74219,6.26953,0.111084,0.134277,0.096436,0.102539,0.080566,0.085449,0.106201,0.136719,0.111084,0.10498,0.112305
2017-09-24T07:50:00Z,117.42188,114.25781,113.20313,114.60938,115.66406,115.3125,114.25781,117.07031,118.82813,116.36719,120.9375,119.53125,5.56641,4.6875,5.50781,5.56641,5.50781,5.50781,5.56641,5.56641,5.85938,6.03516,6.5625,6.5625,6.32813,0.124512,0.117188,0.161133,0.118408,0.109863,0.102539,0.12085,0.131836,0.112305,0.129395,0.10376
2017-09-24T08:00:00Z,109.6875,110.39063,105.82031,108.63281,107.22656,108.28125,108.28125,110.74219,116.01563,115.66406,117.77344,114.96094,6.09375,5.15625,5.56641,5.50781,5.68359,5.68359,5.68359,5.85938,6.26953,6.5625,6.62109,6.50391,6.67969,0.106201,0.106201,0.125732,0.150146,0.100098,0.114746,0.113525,0.109863,0.113525,0.144043,0.108643
2017-09-24T08:10:00Z,101.25,105.11719,101.95313,102.30469,104.41406,108.28125,111.09375,112.14844,114.96094,116.01563,117.42188,118.82813,6.32813,5.27344,5.625,5.56641,5.33203,5.68359,5.80078,5.80078,5.74219,6.26953,6.38672,6.85547,6.62109,0.125732,0.115967,0.131836,0.119629,0.091553,0.118408,0.130615,0.117188,0.093994,0.096436,0.133057
2017-09-24T08:20:00Z,100.19531,102.30469,103.71094,103.00781,103.00781,104.76563,107.22656,108.63281,110.03906,113.20313,118.82813,117.42188,5.97656,5.03906,5.80078,5.91797,5.85938,5.74219,6.03516,5.91797,5.74219,5.80078,6.38672,6.50391,6.5625,0.148926,0.133057,0.123291,0.151367,0.12085,0.106201,0.102539,0.124512,0.115967,0.091553,0.10376
2017-09-24T08:30:00Z,99.49219,103.00781,106.17188,108.28125,106.17188,105.82031,107.92969,112.5,111.44531,113.90625,112.85156,117.07031,6.62109,5.56641,5.625,5.91797,5.625,5.97656,5.91797,5.85938,6.09375,5.91797,6.38672,6.50391,6.91406,0.177002,0.151367,0.177002,0.170898,0.13916,0.107422,0.164795,0.137939,0.136719,0.179443,0.131836
2017-09-24T08:40:00Z,101.95313,111.79688,111.44531,108.28125,111.79688,113.55469,114.25781,111.44531,115.3125,117.77344,118.47656,117.42188,6.97266,5.33203,5.27344,5.50781,5.39063,5.15625,5.50781,5.33203,5.74219,6.21094,6.5625,6.38672,6.38672,0.142822,0.187988,0.108643,0.134277,0.134277,0.137939,0.126953,0.126953,0.141602,0.136719,0.150146
2017-09-24T08:50:00Z,107.22656,108.63281,106.875,107.92969,107.57813,110.39063,113.90625,115.66406,116.71875,119.88281,116.36719,120.9375,6.03516,4.74609,4.6875,4.80469,4.80469,5.03906,5.03906,5.21484,5.44922,5.97656,6.32813,6.5625,6.67969,0.130615,0.144043,0.161133,0.163574,0.196533,0.08667,0.085449,0.185547,0.130615,0.107422,0.17334
2017-09-24T09:00:00Z,104.41406,108.63281,107.22656,104.76563,107.22656,109.33594,109.33594,114.60938,114.96094,117.42188,117.77344,120.23438,5.44922,4.45313,4.51172,4.51172,4.57031,4.51172,4.80469,4.6875,4.98047,5.625,6.15234,6.5625,6.5625,0.169678,0.205078,0.096436,0.17334,0.162354,0.212402,0.137939,0.168457,0.144043,0.128174,0.137939
2017-09-24T09:10:00Z,104.41406,107.57813,106.52344,105.82031,106.52344,106.17188,108.98438,113.20313,116.36719,118.125,119.53125,119.17969,5.15625,4.21875,4.27734,4.6875,4.51172,4.57031,4.57031,4.62891,4.92188,5.21484,6.03516,6.26953,6.44531,0.163574,0.15625,0.198975,0.152588,0.136719,0.155029,0.144043,0.177002,0.124512,0.157471,0.141602
2017-09-24T09:20:00Z,102.30469,105.46875,105.46875,103.71094,104.76563,105.82031,110.03906,112.5,116.36719,119.88281,120.58594,120.9375,5.27344,4.27734,4.80469,4.27734,4.62891,4.62891,4.45313,4.80469,5.15625,5.85938,6.15234,6.32813,6.32813,0.13916,0.214844,0.162354,0.100098,0.137939,0.152588,0.153809,0.166016,0.185547,0.162354,0.167236
2017-09-24T09:30:00Z,101.60156,99.14063,105.82031,103.35938,102.30469,108.98438,108.28125,113.90625,116.36719,118.125,117.77344,122.34375,5.44922,4.39453,4.80469,4.80469,4.98047,4.80469,5.09766,5.33203,5.74219,6.03516,6.50391,6.91406,7.03125,0.166016,0.13916,0.15625,0.13916,0.175781,0.133057,0.113525,0.162354,0.098877,0.12085,0.109863
2017-09-24T09:40:00Z,99.14063,101.60156,104.76563,101.25,104.0625,103.71094,105.46875,107.57813,112.14844,117.42188,121.99219,123.75,5.625,4.6875,5.09766,4.74609,4.86328,4.74609,4.6875,4.98047,5.09766,5.74219,6.09375,6.67969,6.73828,0.136719,0.166016,0.195313,0.145264,0.148926,0.115967,0.117188,0.119629,0.140381,0.083008,0.151367
2017-09-24T09:50:00Z,98.4375,107.57813,106.875,106.17188,110.74219,111.09375,112.14844,116.71875,118.47656,125.15625,126.5625,129.375,5.50781,4.39453,3.92578,3.92578,3.98438,4.10156,3.92578,4.33594,4.6875,4.80469,5.80078,6.03516,6.67969,0.189209,0.203857,0.146484,0.137939,0.175781,0.157471,0.195313,0.134277,0.13916,0.175781,0.089111
2017-09-24T10:00:00Z,104.41406,110.74219,111.44531,110.74219,110.03906,112.5,116.71875,112.85156,118.82813,127.96875,131.48438,132.89063,4.74609,3.75,4.04297,4.16016,4.27734,4.21875,4.04297,4.21875,4.27734,4.6875,5.50781,6.26953,6.50391,0.211182,0.15625,0.163574,0.12207,0.153809,0.17334,0.183105,0.141602,0.172119,0.135498,0.114746
2017-09-24T10:10:00Z,105.82031,108.63281,108.28125,111.09375,113.55469,114.96094,116.01563,117.77344,124.45313,131.48438,132.53906,130.78125,5.50781,3.80859,4.21875,4.33594,4.21875,4.39453,4.33594,4.33594,4.57031,5.15625,6.32813,6.50391,6.79688,0.147705,0.133057,0.098877,0.148926,0.137939,0.146484,0.111084,0.093994,0.114746,0.081787,0.081787
2017-09-24T10:20:00Z,105.46875,105.82031,103.00781,107.22656,108.28125,107.92969,111.44531,114.25781,121.99219,124.10156,127.96875,130.42969,5.15625,4.16016,4.39453,4.39453,4.27734,4.39453,4.45313,4.45313,4.62891,5.09766,5.625,6.32813,6.67969,0.158691,0.123291,0.148926,0.135498,0.153809,0.119629,0.161133,0.218506,0.189209,0.183105,0.125732
2017-09-24T10:30:00Z,101.95313,104.76563,105.82031,106.52344,105.11719,107.92969,113.20313,114.60938,123.04688,126.91406,127.26563,130.07813,5.03906,4.21875,4.10156,4.10156,4.16016,4.27734,4.16016,4.45313,4.62891,5.03906,5.56641,5.74219,6.44531,0.135498,0.119629,0.167236,0.144043,0.155029,0.107422,0.180664,0.187988,0.184326,0.209961,0.13916
2017-09-24T10:40:00Z,100.19531,100.54688,103.00781,101.95313,102.65625,105.82031,109.6875,115.66406,119.17969,121.99219,127.96875,128.32031,5.09766,4.10156,4.57031,4.45313,4.45313,4.51172,4.57031,4.6875,4.57031,4.98047,5.39063,6.26953,6.79688,0.136719,0.137939,0.134277,0.107422,0.129395,0.118408,0.153809,0.140381,0.150146,0.155029,0.152588
2017-09-24T10:50:00Z,96.67969,99.14063,97.73438,98.4375,99.49219,103.35938,104.0625,107.92969,111.79688,115.66406,121.64063,125.50781,5.44922,4.39453,4.33594,4.33594,4.45313,4.51172,4.51172,4.51172,4.45313,4.6875,4.86328,5.21484,5.91797,0.140381,0.181885,0.137939,0.135498,0.198975,0.145264,0.123291,0.134277,0.153809,0.185547,0.163574
2017-09-24T11:00:00Z,96.32813,103.35938,102.30469,106.17188,106.875,106.875,109.33594,109.6875,112.5,119.88281,119.17969,122.69531,5.27344,4.10156,3.86719,3.98438,3.86719,4.10156,4.04297,4.10156,4.27734,4.39453,4.6875,4.74609,5.50781,0.161133,0.163574,0.151367,0.150146,0.144043,0.135498,0.123291,0.126953,0.109863,0.214844,0.184326
2017-09-24T11:10:00Z,99.49219,101.60156,99.84375,101.60156,101.95313,104.0625,107.92969,106.875,112.85156,117.42188,123.75,127.26563,4.92188,3.80859,4.27734,4.10156,3.98438,4.10156,4.21875,4.21875,4.39453,4.57031,4.80469,5.21484,5.44922,0.113525,0.134277,0.133057,0.133057,0.092773,0.13916,0.144043,0.124512,0.133057,0.141602,0.174561
2017-09-24T11:20:00Z,97.73438,104.76563,105.46875,105.46875,106.17188,107.92969,109.33594,110.39063,112.5,116.71875,114.96094,119.17969,5.44922,4.04297,3.98438,3.98438,4.16016,4.16016,4.21875,4.16016,4.21875,4.21875,4.27734,4.39453,4.62891,0.129395,0.135498,0.113525,0.117188,0.111084,0.135498,0.100098,0.111084,0.080566,0.107422,0.117188
2017-09-24T11:30:00Z,100.19531,100.89844,99.49219,100.54688,98.4375,103.00781,104.41406,109.6875,110.39063,114.25781,116.01563,117.42188,5.09766,3.75,3.86719,3.86719,3.92578,3.98438,3.98438,3.98438,4.10156,3.98438,4.04297,4.27734,4.62891,0.10498,0.097656,0.112305,0.087891,0.107422,0.130615,0.113525,0.101318,0.126953,0.12085,0.111084
2017-09-24T11:40:00Z,98.4375,98.08594,98.78906,100.89844,98.78906,98.08594,98.4375,102.30469,105.82031,104.76563,111.44531,113.20313,4.45313,3.63281,4.21875,4.33594,4.27734,4.27734,4.27734,4.39453,4.45313,4.51172,4.74609,4.80469,5.09766,0.133057,0.087891,0.112305,0.131836,0.123291,0.109863,0.10376,0.10498,0.10376,0.133057,0.106201
2017-09-24T11:50:00Z,95.97656,95.97656,96.32813,94.92188,98.4375,100.89844,99.14063,104.41406,106.52344,110.74219,112.14844,117.42188,5.09766,4.04297,4.92188,4.86328,5.03906,5.03906,4.92188,4.98047,5.09766,5.21484,5.44922,5.56641,5.74219,0.080566,0.089111,0.084229,0.080566,0.083008,0.10498,0.090332,0.100098,0.107422,0.095215,0.107422
2017-09-24T12:00:00Z,92.8125,95.27344,94.57031,94.21875,97.38281,97.38281,98.4375,98.78906,102.65625,107.92969,112.85156,115.3125,5.56641,4.6875,5.39063,5.39063,5.33203,5.33203,5.39063,5.44922,5.39063,5.68359,5.85938,6.21094,6.38672,0.073242,0.084229,0.085449,0.074463,0.074463,0.075684,0.097656,0.073242,0.083008,0.065918,0.070801
2017-09-24T12:10:00Z,90.70313,93.16406,93.86719,94.92188,95.625,94.92188,94.57031,95.97656,97.03125,100.54688,101.25,109.33594,6.15234,5.09766,5.85938,5.97656,5.91797,5.97656,5.97656,6.03516,6.03516,6.15234,6.03516,6.21094,6.44531,0.083008,0.072021,0.102539,0.072021,0.081787,0.081787,0.073242,0.076904,0.062256,0.091553,0.070801
2017-09-24T12:20:00Z,90.35156,93.16406,93.51563,93.86719,93.86719,94.21875,94.92188,97.03125,95.97656,100.54688,102.30469,106.17188,6.73828,5.56641,6.26953,6.50391,6.32813,6.5625,6.5625,6.50391,6.44531,6.26953,6.5625,6.50391,6.50391,0.092773,0.090332,0.083008,0.067139,0.087891,0.078125,0.087891,0.065918,0.068359,0.062256,0.05249
2017-09-24T12:30:00Z,88.59375,91.75781,92.8125,93.16406,94.92188,94.92188,95.625,95.97656,99.84375,100.54688,105.11719,105.46875,7.08984,6.09375,6.50391,6.67969,6.50391,6.5625,6.5625,6.44531,6.44531,6.5625,6.44531,6.5625,6.44531,0.083008,0.089111,0.06958,0.080566,0.070801,0.061035,0.053711,0.067139,0.070801,0.059814,0.065918
2017-09-24T12:40:00Z,89.64844,91.75781,95.625,94.92188,95.27344,97.38281,98.4375,99.14063,101.25,103.71094,103.71094,105.46875,7.26563,6.03516,6.62109,6.79688,6.62109,6.85547,6.79688,6.85547,6.79688,6.5625,6.62109,6.73828,6.67969,0.081787,0.054932,0.08667,0.076904,0.080566,0.048828,0.058594,0.074463,0.076904,0.070801,0.064697
2017-09-24T12:50:00Z,90.0,92.10938,89.29688,92.46094,94.92188,92.10938,98.08594,94.21875,99.49219,99.49219,100.54688,105.82031,7.08984,6.15234,6.73828,6.91406,6.79688,6.97266,6.85547,6.97266,6.91406,6.97266,7.03125,6.91406,6.91406,0.085449,0.085449,0.089111,0.079346,0.091553,0.070801,0.080566,0.073242,0.06958,0.056152,0.057373
2017-09-24T13:00:00Z,88.94531,92.10938,91.05469,90.70313,92.8125,92.10938,94.57031,95.97656,99.49219,97.03125,101.60156,102.65625,7.14844,6.15234,6.62109,6.62109,6.67969,6.79688,6.91406,6.91406,7.08984,6.97266,7.08984,6.97266,6.79688,0.06958,0.068359,0.095215,0.062256,0.073242,0.08667,0.076904,0.073242,0.062256,0.064697,0.076904
2017-09-24T13:10:00Z,87.1875,92.46094,92.10938,89.64844,91.75781,93.16406,94.92188,96.32813,100.89844,100.89844,104.76563,103.00781,7.03125,6.03516,6.15234,6.26953,6.32813,6.32813,6.5625,6.5625,6.67969,6.73828,6.5625,6.73828,6.44531,0.095215,0.08667,0.080566,0.091553,0.085449,0.079346,0.074463,0.093994,0.084229,0.083008,0.093994
2017-09-24T13:20:00Z,86.48438,90.70313,87.1875,91.05469,93.86719,93.16406,95.625,96.67969,98.08594,103.00781,103.00781,104.0625,6.67969,5.50781,5.74219,5.91797,5.91797,6.09375,6.15234,6.5625,6.38672,6.44531,6.44531,6.26953,6.15234,0.102539,0.111084,0.101318,0.074463,0.097656,0.062256,0.067139,0.072021,0.073242,0.057373,0.074463
2017-09-24T13:30:00Z,85.07813,89.29688,90.35156,91.05469,90.70313,94.92188,96.32813,98.4375,103.00781,102.30469,108.98438,111.79688,6.50391,5.21484,5.15625,5.39063,5.21484,5.56641,5.56641,5.74219,5.97656,5.97656,6.15234,5.97656,5.97656,0.118408,0.129395,0.125732,0.125732,0.089111,0.08667,0.133057,0.102539,0.133057,0.129395,0.096436
2017-09-24T13:40:00Z,84.72656,88.94531,88.59375,90.70313,92.8125,94.57031,99.49219,102.30469,105.11719,109.33594,110.39063,112.14844,5.56641,4.57031,5.27344,5.27344,5.21484,5.39063,5.68359,5.85938,5.97656,5.91797,5.97656,5.80078,6.32813,0.089111,0.115967,0.112305,0.107422,0.100098,0.114746,0.109863,0.113525,0.125732,0.147705,0.098877
2017-09-24T13:50:00Z,85.78125,90.70313,90.70313,87.1875,91.40625,94.21875,97.73438,101.60156,103.35938,110.03906,108.63281,111.79688,5.50781,4.6875,5.21484,5.33203,5.44922,5.44922,5.80078,5.97656,5.85938,6.03516,5.91797,5.97656,6.09375,0.125732,0.101318,0.101318,0.10376,0.12085,0.075684,0.128174,0.106201,0.10376,0.155029,0.10376
2017-09-24T14:00:00Z,83.32031,90.35156,92.46094,92.10938,94.92188,98.78906,99.84375,103.00781,105.46875,107.57813,104.41406,111.79688,5.44922,4.6875,5.27344,5.39063,5.50781,5.85938,6.26953,6.09375,6.32813,6.09375,6.15234,6.21094,6.26953,0.12207,0.106201,0.093994,0.098877,0.075684,0.113525,0.08667,0.090332,0.085449,0.113525,0.074463
2017-09-24T14:10:00Z,85.42969,93.16406,95.625,95.27344,95.625,98.4375,99.49219,104.76563,101.95313,106.52344,108.63281,110.74219,5.56641,4.62891,5.33203,5.50781,5.68359,5.97656,6.09375,6.21094,5.91797,5.91797,5.91797,5.91797,6.09375,0.081787,0.091553,0.076904,0.092773,0.059814,0.065918,0.072021,0.075684,0.074463,0.074463,0.075684
2017-09-24T14:20:00Z,87.53906,89.29688,91.40625,91.75781,94.92188,97.03125,96.32813,99.49219,101.25,101.60156,104.76563,106.17188,5.03906,4.39453,5.625,5.85938,5.85938,6.15234,6.15234,6.15234,6.09375,6.03516,5.97656,5.85938,5.91797,0.092773,0.072021,0.068359,0.070801,0.057373,0.053711,0.053711,0.06958,0.05249,0.064697,0.062256
2017-09-24T14:30:00Z,82.96875,83.32031,86.48438,85.42969,89.29688,91.40625,94.57031,97.38281,97.73438,98.4375,101.95313,101.60156,5.15625,4.45313,5.03906,5.39063,5.39063,5.625,5.80078,5.80078,5.74219,5.80078,5.74219,5.625,5.80078,0.115967,0.118408,0.106201,0.085449,0.065918,0.078125,0.074463,0.083008,0.083008,0.073242,0.056152
2017-09-24T14:40:00Z,77.34375,83.32031,86.48438,85.78125,90.35156,94.21875,94.92188,95.27344,102.30469,102.30469,102.30469,105.82031,4.92188,3.92578,4.86328,4.92188,4.86328,5.03906,5.21484,5.15625,5.39063,5.33203,5.44922,5.44922,5.44922,0.064697,0.063477,0.092773,0.075684,0.068359,0.076904,0.073242,0.074463,0.062256,0.065918,0.05127
2017-09-24T14:50:00Z,72.42188,76.64063,82.26563,81.21094,87.53906,90.35156,89.64844,94.21875,94.57031,98.08594,95.97656,100.19531,4.45313,3.75,5.03906,5.21484,5.27344,5.44922,5.50781,5.625,5.74219,5.85938,5.74219,5.80078,5.85938,0.10498,0.081787,0.078125,0.063477,0.072021,0.061035,0.076904,0.074463,0.06958,0.053711,0.05127
2017-09-24T15:00:00Z,68.20313,75.58594,80.85938,79.10156,84.02344,92.10938,92.10938,98.08594,97.38281,100.19531,100.19531,102.65625,4.51172,3.75,4.86328,5.09766,4.98047,5.33203,5.27344,5.44922,5.50781,5.68359,5.625,5.68359,5.56641,0.075684,0.072021,0.081787,0.100098,0.070801,0.072021,0.065918,0.040283,0.059814,0.056152,0.070801
2017-09-24T15:10:00Z,67.14844,78.75,82.61719,82.61719,85.42969,93.16406,94.57031,100.89844,101.25,102.30469,103.71094,106.875,4.27734,3.57422,4.74609,5.03906,5.03906,5.09766,5.39063,5.44922,5.50781,5.39063,5.39063,5.39063,5.44922,0.097656,0.079346,0.10498,0.087891,0.06958,0.079346,0.087891,0.067139,0.053711,0.075684,0.074463
2017-09-24T15:20:00Z,67.5,74.17969,78.75,79.45313,87.1875,92.10938,96.67969,99.84375,101.95313,103.35938,106.17188,107.57813,4.21875,3.69141,4.80469,4.86328,4.74609,5.09766,5.15625,5.15625,5.09766,5.15625,5.27344,5.50781,5.68359,0.08667,0.054932,0.08667,0.074463,0.084229,0.078125,0.091553,0.06958,0.076904,0.061035,0.072021
2017-09-24T15:30:00Z,62.22656,75.58594,79.10156,80.50781,87.53906,96.32813,99.84375,102.65625,103.00781,105.11719,105.82031,109.6875,4.21875,3.57422,4.80469,4.86328,4.86328,5.15625,5.39063,5.56641,5.50781,5.74219,5.85938,6.03516,6.03516,0.070801,0.087891,0.102539,0.085449,0.085449,0.108643,0.101318,0.087891,0.078125,0.078125,0.061035
2017-09-24T15:40:00Z,65.39063,90.35156,93.86719,94.21875,96.32813,100.19531,100.89844,104.0625,104.0625,102.65625,105.46875,106.52344,4.62891,3.86719,4.92188,5.15625,5.21484,5.625,6.15234,6.32813,6.32813,6.26953,6.32813,6.32813,6.38672,0.074463,0.059814,0.079346,0.072021,0.064697,0.065918,0.073242,0.081787,0.074463,0.075684,0.064697
2017-09-24T15:50:00Z,81.21094,94.57031,99.84375,98.78906,100.19531,107.57813,108.63281,110.74219,110.74219,112.85156,114.25781,114.96094,4.51172,3.63281,5.21484,5.625,5.56641,5.97656,5.91797,5.91797,5.80078,6.03516,6.21094,6.21094,6.32813,0.065918,0.058594,0.053711,0.072021,0.06958,0.075684,0.067139,0.072021,0.056152,0.062256,0.068359
2017-09-24T16:00:00Z,90.0,96.67969,101.60156,101.25,104.41406,108.98438,111.44531,114.96094,115.3125,117.42188,117.42188,118.125,4.80469,3.69141,5.44922,5.91797,5.80078,6.03516,6.09375,6.21094,6.5625,6.67969,6.97266,6.97266,7.03125,0.08667,0.062256,0.064697,0.074463,0.095215,0.084229,0.089111,0.085449,0.046387,0.047607,0.063477
2017-09-24T16:10:00Z,90.35156,104.0625,103.00781,105.46875,103.35938,105.11719,107.22656,109.33594,110.39063,112.5,114.96094,114.60938,4.6875,4.04297,6.26953,6.38672,6.38672,6.38672,6.67969,6.79688,7.08984,7.20703,7.32422,7.26563,7.32422,0.070801,0.075684,0.072021,0.059814,0.064697,0.068359,0.064697,0.054932,0.065918,0.063477,0.047607
2017-09-24T16:20:00Z,94.21875,105.11719,104.41406,101.95313,110.39063,112.85156,114.96094,114.25781,112.5,112.5,111.44531,110.39063,5.74219,4.62891,6.73828,7.03125,7.03125,7.08984,7.32422,7.73438,7.85156,8.02734,7.96875,7.96875,7.85156,0.070801,0.043945,0.059814,0.041504,0.039063,0.047607,0.059814,0.057373,0.045166,0.053711,0.059814
2017-09-24T16:30:00Z,95.97656,103.35938,105.82031,106.17188,108.98438,111.09375,113.55469,113.20313,114.25781,113.90625,114.60938,114.60938,5.85938,5.03906,6.67969,6.91406,6.91406,7.26563,7.5,7.79297,7.79297,7.79297,7.85156,7.91016,7.67578,0.067139,0.061035,0.058594,0.062256,0.062256,0.059814,0.056152,0.064697,0.059814,0.062256,0.058594
2017-09-24T16:40:00Z,97.38281,105.46875,106.52344,105.46875,108.28125,112.5,113.20313,112.14844,113.90625,113.55469,113.55469,113.20313,6.32813,4.92188,6.38672,6.5625,6.79688,7.03125,7.44141,7.61719,7.55859,7.61719,7.61719,7.67578,7.61719,0.057373,0.085449,0.062256,0.078125,0.062256,0.057373,0.075684,0.05127,0.059814,0.064697,0.06958
2017-09-24T16:50:00Z,100.54688,110.74219,111.09375,112.85156,114.60938,114.96094,113.90625,114.96094,114.25781,114.25781,115.66406,116.01563,5.56641,4.6875,6.21094,6.62109,6.79688,7.08984,7.55859,7.73438,7.67578,7.79297,7.79297,7.79297,7.55859,0.098877,0.059814,0.080566,0.058594,0.065918,0.080566,0.062256,0.057373,0.073242,0.065918,0.076904
2017-09-24T17:00:00Z,106.52344,111.79688,115.66406,113.55469,115.66406,115.3125,117.42188,118.47656,117.42188,116.01563,120.58594,118.125,5.625,4.62891,5.97656,6.32813,6.38672,6.85547,7.55859,8.08594,8.20313,8.14453,8.14453,8.14453,7.85156,0.10376,0.106201,0.107422,0.095215,0.097656,0.072021,0.076904,0.076904,0.070801,0.067139,0.101318
2017-09-24T17:10:00Z,105.46875,113.90625,116.01563,113.90625,117.07031,118.125,118.47656,118.47656,117.07031,117.42188,117.07031,118.47656,5.68359,4.39453,5.74219,6.21094,6.03516,6.91406,7.61719,8.02734,8.02734,7.96875,8.14453,7.91016,8.14453,0.080566,0.092773,0.059814,0.073242,0.073242,0.108643,0.079346,0.075684,0.096436,0.089111,0.076904
2017-09-24T17:20:00Z,110.74219,111.09375,111.09375,111.44531,114.60938,117.77344,119.53125,121.28906,120.23438,119.53125,117.42188,118.82813,5.27344,4.10156,5.15625,5.50781,5.33203,6.21094,6.79688,7.5,7.67578,7.85156,7.96875,8.14453,8.14453,0.095215,0.076904,0.114746,0.08667,0.091553,0.076904,0.083008,0.076904,0.106201,0.107422,0.084229
2017-09-24T17:30:00Z,108.28125,114.96094,113.90625,113.20313,115.66406,115.66406,120.58594,119.17969,117.42188,115.3125,117.77344,115.66406,4.74609,3.75,4.98047,5.44922,5.44922,6.03516,7.08984,7.55859,7.91016,7.73438,7.91016,7.96875,7.91016,0.142822,0.115967,0.108643,0.128174,0.092773,0.089111,0.098877,0.096436,0.10376,0.093994,0.092773
2017-09-24T17:40:00Z,109.33594,111.79688,112.85156,113.20313,114.25781,113.90625,115.3125,118.125,116.01563,114.96094,116.36719,116.01563,4.51172,3.57422,5.80078,6.03516,6.15234,6.5625,7.03125,7.32422,7.55859,7.32422,7.44141,7.55859,7.44141,0.112305,0.107422,0.119629,0.123291,0.126953,0.141602,0.12085,0.10498,0.113525,0.123291,0.074463
2017-09-24T17:50:00Z,106.875,104.41406,103.00781,103.71094,100.19531,104.41406,104.76563,105.46875,105.82031,104.76563,106.52344,105.46875,5.21484,4.10156,5.09766,5.50781,5.625,5.85938,6.38672,6.15234,6.26953,6.15234,6.5625,6.44531,6.5625,0.146484,0.135498,0.123291,0.107422,0.119629,0.081787,0.112305,0.095215,0.113525,0.108643,0.111084
2017-09-24T18:00:00Z,100.54688,105.11719,103.35938,103.35938,105.82031,105.11719,106.52344,109.33594,108.28125,107.92969,107.22656,110.03906,5.09766,3.80859,5.15625,5.33203,5.56641,5.74219,6.03516,6.15234,6.26953,6.5625,6.73828,6.85547,6.91406,0.153809,0.19165,0.106201,0.10376,0.124512,0.123291,0.102539,0.128174,0.130615,0.090332,0.118408
2017-09-24T18:10:00Z,99.84375,107.57813,107.92969,107.22656,106.875,107.22656,105.46875,105.82031,111.44531,108.28125,110.74219,109.33594,4.80469,3.80859,5.74219,5.91797,6.15234,6.15234,6.32813,6.67969,6.85547,7.26563,7.14844,6.97266,7.03125,0.096436,0.080566,0.115967,0.130615,0.118408,0.061035,0.129395,0.101318,0.075684,0.111084,0.087891
2017-09-24T18:20:00Z,101.25,109.6875,112.14844,108.98438,109.6875,111.44531,110.03906,112.14844,111.79688,113.90625,115.3125,116.36719,5.625,4.21875,5.33203,5.625,5.74219,6.15234,6.62109,6.62109,6.85547,6.91406,7.14844,7.26563,7.08984,0.117188,0.113525,0.125732,0.114746,0.10498,0.114746,0.140381,0.12207,0.090332,0.123291,0.076904
2017-09-24T18:30:00Z,105.11719,112.5,108.28125,111.44531,113.55469,109.6875,114.60938,116.71875,114.96094,117.77344,115.3125,118.125,4.98047,4.10156,5.27344,5.44922,5.39063,5.97656,6.50391,6.67969,6.85547,6.91406,7.14844,7.26563,7.44141,0.098877,0.096436,0.136719,0.12085,0.096436,0.112305,0.112305,0.095215,0.124512,0.095215,0.12085
2017-09-24T18:40:00Z,107.92969,112.14844,111.09375,110.03906,111.44531,112.14844,114.25781,116.36719,117.42188,115.66406,117.07031,119.53125,5.09766,4.04297,5.21484,5.50781,5.44922,5.85938,6.26953,6.44531,6.50391,6.5625,6.85547,7.14844,7.38281,0.106201,0.123291,0.126953,0.118408,0.084229,0.095215,0.12207,0.084229,0.12085,0.096436,0.097656
2017-09-24T18:50:00Z,108.28125,112.5,110.74219,112.5,111.44531,112.5,113.55469,115.66406,116.01563,114.60938,116.01563,114.60938,5.09766,4.10156,5.09766,5.39063,5.39063,5.97656,6.44531,6.44531,6.5625,6.79688,7.03125,7.32422,7.5,0.118408,0.109863,0.108643,0.134277,0.123291,0.097656,0.109863,0.100098,0.08667,0.073242,0.108643
2017-09-24T19:00:00Z,108.28125,110.74219,111.09375,109.33594,111.79688,110.74219,113.20313,113.55469,115.66406,113.90625,118.125,117.07031,5.03906,4.10156,5.21484,5.56641,5.44922,6.15234,6.38672,6.85547,6.85547,7.26563,7.5,7.67578,7.96875,0.12207,0.091553,0.112305,0.119629,0.107422,0.101318,0.092773,0.084229,0.084229,0.097656,0.097656
2017-09-24T19:10:00Z,106.875,105.11719,106.52344,106.17188,110.03906,111.79688,110.39063,114.96094,113.90625,120.58594,116.01563,121.28906,5.33203,4.39453,5.39063,5.85938,5.68359,5.97656,6.50391,6.67969,7.67578,7.96875,8.49609,8.61328,8.96484,0.145264,0.135498,0.089111,0.15625,0.10376,0.118408,0.111084,0.10376,0.111084,0.096436,0.12085
2017-09-24T19:20:00Z,101.60156,103.00781,105.82031,106.17188,104.76563,111.79688,107.22656,111.79688,112.85156,117.77344,116.71875,121.28906,5.74219,4.57031,6.21094,6.44531,6.03516,6.50391,6.50391,7.14844,7.96875,8.4375,8.61328,9.14063,9.60938,0.136719,0.119629,0.128174,0.100098,0.131836,0.128174,0.092773,0.073242,0.076904,0.089111,0.091553
2017-09-24T19:30:00Z,98.78906,107.22656,106.875,104.41406,105.46875,105.82031,110.03906,112.14844,112.14844,114.60938,118.47656,117.07031,6.26953,5.21484,6.5625,6.62109,6.79688,6.91406,7.32422,7.85156,8.08594,8.67188,8.90625,9.375,9.60938,0.164795,0.119629,0.135498,0.126953,0.140381,0.114746,0.12207,0.089111,0.100098,0.095215,0.113525
2017-09-24T19:40:00Z,100.19531,107.22656,107.92969,106.875,106.875,109.33594,112.14844,114.60938,112.5,119.17969,117.07031,117.07031,6.73828,5.74219,6.5625,7.08984,7.03125,7.26563,7.85156,8.02734,8.84766,9.19922,9.90234,10.07813,10.3125,0.13916,0.134277,0.119629,0.106201,0.113525,0.137939,0.111084,0.087891,0.108643,0.091553,0.10376
2017-09-24T19:50:00Z,103.35938,111.44531,108.98438,105.82031,108.63281,107.92969,111.44531,112.14844,115.3125,116.01563,119.53125,116.36719,7.08984,5.625,6.73828,6.91406,6.79688,6.91406,7.38281,8.14453,8.67188,9.31641,9.96094,10.13672,9.60938,0.150146,0.102539,0.111084,0.129395,0.134277,0.096436,0.096436,0.135498,0.090332,0.095215,0.10498
2017-09-24T20:00:00Z,105.11719,107.22656,103.35938,105.46875,107.92969,109.6875,110.74219,112.85156,114.25781,115.66406,116.01563,118.125,6.79688,5.50781,6.09375,6.38672,6.26953,6.62109,7.03125,7.38281,7.85156,8.61328,9.66797,10.37109,10.07813,0.145264,0.134277,0.146484,0.119629,0.12085,0.137939,0.140381,0.091553,0.12085,0.111084,0.098877
2017-09-24T20:10:00Z,100.54688,107.57813,108.28125,107.92969,106.52344,106.17188,110.03906,112.5,116.36719,116.71875,119.17969,117.77344,6.62109,5.21484,6.62109,6.44531,6.91406,6.85547,7.03125,7.79297,8.14453,8.78906,9.43359,9.60938,9.96094,0.148926,0.126953,0.10376,0.113525,0.136719,0.098877,0.079346,0.10498,0.128174,0.084229,0.096436
2017-09-24T20:20:00Z,102.30469,105.82031,108.63281,106.875,106.52344,109.33594,109.33594,109.6875,110.74219,119.17969,115.3125,119.17969,6.67969,5.56641,6.09375,6.5625,6.50391,6.38672,6.85547,7.32422,8.37891,8.61328,9.55078,9.60938,10.13672,0.136719,0.117188,0.130615,0.159912,0.136719,0.106201,0.114746,0.098877,0.10376,0.134277,0.068359
2017-09-24T20:30:00Z,101.25,104.0625,104.41406,107.22656,105.11719,105.11719,106.875,107.57813,111.44531,112.5,115.66406,115.3125,6.85547,5.68359,6.67969,6.73828,6.62109,7.08984,7.20703,7.61719,8.37891,9.02344,9.25781,9.60938,10.01953,0.140381,0.163574,0.119629,0.092773,0.152588,0.151367,0.111084,0.119629,0.126953,0.106201,0.148926
2017-09-24T20:40:00Z,100.89844,104.41406,105.46875,104.76563,104.0625,104.41406,108.28125,110.03906,109.6875,109.33594,113.20313,114.60938,6.91406,5.80078,6.91406,7.03125,7.08984,7.20703,7.67578,8.08594,8.32031,8.61328,9.08203,9.55078,9.66797,0.107422,0.106201,0.130615,0.119629,0.12085,0.061035,0.107422,0.092773,0.058594,0.084229,0.070801
2017-09-24T20:50:00Z,99.84375,103.35938,105.11719,105.11719,107.92969,106.52344,106.875,110.74219,110.74219,114.96094,111.79688,117.07031,7.5,6.03516,7.14844,7.38281,7.38281,7.44141,7.55859,7.55859,8.08594,8.32031,8.78906,9.31641,9.55078,0.108643,0.128174,0.112305,0.107422,0.108643,0.141602,0.096436,0.109863,0.089111,0.118408,0.135498
2017-09-24T21:00:00Z,102.65625,108.28125,108.98438,108.28125,105.46875,104.76563,108.28125,111.79688,113.20313,111.44531,112.5,115.3125,7.44141,6.09375,6.26953,6.09375,6.5625,6.21094,6.79688,7.38281,7.73438,8.08594,8.32031,9.14063,10.01953,0.106201,0.137939,0.128174,0.180664,0.128174,0.10376,0.144043,0.140381,0.112305,0.124512,0.106201
2017-09-24T21:10:00Z,101.95313,109.33594,109.6875,107.92969,109.6875,108.63281,109.6875,107.57813,107.22656,112.85156,116.01563,114.60938,6.5625,5.33203,6.5625,6.79688,6.85547,6.67969,7.20703,7.32422,8.20313,8.67188,8.96484,9.14063,9.60938,0.134277,0.142822,0.137939,0.145264,0.107422,0.108643,0.125732,0.114746,0.123291,0.12085,0.153809
2017-09-24T21:20:00Z,104.41406,108.63281,107.22656,106.17188,106.875,105.46875,107.92969,107.57813,110.03906,111.09375,113.55469,112.85156,7.44141,5.85938,7.38281,7.44141,7.79297,7.79297,7.96875,8.32031,8.84766,9.19922,10.01953,10.13672,10.3125,0.12085,0.114746,0.125732,0.146484,0.125732,0.12085,0.119629,0.085449,0.137939,0.113525,0.124512
2017-09-24T21:30:00Z,103.00781,104.41406,104.41406,103.35938,105.11719,105.46875,107.92969,107.22656,107.22656,111.79688,114.25781,112.14844,9.14063,6.62109,7.96875,8.14453,8.14453,8.4375,8.61328,8.73047,9.25781,10.07813,11.07422,11.01563,11.13281,0.123291,0.145264,0.137939,0.128174,0.137939,0.151367,0.113525,0.12085,0.101318,0.092773,0.113525
2017-09-24T21:40:00Z,100.54688,105.82031,107.92969,105.82031,105.11719,104.41406,106.17188,110.03906,108.28125,113.90625,114.60938,114.25781,8.78906,7.14844,8.20313,8.20313,8.4375,8.20313,8.67188,9.375,10.07813,10.72266,10.95703,10.78125,11.19141,0.155029,0.12085,0.136719,0.158691,0.12207,0.089111,0.131836,0.112305,0.08667,0.119629,0.081787
2017-09-24T21:50:00Z,102.65625,104.0625,106.875,110.39063,105.82031,106.52344,110.39063,105.46875,108.28125,114.25781,116.36719,114.60938,8.90625,7.32422,7.61719,7.85156,7.85156,8.26172,8.61328,8.67188,9.25781,10.3125,11.19141,11.13281,11.19141,0.145264,0.115967,0.187988,0.124512,0.109863,0.135498,0.161133,0.10376,0.10376,0.129395,0.115967
2017-09-24T22:00:00Z,103.00781,103.71094,108.28125,111.44531,106.52344,107.57813,110.03906,110.03906,114.60938,112.5,117.07031,116.36719,8.90625,6.85547,7.85156,8.14453,8.08594,8.32031,8.78906,9.08203,9.72656,10.01953,10.72266,10.89844,10.78125,0.111084,0.135498,0.112305,0.148926,0.126953,0.126953,0.128174,0.12085,0.144043,0.124512,0.093994
2017-09-24T22:10:00Z,104.41406,112.14844,106.875,107.92969,105.46875,107.92969,108.28125,107.22656,108.98438,113.55469,116.36719,117.77344,8.49609,6.79688,7.03125,7.08984,7.20703,7.61719,8.08594,8.20313,8.90625,9.78516,10.72266,10.60547,10.48828,0.170898,0.151367,0.140381,0.131836,0.124512,0.123291,0.109863,0.111084,0.087891,0.090332,0.130615
2017-09-24T22:20:00Z,106.17188,104.76563,105.11719,108.63281,110.39063,108.63281,108.63281,112.5,112.85156,115.3125,118.82813,119.17969,8.08594,6.15234,6.62109,6.91406,6.67969,7.38281,7.55859,7.96875,8.67188,9.375,10.25391,10.95703,10.89844,0.13916,0.166016,0.178223,0.119629,0.126953,0.152588,0.126953,0.112305,0.141602,0.112305,0.109863
2017-09-24T22:30:00Z,102.65625,110.74219,109.33594,112.5,109.33594,108.98438,110.74219,108.63281,112.85156,115.3125,117.42188,117.42188,7.61719,6.15234,6.62109,7.08984,7.03125,7.32422,7.85156,8.4375,8.90625,9.60938,10.3125,10.54688,10.89844,0.170898,0.112305,0.163574,0.112305,0.114746,0.095215,0.117188,0.142822,0.129395,0.097656,0.10376
2017-09-24T22:40:00Z,104.0625,105.11719,107.57813,108.28125,105.46875,108.98438,110.39063,110.39063,113.90625,120.23438,117.77344,121.99219,7.5,6.26953,6.79688,7.20703,7.14844,7.14844,8.02734,8.02734,8.61328,9.49219,10.37109,10.60547,10.42969,0.145264,0.106201,0.12207,0.123291,0.146484,0.162354,0.124512,0.118408,0.112305,0.080566,0.150146
2017-09-24T22:50:00Z,105.11719,111.79688,110.39063,110.03906,108.28125,109.6875,111.44531,113.55469,114.96094,118.82813,118.47656,119.53125,7.91016,6.26953,6.79688,7.03125,6.97266,7.03125,7.79297,7.73438,8.67188,9.14063,10.25391,9.96094,10.60547,0.169678,0.134277,0.157471,0.150146,0.119629,0.147705,0.148926,0.13916,0.130615,0.135498,0.130615
2017-09-24T23:00:00Z,105.82031,113.90625,112.5,113.90625,112.5,110.39063,112.85156,114.25781,117.77344,119.53125,119.53125,121.99219,7.61719,6.09375,6.50391,6.5625,6.5625,6.79688,7.08984,7.79297,8.14453,8.96484,9.43359,9.90234,9.90234,0.144043,0.131836,0.10376,0.135498,0.151367,0.128174,0.13916,0.141602,0.12085,0.114746,0.10376
2017-09-24T23:10:00Z,105.82031,112.5,112.85156,109.6875,112.85156,112.5,107.22656,113.20313,112.5,116.71875,117.77344,119.88281,7.73438,5.91797,6.62109,6.62109,6.5625,6.67969,7.03125,7.26563,8.20313,8.37891,8.90625,8.90625,9.02344,0.140381,0.144043,0.141602,0.141602,0.111084,0.151367,0.125732,0.142822,0.08667,0.129395,0.145264
2017-09-24T23:20:00Z,107.22656,108.98438,107.92969,110.74219,108.98438,110.03906,106.52344,114.25781,111.44531,114.25781,111.79688,119.53125,7.61719,6.03516,7.55859,7.5,7.5,7.67578,7.79297,8.02734,7.79297,7.91016,8.32031,8.78906,9.19922,0.157471,0.168457,0.163574,0.10498,0.113525,0.131836,0.140381,0.13916,0.131836,0.131836,0.102539
2017-09-24T23:30:00Z,105.46875,114.25781,112.85156,111.44531,115.3125,116.36719,114.25781,113.90625,118.47656,121.28906,121.99219,121.64063,8.78906,7.14844,7.85156,8.08594,8.20313,7.91016,8.32031,8.14453,8.90625,9.14063,9.72656,9.96094,10.01953,0.102539,0.083008,0.130615,0.108643,0.10498,0.130615,0.106201,0.074463,0.079346,0.140381,0.093994
2017-09-24T23:40:00Z,108.98438,112.85156,112.5,114.60938,113.55469,112.14844,118.125,118.82813,120.58594,119.88281,121.28906,122.34375,8.67188,7.32422,7.79297,7.91016,7.91016,7.85156,8.08594,8.61328,8.73047,8.78906,9.43359,10.13672,10.37109,0.114746,0.114746,0.130615,0.145264,0.109863,0.117188,0.098877,0.115967,0.142822,0.10376,0.118408
2017-09-24T23:50:00Z,108.28125,116.36719,118.125,116.01563,120.58594,119.88281,118.82813,120.23438,120.58594,121.28906,122.69531,120.23438,8.67188,7.20703,7.91016,8.20313,7.61719,8.14453,8.08594,8.4375,8.84766,9.31641,9.72656,10.3125,10.01953,0.137939,0.140381,0.150146,0.092773,0.091553,0.134277,0.117188,0.126953,0.080566,0.115967,0.111084