LOCATION: 
SYSTEM SERIAL: HKZB
TIMESTAMP (ISO-8601) UTC,WindDir004m deg,WindDir030m deg,WindDir040m deg,WindDir040m_ref deg,WindDir060m deg,WindDir080m deg,WindDir100m deg,WindDir120m deg,WindDir140m deg,WindDir160m deg,WindDir180m deg,WindDir200m deg,WindGust004m m/s,WindSpeed004m m/s,WindSpeed030mh m/s,WindSpeed040mh m/s,WindSpeed040m_refh m/s,WindSpeed060mh m/s,WindSpeed080mh m/s,WindSpeed100mh m/s,WindSpeed120mh m/s,WindSpeed140mh m/s,WindSpeed160mh m/s,WindSpeed180mh m/s,WindSpeed200mh m/s,TI 030m,TI 040m,TI 040m ref,TI 060m,TI 080m,TI 100m,TI 120m,TI 140m,TI 160m,TI 180m,TI 200m
2017-04-17T00:00:00Z,72.77344,86.13281,81.5625,79.45313,75.9375,81.21094,78.75,69.60938,79.80469,77.69531,80.50781,82.26563,6.5625,5.50781,7.67578,7.38281,7.79297,6.26953,6.73828,6.26953,5.97656,5.97656,5.74219,5.50781,5.44922,0.233154,0.235596,0.213623,0.203857,0.235596,0.22583,0.222168,0.163574,0.187988,0.174561,0.185547
2017-04-17T00:10:00Z,71.71875,74.88281,74.17969,73.82813,74.53125,74.53125,80.15625,79.45313,76.99219,78.39844,80.15625,78.39844,6.91406,5.74219,6.73828,6.44531,6.62109,6.62109,6.44531,6.67969,6.44531,6.26953,6.09375,5.97656,5.85938,0.179443,0.179443,0.167236,0.164795,0.140381,0.140381,0.147705,0.180664,0.164795,0.167236,0.192871
2017-04-17T00:20:00Z,69.25781,65.39063,63.28125,72.42188,66.09375,65.03906,62.92969,67.85156,69.60938,68.90625,71.01563,69.96094,7.32422,5.68359,7.20703,6.85547,6.79688,6.62109,6.32813,6.26953,6.32813,6.38672,6.26953,6.44531,6.50391,0.216064,0.255127,0.181885,0.20752,0.179443,0.140381,0.163574,0.13916,0.185547,0.167236,0.163574
2017-04-17T00:30:00Z,59.41406,62.57813,56.60156,58.00781,63.28125,60.46875,63.63281,69.60938,64.6875,68.90625,69.60938,63.63281,8.61328,6.79688,8.55469,8.08594,7.91016,7.91016,7.85156,8.02734,7.67578,7.79297,7.79297,7.73438,7.73438,0.179443,0.222168,0.157471,0.181885,0.19165,0.141602,0.150146,0.129395,0.100098,0.147705,0.142822
2017-04-17T00:40:00Z,57.65625,61.17188,62.57813,56.95313,64.33594,59.41406,62.57813,67.5,66.09375,67.85156,68.90625,66.44531,8.84766,7.61719,9.14063,8.90625,8.84766,8.49609,8.4375,8.61328,8.37891,8.20313,8.08594,7.96875,7.96875,0.135498,0.133057,0.12085,0.123291,0.164795,0.159912,0.144043,0.12085,0.140381,0.141602,0.134277
2017-04-17T00:50:00Z,57.30469,62.57813,57.65625,60.46875,58.71094,59.0625,60.82031,61.52344,64.6875,62.57813,69.96094,74.17969,9.72656,8.32031,9.31641,9.55078,9.31641,8.78906,8.78906,8.78906,8.37891,7.96875,7.85156,7.67578,7.14844,0.126953,0.12207,0.12085,0.123291,0.113525,0.159912,0.159912,0.178223,0.159912,0.162354,0.183105
2017-04-17T01:00:00Z,55.54688,60.11719,59.76563,61.17188,59.76563,56.60156,61.52344,60.11719,61.52344,68.20313,73.47656,72.77344,9.84375,8.37891,9.375,9.08203,8.96484,8.96484,8.84766,8.67188,8.61328,8.32031,7.61719,7.44141,7.20703,0.10376,0.10498,0.12085,0.091553,0.135498,0.133057,0.119629,0.145264,0.175781,0.162354,0.168457
2017-04-17T01:10:00Z,56.95313,53.4375,54.14063,56.60156,48.86719,55.54688,59.76563,52.03125,55.54688,55.54688,59.76563,55.54688,9.78516,8.20313,8.96484,8.90625,8.84766,8.4375,8.73047,8.4375,8.32031,8.32031,8.37891,8.14453,8.4375,0.17334,0.124512,0.136719,0.083008,0.133057,0.10498,0.102539,0.153809,0.111084,0.13916,0.164795
2017-04-17T01:20:00Z,51.32813,53.08594,54.84375,52.73438,54.14063,60.46875,56.60156,54.49219,53.78906,58.35938,54.84375,57.30469,9.19922,7.85156,10.07813,9.72656,9.43359,9.43359,9.19922,8.96484,9.19922,8.78906,8.73047,8.90625,8.55469,0.238037,0.235596,0.264893,0.195313,0.227051,0.29541,0.227051,0.212402,0.236816,0.162354,0.2771
2017-04-17T01:30:00Z,53.78906,61.17188,61.875,60.82031,61.17188,61.52344,58.35938,66.09375,59.76563,63.98438,63.28125,63.28125,9.49219,7.5,8.26172,8.20313,8.32031,7.79297,7.38281,7.38281,7.5,7.14844,6.67969,6.67969,6.79688,0.220947,0.262451,0.228271,0.194092,0.227051,0.205078,0.184326,0.240479,0.284424,0.206299,0.196533
2017-04-17T01:40:00Z,58.00781,62.57813,67.85156,65.74219,63.63281,63.63281,65.74219,67.14844,61.52344,61.52344,58.00781,62.57813,8.4375,7.08984,7.96875,7.67578,7.61719,7.5,7.67578,7.91016,7.73438,7.32422,7.44141,7.14844,7.03125,0.125732,0.106201,0.150146,0.135498,0.10498,0.08667,0.12207,0.155029,0.174561,0.224609,0.192871
2017-04-17T01:50:00Z,60.82031,60.11719,63.28125,61.875,62.57813,65.03906,66.09375,60.46875,62.57813,62.57813,63.63281,62.22656,8.32031,7.08984,8.14453,7.85156,7.96875,7.91016,8.08594,7.73438,7.5,7.73438,7.38281,7.44141,6.79688,0.151367,0.163574,0.174561,0.125732,0.142822,0.117188,0.144043,0.168457,0.174561,0.133057,0.168457
2017-04-17T02:00:00Z,59.0625,62.22656,62.57813,58.35938,58.00781,58.71094,60.82031,64.6875,60.11719,56.25,62.57813,63.63281,8.96484,7.5,8.14453,8.20313,8.14453,8.49609,8.67188,8.08594,7.79297,7.91016,7.61719,7.61719,7.44141,0.185547,0.126953,0.159912,0.152588,0.146484,0.20874,0.142822,0.155029,0.205078,0.164795,0.198975
2017-04-17T02:10:00Z,59.76563,66.09375,60.11719,63.98438,64.6875,59.76563,64.6875,62.22656,63.28125,60.11719,61.17188,59.76563,8.84766,7.5,8.08594,7.67578,8.26172,7.96875,7.85156,8.02734,7.96875,7.85156,7.44141,7.44141,7.38281,0.118408,0.181885,0.12085,0.115967,0.108643,0.100098,0.10498,0.112305,0.167236,0.111084,0.092773
2017-04-17T02:20:00Z,59.0625,61.875,58.71094,62.22656,61.875,60.46875,64.6875,61.52344,63.98438,61.875,59.76563,62.92969,8.61328,7.20703,7.61719,7.32422,7.55859,7.5,7.67578,7.5,7.38281,7.32422,7.44141,7.44141,7.32422,0.141602,0.133057,0.12085,0.125732,0.106201,0.124512,0.12085,0.113525,0.141602,0.08667,0.10376
2017-04-17T02:30:00Z,57.30469,63.28125,64.33594,61.52344,67.5,62.22656,65.39063,64.6875,68.90625,59.41406,62.22656,58.35938,8.32031,6.97266,7.03125,7.03125,7.26563,7.20703,7.20703,7.20703,7.14844,6.97266,6.97266,7.20703,7.26563,0.137939,0.142822,0.137939,0.144043,0.137939,0.134277,0.10376,0.131836,0.131836,0.163574,0.113525
2017-04-17T02:40:00Z,61.17188,63.63281,64.6875,63.63281,59.41406,62.92969,64.33594,63.98438,59.41406,63.63281,60.11719,63.28125,8.14453,6.62109,6.26953,6.79688,6.50391,6.73828,6.97266,6.62109,6.79688,6.44531,6.85547,6.79688,6.91406,0.140381,0.170898,0.145264,0.126953,0.142822,0.124512,0.169678,0.12207,0.12207,0.136719,0.126953
2017-04-17T02:50:00Z,59.76563,63.63281,64.6875,61.52344,62.92969,62.22656,57.30469,60.46875,60.82031,60.11719,53.08594,58.00781,7.38281,6.21094,6.62109,6.67969,6.44531,6.62109,6.50391,6.44531,6.91406,6.91406,6.85547,6.73828,6.67969,0.146484,0.19165,0.159912,0.177002,0.187988,0.186768,0.137939,0.12085,0.136719,0.227051,0.100098
2017-04-17T03:00:00Z,57.65625,61.52344,62.22656,59.0625,60.11719,59.0625,61.875,59.76563,63.63281,61.875,58.00781,57.65625,7.14844,5.91797,7.03125,6.38672,6.62109,6.62109,6.73828,6.73828,6.38672,6.73828,6.79688,6.85547,6.44531,0.152588,0.145264,0.174561,0.181885,0.216064,0.144043,0.168457,0.184326,0.175781,0.196533,0.255127
2017-04-17T03:10:00Z,54.49219,59.76563,51.32813,59.41406,56.25,56.25,52.73438,50.625,53.08594,51.67969,51.67969,51.32813,6.91406,5.68359,5.56641,5.91797,5.80078,5.80078,6.09375,6.03516,6.21094,6.09375,6.09375,6.15234,6.26953,0.187988,0.157471,0.168457,0.162354,0.153809,0.113525,0.140381,0.162354,0.137939,0.158691,0.168457
2017-04-17T03:20:00Z,51.67969,54.84375,60.82031,51.32813,52.38281,46.05469,48.86719,43.59375,49.21875,47.46094,46.05469,42.1875,6.38672,5.33203,6.32813,6.32813,6.67969,6.26953,6.50391,6.91406,7.20703,6.85547,6.85547,6.79688,7.26563,0.142822,0.145264,0.189209,0.228271,0.168457,0.196533,0.19165,0.168457,0.118408,0.22583,0.186768
2017-04-17T03:30:00Z,49.21875,44.64844,49.92188,42.53906,48.86719,45.35156,43.94531,37.26563,45.35156,41.48438,45.35156,41.48438,7.26563,5.625,6.73828,6.50391,6.5625,6.62109,6.38672,6.67969,7.32422,7.03125,7.38281,6.85547,6.97266,0.175781,0.200195,0.142822,0.179443,0.197754,0.205078,0.12207,0.134277,0.145264,0.180664,0.113525
2017-04-17T03:40:00Z,40.42969,42.89063,45.0,45.0,45.0,39.72656,37.96875,36.5625,45.70313,43.59375,37.26563,36.91406,6.73828,5.50781,6.79688,6.62109,6.67969,6.73828,6.50391,6.97266,7.20703,7.20703,6.5625,7.03125,7.03125,0.153809,0.212402,0.151367,0.184326,0.167236,0.198975,0.134277,0.15625,0.185547,0.162354,0.111084
2017-04-17T03:50:00Z,41.83594,39.72656,43.59375,39.375,40.07813,40.07813,35.50781,34.80469,37.96875,38.67188,42.1875,36.91406,7.67578,5.91797,6.91406,6.91406,6.85547,7.08984,6.85547,7.08984,7.38281,7.14844,7.38281,7.03125,6.97266,0.164795,0.135498,0.168457,0.163574,0.145264,0.19043,0.134277,0.175781,0.119629,0.152588,0.189209
2017-04-17T04:00:00Z,35.50781,40.42969,37.61719,41.83594,39.375,36.21094,39.375,34.80469,36.5625,34.80469,36.21094,35.15625,7.38281,5.68359,6.38672,6.26953,6.32813,6.85547,6.97266,6.73828,6.91406,7.14844,7.44141,7.44141,7.38281,0.168457,0.170898,0.187988,0.20874,0.150146,0.220947,0.189209,0.166016,0.123291,0.148926,0.125732
2017-04-17T04:10:00Z,35.15625,39.375,33.04688,36.21094,32.69531,33.04688,31.64063,32.69531,31.64063,37.96875,32.69531,28.82813,6.79688,5.44922,6.91406,6.79688,7.08984,6.97266,7.14844,7.08984,7.14844,7.38281,6.97266,7.03125,7.20703,0.219727,0.17334,0.162354,0.13916,0.161133,0.166016,0.142822,0.150146,0.158691,0.185547,0.13916
2017-04-17T04:20:00Z,34.10156,43.59375,42.89063,46.40625,42.53906,38.32031,35.15625,31.28906,33.04688,35.15625,33.39844,31.64063,7.73438,6.03516,6.21094,6.79688,6.67969,6.97266,7.26563,6.91406,7.38281,7.91016,7.61719,7.26563,7.61719,0.117188,0.144043,0.153809,0.158691,0.119629,0.140381,0.148926,0.114746,0.131836,0.196533,0.142822
2017-04-17T04:30:00Z,44.29688,36.91406,39.375,40.42969,39.72656,37.96875,34.45313,35.85938,33.04688,35.15625,33.04688,33.75,7.32422,5.85938,6.62109,7.20703,6.79688,7.26563,7.38281,8.02734,8.14453,8.02734,8.14453,8.20313,8.32031,0.145264,0.133057,0.126953,0.141602,0.148926,0.206299,0.151367,0.145264,0.15625,0.178223,0.123291
2017-04-17T04:40:00Z,35.15625,40.07813,35.15625,35.85938,34.45313,33.04688,31.99219,31.99219,33.75,32.34375,27.77344,28.125,7.38281,5.91797,6.5625,6.62109,6.91406,6.91406,7.14844,7.55859,8.4375,7.96875,8.26172,7.85156,8.78906,0.159912,0.172119,0.158691,0.19043,0.178223,0.163574,0.134277,0.192871,0.166016,0.151367,0.150146
2017-04-17T04:50:00Z,29.88281,29.53125,29.53125,31.64063,28.82813,29.17969,30.58594,29.88281,27.07031,31.28906,26.71875,29.17969,7.96875,6.03516,7.44141,7.55859,7.85156,7.79297,7.79297,7.96875,8.08594,8.14453,8.20313,8.26172,8.32031,0.12207,0.155029,0.153809,0.151367,0.113525,0.12085,0.146484,0.101318,0.135498,0.123291,0.126953
2017-04-17T05:00:00Z,21.79688,27.07031,27.42188,24.96094,26.71875,26.71875,26.36719,26.71875,29.53125,27.77344,21.09375,28.82813,8.61328,6.62109,7.38281,7.14844,7.55859,7.44141,7.5,7.79297,7.79297,8.02734,7.85156,7.73438,8.02734,0.162354,0.161133,0.112305,0.142822,0.133057,0.140381,0.137939,0.150146,0.169678,0.179443,0.113525
2017-04-17T05:10:00Z,20.74219,20.74219,20.39063,18.28125,22.14844,20.74219,21.44531,23.20313,21.79688,24.60938,26.36719,28.125,8.08594,6.38672,7.38281,7.08984,7.38281,7.5,7.67578,7.79297,7.73438,8.26172,8.14453,8.20313,7.79297,0.136719,0.135498,0.170898,0.145264,0.12085,0.155029,0.146484,0.135498,0.179443,0.169678,0.153809
2017-04-17T05:20:00Z,11.60156,16.17188,13.71094,17.22656,17.22656,17.57813,17.22656,19.33594,15.46875,18.98438,18.63281,20.03906,8.90625,6.97266,7.55859,7.73438,7.38281,7.79297,7.79297,7.91016,7.79297,7.96875,7.91016,7.91016,8.14453,0.195313,0.17334,0.163574,0.166016,0.157471,0.17334,0.192871,0.147705,0.147705,0.164795,0.158691
2017-04-17T05:30:00Z,11.25,13.71094,17.22656,17.57813,14.76563,14.41406,16.52344,20.74219,19.6875,24.96094,25.66406,28.47656,9.72656,6.5625,6.44531,6.32813,6.38672,6.21094,6.50391,6.85547,7.26563,7.85156,8.55469,9.14063,9.31641,0.157471,0.168457,0.183105,0.161133,0.170898,0.15625,0.159912,0.157471,0.124512,0.137939,0.130615
2017-04-17T05:40:00Z,11.60156,26.71875,27.77344,26.36719,26.71875,26.01563,26.36719,26.71875,26.71875,28.125,25.3125,27.77344,8.20313,5.74219,8.84766,9.02344,8.84766,9.19922,9.31641,9.25781,9.66797,9.55078,9.43359,9.66797,9.84375,0.164795,0.169678,0.155029,0.147705,0.145264,0.130615,0.13916,0.130615,0.114746,0.109863,0.12085
2017-04-17T05:50:00Z,22.85156,28.125,27.07031,27.07031,29.17969,26.01563,30.9375,28.125,28.82813,26.36719,30.58594,28.47656,10.48828,8.4375,9.66797,9.60938,9.66797,9.72656,10.13672,9.90234,9.90234,10.01953,10.19531,10.13672,9.78516,0.112305,0.109863,0.134277,0.111084,0.098877,0.08667,0.108643,0.079346,0.090332,0.112305,0.125732
2017-04-17T06:00:00Z,21.44531,22.85156,26.36719,23.90625,23.90625,26.71875,26.01563,26.01563,26.71875,26.71875,27.07031,26.71875,10.66406,8.26172,9.96094,9.78516,10.01953,9.84375,10.13672,10.3125,10.48828,10.37109,10.13672,10.19531,10.25391,0.114746,0.095215,0.089111,0.118408,0.081787,0.10376,0.076904,0.080566,0.100098,0.096436,0.131836
2017-04-17T06:10:00Z,15.11719,18.28125,14.76563,17.22656,20.39063,18.98438,17.22656,23.90625,21.79688,22.14844,21.44531,20.03906,10.89844,8.55469,9.55078,9.90234,9.66797,9.96094,10.13672,10.19531,10.19531,10.3125,10.07813,10.25391,10.25391,0.075684,0.126953,0.097656,0.091553,0.091553,0.114746,0.10498,0.12207,0.107422,0.087891,0.078125
2017-04-17T06:20:00Z,15.82031,22.14844,22.5,22.5,22.5,19.6875,21.44531,25.3125,21.09375,23.90625,21.79688,21.79688,10.54688,8.49609,9.72656,9.72656,9.96094,9.90234,10.13672,10.66406,10.25391,10.07813,9.84375,10.13672,10.19531,0.124512,0.107422,0.111084,0.13916,0.113525,0.108643,0.113525,0.12207,0.10498,0.106201,0.096436
2017-04-17T06:30:00Z,17.57813,23.90625,24.60938,23.20313,24.60938,23.20313,22.5,23.20313,23.90625,20.74219,21.44531,22.5,11.89453,8.90625,11.36719,11.60156,11.54297,11.77734,11.71875,11.71875,11.83594,11.95313,11.66016,11.60156,11.48438,0.129395,0.113525,0.114746,0.093994,0.098877,0.092773,0.117188,0.100098,0.114746,0.108643,0.106201
2017-04-17T06:40:00Z,20.03906,27.42188,29.53125,27.07031,25.66406,26.71875,24.25781,26.36719,24.96094,24.60938,22.5,23.20313,11.95313,10.01953,10.54688,10.72266,10.83984,10.60547,10.83984,10.89844,10.66406,10.42969,10.66406,10.83984,10.72266,0.133057,0.130615,0.107422,0.128174,0.135498,0.109863,0.106201,0.102539,0.119629,0.128174,0.114746
2017-04-17T06:50:00Z,22.5,18.63281,18.28125,20.03906,21.44531,21.44531,16.52344,18.28125,18.28125,20.74219,19.33594,18.98438,11.36719,9.02344,10.19531,10.37109,10.07813,10.37109,10.25391,10.42969,10.48828,10.37109,10.54688,10.13672,10.25391,0.130615,0.107422,0.10376,0.097656,0.124512,0.115967,0.136719,0.152588,0.128174,0.076904,0.123291
2017-04-17T07:00:00Z,13.71094,18.28125,18.28125,17.57813,17.57813,17.57813,20.39063,15.46875,19.6875,17.22656,16.875,17.22656,11.30859,8.84766,10.01953,10.19531,10.60547,10.3125,10.78125,10.66406,10.60547,10.54688,10.72266,10.83984,10.78125,0.124512,0.123291,0.093994,0.135498,0.091553,0.100098,0.12085,0.15625,0.119629,0.12085,0.12085
2017-04-17T07:10:00Z,13.71094,17.57813,19.6875,18.63281,18.63281,19.33594,18.63281,16.875,18.28125,17.57813,15.82031,15.46875,11.30859,8.96484,10.37109,10.54688,10.60547,10.60547,10.89844,10.72266,11.07422,11.19141,10.95703,10.78125,10.78125,0.097656,0.107422,0.108643,0.095215,0.080566,0.114746,0.080566,0.112305,0.056152,0.091553,0.125732
2017-04-17T07:20:00Z,12.30469,11.25,11.95313,14.41406,11.25,10.19531,11.95313,10.89844,10.19531,12.30469,11.25,10.89844,11.30859,9.08203,9.84375,9.72656,10.01953,9.84375,9.78516,10.19531,10.19531,10.3125,10.13672,10.07813,9.60938,0.109863,0.095215,0.13916,0.118408,0.166016,0.123291,0.113525,0.123291,0.136719,0.142822,0.150146
2017-04-17T07:30:00Z,8.08594,18.63281,16.52344,18.28125,17.92969,18.28125,19.6875,19.6875,17.92969,15.11719,17.22656,16.17188,10.60547,8.73047,10.42969,11.07422,10.54688,11.25,11.36719,11.07422,10.72266,10.72266,11.19141,11.30859,11.25,0.146484,0.167236,0.170898,0.161133,0.128174,0.175781,0.130615,0.13916,0.129395,0.106201,0.155029
2017-04-17T07:40:00Z,14.76563,15.46875,11.60156,11.95313,11.25,13.35938,11.95313,11.25,13.35938,10.89844,14.0625,12.30469,11.54297,9.375,10.48828,10.54688,10.54688,11.13281,11.01563,10.89844,10.66406,11.13281,11.13281,11.01563,11.01563,0.117188,0.128174,0.093994,0.133057,0.123291,0.112305,0.141602,0.126953,0.097656,0.130615,0.10376
2017-04-17T07:50:00Z,8.4375,14.0625,17.22656,15.11719,14.41406,18.63281,15.82031,14.41406,17.57813,13.71094,15.46875,15.82031,11.36719,9.25781,9.90234,10.13672,9.60938,10.60547,10.25391,10.25391,10.13672,10.37109,10.37109,10.48828,10.54688,0.125732,0.118408,0.155029,0.145264,0.145264,0.113525,0.093994,0.141602,0.131836,0.123291,0.142822
2017-04-17T08:00:00Z,10.89844,20.03906,20.74219,20.03906,20.03906,18.98438,19.33594,15.46875,17.57813,17.57813,17.22656,18.63281,10.89844,8.73047,9.84375,9.84375,9.78516,10.07813,9.96094,9.84375,10.01953,10.25391,10.13672,10.01953,10.01953,0.147705,0.144043,0.13916,0.125732,0.126953,0.091553,0.109863,0.140381,0.136719,0.124512,0.123291
2017-04-17T08:10:00Z,13.71094,17.22656,18.63281,17.22656,18.63281,16.875,18.63281,16.875,21.09375,18.98438,20.03906,18.63281,11.25,8.61328,9.60938,9.43359,9.66797,9.96094,9.78516,10.07813,10.19531,10.42969,10.01953,9.96094,9.96094,0.152588,0.168457,0.164795,0.148926,0.125732,0.119629,0.085449,0.118408,0.155029,0.164795,0.10498
2017-04-17T08:20:00Z,13.71094,20.39063,18.98438,19.6875,22.14844,19.33594,23.55469,19.33594,20.74219,22.85156,25.3125,20.03906,11.25,8.73047,9.96094,10.01953,9.72656,10.25391,10.3125,10.48828,10.37109,10.72266,10.60547,10.37109,10.37109,0.153809,0.147705,0.150146,0.123291,0.125732,0.10376,0.150146,0.101318,0.079346,0.133057,0.128174
2017-04-17T08:30:00Z,17.92969,13.00781,17.57813,16.875,17.57813,15.11719,14.0625,15.46875,16.52344,15.82031,18.63281,15.46875,10.72266,8.67188,9.49219,9.90234,9.66797,9.55078,9.60938,10.13672,10.54688,10.48828,10.25391,10.13672,10.01953,0.130615,0.109863,0.13916,0.128174,0.125732,0.135498,0.140381,0.129395,0.152588,0.118408,0.100098
2017-04-17T08:40:00Z,12.65625,14.41406,16.17188,16.52344,15.82031,17.22656,18.63281,16.875,17.92969,17.22656,16.17188,21.44531,11.01563,8.73047,9.02344,9.19922,8.96484,9.08203,9.25781,8.90625,9.25781,9.49219,9.31641,9.375,9.66797,0.118408,0.146484,0.145264,0.147705,0.134277,0.145264,0.130615,0.131836,0.150146,0.133057,0.118408
2017-04-17T08:50:00Z,12.30469,7.73438,7.38281,2.10938,5.625,7.73438,6.32813,10.89844,7.38281,9.49219,8.4375,10.54688,10.01953,7.85156,8.84766,8.73047,9.02344,9.02344,9.08203,9.43359,9.25781,9.25781,9.60938,9.49219,9.25781,0.144043,0.161133,0.113525,0.141602,0.151367,0.142822,0.118408,0.134277,0.136719,0.123291,0.13916
2017-04-17T09:00:00Z,0.70313,4.92188,5.97656,5.625,7.38281,5.97656,7.38281,7.73438,10.19531,10.19531,9.14063,10.54688,9.90234,7.96875,8.73047,9.08203,8.96484,9.02344,9.02344,9.02344,9.49219,9.375,9.49219,9.08203,9.49219,0.170898,0.158691,0.140381,0.163574,0.145264,0.150146,0.141602,0.135498,0.126953,0.167236,0.128174
2017-04-17T09:10:00Z,2.10938,14.0625,11.25,13.35938,11.25,9.14063,10.89844,12.65625,13.71094,12.65625,13.00781,13.00781,9.72656,7.73438,8.55469,8.4375,8.67188,8.96484,8.90625,9.19922,9.375,9.14063,9.08203,8.96484,9.19922,0.152588,0.216064,0.133057,0.115967,0.159912,0.13916,0.161133,0.19043,0.144043,0.130615,0.118408
2017-04-17T09:20:00Z,10.54688,17.22656,10.54688,15.82031,14.76563,14.0625,12.30469,13.71094,14.41406,15.82031,14.41406,14.41406,9.84375,7.5,8.32031,8.32031,8.78906,8.61328,8.78906,9.02344,9.25781,9.31641,8.90625,9.02344,9.08203,0.155029,0.144043,0.15625,0.145264,0.12085,0.117188,0.17334,0.158691,0.113525,0.136719,0.13916
2017-04-17T09:30:00Z,9.49219,8.78906,8.4375,6.32813,7.73438,8.4375,8.78906,8.08594,8.78906,8.4375,9.49219,10.89844,9.375,7.67578,8.61328,8.37891,8.78906,8.78906,8.90625,8.78906,8.84766,8.90625,9.08203,8.78906,9.375,0.145264,0.130615,0.140381,0.153809,0.155029,0.125732,0.174561,0.166016,0.169678,0.147705,0.157471
2017-04-17T09:40:00Z,2.10938,8.78906,12.65625,11.95313,12.65625,10.89844,10.89844,9.84375,12.30469,16.17188,10.54688,13.00781,9.72656,7.61719,9.375,9.02344,9.31641,9.14063,8.78906,9.14063,9.375,9.55078,9.375,9.02344,9.78516,0.159912,0.161133,0.114746,0.146484,0.112305,0.166016,0.111084,0.144043,0.140381,0.157471,0.163574
2017-04-17T09:50:00Z,6.32813,15.82031,11.95313,15.11719,13.35938,11.60156,11.60156,13.71094,9.84375,14.0625,11.95313,11.60156,10.13672,7.91016,8.96484,8.96484,9.14063,9.43359,8.96484,9.08203,9.02344,9.49219,9.25781,9.08203,9.08203,0.130615,0.145264,0.12207,0.126953,0.141602,0.155029,0.153809,0.166016,0.13916,0.119629,0.128174
2017-04-17T10:00:00Z,11.95313,10.54688,6.67969,9.14063,8.4375,5.625,5.97656,6.67969,3.86719,4.57031,5.27344,6.67969,9.78516,7.91016,8.32031,8.49609,8.67188,8.67188,8.78906,9.08203,8.90625,8.84766,9.02344,9.19922,8.96484,0.158691,0.142822,0.167236,0.117188,0.119629,0.130615,0.125732,0.152588,0.202637,0.157471,0.177002
2017-04-17T10:10:00Z,3.51563,2.10938,4.21875,7.03125,1.40625,3.86719,2.46094,2.10938,4.92188,7.03125,1.75781,6.67969,10.13672,7.5,9.02344,9.25781,9.43359,9.08203,9.375,9.25781,9.90234,9.43359,9.55078,9.31641,9.31641,0.147705,0.131836,0.137939,0.144043,0.131836,0.162354,0.136719,0.159912,0.137939,0.129395,0.178223
2017-04-17T10:20:00Z,0.70313,6.67969,5.27344,7.03125,5.97656,7.38281,6.67969,5.27344,5.27344,3.16406,8.4375,8.4375,10.42969,8.32031,9.02344,9.19922,8.84766,9.49219,9.72656,9.31641,9.49219,9.49219,9.84375,9.90234,9.49219,0.164795,0.205078,0.164795,0.133057,0.106201,0.162354,0.153809,0.146484,0.123291,0.179443,0.172119
2017-04-17T10:30:00Z,5.27344,7.38281,6.67969,8.4375,5.97656,8.08594,8.08594,7.73438,4.21875,6.32813,5.625,8.08594,10.07813,8.08594,9.19922,9.43359,9.14063,9.78516,9.90234,9.72656,9.55078,9.49219,9.78516,10.01953,9.96094,0.117188,0.150146,0.140381,0.145264,0.108643,0.128174,0.135498,0.141602,0.126953,0.137939,0.142822
2017-04-17T10:40:00Z,4.57031,6.32813,10.54688,10.89844,8.08594,5.27344,7.38281,8.4375,5.97656,10.19531,10.54688,10.54688,10.25391,8.20313,9.19922,9.02344,8.96484,9.19922,9.14063,9.60938,9.25781,9.43359,9.31641,9.375,8.96484,0.135498,0.148926,0.146484,0.152588,0.145264,0.135498,0.145264,0.100098,0.131836,0.130615,0.113525
2017-04-17T10:50:00Z,4.92188,8.08594,8.08594,5.27344,8.4375,7.03125,8.08594,5.27344,6.67969,7.03125,6.67969,6.32813,10.3125,8.08594,9.72656,9.31641,9.60938,9.25781,9.43359,9.43359,9.49219,9.43359,9.72656,9.66797,9.49219,0.142822,0.148926,0.112305,0.117188,0.113525,0.133057,0.130615,0.131836,0.123291,0.108643,0.141602
2017-04-17T11:00:00Z,4.57031,2.8125,2.10938,359.64844,356.48438,1.05469,1.75781,2.10938,3.16406,0.70313,3.51563,359.64844,10.83984,8.20313,8.96484,8.84766,9.08203,8.84766,9.25781,9.25781,9.19922,9.14063,9.31641,9.43359,9.14063,0.109863,0.112305,0.178223,0.145264,0.096436,0.12207,0.124512,0.141602,0.136719,0.118408,0.135498
2017-04-17T11:10:00Z,356.83594,358.94531,1.40625,0.70313,3.86719,0.70313,1.05469,0.70313,2.8125,2.46094,359.29688,1.05469,10.01953,7.79297,8.61328,8.49609,8.67188,8.73047,8.61328,8.84766,8.78906,8.96484,8.96484,8.90625,9.25781,0.148926,0.148926,0.106201,0.126953,0.151367,0.125732,0.109863,0.150146,0.130615,0.12207,0.113525
2017-04-17T11:20:00Z,357.89063,358.94531,4.21875,2.8125,359.64844,3.16406,358.59375,358.94531,359.64844,358.94531,2.8125,1.05469,9.55078,7.61719,8.61328,9.02344,9.02344,8.84766,9.25781,8.78906,8.96484,9.31641,9.25781,8.96484,9.25781,0.130615,0.136719,0.126953,0.10376,0.097656,0.141602,0.131836,0.145264,0.090332,0.130615,0.137939
2017-04-17T11:30:00Z,356.48438,3.16406,1.75781,4.92188,2.8125,3.16406,2.10938,1.75781,4.21875,4.21875,2.8125,1.75781,9.66797,7.85156,8.08594,8.14453,8.26172,8.32031,8.55469,8.61328,8.78906,8.55469,8.37891,8.49609,8.73047,0.162354,0.124512,0.19043,0.135498,0.142822,0.12207,0.141602,0.126953,0.101318,0.163574,0.137939
2017-04-17T11:40:00Z,3.86719,359.64844,3.16406,1.75781,5.27344,2.46094,2.46094,1.40625,3.16406,2.8125,1.05469,0.70313,9.375,7.38281,8.84766,9.02344,8.73047,8.55469,8.67188,8.90625,8.90625,8.96484,9.25781,8.96484,8.61328,0.12085,0.131836,0.115967,0.115967,0.126953,0.12085,0.096436,0.12085,0.114746,0.119629,0.145264
2017-04-17T11:50:00Z,356.13281,358.24219,356.83594,359.64844,357.89063,358.24219,358.94531,1.05469,2.8125,2.46094,0.35156,1.75781,9.72656,7.85156,8.26172,8.32031,8.20313,8.61328,8.61328,8.84766,8.67188,8.73047,8.49609,8.73047,8.78906,0.123291,0.111084,0.137939,0.141602,0.117188,0.128174,0.135498,0.144043,0.140381,0.12207,0.133057
2017-04-17T12:00:00Z,353.67188,354.72656,356.48438,356.13281,352.61719,355.07813,358.94531,355.07813,354.72656,351.91406,356.48438,355.78125,10.3125,7.67578,8.49609,8.67188,8.67188,9.14063,9.43359,8.96484,8.96484,8.90625,9.31641,9.43359,9.375,0.163574,0.135498,0.141602,0.137939,0.114746,0.145264,0.112305,0.125732,0.117188,0.147705,0.097656
2017-04-17T12:10:00Z,351.5625,355.07813,354.72656,355.78125,357.89063,358.59375,354.02344,356.48438,352.26563,354.72656,354.02344,356.83594,9.49219,7.85156,9.19922,9.19922,9.14063,9.55078,9.25781,9.31641,8.90625,9.25781,9.31641,9.55078,9.43359,0.137939,0.118408,0.125732,0.131836,0.115967,0.08667,0.161133,0.142822,0.12085,0.10498,0.117188
2017-04-17T12:20:00Z,352.61719,348.04688,348.75,348.39844,350.15625,348.39844,351.5625,349.10156,347.34375,347.69531,349.80469,349.80469,9.84375,8.37891,9.31641,9.25781,9.55078,9.55078,9.55078,9.55078,9.19922,9.66797,9.84375,9.43359,9.25781,0.107422,0.12207,0.133057,0.128174,0.124512,0.111084,0.142822,0.100098,0.111084,0.159912,0.133057
2017-04-17T12:30:00Z,342.77344,344.53125,342.77344,344.88281,342.77344,345.23438,343.47656,341.36719,343.125,343.47656,344.17969,343.125,9.96094,7.91016,8.55469,8.49609,8.90625,8.90625,9.25781,8.90625,8.96484,8.96484,9.25781,9.19922,8.84766,0.133057,0.13916,0.12085,0.130615,0.124512,0.140381,0.140381,0.146484,0.157471,0.12085,0.137939
2017-04-17T12:40:00Z,339.25781,342.77344,345.23438,342.07031,343.82813,341.01563,343.47656,341.36719,345.9375,341.71875,345.23438,342.42188,10.07813,8.02734,9.14063,9.55078,9.25781,9.19922,9.19922,9.19922,9.66797,9.49219,9.66797,9.60938,9.60938,0.12085,0.119629,0.133057,0.152588,0.134277,0.137939,0.136719,0.119629,0.142822,0.123291,0.137939
2017-04-17T12:50:00Z,340.66406,347.69531,342.77344,344.53125,346.64063,343.82813,345.9375,343.47656,346.99219,344.88281,346.28906,343.47656,9.55078,8.02734,9.25781,9.55078,9.49219,9.55078,9.90234,9.49219,9.84375,9.55078,9.78516,9.66797,9.72656,0.111084,0.12085,0.111084,0.118408,0.101318,0.112305,0.10498,0.133057,0.10498,0.111084,0.123291
2017-04-17T13:00:00Z,342.07031,348.39844,347.69531,348.04688,349.80469,348.04688,352.61719,349.80469,349.45313,348.75,348.39844,346.99219,9.84375,8.02734,9.02344,8.96484,9.25781,9.49219,9.84375,9.49219,9.25781,9.43359,9.78516,9.78516,9.66797,0.102539,0.135498,0.124512,0.125732,0.136719,0.140381,0.125732,0.135498,0.119629,0.134277,0.108643
2017-04-17T13:10:00Z,346.99219,344.17969,344.88281,342.77344,344.88281,344.53125,346.64063,345.23438,346.28906,343.47656,343.125,344.88281,10.01953,8.08594,8.96484,8.90625,9.19922,8.84766,9.375,9.31641,9.19922,9.43359,9.43359,9.43359,9.55078,0.141602,0.137939,0.137939,0.10498,0.119629,0.133057,0.133057,0.137939,0.119629,0.169678,0.137939
2017-04-17T13:20:00Z,341.01563,348.04688,347.69531,345.58594,348.39844,346.64063,348.04688,348.39844,349.10156,346.64063,348.39844,348.75,9.72656,8.02734,9.14063,9.19922,9.08203,9.14063,9.375,9.375,9.43359,9.375,9.25781,9.43359,9.43359,0.13916,0.125732,0.159912,0.129395,0.114746,0.142822,0.128174,0.128174,0.12085,0.124512,0.113525
2017-04-17T13:30:00Z,343.125,342.77344,343.47656,344.17969,343.47656,344.53125,344.88281,345.58594,343.47656,346.28906,343.125,346.28906,9.66797,7.91016,9.375,9.90234,9.55078,9.72656,10.01953,9.72656,9.72656,9.60938,9.96094,9.96094,9.60938,0.19165,0.167236,0.181885,0.202637,0.146484,0.192871,0.19165,0.181885,0.200195,0.194092,0.146484
2017-04-17T13:40:00Z,335.74219,332.22656,330.82031,328.00781,332.22656,331.875,336.09375,334.6875,334.33594,335.39063,335.74219,337.5,11.95313,8.90625,10.37109,10.54688,10.83984,10.78125,10.83984,11.13281,11.13281,10.89844,11.19141,11.42578,11.25,0.15625,0.159912,0.163574,0.159912,0.170898,0.137939,0.134277,0.155029,0.125732,0.123291,0.142822
2017-04-17T13:50:00Z,326.25,338.90625,339.25781,336.44531,339.25781,338.90625,340.66406,341.36719,339.96094,341.36719,337.5,340.3125,11.42578,8.73047,10.42969,10.3125,10.3125,10.01953,10.37109,10.54688,10.54688,10.48828,10.60547,10.37109,10.42969,0.126953,0.130615,0.117188,0.136719,0.129395,0.117188,0.140381,0.128174,0.135498,0.131836,0.137939
2017-04-17T14:00:00Z,336.44531,338.20313,338.20313,338.20313,337.5,336.09375,337.14844,339.60938,337.14844,340.3125,339.60938,341.01563,11.07422,8.96484,9.84375,9.78516,9.96094,9.72656,10.07813,10.37109,10.3125,10.42969,10.25391,10.42969,9.84375,0.152588,0.134277,0.155029,0.150146,0.123291,0.158691,0.125732,0.158691,0.145264,0.136719,0.137939
2017-04-17T14:10:00Z,333.98438,333.98438,332.92969,333.28125,333.98438,333.63281,334.33594,335.39063,333.28125,333.98438,333.98438,335.74219,11.01563,8.32031,9.31641,9.49219,9.49219,9.25781,9.66797,9.66797,9.66797,9.43359,9.78516,9.60938,9.72656,0.13916,0.144043,0.141602,0.137939,0.175781,0.093994,0.13916,0.13916,0.108643,0.146484,0.148926
2017-04-17T14:20:00Z,330.11719,332.92969,335.03906,338.55469,336.09375,337.85156,337.14844,338.20313,337.14844,338.55469,336.79688,341.71875,10.48828,8.37891,10.07813,10.60547,10.07813,10.72266,10.66406,10.72266,10.54688,10.72266,10.83984,11.07422,10.60547,0.135498,0.12085,0.100098,0.115967,0.106201,0.151367,0.141602,0.131836,0.115967,0.123291,0.163574
2017-04-17T14:30:00Z,334.6875,340.66406,339.96094,342.07031,339.96094,344.53125,341.36719,343.125,341.36719,341.71875,338.90625,342.07031,11.13281,8.90625,9.49219,9.78516,9.90234,10.60547,10.42969,10.37109,10.54688,10.72266,10.37109,10.89844,10.95703,0.141602,0.124512,0.135498,0.151367,0.152588,0.158691,0.131836,0.108643,0.151367,0.131836,0.111084
2017-04-17T14:40:00Z,337.5,335.39063,336.44531,336.79688,336.09375,333.63281,331.875,337.5,335.39063,336.79688,335.74219,332.22656,10.72266,8.55469,11.07422,10.89844,11.42578,10.78125,10.66406,11.42578,11.54297,11.54297,11.25,11.25,11.01563,0.148926,0.130615,0.123291,0.140381,0.148926,0.157471,0.108643,0.178223,0.113525,0.109863,0.146484
2017-04-17T14:50:00Z,331.52344,339.25781,341.71875,339.96094,342.77344,340.3125,337.5,339.25781,341.36719,339.60938,338.90625,337.5,11.66016,9.375,10.07813,10.66406,10.42969,10.60547,10.3125,10.72266,11.07422,11.13281,10.95703,10.83984,11.48438,0.167236,0.129395,0.102539,0.126953,0.146484,0.150146,0.148926,0.162354,0.147705,0.108643,0.145264
2017-04-17T15:00:00Z,335.39063,337.5,339.60938,337.14844,338.90625,336.09375,336.09375,335.74219,338.20313,338.20313,337.85156,335.74219,11.36719,8.84766,10.95703,11.19141,11.48438,11.13281,11.19141,11.19141,11.77734,11.48438,11.42578,11.36719,11.60156,0.134277,0.147705,0.109863,0.126953,0.106201,0.167236,0.145264,0.114746,0.12207,0.130615,0.100098
2017-04-17T15:10:00Z,333.28125,336.09375,339.60938,333.98438,336.09375,335.74219,338.20313,339.60938,338.90625,339.25781,339.60938,337.85156,11.95313,9.66797,11.25,11.60156,11.25,11.48438,11.48438,11.54297,11.83594,11.71875,11.71875,12.01172,11.77734,0.157471,0.118408,0.142822,0.102539,0.126953,0.113525,0.106201,0.119629,0.10498,0.15625,0.123291
2017-04-17T15:20:00Z,338.20313,346.28906,349.10156,349.10156,346.64063,351.21094,347.34375,346.99219,349.10156,345.23438,344.88281,343.47656,12.07031,9.43359,10.60547,10.83984,10.89844,10.95703,11.07422,11.19141,11.42578,11.30859,11.19141,11.36719,11.66016,0.13916,0.115967,0.111084,0.093994,0.128174,0.108643,0.118408,0.135498,0.10498,0.111084,0.097656
2017-04-17T15:30:00Z,343.47656,341.36719,344.88281,345.9375,341.71875,344.88281,341.36719,344.17969,342.07031,345.9375,340.66406,344.17969,11.48438,9.43359,11.30859,11.25,11.25,11.54297,11.83594,11.83594,11.95313,11.77734,11.77734,12.1875,12.01172,0.140381,0.131836,0.185547,0.159912,0.158691,0.158691,0.146484,0.152588,0.147705,0.135498,0.141602
2017-04-17T15:40:00Z,337.5,345.23438,345.23438,339.96094,342.07031,345.58594,345.58594,344.88281,344.17969,342.07031,342.07031,342.77344,11.77734,9.72656,11.60156,11.66016,11.89453,11.77734,11.42578,11.54297,12.30469,12.24609,11.95313,12.01172,11.66016,0.12085,0.159912,0.115967,0.129395,0.126953,0.133057,0.115967,0.101318,0.140381,0.152588,0.155029
2017-04-17T15:50:00Z,341.01563,343.82813,346.64063,345.58594,345.9375,344.17969,346.99219,343.47656,344.88281,342.77344,345.9375,345.58594,12.48047,9.84375,11.95313,11.66016,11.60156,11.83594,11.95313,12.30469,11.89453,12.30469,13.125,12.71484,12.59766,0.15625,0.137939,0.108643,0.123291,0.175781,0.140381,0.115967,0.141602,0.131836,0.125732,0.174561
2017-04-17T16:00:00Z,342.07031,343.47656,345.23438,345.23438,346.64063,342.77344,343.82813,343.82813,344.17969,343.47656,346.28906,345.23438,11.77734,9.72656,11.19141,11.42578,11.54297,11.54297,11.71875,11.66016,12.01172,12.01172,11.95313,12.01172,11.83594,0.162354,0.126953,0.145264,0.130615,0.148926,0.131836,0.163574,0.106201,0.169678,0.135498,0.163574
2017-04-17T16:10:00Z,342.42188,341.36719,341.71875,341.01563,341.36719,341.71875,340.3125,340.66406,337.14844,343.82813,339.60938,336.44531,12.36328,9.66797,10.48828,10.37109,10.60547,10.54688,10.83984,10.78125,11.13281,11.54297,11.36719,10.48828,10.60547,0.13916,0.15625,0.148926,0.144043,0.187988,0.133057,0.111084,0.162354,0.166016,0.130615,0.131836
2017-04-17T16:20:00Z,336.79688,338.20313,338.20313,339.96094,336.44531,339.60938,338.20313,340.3125,336.09375,340.66406,335.74219,338.90625,10.95703,8.90625,10.42969,10.89844,10.66406,11.13281,11.19141,10.95703,11.01563,10.89844,11.54297,11.19141,11.42578,0.179443,0.155029,0.134277,0.137939,0.128174,0.178223,0.147705,0.131836,0.131836,0.128174,0.137939
2017-04-17T16:30:00Z,333.98438,336.79688,336.79688,338.90625,336.44531,335.03906,339.25781,334.6875,336.09375,337.14844,337.14844,339.25781,11.77734,9.19922,10.95703,11.07422,11.54297,11.36719,11.89453,11.54297,11.66016,11.95313,11.66016,11.48438,11.89453,0.134277,0.153809,0.145264,0.170898,0.12207,0.147705,0.162354,0.157471,0.128174,0.177002,0.15625
2017-04-17T16:40:00Z,336.44531,358.94531,357.1875,355.78125,352.61719,356.13281,354.02344,353.67188,352.96875,348.39844,352.26563,347.69531,12.07031,9.55078,9.90234,9.84375,9.96094,10.3125,9.78516,9.96094,10.13672,10.66406,10.78125,10.60547,10.72266,0.166016,0.159912,0.202637,0.152588,0.163574,0.169678,0.19165,0.129395,0.125732,0.161133,0.133057
2017-04-17T16:50:00Z,355.42969,350.85938,351.21094,348.75,348.39844,348.04688,348.04688,347.69531,349.10156,349.10156,349.45313,345.23438,10.48828,8.32031,10.37109,10.01953,10.3125,10.07813,10.42969,10.66406,11.01563,10.89844,10.83984,10.66406,10.83984,0.17334,0.228271,0.192871,0.229492,0.212402,0.196533,0.177002,0.174561,0.206299,0.167236,0.178223
2017-04-17T17:00:00Z,344.17969,344.88281,344.17969,342.42188,346.99219,339.96094,341.01563,342.07031,346.28906,345.23438,345.23438,343.47656,11.54297,9.25781,10.95703,11.07422,11.42578,10.54688,11.13281,11.01563,11.77734,11.83594,11.60156,10.72266,11.19141,0.141602,0.097656,0.131836,0.13916,0.13916,0.107422,0.146484,0.092773,0.102539,0.169678,0.150146
2017-04-17T17:10:00Z,340.3125,344.17969,340.66406,341.71875,344.53125,341.71875,344.88281,344.53125,343.82813,342.07031,342.42188,341.71875,11.66016,9.31641,10.72266,10.83984,11.13281,10.89844,11.25,11.42578,11.30859,11.30859,11.42578,11.42578,11.42578,0.144043,0.141602,0.133057,0.124512,0.152588,0.124512,0.133057,0.137939,0.123291,0.123291,0.135498
2017-04-17T17:20:00Z,339.60938,344.88281,346.99219,342.77344,344.17969,343.82813,343.125,343.125,339.96094,342.42188,340.3125,338.90625,11.42578,9.55078,10.72266,10.78125,10.89844,10.89844,11.25,11.54297,11.60156,11.54297,11.54297,11.54297,11.77734,0.125732,0.161133,0.102539,0.128174,0.098877,0.157471,0.115967,0.117188,0.151367,0.112305,0.163574
2017-04-17T17:30:00Z,338.20313,343.47656,344.17969,344.17969,337.14844,343.125,342.42188,342.07031,338.55469,339.60938,342.77344,339.60938,12.53906,9.66797,12.07031,12.1875,12.07031,12.59766,12.12891,12.01172,12.07031,12.36328,12.24609,12.30469,12.30469,0.134277,0.164795,0.150146,0.141602,0.167236,0.152588,0.168457,0.124512,0.129395,0.114746,0.112305
2017-04-17T17:40:00Z,338.55469,341.01563,347.34375,342.42188,340.66406,342.07031,344.88281,342.42188,339.25781,339.96094,342.07031,341.01563,13.41797,10.60547,11.30859,11.42578,11.83594,11.83594,11.89453,11.71875,11.83594,11.71875,12.01172,11.89453,11.89453,0.12085,0.145264,0.142822,0.135498,0.157471,0.111084,0.155029,0.150146,0.111084,0.095215,0.12085
2017-04-17T17:50:00Z,334.33594,339.60938,343.125,343.82813,338.90625,341.71875,338.90625,345.23438,340.66406,341.36719,341.01563,344.17969,13.30078,9.96094,11.13281,11.48438,11.36719,11.95313,11.95313,12.30469,12.01172,12.01172,11.89453,12.59766,12.36328,0.150146,0.150146,0.140381,0.185547,0.13916,0.163574,0.136719,0.12085,0.145264,0.109863,0.101318
2017-04-17T18:00:00Z,339.96094,344.88281,344.53125,344.88281,345.58594,350.85938,347.34375,348.04688,349.10156,350.50781,345.58594,349.80469,12.59766,9.84375,11.36719,11.83594,11.54297,11.95313,11.95313,11.89453,12.24609,12.30469,11.95313,11.71875,12.24609,0.152588,0.144043,0.142822,0.107422,0.135498,0.133057,0.150146,0.125732,0.083008,0.126953,0.123291
2017-04-17T18:10:00Z,343.82813,345.9375,348.75,345.58594,348.04688,349.45313,351.21094,346.99219,348.75,347.34375,345.58594,348.39844,12.65625,10.13672,11.19141,11.54297,11.25,11.71875,11.71875,12.12891,11.95313,12.12891,12.1875,12.36328,11.95313,0.133057,0.141602,0.155029,0.145264,0.114746,0.123291,0.129395,0.106201,0.114746,0.111084,0.100098
2017-04-17T18:20:00Z,343.125,347.34375,350.50781,347.69531,351.91406,346.28906,346.99219,347.34375,347.34375,353.32031,349.45313,347.34375,12.24609,9.78516,12.30469,12.59766,12.42188,13.06641,12.48047,12.65625,13.24219,13.82813,13.76953,12.83203,12.53906,0.153809,0.151367,0.129395,0.142822,0.124512,0.133057,0.101318,0.128174,0.147705,0.096436,0.146484
2017-04-17T18:30:00Z,345.23438,346.99219,346.64063,346.28906,344.17969,343.125,348.39844,345.58594,344.88281,347.69531,344.53125,352.96875,14.23828,11.07422,11.71875,12.07031,12.1875,12.42188,12.77344,12.36328,12.48047,12.71484,12.71484,12.83203,12.65625,0.167236,0.13916,0.13916,0.129395,0.118408,0.112305,0.124512,0.125732,0.109863,0.096436,0.124512
2017-04-17T18:40:00Z,339.96094,345.23438,345.9375,343.82813,340.66406,347.69531,345.9375,349.45313,342.77344,345.9375,342.77344,351.21094,13.35938,10.19531,11.36719,11.42578,11.48438,11.95313,12.12891,12.01172,11.95313,12.07031,12.1875,12.83203,12.53906,0.159912,0.144043,0.157471,0.113525,0.136719,0.115967,0.128174,0.135498,0.117188,0.126953,0.119629
2017-04-17T18:50:00Z,340.66406,349.80469,352.61719,350.15625,351.91406,349.80469,348.75,349.45313,348.75,354.02344,350.85938,349.45313,12.30469,9.84375,11.01563,11.13281,11.48438,11.25,10.83984,11.54297,11.83594,11.95313,11.83594,12.07031,12.07031,0.155029,0.113525,0.140381,0.123291,0.134277,0.107422,0.115967,0.153809,0.137939,0.134277,0.146484
2017-04-17T19:00:00Z,347.69531,346.28906,347.34375,346.28906,348.39844,349.45313,347.69531,345.9375,348.75,350.15625,350.15625,346.99219,12.83203,10.19531,11.13281,12.07031,11.48438,11.71875,11.77734,11.77734,11.66016,11.48438,12.07031,12.30469,12.07031,0.111084,0.10376,0.111084,0.108643,0.113525,0.119629,0.125732,0.131836,0.115967,0.095215,0.111084
2017-04-17T19:10:00Z,344.53125,349.45313,345.9375,348.75,347.69531,344.53125,348.75,347.69531,341.71875,345.9375,348.04688,349.80469,11.95313,9.84375,11.77734,11.66016,11.71875,11.89453,11.71875,12.07031,11.89453,12.36328,12.42188,12.77344,12.42188,0.129395,0.115967,0.106201,0.091553,0.144043,0.13916,0.117188,0.129395,0.162354,0.153809,0.125732
2017-04-17T19:20:00Z,343.125,351.21094,346.99219,346.64063,348.04688,349.45313,345.9375,349.10156,349.80469,348.39844,348.04688,346.64063,13.30078,10.42969,10.66406,10.78125,11.42578,11.01563,11.42578,11.19141,11.30859,11.30859,11.54297,11.19141,11.48438,0.134277,0.152588,0.141602,0.142822,0.131836,0.135498,0.124512,0.111084,0.111084,0.151367,0.101318
2017-04-17T19:30:00Z,344.88281,350.15625,349.80469,347.69531,347.34375,350.85938,348.04688,352.61719,351.91406,351.91406,348.39844,354.72656,12.1875,9.19922,10.60547,10.83984,10.72266,11.25,11.48438,11.36719,11.54297,11.25,11.19141,11.71875,11.36719,0.108643,0.118408,0.114746,0.112305,0.148926,0.115967,0.117188,0.135498,0.150146,0.114746,0.146484
2017-04-17T19:40:00Z,345.23438,346.64063,342.07031,343.125,343.47656,344.17969,345.23438,343.82813,343.82813,344.88281,345.58594,343.125,12.30469,9.84375,11.42578,11.42578,11.60156,11.77734,11.77734,12.07031,12.12891,12.12891,12.12891,12.36328,12.53906,0.131836,0.106201,0.106201,0.115967,0.12207,0.129395,0.097656,0.101318,0.117188,0.115967,0.097656
2017-04-17T19:50:00Z,341.01563,345.23438,349.45313,346.28906,343.82813,342.77344,347.34375,344.53125,345.58594,346.28906,345.58594,343.82813,12.30469,9.84375,11.30859,11.25,11.36719,11.19141,11.54297,11.48438,11.83594,11.71875,11.83594,11.77734,11.83594,0.146484,0.140381,0.131836,0.13916,0.114746,0.125732,0.152588,0.100098,0.151367,0.115967,0.141602
2017-04-17T20:00:00Z,341.01563,345.58594,343.82813,344.53125,344.88281,346.64063,343.125,348.39844,345.58594,346.99219,347.34375,346.99219,12.71484,9.84375,11.07422,11.30859,11.07422,11.66016,11.30859,11.71875,11.89453,11.89453,11.71875,11.89453,11.83594,0.152588,0.124512,0.113525,0.146484,0.170898,0.119629,0.118408,0.140381,0.147705,0.129395,0.134277
2017-04-17T20:10:00Z,342.77344,355.42969,351.91406,354.02344,356.48438,356.13281,351.5625,352.26563,357.53906,355.42969,355.42969,356.83594,11.77734,9.55078,11.01563,10.95703,10.72266,11.30859,11.30859,11.71875,11.77734,11.89453,11.48438,12.12891,11.71875,0.158691,0.163574,0.136719,0.12207,0.178223,0.147705,0.155029,0.129395,0.169678,0.151367,0.134277
2017-04-17T20:20:00Z,357.53906,11.25,10.89844,11.60156,9.49219,11.95313,11.25,7.03125,8.08594,6.67969,7.03125,4.57031,12.24609,9.08203,9.14063,9.60938,9.49219,9.96094,10.19531,9.84375,9.60938,9.72656,9.84375,9.90234,10.01953,0.164795,0.119629,0.142822,0.141602,0.142822,0.137939,0.157471,0.126953,0.136719,0.161133,0.125732
2017-04-17T20:30:00Z,358.24219,347.69531,350.50781,349.45313,345.23438,343.82813,345.58594,344.88281,345.23438,347.34375,345.58594,351.5625,13.94531,8.78906,12.89063,12.83203,13.41797,12.83203,12.89063,13.41797,13.59375,13.41797,13.53516,13.41797,13.125,0.169678,0.172119,0.153809,0.152588,0.147705,0.195313,0.170898,0.131836,0.177002,0.144043,0.163574
2017-04-17T20:40:00Z,345.23438,332.92969,334.6875,336.09375,335.74219,338.90625,334.6875,338.90625,341.36719,341.01563,343.82813,343.82813,16.23047,11.25,9.66797,9.72656,9.55078,9.96094,10.07813,10.37109,10.83984,11.07422,10.89844,11.01563,11.13281,0.185547,0.200195,0.196533,0.195313,0.230713,0.200195,0.168457,0.144043,0.147705,0.177002,0.124512
2017-04-17T20:50:00Z,330.46875,338.20313,344.17969,339.25781,345.58594,341.36719,342.42188,347.34375,348.39844,342.42188,351.91406,348.04688,10.13672,7.91016,8.14453,8.78906,8.20313,8.55469,8.37891,8.55469,8.84766,8.90625,9.375,9.78516,9.90234,0.201416,0.133057,0.166016,0.117188,0.150146,0.148926,0.152588,0.114746,0.13916,0.102539,0.097656
2017-04-17T21:00:00Z,340.3125,353.32031,354.72656,354.72656,355.42969,352.26563,352.26563,355.42969,355.42969,352.26563,351.5625,356.83594,9.90234,7.20703,9.90234,10.19531,10.3125,10.37109,10.78125,11.07422,10.95703,10.37109,10.54688,10.66406,11.25,0.274658,0.303955,0.279541,0.303955,0.308838,0.292969,0.284424,0.241699,0.231934,0.220947,0.235596
2017-04-17T21:20:00Z,355.07813,353.67188,354.72656,352.96875,353.67188,355.78125,352.61719,351.5625,351.21094,352.26563,353.67188,352.96875,11.60156,9.02344,9.43359,9.43359,9.31641,9.66797,9.375,9.66797,9.25781,9.78516,10.13672,10.25391,9.90234,0.186768,0.159912,0.172119,0.147705,0.184326,0.142822,0.140381,0.203857,0.146484,0.119629,0.135498
2017-04-17T21:30:00Z,349.45313,352.26563,352.96875,355.42969,355.78125,356.48438,354.375,352.61719,354.02344,353.32031,356.48438,353.32031,10.07813,8.26172,9.72656,9.84375,9.60938,9.96094,9.72656,9.60938,10.01953,10.25391,10.19531,10.19531,9.90234,0.144043,0.158691,0.180664,0.12207,0.147705,0.179443,0.155029,0.189209,0.129395,0.15625,0.186768
2017-04-17T21:40:00Z,350.50781,357.1875,354.72656,353.32031,355.07813,353.67188,353.67188,353.67188,352.61719,352.96875,353.32031,352.96875,10.60547,8.4375,10.42969,9.96094,10.48828,10.25391,10.19531,10.19531,10.37109,10.19531,10.37109,10.25391,10.48828,0.133057,0.147705,0.134277,0.117188,0.123291,0.152588,0.153809,0.15625,0.161133,0.146484,0.152588
2017-04-17T21:50:00Z,352.26563,9.49219,4.21875,3.16406,5.97656,4.21875,4.57031,1.75781,3.16406,0.70313,1.40625,357.89063,11.01563,8.73047,9.31641,9.19922,9.60938,8.96484,9.49219,9.25781,9.60938,9.55078,9.55078,9.08203,9.375,0.145264,0.144043,0.124512,0.164795,0.151367,0.163574,0.129395,0.166016,0.126953,0.153809,0.153809
2017-04-17T22:00:00Z,5.27344,7.73438,4.21875,2.8125,6.32813,4.21875,5.625,2.8125,0.70313,1.05469,2.46094,3.86719,10.07813,8.08594,8.49609,8.67188,8.32031,8.4375,8.37891,8.26172,8.26172,8.49609,8.96484,8.78906,8.4375,0.161133,0.140381,0.15625,0.150146,0.144043,0.141602,0.163574,0.137939,0.146484,0.13916,0.140381
2017-04-17T22:10:00Z,0.0,2.46094,0.70313,3.51563,1.40625,2.8125,358.24219,2.46094,358.94531,357.1875,358.59375,359.29688,9.60938,7.26563,7.85156,7.85156,8.14453,8.14453,8.32031,8.14453,8.14453,8.14453,8.49609,8.61328,8.4375,0.180664,0.147705,0.161133,0.115967,0.158691,0.150146,0.118408,0.167236,0.174561,0.142822,0.142822
2017-04-17T22:20:00Z,358.94531,359.29688,3.86719,4.57031,359.29688,2.46094,358.94531,4.21875,355.78125,1.05469,358.94531,358.94531,9.02344,7.20703,7.44141,7.73438,7.79297,8.02734,7.96875,8.14453,8.08594,8.20313,8.26172,8.20313,8.32031,0.200195,0.145264,0.179443,0.194092,0.172119,0.135498,0.166016,0.157471,0.161133,0.13916,0.151367
2017-04-17T22:30:00Z,356.83594,358.94531,357.1875,357.53906,1.05469,356.13281,352.26563,356.83594,355.78125,356.83594,354.02344,354.375,10.54688,7.26563,9.25781,9.19922,8.90625,8.78906,8.61328,9.08203,9.49219,9.49219,9.08203,8.90625,9.14063,0.168457,0.161133,0.150146,0.150146,0.175781,0.151367,0.152588,0.12207,0.133057,0.130615,0.126953
2017-04-17T22:40:00Z,351.21094,348.75,350.50781,350.85938,351.21094,352.96875,349.45313,352.26563,351.91406,350.85938,353.67188,348.39844,10.83984,8.08594,9.90234,10.01953,10.01953,10.07813,10.37109,10.37109,10.01953,10.07813,10.3125,10.25391,10.07813,0.151367,0.158691,0.124512,0.131836,0.111084,0.109863,0.118408,0.168457,0.179443,0.125732,0.136719
2017-04-17T22:50:00Z,346.99219,355.78125,351.21094,354.72656,355.07813,351.91406,352.26563,352.61719,350.15625,354.02344,352.61719,351.91406,10.54688,8.67188,9.90234,9.96094,10.01953,10.3125,10.42969,10.42969,10.42969,10.37109,10.42969,10.3125,10.19531,0.15625,0.134277,0.184326,0.145264,0.124512,0.12085,0.166016,0.141602,0.114746,0.13916,0.140381
2017-04-17T23:00:00Z,350.15625,356.83594,353.67188,354.02344,350.85938,354.375,351.21094,352.26563,351.21094,349.80469,348.04688,351.21094,10.54688,8.61328,9.84375,9.66797,10.19531,9.72656,10.25391,10.13672,10.19531,10.01953,10.48828,10.60547,10.37109,0.117188,0.115967,0.114746,0.128174,0.13916,0.100098,0.12207,0.144043,0.118408,0.107422,0.13916
2017-04-17T23:10:00Z,348.04688,347.69531,352.26563,349.10156,352.61719,350.85938,354.375,348.04688,352.61719,351.21094,354.375,350.50781,10.60547,8.73047,9.55078,9.60938,9.72656,9.72656,9.375,9.49219,9.90234,9.84375,9.78516,9.78516,9.49219,0.128174,0.128174,0.129395,0.144043,0.092773,0.126953,0.124512,0.147705,0.148926,0.148926,0.153809
2017-04-17T23:20:00Z,351.21094,352.26563,355.07813,355.07813,355.07813,354.72656,356.13281,355.42969,356.48438,356.48438,354.02344,357.1875,11.13281,8.4375,9.55078,9.60938,9.72656,9.31641,9.90234,9.90234,9.72656,9.49219,9.60938,9.78516,9.72656,0.114746,0.125732,0.141602,0.115967,0.129395,0.13916,0.150146,0.125732,0.117188,0.125732,0.125732
2017-04-17T23:30:00Z,350.85938,355.42969,354.02344,351.21094,356.13281,352.61719,355.07813,355.42969,356.13281,353.32031,356.48438,353.32031,10.42969,8.61328,9.96094,9.96094,9.72656,9.90234,9.96094,9.66797,9.84375,9.84375,10.25391,10.25391,9.72656,0.123291,0.102539,0.161133,0.101318,0.112305,0.112305,0.135498,0.10498,0.096436,0.119629,0.119629
2017-04-17T23:40:00Z,350.50781,358.24219,355.42969,354.72656,356.83594,358.24219,356.48438,355.78125,355.78125,355.78125,355.07813,352.96875,10.3125,8.61328,8.84766,8.96484,9.02344,9.02344,9.02344,8.73047,9.08203,9.14063,9.02344,8.61328,9.14063,0.112305,0.098877,0.13916,0.135498,0.126953,0.137939,0.162354,0.12085,0.128174,0.137939,0.111084
2017-04-17T23:50:00Z,352.26563,354.72656,350.85938,355.78125,354.02344,353.32031,350.15625,353.67188,350.85938,355.78125,352.26563,352.96875,10.01953,7.55859,7.96875,8.20313,8.14453,8.08594,7.91016,8.32031,8.32031,8.37891,8.20313,8.14453,8.4375,0.10498,0.114746,0.114746,0.133057,0.13916,0.108643,0.141602,0.137939,0.135498,0.12085,0.101318
