LOCATION: 
SYSTEM SERIAL: HKZB
TIMESTAMP (ISO-8601) UTC,WindDir004m deg,WindDir030m deg,WindDir040m deg,WindDir040m_ref deg,WindDir060m deg,WindDir080m deg,WindDir100m deg,WindDir120m deg,WindDir140m deg,WindDir160m deg,WindDir180m deg,WindDir200m deg,WindGust004m m/s,WindSpeed004m m/s,WindSpeed030mh m/s,WindSpeed040mh m/s,WindSpeed040m_refh m/s,WindSpeed060mh m/s,WindSpeed080mh m/s,WindSpeed100mh m/s,WindSpeed120mh m/s,WindSpeed140mh m/s,WindSpeed160mh m/s,WindSpeed180mh m/s,WindSpeed200mh m/s,TI 030m,TI 040m,TI 040m ref,TI 060m,TI 080m,TI 100m,TI 120m,TI 140m,TI 160m,TI 180m,TI 200m
2017-12-14T00:00:00Z,275.27344,278.78906,277.03125,278.4375,275.625,278.78906,274.92188,277.38281,272.46094,275.625,279.49219,277.73438,12.24609,9.55078,11.25,11.30859,11.60156,11.95313,12.01172,12.24609,11.66016,12.30469,12.36328,12.1875,12.1875,0.153809,0.124512,0.136719,0.148926,0.159912,0.114746,0.161133,0.128174,0.115967,0.123291,0.124512
2017-12-14T00:10:00Z,270.35156,270.35156,266.13281,267.89063,271.05469,271.05469,272.46094,272.46094,268.24219,269.29688,269.29688,269.29688,12.42188,9.66797,11.25,11.89453,11.77734,12.07031,11.89453,11.83594,12.30469,12.36328,12.71484,12.42188,12.36328,0.141602,0.115967,0.12085,0.111084,0.151367,0.10376,0.12085,0.131836,0.10498,0.117188,0.098877
2017-12-14T00:20:00Z,262.61719,273.16406,270.70313,269.64844,270.0,272.46094,270.35156,267.53906,270.0,271.40625,270.35156,270.70313,12.01172,9.90234,10.95703,11.13281,10.60547,11.30859,11.36719,11.13281,11.48438,11.83594,11.42578,11.30859,10.95703,0.129395,0.113525,0.144043,0.137939,0.119629,0.142822,0.148926,0.152588,0.131836,0.129395,0.106201
2017-12-14T00:30:00Z,273.86719,281.60156,280.54688,273.51563,280.54688,277.38281,285.11719,281.60156,275.97656,280.89844,275.27344,276.32813,11.66016,9.19922,10.83984,10.60547,11.19141,11.01563,11.66016,11.42578,10.89844,10.89844,11.19141,11.36719,11.60156,0.134277,0.141602,0.12085,0.098877,0.108643,0.126953,0.15625,0.195313,0.15625,0.151367,0.145264
2017-12-14T00:40:00Z,278.78906,283.00781,283.00781,283.00781,279.49219,283.00781,280.19531,282.30469,284.0625,281.95313,282.65625,279.84375,10.72266,8.73047,9.66797,9.72656,9.96094,9.78516,10.25391,10.13672,10.07813,10.07813,10.42969,10.54688,10.25391,0.134277,0.130615,0.125732,0.135498,0.115967,0.147705,0.134277,0.137939,0.134277,0.142822,0.146484
2017-12-14T00:50:00Z,276.32813,279.84375,277.03125,272.46094,279.84375,280.89844,280.19531,277.73438,277.73438,277.73438,279.49219,277.73438,10.89844,8.37891,10.25391,10.60547,10.3125,10.60547,10.83984,10.42969,10.60547,10.66406,10.95703,10.42969,10.19531,0.147705,0.155029,0.159912,0.146484,0.137939,0.150146,0.130615,0.166016,0.142822,0.137939,0.12085
2017-12-14T01:00:00Z,270.70313,276.32813,278.08594,275.27344,275.97656,274.92188,275.97656,276.32813,277.73438,276.67969,276.67969,277.38281,11.66016,9.375,12.30469,12.01172,12.24609,12.1875,12.12891,12.24609,12.36328,12.24609,12.12891,12.1875,11.95313,0.142822,0.181885,0.178223,0.189209,0.162354,0.159912,0.177002,0.136719,0.140381,0.145264,0.12207
2017-12-14T01:10:00Z,277.03125,279.84375,281.95313,280.19531,284.76563,283.71094,277.38281,281.60156,283.35938,284.0625,284.0625,284.76563,14.47266,11.48438,14.00391,14.12109,13.53516,13.76953,13.30078,13.59375,13.71094,14.17969,13.76953,13.35938,13.18359,0.170898,0.096436,0.147705,0.164795,0.150146,0.128174,0.142822,0.129395,0.135498,0.145264,0.113525
2017-12-14T01:20:00Z,278.08594,281.60156,289.6875,283.35938,286.875,283.00781,280.19531,284.0625,282.65625,283.00781,278.78906,278.78906,13.82813,11.42578,12.94922,13.06641,13.18359,12.94922,12.83203,12.83203,13.18359,13.35938,13.30078,13.30078,13.41797,0.134277,0.13916,0.123291,0.155029,0.150146,0.128174,0.124512,0.135498,0.136719,0.137939,0.13916
2017-12-14T01:30:00Z,279.84375,283.00781,284.0625,277.03125,281.25,275.97656,275.27344,279.14063,280.89844,277.73438,272.8125,277.38281,13.47656,10.66406,11.95313,11.42578,11.42578,11.66016,11.54297,12.30469,11.95313,11.77734,11.54297,11.71875,12.01172,0.151367,0.168457,0.148926,0.184326,0.172119,0.131836,0.151367,0.162354,0.118408,0.145264,0.115967
2017-12-14T01:40:00Z,275.27344,273.51563,278.78906,274.57031,278.4375,274.57031,273.16406,268.59375,273.86719,273.16406,267.1875,267.89063,11.01563,8.61328,9.43359,9.49219,9.72656,9.14063,9.78516,9.84375,10.13672,9.25781,9.43359,10.01953,10.60547,0.172119,0.180664,0.148926,0.19165,0.202637,0.155029,0.159912,0.186768,0.19043,0.172119,0.13916
2017-12-14T01:50:00Z,261.5625,258.39844,271.05469,264.375,265.07813,267.53906,256.99219,257.69531,257.34375,259.10156,260.15625,260.50781,9.96094,7.61719,9.31641,9.08203,8.96484,8.67188,8.32031,8.67188,8.67188,8.49609,8.84766,9.14063,8.49609,0.228271,0.236816,0.256348,0.26123,0.219727,0.186768,0.175781,0.218506,0.203857,0.185547,0.209961
2017-12-14T02:00:00Z,256.99219,252.77344,256.28906,252.77344,252.42188,246.79688,251.36719,250.66406,243.98438,252.07031,242.92969,235.19531,9.375,6.97266,8.26172,8.20313,8.14453,7.61719,7.96875,8.49609,8.78906,8.67188,8.26172,7.91016,8.73047,0.213623,0.201416,0.217285,0.22583,0.223389,0.180664,0.179443,0.223389,0.203857,0.212402,0.228271
2017-12-14T02:10:00Z,229.57031,224.64844,222.53906,225.0,221.13281,221.83594,228.16406,224.64844,227.46094,226.40625,225.0,224.29688,12.94922,7.96875,10.07813,10.01953,10.54688,10.3125,10.37109,10.54688,10.3125,10.19531,10.07813,10.13672,9.96094,0.159912,0.175781,0.175781,0.209961,0.19165,0.151367,0.159912,0.202637,0.211182,0.19165,0.189209
2017-12-14T02:20:00Z,214.80469,218.32031,218.67188,217.26563,219.375,219.02344,218.67188,221.48438,219.72656,221.13281,223.94531,221.83594,12.71484,8.73047,9.66797,9.55078,9.25781,9.43359,9.43359,9.55078,9.96094,10.01953,9.96094,9.66797,9.84375,0.157471,0.214844,0.126953,0.17334,0.148926,0.157471,0.174561,0.174561,0.194092,0.170898,0.167236
2017-12-14T02:30:00Z,214.45313,226.40625,221.83594,228.16406,228.86719,227.46094,230.27344,229.92188,230.97656,231.32813,233.78906,232.73438,10.42969,7.14844,7.03125,7.44141,7.14844,7.38281,7.03125,7.14844,7.55859,7.38281,7.67578,7.44141,7.55859,0.196533,0.244141,0.203857,0.213623,0.228271,0.179443,0.185547,0.200195,0.192871,0.158691,0.197754
2017-12-14T02:40:00Z,246.09375,265.42969,269.29688,268.59375,259.80469,264.375,263.32031,270.70313,266.48438,270.70313,266.83594,270.35156,8.26172,5.50781,6.09375,6.15234,6.38672,6.38672,6.62109,6.67969,7.03125,6.62109,6.73828,6.91406,7.20703,0.179443,0.252686,0.175781,0.20874,0.186768,0.223389,0.157471,0.163574,0.153809,0.170898,0.19165
2017-12-14T02:50:00Z,292.5,319.57031,311.83594,313.59375,315.0,313.24219,312.1875,301.99219,305.85938,303.39844,305.85938,300.9375,10.89844,6.79688,9.43359,9.31641,9.25781,9.43359,9.375,8.73047,8.4375,8.61328,8.55469,8.32031,8.37891,0.20874,0.216064,0.200195,0.175781,0.17334,0.187988,0.180664,0.168457,0.158691,0.202637,0.166016
2017-12-14T03:00:00Z,324.84375,330.11719,329.0625,324.84375,328.71094,323.78906,319.57031,327.30469,322.38281,321.67969,323.08594,325.19531,11.01563,8.90625,9.72656,9.25781,9.60938,9.375,9.14063,9.90234,9.84375,9.60938,10.01953,10.01953,10.48828,0.158691,0.17334,0.196533,0.168457,0.184326,0.125732,0.144043,0.135498,0.162354,0.146484,0.131836
2017-12-14T03:10:00Z,318.86719,318.86719,317.8125,321.32813,318.16406,315.70313,315.70313,317.10938,316.05469,314.64844,312.1875,317.10938,10.66406,8.08594,8.67188,8.73047,8.73047,9.25781,9.72656,10.07813,9.90234,10.37109,10.60547,11.25,11.25,0.217285,0.162354,0.19043,0.164795,0.155029,0.153809,0.134277,0.196533,0.151367,0.152588,0.155029
2017-12-14T03:20:00Z,311.83594,305.85938,310.42969,303.39844,306.21094,300.9375,298.47656,301.28906,299.17969,300.23438,299.88281,296.01563,10.37109,8.08594,9.78516,9.43359,9.55078,9.375,9.60938,10.07813,9.96094,10.66406,11.07422,11.30859,11.13281,0.146484,0.167236,0.209961,0.220947,0.183105,0.198975,0.200195,0.150146,0.192871,0.20752,0.166016
2017-12-14T03:30:00Z,289.33594,292.14844,286.52344,288.98438,290.39063,284.76563,289.33594,289.33594,284.76563,288.63281,289.33594,291.44531,16.23047,9.90234,13.76953,13.88672,14.64844,14.70703,15.52734,15.35156,15.87891,17.05078,16.64063,15.76172,15.87891,0.26123,0.249023,0.299072,0.205078,0.212402,0.223389,0.19165,0.172119,0.184326,0.195313,0.183105
2017-12-14T03:40:00Z,283.71094,292.14844,291.79688,288.63281,294.25781,293.55469,294.96094,288.63281,292.85156,292.14844,294.96094,295.3125,16.52344,12.89063,16.40625,16.23047,15.82031,16.28906,16.28906,15.99609,16.34766,16.46484,16.40625,16.75781,16.81641,0.157471,0.162354,0.153809,0.141602,0.148926,0.141602,0.142822,0.170898,0.134277,0.102539,0.181885
2017-12-14T03:50:00Z,289.33594,293.55469,294.25781,291.79688,292.14844,291.79688,292.5,290.39063,292.5,292.85156,293.55469,290.39063,16.11328,12.83203,15.05859,14.82422,15.70313,15.41016,16.11328,16.52344,16.11328,16.28906,16.05469,16.11328,16.23047,0.136719,0.19043,0.186768,0.19043,0.13916,0.118408,0.136719,0.118408,0.13916,0.185547,0.161133
2017-12-14T04:00:00Z,286.52344,293.20313,289.6875,292.85156,287.22656,290.03906,291.09375,291.09375,288.98438,288.63281,287.22656,291.79688,14.76563,11.71875,13.59375,13.47656,14.12109,14.12109,15.05859,15.11719,14.64844,14.82422,14.53125,14.82422,15.41016,0.153809,0.153809,0.161133,0.163574,0.130615,0.135498,0.140381,0.117188,0.126953,0.126953,0.140381
2017-12-14T04:10:00Z,287.22656,288.63281,290.03906,292.14844,290.03906,290.39063,292.14844,292.14844,292.14844,292.85156,292.5,291.09375,15.05859,12.36328,14.41406,15.11719,15.0,15.52734,15.52734,16.11328,16.23047,15.9375,16.58203,16.46484,16.52344,0.155029,0.150146,0.147705,0.136719,0.137939,0.136719,0.159912,0.159912,0.174561,0.137939,0.15625
2017-12-14T04:20:00Z,285.46875,288.98438,288.28125,286.52344,291.44531,287.57813,283.71094,288.98438,285.82031,286.17188,284.41406,286.52344,15.58594,12.1875,15.17578,15.46875,15.70313,14.88281,15.0,16.23047,16.52344,16.17188,16.23047,15.9375,16.11328,0.147705,0.159912,0.152588,0.150146,0.158691,0.133057,0.140381,0.158691,0.119629,0.144043,0.136719
2017-12-14T04:30:00Z,280.54688,278.78906,284.41406,279.84375,282.65625,280.54688,281.95313,281.60156,284.41406,284.76563,278.4375,284.76563,17.16797,12.94922,17.10938,16.34766,16.875,16.11328,17.05078,17.57813,17.28516,17.75391,17.75391,17.87109,17.69531,0.162354,0.153809,0.123291,0.131836,0.137939,0.152588,0.130615,0.12207,0.135498,0.125732,0.163574
2017-12-14T04:40:00Z,277.73438,281.95313,280.19531,278.08594,280.89844,281.60156,279.84375,275.97656,282.65625,280.19531,285.11719,284.41406,17.40234,13.76953,16.58203,17.34375,16.69922,17.57813,17.63672,17.40234,17.8125,18.63281,19.21875,18.39844,18.10547,0.130615,0.12207,0.145264,0.125732,0.118408,0.118408,0.128174,0.113525,0.144043,0.108643,0.133057
2017-12-14T04:50:00Z,281.25,286.52344,286.17188,287.22656,287.57813,288.63281,287.57813,287.92969,286.875,287.92969,290.39063,285.46875,17.87109,13.76953,16.69922,16.93359,17.05078,17.75391,17.69531,17.57813,17.57813,18.04688,18.57422,18.10547,17.8125,0.144043,0.180664,0.150146,0.164795,0.114746,0.140381,0.117188,0.12085,0.13916,0.107422,0.108643
2017-12-14T05:00:00Z,280.89844,281.25,281.25,284.0625,280.89844,284.0625,278.78906,279.14063,285.82031,284.0625,282.65625,279.49219,16.75781,13.18359,16.75781,17.63672,16.64063,17.51953,17.40234,17.57813,18.39844,18.22266,17.75391,17.87109,18.92578,0.13916,0.142822,0.112305,0.136719,0.151367,0.134277,0.133057,0.135498,0.136719,0.147705,0.10498
2017-12-14T05:10:00Z,275.97656,283.35938,279.49219,285.11719,281.25,281.60156,279.49219,280.89844,278.4375,277.38281,279.14063,280.19531,16.875,13.41797,15.76172,16.11328,16.75781,16.93359,17.98828,18.33984,18.10547,17.57813,17.57813,18.16406,18.75,0.155029,0.153809,0.140381,0.129395,0.113525,0.129395,0.155029,0.12085,0.148926,0.13916,0.131836
2017-12-14T05:20:00Z,276.32813,277.03125,279.14063,278.78906,277.73438,276.32813,274.21875,280.19531,279.49219,275.97656,274.92188,282.65625,17.28516,13.65234,16.69922,16.69922,17.05078,16.99219,17.05078,17.8125,18.04688,17.87109,18.22266,18.45703,18.22266,0.137939,0.168457,0.115967,0.126953,0.109863,0.146484,0.092773,0.118408,0.113525,0.112305,0.108643
2017-12-14T05:30:00Z,273.51563,279.14063,279.84375,280.19531,279.14063,274.92188,280.19531,278.78906,280.54688,282.65625,279.49219,278.4375,17.16797,13.47656,16.28906,16.81641,16.99219,17.28516,17.51953,18.10547,18.45703,18.22266,18.39844,18.57422,18.10547,0.153809,0.163574,0.130615,0.131836,0.161133,0.130615,0.115967,0.126953,0.126953,0.126953,0.098877
2017-12-14T05:40:00Z,272.46094,272.8125,275.27344,273.86719,275.97656,273.51563,272.8125,273.86719,273.51563,272.8125,270.35156,269.29688,16.99219,13.53516,16.75781,17.63672,16.93359,18.04688,17.87109,17.75391,17.87109,18.04688,18.22266,18.51563,19.27734,0.161133,0.114746,0.134277,0.125732,0.12207,0.131836,0.115967,0.147705,0.151367,0.123291,0.124512
2017-12-14T05:50:00Z,268.94531,272.46094,270.0,271.40625,271.40625,273.86719,277.38281,270.35156,269.29688,277.03125,273.16406,267.89063,16.875,13.35938,15.99609,16.64063,15.9375,17.16797,18.10547,17.40234,16.99219,17.98828,18.16406,17.92969,17.98828,0.157471,0.148926,0.177002,0.144043,0.111084,0.148926,0.174561,0.124512,0.150146,0.128174,0.159912
2017-12-14T06:00:00Z,266.48438,270.0,269.29688,262.96875,267.89063,266.48438,266.83594,266.83594,268.24219,271.40625,267.89063,271.40625,16.69922,12.71484,15.9375,16.28906,16.875,16.46484,16.75781,16.93359,17.40234,17.63672,17.40234,17.05078,16.99219,0.144043,0.166016,0.145264,0.152588,0.159912,0.163574,0.10498,0.151367,0.114746,0.128174,0.136719
2017-12-14T06:10:00Z,265.07813,268.59375,272.8125,271.05469,268.94531,271.40625,269.64844,268.94531,272.8125,270.70313,271.40625,274.21875,16.58203,12.48047,16.34766,16.28906,16.28906,16.75781,17.22656,18.16406,18.51563,18.69141,18.69141,17.98828,17.98828,0.184326,0.216064,0.179443,0.178223,0.19165,0.174561,0.142822,0.124512,0.092773,0.144043,0.117188
2017-12-14T06:20:00Z,264.02344,268.94531,268.24219,267.89063,269.29688,272.10938,271.75781,270.0,271.05469,275.625,274.92188,274.92188,18.16406,13.94531,16.05469,16.17188,16.58203,17.40234,16.93359,17.51953,17.57813,17.87109,16.99219,17.10938,18.04688,0.146484,0.194092,0.152588,0.145264,0.13916,0.13916,0.158691,0.144043,0.19165,0.161133,0.147705
2017-12-14T06:30:00Z,266.13281,270.0,267.1875,262.96875,269.64844,268.24219,271.05469,272.10938,270.70313,271.40625,274.21875,273.51563,15.9375,11.95313,14.29688,14.88281,14.53125,14.94141,15.41016,15.41016,15.23438,15.76172,16.40625,16.46484,16.34766,0.113525,0.092773,0.158691,0.144043,0.115967,0.151367,0.161133,0.142822,0.142822,0.13916,0.137939
2017-12-14T06:40:00Z,264.72656,263.67188,266.48438,264.02344,270.0,266.48438,269.64844,272.8125,268.59375,271.05469,271.75781,272.10938,16.58203,11.71875,15.82031,15.9375,15.70313,16.28906,16.34766,16.64063,16.40625,16.34766,16.93359,17.40234,16.99219,0.217285,0.162354,0.197754,0.152588,0.159912,0.162354,0.172119,0.136719,0.164795,0.155029,0.136719
2017-12-14T06:50:00Z,261.21094,268.24219,267.1875,267.89063,266.13281,270.0,272.46094,270.70313,277.03125,273.16406,269.64844,270.0,17.40234,12.94922,15.17578,15.64453,15.05859,16.75781,16.875,17.28516,16.875,17.57813,17.22656,17.40234,17.51953,0.141602,0.123291,0.167236,0.151367,0.177002,0.12085,0.170898,0.148926,0.10376,0.150146,0.13916
2017-12-14T07:00:00Z,270.0,272.10938,267.53906,273.51563,274.21875,277.38281,278.78906,273.16406,271.05469,273.51563,270.0,271.75781,17.10938,12.94922,15.82031,16.52344,16.11328,16.46484,16.46484,16.69922,16.58203,17.05078,17.10938,17.28516,17.40234,0.15625,0.141602,0.144043,0.157471,0.119629,0.15625,0.19165,0.109863,0.137939,0.166016,0.118408
2017-12-14T07:10:00Z,271.05469,275.97656,277.38281,280.54688,276.32813,274.21875,279.14063,277.03125,277.38281,274.57031,274.92188,277.73438,16.05469,12.65625,15.9375,16.17188,16.05469,16.28906,17.22656,17.51953,17.28516,17.05078,16.93359,17.57813,18.04688,0.128174,0.145264,0.174561,0.166016,0.153809,0.155029,0.155029,0.128174,0.146484,0.12085,0.167236
2017-12-14T07:20:00Z,271.05469,275.97656,278.08594,275.97656,278.4375,279.49219,281.60156,278.08594,281.25,278.4375,282.30469,280.19531,18.22266,12.94922,16.23047,16.23047,16.75781,16.75781,17.40234,17.10938,17.40234,17.57813,18.28125,18.10547,17.22656,0.159912,0.166016,0.163574,0.174561,0.168457,0.133057,0.152588,0.157471,0.187988,0.153809,0.118408
2017-12-14T07:30:00Z,278.78906,287.22656,284.41406,284.41406,278.78906,283.35938,287.92969,285.11719,282.65625,280.89844,283.35938,281.60156,17.75391,12.94922,15.87891,15.9375,16.64063,18.04688,18.39844,17.40234,17.92969,18.39844,18.75,19.10156,18.80859,0.203857,0.20752,0.157471,0.153809,0.136719,0.148926,0.162354,0.175781,0.17334,0.125732,0.151367
2017-12-14T07:40:00Z,278.78906,286.17188,287.92969,281.95313,284.0625,280.54688,282.65625,282.65625,280.19531,284.76563,283.35938,285.46875,17.8125,12.89063,15.52734,15.9375,16.17188,16.28906,16.11328,17.40234,17.34375,17.63672,17.40234,17.75391,17.28516,0.13916,0.152588,0.113525,0.163574,0.189209,0.151367,0.129395,0.136719,0.115967,0.119629,0.150146
2017-12-14T07:50:00Z,274.92188,272.8125,275.625,273.51563,278.78906,275.27344,271.75781,277.03125,272.46094,276.67969,274.57031,274.57031,17.57813,11.89453,15.64453,16.17188,15.58594,16.52344,16.17188,16.46484,16.28906,16.34766,16.75781,16.93359,16.81641,0.180664,0.162354,0.141602,0.142822,0.197754,0.186768,0.185547,0.128174,0.155029,0.157471,0.164795
2017-12-14T08:00:00Z,275.27344,277.38281,276.32813,276.32813,272.8125,277.38281,273.16406,276.32813,277.73438,279.84375,278.4375,275.27344,17.75391,12.83203,16.23047,16.58203,16.05469,17.46094,17.28516,17.05078,17.34375,18.16406,17.92969,17.51953,17.22656,0.164795,0.128174,0.134277,0.150146,0.141602,0.141602,0.12085,0.112305,0.135498,0.153809,0.125732
2017-12-14T08:10:00Z,263.32031,268.59375,272.10938,267.89063,269.64844,269.29688,271.75781,271.75781,274.57031,272.8125,272.8125,273.16406,16.46484,12.24609,14.23828,14.82422,14.82422,15.23438,15.64453,16.46484,16.46484,16.23047,16.75781,16.875,17.69531,0.161133,0.163574,0.162354,0.155029,0.17334,0.169678,0.130615,0.123291,0.137939,0.150146,0.117188
2017-12-14T08:20:00Z,274.92188,279.49219,283.35938,282.65625,281.25,279.14063,283.35938,283.71094,286.52344,284.0625,282.30469,281.60156,17.98828,12.83203,15.82031,15.87891,15.99609,15.87891,16.28906,16.58203,16.93359,17.05078,16.93359,17.05078,17.51953,0.195313,0.157471,0.148926,0.148926,0.172119,0.136719,0.124512,0.129395,0.114746,0.123291,0.107422
2017-12-14T08:30:00Z,271.40625,275.97656,270.0,277.03125,271.05469,271.05469,275.625,272.8125,274.57031,277.38281,274.57031,273.51563,15.87891,12.30469,14.35547,15.46875,14.82422,15.99609,15.76172,15.64453,15.76172,15.64453,16.23047,16.11328,16.40625,0.148926,0.13916,0.151367,0.135498,0.128174,0.13916,0.134277,0.131836,0.144043,0.135498,0.172119
2017-12-14T08:40:00Z,272.10938,275.27344,273.51563,280.19531,281.25,277.38281,275.625,272.46094,272.46094,274.21875,281.25,279.14063,15.23438,11.83594,14.53125,14.94141,14.47266,15.0,15.05859,15.58594,15.9375,15.58594,16.11328,16.34766,16.17188,0.170898,0.17334,0.159912,0.15625,0.141602,0.124512,0.124512,0.145264,0.146484,0.12085,0.145264
2017-12-14T08:50:00Z,272.10938,270.70313,276.32813,273.16406,273.16406,273.16406,276.67969,277.38281,272.8125,275.97656,277.03125,280.19531,16.34766,12.1875,15.46875,15.58594,15.0,16.17188,16.11328,16.81641,16.52344,16.23047,16.58203,16.93359,16.40625,0.179443,0.167236,0.172119,0.134277,0.117188,0.128174,0.142822,0.166016,0.111084,0.109863,0.134277
2017-12-14T09:00:00Z,273.51563,274.92188,279.49219,273.86719,274.57031,274.57031,277.38281,277.38281,281.25,280.19531,274.57031,275.27344,17.75391,12.53906,15.82031,15.64453,15.99609,15.99609,16.46484,17.05078,17.46094,17.22656,16.46484,16.81641,17.16797,0.158691,0.140381,0.161133,0.126953,0.145264,0.145264,0.141602,0.108643,0.124512,0.131836,0.113525
2017-12-14T09:10:00Z,273.16406,272.8125,273.86719,272.10938,277.38281,277.38281,279.14063,277.03125,273.51563,280.19531,276.32813,275.625,17.16797,12.59766,15.41016,15.35156,16.11328,15.46875,15.64453,15.70313,15.99609,16.58203,16.23047,16.28906,16.46484,0.101318,0.135498,0.155029,0.151367,0.134277,0.148926,0.141602,0.12207,0.109863,0.144043,0.172119
2017-12-14T09:20:00Z,267.53906,272.8125,272.46094,272.10938,272.46094,273.51563,274.21875,274.57031,270.70313,272.8125,279.84375,274.57031,16.11328,12.12891,14.64844,15.52734,14.58984,16.05469,15.64453,15.76172,15.76172,16.05469,16.17188,16.40625,15.99609,0.145264,0.129395,0.200195,0.147705,0.151367,0.123291,0.168457,0.125732,0.117188,0.141602,0.119629
2017-12-14T09:30:00Z,271.40625,272.10938,271.75781,279.84375,270.35156,278.4375,273.51563,268.59375,275.625,272.46094,269.64844,274.92188,15.82031,12.36328,15.0,15.05859,15.35156,16.05469,16.58203,15.64453,15.99609,16.81641,16.875,16.58203,16.69922,0.125732,0.158691,0.129395,0.112305,0.167236,0.144043,0.108643,0.136719,0.147705,0.135498,0.151367
2017-12-14T09:40:00Z,269.64844,272.46094,269.64844,267.1875,277.38281,270.35156,273.86719,273.16406,272.46094,266.83594,275.27344,272.10938,15.05859,11.95313,14.23828,15.29297,14.58984,15.70313,15.23438,15.0,15.11719,15.76172,15.52734,14.82422,14.41406,0.201416,0.166016,0.148926,0.200195,0.167236,0.161133,0.175781,0.220947,0.223389,0.142822,0.151367
2017-12-14T09:50:00Z,270.35156,275.625,274.21875,271.75781,272.8125,273.86719,277.73438,277.38281,273.16406,272.46094,272.46094,273.86719,19.16016,13.76953,18.04688,18.04688,18.33984,18.28125,18.75,19.57031,19.21875,18.69141,18.86719,18.92578,18.33984,0.12085,0.134277,0.152588,0.147705,0.134277,0.164795,0.113525,0.175781,0.12085,0.137939,0.170898
2017-12-14T10:00:00Z,270.35156,275.97656,267.53906,270.35156,264.375,271.05469,278.4375,268.94531,268.24219,272.46094,271.40625,271.40625,16.99219,12.30469,12.65625,13.00781,13.35938,13.76953,13.71094,14.17969,13.76953,15.0,15.23438,15.41016,14.88281,0.164795,0.187988,0.219727,0.175781,0.155029,0.168457,0.166016,0.158691,0.170898,0.135498,0.135498
2017-12-14T10:10:00Z,257.69531,261.91406,260.15625,258.04688,256.64063,258.39844,261.91406,258.75,256.99219,268.94531,262.96875,262.61719,16.11328,11.36719,13.82813,13.76953,13.88672,13.94531,14.23828,14.41406,14.29688,15.17578,15.23438,15.35156,15.35156,0.134277,0.164795,0.161133,0.15625,0.145264,0.150146,0.113525,0.12085,0.158691,0.129395,0.141602
2017-12-14T10:20:00Z,264.375,270.35156,270.35156,273.51563,279.14063,274.92188,271.40625,272.46094,274.92188,279.14063,276.67969,273.51563,13.30078,10.01953,12.24609,12.42188,12.42188,12.36328,13.24219,13.82813,14.00391,14.17969,13.88672,14.17969,14.94141,0.201416,0.153809,0.197754,0.186768,0.203857,0.148926,0.170898,0.20874,0.177002,0.15625,0.177002
2017-12-14T10:30:00Z,266.13281,267.53906,270.70313,267.89063,269.64844,267.89063,264.72656,266.83594,266.83594,270.0,269.29688,269.64844,17.05078,11.95313,15.17578,15.46875,15.17578,15.29297,15.82031,16.64063,16.69922,16.46484,16.875,16.875,16.93359,0.17334,0.152588,0.147705,0.135498,0.13916,0.142822,0.140381,0.161133,0.147705,0.112305,0.142822
2017-12-14T10:40:00Z,267.53906,271.40625,274.57031,276.32813,277.38281,274.92188,272.10938,280.89844,275.97656,273.16406,273.86719,273.51563,16.875,13.06641,14.88281,15.58594,15.0,15.9375,15.87891,16.52344,16.17188,16.46484,17.16797,17.69531,17.40234,0.150146,0.12207,0.135498,0.118408,0.135498,0.145264,0.124512,0.12207,0.134277,0.095215,0.107422
2017-12-14T10:50:00Z,277.03125,276.67969,277.38281,279.84375,277.03125,273.16406,274.92188,272.8125,274.57031,274.21875,274.57031,275.625,15.41016,11.95313,13.76953,14.35547,13.65234,14.53125,14.58984,14.70703,15.29297,15.70313,15.9375,15.64453,15.70313,0.146484,0.118408,0.197754,0.117188,0.153809,0.112305,0.130615,0.145264,0.126953,0.108643,0.098877
2017-12-14T11:00:00Z,266.83594,266.48438,265.42969,270.70313,267.89063,269.29688,265.42969,267.89063,266.48438,272.10938,268.24219,266.83594,18.04688,13.125,16.52344,16.75781,16.64063,16.875,17.10938,16.875,16.75781,17.22656,16.69922,17.28516,16.875,0.153809,0.172119,0.134277,0.164795,0.109863,0.141602,0.133057,0.135498,0.13916,0.114746,0.117188
2017-12-14T11:10:00Z,266.83594,272.8125,272.10938,274.21875,276.67969,271.05469,267.89063,270.0,269.29688,272.8125,271.75781,267.1875,16.99219,10.72266,11.77734,12.1875,12.30469,13.00781,12.71484,13.18359,13.71094,14.47266,14.35547,14.58984,15.05859,0.159912,0.142822,0.151367,0.126953,0.12085,0.150146,0.13916,0.129395,0.12207,0.108643,0.118408
2017-12-14T11:20:00Z,265.78125,266.83594,268.94531,268.59375,270.0,267.53906,269.64844,268.24219,267.89063,263.32031,271.40625,267.1875,15.17578,11.42578,13.71094,14.29688,14.47266,14.82422,15.11719,15.05859,15.41016,15.58594,15.41016,15.17578,15.29297,0.119629,0.141602,0.119629,0.109863,0.155029,0.157471,0.126953,0.113525,0.123291,0.107422,0.102539
2017-12-14T11:30:00Z,262.61719,265.07813,261.5625,269.29688,267.89063,268.59375,268.94531,264.72656,264.375,268.59375,262.61719,264.72656,15.58594,12.30469,14.76563,15.35156,15.35156,15.41016,15.23438,15.41016,15.70313,16.52344,15.58594,15.52734,15.76172,0.15625,0.126953,0.112305,0.125732,0.134277,0.095215,0.115967,0.098877,0.12085,0.109863,0.12085
2017-12-14T11:40:00Z,260.85938,261.5625,264.02344,263.32031,263.67188,269.29688,266.13281,263.67188,261.91406,264.375,265.42969,264.375,14.88281,11.95313,15.0,14.88281,14.76563,14.88281,14.94141,14.94141,15.05859,15.52734,15.46875,15.82031,15.52734,0.114746,0.123291,0.125732,0.115967,0.129395,0.129395,0.12085,0.098877,0.101318,0.10498,0.141602
2017-12-14T11:50:00Z,265.07813,264.375,264.375,261.91406,263.32031,267.89063,267.53906,265.42969,262.96875,262.96875,266.48438,267.89063,15.11719,11.66016,13.53516,13.94531,13.82813,14.82422,15.11719,15.05859,14.17969,14.47266,15.64453,15.52734,14.94141,0.148926,0.131836,0.142822,0.112305,0.119629,0.119629,0.119629,0.158691,0.111084,0.102539,0.115967
2017-12-14T12:00:00Z,257.69531,258.04688,256.64063,256.99219,260.50781,262.61719,258.04688,258.75,264.375,258.75,259.80469,257.69531,15.52734,11.83594,14.23828,14.70703,14.70703,15.17578,15.11719,15.11719,15.64453,15.29297,15.35156,15.64453,16.11328,0.167236,0.147705,0.186768,0.137939,0.129395,0.131836,0.141602,0.136719,0.123291,0.123291,0.090332
2017-12-14T12:10:00Z,255.58594,260.85938,263.32031,261.5625,267.53906,264.72656,260.15625,262.26563,262.61719,263.32031,261.5625,262.96875,14.70703,11.60156,13.53516,14.00391,13.53516,13.94531,13.88672,14.23828,14.82422,14.76563,14.88281,14.76563,15.05859,0.140381,0.157471,0.130615,0.128174,0.129395,0.10376,0.100098,0.142822,0.12207,0.107422,0.112305
2017-12-14T12:20:00Z,256.28906,258.04688,261.21094,258.04688,257.69531,259.45313,263.32031,262.61719,258.75,259.10156,260.15625,261.91406,14.53125,11.66016,13.82813,14.0625,14.29688,15.0,15.0,15.0,14.12109,14.23828,14.88281,15.52734,15.23438,0.146484,0.131836,0.135498,0.163574,0.157471,0.128174,0.146484,0.157471,0.131836,0.140381,0.131836
2017-12-14T12:30:00Z,253.125,254.53125,253.82813,256.28906,256.99219,254.17969,261.91406,257.34375,254.88281,256.28906,261.5625,260.15625,14.88281,11.48438,13.06641,13.82813,12.83203,14.29688,14.35547,14.47266,14.00391,13.94531,14.58984,14.82422,14.29688,0.136719,0.095215,0.126953,0.102539,0.148926,0.136719,0.133057,0.130615,0.115967,0.148926,0.136719
2017-12-14T12:40:00Z,253.82813,262.96875,262.61719,261.5625,259.10156,261.91406,260.85938,259.10156,257.69531,256.99219,263.67188,259.45313,13.47656,11.13281,12.83203,13.30078,13.47656,13.53516,13.59375,13.53516,13.47656,13.82813,14.17969,13.65234,13.125,0.144043,0.123291,0.158691,0.150146,0.159912,0.155029,0.131836,0.124512,0.119629,0.136719,0.111084
2017-12-14T12:50:00Z,255.58594,258.75,257.69531,256.64063,263.67188,261.21094,258.39844,254.88281,257.69531,260.85938,260.50781,258.04688,13.00781,10.66406,13.00781,13.18359,12.83203,13.06641,12.77344,12.71484,13.53516,13.94531,13.53516,13.125,12.77344,0.113525,0.107422,0.147705,0.131836,0.148926,0.100098,0.113525,0.129395,0.12207,0.112305,0.10376
2017-12-14T13:00:00Z,257.69531,261.5625,264.72656,262.61719,262.61719,263.67188,263.32031,258.39844,261.91406,262.61719,258.04688,261.91406,13.18359,10.37109,12.07031,12.42188,12.1875,12.65625,12.36328,12.83203,13.18359,13.65234,13.30078,13.00781,13.53516,0.148926,0.153809,0.12085,0.157471,0.148926,0.12085,0.141602,0.119629,0.12085,0.131836,0.123291
2017-12-14T13:10:00Z,257.69531,256.64063,257.34375,255.23438,259.45313,261.5625,262.26563,259.45313,259.80469,260.50781,258.75,256.28906,12.59766,10.07813,12.01172,12.36328,12.07031,12.83203,12.53906,12.53906,12.53906,12.71484,12.77344,12.94922,13.24219,0.106201,0.133057,0.112305,0.126953,0.163574,0.136719,0.134277,0.150146,0.123291,0.130615,0.123291
2017-12-14T13:20:00Z,255.23438,256.28906,256.64063,261.21094,258.75,257.34375,256.99219,256.64063,256.28906,254.17969,258.75,256.64063,12.77344,10.37109,11.66016,12.30469,12.65625,12.77344,13.35938,13.24219,13.06641,12.71484,12.94922,12.94922,13.35938,0.129395,0.151367,0.109863,0.130615,0.112305,0.10376,0.131836,0.170898,0.119629,0.118408,0.136719
2017-12-14T13:30:00Z,252.42188,252.07031,255.58594,254.88281,250.66406,255.58594,258.04688,252.07031,256.64063,255.58594,257.69531,257.34375,12.71484,10.13672,11.77734,11.95313,11.77734,12.30469,12.01172,11.89453,12.1875,12.77344,12.24609,12.24609,12.24609,0.113525,0.135498,0.131836,0.113525,0.107422,0.135498,0.136719,0.095215,0.101318,0.12085,0.12207
2017-12-14T13:40:00Z,250.66406,249.25781,257.34375,253.82813,251.71875,251.71875,253.47656,256.28906,256.64063,254.53125,259.10156,257.69531,12.36328,9.78516,11.30859,11.19141,11.25,11.13281,11.60156,11.66016,11.89453,11.60156,11.71875,11.83594,11.42578,0.164795,0.185547,0.162354,0.166016,0.144043,0.141602,0.13916,0.119629,0.131836,0.131836,0.142822
2017-12-14T13:50:00Z,249.25781,249.60938,255.23438,254.53125,251.01563,253.125,252.77344,252.77344,254.53125,253.47656,252.77344,251.71875,11.83594,9.55078,11.48438,10.95703,11.66016,11.48438,11.71875,12.36328,12.24609,11.89453,11.60156,12.1875,12.42188,0.12085,0.145264,0.117188,0.12207,0.140381,0.129395,0.12085,0.125732,0.136719,0.115967,0.144043
2017-12-14T14:00:00Z,250.66406,252.42188,254.53125,259.10156,253.47656,254.53125,250.3125,249.96094,253.47656,253.82813,254.17969,251.36719,12.1875,9.78516,11.60156,11.66016,11.48438,11.60156,11.77734,12.07031,12.36328,12.48047,11.71875,12.01172,12.30469,0.145264,0.123291,0.119629,0.136719,0.115967,0.128174,0.12085,0.12207,0.112305,0.118408,0.145264
2017-12-14T14:10:00Z,249.60938,252.42188,251.01563,252.77344,251.36719,246.44531,254.17969,249.60938,250.3125,247.5,255.23438,254.88281,12.30469,9.90234,10.78125,11.48438,11.71875,11.30859,11.83594,11.48438,11.66016,11.83594,11.60156,11.66016,11.71875,0.172119,0.13916,0.124512,0.128174,0.119629,0.125732,0.12207,0.180664,0.153809,0.12207,0.170898
2017-12-14T14:20:00Z,249.96094,255.58594,254.88281,257.34375,253.82813,251.71875,254.17969,254.53125,251.01563,251.71875,252.42188,255.58594,11.60156,9.43359,10.54688,10.83984,10.78125,10.78125,11.07422,11.25,11.01563,10.72266,10.72266,10.95703,11.19141,0.142822,0.163574,0.142822,0.10498,0.133057,0.111084,0.13916,0.12207,0.152588,0.107422,0.123291
2017-12-14T14:30:00Z,250.66406,252.42188,256.99219,256.99219,249.60938,252.07031,252.77344,253.125,249.25781,253.47656,254.88281,247.85156,11.19141,8.73047,9.90234,9.43359,10.25391,9.78516,10.3125,10.66406,10.37109,10.3125,10.25391,10.3125,10.19531,0.112305,0.146484,0.159912,0.145264,0.166016,0.146484,0.133057,0.144043,0.141602,0.114746,0.147705
2017-12-14T14:40:00Z,249.25781,256.64063,253.47656,252.77344,255.58594,248.20313,251.01563,252.42188,252.07031,255.23438,249.60938,252.42188,10.78125,8.37891,9.72656,9.43359,10.07813,9.49219,9.72656,10.60547,10.07813,9.96094,10.13672,10.54688,10.25391,0.168457,0.135498,0.153809,0.137939,0.136719,0.109863,0.166016,0.134277,0.124512,0.10376,0.095215
2017-12-14T14:50:00Z,250.3125,255.23438,253.125,257.34375,255.23438,251.36719,256.64063,255.9375,254.17969,256.64063,253.47656,253.82813,11.07422,8.73047,10.25391,10.60547,10.48828,10.48828,10.72266,11.25,10.60547,10.95703,10.89844,11.25,11.01563,0.146484,0.123291,0.170898,0.158691,0.185547,0.113525,0.174561,0.147705,0.117188,0.119629,0.147705
2017-12-14T15:00:00Z,248.90625,246.79688,249.96094,249.96094,251.36719,251.36719,245.39063,248.90625,250.66406,252.42188,247.85156,249.60938,11.54297,8.84766,10.66406,10.95703,10.25391,10.60547,10.42969,11.01563,11.07422,11.01563,10.72266,11.25,10.83984,0.162354,0.147705,0.172119,0.147705,0.19043,0.140381,0.124512,0.169678,0.125732,0.101318,0.172119
2017-12-14T15:10:00Z,243.98438,248.20313,247.5,249.25781,248.20313,253.125,249.60938,248.20313,251.71875,249.96094,252.07031,247.85156,11.54297,9.02344,10.60547,10.42969,10.3125,10.37109,10.78125,10.42969,10.95703,10.83984,10.72266,10.72266,10.42969,0.15625,0.159912,0.167236,0.13916,0.166016,0.137939,0.162354,0.178223,0.119629,0.128174,0.162354
2017-12-14T15:20:00Z,245.39063,250.66406,255.23438,254.53125,248.55469,248.55469,251.01563,253.125,251.36719,252.07031,251.71875,253.47656,10.89844,8.55469,9.84375,9.49219,10.01953,9.96094,10.25391,10.95703,10.3125,10.60547,10.54688,10.78125,10.60547,0.118408,0.150146,0.119629,0.147705,0.128174,0.118408,0.148926,0.107422,0.147705,0.133057,0.137939
2017-12-14T15:30:00Z,249.96094,253.47656,253.47656,252.07031,255.9375,254.17969,252.77344,252.42188,253.47656,249.25781,255.23438,253.82813,10.37109,8.02734,9.49219,9.72656,9.66797,9.66797,9.55078,9.66797,9.84375,9.375,10.25391,10.07813,9.84375,0.12207,0.118408,0.141602,0.115967,0.118408,0.146484,0.123291,0.169678,0.179443,0.114746,0.134277
2017-12-14T15:40:00Z,249.96094,252.77344,249.96094,247.5,250.66406,247.85156,251.01563,251.36719,249.60938,249.60938,246.79688,244.6875,11.66016,8.32031,10.25391,10.19531,10.42969,10.25391,10.72266,10.60547,10.60547,10.48828,10.60547,10.54688,10.89844,0.169678,0.187988,0.183105,0.164795,0.141602,0.128174,0.159912,0.161133,0.145264,0.112305,0.12207
2017-12-14T15:50:00Z,245.03906,246.44531,245.74219,250.66406,247.85156,248.55469,249.60938,253.125,253.47656,246.09375,247.85156,250.3125,11.19141,8.4375,9.14063,9.49219,9.31641,10.07813,10.25391,10.72266,10.37109,9.96094,10.13672,10.72266,10.72266,0.200195,0.181885,0.167236,0.164795,0.177002,0.13916,0.136719,0.153809,0.153809,0.189209,0.134277
2017-12-14T16:00:00Z,243.98438,250.66406,247.14844,245.03906,247.85156,251.71875,247.5,249.96094,249.96094,248.90625,248.20313,247.85156,11.36719,9.14063,11.13281,11.19141,11.89453,11.42578,11.89453,11.66016,11.95313,11.71875,11.83594,11.30859,11.60156,0.096436,0.166016,0.125732,0.147705,0.136719,0.153809,0.142822,0.162354,0.155029,0.131836,0.128174
2017-12-14T16:10:00Z,246.09375,254.53125,249.25781,251.36719,251.36719,252.07031,252.77344,252.77344,253.125,249.25781,251.71875,249.60938,12.12891,9.14063,10.3125,10.25391,10.66406,10.3125,10.66406,10.89844,10.60547,10.89844,10.66406,10.95703,10.48828,0.131836,0.147705,0.129395,0.170898,0.117188,0.167236,0.175781,0.129395,0.142822,0.135498,0.134277
2017-12-14T16:20:00Z,248.20313,248.20313,249.25781,251.01563,252.77344,252.77344,246.79688,254.17969,248.90625,248.90625,251.01563,253.125,10.66406,8.32031,9.84375,10.25391,9.60938,10.42969,10.13672,10.07813,9.84375,10.01953,10.13672,10.48828,9.96094,0.128174,0.15625,0.153809,0.12085,0.128174,0.13916,0.137939,0.147705,0.151367,0.130615,0.164795
2017-12-14T16:30:00Z,245.74219,247.85156,251.36719,250.66406,248.90625,249.96094,252.42188,249.25781,248.90625,249.60938,247.5,244.6875,10.66406,8.37891,9.49219,9.375,9.49219,9.60938,10.13672,10.25391,9.72656,9.72656,10.07813,10.01953,10.13672,0.180664,0.152588,0.162354,0.194092,0.158691,0.144043,0.150146,0.196533,0.126953,0.158691,0.162354
2017-12-14T16:40:00Z,250.66406,253.82813,249.96094,254.88281,256.99219,251.36719,252.77344,251.71875,256.28906,254.53125,253.82813,252.07031,9.84375,7.73438,8.61328,9.31641,8.96484,9.25781,9.25781,9.375,9.43359,9.375,9.49219,9.19922,9.43359,0.157471,0.133057,0.145264,0.172119,0.166016,0.151367,0.140381,0.119629,0.147705,0.131836,0.144043
2017-12-14T16:50:00Z,246.09375,248.55469,245.74219,248.90625,248.90625,248.20313,249.60938,247.5,248.90625,247.14844,249.60938,250.3125,10.19531,7.79297,9.14063,9.55078,9.60938,9.60938,9.84375,9.31641,9.96094,9.72656,9.78516,9.84375,10.07813,0.136719,0.117188,0.164795,0.140381,0.108643,0.141602,0.126953,0.126953,0.109863,0.133057,0.133057
2017-12-14T17:00:00Z,244.33594,249.60938,249.96094,248.90625,252.07031,249.25781,247.5,249.25781,251.01563,251.71875,251.01563,251.36719,9.66797,8.08594,9.08203,9.375,9.02344,9.43359,9.375,9.66797,9.96094,9.90234,9.84375,9.90234,9.78516,0.144043,0.135498,0.124512,0.130615,0.155029,0.166016,0.13916,0.152588,0.170898,0.137939,0.12207
2017-12-14T17:10:00Z,246.44531,249.60938,246.09375,247.14844,246.79688,246.44531,249.96094,245.74219,246.79688,243.63281,246.09375,245.74219,9.78516,7.79297,8.67188,9.31641,9.02344,9.55078,9.96094,9.60938,9.66797,9.55078,9.66797,9.96094,10.13672,0.186768,0.141602,0.148926,0.136719,0.085449,0.133057,0.164795,0.114746,0.13916,0.126953,0.10376
2017-12-14T17:20:00Z,240.11719,242.92969,240.82031,244.6875,243.63281,247.14844,242.92969,243.28125,244.6875,241.52344,244.33594,245.03906,9.84375,8.02734,9.19922,9.31641,9.19922,9.72656,9.375,9.14063,9.375,9.72656,9.90234,9.78516,9.78516,0.133057,0.155029,0.150146,0.128174,0.136719,0.152588,0.146484,0.114746,0.128174,0.133057,0.115967
2017-12-14T17:30:00Z,239.76563,243.28125,242.22656,239.76563,243.28125,241.52344,240.46875,240.46875,243.63281,242.22656,241.875,242.22656,9.375,7.61719,8.84766,9.08203,9.14063,8.73047,9.19922,9.25781,9.60938,9.08203,9.375,9.375,9.60938,0.146484,0.133057,0.108643,0.118408,0.112305,0.135498,0.123291,0.114746,0.115967,0.097656,0.134277
2017-12-14T17:40:00Z,232.73438,237.65625,237.65625,235.89844,241.875,236.60156,238.71094,236.95313,237.30469,236.25,238.00781,239.41406,9.49219,7.38281,8.55469,8.55469,8.26172,8.84766,8.49609,8.84766,8.78906,8.84766,9.02344,9.25781,9.02344,0.135498,0.091553,0.178223,0.126953,0.133057,0.098877,0.112305,0.112305,0.125732,0.129395,0.125732
2017-12-14T17:50:00Z,234.14063,238.00781,243.63281,239.41406,240.82031,239.41406,242.57813,241.52344,239.76563,242.57813,238.71094,243.28125,10.07813,7.44141,8.90625,8.78906,8.90625,9.02344,9.25781,9.19922,9.25781,9.55078,9.08203,9.19922,9.19922,0.130615,0.161133,0.10376,0.136719,0.123291,0.10376,0.10376,0.107422,0.123291,0.12207,0.081787
2017-12-14T18:00:00Z,237.65625,239.76563,238.71094,239.0625,241.875,239.41406,242.22656,241.52344,241.17188,241.17188,243.63281,239.0625,9.90234,8.02734,9.08203,9.49219,9.55078,9.84375,9.60938,9.60938,9.49219,9.72656,9.72656,9.375,9.55078,0.175781,0.12085,0.10498,0.08667,0.128174,0.12085,0.107422,0.123291,0.12085,0.100098,0.125732
2017-12-14T18:10:00Z,238.71094,243.28125,245.03906,245.74219,244.33594,242.57813,241.52344,244.33594,244.6875,245.03906,244.6875,241.875,10.01953,8.02734,9.08203,9.02344,9.375,9.08203,9.43359,9.72656,9.78516,9.43359,9.375,9.60938,9.43359,0.124512,0.130615,0.114746,0.109863,0.114746,0.097656,0.08667,0.092773,0.130615,0.101318,0.123291
2017-12-14T18:20:00Z,241.875,246.79688,244.6875,245.03906,242.92969,242.57813,243.63281,245.39063,241.17188,240.82031,242.57813,245.03906,9.66797,7.55859,8.73047,8.78906,8.90625,8.90625,9.375,9.375,9.19922,8.96484,9.31641,9.43359,9.25781,0.135498,0.12207,0.114746,0.118408,0.109863,0.108643,0.114746,0.118408,0.12207,0.089111,0.107422
2017-12-14T18:30:00Z,234.14063,238.71094,239.0625,240.11719,238.71094,241.17188,239.0625,241.875,239.76563,240.46875,239.76563,239.76563,9.96094,7.79297,9.14063,9.14063,9.02344,9.43359,9.25781,9.375,9.49219,9.49219,9.60938,9.60938,9.31641,0.140381,0.109863,0.198975,0.126953,0.10498,0.119629,0.107422,0.117188,0.118408,0.113525,0.115967
2017-12-14T18:40:00Z,242.22656,254.88281,251.36719,253.82813,253.82813,251.71875,253.47656,251.01563,247.14844,248.20313,248.90625,244.33594,9.14063,7.44141,9.02344,9.19922,9.14063,9.25781,9.31641,9.25781,9.25781,8.96484,9.43359,9.02344,9.49219,0.107422,0.126953,0.091553,0.098877,0.114746,0.142822,0.109863,0.168457,0.141602,0.137939,0.125732
2017-12-14T18:50:00Z,259.80469,257.34375,257.34375,254.88281,253.47656,251.01563,254.53125,249.96094,250.3125,247.5,249.60938,249.25781,10.19531,6.97266,7.44141,7.5,7.44141,7.67578,8.20313,8.08594,8.02734,8.4375,8.49609,8.37891,8.49609,0.196533,0.177002,0.203857,0.168457,0.148926,0.153809,0.180664,0.198975,0.19165,0.136719,0.164795
2017-12-14T19:00:00Z,241.17188,242.57813,241.17188,241.875,245.39063,241.52344,242.22656,243.98438,240.82031,238.71094,239.0625,241.875,12.1875,8.55469,11.36719,11.48438,11.71875,11.54297,11.54297,11.71875,10.89844,10.66406,10.42969,10.66406,10.42969,0.134277,0.087891,0.13916,0.128174,0.115967,0.129395,0.134277,0.124512,0.12207,0.161133,0.155029
2017-12-14T19:10:00Z,234.14063,238.00781,238.35938,239.0625,238.00781,241.875,241.875,241.17188,241.17188,243.63281,242.92969,243.28125,13.125,9.25781,8.84766,8.84766,8.67188,9.19922,9.19922,8.96484,8.78906,9.08203,9.19922,9.375,9.25781,0.274658,0.311279,0.267334,0.256348,0.256348,0.228271,0.224609,0.267334,0.264893,0.246582,0.203857
2017-12-14T19:20:00Z,233.4375,239.41406,239.76563,239.76563,238.71094,244.6875,244.6875,242.92969,243.98438,244.6875,244.6875,242.57813,8.37891,5.27344,5.44922,5.625,5.74219,6.21094,6.67969,6.85547,7.08984,7.38281,7.67578,7.67578,7.91016,0.169678,0.102539,0.12085,0.115967,0.118408,0.115967,0.126953,0.147705,0.097656,0.112305,0.115967
2017-12-14T19:30:00Z,231.67969,234.49219,236.60156,235.54688,236.95313,235.89844,242.57813,240.46875,239.0625,237.30469,241.52344,243.28125,5.91797,4.45313,4.92188,4.98047,5.21484,5.33203,5.91797,6.15234,6.38672,6.67969,6.85547,6.97266,6.91406,0.167236,0.131836,0.164795,0.178223,0.123291,0.136719,0.083008,0.109863,0.117188,0.117188,0.096436
2017-12-14T19:40:00Z,226.75781,226.05469,229.21875,231.32813,229.57031,232.03125,229.92188,231.67969,236.60156,236.95313,238.35938,238.35938,5.85938,4.45313,5.09766,5.03906,5.09766,5.44922,5.56641,5.91797,6.44531,6.79688,6.97266,7.38281,7.5,0.129395,0.164795,0.118408,0.134277,0.112305,0.118408,0.123291,0.125732,0.096436,0.102539,0.119629
2017-12-14T19:50:00Z,222.89063,228.16406,227.8125,228.86719,232.38281,231.67969,233.4375,234.14063,235.54688,240.46875,242.22656,240.82031,5.80078,4.33594,4.51172,4.98047,4.62891,4.6875,4.6875,4.92188,5.21484,5.74219,6.15234,6.38672,6.67969,0.15625,0.141602,0.136719,0.142822,0.117188,0.141602,0.150146,0.101318,0.134277,0.125732,0.136719
2017-12-14T20:00:00Z,232.38281,247.85156,250.3125,249.25781,248.55469,251.71875,249.25781,247.85156,250.3125,249.60938,247.85156,246.44531,10.01953,5.03906,7.96875,8.14453,7.73438,8.4375,8.32031,8.26172,8.61328,8.78906,8.78906,8.84766,8.84766,0.358887,0.393066,0.369873,0.367432,0.340576,0.289307,0.290527,0.285645,0.245361,0.201416,0.19165
2017-12-14T20:10:00Z,247.5,243.98438,240.11719,241.52344,240.11719,242.22656,238.71094,237.65625,238.71094,237.65625,236.60156,236.25,10.95703,7.20703,6.50391,6.62109,6.50391,7.08984,7.32422,7.5,7.79297,8.14453,8.20313,8.32031,9.08203,0.316162,0.27832,0.245361,0.26001,0.252686,0.200195,0.184326,0.161133,0.19043,0.134277,0.133057
2017-12-14T20:20:00Z,240.11719,252.42188,250.3125,250.66406,248.20313,246.79688,247.14844,243.98438,242.92969,242.57813,238.71094,239.76563,8.4375,5.27344,6.50391,6.67969,6.73828,6.91406,7.26563,7.61719,7.73438,8.20313,8.61328,9.19922,9.90234,0.245361,0.231934,0.251465,0.233154,0.222168,0.228271,0.180664,0.169678,0.181885,0.146484,0.118408
2017-12-14T20:30:00Z,263.67188,253.125,254.53125,256.28906,254.17969,251.36719,250.66406,249.60938,249.60938,250.3125,246.79688,245.03906,9.14063,4.92188,7.32422,7.20703,7.26563,7.26563,7.73438,8.20313,8.37891,8.55469,8.73047,8.78906,9.02344,0.264893,0.233154,0.294189,0.218506,0.229492,0.218506,0.213623,0.126953,0.144043,0.155029,0.13916
2017-12-14T20:40:00Z,246.09375,246.44531,248.55469,246.79688,247.85156,250.66406,249.60938,248.20313,249.25781,247.85156,248.55469,249.25781,9.55078,7.20703,8.4375,8.78906,8.37891,8.96484,8.73047,8.49609,8.67188,8.96484,8.96484,8.84766,8.73047,0.134277,0.167236,0.133057,0.169678,0.177002,0.13916,0.142822,0.134277,0.136719,0.179443,0.117188
2017-12-14T20:50:00Z,243.98438,245.74219,244.33594,249.25781,249.25781,248.20313,246.09375,246.79688,246.79688,249.25781,247.14844,247.14844,9.49219,7.44141,8.02734,8.55469,8.02734,8.90625,8.37891,8.90625,8.61328,8.90625,8.78906,8.78906,8.78906,0.145264,0.134277,0.124512,0.117188,0.111084,0.145264,0.128174,0.134277,0.119629,0.131836,0.153809
2017-12-14T21:00:00Z,240.82031,240.46875,242.57813,240.46875,241.875,242.57813,242.57813,244.33594,244.33594,242.57813,245.39063,245.74219,8.78906,6.79688,8.08594,8.14453,8.02734,8.4375,8.14453,8.20313,8.32031,8.37891,8.55469,8.37891,8.14453,0.106201,0.129395,0.133057,0.125732,0.129395,0.119629,0.133057,0.151367,0.12085,0.12207,0.161133
2017-12-14T21:10:00Z,238.71094,245.39063,243.28125,239.41406,242.92969,242.22656,243.63281,239.0625,242.92969,242.22656,242.57813,238.71094,8.84766,7.08984,8.02734,7.96875,8.49609,7.96875,8.08594,8.26172,8.26172,8.32031,8.20313,7.96875,8.37891,0.12207,0.108643,0.125732,0.12085,0.118408,0.170898,0.142822,0.140381,0.146484,0.125732,0.13916
2017-12-14T21:20:00Z,237.30469,241.52344,241.875,242.22656,241.17188,240.82031,242.92969,242.22656,239.76563,239.76563,240.82031,243.98438,8.55469,6.5625,7.85156,7.91016,8.08594,8.14453,8.26172,8.55469,8.32031,8.55469,8.61328,9.08203,9.25781,0.180664,0.197754,0.170898,0.195313,0.203857,0.174561,0.213623,0.195313,0.211182,0.200195,0.238037
2017-12-14T21:30:00Z,245.74219,251.01563,250.3125,249.25781,244.33594,247.85156,251.71875,246.09375,249.25781,244.6875,246.09375,246.79688,11.19141,8.26172,10.3125,9.96094,10.48828,10.3125,10.78125,10.78125,10.72266,10.42969,10.72266,11.01563,11.36719,0.157471,0.137939,0.164795,0.184326,0.141602,0.137939,0.167236,0.129395,0.163574,0.142822,0.118408
2017-12-14T21:40:00Z,242.57813,246.79688,247.5,249.96094,247.85156,251.01563,250.3125,251.36719,248.90625,248.90625,248.90625,248.20313,10.60547,8.55469,10.07813,10.42969,10.60547,10.78125,11.19141,10.95703,11.01563,10.89844,10.78125,11.13281,11.36719,0.151367,0.174561,0.126953,0.13916,0.152588,0.125732,0.125732,0.137939,0.162354,0.106201,0.123291
2017-12-14T21:50:00Z,246.44531,240.11719,242.57813,245.39063,245.03906,248.55469,246.09375,242.92969,245.03906,242.92969,249.96094,243.98438,10.72266,8.55469,9.78516,10.19531,9.72656,10.48828,10.3125,10.07813,10.25391,10.37109,10.48828,10.89844,10.54688,0.19165,0.144043,0.128174,0.102539,0.137939,0.123291,0.123291,0.175781,0.15625,0.112305,0.146484
2017-12-14T22:00:00Z,242.22656,246.09375,248.55469,247.5,248.55469,250.3125,249.25781,248.90625,248.20313,246.79688,252.42188,249.25781,11.42578,8.55469,9.96094,10.25391,9.96094,10.48828,11.07422,10.42969,10.54688,10.42969,10.78125,11.19141,10.72266,0.126953,0.159912,0.157471,0.163574,0.136719,0.161133,0.130615,0.137939,0.153809,0.136719,0.169678
2017-12-14T22:10:00Z,248.20313,253.47656,251.36719,251.71875,251.01563,248.90625,251.71875,251.01563,247.85156,249.25781,249.25781,249.60938,10.66406,8.14453,8.84766,8.67188,9.375,8.96484,9.19922,9.31641,9.55078,9.60938,9.43359,9.49219,9.55078,0.134277,0.189209,0.130615,0.136719,0.114746,0.162354,0.153809,0.108643,0.119629,0.146484,0.10376
2017-12-14T22:20:00Z,242.57813,240.82031,241.52344,243.28125,242.92969,239.0625,242.92969,240.46875,243.63281,246.44531,240.11719,243.28125,9.96094,7.79297,9.43359,9.66797,9.375,9.49219,9.72656,9.78516,10.01953,9.96094,9.90234,9.78516,10.25391,0.146484,0.161133,0.129395,0.158691,0.147705,0.133057,0.125732,0.118408,0.129395,0.163574,0.129395
2017-12-14T22:30:00Z,227.10938,230.625,229.57031,231.67969,229.21875,226.75781,228.86719,232.73438,233.08594,233.4375,236.60156,232.38281,10.60547,8.37891,9.66797,9.84375,10.07813,9.90234,9.96094,10.25391,10.3125,9.78516,9.84375,9.43359,9.96094,0.134277,0.179443,0.126953,0.115967,0.140381,0.137939,0.146484,0.179443,0.157471,0.148926,0.152588
2017-12-14T22:40:00Z,220.42969,226.75781,222.53906,221.48438,226.75781,226.40625,228.86719,229.92188,233.4375,232.73438,234.84375,234.14063,11.36719,8.08594,8.73047,8.55469,9.14063,8.78906,8.90625,9.375,9.08203,9.08203,9.43359,9.43359,9.25781,0.178223,0.183105,0.17334,0.197754,0.13916,0.111084,0.158691,0.12207,0.153809,0.146484,0.175781
2017-12-14T22:50:00Z,216.21094,212.69531,213.04688,217.61719,215.50781,217.26563,215.85938,219.72656,219.02344,219.375,225.0,222.1875,9.25781,7.26563,8.55469,8.61328,8.32031,8.73047,8.67188,8.32031,8.37891,8.26172,8.55469,8.55469,8.55469,0.109863,0.151367,0.175781,0.124512,0.148926,0.147705,0.128174,0.130615,0.148926,0.126953,0.118408
2017-12-14T23:00:00Z,208.82813,223.94531,222.53906,222.1875,223.94531,225.35156,229.21875,230.27344,229.92188,234.49219,234.14063,235.19531,9.31641,7.03125,7.79297,7.85156,8.02734,7.96875,8.49609,8.61328,8.37891,8.61328,8.61328,8.90625,8.84766,0.178223,0.183105,0.148926,0.203857,0.187988,0.19043,0.167236,0.146484,0.146484,0.172119,0.170898
2017-12-14T23:10:00Z,237.65625,246.09375,242.92969,240.46875,247.85156,245.03906,240.11719,242.22656,242.22656,245.74219,241.52344,240.82031,9.49219,7.79297,8.67188,9.02344,9.08203,9.02344,8.78906,9.25781,9.31641,9.43359,9.08203,9.19922,9.60938,0.148926,0.141602,0.096436,0.091553,0.130615,0.144043,0.112305,0.129395,0.124512,0.151367,0.15625
2017-12-14T23:20:00Z,242.22656,246.09375,250.3125,243.98438,245.03906,246.09375,248.20313,246.79688,247.5,249.60938,247.5,247.5,10.37109,8.26172,10.07813,10.01953,9.84375,9.90234,9.60938,10.07813,10.07813,10.42969,10.19531,10.13672,9.90234,0.111084,0.084229,0.124512,0.153809,0.146484,0.115967,0.107422,0.133057,0.10498,0.095215,0.12085
2017-12-14T23:30:00Z,241.875,242.22656,244.6875,241.52344,245.74219,245.39063,246.44531,239.76563,246.44531,247.14844,245.39063,244.6875,10.25391,8.37891,9.60938,10.07813,9.31641,9.84375,9.78516,9.43359,9.90234,9.84375,9.78516,9.96094,10.07813,0.124512,0.124512,0.089111,0.115967,0.144043,0.097656,0.136719,0.123291,0.126953,0.12207,0.106201
2017-12-14T23:40:00Z,243.63281,251.71875,248.55469,247.5,249.96094,248.20313,247.5,244.6875,245.74219,247.14844,251.01563,248.20313,10.25391,8.37891,10.07813,10.19531,10.25391,10.42969,10.48828,10.13672,10.60547,10.72266,10.66406,10.37109,10.25391,0.129395,0.140381,0.151367,0.177002,0.123291,0.112305,0.133057,0.147705,0.118408,0.130615,0.145264
2017-12-14T23:50:00Z,243.63281,248.20313,244.6875,251.71875,248.90625,247.14844,248.90625,245.74219,248.20313,246.79688,248.55469,247.85156,11.54297,8.84766,10.07813,10.42969,10.3125,10.66406,10.83984,10.66406,11.01563,11.07422,10.95703,10.95703,10.83984,0.097656,0.130615,0.134277,0.108643,0.124512,0.111084,0.146484,0.112305,0.10498,0.107422,0.10498
