LOCATION: 
SYSTEM SERIAL: HKZB
TIMESTAMP (ISO-8601) UTC,WindDir004m deg,WindDir030m deg,WindDir040m deg,WindDir040m_ref deg,WindDir060m deg,WindDir080m deg,WindDir100m deg,WindDir120m deg,WindDir140m deg,WindDir160m deg,WindDir180m deg,WindDir200m deg,WindGust004m m/s,WindSpeed004m m/s,WindSpeed030mh m/s,WindSpeed040mh m/s,WindSpeed040m_refh m/s,WindSpeed060mh m/s,WindSpeed080mh m/s,WindSpeed100mh m/s,WindSpeed120mh m/s,WindSpeed140mh m/s,WindSpeed160mh m/s,WindSpeed180mh m/s,WindSpeed200mh m/s,TI 030m,TI 040m,TI 040m ref,TI 060m,TI 080m,TI 100m,TI 120m,TI 140m,TI 160m,TI 180m,TI 200m
2017-09-22T00:00:00Z,164.88281,174.375,174.02344,171.21094,172.61719,176.13281,175.07813,179.64844,181.05469,184.21875,187.03125,192.65625,6.21094,5.15625,5.74219,5.97656,5.85938,6.09375,6.32813,6.32813,6.50391,6.91406,7.08984,7.38281,7.79297,0.125732,0.113525,0.115967,0.100098,0.119629,0.111084,0.111084,0.114746,0.100098,0.101318,0.092773
2017-09-22T00:10:00Z,165.9375,171.5625,170.50781,174.02344,171.5625,175.07813,178.24219,180.35156,183.16406,185.625,189.84375,194.41406,6.67969,5.27344,5.80078,6.21094,5.80078,6.44531,6.62109,6.73828,6.79688,6.85547,7.20703,7.61719,7.79297,0.124512,0.101318,0.119629,0.106201,0.093994,0.100098,0.090332,0.118408,0.111084,0.079346,0.114746
2017-09-22T00:20:00Z,165.9375,172.26563,172.96875,173.32031,175.07813,176.13281,180.35156,179.64844,183.51563,186.67969,189.84375,191.95313,6.91406,5.44922,6.26953,6.38672,6.5625,6.44531,6.85547,6.91406,7.26563,7.44141,7.5,7.5,7.73438,0.108643,0.101318,0.114746,0.124512,0.095215,0.112305,0.108643,0.080566,0.084229,0.078125,0.096436
2017-09-22T00:30:00Z,166.28906,172.26563,172.96875,174.02344,176.48438,178.59375,181.75781,181.75781,183.16406,188.08594,190.54688,194.0625,6.50391,5.15625,5.56641,6.03516,6.09375,5.97656,6.5625,6.62109,6.91406,7.14844,7.61719,7.55859,7.85156,0.128174,0.12207,0.13916,0.142822,0.133057,0.12085,0.152588,0.10376,0.083008,0.123291,0.10498
2017-09-22T00:40:00Z,171.21094,179.64844,178.59375,177.1875,181.05469,180.70313,184.21875,184.92188,188.78906,190.89844,194.76563,195.11719,6.67969,5.09766,5.85938,5.85938,5.91797,6.09375,6.21094,6.62109,6.91406,7.44141,7.38281,7.38281,7.61719,0.152588,0.126953,0.109863,0.10498,0.130615,0.128174,0.095215,0.130615,0.097656,0.107422,0.134277
2017-09-22T00:50:00Z,174.02344,181.05469,184.57031,182.46094,183.51563,186.67969,185.625,191.95313,190.54688,191.25,195.11719,199.33594,6.26953,5.03906,5.91797,5.97656,5.97656,6.15234,6.62109,6.79688,6.91406,7.14844,7.5,7.61719,8.14453,0.145264,0.090332,0.17334,0.147705,0.118408,0.113525,0.148926,0.140381,0.117188,0.134277,0.109863
2017-09-22T01:00:00Z,178.94531,183.86719,184.21875,185.625,183.51563,185.625,186.32813,189.14063,189.49219,189.14063,193.35938,195.82031,7.14844,5.50781,6.21094,6.50391,6.38672,6.73828,7.03125,6.91406,6.79688,7.08984,7.20703,7.5,7.96875,0.128174,0.091553,0.168457,0.124512,0.12085,0.098877,0.131836,0.113525,0.095215,0.095215,0.096436
2017-09-22T01:10:00Z,180.0,183.86719,185.97656,183.16406,185.97656,187.03125,187.03125,189.14063,192.30469,191.95313,195.11719,196.875,6.85547,5.44922,6.44531,6.26953,6.21094,6.50391,6.62109,6.62109,6.85547,7.26563,7.26563,7.32422,7.55859,0.137939,0.129395,0.085449,0.114746,0.147705,0.129395,0.119629,0.157471,0.091553,0.095215,0.126953
2017-09-22T01:20:00Z,185.97656,190.89844,190.19531,189.84375,193.35938,190.19531,192.30469,194.0625,197.22656,200.03906,198.28125,198.98438,7.03125,5.50781,6.09375,6.32813,6.32813,6.44531,6.44531,6.67969,6.73828,6.79688,6.85547,6.85547,7.20703,0.089111,0.119629,0.146484,0.109863,0.146484,0.107422,0.131836,0.114746,0.114746,0.123291,0.089111
2017-09-22T01:30:00Z,186.67969,188.78906,187.73438,188.08594,191.25,194.0625,194.76563,199.33594,197.57813,197.92969,202.5,206.01563,6.67969,5.39063,6.03516,6.21094,6.09375,6.44531,6.44531,6.44531,6.38672,6.85547,7.03125,7.26563,7.32422,0.134277,0.166016,0.123291,0.133057,0.111084,0.148926,0.185547,0.12207,0.125732,0.125732,0.12085
2017-09-22T01:40:00Z,184.92188,190.19531,189.84375,188.08594,191.25,192.65625,192.65625,199.6875,201.79688,201.09375,204.25781,206.36719,6.44531,5.27344,5.97656,6.03516,5.97656,6.15234,6.03516,6.62109,6.50391,6.73828,6.62109,6.97266,6.97266,0.170898,0.124512,0.162354,0.124512,0.106201,0.10376,0.130615,0.136719,0.113525,0.142822,0.097656
2017-09-22T01:50:00Z,187.73438,191.60156,191.25,192.30469,193.71094,195.11719,197.57813,198.63281,202.5,204.60938,206.01563,205.3125,6.50391,5.21484,5.85938,5.97656,6.15234,6.09375,5.91797,6.26953,6.50391,6.38672,6.50391,6.67969,6.97266,0.126953,0.12085,0.117188,0.129395,0.13916,0.114746,0.098877,0.109863,0.129395,0.140381,0.087891
2017-09-22T02:00:00Z,190.19531,196.17188,198.28125,194.76563,196.17188,200.74219,200.74219,204.96094,204.96094,203.55469,203.55469,206.71875,6.5625,5.33203,6.21094,6.09375,6.38672,6.09375,6.21094,6.32813,6.38672,6.38672,6.32813,6.50391,6.97266,0.117188,0.101318,0.117188,0.126953,0.155029,0.144043,0.158691,0.146484,0.137939,0.192871,0.129395
2017-09-22T02:10:00Z,195.11719,198.98438,197.92969,197.22656,202.85156,202.5,198.98438,203.90625,204.60938,205.66406,205.66406,208.82813,6.67969,5.44922,6.21094,6.32813,6.38672,6.32813,6.21094,6.26953,6.50391,6.44531,6.50391,6.44531,6.62109,0.157471,0.186768,0.115967,0.118408,0.118408,0.141602,0.101318,0.123291,0.135498,0.12207,0.10498
2017-09-22T02:20:00Z,200.39063,205.66406,206.36719,204.96094,203.20313,204.60938,207.07031,206.01563,204.96094,208.125,208.82813,209.17969,6.67969,5.68359,6.38672,6.21094,6.50391,6.32813,6.44531,6.67969,6.44531,6.26953,6.44531,6.38672,6.50391,0.12207,0.175781,0.131836,0.128174,0.091553,0.113525,0.102539,0.074463,0.114746,0.128174,0.098877
2017-09-22T02:30:00Z,203.20313,208.125,208.47656,208.47656,208.82813,208.125,213.04688,212.34375,213.75,215.85938,217.61719,219.375,7.61719,5.68359,6.21094,6.15234,6.21094,6.21094,6.38672,6.44531,6.44531,6.21094,6.5625,6.44531,7.08984,0.111084,0.152588,0.135498,0.126953,0.109863,0.100098,0.113525,0.145264,0.12207,0.117188,0.10376
2017-09-22T02:40:00Z,207.42188,212.69531,213.39844,211.99219,210.9375,209.88281,216.21094,219.375,217.61719,221.83594,222.89063,229.57031,6.5625,5.39063,6.03516,6.15234,6.15234,6.15234,6.21094,6.44531,6.32813,6.32813,6.5625,6.73828,6.79688,0.12207,0.092773,0.129395,0.102539,0.112305,0.117188,0.125732,0.10376,0.076904,0.102539,0.098877
2017-09-22T02:50:00Z,207.07031,208.82813,213.04688,210.9375,213.75,213.75,219.375,220.42969,221.83594,223.59375,226.05469,228.86719,6.21094,5.15625,5.80078,5.80078,5.80078,5.80078,5.91797,5.97656,6.21094,6.15234,6.15234,6.15234,6.32813,0.119629,0.123291,0.113525,0.113525,0.123291,0.112305,0.118408,0.106201,0.08667,0.128174,0.111084
2017-09-22T03:00:00Z,206.36719,209.88281,210.58594,211.99219,212.69531,217.96875,215.50781,216.21094,221.48438,222.89063,223.59375,230.625,5.97656,5.09766,5.50781,5.625,5.56641,5.80078,5.625,5.74219,5.85938,5.85938,5.74219,6.15234,5.85938,0.106201,0.137939,0.109863,0.085449,0.137939,0.115967,0.093994,0.098877,0.13916,0.095215,0.090332
2017-09-22T03:10:00Z,210.58594,215.15625,215.50781,215.85938,219.375,218.32031,221.48438,220.78125,224.29688,227.10938,227.46094,232.03125,5.68359,4.80469,5.27344,5.39063,5.27344,5.44922,5.44922,5.44922,5.39063,5.625,5.50781,5.625,5.44922,0.092773,0.134277,0.109863,0.096436,0.072021,0.119629,0.080566,0.067139,0.106201,0.111084,0.090332
2017-09-22T03:20:00Z,214.80469,219.72656,221.48438,221.48438,218.67188,227.10938,226.75781,230.625,230.625,232.03125,231.67969,239.76563,6.03516,4.74609,5.15625,5.09766,5.15625,5.21484,5.21484,5.39063,5.39063,5.56641,5.39063,5.68359,5.68359,0.093994,0.12207,0.117188,0.101318,0.10498,0.089111,0.078125,0.08667,0.096436,0.111084,0.093994
2017-09-22T03:30:00Z,222.1875,225.0,227.8125,229.21875,228.51563,229.57031,233.4375,234.49219,235.19531,237.30469,238.71094,240.46875,5.27344,4.51172,4.86328,5.09766,4.98047,5.03906,5.15625,5.03906,4.98047,4.98047,5.15625,5.15625,5.15625,0.117188,0.098877,0.096436,0.095215,0.131836,0.091553,0.091553,0.123291,0.096436,0.078125,0.101318
2017-09-22T03:40:00Z,228.51563,231.67969,232.38281,232.03125,232.73438,235.19531,233.78906,234.84375,236.60156,239.41406,241.17188,246.09375,5.68359,4.51172,4.98047,5.09766,4.98047,5.15625,5.03906,4.98047,5.09766,5.15625,4.92188,5.27344,5.15625,0.124512,0.101318,0.123291,0.097656,0.098877,0.125732,0.113525,0.109863,0.150146,0.109863,0.119629
2017-09-22T03:50:00Z,237.30469,240.11719,242.22656,243.28125,238.35938,242.57813,241.17188,245.03906,247.5,248.55469,247.85156,251.71875,5.33203,4.21875,4.57031,4.6875,4.6875,4.6875,4.86328,4.6875,4.92188,5.03906,4.92188,4.80469,4.92188,0.124512,0.125732,0.124512,0.12207,0.123291,0.150146,0.109863,0.10498,0.123291,0.097656,0.097656
2017-09-22T04:00:00Z,254.88281,262.96875,263.32031,261.21094,262.26563,264.72656,260.15625,258.04688,254.53125,252.42188,254.53125,255.9375,5.44922,3.69141,4.39453,4.45313,4.39453,4.39453,4.51172,4.33594,4.33594,4.21875,4.27734,4.21875,4.27734,0.133057,0.134277,0.133057,0.117188,0.13916,0.164795,0.185547,0.178223,0.178223,0.172119,0.170898
2017-09-22T04:10:00Z,284.76563,286.875,290.74219,288.28125,288.98438,293.55469,288.63281,287.22656,279.84375,278.4375,273.86719,273.51563,4.51172,3.75,3.75,3.98438,3.98438,3.86719,3.92578,3.69141,3.80859,3.57422,3.51563,3.45703,3.39844,0.111084,0.117188,0.124512,0.126953,0.135498,0.118408,0.13916,0.134277,0.118408,0.142822,0.136719
2017-09-22T04:20:00Z,284.76563,288.63281,286.52344,288.28125,278.78906,277.38281,272.46094,263.32031,263.32031,262.26563,258.75,254.17969,4.51172,3.75,2.98828,3.04688,2.98828,2.98828,3.22266,3.16406,3.45703,3.45703,3.45703,3.33984,3.45703,0.20874,0.147705,0.178223,0.162354,0.115967,0.169678,0.158691,0.170898,0.163574,0.185547,0.227051
2017-09-22T04:30:00Z,279.14063,276.67969,276.32813,277.03125,277.03125,276.32813,270.35156,272.46094,264.72656,265.78125,262.26563,261.21094,4.16016,2.92969,3.04688,2.98828,2.92969,3.10547,3.28125,3.39844,3.57422,3.63281,3.80859,3.80859,3.80859,0.158691,0.183105,0.157471,0.15625,0.125732,0.181885,0.108643,0.112305,0.115967,0.166016,0.137939
2017-09-22T04:40:00Z,286.17188,291.79688,292.5,291.44531,291.09375,292.14844,288.98438,291.44531,290.03906,290.03906,288.98438,285.82031,3.57422,2.69531,2.75391,3.04688,2.92969,2.98828,3.16406,3.16406,3.51563,3.63281,3.80859,3.69141,3.86719,0.15625,0.157471,0.166016,0.126953,0.107422,0.125732,0.090332,0.131836,0.119629,0.178223,0.136719
2017-09-22T04:50:00Z,284.76563,290.74219,290.74219,288.98438,290.03906,290.39063,287.22656,291.79688,288.98438,289.33594,284.41406,280.54688,3.39844,2.69531,3.10547,2.98828,3.04688,3.04688,3.16406,3.22266,3.28125,3.28125,3.39844,3.22266,3.33984,0.174561,0.183105,0.177002,0.206299,0.181885,0.168457,0.170898,0.163574,0.166016,0.167236,0.135498
2017-09-22T05:00:00Z,285.11719,289.6875,292.14844,291.09375,288.63281,293.90625,291.44531,289.6875,288.98438,290.03906,286.52344,285.82031,3.22266,2.63672,2.63672,2.57813,2.46094,2.57813,2.63672,2.51953,2.51953,2.63672,2.51953,2.75391,2.69531,0.26001,0.157471,0.213623,0.241699,0.150146,0.198975,0.314941,0.174561,0.158691,0.222168,0.130615
2017-09-22T05:10:00Z,288.63281,291.09375,288.28125,289.33594,288.98438,288.28125,290.74219,292.85156,288.98438,288.63281,287.57813,286.52344,3.04688,2.22656,2.63672,2.51953,2.69531,2.63672,2.75391,2.69531,2.8125,2.69531,2.8125,2.69531,2.8125,0.151367,0.12207,0.126953,0.167236,0.091553,0.133057,0.13916,0.124512,0.130615,0.111084,0.091553
2017-09-22T05:20:00Z,281.25,291.79688,292.14844,289.6875,292.14844,286.52344,290.39063,286.17188,290.03906,284.76563,284.41406,284.76563,3.63281,2.87109,3.22266,3.16406,3.22266,3.04688,3.10547,3.16406,3.22266,3.10547,3.16406,3.16406,3.22266,0.177002,0.213623,0.186768,0.202637,0.224609,0.175781,0.360107,0.201416,0.206299,0.202637,0.212402
2017-09-22T05:30:00Z,286.17188,294.60938,296.36719,292.85156,294.96094,294.60938,294.60938,295.3125,291.09375,291.79688,288.63281,289.33594,3.57422,2.87109,3.10547,3.33984,3.22266,3.22266,3.39844,3.28125,3.51563,3.45703,3.39844,3.39844,3.51563,0.150146,0.228271,0.174561,0.166016,0.134277,0.130615,0.13916,0.231934,0.184326,0.163574,0.224609
2017-09-22T05:40:00Z,293.90625,299.88281,299.17969,297.77344,300.58594,300.23438,302.69531,300.58594,303.04688,298.82813,299.88281,297.42188,3.98438,3.04688,3.04688,3.28125,3.28125,3.16406,3.28125,3.04688,3.28125,3.22266,3.28125,3.33984,3.22266,0.19165,0.172119,0.179443,0.212402,0.179443,0.187988,0.158691,0.198975,0.157471,0.172119,0.209961
2017-09-22T05:50:00Z,296.01563,304.10156,306.5625,305.85938,309.02344,309.72656,307.96875,306.5625,304.80469,309.375,307.61719,306.5625,3.69141,2.98828,2.98828,3.10547,3.10547,2.98828,3.10547,2.98828,2.92969,3.04688,3.10547,2.98828,2.92969,0.230713,0.319824,0.180664,0.22583,0.178223,0.172119,0.175781,0.235596,0.26001,0.224609,0.195313
2017-09-22T06:00:00Z,303.75,310.42969,311.48438,307.61719,309.375,310.78125,312.1875,311.48438,309.72656,306.91406,310.07813,304.10156,3.10547,2.40234,2.46094,2.57813,2.51953,2.40234,2.51953,2.57813,2.46094,2.40234,2.75391,2.40234,2.46094,0.196533,0.136719,0.155029,0.163574,0.133057,0.17334,0.158691,0.247803,0.185547,0.203857,0.178223
2017-09-22T06:10:00Z,306.91406,316.05469,312.53906,316.05469,313.24219,316.05469,313.59375,310.78125,310.42969,309.72656,310.42969,310.42969,3.33984,2.57813,2.8125,2.87109,2.8125,2.92969,3.04688,2.8125,2.75391,2.87109,2.87109,2.69531,2.57813,0.22583,0.26001,0.198975,0.180664,0.236816,0.319824,0.206299,0.223389,0.266113,0.246582,0.349121
2017-09-22T06:20:00Z,312.89063,320.625,321.32813,320.97656,319.21875,318.51563,322.03125,316.75781,321.67969,312.89063,314.29688,315.70313,3.28125,2.46094,2.8125,2.8125,2.87109,2.8125,2.8125,2.87109,2.8125,2.75391,2.69531,2.63672,2.63672,0.162354,0.15625,0.125732,0.169678,0.155029,0.147705,0.123291,0.177002,0.155029,0.159912,0.19165
2017-09-22T06:30:00Z,318.86719,325.89844,325.89844,325.54688,327.30469,328.35938,325.89844,329.0625,329.41406,326.95313,327.30469,323.78906,3.04688,2.40234,2.92969,2.98828,2.92969,2.92969,2.92969,2.98828,2.98828,2.87109,2.98828,2.8125,2.75391,0.219727,0.289307,0.274658,0.303955,0.302734,0.311279,0.305176,0.296631,0.340576,0.280762,0.357666
2017-09-22T06:40:00Z,320.27344,300.9375,297.77344,313.24219,305.85938,300.9375,304.80469,317.46094,305.85938,309.72656,312.1875,300.23438,4.21875,2.98828,5.91797,5.74219,5.39063,5.50781,5.68359,5.68359,4.98047,5.03906,4.98047,4.57031,4.6875,0.241699,0.229492,0.375977,0.285645,0.27832,0.272217,0.27832,0.26123,0.29541,0.274658,0.27832
2017-09-22T06:50:00Z,312.53906,303.39844,322.03125,312.89063,313.94531,302.34375,304.80469,312.89063,312.53906,322.03125,311.83594,319.57031,4.10156,3.33984,5.50781,5.15625,3.92578,4.33594,4.16016,3.86719,3.80859,3.86719,3.69141,3.75,3.45703,0.457764,0.334473,0.356445,0.299072,0.290527,0.2771,0.294189,0.292969,0.286865,0.290527,0.291748
2017-09-22T07:00:00Z,295.66406,301.64063,315.70313,307.96875,322.38281,317.8125,322.38281,331.52344,337.14844,335.03906,338.20313,343.47656,3.86719,2.57813,3.22266,2.63672,2.51953,2.28516,2.40234,2.57813,2.63672,2.8125,2.63672,2.75391,2.75391,0.280762,0.26001,0.195313,0.227051,0.24292,0.303955,0.2771,0.269775,0.290527,0.26123,0.253906
2017-09-22T07:10:00Z,308.32031,330.46875,352.26563,351.21094,339.60938,355.78125,351.91406,4.92188,357.1875,12.30469,10.19531,31.28906,2.22656,0.87891,2.51953,2.22656,1.99219,2.22656,2.46094,2.40234,2.57813,2.51953,2.40234,2.57813,2.46094,0.45166,0.408936,0.465088,0.27832,0.196533,0.213623,0.196533,0.220947,0.197754,0.184326,0.19165
2017-09-22T07:20:00Z,212.34375,227.10938,243.98438,242.57813,249.60938,260.85938,127.96875,286.875,298.82813,296.71875,148.00781,287.57813,2.28516,0.82031,3.04688,1.875,1.99219,1.52344,1.58203,1.64063,1.69922,1.69922,1.75781,1.81641,1.81641,0.214844,0.235596,0.197754,0.216064,0.281982,0.219727,0.306396,0.291748,0.325928,0.273438,0.316162
2017-09-22T07:30:00Z,221.13281,223.59375,225.0,220.07813,231.32813,233.08594,275.27344,281.25,303.04688,144.49219,135.35156,140.97656,3.80859,2.51953,3.28125,3.39844,3.33984,2.98828,2.98828,2.98828,3.51563,3.57422,3.98438,4.10156,4.39453,0.174561,0.195313,0.167236,0.17334,0.214844,0.250244,0.275879,0.335693,0.246582,0.234375,0.20874
2017-09-22T07:40:00Z,225.70313,179.64844,208.125,215.15625,209.53125,213.04688,205.66406,226.40625,262.96875,310.07813,308.67188,306.21094,3.33984,2.40234,3.16406,3.10547,3.10547,2.87109,3.10547,3.16406,3.45703,3.92578,4.45313,4.45313,5.33203,0.180664,0.140381,0.217285,0.128174,0.251465,0.299072,0.308838,0.273438,0.189209,0.206299,0.164795
2017-09-22T07:50:00Z,221.13281,168.75,156.44531,168.75,146.25,155.03906,195.82031,229.57031,166.28906,228.86719,198.98438,149.41406,3.16406,1.75781,3.04688,3.04688,2.92969,2.8125,3.51563,4.10156,5.09766,5.15625,5.50781,5.74219,6.09375,0.233154,0.26123,0.192871,0.281982,0.372314,0.379639,0.3125,0.258789,0.194092,0.141602,0.153809
2017-09-22T08:00:00Z,215.15625,166.99219,164.17969,164.53125,166.99219,174.72656,184.21875,163.82813,174.72656,169.80469,174.375,171.91406,1.875,0.9375,2.63672,2.63672,2.69531,2.63672,3.04688,3.69141,4.39453,5.27344,5.80078,6.03516,5.80078,0.279541,0.299072,0.294189,0.27832,0.335693,0.371094,0.373535,0.219727,0.20752,0.181885,0.15625
2017-09-22T08:10:00Z,220.07813,163.47656,163.125,161.01563,170.15625,168.39844,174.375,182.46094,171.5625,172.26563,168.04688,165.9375,1.52344,0.82031,4.04297,3.75,3.80859,2.98828,3.10547,4.21875,4.51172,5.625,5.68359,5.85938,5.625,0.196533,0.220947,0.234375,0.181885,0.167236,0.179443,0.133057,0.161133,0.196533,0.134277,0.13916
2017-09-22T09:10:00Z,337.5,338.20313,339.60938,340.3125,342.07031,341.36719,341.36719,341.01563,341.36719,345.23438,342.07031,342.07031,6.50391,5.33203,6.03516,6.03516,5.85938,5.91797,5.85938,5.91797,5.97656,6.15234,5.80078,5.80078,5.56641,0.107422,0.10498,0.091553,0.085449,0.125732,0.118408,0.091553,0.084229,0.137939,0.108643,0.155029
2017-09-22T09:20:00Z,338.55469,341.71875,341.71875,343.125,343.125,342.42188,339.96094,343.125,339.60938,343.82813,339.25781,340.66406,6.44531,5.03906,5.74219,5.68359,5.74219,5.74219,5.56641,5.74219,5.50781,5.625,5.39063,5.39063,5.21484,0.12207,0.124512,0.128174,0.092773,0.135498,0.101318,0.128174,0.163574,0.108643,0.147705,0.17334
2017-09-22T09:30:00Z,340.3125,345.23438,343.125,342.77344,345.9375,344.88281,341.36719,346.28906,346.28906,340.3125,339.25781,343.82813,6.26953,4.98047,5.33203,5.50781,5.80078,5.625,5.44922,5.56641,5.625,5.15625,5.50781,5.39063,5.09766,0.184326,0.144043,0.200195,0.141602,0.142822,0.141602,0.161133,0.155029,0.169678,0.140381,0.177002
2017-09-22T09:40:00Z,344.17969,350.50781,345.58594,348.75,349.45313,345.9375,348.75,348.75,352.61719,344.88281,348.39844,344.17969,6.26953,5.50781,5.97656,5.80078,6.15234,6.21094,6.03516,6.26953,6.26953,5.74219,5.85938,5.80078,5.91797,0.095215,0.13916,0.089111,0.090332,0.125732,0.114746,0.113525,0.129395,0.129395,0.136719,0.151367
2017-09-22T09:50:00Z,337.5,338.90625,341.01563,339.60938,341.01563,342.42188,344.53125,342.07031,340.66406,342.77344,340.3125,343.82813,6.79688,5.625,6.26953,6.26953,6.03516,6.44531,6.26953,6.15234,5.68359,6.26953,5.91797,6.09375,5.39063,0.172119,0.113525,0.129395,0.140381,0.169678,0.146484,0.153809,0.129395,0.135498,0.217285,0.187988
2017-09-22T13:10:00Z,318.86719,322.38281,327.30469,322.38281,323.4375,323.78906,324.14063,325.89844,325.54688,325.89844,324.84375,324.84375,6.26953,4.86328,5.68359,5.56641,5.625,5.56641,5.44922,5.68359,5.85938,5.68359,5.68359,5.50781,5.625,0.129395,0.125732,0.186768,0.155029,0.134277,0.130615,0.134277,0.101318,0.097656,0.148926,0.118408
2017-09-22T13:20:00Z,321.32813,324.49219,324.84375,326.95313,324.14063,327.30469,324.84375,328.35938,325.89844,328.71094,330.82031,328.71094,6.44531,4.62891,5.15625,5.21484,5.15625,5.39063,5.39063,5.21484,5.27344,5.44922,5.50781,5.33203,5.15625,0.130615,0.142822,0.147705,0.15625,0.167236,0.185547,0.158691,0.12207,0.158691,0.159912,0.125732
2017-09-22T13:30:00Z,327.65625,330.11719,332.92969,328.71094,330.82031,333.28125,333.98438,328.00781,332.57813,332.22656,333.98438,331.52344,5.85938,4.51172,5.09766,5.21484,5.03906,5.15625,5.09766,5.09766,5.33203,5.50781,5.56641,5.27344,5.09766,0.222168,0.148926,0.10498,0.151367,0.131836,0.150146,0.136719,0.133057,0.123291,0.108643,0.170898
2017-09-22T13:40:00Z,323.78906,330.11719,330.82031,330.11719,329.76563,329.41406,331.17188,330.46875,330.11719,331.17188,329.0625,329.0625,5.80078,4.45313,4.86328,4.92188,5.09766,4.92188,4.98047,5.03906,5.03906,5.03906,5.15625,4.92188,5.03906,0.111084,0.157471,0.15625,0.145264,0.142822,0.153809,0.150146,0.134277,0.169678,0.135498,0.118408
2017-09-22T13:50:00Z,324.84375,330.11719,328.71094,329.76563,329.41406,330.11719,329.0625,330.82031,331.17188,329.41406,332.22656,325.89844,5.97656,4.39453,4.92188,4.98047,4.86328,4.92188,4.80469,4.98047,5.09766,5.03906,4.92188,5.03906,5.03906,0.153809,0.157471,0.150146,0.145264,0.202637,0.148926,0.147705,0.159912,0.174561,0.161133,0.13916
2017-09-22T14:00:00Z,323.4375,326.25,326.95313,326.25,329.41406,328.71094,329.41406,324.84375,325.89844,327.30469,327.30469,325.54688,5.56641,4.39453,4.74609,5.15625,4.92188,4.98047,5.03906,4.74609,4.98047,5.15625,5.09766,4.92188,5.09766,0.181885,0.147705,0.141602,0.136719,0.150146,0.140381,0.150146,0.151367,0.119629,0.151367,0.155029
2017-09-22T14:10:00Z,320.97656,322.73438,325.54688,327.30469,324.14063,326.60156,326.60156,326.60156,331.17188,330.82031,329.41406,331.17188,5.85938,4.21875,4.57031,4.62891,4.74609,4.74609,4.6875,4.6875,4.6875,4.62891,4.80469,4.80469,4.74609,0.219727,0.131836,0.146484,0.167236,0.198975,0.128174,0.146484,0.158691,0.098877,0.10376,0.161133
2017-09-22T14:20:00Z,332.57813,333.98438,336.79688,338.55469,335.03906,338.55469,333.28125,337.14844,334.6875,333.98438,337.5,333.98438,5.39063,4.16016,4.51172,4.57031,4.6875,4.6875,4.51172,4.74609,4.6875,4.62891,4.74609,4.62891,4.57031,0.168457,0.161133,0.151367,0.123291,0.177002,0.136719,0.142822,0.141602,0.159912,0.159912,0.175781
2017-09-22T14:30:00Z,327.65625,332.22656,331.875,328.35938,327.65625,335.39063,330.82031,330.82031,330.46875,333.28125,329.0625,331.875,5.39063,4.27734,4.6875,4.74609,4.62891,4.86328,4.80469,4.80469,4.86328,4.92188,4.86328,4.86328,4.80469,0.150146,0.134277,0.157471,0.157471,0.158691,0.148926,0.092773,0.10376,0.117188,0.107422,0.096436
2017-09-22T14:40:00Z,330.11719,337.14844,334.6875,332.92969,331.52344,333.63281,333.63281,334.6875,331.17188,333.98438,329.76563,333.63281,5.625,4.21875,4.51172,4.57031,4.6875,4.74609,4.80469,4.80469,4.80469,4.6875,4.80469,4.86328,4.86328,0.170898,0.107422,0.125732,0.129395,0.145264,0.142822,0.10376,0.129395,0.112305,0.125732,0.142822
2017-09-22T14:50:00Z,323.4375,326.95313,331.17188,330.11719,328.71094,330.82031,327.65625,331.875,327.30469,329.76563,326.25,329.0625,5.39063,4.04297,4.45313,4.51172,4.45313,4.51172,4.57031,4.6875,4.62891,4.86328,4.62891,4.6875,4.80469,0.125732,0.108643,0.141602,0.151367,0.095215,0.151367,0.142822,0.13916,0.141602,0.157471,0.137939
2017-09-22T15:00:00Z,317.8125,321.32813,323.08594,323.4375,327.65625,325.89844,323.4375,325.19531,328.71094,328.35938,326.60156,323.4375,5.74219,4.21875,4.51172,4.80469,4.57031,4.62891,4.57031,4.74609,4.80469,4.98047,4.80469,4.6875,4.80469,0.155029,0.179443,0.152588,0.13916,0.164795,0.133057,0.126953,0.167236,0.145264,0.123291,0.129395
2017-09-22T15:10:00Z,317.10938,319.92188,320.97656,322.03125,317.8125,316.40625,318.16406,319.21875,318.16406,314.29688,315.35156,317.10938,5.09766,3.86719,4.33594,4.39453,4.39453,4.33594,4.33594,4.33594,4.27734,4.39453,4.33594,4.51172,4.51172,0.164795,0.12085,0.157471,0.161133,0.17334,0.152588,0.169678,0.174561,0.146484,0.137939,0.141602
2017-09-22T15:20:00Z,322.03125,324.14063,326.25,324.84375,325.19531,327.65625,326.95313,329.0625,327.30469,329.41406,329.41406,327.30469,5.44922,4.04297,4.45313,4.39453,4.33594,4.45313,4.51172,4.62891,4.45313,4.45313,4.45313,4.45313,4.45313,0.147705,0.144043,0.157471,0.126953,0.136719,0.130615,0.184326,0.158691,0.140381,0.153809,0.13916
2017-09-22T15:30:00Z,317.46094,321.32813,320.97656,321.67969,321.67969,319.57031,323.08594,322.03125,322.03125,325.19531,322.38281,321.32813,5.44922,3.98438,4.27734,4.21875,4.33594,4.27734,4.33594,4.33594,4.39453,4.51172,4.45313,4.33594,4.45313,0.108643,0.162354,0.134277,0.152588,0.128174,0.128174,0.152588,0.187988,0.129395,0.168457,0.166016
2017-09-22T15:40:00Z,317.8125,320.27344,324.49219,320.625,322.03125,319.92188,319.21875,318.86719,320.27344,320.27344,320.97656,317.8125,5.44922,3.80859,4.21875,4.27734,4.33594,4.33594,4.33594,4.62891,4.57031,4.57031,4.39453,4.57031,4.57031,0.141602,0.170898,0.145264,0.161133,0.125732,0.163574,0.141602,0.097656,0.167236,0.141602,0.141602
2017-09-22T15:50:00Z,318.16406,324.84375,320.625,324.84375,324.14063,328.00781,326.60156,326.60156,323.08594,327.65625,326.60156,326.25,5.27344,3.98438,4.21875,4.33594,4.33594,4.45313,4.39453,4.39453,4.33594,4.51172,4.51172,4.45313,4.33594,0.163574,0.192871,0.163574,0.172119,0.117188,0.177002,0.180664,0.117188,0.162354,0.161133,0.13916
2017-09-22T16:00:00Z,313.24219,318.51563,314.29688,319.21875,318.51563,319.92188,320.97656,322.38281,317.8125,321.32813,319.21875,320.27344,5.03906,3.75,4.16016,4.10156,4.33594,4.27734,4.39453,4.21875,4.10156,4.27734,4.27734,4.27734,4.16016,0.174561,0.186768,0.153809,0.12207,0.157471,0.126953,0.164795,0.146484,0.169678,0.15625,0.146484
2017-09-22T16:10:00Z,323.08594,329.0625,332.22656,329.41406,330.46875,327.65625,325.89844,324.49219,324.14063,323.78906,323.4375,325.19531,5.09766,3.45703,3.98438,3.86719,3.92578,4.04297,3.98438,3.98438,4.04297,4.10156,4.16016,4.21875,4.10156,0.192871,0.148926,0.195313,0.15625,0.174561,0.177002,0.186768,0.148926,0.168457,0.153809,0.142822
2017-09-22T16:20:00Z,316.05469,323.4375,319.92188,319.21875,318.16406,320.97656,318.86719,324.14063,318.51563,325.19531,320.625,322.73438,5.68359,3.80859,4.16016,4.16016,4.21875,4.33594,4.33594,4.45313,4.21875,4.33594,4.27734,4.39453,4.27734,0.183105,0.167236,0.15625,0.178223,0.141602,0.168457,0.117188,0.144043,0.145264,0.111084,0.130615
2017-09-22T16:30:00Z,314.29688,317.46094,319.92188,317.46094,319.57031,322.03125,320.27344,319.21875,320.625,320.625,320.27344,317.46094,5.03906,3.69141,4.16016,4.16016,4.04297,4.27734,4.21875,4.10156,4.10156,4.16016,4.27734,4.39453,4.04297,0.131836,0.159912,0.125732,0.153809,0.115967,0.112305,0.142822,0.108643,0.166016,0.131836,0.168457
2017-09-22T16:40:00Z,309.375,314.29688,312.53906,316.75781,315.0,316.40625,319.21875,319.92188,322.03125,322.03125,324.84375,324.14063,4.92188,3.57422,3.75,3.86719,3.80859,3.92578,3.86719,3.86719,3.92578,3.92578,3.98438,3.86719,3.92578,0.163574,0.13916,0.113525,0.148926,0.152588,0.150146,0.146484,0.157471,0.169678,0.172119,0.172119
2017-09-22T16:50:00Z,305.15625,307.96875,309.72656,310.07813,309.72656,310.07813,309.02344,309.72656,311.48438,312.53906,312.1875,312.89063,4.39453,3.51563,3.80859,3.86719,3.80859,3.92578,3.92578,3.80859,3.92578,3.92578,3.80859,3.80859,3.75,0.19165,0.124512,0.15625,0.12085,0.131836,0.142822,0.148926,0.13916,0.162354,0.170898,0.153809
2017-09-22T17:00:00Z,312.1875,315.0,318.51563,315.70313,315.0,317.10938,312.89063,314.64844,313.59375,314.29688,314.29688,316.05469,4.27734,3.28125,3.63281,3.51563,3.45703,3.63281,3.57422,3.69141,3.63281,3.75,3.69141,3.80859,3.63281,0.158691,0.126953,0.134277,0.131836,0.161133,0.13916,0.123291,0.136719,0.114746,0.115967,0.137939
2017-09-22T17:10:00Z,300.58594,304.80469,303.04688,303.39844,300.9375,301.99219,302.69531,304.10156,300.9375,302.34375,303.04688,304.80469,4.51172,3.45703,3.63281,3.69141,3.63281,3.57422,3.75,3.69141,3.69141,3.75,3.69141,3.75,3.75,0.167236,0.163574,0.168457,0.179443,0.145264,0.155029,0.178223,0.142822,0.166016,0.175781,0.131836
2017-09-22T17:20:00Z,307.96875,312.1875,313.59375,312.53906,312.1875,309.375,308.67188,308.67188,306.91406,308.67188,306.5625,305.85938,5.44922,3.63281,3.98438,3.92578,3.98438,3.80859,3.80859,3.86719,3.86719,3.80859,3.86719,3.69141,3.80859,0.164795,0.187988,0.19165,0.166016,0.136719,0.148926,0.141602,0.144043,0.161133,0.142822,0.128174
2017-09-22T17:30:00Z,304.45313,309.02344,310.42969,309.375,306.91406,307.61719,303.75,304.45313,303.39844,303.39844,304.80469,303.39844,4.62891,3.33984,3.63281,3.63281,3.75,3.75,3.86719,3.86719,3.86719,3.86719,3.92578,3.92578,3.98438,0.155029,0.147705,0.142822,0.15625,0.137939,0.151367,0.151367,0.159912,0.151367,0.135498,0.150146
2017-09-22T17:40:00Z,297.42188,301.99219,303.39844,305.15625,304.10156,301.99219,303.39844,303.75,306.5625,303.04688,302.34375,304.10156,4.74609,3.51563,3.75,3.63281,3.69141,3.80859,3.80859,3.80859,3.75,3.75,3.63281,3.80859,3.75,0.157471,0.136719,0.112305,0.167236,0.098877,0.144043,0.133057,0.134277,0.129395,0.112305,0.12207
2017-09-22T17:50:00Z,304.10156,308.32031,309.375,308.67188,309.72656,310.78125,307.96875,308.67188,310.07813,308.32031,311.13281,308.32031,4.51172,3.45703,3.80859,3.92578,3.80859,3.92578,3.86719,3.92578,3.92578,3.98438,4.04297,4.04297,3.98438,0.147705,0.119629,0.147705,0.155029,0.117188,0.097656,0.142822,0.128174,0.13916,0.142822,0.128174
2017-09-22T18:00:00Z,292.85156,299.53125,298.47656,300.23438,296.01563,299.17969,298.82813,300.58594,299.17969,300.9375,299.17969,297.77344,5.15625,3.69141,3.98438,3.98438,3.92578,3.98438,4.16016,4.21875,4.16016,4.16016,4.04297,4.21875,4.16016,0.19165,0.197754,0.216064,0.172119,0.202637,0.136719,0.192871,0.141602,0.163574,0.118408,0.141602
2017-09-22T18:10:00Z,295.3125,299.53125,301.99219,300.23438,300.23438,298.47656,299.17969,299.53125,300.23438,300.9375,300.58594,300.23438,5.27344,3.69141,3.98438,3.92578,3.98438,3.98438,3.98438,3.92578,4.10156,4.04297,3.98438,3.98438,3.80859,0.142822,0.179443,0.167236,0.158691,0.152588,0.137939,0.125732,0.136719,0.172119,0.145264,0.141602
2017-09-22T18:20:00Z,296.36719,302.69531,304.80469,301.99219,304.45313,305.85938,303.75,305.85938,304.80469,302.34375,303.39844,305.85938,4.04297,3.04688,3.45703,3.45703,3.39844,3.63281,3.45703,3.63281,3.51563,3.63281,3.51563,3.75,3.63281,0.152588,0.153809,0.169678,0.181885,0.183105,0.126953,0.169678,0.141602,0.131836,0.157471,0.142822
2017-09-22T18:30:00Z,292.85156,298.125,299.17969,299.17969,298.82813,301.28906,300.58594,303.04688,299.88281,302.34375,299.53125,303.39844,5.03906,3.57422,3.80859,3.92578,3.86719,3.98438,3.86719,3.92578,3.86719,3.92578,3.86719,3.98438,3.80859,0.179443,0.229492,0.174561,0.144043,0.187988,0.17334,0.206299,0.167236,0.198975,0.181885,0.175781
2017-09-22T18:40:00Z,285.11719,288.28125,287.92969,291.44531,288.63281,288.98438,289.6875,291.09375,289.6875,290.39063,291.44531,292.14844,4.80469,3.16406,3.45703,3.39844,3.28125,3.69141,3.63281,3.75,3.69141,3.75,3.80859,3.80859,3.80859,0.223389,0.241699,0.238037,0.22583,0.181885,0.195313,0.185547,0.17334,0.148926,0.186768,0.146484
2017-09-22T18:50:00Z,280.19531,284.41406,287.22656,287.22656,289.6875,289.33594,291.79688,291.44531,292.85156,291.44531,292.5,289.33594,3.92578,2.92969,3.33984,3.39844,3.39844,3.39844,3.45703,3.51563,3.57422,3.51563,3.45703,3.51563,3.57422,0.159912,0.185547,0.201416,0.170898,0.202637,0.183105,0.198975,0.203857,0.206299,0.187988,0.19043
2017-09-22T19:00:00Z,296.36719,301.99219,302.34375,302.69531,302.34375,304.80469,305.85938,302.34375,303.04688,304.10156,303.39844,304.10156,4.39453,3.16406,3.51563,3.57422,3.57422,3.63281,3.69141,3.75,3.63281,3.75,3.69141,3.63281,3.63281,0.161133,0.158691,0.17334,0.141602,0.136719,0.146484,0.197754,0.186768,0.175781,0.147705,0.202637
2017-09-22T19:10:00Z,304.10156,305.50781,303.39844,300.58594,302.69531,302.34375,301.64063,302.69531,301.28906,304.10156,302.34375,302.69531,3.39844,2.16797,2.51953,2.40234,2.51953,2.57813,2.57813,2.63672,2.75391,2.57813,2.75391,2.69531,2.87109,0.2771,0.250244,0.241699,0.316162,0.251465,0.290527,0.274658,0.296631,0.257568,0.291748,0.239258
2017-09-22T19:20:00Z,324.49219,326.25,325.54688,325.19531,317.46094,316.40625,312.89063,316.40625,314.29688,309.72656,309.72656,310.07813,2.51953,1.46484,1.64063,1.75781,1.69922,1.69922,1.875,1.81641,1.93359,1.93359,1.99219,1.93359,1.875,0.24292,0.235596,0.250244,0.222168,0.300293,0.29541,0.233154,0.272217,0.286865,0.24292,0.310059
2017-09-22T19:30:00Z,283.71094,286.875,282.65625,283.00781,285.46875,279.84375,287.92969,286.17188,292.5,292.14844,290.39063,292.85156,3.10547,1.81641,2.16797,2.16797,2.10938,2.28516,2.16797,2.28516,2.22656,2.28516,2.16797,2.28516,2.16797,0.2771,0.214844,0.194092,0.249023,0.213623,0.219727,0.236816,0.198975,0.194092,0.224609,0.166016
2017-09-22T19:40:00Z,266.48438,273.51563,273.51563,271.75781,275.27344,272.8125,279.14063,273.86719,277.03125,277.73438,276.32813,277.38281,3.51563,2.46094,2.87109,2.87109,2.8125,2.87109,2.8125,2.8125,2.8125,2.75391,2.69531,2.57813,2.63672,0.195313,0.168457,0.206299,0.166016,0.158691,0.167236,0.141602,0.189209,0.164795,0.206299,0.183105
2017-09-22T19:50:00Z,290.74219,296.36719,291.44531,290.39063,292.85156,289.6875,291.09375,287.57813,290.03906,288.28125,287.92969,286.17188,2.92969,2.22656,2.57813,2.69531,2.69531,2.63672,2.69531,2.63672,2.8125,2.69531,2.8125,2.63672,2.75391,0.187988,0.150146,0.163574,0.181885,0.114746,0.20874,0.184326,0.177002,0.181885,0.195313,0.174561
2017-09-22T20:00:00Z,271.75781,273.16406,277.38281,275.97656,273.86719,277.38281,273.51563,277.38281,274.57031,278.4375,276.32813,277.38281,3.33984,2.51953,2.92969,2.92969,2.98828,2.92969,3.10547,3.16406,3.16406,3.16406,3.10547,3.22266,3.16406,0.15625,0.179443,0.195313,0.181885,0.180664,0.179443,0.211182,0.159912,0.223389,0.147705,0.17334
2017-09-22T20:10:00Z,285.82031,293.20313,288.98438,289.6875,291.09375,288.98438,287.92969,286.17188,287.92969,286.17188,287.92969,288.98438,4.21875,2.57813,2.92969,2.87109,2.8125,2.98828,2.92969,2.87109,2.98828,2.92969,2.92969,2.98828,2.98828,0.29541,0.285645,0.311279,0.256348,0.249023,0.258789,0.279541,0.268555,0.26001,0.244141,0.222168
2017-09-22T20:20:00Z,287.92969,287.22656,289.6875,288.28125,288.63281,286.875,284.0625,288.63281,286.52344,287.22656,285.46875,284.76563,3.45703,2.46094,2.87109,2.92969,2.87109,2.8125,2.87109,2.87109,2.87109,2.92969,2.87109,2.8125,2.8125,0.192871,0.202637,0.19165,0.201416,0.233154,0.183105,0.252686,0.194092,0.239258,0.217285,0.203857
2017-09-22T20:30:00Z,291.44531,298.47656,294.60938,294.60938,296.71875,293.90625,297.77344,296.71875,297.77344,296.01563,297.42188,296.71875,3.51563,2.28516,2.51953,2.51953,2.63672,2.69531,2.57813,2.92969,2.69531,2.92969,2.69531,2.92969,2.69531,0.211182,0.192871,0.222168,0.185547,0.219727,0.196533,0.194092,0.142822,0.177002,0.152588,0.172119
2017-09-22T20:40:00Z,289.6875,290.74219,293.90625,293.55469,290.39063,286.52344,284.76563,281.60156,285.46875,282.65625,285.11719,284.41406,3.04688,1.875,2.34375,2.40234,2.40234,2.51953,2.57813,2.57813,2.63672,2.57813,2.57813,2.69531,2.63672,0.247803,0.231934,0.231934,0.245361,0.224609,0.219727,0.186768,0.245361,0.24292,0.168457,0.166016
2017-09-22T20:50:00Z,262.26563,270.70313,268.24219,272.10938,270.35156,272.10938,268.94531,267.53906,269.64844,272.46094,272.10938,271.05469,3.63281,2.46094,2.63672,2.63672,2.69531,2.69531,2.63672,2.63672,2.8125,2.8125,2.75391,2.75391,2.75391,0.220947,0.170898,0.187988,0.181885,0.179443,0.148926,0.151367,0.159912,0.151367,0.186768,0.13916
2017-09-22T21:00:00Z,260.85938,268.59375,263.32031,266.13281,264.02344,262.61719,265.07813,264.02344,265.07813,265.42969,266.13281,264.375,2.8125,1.81641,2.05078,2.10938,2.05078,2.10938,2.22656,2.22656,2.28516,2.34375,2.28516,2.28516,2.34375,0.292969,0.2771,0.245361,0.26123,0.317383,0.227051,0.236816,0.214844,0.244141,0.264893,0.263672
2017-09-22T21:10:00Z,266.48438,272.46094,270.70313,273.16406,274.92188,273.86719,277.38281,272.8125,275.97656,272.8125,275.97656,273.51563,3.28125,2.51953,2.69531,2.63672,2.63672,2.75391,2.63672,2.69531,2.40234,2.57813,2.46094,2.57813,2.46094,0.155029,0.150146,0.180664,0.175781,0.205078,0.194092,0.166016,0.196533,0.119629,0.198975,0.152588
2017-09-22T21:20:00Z,259.10156,266.83594,263.67188,262.96875,264.72656,265.07813,264.72656,262.96875,261.21094,259.80469,261.5625,261.91406,3.10547,2.05078,2.28516,2.34375,2.40234,2.51953,2.57813,2.51953,2.57813,2.63672,2.57813,2.63672,2.63672,0.255127,0.183105,0.201416,0.218506,0.201416,0.13916,0.15625,0.163574,0.137939,0.169678,0.187988
2017-09-22T21:30:00Z,262.61719,266.13281,264.72656,262.61719,261.5625,262.61719,264.72656,266.83594,262.96875,263.32031,263.32031,263.67188,3.22266,2.46094,2.69531,2.63672,2.69531,2.75391,2.87109,2.98828,2.87109,2.92969,2.98828,3.04688,3.04688,0.184326,0.181885,0.142822,0.185547,0.148926,0.162354,0.152588,0.155029,0.152588,0.162354,0.155029
2017-09-22T21:40:00Z,265.42969,265.42969,266.48438,265.07813,267.89063,267.1875,264.02344,264.02344,262.96875,262.61719,262.26563,261.5625,3.04688,2.16797,2.51953,2.57813,2.46094,2.69531,2.69531,2.8125,2.8125,2.98828,2.92969,2.98828,2.98828,0.216064,0.214844,0.189209,0.179443,0.152588,0.19043,0.144043,0.153809,0.119629,0.12207,0.101318
2017-09-22T21:50:00Z,262.61719,268.94531,267.53906,267.53906,266.13281,266.13281,264.02344,263.67188,265.42969,265.42969,265.07813,264.02344,3.28125,2.22656,2.57813,2.51953,2.57813,2.57813,2.57813,2.46094,2.57813,2.51953,2.57813,2.57813,2.57813,0.227051,0.205078,0.202637,0.209961,0.19165,0.195313,0.180664,0.19165,0.17334,0.196533,0.201416
2017-09-22T22:00:00Z,265.78125,269.29688,269.64844,269.64844,268.94531,265.78125,261.91406,261.91406,260.50781,261.91406,259.45313,262.96875,3.51563,2.51953,2.92969,2.92969,2.92969,3.04688,2.92969,2.92969,2.87109,2.87109,2.87109,2.87109,2.92969,0.180664,0.194092,0.186768,0.161133,0.155029,0.134277,0.209961,0.172119,0.189209,0.161133,0.179443
2017-09-22T22:10:00Z,260.85938,264.02344,260.15625,261.91406,260.85938,260.85938,263.32031,261.5625,260.50781,262.26563,261.21094,261.5625,3.33984,2.10938,2.46094,2.51953,2.51953,2.57813,2.63672,2.69531,2.63672,2.69531,2.8125,2.69531,2.8125,0.19165,0.17334,0.180664,0.20752,0.170898,0.19043,0.170898,0.178223,0.136719,0.140381,0.108643
2017-09-22T22:20:00Z,251.71875,255.23438,255.23438,253.82813,253.47656,256.99219,256.28906,262.61719,258.39844,261.21094,261.21094,261.5625,3.92578,2.69531,2.98828,3.04688,3.10547,2.98828,3.16406,3.10547,3.10547,3.10547,3.16406,3.22266,3.16406,0.230713,0.20752,0.20874,0.219727,0.228271,0.194092,0.249023,0.227051,0.234375,0.168457,0.202637
2017-09-22T22:30:00Z,259.10156,262.96875,262.61719,260.50781,262.26563,263.32031,264.375,263.32031,265.07813,262.26563,263.67188,261.91406,4.57031,2.75391,3.16406,3.10547,3.16406,3.22266,3.16406,3.22266,3.22266,3.28125,3.22266,3.33984,3.39844,0.168457,0.140381,0.162354,0.178223,0.168457,0.157471,0.180664,0.172119,0.170898,0.184326,0.169678
2017-09-22T22:40:00Z,251.01563,257.34375,254.88281,254.88281,252.77344,254.88281,254.88281,254.53125,255.58594,255.58594,256.64063,256.28906,4.16016,3.10547,3.63281,3.75,3.75,3.86719,3.80859,3.98438,3.92578,3.98438,4.04297,4.10156,4.10156,0.157471,0.130615,0.119629,0.147705,0.155029,0.13916,0.146484,0.125732,0.141602,0.142822,0.111084
2017-09-22T22:50:00Z,262.61719,264.02344,264.72656,263.32031,261.91406,263.32031,261.91406,261.91406,261.5625,261.91406,261.91406,260.85938,4.92188,3.16406,3.39844,3.39844,3.33984,3.45703,3.57422,3.57422,3.63281,3.63281,3.63281,3.63281,3.63281,0.155029,0.150146,0.17334,0.159912,0.169678,0.146484,0.144043,0.142822,0.169678,0.136719,0.147705
2017-09-22T23:00:00Z,253.47656,257.34375,259.10156,258.39844,258.39844,259.10156,258.39844,257.34375,255.23438,258.04688,255.9375,255.23438,4.6875,3.57422,3.98438,4.10156,3.98438,4.04297,4.04297,4.04297,4.04297,4.16016,4.10156,4.04297,4.04297,0.15625,0.135498,0.150146,0.166016,0.146484,0.150146,0.161133,0.158691,0.150146,0.155029,0.135498
2017-09-22T23:10:00Z,251.36719,251.36719,253.125,252.42188,252.42188,252.07031,252.07031,253.125,253.47656,255.23438,251.71875,254.88281,4.39453,3.16406,3.57422,3.63281,3.63281,3.75,3.75,3.92578,3.86719,3.98438,3.86719,3.86719,3.92578,0.184326,0.163574,0.192871,0.211182,0.166016,0.134277,0.181885,0.151367,0.155029,0.168457,0.142822
2017-09-22T23:20:00Z,248.55469,253.82813,252.42188,253.125,251.71875,249.96094,250.66406,250.3125,249.25781,250.3125,249.60938,249.25781,3.92578,2.8125,3.10547,3.22266,3.22266,3.22266,3.33984,3.45703,3.39844,3.57422,3.57422,3.57422,3.63281,0.180664,0.177002,0.19043,0.172119,0.150146,0.135498,0.13916,0.111084,0.13916,0.128174,0.102539
2017-09-22T23:30:00Z,255.23438,256.28906,255.9375,254.53125,253.47656,253.47656,252.07031,251.01563,252.42188,252.07031,253.125,251.01563,4.10156,2.92969,3.22266,3.22266,3.22266,3.16406,3.28125,3.22266,3.28125,3.33984,3.45703,3.39844,3.45703,0.166016,0.192871,0.200195,0.213623,0.205078,0.192871,0.194092,0.161133,0.166016,0.162354,0.192871
2017-09-22T23:40:00Z,257.69531,261.21094,263.67188,263.67188,261.21094,259.80469,257.34375,258.75,257.34375,258.75,258.39844,255.23438,4.10156,2.69531,3.16406,3.16406,2.98828,3.22266,3.16406,3.39844,3.33984,3.39844,3.33984,3.39844,3.33984,0.19165,0.209961,0.202637,0.200195,0.206299,0.202637,0.194092,0.202637,0.206299,0.174561,0.196533
2017-09-22T23:50:00Z,243.98438,250.66406,248.20313,247.85156,245.74219,248.90625,244.6875,249.96094,246.09375,247.14844,247.85156,247.85156,2.63672,1.75781,2.16797,2.22656,2.34375,2.28516,2.40234,2.40234,2.40234,2.40234,2.57813,2.51953,2.63672,0.206299,0.196533,0.181885,0.203857,0.185547,0.196533,0.175781,0.17334,0.169678,0.159912,0.150146
