LOCATION: 
SYSTEM SERIAL: HKZB
TIMESTAMP (ISO-8601) UTC,WindDir004m deg,WindDir030m deg,WindDir040m deg,WindDir040m_ref deg,WindDir060m deg,WindDir080m deg,WindDir100m deg,WindDir120m deg,WindDir140m deg,WindDir160m deg,WindDir180m deg,WindDir200m deg,WindGust004m m/s,WindSpeed004m m/s,WindSpeed030mh m/s,WindSpeed040mh m/s,WindSpeed040m_refh m/s,WindSpeed060mh m/s,WindSpeed080mh m/s,WindSpeed100mh m/s,WindSpeed120mh m/s,WindSpeed140mh m/s,WindSpeed160mh m/s,WindSpeed180mh m/s,WindSpeed200mh m/s,TI 030m,TI 040m,TI 040m ref,TI 060m,TI 080m,TI 100m,TI 120m,TI 140m,TI 160m,TI 180m,TI 200m
2017-08-31T00:00:00Z,342.42188,347.34375,346.64063,343.82813,344.17969,346.99219,349.10156,343.47656,349.45313,345.58594,349.80469,349.10156,10.54688,8.32031,9.84375,9.66797,9.66797,9.78516,9.90234,9.96094,9.72656,9.96094,9.84375,9.78516,9.90234,0.141602,0.169678,0.166016,0.175781,0.167236,0.136719,0.180664,0.12207,0.153809,0.146484,0.168457
2017-08-31T00:10:00Z,338.90625,337.85156,338.90625,342.07031,339.60938,337.85156,341.71875,338.20313,335.74219,338.90625,339.25781,344.17969,11.07422,8.78906,10.37109,10.60547,10.19531,10.66406,10.54688,9.96094,10.07813,10.54688,10.37109,10.42969,10.01953,0.169678,0.144043,0.112305,0.167236,0.159912,0.169678,0.161133,0.151367,0.144043,0.112305,0.119629
2017-08-31T00:20:00Z,335.74219,342.07031,341.36719,339.25781,337.5,341.01563,341.71875,339.60938,343.125,340.3125,341.71875,342.77344,10.78125,8.84766,9.375,9.375,9.49219,9.60938,10.07813,9.84375,10.07813,9.66797,9.96094,10.01953,10.07813,0.169678,0.134277,0.170898,0.157471,0.144043,0.174561,0.147705,0.155029,0.174561,0.126953,0.12207
2017-08-31T00:30:00Z,333.63281,333.28125,334.33594,332.22656,335.39063,337.5,335.74219,338.20313,337.5,337.85156,338.20313,334.6875,10.95703,8.78906,10.3125,10.37109,9.90234,10.48828,10.37109,10.25391,10.25391,10.3125,10.37109,10.07813,10.37109,0.12085,0.13916,0.148926,0.150146,0.13916,0.148926,0.140381,0.137939,0.184326,0.166016,0.145264
2017-08-31T00:40:00Z,335.03906,342.07031,343.125,341.01563,344.53125,342.77344,341.01563,339.60938,343.82813,341.36719,337.14844,337.85156,10.95703,8.90625,10.01953,9.96094,9.78516,9.60938,9.375,9.66797,9.96094,10.19531,9.43359,9.375,9.90234,0.147705,0.126953,0.159912,0.129395,0.198975,0.179443,0.135498,0.148926,0.203857,0.147705,0.114746
2017-08-31T00:50:00Z,338.55469,339.60938,342.07031,343.125,338.55469,341.01563,341.01563,340.66406,340.66406,346.28906,339.96094,344.53125,11.30859,8.73047,10.25391,10.13672,10.13672,10.01953,10.3125,9.90234,10.01953,10.19531,10.19531,9.66797,9.84375,0.147705,0.178223,0.157471,0.152588,0.126953,0.128174,0.175781,0.141602,0.117188,0.152588,0.150146
2017-08-31T01:00:00Z,335.39063,338.55469,337.85156,339.96094,336.09375,338.20313,338.90625,339.96094,338.20313,337.85156,339.60938,339.25781,10.54688,8.90625,9.19922,8.84766,9.25781,9.14063,9.19922,9.55078,9.19922,9.14063,9.43359,9.55078,9.14063,0.186768,0.168457,0.159912,0.146484,0.152588,0.131836,0.134277,0.144043,0.150146,0.112305,0.175781
2017-08-31T01:10:00Z,334.33594,341.71875,342.42188,340.66406,344.53125,336.79688,338.55469,338.90625,341.71875,345.58594,343.47656,338.55469,9.90234,8.02734,9.72656,9.72656,9.375,9.49219,8.96484,9.90234,9.72656,10.01953,9.66797,9.02344,9.02344,0.142822,0.109863,0.187988,0.155029,0.19165,0.135498,0.134277,0.158691,0.145264,0.141602,0.145264
2017-08-31T01:20:00Z,337.85156,339.96094,343.47656,339.60938,342.77344,342.07031,343.47656,343.47656,341.36719,345.23438,341.36719,342.42188,10.07813,8.32031,9.84375,9.49219,9.66797,9.96094,10.01953,9.90234,9.43359,9.84375,9.31641,9.55078,9.31641,0.153809,0.137939,0.167236,0.137939,0.19165,0.134277,0.186768,0.144043,0.168457,0.200195,0.172119
2017-08-31T01:30:00Z,335.39063,341.01563,338.90625,339.96094,341.01563,338.90625,343.125,339.96094,338.90625,338.20313,342.42188,338.90625,10.13672,8.55469,9.66797,9.66797,9.72656,9.66797,9.90234,9.78516,9.55078,9.78516,9.72656,9.78516,9.55078,0.123291,0.150146,0.117188,0.119629,0.12085,0.155029,0.134277,0.140381,0.167236,0.131836,0.114746
2017-08-31T01:40:00Z,337.85156,342.07031,336.44531,341.36719,344.17969,341.01563,340.66406,341.36719,343.47656,339.96094,336.44531,342.77344,11.13281,8.67188,9.375,10.07813,9.78516,10.25391,9.90234,9.96094,9.78516,9.90234,9.375,9.49219,9.43359,0.15625,0.146484,0.177002,0.161133,0.22583,0.134277,0.166016,0.180664,0.183105,0.158691,0.195313
2017-08-31T01:50:00Z,337.14844,333.98438,333.98438,336.44531,337.5,337.5,338.20313,339.96094,338.55469,338.55469,339.96094,338.20313,10.78125,8.55469,9.55078,9.72656,9.72656,10.07813,9.66797,9.72656,9.19922,9.84375,9.66797,9.43359,8.96484,0.148926,0.145264,0.185547,0.181885,0.123291,0.137939,0.229492,0.142822,0.144043,0.174561,0.150146
2017-08-31T02:00:00Z,330.46875,339.25781,341.71875,340.3125,337.5,340.66406,342.07031,340.3125,338.90625,339.25781,338.90625,338.20313,9.96094,8.20313,8.67188,8.84766,8.78906,9.14063,9.49219,9.25781,8.96484,9.25781,9.25781,8.90625,9.19922,0.178223,0.145264,0.180664,0.142822,0.115967,0.157471,0.148926,0.131836,0.189209,0.181885,0.126953
2017-08-31T02:10:00Z,337.14844,345.58594,346.28906,342.07031,344.53125,342.42188,338.55469,342.07031,341.01563,338.20313,340.66406,340.3125,9.84375,7.44141,9.43359,9.14063,9.02344,9.08203,9.14063,9.60938,9.49219,9.19922,9.19922,9.08203,8.96484,0.206299,0.169678,0.209961,0.184326,0.186768,0.179443,0.218506,0.181885,0.177002,0.163574,0.179443
2017-08-31T02:20:00Z,341.01563,344.88281,343.125,342.07031,343.125,345.9375,343.47656,344.17969,343.47656,345.23438,344.53125,346.28906,11.95313,8.96484,10.66406,11.01563,11.25,10.89844,11.13281,11.19141,10.95703,10.83984,10.72266,10.89844,10.78125,0.136719,0.134277,0.187988,0.147705,0.198975,0.177002,0.118408,0.145264,0.13916,0.107422,0.12085
2017-08-31T02:30:00Z,341.36719,346.64063,345.23438,344.88281,342.77344,346.64063,345.9375,344.53125,345.23438,343.47656,343.125,341.36719,12.12891,9.84375,10.01953,10.13672,10.01953,10.19531,10.19531,10.13672,9.96094,9.96094,9.90234,10.01953,9.90234,0.115967,0.13916,0.137939,0.128174,0.144043,0.153809,0.137939,0.12207,0.12207,0.13916,0.095215
2017-08-31T02:40:00Z,343.47656,350.85938,351.91406,346.99219,350.85938,347.34375,353.32031,346.64063,346.99219,347.69531,347.34375,346.64063,10.66406,8.61328,9.25781,9.375,9.43359,9.02344,9.25781,9.14063,9.55078,9.66797,9.375,9.43359,9.60938,0.108643,0.134277,0.134277,0.155029,0.141602,0.167236,0.126953,0.129395,0.131836,0.134277,0.130615
2017-08-31T02:50:00Z,346.64063,350.15625,349.45313,348.04688,347.69531,347.69531,351.5625,347.69531,350.50781,345.23438,348.39844,345.9375,9.90234,8.14453,9.08203,9.08203,8.96484,8.96484,9.49219,9.08203,9.19922,9.19922,9.55078,9.14063,9.02344,0.130615,0.126953,0.135498,0.115967,0.126953,0.148926,0.123291,0.133057,0.107422,0.123291,0.15625
2017-08-31T03:00:00Z,345.23438,354.375,351.5625,352.96875,353.67188,351.91406,348.04688,353.67188,352.26563,350.85938,350.85938,349.10156,9.49219,7.96875,8.78906,8.73047,9.25781,8.55469,8.78906,8.90625,9.25781,8.73047,8.78906,8.73047,9.14063,0.129395,0.130615,0.155029,0.107422,0.155029,0.157471,0.10498,0.108643,0.129395,0.140381,0.108643
2017-08-31T03:10:00Z,348.75,351.21094,349.45313,350.50781,352.61719,352.26563,348.39844,349.80469,347.34375,349.80469,352.26563,350.85938,9.66797,7.44141,7.96875,7.91016,7.79297,8.37891,8.20313,7.91016,8.08594,8.37891,8.67188,8.55469,8.32031,0.137939,0.142822,0.130615,0.158691,0.144043,0.17334,0.129395,0.130615,0.135498,0.128174,0.130615
2017-08-31T03:20:00Z,345.23438,346.28906,348.39844,346.28906,346.28906,349.10156,346.64063,347.34375,347.69531,350.50781,347.34375,347.69531,9.43359,7.38281,8.4375,8.49609,8.61328,8.78906,8.73047,8.67188,8.84766,9.14063,8.96484,9.02344,9.14063,0.124512,0.175781,0.129395,0.125732,0.130615,0.157471,0.145264,0.12207,0.12085,0.114746,0.148926
2017-08-31T03:30:00Z,339.96094,332.92969,335.39063,333.28125,332.92969,335.39063,330.82031,335.39063,338.90625,338.20313,335.74219,341.01563,9.375,7.79297,10.25391,10.25391,9.84375,10.3125,10.19531,10.54688,10.19531,10.07813,9.72656,9.66797,9.66797,0.249023,0.223389,0.172119,0.219727,0.162354,0.177002,0.15625,0.158691,0.148926,0.125732,0.161133
2017-08-31T03:40:00Z,322.03125,322.73438,322.03125,322.03125,322.03125,325.89844,325.19531,328.35938,329.41406,325.89844,330.82031,335.03906,12.24609,9.72656,10.48828,10.66406,10.37109,11.07422,10.78125,10.95703,10.3125,10.60547,10.83984,10.72266,10.48828,0.185547,0.15625,0.152588,0.186768,0.179443,0.140381,0.194092,0.179443,0.144043,0.178223,0.150146
2017-08-31T03:50:00Z,324.49219,335.39063,341.01563,338.55469,337.14844,337.5,339.60938,335.74219,337.5,340.66406,337.5,344.17969,11.07422,8.32031,9.375,9.375,9.02344,9.375,9.14063,9.02344,8.84766,9.55078,9.60938,9.02344,9.49219,0.201416,0.189209,0.159912,0.224609,0.240479,0.216064,0.216064,0.229492,0.250244,0.252686,0.234375
2017-08-31T04:00:00Z,343.125,354.72656,350.50781,353.32031,350.85938,351.5625,350.15625,348.75,349.45313,344.53125,345.9375,345.23438,10.37109,8.26172,9.49219,9.49219,9.375,9.375,9.72656,9.78516,9.43359,9.78516,10.01953,10.3125,10.19531,0.137939,0.17334,0.153809,0.12207,0.146484,0.134277,0.181885,0.172119,0.150146,0.129395,0.131836
2017-08-31T04:10:00Z,347.69531,351.5625,354.72656,354.02344,352.96875,352.26563,353.67188,355.07813,352.96875,349.10156,352.61719,351.21094,10.25391,8.49609,9.19922,9.02344,9.31641,9.31641,9.72656,10.25391,9.43359,9.55078,9.72656,10.13672,10.13672,0.144043,0.181885,0.144043,0.108643,0.117188,0.137939,0.157471,0.142822,0.124512,0.109863,0.131836
2017-08-31T04:20:00Z,349.10156,349.80469,352.61719,352.96875,353.32031,351.21094,349.80469,351.21094,350.15625,351.91406,349.80469,349.45313,9.66797,8.08594,8.49609,8.73047,8.61328,8.84766,8.67188,8.49609,8.78906,9.19922,8.90625,8.73047,8.84766,0.150146,0.108643,0.153809,0.136719,0.13916,0.147705,0.12207,0.129395,0.147705,0.169678,0.137939
2017-08-31T04:30:00Z,347.69531,354.72656,351.5625,354.375,351.21094,354.375,351.91406,351.5625,352.26563,354.375,351.91406,349.80469,9.31641,7.55859,8.14453,8.14453,8.4375,8.55469,8.37891,8.55469,8.37891,8.55469,8.49609,8.61328,8.73047,0.137939,0.114746,0.135498,0.142822,0.147705,0.137939,0.12085,0.131836,0.119629,0.114746,0.12085
2017-08-31T04:40:00Z,348.04688,341.71875,343.82813,342.77344,343.47656,339.96094,338.20313,341.01563,340.66406,344.53125,343.125,343.82813,9.19922,7.26563,8.32031,8.37891,8.67188,8.49609,8.49609,8.4375,9.02344,9.14063,9.19922,9.02344,8.73047,0.161133,0.195313,0.15625,0.175781,0.200195,0.192871,0.148926,0.159912,0.152588,0.133057,0.135498
2017-08-31T04:50:00Z,333.28125,333.63281,333.63281,330.46875,335.74219,334.6875,331.17188,337.85156,336.09375,337.14844,338.20313,340.66406,10.42969,8.26172,10.89844,10.83984,11.42578,10.78125,10.48828,11.19141,11.19141,10.83984,10.37109,10.42969,10.01953,0.205078,0.17334,0.157471,0.159912,0.168457,0.147705,0.179443,0.218506,0.19043,0.144043,0.189209
2017-08-31T05:00:00Z,327.30469,338.55469,337.5,337.14844,339.96094,337.85156,342.42188,341.36719,342.07031,342.42188,345.23438,340.66406,12.12891,9.84375,10.54688,10.83984,10.89844,10.95703,10.95703,11.01563,10.3125,10.78125,10.89844,10.78125,10.54688,0.150146,0.152588,0.119629,0.144043,0.144043,0.148926,0.155029,0.137939,0.145264,0.111084,0.124512
2017-08-31T05:10:00Z,336.79688,350.50781,346.28906,348.39844,347.34375,345.9375,347.34375,347.34375,342.77344,339.96094,342.42188,345.23438,10.83984,8.32031,7.91016,7.85156,8.14453,8.08594,8.49609,8.26172,8.14453,8.26172,8.37891,8.78906,8.55469,0.172119,0.166016,0.19043,0.151367,0.146484,0.148926,0.177002,0.129395,0.145264,0.130615,0.148926
2017-08-31T05:20:00Z,345.23438,344.53125,343.82813,341.36719,339.25781,342.07031,343.82813,347.69531,338.20313,340.3125,338.55469,337.85156,8.4375,6.67969,7.03125,6.97266,7.20703,7.26563,7.44141,7.5,7.20703,6.97266,7.73438,7.61719,7.85156,0.109863,0.13916,0.136719,0.159912,0.146484,0.147705,0.151367,0.140381,0.109863,0.180664,0.142822
2017-08-31T05:30:00Z,337.85156,342.42188,343.125,344.53125,345.58594,346.64063,342.77344,339.25781,342.77344,335.74219,333.98438,332.22656,8.26172,6.5625,7.14844,7.26563,6.79688,6.91406,7.08984,7.03125,7.20703,7.5,7.73438,7.96875,8.08594,0.205078,0.162354,0.119629,0.158691,0.134277,0.131836,0.135498,0.152588,0.145264,0.175781,0.151367
2017-08-31T05:40:00Z,343.125,353.32031,352.61719,351.5625,350.15625,350.50781,348.75,343.47656,341.71875,337.14844,332.22656,324.49219,7.96875,6.50391,6.85547,6.97266,6.85547,7.08984,7.26563,6.85547,7.03125,6.97266,7.20703,7.08984,7.67578,0.162354,0.118408,0.140381,0.180664,0.141602,0.164795,0.144043,0.194092,0.145264,0.159912,0.159912
2017-08-31T05:50:00Z,353.67188,355.78125,351.91406,353.67188,349.45313,346.28906,347.69531,341.01563,344.17969,334.6875,332.22656,332.57813,7.79297,5.97656,5.50781,5.625,5.50781,5.68359,6.03516,5.97656,6.09375,6.09375,6.21094,6.62109,6.73828,0.202637,0.217285,0.180664,0.179443,0.203857,0.187988,0.150146,0.151367,0.219727,0.179443,0.205078
2017-08-31T06:00:00Z,356.48438,2.46094,357.89063,0.70313,354.02344,357.89063,351.5625,353.32031,346.64063,347.34375,342.07031,338.20313,6.62109,4.74609,4.62891,4.86328,4.80469,5.03906,5.03906,5.21484,4.98047,5.27344,5.68359,5.74219,5.97656,0.224609,0.180664,0.189209,0.164795,0.240479,0.157471,0.252686,0.22583,0.166016,0.137939,0.177002
2017-08-31T06:10:00Z,338.55469,326.60156,327.30469,324.84375,325.89844,324.49219,324.14063,326.95313,327.30469,323.08594,322.73438,324.49219,7.38281,4.51172,6.21094,6.38672,6.5625,6.21094,6.79688,6.73828,6.62109,6.44531,6.50391,6.73828,6.5625,0.172119,0.162354,0.202637,0.200195,0.146484,0.150146,0.180664,0.17334,0.158691,0.137939,0.17334
2017-08-31T06:20:00Z,320.625,316.05469,319.92188,320.27344,318.16406,317.10938,318.16406,322.73438,312.53906,316.05469,316.05469,317.46094,7.5,5.91797,7.14844,7.38281,7.14844,7.55859,7.85156,7.67578,7.38281,7.08984,7.79297,7.79297,7.5,0.146484,0.125732,0.148926,0.155029,0.123291,0.151367,0.125732,0.163574,0.12207,0.125732,0.155029
2017-08-31T06:30:00Z,312.1875,311.48438,310.07813,305.85938,307.61719,307.96875,307.96875,308.32031,310.78125,304.10156,308.67188,308.32031,8.32031,6.09375,6.79688,6.67969,6.91406,6.97266,6.91406,6.97266,6.91406,6.79688,7.26563,7.14844,7.20703,0.161133,0.163574,0.177002,0.133057,0.196533,0.192871,0.129395,0.157471,0.177002,0.135498,0.157471
2017-08-31T06:40:00Z,302.69531,304.45313,308.67188,304.45313,304.10156,307.61719,305.50781,309.375,306.5625,305.85938,304.10156,308.32031,8.73047,6.32813,7.26563,7.03125,6.97266,7.44141,7.44141,7.5,7.38281,7.5,7.61719,7.79297,7.5,0.158691,0.183105,0.177002,0.172119,0.185547,0.151367,0.181885,0.140381,0.146484,0.142822,0.145264
2017-08-31T06:50:00Z,299.17969,299.88281,297.77344,298.125,301.28906,300.23438,297.77344,296.01563,299.88281,298.125,298.47656,301.64063,8.90625,6.50391,8.02734,8.26172,8.02734,8.32031,8.26172,8.26172,8.14453,8.37891,8.20313,8.37891,7.73438,0.155029,0.150146,0.170898,0.148926,0.134277,0.136719,0.131836,0.172119,0.131836,0.130615,0.169678
2017-08-31T07:00:00Z,290.39063,293.90625,287.22656,289.33594,291.09375,290.39063,286.52344,287.22656,288.63281,287.57813,287.22656,288.28125,9.14063,7.5,8.20313,8.14453,8.37891,8.32031,8.4375,8.61328,8.78906,8.84766,8.37891,8.4375,8.55469,0.150146,0.161133,0.130615,0.175781,0.157471,0.134277,0.147705,0.137939,0.123291,0.147705,0.13916
2017-08-31T07:10:00Z,284.41406,296.01563,292.5,292.85156,293.20313,291.79688,292.5,294.96094,293.90625,295.3125,292.14844,294.60938,9.90234,7.67578,9.02344,9.02344,9.19922,9.25781,9.19922,9.60938,9.25781,9.25781,9.19922,9.25781,9.02344,0.12207,0.142822,0.142822,0.12085,0.144043,0.136719,0.111084,0.10376,0.126953,0.108643,0.131836
2017-08-31T07:20:00Z,289.6875,298.82813,295.66406,296.01563,299.17969,294.60938,296.36719,297.07031,300.9375,298.82813,296.71875,294.96094,9.43359,7.26563,8.26172,8.26172,8.4375,8.32031,8.26172,8.4375,8.67188,8.14453,8.14453,7.73438,8.08594,0.197754,0.153809,0.180664,0.126953,0.144043,0.168457,0.155029,0.151367,0.107422,0.142822,0.157471
2017-08-31T07:30:00Z,300.58594,306.91406,309.375,311.48438,308.67188,312.1875,309.72656,310.42969,306.5625,309.375,306.5625,302.69531,9.90234,7.26563,7.61719,7.73438,7.73438,8.26172,8.20313,8.08594,7.91016,8.32031,8.20313,8.08594,8.26172,0.10498,0.189209,0.183105,0.13916,0.126953,0.15625,0.170898,0.158691,0.157471,0.169678,0.130615
2017-08-31T07:40:00Z,299.17969,290.74219,291.09375,292.85156,292.5,294.25781,290.74219,293.20313,291.09375,292.5,297.42188,294.96094,8.61328,6.67969,7.91016,7.67578,7.91016,7.96875,7.85156,7.91016,7.91016,7.79297,8.08594,8.02734,7.79297,0.126953,0.178223,0.135498,0.153809,0.123291,0.157471,0.098877,0.153809,0.15625,0.161133,0.157471
2017-08-31T07:50:00Z,290.39063,294.25781,298.47656,296.01563,297.42188,294.60938,295.66406,297.42188,296.01563,296.01563,297.77344,299.53125,8.49609,6.85547,7.67578,7.85156,7.85156,8.02734,8.20313,8.20313,8.14453,8.26172,8.32031,8.14453,8.02734,0.131836,0.159912,0.131836,0.162354,0.144043,0.167236,0.131836,0.13916,0.125732,0.125732,0.137939
2017-08-31T08:00:00Z,292.5,292.85156,298.82813,294.60938,294.25781,297.42188,291.79688,294.25781,288.28125,297.07031,295.3125,294.25781,8.90625,7.03125,7.91016,8.02734,7.85156,8.37891,8.08594,8.02734,8.02734,8.55469,8.49609,8.14453,8.14453,0.153809,0.147705,0.162354,0.161133,0.124512,0.146484,0.164795,0.131836,0.133057,0.168457,0.153809
2017-08-31T08:10:00Z,292.85156,293.55469,297.42188,293.90625,300.9375,298.47656,293.20313,301.28906,299.17969,298.125,294.60938,297.77344,9.49219,7.32422,8.32031,8.55469,8.14453,8.55469,8.14453,8.4375,8.4375,8.37891,8.37891,8.55469,8.37891,0.142822,0.111084,0.130615,0.129395,0.153809,0.164795,0.166016,0.152588,0.15625,0.179443,0.170898
2017-08-31T08:20:00Z,293.20313,315.70313,312.89063,312.53906,309.02344,309.375,306.21094,306.5625,312.1875,304.80469,303.04688,303.04688,9.25781,7.03125,8.02734,7.61719,8.08594,7.73438,7.91016,8.14453,8.02734,7.79297,7.79297,7.85156,8.14453,0.148926,0.192871,0.125732,0.152588,0.134277,0.123291,0.134277,0.123291,0.167236,0.183105,0.126953
2017-08-31T08:30:00Z,322.03125,324.49219,322.73438,324.49219,318.16406,326.25,315.0,318.51563,317.10938,318.16406,314.29688,309.72656,8.90625,6.73828,6.67969,6.50391,6.79688,6.97266,7.14844,7.03125,7.44141,7.14844,7.20703,6.91406,7.26563,0.108643,0.12207,0.181885,0.151367,0.129395,0.161133,0.180664,0.114746,0.185547,0.213623,0.144043
2017-08-31T08:40:00Z,318.16406,317.10938,318.16406,316.75781,315.70313,313.59375,314.64844,312.89063,315.70313,315.70313,316.40625,312.53906,7.85156,6.09375,6.62109,6.50391,6.62109,6.50391,6.44531,6.50391,6.67969,6.85547,6.5625,6.5625,6.38672,0.157471,0.161133,0.179443,0.151367,0.163574,0.141602,0.159912,0.180664,0.197754,0.123291,0.179443
2017-08-31T08:50:00Z,310.07813,311.48438,306.91406,308.32031,308.67188,308.67188,307.61719,311.83594,304.10156,306.91406,306.5625,301.99219,7.85156,5.97656,6.09375,6.21094,6.32813,6.32813,6.32813,6.50391,6.26953,6.38672,6.50391,6.38672,6.38672,0.172119,0.15625,0.19165,0.157471,0.136719,0.158691,0.178223,0.152588,0.144043,0.151367,0.175781
2017-08-31T09:00:00Z,303.75,306.91406,302.34375,299.88281,303.39844,299.88281,305.15625,300.23438,305.85938,301.99219,303.75,299.53125,7.32422,5.21484,5.56641,5.68359,5.625,5.74219,5.68359,5.68359,5.91797,5.85938,5.80078,5.97656,6.03516,0.161133,0.146484,0.163574,0.142822,0.162354,0.142822,0.170898,0.163574,0.169678,0.144043,0.146484
2017-08-31T09:10:00Z,299.17969,301.64063,297.07031,303.04688,304.45313,300.23438,300.9375,304.10156,301.99219,300.58594,301.64063,300.23438,6.91406,5.03906,5.21484,5.56641,5.27344,5.56641,5.44922,5.50781,5.68359,5.44922,5.91797,5.68359,5.91797,0.211182,0.151367,0.155029,0.148926,0.145264,0.163574,0.131836,0.163574,0.179443,0.151367,0.158691
2017-08-31T09:20:00Z,293.55469,294.96094,288.63281,289.6875,292.85156,292.14844,295.3125,290.03906,290.74219,294.60938,291.79688,288.63281,7.5,5.15625,5.97656,5.97656,6.32813,6.09375,6.32813,6.15234,6.32813,6.44531,6.38672,6.09375,6.26953,0.194092,0.166016,0.157471,0.15625,0.164795,0.168457,0.19043,0.179443,0.195313,0.131836,0.153809
2017-08-31T09:30:00Z,283.71094,285.11719,286.875,285.46875,280.89844,285.11719,288.28125,287.22656,286.875,290.03906,288.63281,290.74219,7.38281,5.625,6.03516,6.15234,6.5625,6.44531,6.67969,6.67969,6.73828,6.50391,6.67969,6.67969,6.91406,0.200195,0.135498,0.161133,0.159912,0.158691,0.126953,0.161133,0.159912,0.12207,0.107422,0.128174
2017-08-31T09:40:00Z,284.0625,283.71094,283.71094,286.52344,285.11719,289.33594,286.52344,291.79688,286.52344,290.39063,286.17188,284.41406,7.61719,5.97656,6.32813,6.21094,6.21094,6.44531,6.26953,6.62109,6.73828,6.50391,6.38672,6.38672,6.32813,0.170898,0.178223,0.177002,0.15625,0.186768,0.157471,0.158691,0.137939,0.147705,0.166016,0.174561
2017-08-31T09:50:00Z,282.30469,283.35938,283.00781,287.22656,284.76563,286.17188,287.57813,282.30469,283.35938,284.41406,283.71094,287.57813,7.38281,5.68359,6.38672,6.79688,6.50391,6.85547,6.85547,6.44531,6.67969,6.73828,6.79688,6.85547,6.5625,0.142822,0.155029,0.145264,0.15625,0.169678,0.095215,0.111084,0.153809,0.114746,0.113525,0.140381
2017-08-31T10:00:00Z,283.00781,286.875,287.92969,289.6875,283.71094,285.46875,286.875,286.52344,283.71094,283.00781,285.11719,286.875,8.26172,5.97656,6.15234,6.32813,6.32813,6.44531,6.73828,6.50391,6.38672,6.32813,6.32813,6.5625,6.44531,0.145264,0.155029,0.148926,0.167236,0.129395,0.180664,0.153809,0.148926,0.153809,0.158691,0.152588
2017-08-31T10:10:00Z,278.78906,283.71094,282.30469,280.89844,280.54688,283.00781,281.60156,284.76563,284.76563,283.00781,284.41406,291.09375,7.38281,5.80078,6.32813,6.32813,6.38672,6.5625,6.15234,6.44531,6.62109,6.62109,6.44531,6.73828,6.5625,0.195313,0.17334,0.140381,0.17334,0.205078,0.184326,0.172119,0.141602,0.142822,0.157471,0.155029
2017-08-31T10:20:00Z,277.73438,277.03125,280.54688,280.19531,279.84375,280.89844,284.0625,280.19531,284.0625,281.95313,284.0625,281.95313,7.55859,5.80078,6.67969,6.91406,6.62109,6.67969,6.73828,6.62109,6.67969,6.67969,6.67969,6.73828,6.62109,0.163574,0.129395,0.146484,0.111084,0.136719,0.133057,0.128174,0.125732,0.146484,0.168457,0.092773
2017-08-31T10:30:00Z,281.25,284.0625,285.82031,286.875,282.30469,290.03906,283.71094,288.28125,284.76563,285.82031,285.46875,284.41406,7.38281,5.85938,6.32813,6.21094,6.32813,6.44531,6.50391,6.5625,6.50391,6.5625,6.44531,6.50391,6.67969,0.145264,0.151367,0.144043,0.144043,0.145264,0.13916,0.133057,0.136719,0.145264,0.158691,0.123291
2017-08-31T10:40:00Z,280.19531,276.32813,283.00781,276.32813,282.30469,279.84375,284.0625,280.89844,285.82031,279.49219,279.84375,281.25,7.26563,5.625,6.15234,6.03516,5.91797,5.85938,6.09375,6.09375,6.15234,6.15234,5.97656,6.03516,6.21094,0.163574,0.162354,0.141602,0.151367,0.158691,0.181885,0.117188,0.164795,0.192871,0.141602,0.13916
2017-08-31T10:50:00Z,279.49219,279.49219,280.54688,285.46875,277.73438,278.4375,279.49219,281.25,278.4375,279.49219,277.38281,282.30469,7.14844,5.50781,5.85938,6.09375,6.26953,6.21094,6.32813,6.26953,6.21094,6.15234,6.26953,6.09375,6.38672,0.178223,0.178223,0.145264,0.155029,0.162354,0.153809,0.159912,0.158691,0.152588,0.152588,0.135498
2017-08-31T11:00:00Z,272.10938,276.32813,277.03125,275.625,277.03125,275.27344,275.625,275.625,279.84375,274.92188,276.32813,274.21875,7.14844,5.68359,5.97656,5.97656,6.15234,6.03516,6.03516,6.09375,6.21094,5.97656,6.03516,5.97656,6.09375,0.175781,0.150146,0.159912,0.220947,0.159912,0.163574,0.15625,0.150146,0.148926,0.177002,0.169678
2017-08-31T11:10:00Z,267.89063,270.35156,272.10938,271.75781,270.0,270.35156,267.53906,268.24219,270.35156,272.10938,268.24219,266.48438,7.03125,5.39063,6.38672,6.21094,6.38672,6.03516,6.09375,6.50391,6.79688,6.44531,6.5625,6.09375,6.5625,0.119629,0.112305,0.123291,0.147705,0.155029,0.146484,0.12085,0.123291,0.112305,0.179443,0.123291
2017-08-31T11:20:00Z,270.35156,273.86719,273.51563,276.32813,276.32813,277.03125,269.64844,274.92188,272.8125,276.67969,275.625,277.73438,7.14844,5.56641,6.09375,6.21094,5.91797,6.38672,5.97656,6.15234,6.32813,6.5625,6.44531,6.21094,6.26953,0.167236,0.180664,0.155029,0.162354,0.175781,0.192871,0.146484,0.153809,0.13916,0.151367,0.169678
2017-08-31T11:30:00Z,267.1875,265.42969,264.375,267.53906,265.78125,265.07813,266.83594,267.53906,266.13281,268.24219,271.05469,270.35156,6.97266,5.33203,5.85938,5.97656,5.91797,5.97656,6.15234,6.09375,6.09375,6.26953,6.26953,6.26953,6.03516,0.177002,0.148926,0.151367,0.125732,0.113525,0.109863,0.114746,0.152588,0.12207,0.118408,0.150146
2017-08-31T11:40:00Z,261.21094,261.5625,261.91406,260.15625,259.10156,256.28906,256.64063,260.15625,265.07813,264.72656,259.45313,256.64063,7.26563,5.625,6.38672,6.38672,6.50391,6.26953,6.38672,6.44531,6.73828,6.62109,6.67969,6.21094,6.79688,0.12085,0.178223,0.137939,0.125732,0.112305,0.131836,0.159912,0.117188,0.185547,0.155029,0.150146
2017-08-31T11:50:00Z,258.75,264.72656,267.89063,265.07813,270.35156,266.83594,268.59375,264.375,268.24219,266.83594,265.07813,266.83594,7.32422,5.80078,6.21094,6.38672,6.38672,6.50391,6.73828,6.44531,6.50391,6.62109,6.44531,6.50391,6.5625,0.157471,0.144043,0.12085,0.169678,0.123291,0.168457,0.167236,0.141602,0.144043,0.153809,0.147705
2017-08-31T12:00:00Z,267.1875,272.46094,270.70313,273.86719,273.16406,272.10938,272.8125,270.35156,272.46094,270.0,270.35156,272.8125,7.5,5.85938,6.62109,6.91406,6.85547,6.44531,6.91406,6.73828,6.85547,6.85547,6.97266,6.73828,6.79688,0.152588,0.147705,0.161133,0.174561,0.140381,0.123291,0.158691,0.119629,0.133057,0.135498,0.102539
2017-08-31T12:10:00Z,267.89063,265.42969,267.1875,265.78125,267.89063,263.67188,267.89063,268.59375,269.64844,266.13281,267.1875,266.13281,7.91016,6.21094,6.62109,6.5625,6.91406,6.73828,6.91406,7.03125,6.91406,6.91406,6.85547,6.97266,6.97266,0.187988,0.185547,0.140381,0.13916,0.135498,0.12085,0.131836,0.140381,0.129395,0.117188,0.163574
2017-08-31T12:20:00Z,264.02344,269.29688,271.05469,270.35156,271.05469,270.35156,272.10938,267.1875,270.35156,273.51563,271.40625,269.64844,8.08594,6.03516,7.03125,6.67969,6.91406,6.79688,6.73828,6.91406,6.79688,6.97266,6.85547,6.73828,6.79688,0.186768,0.125732,0.106201,0.157471,0.161133,0.144043,0.163574,0.155029,0.126953,0.145264,0.164795
2017-08-31T12:30:00Z,271.05469,271.05469,273.16406,271.40625,273.51563,271.40625,268.94531,270.70313,268.24219,273.86719,271.75781,272.46094,7.61719,6.09375,6.91406,6.85547,6.67969,6.85547,6.67969,6.73828,6.97266,6.97266,6.67969,6.73828,6.67969,0.203857,0.142822,0.142822,0.161133,0.167236,0.170898,0.141602,0.12207,0.135498,0.13916,0.133057
2017-08-31T12:40:00Z,266.13281,270.0,267.53906,268.24219,269.29688,265.78125,271.05469,266.48438,266.13281,269.64844,268.59375,267.89063,7.5,5.85938,6.79688,6.79688,6.85547,6.67969,6.97266,6.79688,6.79688,6.79688,6.85547,6.85547,6.85547,0.131836,0.118408,0.133057,0.142822,0.159912,0.151367,0.129395,0.133057,0.123291,0.126953,0.136719
2017-08-31T12:50:00Z,268.59375,275.27344,273.86719,274.92188,273.86719,273.51563,276.67969,270.70313,272.8125,275.97656,273.16406,270.70313,7.67578,6.21094,6.5625,6.85547,7.03125,6.85547,7.08984,6.67969,6.85547,6.85547,7.14844,6.73828,7.14844,0.169678,0.136719,0.125732,0.145264,0.118408,0.195313,0.163574,0.134277,0.157471,0.15625,0.147705
2017-08-31T13:00:00Z,269.29688,270.0,269.64844,269.64844,269.64844,270.70313,269.29688,271.05469,267.1875,271.40625,270.70313,270.35156,7.61719,5.91797,6.67969,6.67969,6.50391,6.85547,6.67969,6.79688,6.62109,6.79688,6.85547,6.85547,6.67969,0.133057,0.15625,0.17334,0.142822,0.181885,0.153809,0.134277,0.158691,0.114746,0.145264,0.150146
2017-08-31T13:10:00Z,273.51563,278.4375,278.78906,278.08594,277.73438,275.97656,280.54688,276.67969,280.19531,277.03125,279.14063,275.97656,7.85156,6.15234,6.5625,6.73828,6.67969,6.50391,6.79688,6.73828,6.79688,6.67969,6.79688,6.67969,6.91406,0.159912,0.159912,0.134277,0.163574,0.130615,0.15625,0.150146,0.128174,0.118408,0.142822,0.166016
2017-08-31T13:20:00Z,271.40625,270.70313,272.8125,272.10938,268.59375,271.75781,273.16406,268.59375,271.40625,269.64844,272.8125,272.8125,7.20703,5.91797,6.44531,6.67969,6.44531,6.85547,7.03125,6.73828,6.67969,6.73828,6.97266,6.85547,6.79688,0.129395,0.136719,0.128174,0.126953,0.112305,0.129395,0.131836,0.117188,0.124512,0.12207,0.081787
2017-08-31T13:30:00Z,266.83594,273.16406,268.24219,272.10938,268.94531,268.59375,269.64844,269.64844,273.86719,270.35156,271.40625,268.59375,7.85156,5.91797,6.38672,6.26953,6.85547,6.85547,6.73828,6.85547,7.14844,6.97266,6.73828,6.85547,6.79688,0.216064,0.179443,0.130615,0.145264,0.145264,0.141602,0.12085,0.159912,0.174561,0.172119,0.187988
2017-08-31T13:40:00Z,270.0,273.16406,271.40625,272.46094,273.51563,269.64844,273.51563,272.8125,270.70313,272.8125,270.35156,271.05469,7.44141,5.625,6.15234,6.38672,6.5625,6.67969,6.5625,6.62109,6.38672,6.5625,6.85547,6.79688,6.73828,0.134277,0.163574,0.140381,0.134277,0.159912,0.150146,0.153809,0.136719,0.134277,0.186768,0.12207
2017-08-31T13:50:00Z,262.96875,261.91406,265.78125,259.80469,264.72656,265.42969,266.83594,265.78125,264.72656,267.1875,267.1875,268.24219,7.26563,5.80078,6.62109,6.67969,6.50391,6.62109,6.79688,6.62109,6.62109,6.67969,6.79688,6.85547,6.38672,0.164795,0.112305,0.112305,0.129395,0.142822,0.141602,0.131836,0.144043,0.151367,0.167236,0.146484
2017-08-31T14:00:00Z,266.13281,272.8125,270.70313,275.625,271.75781,270.35156,271.75781,276.32813,274.21875,273.16406,273.86719,277.38281,6.91406,5.39063,6.15234,6.03516,6.21094,6.21094,6.09375,6.44531,6.38672,6.15234,6.21094,6.50391,6.15234,0.148926,0.134277,0.17334,0.194092,0.142822,0.148926,0.175781,0.142822,0.12207,0.183105,0.137939
2017-08-31T14:10:00Z,265.78125,270.70313,273.51563,270.70313,271.05469,274.57031,274.21875,274.57031,272.8125,272.46094,271.40625,275.27344,7.32422,5.56641,6.15234,6.21094,6.03516,6.21094,6.44531,6.21094,6.32813,6.44531,6.62109,6.38672,6.38672,0.13916,0.157471,0.217285,0.180664,0.148926,0.147705,0.151367,0.133057,0.15625,0.146484,0.153809
2017-08-31T14:20:00Z,273.51563,273.16406,272.46094,272.46094,271.40625,270.35156,271.75781,272.10938,271.05469,271.75781,270.0,268.24219,7.67578,5.625,6.03516,5.97656,6.26953,6.15234,6.26953,6.50391,6.50391,6.32813,6.21094,6.26953,6.38672,0.133057,0.157471,0.177002,0.164795,0.164795,0.112305,0.125732,0.137939,0.180664,0.166016,0.163574
2017-08-31T14:30:00Z,270.35156,271.75781,273.16406,273.86719,272.10938,273.86719,273.16406,269.64844,270.0,272.8125,271.05469,270.70313,7.03125,5.625,6.03516,6.15234,6.09375,6.26953,6.15234,5.97656,6.09375,6.09375,6.21094,5.97656,6.32813,0.166016,0.152588,0.13916,0.134277,0.141602,0.150146,0.145264,0.144043,0.172119,0.13916,0.155029
2017-08-31T14:40:00Z,264.72656,272.8125,270.35156,267.53906,271.40625,271.40625,268.59375,266.48438,271.40625,269.64844,271.75781,272.46094,6.91406,5.33203,5.80078,6.03516,5.80078,6.15234,5.80078,5.97656,6.09375,6.38672,6.15234,6.21094,5.85938,0.174561,0.201416,0.202637,0.230713,0.164795,0.155029,0.152588,0.152588,0.147705,0.213623,0.170898
2017-08-31T14:50:00Z,265.42969,272.10938,276.32813,270.70313,270.35156,273.86719,270.0,275.625,270.70313,273.16406,271.05469,272.46094,7.14844,5.09766,5.97656,5.68359,6.21094,5.91797,6.09375,6.15234,6.15234,5.91797,5.97656,6.03516,5.91797,0.155029,0.157471,0.12085,0.155029,0.163574,0.114746,0.133057,0.17334,0.133057,0.133057,0.17334
2017-08-31T15:00:00Z,264.72656,268.24219,263.67188,265.07813,266.13281,266.48438,267.1875,265.07813,265.07813,266.48438,264.02344,265.78125,7.20703,5.39063,5.97656,6.15234,6.09375,6.32813,6.38672,6.50391,6.44531,6.67969,6.44531,6.26953,6.44531,0.155029,0.153809,0.141602,0.164795,0.159912,0.133057,0.12207,0.145264,0.150146,0.130615,0.147705
2017-08-31T15:10:00Z,267.1875,271.40625,270.35156,271.05469,267.89063,266.48438,268.94531,268.59375,267.89063,270.35156,269.64844,268.94531,8.4375,4.80469,5.50781,5.44922,5.625,5.625,5.85938,5.85938,5.80078,5.625,5.91797,5.74219,5.91797,0.141602,0.179443,0.153809,0.170898,0.147705,0.140381,0.158691,0.167236,0.187988,0.179443,0.15625
2017-08-31T15:20:00Z,265.07813,269.64844,266.48438,266.83594,265.42969,266.48438,265.42969,264.375,264.375,264.72656,264.02344,263.67188,6.97266,4.80469,5.33203,5.33203,5.56641,5.39063,5.44922,5.50781,5.68359,5.56641,5.74219,5.39063,5.68359,0.133057,0.118408,0.129395,0.142822,0.17334,0.152588,0.184326,0.164795,0.15625,0.159912,0.169678
2017-08-31T15:30:00Z,259.45313,265.07813,264.02344,261.91406,263.32031,261.21094,260.85938,260.15625,259.10156,262.26563,260.85938,261.91406,6.26953,4.80469,5.03906,5.03906,5.03906,5.21484,5.15625,5.15625,5.33203,5.44922,5.44922,5.27344,5.39063,0.230713,0.155029,0.166016,0.203857,0.155029,0.157471,0.152588,0.175781,0.175781,0.181885,0.131836
2017-08-31T15:40:00Z,258.04688,268.24219,263.32031,261.91406,265.07813,260.85938,264.72656,262.96875,262.61719,261.5625,265.78125,264.02344,5.85938,4.51172,4.86328,4.74609,4.92188,4.6875,4.86328,5.03906,5.15625,5.03906,5.27344,5.09766,5.33203,0.166016,0.123291,0.130615,0.194092,0.144043,0.147705,0.144043,0.141602,0.133057,0.183105,0.159912
2017-08-31T15:50:00Z,257.69531,261.91406,262.96875,263.32031,264.375,264.02344,266.13281,263.67188,264.02344,265.42969,267.1875,263.67188,6.21094,4.45313,4.80469,4.86328,4.98047,4.80469,5.09766,4.80469,4.92188,4.92188,4.98047,5.15625,4.62891,0.179443,0.153809,0.170898,0.129395,0.205078,0.168457,0.162354,0.155029,0.152588,0.111084,0.197754
2017-08-31T16:00:00Z,259.45313,262.61719,262.61719,261.21094,261.91406,266.48438,263.32031,263.32031,262.61719,262.26563,264.375,260.85938,5.97656,3.98438,4.6875,4.74609,4.6875,4.80469,4.80469,4.80469,4.86328,4.86328,4.86328,4.86328,4.86328,0.167236,0.142822,0.164795,0.180664,0.107422,0.162354,0.114746,0.135498,0.183105,0.19043,0.135498
2017-08-31T16:10:00Z,267.89063,277.38281,271.05469,271.75781,271.75781,272.46094,273.51563,272.10938,268.94531,268.94531,268.24219,266.83594,5.74219,4.21875,4.57031,4.6875,4.6875,4.92188,4.98047,4.98047,4.6875,4.74609,4.98047,4.92188,4.98047,0.164795,0.130615,0.223389,0.180664,0.181885,0.15625,0.183105,0.169678,0.180664,0.161133,0.189209
2017-08-31T16:20:00Z,267.1875,268.94531,269.29688,267.89063,267.53906,268.59375,266.83594,265.78125,265.42969,265.42969,265.78125,266.48438,5.50781,4.10156,4.45313,4.51172,4.62891,4.51172,4.6875,4.57031,4.80469,4.6875,4.92188,4.86328,4.74609,0.20752,0.17334,0.185547,0.187988,0.145264,0.153809,0.178223,0.163574,0.15625,0.198975,0.178223
2017-08-31T16:30:00Z,259.80469,260.85938,256.28906,258.39844,262.61719,259.80469,256.64063,259.10156,258.04688,257.34375,255.9375,258.75,5.625,3.86719,3.86719,4.27734,3.98438,4.16016,4.04297,3.92578,4.33594,4.21875,4.16016,4.21875,4.33594,0.197754,0.183105,0.206299,0.145264,0.20752,0.178223,0.162354,0.175781,0.168457,0.133057,0.137939
2017-08-31T16:40:00Z,253.82813,254.53125,258.39844,257.69531,257.34375,258.39844,256.99219,259.45313,254.53125,256.64063,254.17969,257.34375,4.80469,3.63281,4.21875,4.39453,4.21875,4.33594,4.27734,4.27734,4.33594,4.27734,4.33594,4.45313,4.51172,0.141602,0.151367,0.162354,0.174561,0.13916,0.140381,0.142822,0.15625,0.117188,0.153809,0.161133
2017-08-31T16:50:00Z,257.34375,261.5625,265.07813,266.13281,262.61719,265.78125,265.42969,260.85938,262.61719,265.07813,262.96875,264.375,5.625,3.63281,4.10156,3.98438,3.92578,4.04297,4.10156,3.92578,3.92578,4.21875,4.10156,4.04297,3.98438,0.162354,0.241699,0.179443,0.213623,0.19165,0.238037,0.213623,0.169678,0.179443,0.186768,0.178223
2017-08-31T17:00:00Z,256.28906,256.28906,257.34375,256.64063,258.04688,258.75,258.39844,257.34375,253.47656,254.53125,253.47656,253.82813,5.15625,3.80859,4.27734,4.21875,4.21875,4.45313,4.39453,4.39453,4.16016,4.45313,4.33594,4.39453,4.33594,0.168457,0.175781,0.168457,0.140381,0.146484,0.119629,0.119629,0.168457,0.145264,0.142822,0.159912
2017-08-31T17:10:00Z,258.04688,267.53906,270.70313,269.64844,269.29688,270.70313,270.35156,271.75781,269.29688,270.35156,267.1875,268.59375,4.62891,3.39844,3.75,3.75,3.80859,3.86719,3.98438,3.92578,3.98438,3.92578,4.04297,3.98438,4.16016,0.170898,0.181885,0.181885,0.155029,0.155029,0.135498,0.205078,0.175781,0.150146,0.174561,0.135498
2017-08-31T17:20:00Z,262.96875,258.04688,261.5625,262.61719,259.45313,256.28906,258.04688,261.21094,255.9375,259.45313,253.47656,258.04688,4.51172,3.45703,3.86719,3.75,3.75,3.75,3.80859,3.92578,3.86719,3.92578,3.86719,4.04297,3.92578,0.19165,0.183105,0.183105,0.222168,0.183105,0.17334,0.180664,0.186768,0.136719,0.214844,0.158691
2017-08-31T17:30:00Z,259.45313,265.78125,263.67188,261.5625,264.72656,262.26563,262.96875,261.5625,263.32031,265.42969,265.42969,261.91406,5.21484,3.45703,4.10156,4.16016,4.21875,4.27734,4.16016,4.10156,4.10156,4.21875,4.04297,3.98438,4.04297,0.123291,0.158691,0.152588,0.152588,0.134277,0.164795,0.158691,0.159912,0.153809,0.151367,0.123291
2017-08-31T17:40:00Z,267.53906,277.38281,275.97656,275.97656,272.8125,271.75781,270.70313,273.51563,273.16406,271.40625,270.70313,269.29688,5.15625,3.63281,3.63281,3.51563,3.57422,3.63281,3.63281,3.86719,3.80859,3.69141,3.75,3.86719,3.92578,0.197754,0.192871,0.195313,0.177002,0.180664,0.218506,0.195313,0.200195,0.161133,0.119629,0.164795
2017-08-31T17:50:00Z,265.78125,259.10156,259.80469,260.85938,259.45313,257.34375,259.80469,256.99219,257.69531,257.34375,257.34375,254.88281,5.68359,3.16406,3.75,3.80859,3.92578,3.86719,3.92578,3.86719,4.04297,3.92578,3.92578,3.92578,3.92578,0.179443,0.131836,0.206299,0.183105,0.148926,0.153809,0.146484,0.192871,0.168457,0.17334,0.181885
2017-08-31T18:00:00Z,254.88281,259.10156,260.50781,259.10156,254.53125,254.53125,255.58594,255.9375,255.23438,252.07031,256.28906,255.9375,5.09766,3.28125,3.33984,3.22266,3.33984,3.45703,3.57422,3.51563,3.57422,3.51563,3.63281,3.69141,3.57422,0.20874,0.267334,0.205078,0.164795,0.194092,0.155029,0.203857,0.196533,0.240479,0.181885,0.183105
2017-08-31T18:10:00Z,256.64063,263.67188,261.91406,261.5625,262.96875,261.91406,266.83594,265.78125,268.59375,265.42969,267.53906,267.53906,4.57031,3.16406,3.98438,3.92578,3.86719,3.86719,3.75,4.04297,3.86719,3.98438,3.80859,3.98438,3.98438,0.170898,0.162354,0.198975,0.179443,0.144043,0.158691,0.187988,0.20752,0.15625,0.178223,0.196533
2017-08-31T18:20:00Z,257.69531,266.83594,265.07813,265.07813,266.48438,263.67188,265.07813,264.375,264.02344,266.83594,265.78125,265.42969,4.86328,3.16406,3.57422,3.45703,3.45703,3.57422,3.51563,3.57422,3.51563,3.86719,3.69141,3.75,3.63281,0.155029,0.17334,0.211182,0.195313,0.155029,0.195313,0.168457,0.235596,0.17334,0.178223,0.155029
2017-08-31T18:30:00Z,260.85938,261.5625,257.34375,259.10156,256.28906,255.9375,254.88281,252.07031,254.17969,249.96094,251.71875,251.36719,4.6875,3.04688,3.33984,3.51563,3.57422,3.45703,3.75,3.51563,3.69141,3.63281,3.80859,3.69141,3.80859,0.223389,0.209961,0.203857,0.200195,0.186768,0.179443,0.184326,0.163574,0.180664,0.168457,0.167236
2017-08-31T18:40:00Z,249.60938,254.88281,254.17969,255.23438,254.17969,254.88281,253.82813,254.53125,253.47656,250.66406,251.01563,250.66406,4.74609,2.92969,3.16406,3.39844,3.39844,3.28125,3.39844,3.45703,3.51563,3.45703,3.45703,3.63281,3.51563,0.195313,0.186768,0.20752,0.223389,0.177002,0.152588,0.178223,0.155029,0.152588,0.161133,0.178223
2017-08-31T18:50:00Z,254.53125,248.55469,248.90625,252.77344,249.25781,249.96094,248.20313,249.60938,246.44531,250.66406,247.5,248.90625,4.04297,2.69531,2.98828,2.8125,2.87109,3.22266,3.04688,3.16406,3.04688,3.16406,3.10547,3.16406,3.16406,0.217285,0.20874,0.220947,0.181885,0.181885,0.140381,0.164795,0.153809,0.148926,0.136719,0.164795
2017-08-31T19:00:00Z,240.11719,235.54688,237.65625,233.78906,237.30469,236.95313,239.41406,237.30469,238.00781,240.82031,238.35938,238.71094,4.04297,2.75391,3.16406,2.98828,2.87109,3.10547,2.98828,3.10547,2.98828,3.16406,3.10547,3.16406,3.10547,0.194092,0.172119,0.219727,0.224609,0.185547,0.181885,0.227051,0.146484,0.187988,0.157471,0.133057
2017-08-31T19:10:00Z,222.89063,221.83594,220.07813,221.48438,223.94531,223.94531,231.67969,232.03125,231.67969,228.16406,229.92188,226.75781,4.16016,2.69531,2.92969,2.87109,2.98828,3.04688,3.04688,3.33984,3.10547,3.16406,3.10547,3.16406,3.10547,0.178223,0.195313,0.217285,0.169678,0.194092,0.196533,0.267334,0.185547,0.216064,0.256348,0.203857
2017-08-31T19:20:00Z,219.375,241.17188,238.71094,238.71094,242.22656,238.71094,239.76563,238.00781,239.41406,236.60156,236.25,233.78906,4.04297,2.92969,3.22266,3.22266,3.28125,3.16406,3.22266,3.28125,3.33984,3.28125,3.28125,3.28125,3.28125,0.140381,0.169678,0.205078,0.129395,0.162354,0.175781,0.175781,0.151367,0.17334,0.169678,0.174561
2017-08-31T19:30:00Z,242.22656,236.95313,239.41406,242.92969,236.60156,240.82031,238.35938,241.52344,240.11719,240.11719,237.65625,240.46875,3.92578,2.98828,2.57813,2.63672,2.69531,2.63672,2.92969,2.8125,2.92969,2.8125,2.8125,2.92969,3.04688,0.256348,0.249023,0.317383,0.290527,0.321045,0.249023,0.253906,0.241699,0.251465,0.206299,0.203857
2017-08-31T19:40:00Z,222.1875,239.76563,235.89844,236.25,235.54688,239.41406,232.38281,237.65625,234.49219,241.17188,236.60156,238.35938,3.39844,1.75781,2.28516,2.40234,2.46094,2.34375,2.57813,2.69531,2.75391,2.75391,2.69531,2.75391,2.69531,0.327148,0.306396,0.289307,0.27832,0.250244,0.224609,0.214844,0.224609,0.192871,0.184326,0.218506
2017-08-31T19:50:00Z,234.49219,242.57813,248.55469,251.36719,244.33594,242.92969,239.0625,245.03906,237.65625,241.875,242.92969,245.03906,3.33984,2.05078,2.34375,2.40234,2.34375,2.51953,2.46094,2.46094,2.57813,2.63672,2.57813,2.57813,2.57813,0.194092,0.29541,0.283203,0.244141,0.247803,0.239258,0.262451,0.222168,0.285645,0.194092,0.233154
2017-08-31T20:00:00Z,244.33594,235.89844,236.95313,234.49219,238.00781,239.76563,240.82031,244.33594,241.52344,247.14844,242.92969,246.79688,4.04297,2.05078,2.34375,2.22656,2.28516,2.34375,2.22656,2.46094,2.28516,2.34375,2.28516,2.40234,2.40234,0.211182,0.238037,0.152588,0.181885,0.2771,0.227051,0.197754,0.214844,0.218506,0.153809,0.155029
2017-08-31T20:10:00Z,227.8125,260.15625,264.375,262.26563,256.64063,260.85938,257.69531,263.32031,261.5625,262.61719,261.5625,263.32031,3.04688,1.99219,2.10938,1.99219,2.10938,2.22656,2.16797,2.28516,2.34375,2.22656,2.22656,2.22656,2.16797,0.289307,0.251465,0.246582,0.290527,0.246582,0.310059,0.231934,0.244141,0.252686,0.255127,0.223389
2017-08-31T20:20:00Z,262.96875,240.82031,242.57813,251.01563,238.71094,243.63281,241.52344,234.49219,233.78906,238.00781,238.00781,242.92969,3.22266,1.69922,1.64063,1.75781,1.81641,1.875,1.875,1.93359,1.875,1.93359,1.93359,1.875,1.81641,0.324707,0.24292,0.240479,0.272217,0.217285,0.155029,0.209961,0.19165,0.258789,0.198975,0.305176
2017-08-31T20:30:00Z,225.0,213.04688,215.15625,216.5625,219.02344,216.91406,216.21094,216.91406,213.75,218.32031,214.45313,217.96875,3.16406,1.69922,2.28516,2.40234,2.40234,2.46094,2.40234,2.46094,2.46094,2.34375,2.22656,2.34375,2.22656,0.269775,0.283203,0.250244,0.202637,0.262451,0.203857,0.251465,0.209961,0.273438,0.26123,0.275879
2017-08-31T20:40:00Z,200.03906,198.98438,201.09375,202.14844,208.125,204.96094,211.64063,212.69531,215.15625,221.48438,222.53906,218.32031,3.22266,2.05078,2.10938,1.99219,1.875,1.93359,1.99219,1.875,2.05078,2.16797,2.22656,2.10938,2.16797,0.257568,0.246582,0.222168,0.307617,0.197754,0.251465,0.251465,0.255127,0.184326,0.240479,0.211182
2017-08-31T20:50:00Z,196.17188,216.5625,219.72656,220.42969,215.85938,219.02344,217.96875,223.59375,221.83594,220.42969,223.94531,226.05469,2.63672,1.46484,1.99219,1.99219,2.10938,2.05078,2.16797,2.34375,2.40234,2.34375,2.46094,2.57813,2.51953,0.354004,0.379639,0.396729,0.32959,0.366211,0.321045,0.334473,0.239258,0.284424,0.223389,0.275879
2017-08-31T21:00:00Z,211.99219,220.07813,217.96875,219.375,219.72656,217.26563,220.42969,217.96875,227.46094,220.78125,225.35156,222.1875,3.39844,2.10938,1.93359,1.93359,1.99219,2.05078,1.99219,2.16797,2.10938,2.16797,2.10938,2.22656,2.22656,0.341797,0.297852,0.268555,0.222168,0.251465,0.20752,0.19165,0.197754,0.205078,0.20752,0.172119
2017-08-31T21:10:00Z,222.53906,226.40625,225.70313,226.75781,219.375,222.1875,223.59375,219.72656,215.85938,223.94531,220.78125,224.64844,2.46094,1.34766,1.81641,1.93359,1.93359,2.16797,2.22656,2.16797,2.16797,2.16797,2.22656,2.10938,2.16797,0.319824,0.213623,0.231934,0.313721,0.26123,0.297852,0.272217,0.274658,0.269775,0.291748,0.250244
2017-08-31T21:20:00Z,215.50781,221.13281,223.59375,222.53906,225.0,227.8125,228.86719,232.38281,238.71094,236.25,239.0625,239.0625,3.22266,1.81641,1.99219,2.05078,1.99219,1.99219,2.10938,2.10938,2.22656,2.22656,2.22656,2.16797,2.34375,0.24292,0.255127,0.211182,0.249023,0.234375,0.224609,0.233154,0.219727,0.238037,0.22583,0.20874
2017-08-31T21:30:00Z,228.86719,239.0625,237.65625,234.14063,234.84375,235.54688,234.49219,239.0625,234.14063,235.19531,239.0625,241.875,2.51953,1.69922,1.64063,1.58203,1.58203,1.69922,1.69922,1.875,1.875,1.875,1.875,1.99219,1.875,0.267334,0.38208,0.357666,0.22583,0.286865,0.3125,0.227051,0.2771,0.205078,0.214844,0.179443
2017-08-31T21:40:00Z,232.73438,248.55469,254.88281,258.04688,247.85156,243.98438,241.52344,241.875,238.35938,247.14844,247.85156,241.875,1.81641,1.11328,1.58203,1.64063,1.58203,1.52344,1.58203,1.58203,1.52344,1.52344,1.58203,1.46484,1.52344,0.255127,0.197754,0.205078,0.234375,0.316162,0.291748,0.318604,0.324707,0.311279,0.281982,0.300293
2017-08-31T21:50:00Z,237.30469,227.10938,234.49219,240.11719,235.54688,228.86719,232.03125,235.54688,235.89844,236.95313,230.27344,225.70313,1.81641,1.11328,1.52344,1.52344,1.46484,1.52344,1.52344,1.58203,1.52344,1.46484,1.52344,1.58203,1.52344,0.255127,0.297852,0.291748,0.239258,0.24292,0.262451,0.280762,0.267334,0.340576,0.223389,0.211182
2017-08-31T22:00:00Z,223.94531,245.39063,243.98438,245.03906,246.09375,242.92969,243.28125,242.57813,238.71094,244.33594,242.92969,239.0625,2.05078,1.23047,1.69922,1.58203,1.64063,1.69922,1.64063,1.81641,1.81641,1.81641,1.75781,1.75781,1.875,0.319824,0.308838,0.272217,0.360107,0.341797,0.289307,0.311279,0.325928,0.2771,0.27832,0.257568
2017-08-31T22:10:00Z,253.82813,253.125,254.17969,254.53125,247.5,243.98438,252.77344,245.03906,248.55469,252.07031,253.125,247.5,2.57813,1.34766,1.58203,1.58203,1.46484,1.52344,1.46484,1.58203,1.52344,1.69922,1.64063,1.64063,1.64063,0.289307,0.2771,0.355225,0.3479,0.341797,0.366211,0.289307,0.303955,0.306396,0.286865,0.257568
2017-08-31T22:20:00Z,238.35938,235.89844,238.00781,234.84375,235.89844,236.95313,230.97656,234.49219,226.75781,221.83594,224.64844,226.75781,2.63672,1.52344,1.875,1.875,1.875,1.81641,1.875,1.875,1.875,1.81641,1.93359,1.99219,1.93359,0.234375,0.256348,0.262451,0.228271,0.373535,0.286865,0.301514,0.29541,0.274658,0.252686,0.27832
2017-08-31T22:30:00Z,234.14063,256.28906,253.47656,255.58594,251.36719,249.60938,244.33594,245.74219,238.00781,240.82031,243.98438,238.71094,1.81641,1.05469,1.40625,1.52344,1.46484,1.40625,1.58203,1.40625,1.58203,1.58203,1.69922,1.64063,1.75781,0.268555,0.328369,0.316162,0.233154,0.236816,0.239258,0.211182,0.194092,0.228271,0.234375,0.19165
2017-08-31T22:40:00Z,242.22656,240.82031,236.25,238.35938,241.52344,236.60156,240.82031,238.00781,242.22656,238.71094,241.875,234.14063,1.875,1.17188,1.40625,1.34766,1.40625,1.34766,1.28906,1.40625,1.40625,1.46484,1.40625,1.46484,1.40625,0.291748,0.310059,0.284424,0.2771,0.306396,0.201416,0.257568,0.268555,0.239258,0.197754,0.245361
2017-08-31T22:50:00Z,245.39063,259.10156,261.5625,259.80469,256.64063,259.10156,255.58594,253.125,252.07031,247.5,253.82813,247.85156,2.05078,1.23047,1.58203,1.52344,1.58203,1.69922,1.64063,1.75781,1.64063,1.64063,1.69922,1.64063,1.64063,0.26123,0.213623,0.218506,0.297852,0.201416,0.285645,0.202637,0.214844,0.20752,0.275879,0.244141
2017-08-31T23:00:00Z,235.54688,229.21875,223.94531,228.51563,228.51563,219.375,227.10938,222.53906,223.59375,230.97656,226.05469,225.35156,2.34375,1.28906,1.58203,1.52344,1.46484,1.52344,1.58203,1.64063,1.52344,1.58203,1.58203,1.58203,1.58203,0.240479,0.26001,0.27832,0.270996,0.263672,0.256348,0.274658,0.325928,0.233154,0.279541,0.26123
2017-08-31T23:10:00Z,208.47656,228.51563,243.63281,238.71094,239.0625,243.98438,241.875,238.71094,234.14063,243.63281,240.11719,237.30469,1.75781,0.82031,1.23047,1.23047,1.23047,1.34766,1.34766,1.46484,1.40625,1.46484,1.46484,1.46484,1.40625,0.344238,0.316162,0.310059,0.311279,0.281982,0.310059,0.279541,0.275879,0.218506,0.266113,0.247803
2017-08-31T23:20:00Z,256.99219,256.28906,259.45313,260.15625,262.26563,257.69531,260.85938,256.64063,260.85938,257.69531,260.85938,260.15625,2.05078,1.05469,1.58203,1.52344,1.58203,1.64063,1.64063,1.75781,1.69922,1.64063,1.69922,1.75781,1.75781,0.239258,0.211182,0.212402,0.216064,0.251465,0.22583,0.209961,0.200195,0.236816,0.170898,0.26001
2017-08-31T23:30:00Z,258.39844,248.20313,243.98438,246.09375,239.0625,243.28125,248.20313,240.82031,236.60156,241.52344,238.71094,231.32813,1.93359,1.17188,1.28906,1.34766,1.23047,1.28906,1.34766,1.23047,1.34766,1.28906,1.34766,1.28906,1.28906,0.285645,0.360107,0.266113,0.319824,0.267334,0.333252,0.262451,0.316162,0.268555,0.268555,0.318604
2017-08-31T23:40:00Z,235.19531,236.95313,238.71094,231.67969,234.49219,230.625,239.41406,230.27344,233.4375,228.16406,225.35156,227.46094,2.10938,1.28906,1.46484,1.40625,1.40625,1.52344,1.40625,1.52344,1.52344,1.52344,1.40625,1.58203,1.46484,0.241699,0.255127,0.305176,0.249023,0.291748,0.294189,0.230713,0.252686,0.236816,0.184326,0.230713
2017-08-31T23:50:00Z,227.46094,222.53906,231.67969,218.67188,216.91406,210.58594,195.46875,201.79688,200.03906,191.60156,199.33594,196.875,1.64063,0.87891,0.99609,1.05469,0.99609,1.11328,1.05469,1.17188,1.17188,1.23047,1.28906,1.34766,1.34766,0.274658,0.2771,0.209961,0.2771,0.29541,0.20874,0.245361,0.294189,0.19165,0.272217,0.227051