LOCATION: 
SYSTEM SERIAL: HKZB
TIMESTAMP (ISO-8601) UTC,WindDir004m deg,WindDir030m deg,WindDir040m deg,WindDir040m_ref deg,WindDir060m deg,WindDir080m deg,WindDir100m deg,WindDir120m deg,WindDir140m deg,WindDir160m deg,WindDir180m deg,WindDir200m deg,WindGust004m m/s,WindSpeed004m m/s,WindSpeed030mh m/s,WindSpeed040mh m/s,WindSpeed040m_refh m/s,WindSpeed060mh m/s,WindSpeed080mh m/s,WindSpeed100mh m/s,WindSpeed120mh m/s,WindSpeed140mh m/s,WindSpeed160mh m/s,WindSpeed180mh m/s,WindSpeed200mh m/s,TI 030m,TI 040m,TI 040m ref,TI 060m,TI 080m,TI 100m,TI 120m,TI 140m,TI 160m,TI 180m,TI 200m
2017-05-02T00:00:00Z,66.09375,71.01563,74.53125,74.88281,79.10156,81.5625,79.10156,77.34375,77.69531,77.69531,80.15625,79.45313,4.27734,3.45703,4.45313,4.74609,4.74609,5.27344,5.39063,5.68359,5.56641,5.33203,5.21484,5.09766,4.98047,0.072021,0.075684,0.05127,0.054932,0.048828,0.073242,0.054932,0.065918,0.074463,0.073242,0.073242
2017-05-02T00:10:00Z,66.44531,76.64063,74.88281,75.23438,80.50781,88.94531,87.53906,82.61719,81.5625,79.80469,77.69531,81.21094,4.10156,3.51563,4.21875,4.51172,4.39453,5.09766,4.92188,4.86328,5.03906,5.21484,5.21484,5.15625,4.86328,0.087891,0.096436,0.093994,0.075684,0.084229,0.061035,0.068359,0.076904,0.05249,0.05249,0.079346
2017-05-02T00:20:00Z,68.90625,80.15625,82.26563,83.32031,90.70313,97.73438,90.35156,87.1875,85.78125,83.32031,80.85938,82.96875,4.04297,3.28125,3.92578,4.21875,4.10156,4.74609,4.6875,4.45313,4.62891,4.86328,4.86328,4.80469,4.6875,0.084229,0.065918,0.065918,0.056152,0.08667,0.06958,0.067139,0.065918,0.068359,0.091553,0.079346
2017-05-02T00:30:00Z,72.77344,82.26563,87.89063,86.13281,98.08594,98.4375,88.94531,86.48438,84.375,81.21094,80.50781,80.85938,3.57422,2.92969,3.57422,3.92578,3.92578,4.33594,3.92578,4.16016,4.39453,4.51172,4.6875,4.57031,4.21875,0.079346,0.053711,0.087891,0.087891,0.083008,0.064697,0.070801,0.08667,0.075684,0.079346,0.095215
2017-05-02T00:40:00Z,67.5,81.91406,88.59375,88.59375,102.30469,100.19531,89.29688,86.13281,81.91406,82.96875,80.50781,80.50781,3.04688,2.57813,3.39844,3.69141,3.63281,4.04297,3.69141,3.80859,4.04297,4.16016,4.27734,4.33594,4.10156,0.063477,0.06958,0.089111,0.079346,0.095215,0.083008,0.075684,0.068359,0.085449,0.074463,0.078125
2017-05-02T00:50:00Z,63.63281,80.15625,86.13281,86.48438,101.25,98.08594,89.29688,83.67188,80.85938,80.85938,79.10156,77.34375,2.98828,2.46094,3.45703,3.75,3.75,3.92578,3.57422,3.75,3.98438,4.16016,4.39453,4.39453,4.10156,0.081787,0.078125,0.081787,0.05249,0.08667,0.06958,0.101318,0.080566,0.074463,0.074463,0.059814
2017-05-02T01:00:00Z,56.95313,69.60938,76.64063,75.58594,85.07813,96.32813,92.46094,86.83594,82.96875,79.45313,78.75,79.10156,3.33984,2.87109,3.69141,3.80859,3.80859,3.92578,3.63281,3.57422,3.75,3.98438,4.10156,4.21875,4.16016,0.100098,0.097656,0.070801,0.090332,0.087891,0.062256,0.091553,0.074463,0.074463,0.078125,0.070801
2017-05-02T01:10:00Z,54.49219,69.60938,76.99219,75.9375,85.07813,94.92188,93.51563,86.13281,82.96875,78.75,76.99219,76.28906,3.86719,3.28125,3.86719,3.92578,3.86719,3.80859,3.51563,3.33984,3.57422,3.80859,3.80859,4.10156,4.10156,0.079346,0.076904,0.068359,0.098877,0.081787,0.089111,0.064697,0.062256,0.079346,0.075684,0.067139
2017-05-02T01:20:00Z,54.14063,75.9375,82.26563,81.5625,99.84375,96.32813,88.59375,80.85938,78.39844,75.23438,74.88281,73.125,3.69141,3.10547,3.51563,3.51563,3.57422,3.28125,3.04688,3.28125,3.45703,3.75,3.86719,3.92578,3.98438,0.072021,0.073242,0.089111,0.080566,0.096436,0.085449,0.068359,0.053711,0.058594,0.095215,0.079346
2017-05-02T01:30:00Z,49.92188,60.82031,66.79688,67.14844,76.64063,89.29688,92.46094,85.78125,81.91406,78.39844,74.88281,74.53125,3.69141,2.87109,3.51563,3.57422,3.51563,3.51563,3.16406,2.87109,2.92969,3.10547,3.28125,3.45703,3.57422,0.092773,0.075684,0.081787,0.079346,0.111084,0.090332,0.097656,0.085449,0.101318,0.08667,0.093994
2017-05-02T01:40:00Z,43.59375,63.28125,68.20313,68.55469,77.34375,92.10938,85.07813,79.45313,74.53125,72.77344,69.25781,68.90625,3.57422,2.98828,3.51563,3.51563,3.57422,3.33984,2.75391,2.57813,2.75391,3.04688,3.33984,3.45703,3.57422,0.070801,0.061035,0.076904,0.083008,0.083008,0.111084,0.085449,0.08667,0.079346,0.068359,0.067139
2017-05-02T01:50:00Z,48.86719,61.52344,66.79688,65.74219,73.125,84.375,82.61719,77.34375,70.66406,68.55469,66.79688,66.09375,3.75,3.10547,3.98438,3.92578,3.86719,3.57422,3.10547,2.63672,2.8125,3.10547,3.45703,3.63281,3.75,0.08667,0.096436,0.109863,0.098877,0.157471,0.101318,0.114746,0.10376,0.08667,0.078125,0.06958
2017-05-02T02:00:00Z,43.94531,48.51563,53.78906,53.78906,60.11719,68.20313,70.3125,73.125,65.74219,64.33594,60.11719,62.22656,3.92578,3.33984,4.21875,4.21875,4.21875,3.92578,3.28125,2.63672,2.34375,2.51953,2.98828,3.28125,3.51563,0.067139,0.075684,0.06958,0.074463,0.108643,0.124512,0.090332,0.089111,0.079346,0.064697,0.056152
2017-05-02T02:10:00Z,41.13281,52.73438,56.60156,59.0625,64.6875,72.07031,73.82813,73.82813,64.6875,61.52344,60.82031,60.11719,3.75,3.22266,3.98438,4.04297,4.10156,3.63281,3.10547,2.51953,2.34375,2.57813,2.92969,3.16406,3.51563,0.06958,0.072021,0.081787,0.090332,0.12207,0.126953,0.097656,0.083008,0.092773,0.091553,0.080566
2017-05-02T02:20:00Z,42.53906,51.32813,54.14063,54.49219,62.57813,67.5,68.20313,63.63281,59.76563,57.30469,54.84375,56.25,3.98438,3.33984,4.10156,4.16016,4.21875,3.75,3.28125,2.57813,2.40234,2.57813,2.98828,3.39844,3.63281,0.083008,0.058594,0.075684,0.074463,0.096436,0.12085,0.115967,0.093994,0.089111,0.076904,0.072021
2017-05-02T02:30:00Z,40.07813,54.14063,55.89844,57.30469,66.79688,67.14844,67.5,61.875,56.25,55.19531,57.65625,59.0625,3.98438,3.16406,3.45703,3.33984,3.45703,2.98828,2.51953,2.05078,2.16797,2.40234,2.8125,3.04688,3.22266,0.085449,0.108643,0.097656,0.113525,0.144043,0.181885,0.111084,0.108643,0.090332,0.096436,0.093994
2017-05-02T02:40:00Z,39.72656,51.67969,57.65625,58.35938,64.33594,66.79688,64.6875,61.17188,56.25,54.84375,54.14063,58.00781,3.39844,2.8125,3.63281,3.63281,3.63281,3.22266,2.8125,2.40234,2.05078,2.22656,2.51953,2.75391,2.92969,0.062256,0.06958,0.062256,0.101318,0.118408,0.124512,0.097656,0.114746,0.090332,0.081787,0.081787
2017-05-02T02:50:00Z,42.1875,49.21875,54.49219,54.49219,59.0625,58.71094,56.60156,53.4375,48.86719,50.97656,52.73438,54.49219,3.45703,2.92969,3.63281,3.45703,3.45703,3.04688,2.75391,2.46094,2.28516,2.46094,2.75391,2.98828,3.16406,0.05127,0.067139,0.081787,0.093994,0.079346,0.098877,0.079346,0.089111,0.070801,0.070801,0.062256
2017-05-02T03:00:00Z,37.61719,50.97656,56.25,56.25,58.35938,57.30469,53.78906,50.97656,44.64844,48.16406,49.92188,51.32813,3.39844,2.92969,3.80859,3.63281,3.63281,3.16406,2.92969,2.8125,2.57813,2.51953,2.69531,2.87109,3.10547,0.061035,0.079346,0.095215,0.087891,0.075684,0.090332,0.117188,0.097656,0.080566,0.070801,0.065918
2017-05-02T03:10:00Z,40.78125,52.73438,58.35938,58.71094,60.46875,60.11719,54.84375,49.21875,46.75781,47.46094,52.38281,53.78906,3.45703,2.87109,3.16406,3.04688,3.04688,2.69531,2.69531,2.51953,2.40234,2.46094,2.75391,2.92969,3.16406,0.080566,0.102539,0.107422,0.100098,0.102539,0.096436,0.118408,0.081787,0.090332,0.101318,0.075684
2017-05-02T03:20:00Z,33.39844,46.75781,52.73438,52.03125,64.33594,59.76563,60.11719,55.19531,50.97656,44.64844,47.46094,44.29688,2.75391,2.28516,2.87109,2.87109,2.75391,2.57813,2.40234,2.28516,2.28516,2.28516,2.34375,2.46094,2.69531,0.076904,0.093994,0.087891,0.102539,0.078125,0.076904,0.112305,0.078125,0.10498,0.096436,0.090332
2017-05-02T03:30:00Z,39.72656,43.94531,49.57031,49.57031,58.35938,66.09375,62.92969,59.76563,54.49219,52.03125,48.16406,48.51563,2.28516,1.81641,2.8125,2.92969,2.98828,2.92969,2.69531,2.51953,2.40234,2.34375,2.40234,2.46094,2.46094,0.100098,0.079346,0.109863,0.111084,0.145264,0.10498,0.109863,0.114746,0.114746,0.089111,0.074463
2017-05-02T03:40:00Z,36.21094,32.34375,41.13281,40.07813,50.97656,57.30469,53.4375,45.70313,41.83594,41.13281,37.26563,37.96875,2.46094,1.875,2.69531,2.87109,2.75391,2.75391,2.51953,2.40234,2.40234,2.34375,2.40234,2.51953,2.57813,0.093994,0.097656,0.10498,0.140381,0.130615,0.092773,0.095215,0.095215,0.083008,0.065918,0.081787
2017-05-02T03:50:00Z,22.5,34.45313,39.375,39.375,54.84375,44.29688,33.39844,30.23438,31.99219,32.69531,35.15625,37.61719,2.05078,1.64063,2.63672,2.51953,2.51953,2.22656,2.22656,2.22656,2.34375,2.40234,2.46094,2.57813,2.63672,0.076904,0.102539,0.073242,0.10376,0.115967,0.115967,0.106201,0.12085,0.092773,0.078125,0.06958
2017-05-02T04:00:00Z,21.09375,43.94531,50.27344,49.57031,51.32813,39.02344,34.10156,35.15625,39.72656,41.13281,44.64844,46.40625,2.16797,1.69922,2.34375,2.28516,2.34375,2.05078,2.16797,2.16797,2.34375,2.40234,2.46094,2.46094,2.51953,0.141602,0.145264,0.13916,0.12085,0.102539,0.090332,0.076904,0.08667,0.090332,0.083008,0.083008
2017-05-02T04:10:00Z,21.44531,45.0,50.97656,50.27344,41.83594,36.21094,38.32031,42.53906,47.10938,47.46094,47.46094,48.16406,2.16797,1.58203,2.28516,2.05078,2.10938,2.10938,2.28516,2.57813,2.63672,2.51953,2.46094,2.51953,2.57813,0.111084,0.111084,0.141602,0.106201,0.090332,0.112305,0.090332,0.112305,0.092773,0.090332,0.072021
2017-05-02T04:20:00Z,20.39063,37.96875,45.70313,45.35156,42.89063,36.91406,39.375,47.10938,52.38281,53.08594,54.14063,54.14063,2.10938,1.75781,2.34375,2.22656,2.16797,2.28516,2.34375,2.8125,2.8125,2.87109,2.75391,2.8125,2.8125,0.112305,0.102539,0.100098,0.102539,0.101318,0.064697,0.096436,0.092773,0.08667,0.128174,0.125732
2017-05-02T04:30:00Z,19.6875,31.28906,43.24219,43.24219,45.35156,40.07813,44.29688,54.49219,56.25,53.08594,52.38281,49.57031,2.40234,1.93359,2.22656,2.05078,2.05078,2.05078,2.28516,2.51953,2.57813,2.63672,2.8125,2.92969,2.92969,0.157471,0.134277,0.130615,0.128174,0.108643,0.075684,0.090332,0.101318,0.079346,0.091553,0.076904
2017-05-02T04:40:00Z,10.89844,26.01563,27.07031,27.77344,37.26563,34.45313,39.02344,43.24219,47.8125,47.10938,43.59375,41.13281,2.46094,1.875,3.04688,2.87109,2.92969,2.51953,2.57813,2.75391,2.69531,2.75391,2.87109,2.8125,2.92969,0.194092,0.211182,0.230713,0.240479,0.114746,0.113525,0.119629,0.111084,0.079346,0.090332,0.085449
2017-05-02T04:50:00Z,16.17188,27.77344,30.58594,30.58594,32.34375,36.21094,35.50781,37.96875,39.375,40.78125,41.83594,42.1875,3.69141,2.69531,4.04297,4.16016,4.16016,3.63281,3.51563,3.39844,3.39844,3.39844,3.33984,3.45703,3.33984,0.087891,0.111084,0.12207,0.12207,0.095215,0.079346,0.083008,0.083008,0.078125,0.081787,0.084229
2017-05-02T05:00:00Z,16.875,17.92969,18.63281,18.28125,22.5,26.36719,33.04688,30.58594,27.77344,26.71875,26.71875,26.36719,3.86719,3.04688,3.16406,2.8125,2.75391,2.75391,2.69531,2.46094,2.75391,2.8125,2.92969,2.98828,3.10547,0.089111,0.096436,0.102539,0.092773,0.109863,0.107422,0.081787,0.090332,0.087891,0.084229,0.081787
2017-05-02T05:10:00Z,1.05469,4.57031,1.05469,1.05469,4.21875,10.54688,9.14063,10.89844,10.19531,15.11719,13.00781,14.41406,3.28125,2.69531,2.92969,2.46094,2.46094,2.51953,2.46094,2.69531,2.87109,2.92969,2.87109,2.87109,2.92969,0.102539,0.125732,0.117188,0.100098,0.074463,0.092773,0.075684,0.080566,0.095215,0.108643,0.109863
2017-05-02T05:20:00Z,347.34375,358.59375,358.59375,358.24219,357.1875,0.70313,1.05469,4.21875,4.21875,6.32813,5.27344,7.03125,2.92969,2.28516,2.87109,2.63672,2.63672,2.51953,2.51953,2.75391,2.87109,2.8125,2.75391,2.75391,2.75391,0.123291,0.130615,0.123291,0.090332,0.083008,0.070801,0.063477,0.089111,0.091553,0.075684,0.085449
2017-05-02T05:30:00Z,347.34375,5.625,13.71094,11.25,11.25,5.27344,4.92188,5.97656,6.32813,4.21875,7.73438,5.97656,3.04688,2.51953,3.22266,3.51563,3.45703,3.33984,3.10547,2.92969,2.92969,2.98828,2.98828,2.98828,2.98828,0.070801,0.058594,0.062256,0.076904,0.079346,0.072021,0.070801,0.080566,0.075684,0.087891,0.10376
2017-05-02T05:40:00Z,358.59375,3.51563,9.84375,8.78906,7.38281,359.29688,0.35156,0.35156,1.40625,3.16406,3.51563,4.92188,3.04688,2.22656,3.16406,3.33984,3.28125,3.16406,3.04688,3.04688,3.10547,3.10547,3.16406,3.16406,3.16406,0.061035,0.059814,0.067139,0.064697,0.079346,0.061035,0.058594,0.067139,0.064697,0.056152,0.068359
2017-05-02T05:50:00Z,342.07031,345.23438,352.96875,350.85938,350.50781,347.34375,345.58594,348.04688,347.34375,350.15625,349.10156,352.26563,2.8125,2.28516,3.28125,3.45703,3.45703,3.45703,3.33984,3.39844,3.33984,3.33984,3.28125,3.22266,3.22266,0.073242,0.093994,0.096436,0.10498,0.10376,0.092773,0.073242,0.072021,0.06958,0.080566,0.056152
2017-05-02T06:00:00Z,329.76563,343.82813,347.69531,346.99219,351.5625,352.26563,349.10156,348.75,350.50781,348.75,349.45313,349.45313,3.33984,2.69531,3.63281,3.86719,3.80859,4.33594,4.16016,3.92578,3.86719,3.80859,3.75,3.69141,3.69141,0.06958,0.054932,0.062256,0.053711,0.092773,0.090332,0.107422,0.109863,0.125732,0.12085,0.12085
2017-05-02T06:10:00Z,340.66406,347.69531,351.21094,352.61719,352.96875,350.15625,349.45313,349.80469,349.45313,351.21094,350.50781,351.91406,4.10156,3.16406,3.98438,4.21875,4.21875,4.98047,5.15625,4.98047,4.92188,4.92188,4.86328,4.80469,4.74609,0.076904,0.062256,0.075684,0.067139,0.048828,0.074463,0.070801,0.072021,0.073242,0.061035,0.064697
2017-05-02T06:20:00Z,342.07031,349.45313,352.61719,352.96875,355.42969,357.1875,356.83594,357.53906,355.42969,354.72656,352.61719,351.5625,4.33594,3.45703,4.51172,4.80469,4.6875,5.27344,5.74219,5.91797,5.80078,5.56641,5.44922,5.33203,5.39063,0.090332,0.067139,0.054932,0.050049,0.048828,0.06958,0.063477,0.054932,0.061035,0.048828,0.062256
2017-05-02T06:30:00Z,345.58594,351.21094,351.5625,354.02344,352.61719,355.07813,357.53906,357.1875,357.53906,355.07813,357.1875,355.78125,4.92188,3.75,4.74609,5.03906,5.09766,5.50781,5.85938,6.09375,6.21094,6.03516,5.80078,5.68359,5.50781,0.073242,0.080566,0.08667,0.063477,0.057373,0.043945,0.056152,0.05249,0.065918,0.056152,0.03418
2017-05-02T06:40:00Z,346.64063,350.50781,350.85938,352.61719,352.26563,355.07813,356.13281,355.07813,354.02344,353.67188,353.32031,353.67188,5.21484,4.16016,5.21484,5.56641,5.39063,5.91797,6.26953,6.26953,6.09375,5.85938,5.91797,5.74219,5.56641,0.093994,0.085449,0.078125,0.062256,0.053711,0.057373,0.057373,0.059814,0.058594,0.054932,0.05127
2017-05-02T06:50:00Z,345.58594,351.21094,351.5625,351.91406,353.32031,353.32031,352.96875,353.32031,353.32031,353.32031,354.72656,355.78125,5.44922,4.39453,5.33203,5.625,5.68359,6.09375,6.32813,6.15234,5.91797,5.74219,5.68359,5.625,5.625,0.043945,0.076904,0.065918,0.054932,0.058594,0.05249,0.045166,0.068359,0.06958,0.043945,0.067139
2017-05-02T07:00:00Z,346.64063,351.21094,352.96875,354.02344,354.02344,355.07813,354.72656,357.53906,356.13281,357.1875,356.83594,357.89063,5.68359,4.6875,5.44922,5.85938,5.74219,6.38672,6.44531,6.21094,5.97656,5.97656,5.80078,5.97656,5.85938,0.079346,0.078125,0.092773,0.067139,0.080566,0.081787,0.054932,0.085449,0.089111,0.090332,0.070801
2017-05-02T07:10:00Z,349.80469,353.32031,354.375,353.67188,351.5625,353.67188,355.78125,358.24219,359.29688,0.35156,2.8125,2.46094,5.80078,4.51172,5.80078,6.15234,6.09375,6.67969,6.62109,6.26953,6.09375,6.09375,6.09375,6.09375,6.21094,0.073242,0.054932,0.091553,0.070801,0.070801,0.080566,0.081787,0.063477,0.059814,0.068359,0.064697
2017-05-02T07:20:00Z,348.04688,345.9375,349.45313,345.58594,349.10156,353.67188,352.26563,354.375,352.26563,355.07813,353.67188,355.07813,6.50391,5.09766,6.03516,6.26953,6.15234,6.73828,6.97266,7.03125,7.14844,7.32422,7.14844,7.03125,6.85547,0.089111,0.102539,0.107422,0.083008,0.097656,0.115967,0.096436,0.119629,0.085449,0.093994,0.073242
2017-05-02T07:40:00Z,348.04688,357.53906,358.24219,356.13281,1.75781,358.59375,359.64844,0.70313,6.32813,7.38281,7.38281,5.625,6.21094,4.98047,5.27344,5.50781,5.56641,5.91797,6.09375,6.44531,6.97266,7.20703,7.03125,7.32422,7.08984,0.157471,0.194092,0.137939,0.170898,0.134277,0.123291,0.134277,0.135498,0.114746,0.133057,0.095215
2017-05-02T07:50:00Z,352.61719,357.89063,358.94531,356.13281,358.94531,2.10938,4.92188,9.84375,10.89844,13.71094,9.84375,12.30469,6.44531,5.03906,5.74219,5.85938,5.97656,6.21094,6.50391,6.73828,7.14844,7.26563,7.44141,7.44141,7.61719,0.169678,0.123291,0.137939,0.124512,0.109863,0.144043,0.10498,0.140381,0.113525,0.119629,0.097656
2017-05-02T08:00:00Z,353.67188,357.89063,0.35156,356.48438,358.94531,4.92188,4.21875,9.14063,11.95313,14.76563,13.35938,11.95313,6.50391,4.80469,5.21484,5.33203,5.39063,5.85938,5.91797,6.38672,6.79688,7.14844,6.85547,6.97266,7.08984,0.152588,0.17334,0.153809,0.166016,0.126953,0.115967,0.101318,0.101318,0.109863,0.142822,0.085449
2017-05-02T08:10:00Z,353.67188,358.24219,359.29688,355.78125,0.70313,1.75781,6.67969,7.03125,8.4375,13.00781,11.25,14.76563,5.97656,4.6875,5.09766,5.39063,5.33203,5.56641,5.97656,6.21094,6.50391,6.85547,6.85547,6.97266,6.79688,0.162354,0.118408,0.140381,0.151367,0.114746,0.136719,0.098877,0.112305,0.098877,0.158691,0.137939
2017-05-02T08:20:00Z,351.91406,355.42969,354.375,353.67188,359.29688,356.13281,358.94531,1.75781,8.08594,5.97656,8.4375,6.67969,6.09375,4.33594,4.62891,4.6875,4.80469,5.09766,5.39063,5.56641,5.85938,5.91797,6.21094,6.26953,6.32813,0.115967,0.163574,0.166016,0.137939,0.137939,0.152588,0.091553,0.10376,0.174561,0.150146,0.10376
2017-05-02T08:30:00Z,350.15625,353.67188,359.64844,358.24219,0.70313,1.05469,0.35156,5.27344,4.92188,7.38281,3.86719,6.67969,5.27344,4.21875,4.98047,4.98047,4.92188,5.03906,5.39063,5.68359,5.85938,6.03516,6.32813,6.26953,6.62109,0.183105,0.133057,0.115967,0.157471,0.111084,0.131836,0.109863,0.108643,0.146484,0.12085,0.262451
2017-05-02T08:40:00Z,352.61719,1.05469,356.48438,356.48438,0.70313,359.64844,1.40625,1.75781,1.05469,2.10938,2.46094,4.92188,5.50781,4.21875,5.15625,5.33203,5.09766,5.39063,5.56641,5.625,5.91797,6.03516,6.21094,6.5625,5.97656,0.141602,0.148926,0.128174,0.151367,0.101318,0.164795,0.108643,0.115967,0.144043,0.126953,0.164795
2017-05-02T08:50:00Z,350.85938,352.61719,354.375,356.48438,357.53906,355.42969,358.59375,356.83594,1.05469,358.94531,3.86719,0.35156,6.15234,4.6875,5.44922,5.50781,5.33203,5.39063,5.56641,6.09375,6.03516,6.21094,6.38672,6.32813,6.5625,0.161133,0.135498,0.20752,0.128174,0.137939,0.118408,0.107422,0.096436,0.136719,0.137939,0.087891
2017-05-02T09:00:00Z,349.10156,355.07813,355.42969,354.02344,357.89063,358.59375,358.59375,358.59375,2.46094,0.35156,3.16406,1.40625,5.80078,4.86328,5.68359,5.50781,5.68359,5.50781,5.68359,6.09375,6.44531,6.38672,6.62109,6.5625,6.79688,0.172119,0.186768,0.152588,0.092773,0.131836,0.123291,0.118408,0.145264,0.146484,0.111084,0.109863
2017-05-02T09:10:00Z,348.04688,347.69531,350.50781,351.91406,350.15625,354.375,354.375,354.02344,355.07813,353.32031,355.07813,357.1875,6.32813,4.92188,5.21484,5.44922,5.33203,5.74219,5.85938,5.80078,5.80078,6.03516,6.32813,6.38672,6.5625,0.151367,0.148926,0.151367,0.107422,0.146484,0.134277,0.097656,0.130615,0.162354,0.130615,0.170898
2017-05-02T09:20:00Z,342.77344,349.45313,349.80469,348.04688,349.80469,350.50781,350.85938,350.50781,350.85938,353.32031,355.07813,355.07813,6.67969,4.86328,5.27344,5.33203,5.50781,5.68359,5.80078,6.03516,6.15234,6.03516,6.26953,6.26953,6.38672,0.131836,0.136719,0.119629,0.144043,0.128174,0.157471,0.118408,0.124512,0.151367,0.078125,0.096436
2017-05-02T09:30:00Z,345.58594,351.5625,353.67188,350.85938,356.48438,352.61719,352.96875,350.85938,352.61719,351.21094,352.96875,353.32031,6.62109,5.09766,6.26953,6.09375,5.97656,6.21094,5.80078,6.03516,6.03516,6.32813,6.50391,6.38672,6.38672,0.119629,0.08667,0.096436,0.095215,0.130615,0.098877,0.102539,0.148926,0.100098,0.080566,0.129395
2017-05-02T09:40:00Z,346.99219,353.32031,352.61719,354.375,352.61719,354.72656,354.02344,352.96875,353.67188,353.67188,355.78125,355.07813,6.50391,5.09766,6.15234,6.26953,6.03516,6.21094,6.26953,6.03516,6.09375,6.26953,6.62109,6.21094,6.26953,0.159912,0.174561,0.181885,0.15625,0.135498,0.128174,0.136719,0.081787,0.119629,0.185547,0.119629
2017-05-02T09:50:00Z,349.45313,355.42969,354.375,356.83594,354.02344,353.32031,354.02344,354.72656,354.02344,357.1875,354.375,357.89063,6.73828,5.625,5.74219,5.74219,5.91797,5.80078,6.15234,6.03516,6.38672,6.26953,6.38672,6.32813,6.5625,0.113525,0.151367,0.167236,0.159912,0.113525,0.157471,0.115967,0.119629,0.124512,0.212402,0.112305
2017-05-02T10:10:00Z,350.85938,357.1875,358.24219,357.53906,356.83594,356.48438,358.94531,356.48438,358.94531,358.94531,1.75781,4.57031,6.73828,5.27344,6.15234,6.15234,6.09375,6.21094,6.44531,6.21094,6.32813,6.44531,6.44531,6.62109,6.50391,0.089111,0.164795,0.162354,0.131836,0.136719,0.162354,0.131836,0.151367,0.135498,0.153809,0.117188
2017-05-02T10:20:00Z,354.72656,4.57031,0.70313,3.51563,3.51563,4.92188,3.16406,2.10938,4.21875,3.51563,4.21875,8.08594,6.50391,5.44922,5.68359,5.74219,6.09375,5.85938,6.26953,6.09375,6.21094,6.26953,6.32813,6.44531,6.62109,0.172119,0.136719,0.169678,0.17334,0.15625,0.129395,0.148926,0.179443,0.129395,0.131836,0.192871
2017-05-02T10:30:00Z,0.35156,4.92188,6.32813,2.10938,9.84375,5.27344,5.97656,8.4375,11.25,8.4375,15.46875,13.35938,6.44531,5.03906,6.09375,6.21094,6.09375,6.09375,6.21094,5.97656,6.03516,6.44531,6.32813,6.44531,6.21094,0.155029,0.203857,0.136719,0.133057,0.146484,0.189209,0.113525,0.117188,0.202637,0.137939,0.101318
2017-05-02T10:40:00Z,0.35156,2.10938,4.57031,3.51563,0.70313,3.51563,6.32813,7.03125,7.03125,5.97656,5.27344,9.49219,6.26953,5.15625,5.80078,5.74219,6.21094,5.97656,6.21094,6.32813,5.97656,6.09375,6.03516,6.15234,6.21094,0.17334,0.13916,0.142822,0.130615,0.117188,0.162354,0.172119,0.130615,0.166016,0.162354,0.146484
2017-05-02T11:00:00Z,353.67188,350.15625,351.21094,354.375,353.67188,354.375,356.48438,357.89063,0.35156,358.24219,2.46094,4.21875,6.62109,4.86328,5.03906,4.98047,4.86328,5.15625,4.98047,5.09766,4.92188,4.80469,4.92188,4.92188,5.03906,0.175781,0.166016,0.162354,0.172119,0.180664,0.150146,0.150146,0.181885,0.17334,0.183105,0.180664
2017-05-02T11:10:00Z,345.9375,345.58594,346.64063,347.34375,348.75,346.99219,348.39844,349.10156,354.375,1.05469,14.0625,12.65625,5.21484,4.33594,4.6875,4.86328,4.74609,4.57031,4.51172,4.57031,4.86328,4.74609,4.21875,3.92578,4.10156,0.180664,0.164795,0.136719,0.140381,0.212402,0.181885,0.32959,0.262451,0.274658,0.231934,0.220947
2017-05-02T11:20:00Z,348.04688,353.32031,353.67188,351.21094,353.32031,358.59375,353.32031,356.48438,356.13281,359.29688,0.70313,9.49219,5.33203,4.45313,4.98047,4.80469,4.98047,5.27344,5.03906,5.03906,4.57031,4.98047,4.80469,5.03906,4.57031,0.123291,0.212402,0.164795,0.151367,0.137939,0.174561,0.137939,0.206299,0.211182,0.20752,0.187988
2017-05-02T11:30:00Z,350.85938,352.26563,353.32031,349.80469,355.42969,356.48438,354.02344,358.24219,4.57031,356.83594,3.16406,1.05469,5.15625,4.21875,4.80469,4.80469,4.74609,4.62891,4.62891,4.6875,4.80469,4.51172,4.51172,4.04297,4.39453,0.220947,0.245361,0.214844,0.196533,0.111084,0.212402,0.151367,0.238037,0.292969,0.2771,0.186768
2017-05-02T11:40:00Z,355.78125,1.05469,3.51563,3.51563,3.86719,8.08594,5.97656,5.97656,11.95313,9.49219,9.49219,11.25,4.98047,4.21875,5.50781,5.27344,4.92188,5.44922,5.27344,5.27344,5.33203,5.39063,5.21484,5.21484,4.98047,0.211182,0.227051,0.145264,0.216064,0.168457,0.164795,0.166016,0.234375,0.186768,0.236816,0.172119
2017-05-02T11:50:00Z,2.10938,9.14063,8.78906,8.4375,10.54688,14.0625,13.00781,14.41406,15.82031,14.76563,13.71094,14.76563,5.74219,4.86328,5.15625,5.39063,5.625,5.74219,5.74219,5.85938,5.74219,5.39063,5.625,5.44922,5.56641,0.135498,0.134277,0.187988,0.112305,0.148926,0.135498,0.114746,0.183105,0.12085,0.153809,0.162354
2017-05-02T12:00:00Z,8.4375,11.95313,15.46875,15.11719,17.57813,14.76563,18.63281,16.17188,14.41406,19.33594,20.03906,19.33594,5.80078,4.86328,5.21484,5.50781,5.39063,5.27344,5.44922,5.56641,5.56641,5.625,5.39063,5.27344,5.33203,0.129395,0.106201,0.184326,0.140381,0.129395,0.109863,0.153809,0.145264,0.130615,0.20874,0.19165
2017-05-02T12:10:00Z,10.89844,13.00781,13.35938,14.0625,11.95313,13.00781,15.82031,16.17188,12.65625,17.22656,20.39063,20.74219,5.44922,4.57031,4.51172,4.86328,4.92188,4.86328,5.09766,4.98047,5.03906,5.03906,4.98047,4.86328,5.09766,0.19043,0.095215,0.115967,0.113525,0.161133,0.169678,0.141602,0.164795,0.158691,0.166016,0.159912
2017-05-02T12:20:00Z,10.19531,15.11719,12.65625,14.0625,14.0625,14.76563,16.17188,17.22656,17.92969,18.63281,15.82031,16.52344,5.39063,4.51172,5.03906,5.09766,5.33203,5.21484,5.44922,5.39063,5.39063,5.68359,5.33203,5.39063,5.09766,0.106201,0.172119,0.26001,0.194092,0.212402,0.194092,0.107422,0.140381,0.151367,0.19043,0.178223
2017-05-02T12:30:00Z,13.00781,16.17188,16.875,15.82031,19.6875,17.22656,20.03906,23.20313,26.36719,23.55469,26.01563,23.20313,5.50781,4.6875,5.74219,5.27344,5.56641,5.21484,5.27344,5.625,5.85938,6.03516,5.74219,5.85938,5.68359,0.218506,0.118408,0.150146,0.164795,0.197754,0.198975,0.168457,0.163574,0.130615,0.141602,0.161133
2017-05-02T12:40:00Z,16.17188,20.74219,23.90625,22.85156,26.71875,24.25781,25.3125,26.71875,29.17969,29.17969,30.23438,26.36719,5.68359,4.6875,4.74609,4.80469,4.98047,4.92188,5.09766,5.44922,5.68359,6.09375,5.97656,5.68359,5.33203,0.140381,0.17334,0.175781,0.158691,0.068359,0.163574,0.146484,0.12207,0.181885,0.174561,0.153809
2017-05-02T12:50:00Z,20.74219,20.74219,26.36719,22.14844,24.96094,29.17969,30.23438,34.45313,36.21094,34.80469,32.69531,37.61719,5.21484,4.27734,4.45313,4.51172,4.57031,4.80469,5.03906,5.39063,5.85938,5.80078,5.625,5.91797,5.33203,0.137939,0.187988,0.140381,0.17334,0.129395,0.109863,0.084229,0.131836,0.158691,0.148926,0.169678
2017-05-02T13:00:00Z,20.74219,24.60938,28.82813,23.90625,31.28906,29.53125,32.34375,31.99219,37.61719,35.50781,33.39844,36.5625,5.15625,4.16016,5.15625,5.27344,5.27344,5.39063,5.50781,6.03516,5.97656,5.97656,6.15234,6.09375,5.80078,0.15625,0.118408,0.170898,0.137939,0.12207,0.089111,0.087891,0.085449,0.117188,0.141602,0.168457
2017-05-02T13:10:00Z,24.25781,26.36719,29.17969,28.47656,31.64063,31.99219,32.69531,36.5625,40.78125,39.375,34.80469,34.45313,5.56641,4.74609,5.09766,5.33203,5.21484,5.50781,5.80078,5.74219,5.80078,5.85938,6.03516,5.74219,6.03516,0.092773,0.106201,0.115967,0.080566,0.118408,0.083008,0.08667,0.107422,0.096436,0.113525,0.151367
2017-05-02T13:20:00Z,24.96094,27.77344,28.125,26.71875,30.58594,28.125,32.69531,36.5625,34.10156,39.72656,35.50781,36.5625,5.44922,4.45313,5.21484,5.39063,5.21484,5.97656,6.26953,5.80078,5.56641,5.56641,5.56641,5.91797,5.91797,0.081787,0.12085,0.131836,0.101318,0.195313,0.12207,0.162354,0.119629,0.108643,0.20874,0.090332
2017-05-02T13:30:00Z,26.01563,25.66406,26.01563,23.90625,27.42188,31.64063,33.04688,33.39844,34.45313,36.21094,33.39844,33.04688,5.39063,4.51172,5.39063,5.625,5.50781,6.15234,6.15234,5.97656,5.80078,5.74219,5.91797,6.15234,6.03516,0.13916,0.098877,0.098877,0.13916,0.118408,0.098877,0.146484,0.183105,0.158691,0.157471,0.175781
2017-05-02T13:40:00Z,22.14844,22.5,22.5,21.44531,26.71875,27.77344,30.9375,31.28906,32.69531,32.34375,31.64063,32.69531,5.03906,4.27734,5.33203,5.50781,5.68359,5.91797,6.09375,5.50781,5.56641,5.625,5.56641,5.39063,5.625,0.115967,0.20874,0.114746,0.108643,0.109863,0.213623,0.20874,0.170898,0.189209,0.197754,0.178223
2017-05-02T13:50:00Z,17.57813,19.6875,22.14844,22.5,23.90625,25.3125,27.42188,27.42188,28.125,27.42188,31.99219,31.64063,5.85938,4.6875,6.15234,6.15234,6.38672,6.44531,6.44531,6.21094,5.91797,5.85938,5.74219,5.625,5.39063,0.068359,0.090332,0.12085,0.048828,0.083008,0.091553,0.053711,0.072021,0.072021,0.092773,0.089111
2017-05-02T14:00:00Z,15.82031,16.17188,21.44531,18.63281,17.92969,24.60938,25.66406,28.82813,30.58594,33.39844,34.10156,35.85938,5.68359,4.74609,4.80469,4.86328,4.92188,5.27344,5.80078,6.03516,6.38672,6.73828,6.91406,6.85547,6.50391,0.144043,0.145264,0.142822,0.12207,0.081787,0.070801,0.064697,0.068359,0.083008,0.101318,0.106201
2017-05-02T14:10:00Z,9.84375,20.39063,21.09375,20.39063,23.20313,23.20313,26.01563,28.125,30.23438,31.64063,31.64063,33.04688,4.80469,3.63281,5.09766,5.33203,5.44922,5.80078,6.62109,7.38281,7.85156,7.91016,7.85156,7.61719,7.44141,0.098877,0.083008,0.100098,0.102539,0.114746,0.076904,0.057373,0.083008,0.067139,0.061035,0.080566
2017-05-02T14:20:00Z,14.41406,21.09375,23.90625,21.09375,27.07031,28.125,27.77344,29.88281,29.88281,30.23438,28.82813,30.23438,4.92188,4.10156,6.50391,7.03125,6.79688,7.5,7.91016,8.26172,8.4375,8.20313,8.08594,7.96875,7.79297,0.206299,0.189209,0.22583,0.168457,0.133057,0.062256,0.061035,0.063477,0.056152,0.063477,0.065918
2017-05-02T14:30:00Z,16.875,13.71094,17.57813,17.57813,20.39063,23.90625,28.82813,29.53125,28.47656,31.64063,29.53125,29.17969,6.5625,5.50781,7.14844,7.55859,7.55859,8.26172,8.55469,8.84766,8.73047,8.67188,8.37891,8.02734,7.73438,0.050049,0.050049,0.067139,0.073242,0.053711,0.050049,0.058594,0.046387,0.056152,0.075684,0.05249
2017-05-02T14:40:00Z,10.19531,13.35938,15.82031,15.82031,22.5,25.3125,27.42188,29.53125,29.53125,28.82813,30.9375,33.04688,6.62109,5.68359,6.97266,7.32422,7.26563,7.79297,8.26172,8.37891,8.32031,7.85156,7.44141,7.26563,7.03125,0.067139,0.063477,0.057373,0.075684,0.074463,0.068359,0.073242,0.065918,0.096436,0.080566,0.098877
2017-05-02T14:50:00Z,4.57031,12.65625,14.76563,16.52344,18.28125,23.20313,26.71875,26.36719,28.125,28.82813,29.53125,30.9375,5.97656,5.33203,6.85547,7.20703,7.20703,7.85156,8.14453,8.32031,8.61328,8.37891,7.79297,7.14844,6.97266,0.079346,0.072021,0.047607,0.06958,0.067139,0.062256,0.06958,0.078125,0.081787,0.076904,0.047607
2017-05-02T15:00:00Z,4.21875,12.65625,15.46875,16.52344,21.09375,24.60938,27.42188,30.58594,31.28906,31.64063,31.99219,31.99219,5.91797,5.03906,6.21094,6.67969,6.5625,7.26563,7.61719,8.08594,8.4375,8.73047,8.67188,8.61328,8.14453,0.075684,0.093994,0.089111,0.056152,0.085449,0.090332,0.076904,0.070801,0.090332,0.070801,0.106201
2017-05-02T15:10:00Z,1.40625,8.08594,10.54688,10.19531,18.28125,21.44531,23.90625,27.77344,29.17969,31.28906,32.34375,33.04688,5.625,4.62891,5.44922,5.74219,5.74219,6.03516,6.79688,7.44141,7.85156,8.02734,8.4375,8.32031,8.20313,0.128174,0.10376,0.08667,0.126953,0.111084,0.097656,0.065918,0.081787,0.081787,0.092773,0.080566
2017-05-02T15:20:00Z,0.0,17.22656,18.28125,16.875,19.33594,23.20313,21.79688,25.66406,26.71875,29.17969,30.58594,34.80469,5.68359,4.39453,6.03516,6.38672,6.50391,7.14844,7.5,8.14453,8.32031,8.4375,8.26172,8.32031,8.14453,0.108643,0.123291,0.081787,0.10376,0.085449,0.075684,0.067139,0.087891,0.098877,0.068359,0.062256
2017-05-02T15:30:00Z,11.25,22.14844,24.25781,27.07031,26.36719,27.42188,29.88281,32.69531,33.75,36.5625,36.21094,38.67188,6.62109,5.09766,7.08984,7.67578,7.5,7.96875,8.61328,8.61328,8.4375,8.02734,7.96875,8.02734,8.20313,0.151367,0.125732,0.113525,0.096436,0.074463,0.10498,0.076904,0.067139,0.063477,0.059814,0.064697
2017-05-02T15:40:00Z,21.79688,27.07031,28.47656,27.77344,30.9375,31.28906,35.15625,37.26563,38.67188,38.67188,41.13281,41.83594,7.79297,6.21094,8.26172,8.78906,8.55469,8.84766,8.61328,8.14453,8.08594,8.08594,8.08594,8.32031,8.67188,0.10376,0.083008,0.084229,0.10376,0.093994,0.10498,0.095215,0.075684,0.089111,0.081787,0.096436
2017-05-02T15:50:00Z,24.25781,27.77344,28.82813,28.82813,29.88281,33.04688,36.21094,38.67188,41.83594,42.53906,45.70313,46.75781,8.08594,6.85547,8.08594,8.55469,8.37891,8.4375,8.14453,7.91016,8.02734,8.26172,8.55469,8.90625,8.84766,0.113525,0.08667,0.100098,0.084229,0.12207,0.085449,0.087891,0.084229,0.089111,0.062256,0.095215
2017-05-02T16:00:00Z,23.55469,28.125,34.45313,34.45313,33.39844,36.5625,36.91406,39.02344,41.48438,43.59375,44.29688,47.46094,7.73438,6.32813,8.14453,8.32031,8.26172,8.08594,7.96875,7.85156,8.14453,8.14453,8.26172,8.4375,8.78906,0.117188,0.097656,0.091553,0.12085,0.109863,0.085449,0.128174,0.100098,0.097656,0.091553,0.097656
2017-05-02T16:10:00Z,25.3125,37.26563,37.96875,36.5625,40.07813,41.13281,39.72656,42.89063,43.59375,45.70313,45.0,46.75781,7.44141,6.03516,7.79297,7.91016,7.91016,8.02734,8.4375,8.61328,8.61328,8.78906,8.78906,8.96484,8.96484,0.098877,0.091553,0.108643,0.107422,0.108643,0.10498,0.100098,0.087891,0.097656,0.098877,0.093994
2017-05-02T16:20:00Z,31.64063,39.72656,41.13281,40.78125,42.89063,41.48438,43.94531,46.05469,45.35156,46.05469,47.46094,49.21875,6.44531,5.625,7.44141,7.91016,7.91016,8.14453,8.37891,8.67188,8.73047,8.90625,9.14063,9.375,9.43359,0.117188,0.114746,0.148926,0.10498,0.135498,0.087891,0.097656,0.119629,0.084229,0.075684,0.118408
2017-05-02T16:30:00Z,31.99219,39.72656,41.83594,38.67188,41.13281,44.64844,46.05469,46.05469,47.46094,50.625,53.78906,51.32813,6.73828,5.33203,7.20703,7.32422,7.38281,7.96875,8.26172,8.26172,8.67188,9.19922,9.60938,9.02344,9.02344,0.091553,0.117188,0.108643,0.114746,0.130615,0.112305,0.118408,0.106201,0.083008,0.097656,0.097656
2017-05-02T16:40:00Z,34.10156,41.83594,41.13281,42.53906,43.24219,46.75781,48.86719,48.86719,50.27344,49.92188,54.49219,51.67969,6.91406,5.33203,7.20703,7.85156,7.73438,7.91016,8.37891,8.96484,9.55078,9.66797,9.78516,10.19531,10.25391,0.126953,0.084229,0.115967,0.119629,0.107422,0.078125,0.090332,0.075684,0.06958,0.084229,0.10376
2017-05-02T16:50:00Z,34.80469,41.48438,44.29688,43.94531,43.94531,45.70313,46.75781,48.51563,49.92188,49.92188,51.32813,53.78906,6.44531,5.33203,7.03125,7.55859,7.61719,8.02734,8.61328,9.25781,9.55078,9.78516,9.96094,10.48828,10.95703,0.161133,0.142822,0.144043,0.161133,0.123291,0.130615,0.108643,0.134277,0.130615,0.118408,0.102539
2017-05-02T17:00:00Z,31.28906,34.45313,34.45313,38.32031,40.78125,44.64844,45.0,47.46094,48.51563,51.32813,53.78906,56.60156,6.5625,4.80469,5.68359,6.50391,6.44531,7.14844,7.85156,8.02734,8.61328,8.73047,9.60938,9.49219,9.90234,0.170898,0.125732,0.113525,0.114746,0.118408,0.113525,0.107422,0.114746,0.100098,0.113525,0.087891
2017-05-02T17:10:00Z,22.14844,35.50781,37.26563,36.91406,39.72656,43.59375,43.24219,47.46094,47.8125,52.38281,51.32813,55.54688,5.68359,4.27734,6.03516,6.44531,6.38672,6.85547,7.55859,7.73438,8.67188,8.78906,9.02344,9.31641,9.60938,0.101318,0.119629,0.112305,0.097656,0.118408,0.10498,0.115967,0.091553,0.075684,0.117188,0.101318
2017-05-02T17:20:00Z,25.66406,36.5625,37.61719,39.02344,45.35156,42.53906,50.625,48.16406,51.67969,51.67969,55.19531,53.4375,5.21484,4.21875,5.68359,6.26953,6.21094,7.14844,7.96875,8.4375,8.96484,9.31641,9.55078,9.55078,10.01953,0.111084,0.113525,0.167236,0.117188,0.135498,0.091553,0.081787,0.093994,0.084229,0.083008,0.102539
2017-05-02T17:30:00Z,28.82813,41.83594,43.24219,47.10938,47.46094,50.97656,50.625,53.4375,51.67969,53.78906,54.84375,61.875,5.27344,4.21875,6.03516,6.85547,6.38672,7.61719,8.32031,8.61328,9.25781,9.55078,10.01953,10.01953,10.37109,0.12085,0.112305,0.124512,0.113525,0.118408,0.12207,0.114746,0.12085,0.083008,0.10376,0.113525
2017-05-02T17:40:00Z,37.26563,46.75781,49.21875,49.21875,49.57031,55.54688,59.41406,62.57813,65.03906,63.63281,66.44531,63.98438,6.15234,4.6875,7.03125,7.61719,7.44141,8.26172,8.78906,9.60938,9.49219,9.60938,10.07813,10.42969,10.60547,0.119629,0.118408,0.107422,0.059814,0.092773,0.091553,0.095215,0.10498,0.106201,0.061035,0.083008
2017-05-02T17:50:00Z,39.02344,52.73438,56.60156,56.60156,59.76563,63.63281,64.33594,68.55469,66.44531,69.60938,67.14844,68.90625,6.5625,5.44922,7.08984,7.38281,7.44141,7.91016,8.26172,8.84766,9.19922,9.43359,9.78516,9.96094,9.96094,0.108643,0.145264,0.100098,0.140381,0.107422,0.115967,0.107422,0.090332,0.10498,0.109863,0.107422
2017-05-02T18:00:00Z,45.0,55.19531,55.89844,55.54688,59.41406,61.875,65.74219,65.03906,64.6875,68.55469,67.5,64.6875,6.38672,4.51172,5.85938,6.09375,6.32813,6.62109,7.14844,7.85156,8.55469,9.31641,9.375,9.375,9.84375,0.111084,0.093994,0.10498,0.123291,0.123291,0.118408,0.12085,0.112305,0.098877,0.081787,0.084229
2017-05-02T18:10:00Z,41.13281,55.54688,56.60156,59.76563,59.76563,60.11719,61.52344,61.875,60.46875,61.875,58.35938,59.76563,5.15625,4.16016,6.09375,6.73828,6.79688,7.79297,8.14453,8.4375,8.73047,9.02344,8.90625,8.90625,9.02344,0.072021,0.106201,0.078125,0.089111,0.095215,0.078125,0.102539,0.08667,0.078125,0.081787,0.108643
2017-05-02T18:20:00Z,46.05469,51.32813,54.84375,55.19531,56.25,56.95313,56.60156,56.25,56.95313,57.65625,57.30469,57.30469,5.27344,4.04297,5.85938,6.85547,6.62109,7.61719,8.02734,8.08594,8.26172,8.49609,8.78906,8.67188,8.78906,0.093994,0.087891,0.097656,0.083008,0.081787,0.076904,0.061035,0.056152,0.074463,0.095215,0.064697
2017-05-02T18:30:00Z,40.42969,47.8125,43.94531,47.10938,49.21875,47.46094,49.21875,47.8125,49.57031,49.92188,53.4375,53.4375,4.57031,3.69141,5.68359,6.26953,6.03516,7.32422,7.55859,7.91016,7.96875,8.37891,8.61328,8.61328,8.61328,0.093994,0.107422,0.091553,0.090332,0.068359,0.06958,0.098877,0.096436,0.070801,0.067139,0.075684
2017-05-02T18:40:00Z,37.96875,40.78125,39.02344,40.07813,41.13281,43.24219,44.64844,44.64844,46.05469,47.10938,50.625,51.67969,4.80469,3.69141,5.15625,5.91797,5.74219,6.73828,7.08984,7.44141,7.55859,8.08594,8.37891,8.61328,8.61328,0.095215,0.072021,0.091553,0.070801,0.097656,0.074463,0.080566,0.079346,0.064697,0.067139,0.059814
2017-05-02T18:50:00Z,29.53125,29.88281,33.75,31.99219,35.85938,38.32031,42.1875,43.59375,44.29688,44.64844,45.70313,47.46094,4.33594,3.39844,5.03906,5.68359,5.50781,6.38672,7.03125,7.5,7.85156,8.14453,8.61328,8.90625,8.90625,0.095215,0.087891,0.087891,0.074463,0.064697,0.067139,0.084229,0.062256,0.05127,0.059814,0.070801
2017-05-02T19:00:00Z,18.63281,28.47656,30.58594,30.9375,34.10156,39.02344,43.94531,43.24219,42.89063,45.70313,48.86719,49.57031,4.45313,3.39844,5.09766,5.33203,5.27344,5.91797,6.5625,7.26563,7.67578,8.08594,8.32031,8.4375,8.37891,0.085449,0.113525,0.089111,0.083008,0.084229,0.093994,0.084229,0.074463,0.062256,0.054932,0.076904
2017-05-02T19:10:00Z,15.46875,27.07031,30.58594,29.17969,32.69531,33.75,38.67188,41.13281,45.70313,43.94531,47.46094,50.625,4.74609,3.80859,5.39063,5.625,5.80078,5.80078,6.38672,6.91406,7.26563,7.73438,8.02734,8.4375,8.4375,0.085449,0.109863,0.072021,0.101318,0.076904,0.091553,0.075684,0.078125,0.067139,0.068359,0.089111
2017-05-02T19:20:00Z,16.17188,22.85156,26.36719,26.36719,28.47656,29.17969,34.10156,35.15625,35.85938,37.26563,40.78125,42.53906,6.09375,4.39453,6.44531,6.91406,6.73828,7.26563,7.14844,6.91406,6.73828,7.03125,7.26563,7.55859,7.79297,0.090332,0.085449,0.090332,0.072021,0.083008,0.079346,0.081787,0.061035,0.068359,0.061035,0.067139
2017-05-02T19:30:00Z,17.92969,25.3125,24.25781,24.60938,30.58594,31.99219,33.39844,38.32031,36.21094,37.61719,38.32031,40.78125,6.15234,4.98047,6.85547,7.20703,7.26563,7.44141,7.20703,7.32422,7.44141,7.5,7.38281,7.67578,7.85156,0.084229,0.068359,0.098877,0.085449,0.053711,0.074463,0.093994,0.072021,0.08667,0.076904,0.076904
2017-05-02T19:40:00Z,16.875,27.77344,27.42188,26.71875,31.64063,34.10156,34.80469,35.85938,39.375,37.96875,41.48438,43.24219,6.97266,5.625,7.20703,7.55859,7.55859,7.79297,7.73438,7.85156,7.91016,8.14453,8.37891,8.26172,8.26172,0.081787,0.070801,0.080566,0.067139,0.062256,0.074463,0.065918,0.06958,0.098877,0.085449,0.081787
2017-05-02T19:50:00Z,22.14844,25.66406,25.3125,27.42188,33.39844,34.45313,39.02344,39.375,43.59375,41.48438,43.59375,46.40625,6.67969,5.33203,6.97266,7.32422,7.14844,7.73438,7.79297,8.20313,8.26172,8.49609,8.67188,9.08203,9.02344,0.061035,0.081787,0.087891,0.075684,0.078125,0.064697,0.056152,0.073242,0.093994,0.06958,0.063477
2017-05-02T20:00:00Z,20.03906,27.77344,31.64063,30.9375,36.5625,38.32031,41.83594,42.1875,45.70313,44.29688,44.29688,48.51563,6.85547,5.39063,6.73828,7.20703,7.08984,7.67578,8.14453,8.55469,8.55469,8.84766,8.90625,9.19922,9.08203,0.085449,0.079346,0.091553,0.083008,0.078125,0.06958,0.081787,0.075684,0.093994,0.06958,0.076904
2017-05-02T20:10:00Z,22.14844,30.58594,33.39844,33.04688,33.75,40.07813,45.0,46.40625,49.92188,52.38281,53.78906,57.30469,6.85547,5.27344,6.5625,6.79688,6.91406,7.44141,8.02734,8.4375,8.78906,9.14063,9.55078,9.49219,9.60938,0.061035,0.067139,0.096436,0.073242,0.06958,0.075684,0.090332,0.080566,0.079346,0.080566,0.073242
2017-05-02T20:20:00Z,24.25781,38.32031,39.375,37.26563,42.89063,45.70313,48.86719,46.75781,48.51563,49.92188,51.67969,57.30469,6.15234,4.92188,6.03516,6.44531,6.32813,7.32422,8.08594,8.73047,8.90625,9.25781,9.66797,9.96094,9.78516,0.109863,0.111084,0.093994,0.067139,0.100098,0.079346,0.089111,0.084229,0.072021,0.067139,0.067139
2017-05-02T20:30:00Z,30.23438,43.59375,45.35156,42.89063,45.35156,47.10938,51.67969,50.97656,55.19531,56.25,60.82031,62.57813,5.85938,4.39453,6.79688,7.32422,7.14844,7.96875,8.32031,8.73047,8.78906,9.19922,9.375,9.43359,9.43359,0.107422,0.063477,0.10498,0.087891,0.098877,0.061035,0.081787,0.079346,0.079346,0.062256,0.062256
2017-05-02T20:40:00Z,35.85938,43.59375,41.83594,42.53906,45.70313,50.27344,49.92188,54.49219,57.65625,60.46875,59.76563,63.98438,6.50391,5.27344,7.03125,7.32422,7.26563,8.02734,8.49609,8.67188,8.90625,9.19922,9.25781,9.375,9.72656,0.084229,0.117188,0.12207,0.095215,0.072021,0.10376,0.080566,0.06958,0.091553,0.091553,0.083008
2017-05-02T20:50:00Z,35.50781,45.70313,42.89063,42.89063,45.35156,48.16406,53.08594,53.08594,57.30469,59.76563,63.28125,63.98438,6.67969,5.56641,7.08984,7.44141,7.32422,7.85156,8.32031,8.61328,8.78906,9.14063,9.14063,9.31641,9.25781,0.098877,0.08667,0.10376,0.100098,0.078125,0.089111,0.10498,0.102539,0.080566,0.087891,0.123291
2017-05-02T21:00:00Z,37.96875,47.46094,50.27344,47.46094,50.625,54.14063,58.00781,61.17188,61.875,62.92969,67.5,68.55469,6.91406,5.39063,6.67969,7.08984,7.26563,7.55859,8.20313,8.61328,8.55469,8.78906,9.02344,9.25781,9.14063,0.065918,0.10498,0.12207,0.074463,0.065918,0.070801,0.064697,0.074463,0.079346,0.093994,0.06958
2017-05-02T21:10:00Z,42.1875,50.27344,50.625,50.97656,51.67969,58.35938,63.63281,65.03906,65.39063,67.14844,68.55469,70.3125,6.5625,5.15625,6.50391,6.97266,6.85547,7.38281,8.14453,8.20313,8.14453,8.26172,8.84766,8.96484,8.78906,0.112305,0.089111,0.112305,0.114746,0.083008,0.075684,0.085449,0.117188,0.075684,0.087891,0.073242
2017-05-02T21:20:00Z,43.24219,51.67969,52.73438,54.14063,58.00781,64.33594,64.6875,68.55469,67.5,70.66406,74.53125,74.17969,5.91797,4.6875,6.09375,6.79688,6.73828,7.26563,7.79297,7.96875,8.26172,8.4375,8.4375,8.14453,8.08594,0.136719,0.100098,0.114746,0.085449,0.095215,0.090332,0.074463,0.111084,0.076904,0.079346,0.091553
2017-05-02T21:30:00Z,43.94531,49.92188,51.32813,48.86719,53.78906,55.54688,59.76563,59.0625,61.17188,61.875,67.14844,65.74219,6.21094,4.86328,6.62109,7.32422,7.14844,7.73438,8.02734,8.4375,8.49609,8.73047,8.90625,8.84766,8.61328,0.100098,0.078125,0.068359,0.058594,0.090332,0.08667,0.06958,0.113525,0.091553,0.061035,0.112305
2017-05-02T21:40:00Z,41.83594,48.16406,49.21875,46.05469,49.21875,53.4375,57.65625,59.0625,59.41406,61.17188,62.92969,62.57813,6.26953,5.03906,6.85547,7.20703,7.08984,7.91016,8.26172,8.49609,8.32031,8.73047,8.90625,9.31641,8.96484,0.090332,0.112305,0.10498,0.10376,0.091553,0.073242,0.087891,0.073242,0.117188,0.076904,0.101318
2017-05-02T21:50:00Z,40.07813,50.625,48.16406,49.92188,49.92188,53.08594,53.78906,57.65625,59.41406,58.35938,60.82031,60.82031,6.67969,5.27344,6.91406,7.32422,7.5,8.02734,8.67188,8.84766,8.96484,9.08203,9.19922,9.55078,9.55078,0.12207,0.115967,0.063477,0.083008,0.092773,0.072021,0.075684,0.096436,0.073242,0.085449,0.08667
2017-05-02T22:00:00Z,43.24219,53.4375,50.97656,51.67969,48.16406,53.4375,52.03125,61.875,58.71094,59.76563,58.00781,64.6875,7.20703,5.625,7.61719,7.73438,8.02734,8.20313,8.90625,9.49219,8.90625,8.61328,8.61328,8.96484,8.84766,0.106201,0.10376,0.106201,0.090332,0.097656,0.079346,0.072021,0.093994,0.064697,0.08667,0.100098
2017-05-02T22:10:00Z,43.59375,47.46094,48.86719,49.92188,47.46094,48.86719,52.03125,55.19531,55.54688,59.76563,58.00781,59.76563,7.85156,6.21094,6.91406,7.14844,7.32422,8.02734,8.32031,8.67188,8.61328,8.67188,8.49609,8.37891,8.73047,0.137939,0.118408,0.129395,0.148926,0.096436,0.092773,0.123291,0.091553,0.134277,0.108643,0.090332
2017-05-02T22:20:00Z,40.78125,44.29688,46.75781,47.8125,49.21875,48.51563,51.67969,49.21875,53.4375,54.14063,57.65625,53.08594,6.91406,5.625,7.38281,7.61719,7.96875,8.37891,8.67188,8.67188,8.67188,8.84766,8.67188,8.4375,8.37891,0.141602,0.12085,0.130615,0.130615,0.090332,0.093994,0.098877,0.095215,0.090332,0.080566,0.109863
2017-05-02T22:30:00Z,40.42969,43.94531,47.46094,50.97656,47.8125,50.27344,51.32813,50.97656,52.03125,53.08594,53.78906,54.84375,8.32031,6.67969,7.91016,7.91016,7.73438,8.26172,8.49609,8.96484,8.61328,8.73047,8.78906,8.96484,8.4375,0.137939,0.123291,0.141602,0.095215,0.101318,0.081787,0.109863,0.106201,0.10376,0.125732,0.08667
2017-05-02T22:40:00Z,43.59375,48.86719,50.625,51.32813,50.27344,48.86719,49.57031,53.08594,54.84375,55.89844,55.54688,53.4375,8.32031,6.50391,8.08594,8.14453,8.26172,8.49609,8.78906,9.55078,9.78516,9.66797,9.19922,9.14063,9.19922,0.114746,0.147705,0.102539,0.098877,0.117188,0.106201,0.107422,0.091553,0.17334,0.084229,0.092773
2017-05-02T22:50:00Z,45.70313,51.67969,51.67969,48.86719,53.08594,50.625,54.14063,55.54688,56.25,54.84375,56.25,55.54688,8.32031,6.73828,8.67188,8.67188,8.55469,8.96484,9.19922,9.55078,9.19922,9.08203,8.78906,8.90625,8.49609,0.146484,0.148926,0.147705,0.142822,0.161133,0.10498,0.12085,0.136719,0.126953,0.096436,0.111084
2017-05-02T23:00:00Z,49.21875,52.03125,49.92188,48.51563,52.73438,52.03125,48.51563,52.03125,51.67969,54.84375,54.14063,55.54688,8.78906,7.20703,8.37891,8.67188,8.4375,9.02344,8.90625,9.02344,9.25781,9.43359,8.96484,9.08203,8.26172,0.15625,0.097656,0.158691,0.12207,0.147705,0.119629,0.114746,0.101318,0.108643,0.123291,0.126953
2017-05-02T23:10:00Z,47.10938,50.625,49.21875,49.57031,50.625,50.97656,51.32813,52.03125,50.97656,53.4375,51.32813,53.4375,8.78906,7.26563,8.32031,8.78906,8.32031,8.67188,8.73047,8.96484,8.78906,8.84766,8.96484,9.14063,8.61328,0.136719,0.129395,0.180664,0.20874,0.12085,0.113525,0.19043,0.142822,0.10376,0.162354,0.140381
2017-05-02T23:20:00Z,46.05469,47.10938,47.46094,48.86719,48.51563,51.67969,52.03125,50.97656,50.97656,54.14063,53.4375,53.78906,8.32031,6.97266,8.4375,8.78906,8.4375,9.02344,9.08203,8.61328,8.61328,8.67188,9.14063,8.96484,8.84766,0.148926,0.117188,0.108643,0.136719,0.142822,0.113525,0.168457,0.159912,0.102539,0.124512,0.113525
2017-05-02T23:30:00Z,44.64844,49.57031,49.21875,52.03125,48.51563,49.92188,53.78906,52.03125,50.97656,52.03125,52.73438,57.30469,8.55469,7.32422,8.26172,8.49609,8.49609,9.08203,9.31641,9.02344,8.78906,8.78906,9.31641,9.08203,9.14063,0.150146,0.170898,0.113525,0.112305,0.135498,0.158691,0.112305,0.119629,0.158691,0.107422,0.108643
2017-05-02T23:40:00Z,45.70313,49.92188,55.54688,53.08594,52.03125,53.4375,51.32813,52.38281,57.65625,53.78906,54.49219,53.4375,8.96484,7.44141,9.02344,9.14063,9.19922,8.78906,8.84766,9.14063,9.55078,9.19922,8.78906,8.61328,8.90625,0.137939,0.135498,0.111084,0.108643,0.108643,0.119629,0.123291,0.117188,0.125732,0.145264,0.141602
2017-05-02T23:50:00Z,48.86719,52.73438,50.625,51.32813,54.49219,49.57031,52.73438,52.03125,53.4375,54.84375,55.54688,54.84375,9.19922,7.32422,8.96484,8.84766,8.84766,8.84766,8.55469,8.49609,8.61328,8.96484,8.90625,9.02344,8.4375,0.147705,0.12207,0.162354,0.109863,0.151367,0.180664,0.125732,0.136719,0.123291,0.115967,0.151367
