LOCATION: 
SYSTEM SERIAL: HKZB
TIMESTAMP (ISO-8601) UTC,WindDir004m deg,WindDir030m deg,WindDir040m deg,WindDir040m_ref deg,WindDir060m deg,WindDir080m deg,WindDir100m deg,WindDir120m deg,WindDir140m deg,WindDir160m deg,WindDir180m deg,WindDir200m deg,WindGust004m m/s,WindSpeed004m m/s,WindSpeed030mh m/s,WindSpeed040mh m/s,WindSpeed040m_refh m/s,WindSpeed060mh m/s,WindSpeed080mh m/s,WindSpeed100mh m/s,WindSpeed120mh m/s,WindSpeed140mh m/s,WindSpeed160mh m/s,WindSpeed180mh m/s,WindSpeed200mh m/s,TI 030m,TI 040m,TI 040m ref,TI 060m,TI 080m,TI 100m,TI 120m,TI 140m,TI 160m,TI 180m,TI 200m
2017-07-18T00:00:00Z,65.74219,69.60938,71.71875,75.23438,73.82813,75.9375,76.28906,78.39844,76.28906,78.39844,79.45313,80.50781,5.27344,4.21875,4.74609,4.86328,4.57031,4.86328,4.98047,4.86328,5.03906,4.98047,5.03906,5.03906,5.09766,0.152588,0.134277,0.137939,0.169678,0.12085,0.144043,0.134277,0.10498,0.101318,0.126953,0.102539
2017-07-18T00:10:00Z,68.20313,74.88281,75.23438,80.85938,77.34375,78.04688,78.39844,82.26563,80.50781,80.50781,80.85938,86.13281,5.625,4.57031,4.74609,4.80469,4.39453,4.86328,4.92188,4.92188,4.62891,4.86328,4.74609,5.09766,4.74609,0.114746,0.126953,0.148926,0.13916,0.140381,0.134277,0.166016,0.142822,0.144043,0.140381,0.129395
2017-07-18T00:20:00Z,73.82813,79.45313,79.10156,80.85938,82.96875,80.85938,77.69531,82.61719,81.5625,84.72656,84.02344,87.1875,5.91797,4.27734,4.80469,4.74609,4.80469,4.74609,4.74609,4.86328,4.80469,4.92188,4.74609,4.74609,4.6875,0.145264,0.164795,0.142822,0.151367,0.181885,0.155029,0.130615,0.130615,0.170898,0.153809,0.135498
2017-07-18T00:30:00Z,77.34375,80.85938,80.85938,81.21094,80.15625,81.21094,81.21094,83.67188,80.50781,82.61719,81.5625,82.26563,5.21484,4.21875,4.57031,4.62891,4.51172,4.86328,4.51172,4.57031,4.45313,4.51172,4.51172,4.57031,4.45313,0.118408,0.141602,0.141602,0.148926,0.12085,0.162354,0.166016,0.101318,0.107422,0.13916,0.135498
2017-07-18T00:40:00Z,75.23438,79.10156,82.61719,82.26563,80.85938,81.21094,78.04688,83.67188,78.04688,82.96875,79.45313,80.85938,5.27344,4.27734,4.74609,4.98047,4.86328,4.80469,4.86328,4.92188,4.98047,4.86328,4.98047,4.86328,4.98047,0.125732,0.136719,0.186768,0.181885,0.073242,0.124512,0.175781,0.145264,0.098877,0.15625,0.113525
2017-07-18T00:50:00Z,75.58594,78.39844,81.91406,82.61719,78.75,84.02344,82.61719,84.72656,82.96875,85.78125,84.375,87.53906,5.625,4.51172,4.74609,4.62891,4.80469,4.92188,4.86328,4.86328,4.80469,4.86328,4.98047,4.98047,5.03906,0.12085,0.218506,0.137939,0.170898,0.151367,0.161133,0.125732,0.162354,0.159912,0.145264,0.162354
2017-07-18T01:00:00Z,75.9375,76.99219,75.9375,78.04688,82.96875,81.21094,83.32031,79.80469,81.5625,81.91406,84.72656,86.48438,5.625,4.57031,5.15625,4.92188,4.74609,5.09766,4.92188,5.09766,4.98047,5.09766,5.03906,5.39063,5.21484,0.135498,0.140381,0.162354,0.147705,0.158691,0.150146,0.151367,0.150146,0.142822,0.169678,0.146484
2017-07-18T01:10:00Z,78.04688,85.42969,82.61719,85.42969,85.42969,85.78125,85.42969,82.61719,87.1875,87.1875,85.78125,87.53906,5.91797,4.62891,4.98047,5.03906,5.03906,5.33203,5.33203,5.15625,5.21484,5.27344,5.09766,5.21484,5.09766,0.151367,0.147705,0.130615,0.119629,0.153809,0.162354,0.126953,0.12207,0.175781,0.142822,0.145264
2017-07-18T01:20:00Z,84.02344,87.53906,87.89063,88.94531,86.83594,88.94531,87.1875,86.48438,88.94531,88.59375,88.59375,90.35156,5.97656,4.6875,5.15625,5.21484,5.15625,5.15625,5.15625,5.15625,5.09766,5.33203,5.27344,5.27344,5.15625,0.158691,0.136719,0.151367,0.124512,0.155029,0.130615,0.106201,0.145264,0.13916,0.167236,0.214844
2017-07-18T01:30:00Z,84.72656,85.42969,86.83594,85.07813,88.24219,85.07813,85.07813,85.42969,86.48438,88.24219,86.13281,88.94531,6.26953,4.6875,5.33203,5.33203,5.44922,5.21484,5.21484,5.21484,5.33203,5.33203,5.33203,5.15625,5.21484,0.170898,0.13916,0.152588,0.17334,0.170898,0.128174,0.157471,0.168457,0.144043,0.136719,0.151367
2017-07-18T01:40:00Z,78.39844,85.78125,82.61719,80.15625,84.375,80.50781,85.07813,83.67188,85.07813,86.13281,85.07813,88.94531,6.03516,4.92188,5.27344,5.33203,5.21484,5.27344,5.21484,5.21484,5.09766,5.39063,5.15625,5.21484,5.15625,0.19043,0.12207,0.146484,0.187988,0.128174,0.133057,0.180664,0.164795,0.145264,0.159912,0.144043
2017-07-18T01:50:00Z,75.9375,76.99219,78.04688,76.64063,80.50781,78.04688,78.39844,78.75,78.04688,82.26563,81.91406,82.61719,6.15234,4.74609,5.39063,5.21484,4.98047,5.21484,4.92188,5.15625,5.15625,5.39063,5.09766,5.15625,5.03906,0.175781,0.164795,0.115967,0.157471,0.216064,0.163574,0.129395,0.164795,0.145264,0.123291,0.15625
2017-07-18T02:00:00Z,71.36719,73.47656,80.50781,73.125,75.58594,78.75,78.39844,80.15625,78.75,81.21094,85.42969,85.78125,5.74219,4.62891,5.15625,5.09766,4.92188,5.21484,5.15625,5.15625,4.86328,5.21484,5.21484,5.50781,5.15625,0.155029,0.113525,0.153809,0.101318,0.137939,0.153809,0.129395,0.148926,0.107422,0.129395,0.206299
2017-07-18T02:10:00Z,74.17969,76.64063,76.28906,77.34375,80.85938,80.85938,78.04688,81.91406,80.15625,85.42969,85.07813,85.42969,6.38672,4.74609,5.33203,5.33203,5.27344,5.27344,5.15625,5.15625,5.33203,5.27344,5.50781,5.39063,5.39063,0.174561,0.155029,0.119629,0.129395,0.196533,0.123291,0.108643,0.144043,0.202637,0.133057,0.128174
2017-07-18T02:20:00Z,73.82813,71.01563,78.04688,78.39844,76.99219,79.80469,78.39844,77.69531,77.69531,82.61719,81.91406,82.26563,6.15234,4.98047,5.56641,5.625,5.39063,5.56641,5.625,5.27344,5.39063,5.625,5.74219,5.50781,5.39063,0.12207,0.119629,0.164795,0.130615,0.166016,0.168457,0.136719,0.140381,0.158691,0.137939,0.17334
2017-07-18T02:30:00Z,73.125,76.64063,78.04688,77.34375,75.58594,80.85938,79.10156,81.21094,80.50781,82.26563,83.67188,84.72656,6.26953,5.15625,5.44922,5.68359,5.80078,5.625,5.74219,5.625,5.68359,5.68359,5.74219,5.50781,5.56641,0.114746,0.162354,0.167236,0.136719,0.102539,0.12207,0.129395,0.152588,0.125732,0.167236,0.130615
2017-07-18T02:40:00Z,76.64063,79.10156,80.50781,81.21094,80.85938,82.26563,81.21094,85.78125,86.48438,81.5625,85.07813,85.78125,6.15234,5.21484,5.39063,5.74219,5.68359,5.74219,5.80078,5.80078,5.85938,5.625,5.80078,5.74219,5.97656,0.172119,0.166016,0.134277,0.144043,0.172119,0.147705,0.136719,0.118408,0.148926,0.123291,0.111084
2017-07-18T02:50:00Z,81.21094,86.83594,86.13281,87.53906,86.83594,86.48438,87.53906,85.78125,87.1875,86.13281,87.1875,87.1875,6.67969,5.625,5.80078,5.97656,5.91797,5.91797,5.85938,6.09375,5.85938,5.97656,5.85938,5.85938,5.85938,0.141602,0.144043,0.119629,0.112305,0.119629,0.134277,0.177002,0.124512,0.124512,0.150146,0.145264
2017-07-18T03:00:00Z,84.02344,86.13281,88.59375,88.59375,90.70313,92.10938,91.05469,91.05469,87.89063,91.40625,91.40625,90.0,6.67969,5.44922,5.74219,5.85938,5.68359,5.91797,6.03516,5.74219,5.74219,5.80078,5.80078,5.80078,5.68359,0.12207,0.128174,0.125732,0.108643,0.115967,0.112305,0.13916,0.147705,0.108643,0.130615,0.158691
2017-07-18T03:10:00Z,86.13281,90.0,88.59375,90.35156,87.53906,91.05469,92.10938,90.0,89.64844,94.21875,95.97656,93.86719,6.5625,5.44922,5.85938,6.03516,6.15234,6.09375,6.09375,5.91797,5.80078,5.91797,6.09375,5.74219,6.09375,0.097656,0.115967,0.124512,0.144043,0.107422,0.106201,0.115967,0.098877,0.111084,0.152588,0.081787
2017-07-18T03:20:00Z,90.70313,95.27344,93.86719,95.27344,95.625,98.08594,96.32813,94.57031,94.21875,95.27344,96.32813,94.92188,7.5,5.97656,6.5625,6.44531,6.44531,6.44531,6.5625,6.50391,6.62109,6.5625,6.32813,6.44531,6.44531,0.096436,0.129395,0.10376,0.100098,0.091553,0.145264,0.084229,0.079346,0.114746,0.091553,0.093994
2017-07-18T03:30:00Z,92.8125,96.32813,98.4375,95.27344,97.03125,95.625,98.78906,94.57031,94.92188,97.03125,93.86719,97.73438,7.32422,6.03516,6.32813,6.32813,6.38672,6.38672,6.26953,6.38672,6.15234,6.38672,6.38672,6.44531,6.50391,0.078125,0.123291,0.101318,0.102539,0.10376,0.111084,0.085449,0.079346,0.111084,0.114746,0.084229
2017-07-18T03:40:00Z,90.35156,90.70313,91.75781,90.70313,93.86719,92.46094,90.70313,91.05469,93.86719,95.625,94.57031,92.8125,7.20703,5.91797,6.32813,6.50391,6.26953,6.26953,6.38672,6.15234,6.38672,6.5625,6.32813,6.38672,6.50391,0.107422,0.100098,0.090332,0.096436,0.089111,0.134277,0.089111,0.085449,0.100098,0.084229,0.065918
2017-07-18T03:50:00Z,88.24219,93.16406,92.8125,96.32813,92.46094,93.86719,92.10938,93.16406,94.57031,94.21875,93.51563,93.16406,7.03125,5.80078,6.26953,6.32813,6.32813,6.26953,6.38672,6.44531,6.50391,6.44531,6.44531,6.67969,6.67969,0.102539,0.107422,0.081787,0.090332,0.084229,0.091553,0.102539,0.091553,0.085449,0.076904,0.075684
2017-07-18T04:00:00Z,92.10938,92.46094,93.86719,91.40625,92.46094,92.8125,94.21875,93.51563,93.86719,94.92188,96.32813,95.625,7.38281,5.80078,6.26953,6.21094,6.21094,6.15234,6.21094,6.26953,6.03516,6.15234,6.26953,6.44531,6.26953,0.084229,0.093994,0.112305,0.10376,0.133057,0.100098,0.093994,0.126953,0.096436,0.085449,0.101318
2017-07-18T04:10:00Z,88.24219,92.46094,91.05469,92.46094,91.05469,89.64844,92.8125,95.97656,95.625,96.32813,97.73438,97.73438,6.91406,5.85938,6.32813,6.21094,6.32813,6.21094,6.21094,6.26953,6.21094,6.21094,6.21094,6.26953,6.44531,0.091553,0.092773,0.08667,0.087891,0.107422,0.084229,0.098877,0.085449,0.080566,0.085449,0.056152
2017-07-18T04:20:00Z,90.70313,95.97656,94.57031,91.40625,95.625,95.625,94.21875,94.57031,98.4375,100.19531,99.14063,100.19531,6.85547,5.91797,5.97656,5.97656,6.15234,6.21094,6.15234,6.15234,6.21094,6.09375,6.15234,6.32813,6.44531,0.10376,0.134277,0.10376,0.092773,0.053711,0.08667,0.097656,0.10376,0.096436,0.097656,0.125732
2017-07-18T04:30:00Z,89.64844,93.16406,89.64844,93.86719,92.10938,92.8125,93.16406,94.57031,95.97656,97.73438,97.03125,102.65625,6.85547,5.68359,5.97656,5.97656,5.97656,6.09375,6.03516,6.03516,6.26953,6.09375,6.21094,6.5625,6.67969,0.124512,0.095215,0.126953,0.092773,0.089111,0.115967,0.080566,0.12085,0.089111,0.092773,0.12207
2017-07-18T04:40:00Z,90.0,95.27344,97.38281,95.27344,94.57031,94.92188,97.03125,95.97656,99.84375,101.95313,103.35938,105.11719,6.67969,5.74219,6.09375,6.03516,6.15234,6.09375,6.09375,6.03516,6.15234,5.97656,6.26953,6.62109,6.79688,0.106201,0.096436,0.12085,0.107422,0.095215,0.106201,0.08667,0.098877,0.091553,0.076904,0.085449
2017-07-18T04:50:00Z,90.0,90.35156,93.16406,93.51563,93.51563,94.92188,95.97656,93.86719,98.78906,99.49219,100.19531,103.00781,7.08984,5.80078,6.21094,6.15234,6.26953,6.26953,6.15234,6.15234,6.32813,6.44531,6.38672,6.44531,6.67969,0.10376,0.131836,0.091553,0.10498,0.111084,0.087891,0.084229,0.089111,0.089111,0.10376,0.089111
2017-07-18T05:00:00Z,90.0,92.10938,94.92188,95.27344,97.03125,96.67969,96.67969,97.73438,99.14063,99.84375,100.19531,105.46875,6.85547,5.80078,6.09375,6.21094,6.15234,6.32813,6.15234,6.03516,6.09375,6.32813,6.5625,6.62109,7.14844,0.114746,0.115967,0.112305,0.126953,0.117188,0.091553,0.095215,0.101318,0.081787,0.091553,0.089111
2017-07-18T05:10:00Z,89.29688,95.97656,95.27344,95.27344,93.51563,95.625,95.625,93.86719,100.19531,95.27344,100.19531,106.17188,7.26563,5.85938,6.32813,6.26953,6.44531,6.50391,6.21094,6.44531,6.44531,6.5625,6.62109,6.91406,7.08984,0.115967,0.108643,0.107422,0.114746,0.130615,0.109863,0.095215,0.12207,0.114746,0.070801,0.085449
2017-07-18T05:20:00Z,92.10938,95.625,92.8125,94.57031,95.27344,95.97656,97.03125,97.38281,98.78906,102.30469,100.89844,104.41406,7.08984,6.03516,6.67969,6.50391,6.5625,6.44531,6.50391,6.62109,6.62109,6.79688,6.91406,7.03125,7.32422,0.133057,0.119629,0.123291,0.100098,0.114746,0.091553,0.114746,0.098877,0.095215,0.068359,0.115967
2017-07-18T05:30:00Z,91.40625,92.10938,94.21875,92.8125,94.92188,95.97656,94.92188,96.32813,101.25,102.30469,99.84375,104.76563,7.14844,5.91797,6.44531,6.38672,6.32813,6.5625,6.03516,6.44531,6.73828,6.73828,6.85547,6.91406,7.38281,0.114746,0.136719,0.148926,0.142822,0.136719,0.107422,0.144043,0.083008,0.097656,0.13916,0.096436
2017-07-18T05:40:00Z,87.89063,95.27344,91.40625,90.70313,91.75781,91.05469,93.86719,96.32813,94.92188,98.08594,101.25,105.82031,7.08984,5.85938,6.38672,6.38672,6.5625,6.5625,6.5625,6.32813,6.5625,6.50391,6.85547,6.73828,6.91406,0.152588,0.126953,0.136719,0.142822,0.128174,0.113525,0.101318,0.114746,0.150146,0.153809,0.106201
2017-07-18T05:50:00Z,90.0,92.46094,90.70313,93.51563,96.67969,93.51563,93.51563,92.46094,95.97656,97.38281,100.19531,100.19531,7.67578,6.15234,6.85547,6.97266,6.91406,6.73828,6.73828,6.62109,6.62109,7.44141,6.79688,7.03125,7.03125,0.133057,0.131836,0.131836,0.184326,0.128174,0.169678,0.125732,0.137939,0.168457,0.131836,0.130615
2017-07-18T06:00:00Z,91.40625,91.05469,94.92188,93.51563,94.21875,91.75781,93.86719,94.21875,92.10938,95.97656,96.32813,98.78906,7.55859,6.44531,6.91406,6.91406,6.91406,6.97266,7.03125,6.85547,6.79688,6.97266,7.08984,7.20703,7.14844,0.118408,0.150146,0.090332,0.106201,0.146484,0.135498,0.131836,0.123291,0.114746,0.115967,0.131836
2017-07-18T06:10:00Z,89.29688,92.46094,90.35156,90.0,90.70313,92.10938,97.38281,93.51563,96.32813,97.38281,98.78906,98.08594,7.61719,6.15234,6.91406,6.62109,6.85547,6.73828,7.20703,6.97266,6.67969,6.50391,6.97266,6.97266,7.32422,0.146484,0.129395,0.166016,0.125732,0.111084,0.112305,0.147705,0.135498,0.151367,0.115967,0.136719
2017-07-18T06:20:00Z,91.05469,96.32813,95.27344,91.75781,94.92188,94.21875,93.16406,99.49219,93.16406,99.14063,98.08594,94.21875,7.67578,6.21094,7.20703,6.67969,7.03125,6.67969,6.97266,7.08984,6.79688,6.62109,7.03125,6.97266,6.79688,0.17334,0.162354,0.08667,0.119629,0.161133,0.125732,0.144043,0.196533,0.147705,0.148926,0.163574
2017-07-18T06:30:00Z,90.70313,93.51563,95.625,96.67969,95.97656,93.86719,95.625,99.49219,94.57031,97.03125,103.71094,98.78906,7.5,6.15234,6.97266,6.85547,6.62109,6.91406,6.62109,6.97266,6.79688,7.20703,6.91406,6.97266,7.20703,0.136719,0.148926,0.148926,0.124512,0.168457,0.135498,0.151367,0.19165,0.134277,0.135498,0.124512
2017-07-18T06:40:00Z,91.05469,97.38281,96.32813,97.73438,98.08594,93.86719,96.67969,101.25,100.89844,100.54688,101.60156,102.65625,7.67578,6.15234,6.79688,6.85547,6.91406,6.91406,6.91406,7.08984,6.91406,6.97266,7.03125,7.26563,7.08984,0.137939,0.123291,0.137939,0.158691,0.13916,0.126953,0.117188,0.153809,0.08667,0.126953,0.145264
2017-07-18T06:50:00Z,93.86719,97.03125,97.03125,97.38281,93.51563,94.92188,99.14063,97.03125,96.32813,99.84375,96.32813,102.30469,7.38281,6.03516,6.38672,6.26953,6.44531,6.67969,6.85547,6.79688,6.62109,6.50391,6.62109,6.85547,7.32422,0.124512,0.167236,0.144043,0.145264,0.142822,0.153809,0.126953,0.130615,0.155029,0.083008,0.137939
2017-07-18T07:00:00Z,91.75781,95.625,95.97656,94.21875,93.51563,93.86719,94.92188,97.03125,95.625,99.84375,98.78906,96.32813,6.79688,5.625,6.26953,6.26953,6.5625,6.44531,6.50391,6.50391,6.44531,6.50391,6.50391,6.50391,6.50391,0.136719,0.142822,0.162354,0.135498,0.147705,0.180664,0.15625,0.153809,0.142822,0.170898,0.115967
2017-07-18T07:10:00Z,92.8125,97.38281,96.32813,101.60156,95.27344,95.27344,97.03125,98.78906,99.84375,99.49219,100.89844,97.38281,6.97266,5.68359,6.03516,6.03516,6.50391,6.09375,6.32813,6.67969,6.62109,6.26953,6.26953,6.21094,6.73828,0.169678,0.148926,0.174561,0.153809,0.152588,0.153809,0.130615,0.129395,0.211182,0.187988,0.087891
2017-07-18T07:20:00Z,88.94531,92.46094,89.29688,90.70313,93.16406,91.75781,95.27344,95.97656,95.625,96.67969,95.97656,100.89844,6.62109,5.33203,6.09375,6.09375,6.21094,6.26953,6.26953,5.91797,6.15234,5.97656,6.26953,6.32813,6.62109,0.112305,0.192871,0.147705,0.126953,0.15625,0.172119,0.146484,0.114746,0.152588,0.109863,0.131836
2017-07-18T07:30:00Z,86.48438,88.59375,88.94531,89.64844,88.94531,87.1875,88.94531,90.0,92.8125,92.46094,93.16406,94.57031,6.5625,5.33203,5.80078,5.97656,6.09375,6.15234,6.09375,5.91797,6.21094,6.09375,6.21094,6.15234,6.44531,0.152588,0.147705,0.13916,0.170898,0.124512,0.146484,0.135498,0.142822,0.15625,0.172119,0.128174
2017-07-18T07:40:00Z,82.26563,85.78125,84.72656,84.02344,87.53906,86.13281,87.89063,89.64844,91.05469,92.10938,93.16406,96.32813,6.09375,5.09766,5.85938,5.80078,5.56641,5.85938,5.74219,6.03516,5.80078,5.85938,5.97656,6.15234,6.26953,0.142822,0.119629,0.162354,0.128174,0.134277,0.107422,0.125732,0.134277,0.144043,0.137939,0.109863
2017-07-18T07:50:00Z,80.50781,90.35156,89.29688,85.07813,89.29688,84.72656,91.40625,88.59375,92.8125,94.92188,94.92188,93.86719,6.38672,5.39063,6.03516,5.74219,5.97656,5.80078,5.85938,6.09375,6.03516,6.15234,6.03516,6.09375,5.97656,0.123291,0.130615,0.119629,0.119629,0.153809,0.168457,0.102539,0.147705,0.117188,0.147705,0.119629
2017-07-18T08:00:00Z,82.61719,89.64844,88.24219,89.29688,88.24219,91.05469,90.70313,93.51563,92.8125,88.94531,95.97656,92.46094,7.79297,5.27344,5.74219,5.80078,5.80078,6.03516,6.15234,5.91797,5.74219,5.85938,5.97656,6.09375,6.26953,0.130615,0.114746,0.142822,0.10376,0.115967,0.111084,0.151367,0.119629,0.134277,0.151367,0.10376
2017-07-18T08:10:00Z,83.67188,91.40625,88.59375,87.89063,89.64844,88.24219,89.29688,92.8125,93.51563,93.86719,98.08594,93.86719,6.26953,5.09766,5.625,5.74219,5.80078,5.625,5.80078,5.91797,5.97656,6.09375,5.97656,5.85938,5.97656,0.157471,0.147705,0.114746,0.137939,0.10498,0.108643,0.135498,0.130615,0.136719,0.130615,0.114746
2017-07-18T08:20:00Z,81.21094,84.375,84.02344,81.5625,83.67188,88.94531,86.13281,89.29688,87.53906,92.8125,92.10938,98.08594,6.91406,4.98047,5.56641,5.80078,5.80078,5.44922,6.03516,5.56641,5.91797,5.74219,5.85938,6.32813,6.50391,0.162354,0.145264,0.151367,0.137939,0.150146,0.167236,0.114746,0.146484,0.140381,0.12207,0.113525
2017-07-18T08:30:00Z,77.34375,80.15625,81.91406,82.26563,81.91406,83.32031,82.96875,81.91406,86.48438,85.42969,86.48438,86.13281,6.21094,5.03906,5.39063,5.56641,5.625,5.625,5.56641,5.50781,5.97656,5.85938,5.85938,5.50781,5.91797,0.083008,0.15625,0.133057,0.108643,0.095215,0.118408,0.124512,0.065918,0.106201,0.109863,0.084229
2017-07-18T08:40:00Z,75.58594,82.96875,79.10156,79.80469,81.21094,81.5625,82.61719,82.26563,84.72656,83.67188,83.32031,84.375,6.15234,5.03906,5.85938,5.85938,5.625,5.74219,5.80078,5.85938,5.85938,5.97656,5.80078,6.03516,5.91797,0.129395,0.137939,0.128174,0.109863,0.137939,0.136719,0.115967,0.090332,0.144043,0.119629,0.096436
2017-07-18T08:50:00Z,76.64063,81.91406,82.61719,82.26563,82.96875,81.5625,79.10156,82.26563,76.99219,83.67188,82.26563,84.02344,6.38672,5.21484,5.74219,5.97656,5.85938,5.97656,5.97656,5.80078,6.03516,5.97656,6.26953,6.09375,6.09375,0.131836,0.101318,0.111084,0.100098,0.087891,0.096436,0.108643,0.090332,0.114746,0.093994,0.107422
2017-07-18T09:00:00Z,76.64063,75.9375,76.99219,80.15625,77.34375,76.64063,80.50781,80.50781,79.80469,81.21094,81.91406,84.02344,6.38672,5.21484,5.74219,5.85938,5.85938,6.15234,6.15234,6.15234,6.03516,6.09375,6.26953,6.44531,6.50391,0.112305,0.108643,0.15625,0.135498,0.102539,0.144043,0.111084,0.101318,0.109863,0.112305,0.095215
2017-07-18T09:10:00Z,71.01563,68.20313,73.82813,72.07031,76.28906,75.9375,79.45313,78.75,80.85938,81.21094,81.91406,82.96875,6.09375,5.09766,5.625,5.97656,5.44922,5.80078,5.74219,5.68359,5.80078,5.85938,6.09375,6.09375,6.03516,0.118408,0.140381,0.141602,0.109863,0.109863,0.118408,0.096436,0.124512,0.12085,0.098877,0.115967
2017-07-18T09:20:00Z,66.79688,70.3125,71.01563,69.25781,69.96094,69.25781,71.71875,73.125,76.28906,78.39844,77.69531,78.75,6.62109,4.74609,5.39063,5.21484,5.27344,5.27344,5.33203,5.56641,5.68359,5.625,5.56641,5.74219,5.74219,0.097656,0.133057,0.098877,0.140381,0.102539,0.129395,0.102539,0.080566,0.107422,0.090332,0.068359
2017-07-18T09:30:00Z,66.09375,69.25781,69.96094,71.71875,72.77344,73.125,73.82813,75.23438,76.64063,78.04688,77.34375,78.39844,6.03516,4.80469,5.56641,5.625,5.625,5.68359,5.74219,5.68359,5.85938,5.85938,5.74219,5.91797,6.26953,0.106201,0.117188,0.131836,0.114746,0.10376,0.10376,0.10376,0.102539,0.091553,0.123291,0.10498
2017-07-18T09:40:00Z,65.39063,68.20313,68.90625,69.96094,69.60938,68.90625,69.96094,72.42188,73.47656,74.53125,74.17969,77.69531,6.03516,5.15625,5.91797,6.03516,5.91797,5.97656,6.32813,6.15234,6.38672,6.21094,6.44531,6.38672,6.50391,0.102539,0.108643,0.109863,0.113525,0.093994,0.085449,0.106201,0.093994,0.098877,0.118408,0.102539
2017-07-18T09:50:00Z,62.92969,66.79688,65.74219,69.60938,67.5,70.66406,70.66406,70.3125,73.47656,74.17969,77.34375,78.75,6.32813,5.09766,5.80078,5.85938,6.03516,6.03516,6.21094,6.26953,6.38672,6.50391,6.5625,6.62109,6.67969,0.131836,0.145264,0.13916,0.137939,0.111084,0.10376,0.113525,0.136719,0.100098,0.128174,0.100098
2017-07-18T10:00:00Z,63.63281,66.79688,66.44531,66.44531,66.44531,67.85156,69.25781,71.71875,73.125,74.88281,76.28906,75.23438,5.97656,4.98047,5.625,5.85938,5.91797,5.91797,6.09375,5.91797,6.03516,6.21094,6.21094,6.21094,6.50391,0.098877,0.108643,0.080566,0.079346,0.084229,0.113525,0.08667,0.111084,0.092773,0.076904,0.113525
2017-07-18T10:10:00Z,62.22656,66.09375,67.14844,68.20313,66.09375,69.25781,68.55469,70.3125,68.55469,73.125,74.53125,76.28906,6.38672,5.15625,5.97656,6.03516,6.09375,6.26953,6.38672,6.09375,6.26953,6.26953,6.62109,6.50391,6.73828,0.085449,0.115967,0.10498,0.102539,0.096436,0.12207,0.097656,0.091553,0.108643,0.098877,0.06958
2017-07-18T10:20:00Z,58.35938,63.28125,61.875,65.74219,65.03906,67.85156,68.20313,67.5,69.60938,72.42188,75.23438,74.53125,6.21094,5.03906,5.85938,6.09375,5.91797,5.97656,6.03516,6.09375,6.09375,6.38672,6.50391,6.44531,6.50391,0.119629,0.10498,0.084229,0.100098,0.092773,0.128174,0.108643,0.133057,0.112305,0.108643,0.097656
2017-07-18T10:30:00Z,54.49219,59.41406,61.52344,57.65625,61.17188,61.875,62.57813,63.63281,66.44531,68.90625,69.96094,69.96094,6.32813,5.27344,6.21094,6.26953,6.26953,6.32813,6.32813,6.26953,6.38672,6.5625,6.50391,6.32813,6.32813,0.090332,0.109863,0.080566,0.08667,0.109863,0.091553,0.085449,0.068359,0.067139,0.098877,0.101318
2017-07-18T10:40:00Z,54.84375,55.89844,57.30469,57.30469,59.0625,58.71094,60.82031,61.17188,62.22656,65.74219,65.39063,70.3125,6.73828,5.39063,6.38672,6.5625,6.44531,6.44531,6.5625,6.5625,6.67969,6.44531,6.67969,6.79688,6.79688,0.142822,0.12085,0.111084,0.096436,0.102539,0.095215,0.085449,0.081787,0.079346,0.10498,0.089111
2017-07-18T10:50:00Z,50.27344,54.84375,55.89844,54.14063,54.49219,60.11719,60.82031,62.22656,61.52344,63.98438,66.44531,68.20313,6.62109,5.74219,6.5625,6.79688,6.67969,6.91406,6.97266,7.08984,7.03125,7.14844,7.38281,7.08984,7.08984,0.074463,0.102539,0.089111,0.095215,0.098877,0.093994,0.089111,0.092773,0.093994,0.076904,0.097656
2017-07-18T11:00:00Z,49.21875,57.30469,56.60156,54.84375,58.35938,56.95313,59.0625,60.11719,61.17188,59.41406,63.98438,65.03906,6.91406,5.91797,6.73828,6.5625,6.85547,6.85547,7.08984,7.55859,7.26563,7.32422,7.38281,7.61719,7.55859,0.095215,0.102539,0.095215,0.072021,0.081787,0.087891,0.100098,0.097656,0.10376,0.10498,0.087891
2017-07-18T11:10:00Z,49.21875,54.14063,54.49219,53.4375,54.84375,56.60156,56.95313,58.71094,59.41406,62.92969,62.22656,65.74219,7.67578,5.91797,7.20703,7.20703,7.14844,7.20703,7.44141,7.67578,7.5,7.79297,7.61719,7.79297,7.79297,0.123291,0.113525,0.111084,0.096436,0.087891,0.098877,0.100098,0.072021,0.085449,0.073242,0.076904
2017-07-18T11:20:00Z,50.97656,53.4375,53.08594,55.19531,57.30469,57.30469,58.35938,58.35938,61.52344,63.28125,65.74219,69.60938,7.61719,6.21094,7.5,7.61719,7.5,7.85156,7.96875,7.91016,7.85156,8.14453,8.14453,8.02734,7.73438,0.095215,0.106201,0.111084,0.131836,0.12207,0.096436,0.109863,0.109863,0.064697,0.081787,0.080566
2017-07-18T11:30:00Z,50.625,54.84375,54.49219,54.49219,55.89844,55.89844,59.76563,59.41406,63.98438,65.74219,67.14844,71.71875,7.5,6.38672,7.20703,7.32422,7.38281,7.55859,7.91016,7.96875,8.02734,7.85156,7.67578,7.55859,7.44141,0.13916,0.10376,0.098877,0.092773,0.10498,0.065918,0.064697,0.098877,0.085449,0.059814,0.085449
2017-07-18T11:40:00Z,47.8125,49.92188,52.73438,53.78906,54.84375,55.19531,55.89844,59.41406,63.28125,62.57813,65.39063,70.3125,7.85156,6.09375,7.08984,7.26563,7.20703,7.44141,7.5,7.91016,8.14453,7.91016,7.79297,7.61719,7.44141,0.08667,0.107422,0.119629,0.140381,0.08667,0.112305,0.091553,0.079346,0.095215,0.090332,0.065918
2017-07-18T11:50:00Z,47.10938,54.14063,55.19531,52.73438,53.4375,56.95313,56.95313,58.35938,61.52344,65.39063,69.25781,72.42188,7.96875,6.44531,7.79297,7.91016,8.02734,8.08594,8.20313,8.26172,8.26172,8.20313,8.02734,7.73438,7.5,0.125732,0.115967,0.115967,0.092773,0.10498,0.118408,0.096436,0.12207,0.096436,0.117188,0.129395
2017-07-18T12:00:00Z,51.32813,58.00781,56.95313,58.00781,56.25,59.76563,60.11719,66.09375,66.44531,71.36719,71.71875,76.99219,7.61719,6.32813,7.32422,7.44141,7.55859,7.96875,8.26172,8.26172,8.4375,8.14453,7.79297,7.67578,7.91016,0.115967,0.10498,0.12085,0.113525,0.079346,0.072021,0.090332,0.10376,0.085449,0.107422,0.102539
2017-07-18T12:10:00Z,50.97656,56.95313,59.41406,58.71094,56.95313,59.76563,61.52344,63.98438,65.74219,66.79688,70.66406,71.36719,8.20313,6.62109,7.79297,7.96875,8.14453,8.14453,8.55469,8.67188,8.73047,8.32031,8.02734,8.20313,8.02734,0.118408,0.119629,0.109863,0.106201,0.081787,0.100098,0.107422,0.100098,0.102539,0.109863,0.095215
2017-07-18T12:20:00Z,49.92188,56.60156,53.08594,54.84375,57.30469,58.71094,62.22656,61.17188,63.63281,67.14844,72.77344,71.71875,8.14453,6.62109,7.96875,8.20313,8.14453,8.49609,8.78906,8.61328,8.49609,8.90625,8.55469,8.61328,8.20313,0.119629,0.102539,0.085449,0.075684,0.084229,0.083008,0.102539,0.079346,0.12207,0.093994,0.092773
2017-07-18T12:30:00Z,50.27344,54.84375,55.19531,56.25,57.65625,61.52344,65.03906,61.52344,67.5,67.85156,69.96094,72.07031,7.79297,6.44531,7.20703,7.61719,7.44141,8.20313,8.37891,8.49609,8.4375,8.37891,8.37891,8.37891,8.37891,0.131836,0.109863,0.12085,0.124512,0.106201,0.080566,0.100098,0.101318,0.093994,0.093994,0.108643
2017-07-18T12:40:00Z,52.03125,59.0625,61.52344,62.57813,58.00781,63.63281,66.44531,69.60938,70.3125,71.71875,74.88281,76.99219,7.79297,6.38672,7.67578,7.61719,8.02734,8.08594,8.61328,8.84766,8.37891,8.08594,8.02734,8.4375,8.37891,0.118408,0.151367,0.113525,0.185547,0.115967,0.101318,0.140381,0.10498,0.108643,0.135498,0.092773
2017-07-18T12:50:00Z,54.49219,61.52344,59.76563,61.875,62.92969,64.33594,69.25781,68.55469,74.88281,76.99219,79.10156,79.45313,7.73438,6.26953,7.55859,7.79297,7.96875,8.26172,8.08594,8.32031,8.08594,8.61328,8.32031,8.26172,8.49609,0.134277,0.100098,0.107422,0.117188,0.157471,0.115967,0.130615,0.101318,0.115967,0.085449,0.078125
2017-07-18T13:00:00Z,52.73438,57.30469,56.60156,55.89844,62.57813,60.46875,66.79688,68.55469,72.42188,71.71875,77.34375,78.39844,7.79297,6.44531,7.73438,8.08594,7.85156,8.26172,8.20313,8.26172,7.91016,7.79297,8.08594,8.14453,8.14453,0.117188,0.097656,0.123291,0.092773,0.107422,0.125732,0.095215,0.101318,0.091553,0.100098,0.080566
2017-07-18T13:10:00Z,51.32813,54.84375,56.60156,56.25,58.71094,59.76563,64.6875,64.33594,68.55469,72.07031,71.71875,73.125,7.79297,6.15234,7.08984,7.5,7.5,7.73438,7.96875,7.96875,8.02734,7.85156,7.5,7.61719,7.67578,0.106201,0.147705,0.133057,0.113525,0.101318,0.141602,0.117188,0.119629,0.115967,0.119629,0.097656
2017-07-18T13:20:00Z,49.57031,49.92188,54.84375,53.4375,55.54688,61.52344,61.52344,66.09375,64.6875,67.85156,73.125,75.9375,6.91406,5.80078,6.91406,7.32422,6.97266,7.67578,8.02734,8.08594,7.73438,7.96875,8.32031,8.32031,7.73438,0.135498,0.152588,0.126953,0.108643,0.142822,0.130615,0.128174,0.126953,0.117188,0.100098,0.114746
2017-07-18T13:30:00Z,48.16406,53.08594,54.84375,57.65625,57.30469,59.41406,62.57813,64.6875,62.57813,67.5,69.60938,72.42188,7.26563,5.625,6.73828,7.14844,6.91406,7.73438,8.26172,8.32031,7.85156,8.08594,8.49609,8.49609,8.26172,0.13916,0.126953,0.185547,0.129395,0.107422,0.109863,0.150146,0.101318,0.092773,0.134277,0.091553
2017-07-18T13:40:00Z,48.86719,52.73438,57.30469,58.35938,57.65625,61.875,60.82031,67.5,67.14844,73.125,73.47656,77.69531,7.03125,5.80078,7.32422,7.67578,7.61719,8.37891,8.37891,8.84766,8.61328,8.90625,8.84766,8.78906,8.61328,0.137939,0.124512,0.126953,0.108643,0.142822,0.12085,0.10376,0.115967,0.107422,0.080566,0.136719
2017-07-18T13:50:00Z,50.97656,54.84375,59.41406,55.89844,60.11719,61.52344,66.44531,68.55469,73.125,73.125,72.77344,78.75,8.02734,6.50391,8.32031,8.67188,8.32031,9.02344,9.43359,9.49219,8.90625,8.96484,8.96484,9.49219,8.96484,0.109863,0.112305,0.124512,0.112305,0.119629,0.097656,0.142822,0.12207,0.134277,0.118408,0.107422
2017-07-18T14:00:00Z,53.78906,60.82031,61.52344,60.11719,65.39063,63.98438,66.44531,67.85156,71.71875,74.53125,76.64063,76.99219,8.14453,6.44531,8.37891,8.55469,8.55469,8.61328,8.90625,9.02344,9.25781,9.31641,9.19922,9.14063,8.96484,0.087891,0.112305,0.123291,0.114746,0.111084,0.117188,0.129395,0.111084,0.144043,0.123291,0.125732
2017-07-18T14:10:00Z,53.08594,58.71094,60.11719,59.41406,62.92969,65.39063,67.5,68.20313,71.71875,73.47656,74.53125,74.88281,7.38281,6.09375,7.96875,8.14453,8.08594,8.73047,9.08203,8.73047,8.90625,8.84766,8.84766,8.49609,8.26172,0.150146,0.079346,0.118408,0.10376,0.125732,0.133057,0.096436,0.126953,0.102539,0.096436,0.115967
2017-07-18T14:20:00Z,53.08594,56.95313,60.46875,59.41406,61.17188,61.875,67.85156,70.66406,70.3125,72.07031,72.42188,75.9375,7.67578,6.38672,8.20313,8.4375,8.73047,8.84766,9.55078,9.60938,9.55078,9.14063,8.78906,9.02344,9.31641,0.111084,0.111084,0.137939,0.129395,0.115967,0.134277,0.12207,0.111084,0.147705,0.130615,0.12207
2017-07-18T14:30:00Z,52.03125,58.00781,57.30469,56.25,58.35938,61.875,65.03906,72.07031,69.96094,74.17969,74.88281,73.82813,7.91016,6.62109,8.20313,8.4375,8.78906,8.90625,9.43359,9.84375,9.90234,9.60938,9.31641,9.08203,9.31641,0.140381,0.101318,0.097656,0.085449,0.117188,0.108643,0.109863,0.113525,0.133057,0.089111,0.130615
2017-07-18T14:40:00Z,51.67969,57.30469,58.00781,58.71094,61.17188,62.92969,66.09375,72.07031,73.47656,74.53125,74.53125,79.10156,8.02734,6.67969,8.55469,8.84766,9.02344,9.43359,9.96094,9.96094,9.43359,9.25781,9.55078,9.49219,9.72656,0.150146,0.108643,0.091553,0.112305,0.10498,0.12207,0.109863,0.130615,0.114746,0.091553,0.102539
2017-07-18T14:50:00Z,51.67969,56.25,56.95313,56.95313,61.875,63.98438,69.60938,69.96094,68.90625,72.07031,75.9375,76.64063,8.67188,6.97266,8.49609,9.31641,9.02344,10.01953,10.3125,9.72656,9.66797,9.60938,9.78516,9.84375,9.60938,0.102539,0.097656,0.091553,0.075684,0.090332,0.075684,0.092773,0.084229,0.101318,0.080566,0.131836
2017-07-18T15:00:00Z,50.27344,58.35938,57.30469,55.54688,60.11719,64.6875,65.74219,66.79688,72.77344,69.96094,72.42188,76.28906,8.90625,7.32422,9.31641,9.66797,9.90234,10.3125,10.3125,10.3125,10.13672,10.07813,9.66797,9.78516,9.84375,0.140381,0.093994,0.10498,0.098877,0.109863,0.107422,0.126953,0.133057,0.084229,0.118408,0.118408
2017-07-18T15:10:00Z,50.27344,55.89844,57.30469,58.00781,58.35938,60.82031,66.09375,68.90625,69.25781,71.71875,73.82813,77.34375,8.67188,7.32422,8.96484,9.31641,9.90234,10.42969,10.72266,10.89844,10.19531,9.60938,9.55078,9.96094,10.13672,0.114746,0.134277,0.089111,0.08667,0.124512,0.101318,0.131836,0.123291,0.098877,0.133057,0.101318
2017-07-18T15:20:00Z,50.625,54.49219,59.0625,60.11719,61.17188,62.22656,67.14844,69.96094,72.77344,71.36719,74.17969,75.23438,8.67188,7.44141,9.31641,9.96094,10.07813,10.54688,10.78125,10.54688,10.07813,9.66797,9.84375,9.84375,9.96094,0.107422,0.111084,0.090332,0.125732,0.093994,0.117188,0.111084,0.102539,0.119629,0.089111,0.119629
2017-07-18T15:30:00Z,50.27344,56.60156,58.71094,55.89844,58.71094,62.92969,66.09375,67.5,71.71875,70.66406,73.47656,73.47656,8.49609,7.20703,9.25781,9.96094,9.78516,10.42969,10.83984,10.66406,10.19531,9.78516,10.07813,9.90234,9.96094,0.107422,0.091553,0.124512,0.115967,0.130615,0.133057,0.111084,0.145264,0.12085,0.091553,0.10498
2017-07-18T15:40:00Z,50.27344,58.00781,60.82031,55.19531,59.76563,63.98438,66.79688,66.79688,69.60938,70.3125,73.82813,75.58594,8.67188,7.38281,9.60938,9.84375,10.01953,10.78125,11.07422,10.66406,10.25391,10.3125,10.37109,10.3125,10.13672,0.10498,0.114746,0.087891,0.08667,0.076904,0.10498,0.092773,0.109863,0.074463,0.083008,0.098877
2017-07-18T15:50:00Z,50.27344,54.84375,57.30469,55.19531,58.35938,63.98438,66.44531,67.85156,68.20313,70.3125,72.07031,74.88281,8.73047,7.26563,9.49219,10.01953,9.78516,11.07422,11.19141,10.54688,10.25391,10.54688,10.54688,10.54688,10.01953,0.083008,0.097656,0.093994,0.100098,0.064697,0.108643,0.08667,0.095215,0.100098,0.089111,0.106201
2017-07-18T16:00:00Z,50.27344,55.19531,55.19531,59.0625,61.52344,65.74219,65.74219,70.66406,67.5,74.88281,69.96094,74.17969,8.37891,7.26563,9.375,10.19531,9.90234,10.78125,11.01563,10.83984,10.95703,10.83984,10.48828,10.25391,10.37109,0.089111,0.079346,0.102539,0.074463,0.084229,0.085449,0.090332,0.080566,0.101318,0.107422,0.093994
2017-07-18T16:10:00Z,49.21875,50.625,59.0625,58.71094,59.76563,63.28125,63.98438,69.25781,68.55469,70.66406,68.20313,72.42188,8.55469,7.08984,9.08203,9.84375,9.96094,10.72266,10.95703,10.95703,11.13281,10.66406,10.66406,10.37109,10.78125,0.067139,0.093994,0.10498,0.072021,0.092773,0.097656,0.081787,0.06958,0.081787,0.081787,0.084229
2017-07-18T16:20:00Z,48.86719,53.4375,56.25,53.78906,59.41406,64.33594,67.85156,67.85156,67.85156,67.85156,72.42188,72.42188,7.96875,6.91406,9.14063,9.66797,9.60938,10.60547,11.25,11.07422,10.78125,10.54688,10.66406,10.54688,10.42969,0.098877,0.065918,0.06958,0.057373,0.081787,0.085449,0.058594,0.083008,0.089111,0.058594,0.087891
2017-07-18T16:30:00Z,49.57031,57.65625,58.00781,58.00781,61.52344,61.875,69.96094,68.55469,71.01563,71.01563,72.42188,73.82813,8.26172,6.67969,8.96484,9.49219,9.49219,10.60547,11.19141,11.19141,10.60547,10.66406,10.78125,10.72266,10.60547,0.081787,0.106201,0.079346,0.091553,0.111084,0.074463,0.119629,0.101318,0.085449,0.115967,0.078125
2017-07-18T16:40:00Z,49.21875,56.95313,59.41406,58.00781,61.17188,62.22656,65.39063,67.5,68.20313,70.3125,74.88281,75.23438,7.67578,6.44531,8.90625,9.43359,9.72656,10.13672,10.83984,10.95703,10.95703,11.01563,10.48828,10.42969,10.60547,0.095215,0.081787,0.102539,0.089111,0.091553,0.091553,0.075684,0.090332,0.079346,0.068359,0.096436
2017-07-18T16:50:00Z,50.27344,56.95313,59.0625,60.82031,58.35938,67.85156,66.09375,67.85156,71.01563,68.90625,73.82813,73.82813,7.85156,6.73828,8.84766,9.60938,9.60938,10.54688,11.07422,11.25,11.01563,11.01563,10.72266,10.72266,10.95703,0.090332,0.075684,0.095215,0.067139,0.091553,0.064697,0.096436,0.093994,0.095215,0.076904,0.087891
2017-07-18T17:00:00Z,47.8125,50.97656,55.54688,55.89844,60.46875,61.875,65.74219,67.14844,70.3125,71.01563,72.07031,72.07031,7.91016,6.79688,9.25781,9.90234,9.84375,10.89844,11.36719,11.19141,11.25,11.36719,11.01563,10.72266,10.83984,0.085449,0.084229,0.076904,0.079346,0.089111,0.067139,0.06958,0.084229,0.064697,0.092773,0.065918
2017-07-18T17:10:00Z,48.51563,54.49219,56.25,56.25,63.98438,64.6875,66.09375,69.96094,68.90625,69.25781,72.42188,73.82813,8.14453,6.91406,9.43359,9.90234,10.01953,10.95703,11.42578,11.71875,11.54297,11.01563,10.95703,11.01563,10.60547,0.093994,0.080566,0.096436,0.061035,0.089111,0.089111,0.08667,0.117188,0.081787,0.091553,0.100098
2017-07-18T17:20:00Z,48.51563,54.84375,56.60156,58.35938,56.95313,65.03906,64.33594,68.20313,67.5,71.36719,68.20313,73.125,7.67578,6.67969,8.96484,9.96094,9.66797,10.60547,11.42578,11.66016,11.48438,11.66016,11.30859,11.25,11.19141,0.083008,0.090332,0.106201,0.097656,0.090332,0.107422,0.089111,0.084229,0.085449,0.114746,0.078125
2017-07-18T17:30:00Z,52.38281,58.71094,57.65625,60.11719,66.44531,62.22656,66.09375,69.25781,68.20313,70.66406,70.3125,72.77344,8.4375,7.14844,9.55078,10.25391,9.90234,11.25,11.66016,12.12891,12.1875,11.83594,11.48438,11.54297,11.48438,0.085449,0.074463,0.115967,0.08667,0.06958,0.079346,0.079346,0.064697,0.095215,0.087891,0.061035
2017-07-18T17:40:00Z,53.4375,59.76563,61.17188,60.82031,62.57813,67.85156,66.09375,71.36719,71.01563,74.17969,72.07031,76.64063,8.26172,6.85547,9.08203,9.66797,9.84375,10.95703,11.77734,11.89453,11.83594,11.66016,11.89453,11.48438,11.19141,0.096436,0.078125,0.100098,0.074463,0.085449,0.079346,0.101318,0.065918,0.073242,0.100098,0.093994
2017-07-18T17:50:00Z,56.95313,60.82031,63.98438,60.46875,66.09375,65.39063,69.25781,69.96094,72.42188,72.07031,74.17969,76.99219,8.73047,7.26563,9.96094,10.83984,10.72266,11.71875,12.42188,12.24609,12.42188,12.24609,12.07031,11.77734,11.66016,0.098877,0.100098,0.076904,0.080566,0.08667,0.075684,0.072021,0.079346,0.10376,0.096436,0.068359
2017-07-18T18:00:00Z,57.65625,61.875,60.46875,64.33594,64.6875,66.44531,68.20313,69.60938,72.42188,71.36719,73.82813,75.9375,9.49219,7.96875,10.60547,11.42578,11.30859,12.59766,12.89063,12.42188,12.65625,12.24609,12.1875,12.12891,11.95313,0.081787,0.075684,0.097656,0.093994,0.065918,0.101318,0.084229,0.089111,0.08667,0.090332,0.06958
2017-07-18T18:10:00Z,58.35938,64.33594,63.28125,62.57813,65.03906,64.6875,72.07031,70.66406,73.82813,72.77344,73.47656,75.58594,9.375,7.96875,10.72266,11.19141,11.83594,12.36328,13.125,12.59766,12.53906,12.42188,12.30469,12.01172,12.1875,0.090332,0.129395,0.102539,0.10376,0.073242,0.098877,0.091553,0.074463,0.102539,0.085449,0.084229
2017-07-18T18:20:00Z,58.35938,62.22656,63.63281,61.875,63.28125,66.09375,67.85156,72.07031,67.85156,72.07031,73.125,74.17969,9.72656,8.20313,10.95703,11.48438,11.60156,12.30469,12.77344,12.83203,12.53906,12.59766,12.94922,12.71484,11.83594,0.111084,0.098877,0.087891,0.081787,0.08667,0.064697,0.075684,0.079346,0.06958,0.079346,0.098877
2017-07-18T18:30:00Z,57.30469,65.74219,62.22656,59.76563,64.6875,66.09375,68.20313,67.14844,71.71875,69.96094,74.53125,71.36719,9.49219,8.14453,11.01563,11.48438,11.36719,12.1875,12.65625,12.65625,12.83203,12.42188,12.48047,12.42188,12.07031,0.125732,0.101318,0.10498,0.090332,0.096436,0.113525,0.078125,0.113525,0.089111,0.076904,0.109863
2017-07-18T18:40:00Z,59.76563,64.33594,65.39063,67.14844,67.85156,68.20313,71.01563,70.3125,72.42188,72.07031,73.47656,75.23438,9.375,7.79297,10.25391,11.30859,11.07422,12.36328,12.48047,12.53906,12.53906,12.1875,12.42188,12.48047,12.71484,0.107422,0.068359,0.091553,0.074463,0.085449,0.089111,0.092773,0.114746,0.091553,0.076904,0.087891
2017-07-18T18:50:00Z,60.82031,62.92969,65.39063,63.28125,66.79688,70.66406,67.5,68.90625,72.07031,73.82813,74.88281,78.04688,9.78516,7.96875,10.83984,11.42578,10.72266,12.42188,12.30469,11.71875,12.12891,12.65625,12.77344,12.53906,12.07031,0.106201,0.107422,0.111084,0.106201,0.095215,0.130615,0.117188,0.092773,0.102539,0.100098,0.109863
2017-07-18T19:00:00Z,61.52344,65.03906,67.14844,63.98438,65.39063,67.14844,69.96094,73.82813,75.23438,75.58594,74.53125,77.34375,9.55078,7.79297,10.25391,10.66406,10.83984,11.66016,12.36328,12.94922,12.59766,11.83594,12.12891,12.59766,12.30469,0.092773,0.097656,0.097656,0.100098,0.068359,0.100098,0.087891,0.068359,0.097656,0.075684,0.106201
2017-07-18T19:10:00Z,61.52344,63.63281,67.14844,67.85156,69.25781,67.5,72.77344,73.47656,73.82813,74.53125,76.28906,75.58594,8.90625,7.61719,10.25391,10.66406,10.66406,11.19141,11.83594,12.1875,12.53906,12.01172,12.42188,12.07031,11.95313,0.108643,0.106201,0.08667,0.097656,0.126953,0.089111,0.092773,0.109863,0.093994,0.128174,0.133057
2017-07-18T19:20:00Z,61.17188,62.22656,66.79688,65.39063,67.14844,71.71875,73.47656,74.53125,74.53125,79.10156,74.88281,75.58594,8.49609,7.20703,9.78516,10.42969,10.19531,11.36719,11.66016,12.07031,12.24609,12.30469,12.07031,12.01172,12.12891,0.093994,0.102539,0.112305,0.089111,0.08667,0.113525,0.117188,0.10376,0.126953,0.118408,0.092773
2017-07-18T19:30:00Z,60.46875,68.55469,67.85156,63.98438,68.20313,71.36719,72.77344,73.47656,75.9375,76.99219,78.39844,76.99219,8.20313,6.97266,9.66797,9.90234,10.13672,10.83984,11.54297,11.89453,11.89453,12.01172,11.89453,11.54297,11.48438,0.108643,0.145264,0.068359,0.085449,0.128174,0.126953,0.090332,0.101318,0.107422,0.070801,0.098877
2017-07-18T19:40:00Z,59.76563,65.03906,65.74219,66.79688,67.85156,69.96094,71.01563,74.88281,76.28906,79.80469,76.28906,77.69531,9.60938,6.62109,8.84766,9.60938,9.84375,10.48828,11.19141,11.71875,12.1875,11.77734,11.42578,11.42578,11.89453,0.113525,0.093994,0.084229,0.112305,0.10376,0.100098,0.135498,0.10376,0.089111,0.113525,0.117188
2017-07-18T19:50:00Z,58.71094,66.44531,65.03906,63.98438,68.20313,71.36719,73.125,72.77344,77.69531,78.39844,78.39844,79.80469,8.08594,6.5625,9.14063,9.72656,9.84375,10.72266,11.60156,11.83594,12.07031,11.77734,11.89453,11.89453,11.77734,0.119629,0.136719,0.092773,0.109863,0.10376,0.100098,0.093994,0.093994,0.098877,0.092773,0.10376
2017-07-18T20:00:00Z,57.65625,64.6875,62.92969,66.09375,68.90625,72.42188,75.58594,74.17969,73.82813,75.23438,75.58594,81.21094,7.96875,6.73828,9.08203,10.07813,9.72656,11.30859,11.71875,11.71875,11.30859,11.77734,12.07031,12.12891,12.07031,0.107422,0.115967,0.102539,0.096436,0.108643,0.114746,0.098877,0.102539,0.098877,0.10376,0.070801
2017-07-18T20:10:00Z,58.35938,65.39063,64.33594,63.63281,67.5,70.66406,76.28906,71.36719,79.10156,76.99219,81.21094,79.10156,8.90625,6.79688,9.31641,9.78516,10.07813,10.83984,11.42578,11.77734,11.89453,12.24609,12.24609,12.42188,12.30469,0.130615,0.12085,0.112305,0.102539,0.141602,0.093994,0.101318,0.101318,0.08667,0.112305,0.118408
2017-07-18T20:20:00Z,59.0625,63.98438,62.57813,62.92969,69.96094,72.07031,74.88281,76.64063,75.58594,79.10156,77.69531,77.69531,8.37891,6.91406,9.375,10.19531,9.90234,11.01563,11.77734,11.95313,12.30469,12.48047,12.24609,12.53906,12.71484,0.115967,0.107422,0.128174,0.097656,0.097656,0.100098,0.100098,0.10498,0.113525,0.108643,0.126953
2017-07-18T20:30:00Z,60.82031,65.03906,66.79688,66.09375,70.66406,73.82813,76.64063,74.88281,75.23438,76.64063,81.21094,79.45313,8.61328,7.03125,9.55078,10.37109,10.01953,11.19141,11.89453,11.95313,12.30469,12.48047,13.06641,13.18359,13.00781,0.130615,0.133057,0.108643,0.109863,0.119629,0.142822,0.100098,0.093994,0.113525,0.091553,0.096436
2017-07-18T20:40:00Z,61.52344,66.09375,68.90625,64.6875,71.36719,72.77344,75.9375,74.17969,75.9375,78.04688,78.75,77.69531,8.32031,6.97266,9.55078,10.01953,9.78516,11.19141,11.60156,12.12891,12.53906,12.94922,12.71484,12.71484,12.77344,0.083008,0.089111,0.096436,0.090332,0.10376,0.095215,0.101318,0.095215,0.10376,0.089111,0.081787
2017-07-18T20:50:00Z,61.875,66.44531,67.85156,69.25781,67.14844,72.42188,74.53125,72.07031,78.39844,78.04688,83.32031,78.39844,8.61328,7.03125,9.31641,9.90234,10.19531,10.95703,11.89453,12.12891,12.65625,13.06641,13.18359,13.06641,13.125,0.112305,0.112305,0.072021,0.08667,0.089111,0.092773,0.063477,0.106201,0.090332,0.078125,0.102539
2017-07-18T21:00:00Z,63.28125,68.55469,69.25781,69.96094,71.71875,72.77344,74.53125,75.58594,76.99219,78.39844,81.91406,82.26563,8.55469,7.08984,9.375,10.01953,10.01953,10.78125,11.71875,12.42188,12.77344,12.83203,13.59375,13.47656,13.24219,0.085449,0.063477,0.076904,0.085449,0.100098,0.080566,0.074463,0.12085,0.070801,0.115967,0.100098
2017-07-18T21:10:00Z,64.6875,71.36719,72.77344,70.66406,73.125,74.17969,76.99219,78.04688,78.04688,80.50781,81.91406,84.02344,8.96484,7.44141,9.72656,10.54688,10.25391,11.19141,12.24609,12.94922,13.18359,13.65234,14.0625,14.17969,14.17969,0.133057,0.113525,0.115967,0.109863,0.106201,0.114746,0.093994,0.053711,0.090332,0.109863,0.092773
2017-07-18T21:20:00Z,68.90625,72.77344,73.82813,74.53125,74.88281,74.88281,74.88281,80.50781,81.5625,82.26563,84.375,88.24219,8.96484,7.5,9.72656,10.3125,10.3125,11.30859,12.01172,12.59766,13.59375,13.82813,14.0625,14.64844,14.41406,0.102539,0.096436,0.081787,0.075684,0.083008,0.097656,0.084229,0.072021,0.072021,0.079346,0.081787
2017-07-18T21:30:00Z,68.90625,72.77344,72.42188,75.23438,75.23438,73.125,76.99219,78.04688,81.21094,85.78125,85.07813,85.07813,9.90234,7.67578,10.07813,10.60547,10.66406,11.36719,11.95313,12.65625,13.76953,14.58984,14.82422,14.23828,14.47266,0.10498,0.093994,0.123291,0.091553,0.091553,0.093994,0.100098,0.096436,0.096436,0.109863,0.097656
2017-07-18T21:40:00Z,71.36719,75.58594,76.99219,75.58594,76.99219,80.50781,79.10156,79.80469,81.91406,82.26563,86.13281,87.89063,9.96094,7.67578,9.84375,10.13672,10.19531,11.13281,11.95313,12.48047,13.125,14.00391,14.53125,15.05859,15.11719,0.12207,0.096436,0.109863,0.113525,0.089111,0.085449,0.091553,0.076904,0.097656,0.084229,0.101318
2017-07-18T21:50:00Z,75.58594,79.10156,78.04688,80.50781,81.21094,81.21094,80.85938,82.26563,83.32031,86.83594,89.64844,89.29688,9.84375,7.85156,10.07813,10.37109,10.48828,11.36719,11.83594,12.53906,13.82813,14.64844,15.11719,14.94141,15.29297,0.096436,0.115967,0.112305,0.102539,0.102539,0.113525,0.091553,0.083008,0.08667,0.084229,0.080566
2017-07-18T22:00:00Z,76.64063,79.45313,77.69531,80.50781,82.26563,81.21094,80.50781,82.96875,80.85938,85.78125,92.46094,92.46094,9.66797,7.96875,10.19531,10.60547,10.54688,11.30859,12.07031,12.42188,13.125,14.41406,15.17578,15.58594,15.35156,0.109863,0.108643,0.093994,0.117188,0.080566,0.084229,0.091553,0.067139,0.096436,0.075684,0.084229
2017-07-18T22:10:00Z,75.9375,83.67188,81.21094,81.21094,80.85938,81.5625,84.02344,82.96875,82.26563,85.42969,87.89063,90.70313,9.72656,7.96875,9.90234,10.48828,10.37109,11.36719,12.01172,12.71484,13.00781,14.00391,14.64844,15.82031,15.76172,0.101318,0.118408,0.096436,0.08667,0.100098,0.087891,0.073242,0.08667,0.087891,0.085449,0.081787
2017-07-18T22:20:00Z,77.34375,80.15625,84.02344,84.375,81.21094,84.02344,80.50781,86.83594,83.32031,87.89063,90.70313,92.10938,10.07813,8.37891,10.3125,11.19141,10.89844,11.54297,12.12891,12.71484,13.35938,13.88672,14.82422,15.70313,16.17188,0.101318,0.114746,0.100098,0.115967,0.087891,0.080566,0.075684,0.06958,0.068359,0.059814,0.078125
2017-07-18T22:30:00Z,76.28906,80.50781,79.80469,80.15625,81.21094,81.91406,82.26563,82.61719,79.45313,86.48438,87.1875,90.70313,9.96094,8.20313,10.19531,10.89844,10.78125,11.30859,11.95313,12.1875,12.94922,13.94531,14.58984,15.0,15.29297,0.10498,0.130615,0.115967,0.108643,0.10498,0.113525,0.096436,0.085449,0.090332,0.117188,0.101318
2017-07-18T22:40:00Z,75.9375,77.69531,80.15625,80.85938,79.10156,81.91406,81.21094,81.5625,79.45313,83.67188,85.78125,91.40625,9.96094,8.37891,9.96094,10.37109,10.42969,11.25,11.77734,12.24609,12.53906,13.41797,14.58984,14.88281,15.9375,0.151367,0.10376,0.113525,0.106201,0.112305,0.089111,0.091553,0.097656,0.081787,0.080566,0.078125
2017-07-18T22:50:00Z,75.23438,79.10156,81.21094,79.10156,82.96875,80.15625,82.61719,82.26563,82.61719,86.48438,89.29688,89.29688,10.54688,7.96875,10.25391,10.48828,10.3125,11.07422,11.25,11.71875,12.77344,13.53516,14.0625,14.53125,14.94141,0.137939,0.126953,0.111084,0.098877,0.076904,0.068359,0.080566,0.096436,0.075684,0.074463,0.081787
2017-07-18T23:00:00Z,75.58594,79.80469,80.15625,79.10156,80.85938,80.50781,80.50781,83.67188,83.32031,86.83594,91.05469,88.24219,9.66797,8.02734,10.01953,10.3125,10.37109,10.95703,11.83594,12.48047,12.89063,13.76953,14.47266,14.47266,14.76563,0.100098,0.115967,0.125732,0.10498,0.08667,0.098877,0.107422,0.075684,0.073242,0.084229,0.092773
2017-07-18T23:10:00Z,75.58594,77.34375,81.21094,80.85938,79.80469,83.32031,83.32031,85.42969,82.61719,86.48438,90.0,90.70313,9.90234,8.14453,9.84375,10.89844,10.54688,11.25,11.95313,12.01172,12.77344,13.53516,14.17969,14.64844,15.05859,0.125732,0.109863,0.115967,0.092773,0.085449,0.112305,0.091553,0.08667,0.093994,0.085449,0.065918
2017-07-18T23:20:00Z,76.99219,78.04688,83.32031,83.67188,83.32031,84.375,83.32031,84.02344,85.07813,90.0,91.40625,94.57031,9.72656,8.08594,10.37109,10.54688,10.19531,11.25,11.30859,11.89453,12.71484,13.53516,14.00391,14.53125,14.88281,0.10376,0.12207,0.097656,0.102539,0.096436,0.076904,0.089111,0.073242,0.114746,0.079346,0.075684
2017-07-18T23:30:00Z,78.04688,84.02344,82.96875,83.32031,84.02344,82.61719,82.26563,86.13281,88.94531,91.40625,94.57031,92.8125,9.78516,7.96875,9.96094,9.90234,10.48828,10.01953,11.07422,12.1875,12.94922,13.30078,13.65234,13.82813,14.82422,0.115967,0.100098,0.12207,0.137939,0.100098,0.102539,0.098877,0.08667,0.092773,0.109863,0.078125
2017-07-18T23:40:00Z,78.04688,83.67188,84.02344,83.32031,81.21094,84.02344,85.78125,86.48438,88.94531,91.75781,93.51563,96.67969,9.55078,7.55859,9.43359,9.84375,10.19531,10.78125,11.13281,11.89453,12.59766,13.06641,13.76953,14.17969,15.0,0.111084,0.118408,0.083008,0.078125,0.090332,0.084229,0.062256,0.080566,0.076904,0.095215,0.073242
2017-07-18T23:50:00Z,76.99219,81.21094,85.78125,81.91406,83.32031,84.02344,85.42969,91.05469,90.35156,92.10938,93.86719,94.21875,10.37109,7.85156,10.07813,10.37109,10.48828,10.95703,11.71875,12.53906,12.89063,13.125,13.59375,14.17969,14.17969,0.126953,0.141602,0.114746,0.091553,0.090332,0.085449,0.085449,0.085449,0.090332,0.080566,0.076904
