LOCATION: 
SYSTEM SERIAL: HKZB
TIMESTAMP (ISO-8601) UTC,WindDir004m deg,WindDir030m deg,WindDir040m deg,WindDir040m_ref deg,WindDir060m deg,WindDir080m deg,WindDir100m deg,WindDir120m deg,WindDir140m deg,WindDir160m deg,WindDir180m deg,WindDir200m deg,WindGust004m m/s,WindSpeed004m m/s,WindSpeed030mh m/s,WindSpeed040mh m/s,WindSpeed040m_refh m/s,WindSpeed060mh m/s,WindSpeed080mh m/s,WindSpeed100mh m/s,WindSpeed120mh m/s,WindSpeed140mh m/s,WindSpeed160mh m/s,WindSpeed180mh m/s,WindSpeed200mh m/s,TI 030m,TI 040m,TI 040m ref,TI 060m,TI 080m,TI 100m,TI 120m,TI 140m,TI 160m,TI 180m,TI 200m
2017-01-01T00:00:00Z,214.10156,220.78125,220.42969,221.48438,221.83594,220.07813,219.72656,224.64844,222.1875,225.0,223.24219,225.35156,12.30469,9.78516,11.66016,11.54297,12.1875,12.07031,12.01172,12.12891,12.59766,12.59766,12.1875,12.65625,12.83203,0.124512,0.133057,0.106201,0.126953,0.109863,0.115967,0.128174,0.10376,0.131836,0.135498,0.10498
2017-01-01T00:10:00Z,213.04688,219.72656,217.96875,219.02344,217.96875,221.13281,222.1875,222.53906,225.35156,221.83594,225.35156,223.94531,12.36328,9.84375,11.36719,11.77734,11.83594,11.83594,12.01172,12.1875,12.65625,12.30469,12.71484,12.53906,12.77344,0.117188,0.148926,0.161133,0.129395,0.111084,0.113525,0.126953,0.150146,0.096436,0.124512,0.074463
2017-01-01T00:20:00Z,215.15625,217.96875,219.72656,217.96875,222.1875,225.0,226.40625,223.94531,223.94531,228.16406,227.46094,226.75781,13.06641,9.78516,11.89453,11.95313,11.42578,13.00781,12.71484,12.83203,12.65625,13.35938,13.35938,13.18359,12.65625,0.169678,0.141602,0.135498,0.137939,0.125732,0.129395,0.12085,0.114746,0.112305,0.118408,0.12085
2017-01-01T00:30:00Z,216.21094,217.61719,216.21094,220.07813,216.21094,219.02344,222.89063,221.48438,220.78125,222.1875,225.0,223.24219,12.83203,9.84375,11.71875,12.12891,12.12891,12.59766,13.47656,13.41797,13.18359,12.89063,13.47656,13.47656,13.30078,0.130615,0.17334,0.137939,0.129395,0.15625,0.134277,0.137939,0.112305,0.10376,0.102539,0.12085
2017-01-01T00:40:00Z,211.64063,214.45313,214.10156,215.50781,216.5625,216.91406,218.67188,219.72656,215.15625,221.48438,219.375,219.02344,12.48047,10.54688,12.65625,12.83203,12.71484,13.06641,13.125,12.89063,12.94922,13.24219,13.53516,13.53516,13.18359,0.08667,0.095215,0.097656,0.08667,0.12085,0.112305,0.100098,0.117188,0.093994,0.119629,0.101318
2017-01-01T00:50:00Z,211.64063,213.75,215.85938,213.75,216.5625,219.72656,217.61719,218.32031,219.375,218.32031,220.07813,219.375,12.89063,10.66406,12.53906,12.59766,12.12891,12.83203,12.59766,12.65625,13.00781,13.06641,13.30078,13.41797,13.06641,0.148926,0.097656,0.107422,0.130615,0.092773,0.10498,0.128174,0.125732,0.102539,0.10376,0.123291
2017-01-01T01:00:00Z,211.28906,213.04688,211.28906,218.32031,215.50781,213.04688,216.5625,215.15625,214.80469,217.26563,217.96875,216.21094,12.65625,9.96094,11.48438,11.95313,12.24609,12.30469,12.94922,13.125,13.125,13.24219,13.18359,13.35938,13.71094,0.148926,0.148926,0.136719,0.142822,0.129395,0.12085,0.107422,0.129395,0.13916,0.12085,0.108643
2017-01-01T01:10:00Z,210.23438,213.75,214.80469,213.75,215.15625,215.85938,217.61719,219.72656,218.32031,217.61719,219.375,219.02344,12.94922,10.48828,12.07031,12.71484,12.65625,13.00781,13.71094,13.65234,13.30078,13.41797,13.76953,14.12109,13.82813,0.145264,0.114746,0.113525,0.126953,0.10498,0.10498,0.119629,0.113525,0.10376,0.10376,0.087891
2017-01-01T01:20:00Z,211.99219,217.96875,211.28906,219.72656,220.42969,221.48438,217.61719,216.91406,223.94531,221.83594,223.24219,223.24219,12.83203,10.07813,11.42578,12.07031,11.54297,12.42188,12.65625,12.83203,13.41797,13.35938,13.41797,13.71094,13.71094,0.147705,0.159912,0.159912,0.163574,0.134277,0.141602,0.130615,0.114746,0.133057,0.144043,0.124512
2017-01-01T01:30:00Z,214.80469,219.02344,213.39844,222.1875,220.42969,222.1875,224.29688,221.13281,223.59375,228.86719,225.35156,224.64844,13.125,10.3125,11.95313,12.59766,12.53906,13.76953,14.0625,14.0625,14.0625,14.35547,14.00391,14.53125,14.47266,0.13916,0.136719,0.145264,0.168457,0.115967,0.125732,0.124512,0.12207,0.083008,0.112305,0.123291
2017-01-01T01:40:00Z,214.10156,213.75,219.375,220.78125,222.1875,221.48438,219.375,221.13281,224.29688,225.35156,223.59375,222.1875,13.24219,10.25391,12.77344,13.00781,12.83203,13.18359,13.30078,13.82813,14.53125,14.64844,14.00391,14.41406,14.35547,0.134277,0.140381,0.144043,0.155029,0.125732,0.129395,0.113525,0.133057,0.166016,0.124512,0.135498
2017-01-01T01:50:00Z,215.15625,213.39844,215.85938,219.02344,220.07813,220.42969,219.02344,220.07813,219.375,218.32031,223.59375,219.02344,12.94922,10.37109,12.01172,13.06641,11.95313,13.53516,13.47656,12.89063,13.41797,13.82813,14.0625,13.53516,13.88672,0.131836,0.151367,0.151367,0.136719,0.137939,0.159912,0.134277,0.145264,0.180664,0.133057,0.12207
2017-01-01T02:00:00Z,209.17969,214.80469,214.80469,213.39844,211.64063,214.80469,219.375,215.85938,213.75,219.02344,217.61719,218.32031,13.125,10.42969,12.1875,12.07031,12.30469,12.59766,12.65625,12.65625,13.125,13.30078,12.83203,13.18359,13.18359,0.141602,0.137939,0.144043,0.117188,0.175781,0.141602,0.109863,0.146484,0.153809,0.163574,0.168457
2017-01-01T02:10:00Z,211.99219,217.26563,214.80469,214.80469,218.67188,219.02344,223.24219,217.26563,217.61719,218.32031,218.32031,220.42969,13.82813,10.48828,13.06641,13.125,13.30078,13.41797,13.41797,13.35938,13.88672,14.23828,14.58984,13.82813,13.53516,0.128174,0.126953,0.158691,0.12207,0.131836,0.155029,0.119629,0.129395,0.083008,0.153809,0.129395
2017-01-01T02:20:00Z,212.69531,215.85938,215.15625,217.96875,215.85938,218.32031,223.24219,219.375,217.61719,217.61719,220.78125,220.42969,13.41797,11.07422,12.94922,12.94922,13.00781,13.35938,13.59375,13.41797,13.18359,13.65234,13.82813,14.47266,14.17969,0.118408,0.146484,0.166016,0.135498,0.123291,0.148926,0.167236,0.125732,0.144043,0.167236,0.128174
2017-01-01T02:30:00Z,214.80469,217.96875,218.32031,221.13281,215.85938,216.21094,219.02344,219.375,217.26563,217.26563,220.78125,222.1875,13.53516,10.83984,12.1875,12.77344,13.125,13.59375,14.00391,13.88672,13.88672,13.88672,13.59375,14.17969,14.12109,0.152588,0.12207,0.128174,0.114746,0.114746,0.109863,0.109863,0.12085,0.13916,0.113525,0.093994
2017-01-01T02:40:00Z,213.75,215.15625,216.91406,221.13281,220.42969,221.13281,215.50781,218.32031,222.1875,220.07813,217.61719,217.96875,13.53516,11.01563,12.71484,12.89063,12.94922,13.30078,13.71094,13.47656,13.82813,13.71094,14.12109,14.41406,13.59375,0.10498,0.113525,0.129395,0.152588,0.148926,0.109863,0.093994,0.108643,0.124512,0.098877,0.118408
2017-01-01T02:50:00Z,212.69531,216.91406,219.02344,220.42969,218.32031,219.02344,217.96875,218.32031,221.83594,219.72656,222.53906,219.02344,13.24219,10.37109,12.59766,12.94922,12.59766,12.89063,13.35938,13.65234,13.94531,14.12109,14.17969,13.76953,13.94531,0.169678,0.163574,0.158691,0.124512,0.152588,0.134277,0.098877,0.124512,0.111084,0.131836,0.111084
2017-01-01T03:00:00Z,214.45313,214.80469,214.80469,215.85938,217.96875,217.26563,219.02344,218.32031,219.72656,224.29688,220.07813,220.78125,13.00781,10.72266,12.12891,12.42188,12.36328,13.06641,12.94922,12.77344,13.18359,14.35547,13.41797,13.125,13.18359,0.159912,0.147705,0.131836,0.141602,0.150146,0.134277,0.150146,0.131836,0.115967,0.108643,0.135498
2017-01-01T03:10:00Z,214.10156,217.61719,216.21094,215.50781,216.91406,218.67188,220.42969,219.02344,222.53906,223.59375,225.0,219.72656,12.48047,10.07813,12.42188,12.48047,12.42188,12.71484,13.06641,13.00781,13.65234,13.41797,13.59375,13.35938,13.59375,0.119629,0.146484,0.169678,0.135498,0.128174,0.102539,0.108643,0.129395,0.113525,0.141602,0.117188
2017-01-01T03:20:00Z,210.58594,215.85938,215.85938,216.5625,217.61719,215.50781,218.32031,221.48438,219.375,218.32031,217.96875,224.64844,12.83203,10.3125,12.71484,12.1875,12.83203,12.77344,13.53516,14.00391,13.88672,13.76953,14.00391,13.94531,14.12109,0.148926,0.174561,0.135498,0.097656,0.10376,0.151367,0.12207,0.133057,0.12207,0.109863,0.125732
2017-01-01T03:30:00Z,212.69531,220.78125,219.02344,213.75,217.96875,220.42969,219.375,222.1875,218.67188,224.64844,221.83594,222.53906,14.0625,11.42578,13.00781,13.06641,13.18359,12.94922,13.18359,13.59375,13.82813,13.82813,13.82813,13.65234,13.53516,0.12207,0.101318,0.131836,0.134277,0.128174,0.129395,0.12207,0.10498,0.125732,0.136719,0.136719
2017-01-01T03:40:00Z,211.99219,214.45313,217.96875,208.82813,218.32031,217.26563,217.26563,223.94531,214.80469,219.72656,214.80469,216.5625,13.30078,10.66406,12.42188,12.42188,12.42188,12.53906,12.65625,13.125,13.18359,13.125,13.06641,12.77344,13.00781,0.098877,0.102539,0.106201,0.126953,0.124512,0.095215,0.093994,0.119629,0.089111,0.135498,0.126953
2017-01-01T03:50:00Z,211.99219,214.10156,216.91406,214.80469,216.91406,213.39844,220.42969,214.80469,219.02344,217.61719,217.26563,220.07813,13.53516,11.07422,13.47656,13.35938,13.47656,13.30078,13.30078,13.35938,13.59375,13.59375,13.82813,13.47656,13.76953,0.108643,0.128174,0.102539,0.114746,0.098877,0.124512,0.131836,0.118408,0.129395,0.133057,0.108643
2017-01-01T04:00:00Z,214.45313,222.1875,223.94531,217.26563,223.94531,222.53906,220.78125,223.24219,223.94531,225.70313,226.05469,221.83594,13.59375,11.30859,13.47656,12.71484,13.71094,13.30078,13.88672,14.23828,14.41406,14.29688,14.17969,14.23828,14.17969,0.107422,0.115967,0.117188,0.126953,0.097656,0.090332,0.092773,0.091553,0.098877,0.098877,0.08667
2017-01-01T04:10:00Z,215.50781,213.75,220.42969,221.83594,217.96875,222.89063,218.67188,221.48438,219.72656,218.32031,221.13281,220.78125,13.59375,11.01563,12.94922,13.125,12.89063,13.76953,13.06641,13.06641,13.00781,13.06641,13.30078,13.59375,13.125,0.102539,0.119629,0.148926,0.084229,0.091553,0.093994,0.083008,0.092773,0.08667,0.092773,0.136719
2017-01-01T04:20:00Z,214.45313,217.96875,218.67188,224.29688,219.02344,217.96875,218.67188,219.72656,218.67188,221.83594,221.48438,222.89063,13.65234,11.42578,12.89063,12.94922,12.71484,13.47656,13.35938,13.24219,13.65234,13.82813,13.47656,13.24219,13.18359,0.102539,0.091553,0.129395,0.096436,0.092773,0.072021,0.093994,0.101318,0.080566,0.115967,0.100098
2017-01-01T04:30:00Z,215.50781,215.85938,215.85938,216.91406,216.5625,218.32031,221.48438,221.48438,222.89063,218.67188,218.67188,224.64844,13.18359,10.78125,12.59766,12.65625,12.53906,13.30078,13.71094,13.30078,13.24219,13.125,13.18359,13.59375,13.35938,0.100098,0.115967,0.097656,0.118408,0.10498,0.111084,0.117188,0.135498,0.111084,0.145264,0.106201
2017-01-01T04:40:00Z,215.50781,223.59375,222.1875,218.67188,223.24219,226.40625,223.59375,224.64844,226.05469,224.64844,224.29688,228.16406,13.59375,11.01563,12.77344,13.24219,12.59766,13.47656,13.24219,13.125,13.06641,13.47656,13.59375,13.53516,13.24219,0.145264,0.12207,0.148926,0.089111,0.097656,0.118408,0.109863,0.150146,0.106201,0.129395,0.100098
2017-01-01T04:50:00Z,217.61719,222.1875,217.61719,216.21094,222.1875,222.89063,220.07813,224.29688,220.78125,222.89063,222.53906,222.53906,13.18359,10.72266,12.94922,12.94922,12.89063,13.18359,12.59766,13.18359,13.18359,13.18359,13.41797,13.59375,12.94922,0.133057,0.150146,0.123291,0.133057,0.141602,0.117188,0.096436,0.126953,0.078125,0.114746,0.135498
2017-01-01T05:00:00Z,215.50781,215.85938,216.5625,218.32031,216.5625,216.5625,220.07813,221.48438,222.1875,219.375,219.375,219.02344,13.35938,11.01563,12.48047,12.94922,13.06641,13.47656,13.82813,13.65234,13.59375,13.35938,13.53516,13.65234,13.88672,0.183105,0.126953,0.113525,0.12085,0.125732,0.098877,0.115967,0.140381,0.091553,0.136719,0.098877
2017-01-01T05:10:00Z,215.15625,215.85938,216.5625,219.375,217.96875,216.5625,221.48438,219.72656,219.72656,219.375,221.13281,222.53906,13.65234,11.01563,13.24219,13.47656,13.35938,13.82813,14.23828,13.59375,13.41797,14.0625,14.00391,13.65234,13.71094,0.130615,0.137939,0.10376,0.133057,0.108643,0.141602,0.124512,0.114746,0.150146,0.112305,0.109863
2017-01-01T05:20:00Z,213.39844,213.04688,217.61719,214.45313,211.64063,220.42969,216.5625,215.85938,218.67188,221.13281,217.26563,218.32031,14.41406,11.36719,12.94922,13.35938,13.18359,13.47656,14.00391,13.82813,13.94531,14.17969,14.17969,13.88672,14.23828,0.133057,0.134277,0.117188,0.142822,0.142822,0.097656,0.137939,0.126953,0.117188,0.145264,0.147705
2017-01-01T05:30:00Z,213.39844,218.67188,217.61719,215.85938,216.5625,219.375,221.83594,217.96875,217.96875,214.10156,222.1875,220.78125,13.76953,11.36719,13.30078,13.41797,13.24219,14.12109,14.0625,13.82813,13.71094,13.71094,14.29688,14.58984,13.65234,0.140381,0.125732,0.137939,0.128174,0.126953,0.137939,0.090332,0.112305,0.131836,0.131836,0.159912
2017-01-01T05:40:00Z,213.75,220.07813,216.91406,222.89063,221.13281,220.07813,221.13281,222.1875,222.1875,220.42969,217.96875,220.78125,13.65234,11.36719,13.00781,13.53516,13.53516,13.47656,13.76953,13.94531,14.35547,13.65234,13.53516,13.65234,14.23828,0.136719,0.147705,0.145264,0.142822,0.144043,0.101318,0.161133,0.124512,0.12085,0.157471,0.091553
2017-01-01T05:50:00Z,217.61719,224.29688,220.07813,221.48438,221.48438,224.64844,223.59375,224.29688,223.94531,222.89063,225.0,229.57031,13.88672,11.19141,13.00781,13.18359,13.41797,13.65234,14.00391,14.17969,14.17969,13.94531,14.12109,14.58984,14.35547,0.140381,0.15625,0.140381,0.150146,0.12207,0.135498,0.152588,0.12207,0.141602,0.125732,0.15625
2017-01-01T06:00:00Z,216.5625,221.48438,220.42969,221.13281,219.02344,221.13281,221.83594,222.53906,220.78125,222.53906,226.05469,226.05469,14.41406,11.48438,13.35938,13.65234,13.53516,14.23828,14.17969,14.70703,14.58984,14.64844,14.41406,14.70703,14.41406,0.133057,0.095215,0.123291,0.10498,0.15625,0.109863,0.119629,0.144043,0.118408,0.134277,0.126953
2017-01-01T06:10:00Z,214.45313,221.13281,218.32031,215.50781,214.10156,218.32031,223.59375,223.24219,219.375,220.78125,221.13281,222.53906,14.23828,11.36719,12.71484,13.18359,13.00781,13.71094,14.47266,14.23828,13.94531,14.00391,14.47266,14.76563,14.58984,0.144043,0.129395,0.144043,0.131836,0.13916,0.107422,0.135498,0.109863,0.109863,0.115967,0.102539
2017-01-01T06:20:00Z,213.04688,216.5625,213.75,217.96875,214.10156,217.61719,220.07813,223.24219,226.75781,221.83594,224.64844,226.75781,14.23828,11.30859,13.00781,13.00781,13.125,13.47656,14.00391,14.17969,14.00391,13.76953,14.00391,14.53125,14.17969,0.128174,0.134277,0.158691,0.152588,0.169678,0.140381,0.146484,0.157471,0.128174,0.13916,0.146484
2017-01-01T06:30:00Z,215.15625,217.96875,218.32031,218.67188,223.24219,221.13281,220.78125,220.78125,218.67188,225.35156,222.1875,222.53906,13.06641,11.01563,13.125,13.53516,13.30078,13.71094,13.35938,13.06641,13.35938,13.88672,13.76953,13.71094,13.35938,0.15625,0.140381,0.113525,0.145264,0.130615,0.164795,0.129395,0.137939,0.135498,0.126953,0.153809
2017-01-01T06:40:00Z,213.39844,223.59375,217.26563,217.61719,221.13281,223.24219,224.29688,221.13281,215.50781,222.1875,225.70313,224.64844,14.12109,11.36719,13.53516,13.94531,13.06641,14.00391,13.76953,13.47656,13.30078,13.71094,14.35547,14.29688,13.94531,0.148926,0.155029,0.123291,0.146484,0.137939,0.158691,0.155029,0.151367,0.115967,0.146484,0.117188
2017-01-01T06:50:00Z,216.91406,220.42969,215.85938,222.89063,218.32031,223.94531,223.59375,220.07813,225.0,223.24219,224.64844,226.75781,14.29688,11.42578,13.06641,13.30078,13.53516,14.17969,14.47266,13.76953,13.88672,14.12109,14.17969,14.35547,14.17969,0.152588,0.129395,0.144043,0.133057,0.140381,0.119629,0.097656,0.108643,0.140381,0.135498,0.098877
2017-01-01T07:00:00Z,213.75,221.13281,221.48438,215.50781,219.72656,219.375,222.89063,219.72656,221.48438,217.96875,217.61719,219.02344,13.88672,11.36719,13.53516,13.125,14.17969,13.71094,14.0625,13.59375,14.0625,14.29688,14.41406,14.0625,14.12109,0.172119,0.12085,0.137939,0.13916,0.140381,0.137939,0.113525,0.112305,0.141602,0.159912,0.130615
2017-01-01T07:10:00Z,213.04688,215.50781,217.61719,214.45313,214.80469,219.72656,222.53906,219.02344,223.94531,220.07813,219.02344,221.83594,14.23828,11.25,13.47656,14.00391,13.41797,14.23828,14.12109,13.76953,14.23828,14.58984,14.12109,14.0625,14.00391,0.13916,0.142822,0.145264,0.126953,0.162354,0.168457,0.163574,0.117188,0.135498,0.126953,0.126953
2017-01-01T07:20:00Z,214.45313,221.48438,215.50781,221.13281,221.13281,225.70313,219.02344,220.42969,221.48438,223.59375,221.83594,226.75781,14.29688,11.71875,13.71094,14.53125,13.65234,14.64844,14.00391,14.23828,13.82813,14.23828,14.70703,14.29688,14.0625,0.102539,0.112305,0.131836,0.136719,0.107422,0.141602,0.157471,0.136719,0.118408,0.128174,0.131836
2017-01-01T07:30:00Z,215.15625,220.42969,226.05469,223.94531,220.78125,222.1875,218.32031,220.42969,219.72656,222.53906,216.21094,221.13281,15.52734,11.36719,13.41797,12.53906,13.53516,12.94922,13.00781,13.59375,13.71094,13.53516,12.89063,13.125,13.82813,0.174561,0.145264,0.166016,0.10376,0.155029,0.135498,0.12085,0.152588,0.174561,0.203857,0.151367
2017-01-01T07:40:00Z,215.15625,221.83594,217.61719,217.26563,219.02344,221.13281,219.72656,220.78125,224.64844,221.83594,224.29688,225.35156,13.53516,10.95703,12.30469,12.94922,12.94922,13.24219,13.71094,12.94922,13.65234,13.59375,13.65234,13.30078,13.59375,0.147705,0.153809,0.125732,0.137939,0.137939,0.155029,0.140381,0.150146,0.13916,0.167236,0.133057
2017-01-01T07:50:00Z,213.75,220.42969,221.48438,215.50781,222.53906,218.32031,221.48438,221.48438,224.64844,222.89063,226.05469,222.89063,13.24219,11.01563,13.76953,13.125,13.59375,13.24219,13.06641,13.47656,13.53516,13.82813,13.65234,12.94922,13.30078,0.12207,0.153809,0.114746,0.194092,0.142822,0.164795,0.177002,0.150146,0.152588,0.157471,0.135498
2017-01-01T08:00:00Z,213.04688,216.21094,214.45313,216.5625,222.1875,221.48438,220.07813,219.72656,220.42969,220.78125,225.35156,223.94531,13.88672,11.30859,13.71094,13.71094,13.06641,13.65234,12.77344,13.18359,13.47656,13.76953,13.82813,13.82813,13.35938,0.155029,0.147705,0.158691,0.140381,0.15625,0.144043,0.128174,0.163574,0.136719,0.113525,0.145264
2017-01-01T08:10:00Z,213.75,221.13281,222.89063,216.91406,218.32031,219.02344,220.07813,222.89063,222.89063,226.40625,221.83594,222.89063,13.65234,11.19141,13.125,12.94922,13.18359,13.06641,13.00781,13.53516,13.94531,13.88672,13.06641,13.18359,13.47656,0.155029,0.158691,0.145264,0.15625,0.12085,0.112305,0.159912,0.134277,0.146484,0.163574,0.123291
2017-01-01T08:20:00Z,213.39844,214.45313,215.85938,215.85938,215.50781,218.32031,218.67188,216.91406,219.02344,220.07813,220.78125,220.42969,14.23828,10.72266,12.48047,12.30469,12.36328,13.00781,12.83203,12.65625,13.00781,13.35938,13.06641,13.125,12.83203,0.167236,0.180664,0.167236,0.151367,0.146484,0.163574,0.155029,0.12207,0.180664,0.142822,0.145264
2017-01-01T08:30:00Z,209.17969,210.9375,213.75,211.64063,213.75,214.45313,214.45313,214.45313,217.26563,217.26563,218.67188,220.42969,13.53516,10.3125,12.94922,12.48047,12.59766,11.95313,11.83594,12.48047,12.77344,12.65625,13.06641,12.71484,12.30469,0.161133,0.131836,0.131836,0.147705,0.169678,0.12207,0.144043,0.158691,0.107422,0.148926,0.136719
2017-01-01T08:40:00Z,209.88281,215.50781,211.28906,217.96875,215.50781,216.91406,214.80469,214.80469,216.91406,216.91406,219.02344,213.39844,13.18359,10.37109,11.71875,12.12891,12.01172,13.00781,12.53906,12.65625,12.94922,13.06641,12.94922,12.48047,12.59766,0.150146,0.146484,0.147705,0.153809,0.179443,0.144043,0.142822,0.131836,0.131836,0.172119,0.140381
2017-01-01T08:50:00Z,212.34375,216.21094,218.32031,217.96875,218.67188,220.42969,218.32031,220.78125,222.1875,216.5625,217.61719,218.32031,12.77344,10.13672,11.48438,11.89453,12.01172,12.01172,12.53906,12.01172,11.77734,11.83594,12.30469,12.65625,12.59766,0.130615,0.179443,0.107422,0.145264,0.128174,0.180664,0.162354,0.185547,0.198975,0.147705,0.140381
2017-01-01T09:00:00Z,210.9375,212.34375,213.75,213.39844,215.50781,214.80469,212.69531,216.5625,219.02344,217.26563,222.1875,217.61719,12.89063,10.07813,11.36719,11.66016,11.60156,11.71875,11.60156,11.71875,12.07031,12.48047,12.1875,11.36719,11.36719,0.136719,0.13916,0.117188,0.129395,0.126953,0.107422,0.112305,0.107422,0.114746,0.142822,0.163574
2017-01-01T09:10:00Z,209.88281,215.50781,216.91406,214.80469,216.91406,215.85938,219.02344,218.32031,217.96875,218.32031,219.72656,217.96875,13.41797,10.07813,12.01172,11.89453,11.89453,11.60156,12.07031,12.30469,12.30469,12.36328,12.42188,12.01172,12.01172,0.133057,0.150146,0.117188,0.134277,0.10376,0.10376,0.130615,0.118408,0.106201,0.134277,0.130615
2017-01-01T09:20:00Z,211.99219,215.15625,219.02344,215.85938,219.375,218.32031,215.50781,214.45313,217.96875,219.72656,217.26563,220.07813,13.65234,10.54688,12.89063,12.77344,12.59766,12.83203,12.30469,12.42188,12.53906,13.24219,12.77344,12.59766,12.53906,0.12085,0.123291,0.124512,0.098877,0.124512,0.126953,0.170898,0.128174,0.108643,0.168457,0.10498
2017-01-01T09:30:00Z,211.28906,214.80469,219.02344,220.07813,213.39844,215.50781,220.07813,222.1875,216.5625,216.5625,215.85938,219.375,13.53516,10.89844,11.71875,12.1875,12.1875,12.59766,13.24219,12.94922,12.1875,11.83594,12.30469,12.83203,13.06641,0.153809,0.133057,0.128174,0.102539,0.146484,0.142822,0.136719,0.133057,0.128174,0.102539,0.112305
2017-01-01T09:40:00Z,211.64063,214.45313,217.26563,215.85938,219.72656,215.15625,215.50781,219.02344,218.32031,216.91406,219.375,216.91406,13.53516,10.42969,12.07031,12.42188,12.42188,12.53906,12.42188,12.53906,13.00781,12.59766,12.36328,12.48047,12.77344,0.148926,0.13916,0.161133,0.081787,0.126953,0.144043,0.101318,0.118408,0.115967,0.135498,0.124512
2017-01-01T09:50:00Z,210.58594,216.21094,211.99219,214.10156,212.34375,213.75,215.85938,213.04688,212.69531,216.5625,213.39844,216.91406,13.18359,10.54688,11.66016,12.07031,12.1875,12.30469,12.53906,12.07031,11.95313,12.71484,12.65625,12.89063,12.71484,0.126953,0.106201,0.135498,0.153809,0.112305,0.151367,0.124512,0.128174,0.147705,0.109863,0.130615
2017-01-01T10:00:00Z,206.01563,207.77344,206.71875,207.77344,209.53125,212.34375,213.04688,210.58594,211.99219,213.39844,214.80469,215.15625,13.06641,10.48828,11.95313,12.89063,11.71875,12.71484,12.48047,12.07031,12.07031,12.53906,13.06641,12.42188,12.07031,0.123291,0.129395,0.131836,0.114746,0.12207,0.134277,0.101318,0.135498,0.123291,0.13916,0.155029
2017-01-01T10:10:00Z,203.55469,209.53125,208.125,207.77344,210.9375,212.69531,210.23438,206.01563,209.53125,211.28906,209.88281,214.80469,13.125,10.07813,11.66016,11.77734,11.71875,11.95313,11.89453,11.77734,11.83594,12.24609,12.30469,12.30469,12.01172,0.140381,0.137939,0.111084,0.126953,0.152588,0.166016,0.140381,0.145264,0.125732,0.146484,0.161133
2017-01-01T10:20:00Z,202.5,203.20313,204.96094,200.03906,202.5,201.79688,208.82813,206.71875,205.3125,208.47656,208.82813,209.88281,13.88672,10.48828,12.36328,12.24609,12.1875,12.36328,12.83203,12.59766,12.30469,12.59766,12.83203,12.65625,12.24609,0.148926,0.170898,0.124512,0.162354,0.137939,0.126953,0.108643,0.146484,0.13916,0.125732,0.145264
2017-01-01T10:30:00Z,199.33594,204.60938,206.71875,205.66406,209.17969,204.25781,206.36719,205.66406,207.07031,209.17969,210.58594,204.96094,13.65234,10.89844,12.77344,12.94922,12.42188,12.89063,12.53906,13.06641,13.47656,13.47656,13.125,12.89063,12.77344,0.117188,0.098877,0.106201,0.12207,0.098877,0.107422,0.114746,0.114746,0.10498,0.113525,0.128174
2017-01-01T10:40:00Z,203.20313,206.36719,206.71875,207.42188,209.17969,208.82813,212.34375,209.53125,208.82813,209.53125,210.23438,211.28906,13.125,10.42969,11.48438,12.24609,11.83594,12.48047,12.53906,12.42188,12.1875,12.01172,12.24609,12.48047,12.24609,0.150146,0.142822,0.133057,0.10376,0.124512,0.124512,0.134277,0.167236,0.148926,0.140381,0.12085
2017-01-01T10:50:00Z,205.3125,207.42188,208.47656,210.58594,209.88281,210.23438,212.69531,215.50781,210.58594,211.99219,213.75,213.04688,14.88281,10.95703,12.36328,12.53906,11.89453,12.89063,12.89063,13.24219,12.89063,12.83203,12.77344,12.83203,12.59766,0.159912,0.13916,0.128174,0.10498,0.136719,0.158691,0.152588,0.125732,0.146484,0.145264,0.114746
2017-01-01T11:00:00Z,205.3125,209.17969,209.88281,212.34375,210.58594,208.125,211.99219,214.10156,211.28906,210.9375,211.99219,212.69531,13.18359,10.25391,11.71875,11.83594,11.83594,12.30469,12.59766,12.65625,12.1875,12.07031,12.36328,12.77344,12.65625,0.136719,0.150146,0.130615,0.119629,0.114746,0.151367,0.157471,0.151367,0.144043,0.125732,0.130615
2017-01-01T11:10:00Z,209.17969,215.50781,215.15625,216.91406,215.85938,216.91406,215.15625,214.80469,213.04688,215.15625,216.21094,215.85938,13.24219,10.78125,12.24609,12.24609,12.48047,12.01172,11.95313,11.77734,12.01172,12.30469,12.42188,12.1875,12.1875,0.108643,0.111084,0.111084,0.109863,0.109863,0.13916,0.114746,0.136719,0.117188,0.137939,0.136719
2017-01-01T11:20:00Z,211.99219,211.28906,212.34375,213.04688,212.69531,215.50781,215.85938,215.50781,213.75,215.85938,213.39844,219.72656,12.89063,10.3125,11.95313,12.1875,11.66016,12.77344,12.42188,12.42188,11.95313,12.42188,12.53906,12.94922,12.59766,0.134277,0.148926,0.115967,0.148926,0.109863,0.090332,0.135498,0.118408,0.100098,0.137939,0.133057
2017-01-01T11:30:00Z,206.36719,213.75,206.36719,215.15625,210.58594,211.99219,210.9375,214.10156,215.85938,213.04688,211.99219,215.50781,14.0625,10.66406,11.77734,12.1875,12.07031,12.42188,12.36328,12.77344,12.65625,12.07031,12.42188,12.77344,12.59766,0.137939,0.113525,0.128174,0.126953,0.130615,0.109863,0.12085,0.128174,0.092773,0.096436,0.133057
2017-01-01T11:40:00Z,205.66406,210.23438,208.47656,207.07031,212.34375,211.99219,212.69531,211.64063,210.9375,212.34375,211.64063,212.69531,13.47656,10.83984,12.48047,12.83203,12.48047,13.00781,12.53906,12.65625,12.71484,12.77344,12.94922,13.47656,13.53516,0.129395,0.112305,0.136719,0.123291,0.128174,0.142822,0.142822,0.153809,0.135498,0.12085,0.137939
2017-01-01T11:50:00Z,204.25781,208.82813,210.23438,208.82813,209.53125,210.23438,208.125,210.9375,214.10156,213.75,214.45313,210.9375,13.59375,10.66406,12.77344,12.94922,12.59766,12.48047,12.30469,12.53906,13.06641,12.71484,12.30469,12.65625,12.59766,0.136719,0.091553,0.129395,0.137939,0.131836,0.150146,0.12085,0.128174,0.131836,0.10498,0.090332
2017-01-01T12:00:00Z,208.47656,209.17969,208.82813,211.28906,207.77344,211.28906,213.39844,210.9375,211.28906,211.99219,210.9375,217.26563,13.88672,10.78125,11.48438,12.01172,11.30859,12.53906,12.59766,12.30469,12.1875,12.36328,12.89063,12.89063,12.59766,0.167236,0.153809,0.125732,0.175781,0.145264,0.125732,0.124512,0.134277,0.119629,0.145264,0.145264
2017-01-01T12:10:00Z,201.79688,209.88281,202.5,205.3125,207.07031,203.55469,207.77344,206.71875,203.90625,207.42188,208.47656,210.58594,13.94531,10.60547,11.71875,11.66016,12.1875,11.48438,11.83594,12.07031,11.60156,12.24609,12.24609,12.12891,11.66016,0.129395,0.128174,0.12207,0.167236,0.135498,0.147705,0.140381,0.137939,0.136719,0.151367,0.12207
2017-01-01T12:20:00Z,202.14844,207.07031,206.36719,209.17969,209.53125,209.53125,210.23438,209.88281,210.23438,209.17969,214.10156,213.04688,13.00781,10.25391,11.13281,11.83594,10.72266,12.36328,12.1875,12.01172,11.77734,11.95313,12.30469,12.12891,12.42188,0.152588,0.107422,0.151367,0.098877,0.106201,0.108643,0.135498,0.134277,0.131836,0.146484,0.144043
2017-01-01T12:30:00Z,203.20313,207.07031,206.71875,207.42188,206.01563,205.66406,207.07031,208.82813,207.42188,206.71875,207.42188,211.28906,13.82813,10.48828,12.12891,12.1875,12.01172,12.01172,12.30469,12.65625,12.83203,12.24609,12.94922,13.125,12.77344,0.124512,0.158691,0.135498,0.129395,0.108643,0.095215,0.113525,0.124512,0.135498,0.108643,0.097656
2017-01-01T12:40:00Z,202.14844,204.96094,205.3125,204.60938,210.23438,203.90625,206.36719,208.82813,206.36719,207.07031,204.96094,207.77344,13.53516,10.37109,11.89453,11.89453,12.30469,11.48438,12.01172,12.71484,12.42188,11.89453,12.07031,12.53906,12.30469,0.118408,0.112305,0.12085,0.112305,0.152588,0.163574,0.145264,0.159912,0.131836,0.150146,0.10376
2017-01-01T12:50:00Z,200.39063,203.20313,205.66406,204.60938,205.3125,203.90625,208.82813,207.77344,206.01563,206.71875,204.60938,206.36719,12.59766,10.25391,11.89453,11.71875,12.30469,11.89453,12.30469,12.1875,12.07031,11.77734,12.07031,11.95313,12.12891,0.196533,0.180664,0.157471,0.159912,0.148926,0.131836,0.150146,0.163574,0.150146,0.140381,0.117188
2017-01-01T13:00:00Z,200.74219,203.55469,206.71875,203.90625,205.3125,202.85156,203.90625,203.55469,208.125,205.66406,203.20313,204.25781,13.00781,10.01953,11.36719,12.01172,11.89453,12.12891,12.12891,12.30469,12.53906,12.59766,12.07031,12.01172,12.36328,0.124512,0.144043,0.12207,0.10498,0.140381,0.153809,0.12085,0.12207,0.134277,0.157471,0.134277
2017-01-01T13:10:00Z,201.44531,204.60938,206.36719,203.55469,203.55469,205.3125,210.9375,209.88281,207.77344,204.25781,205.3125,208.125,12.65625,10.3125,11.54297,12.12891,11.66016,11.95313,12.36328,12.12891,11.54297,11.83594,12.36328,12.42188,12.12891,0.126953,0.169678,0.119629,0.146484,0.133057,0.112305,0.140381,0.111084,0.151367,0.114746,0.117188
2017-01-01T13:20:00Z,201.09375,202.5,206.01563,208.125,210.58594,206.36719,209.88281,209.88281,207.77344,207.42188,208.47656,209.88281,13.18359,10.42969,12.42188,12.36328,12.01172,12.89063,12.83203,13.06641,12.36328,12.77344,12.65625,12.94922,12.71484,0.128174,0.136719,0.157471,0.153809,0.144043,0.118408,0.175781,0.106201,0.130615,0.148926,0.141602
2017-01-01T13:30:00Z,204.25781,209.88281,209.53125,205.3125,207.42188,210.23438,210.58594,206.36719,209.88281,208.125,206.71875,209.17969,12.53906,10.48828,12.1875,11.95313,12.48047,12.53906,12.65625,12.59766,12.12891,12.36328,12.1875,12.94922,12.71484,0.142822,0.152588,0.169678,0.091553,0.133057,0.151367,0.179443,0.175781,0.166016,0.130615,0.145264
2017-01-01T13:40:00Z,204.60938,207.07031,213.39844,205.66406,213.75,210.23438,211.64063,213.04688,214.80469,213.04688,212.34375,211.99219,13.00781,10.48828,12.65625,12.53906,12.59766,12.12891,12.42188,12.48047,12.65625,12.42188,12.53906,12.12891,12.24609,0.141602,0.146484,0.168457,0.146484,0.13916,0.140381,0.157471,0.144043,0.115967,0.148926,0.150146
2017-01-01T13:50:00Z,207.07031,211.99219,209.88281,209.17969,210.23438,210.58594,205.3125,212.69531,212.34375,211.28906,209.88281,211.99219,13.06641,10.42969,12.30469,12.07031,12.36328,11.60156,11.54297,12.53906,12.30469,12.77344,12.30469,12.01172,11.95313,0.144043,0.10498,0.141602,0.184326,0.167236,0.119629,0.142822,0.119629,0.157471,0.197754,0.181885
2017-01-01T14:00:00Z,207.42188,206.01563,209.17969,210.23438,211.28906,211.64063,209.53125,209.88281,215.50781,209.53125,211.99219,214.80469,12.89063,10.3125,12.24609,12.07031,12.36328,12.77344,12.42188,12.07031,12.89063,13.18359,12.53906,13.06641,12.83203,0.161133,0.153809,0.189209,0.170898,0.130615,0.137939,0.172119,0.147705,0.167236,0.184326,0.194092
2017-01-01T14:10:00Z,207.77344,215.15625,208.125,210.9375,214.80469,211.99219,214.45313,214.45313,212.69531,215.50781,214.80469,216.5625,12.94922,10.48828,12.48047,12.83203,12.48047,12.36328,12.59766,12.53906,12.65625,13.06641,12.94922,12.1875,12.12891,0.151367,0.181885,0.169678,0.17334,0.137939,0.162354,0.186768,0.152588,0.140381,0.150146,0.15625
2017-01-01T14:20:00Z,206.36719,209.53125,208.47656,213.75,211.99219,214.45313,216.21094,216.5625,212.69531,214.45313,213.04688,213.75,13.24219,10.48828,12.12891,12.36328,11.89453,12.83203,13.18359,12.59766,12.48047,13.00781,12.94922,12.65625,12.77344,0.146484,0.124512,0.177002,0.192871,0.108643,0.108643,0.19043,0.137939,0.13916,0.134277,0.118408
2017-01-01T14:30:00Z,208.125,209.53125,208.82813,218.32031,213.39844,211.99219,211.99219,213.04688,215.50781,214.80469,215.50781,217.26563,13.06641,10.83984,12.30469,12.89063,12.30469,13.18359,13.65234,13.24219,14.12109,13.00781,13.24219,13.47656,13.76953,0.152588,0.151367,0.13916,0.141602,0.133057,0.142822,0.126953,0.168457,0.137939,0.129395,0.145264
2017-01-01T14:40:00Z,208.82813,211.64063,211.99219,211.99219,208.47656,212.69531,214.80469,214.80469,214.80469,216.21094,216.91406,215.15625,13.41797,10.89844,12.48047,12.89063,12.65625,12.89063,12.71484,12.94922,13.35938,13.53516,13.00781,12.83203,13.06641,0.125732,0.128174,0.13916,0.153809,0.129395,0.12085,0.142822,0.135498,0.10498,0.150146,0.129395
2017-01-01T14:50:00Z,209.88281,215.50781,218.32031,217.96875,214.10156,216.91406,217.26563,216.91406,217.61719,217.61719,220.78125,220.07813,13.59375,11.19141,13.41797,12.83203,13.41797,13.24219,12.83203,13.30078,13.53516,13.88672,13.71094,13.65234,13.41797,0.152588,0.141602,0.125732,0.087891,0.159912,0.161133,0.141602,0.095215,0.126953,0.098877,0.123291
2017-01-01T15:00:00Z,213.39844,214.10156,216.91406,211.64063,213.04688,213.75,214.80469,216.5625,219.72656,217.26563,216.5625,219.02344,13.76953,11.19141,12.94922,12.89063,12.89063,12.77344,12.94922,13.47656,13.82813,13.53516,13.30078,12.89063,13.53516,0.158691,0.150146,0.163574,0.123291,0.109863,0.119629,0.114746,0.125732,0.112305,0.180664,0.10376
2017-01-01T15:10:00Z,211.28906,210.58594,214.10156,217.96875,217.61719,218.32031,214.10156,217.61719,216.21094,216.5625,217.26563,217.26563,13.65234,11.48438,13.59375,13.82813,12.94922,13.41797,13.24219,13.41797,13.71094,13.71094,13.82813,13.59375,13.24219,0.129395,0.10498,0.135498,0.085449,0.130615,0.12085,0.113525,0.106201,0.097656,0.107422,0.101318
2017-01-01T15:20:00Z,211.28906,209.17969,214.10156,212.34375,216.21094,211.64063,217.61719,217.61719,216.21094,215.85938,216.21094,220.42969,14.35547,11.36719,12.59766,13.06641,12.59766,13.35938,13.41797,14.00391,13.76953,13.82813,13.65234,13.94531,13.94531,0.128174,0.146484,0.155029,0.080566,0.108643,0.115967,0.097656,0.123291,0.145264,0.10376,0.152588
2017-01-01T15:30:00Z,212.34375,209.88281,217.61719,213.39844,211.64063,216.91406,216.5625,217.61719,218.67188,216.5625,218.67188,214.45313,13.35938,10.83984,12.77344,13.24219,12.89063,13.71094,13.59375,13.41797,13.41797,13.06641,13.59375,13.30078,13.71094,0.087891,0.115967,0.101318,0.111084,0.123291,0.117188,0.100098,0.118408,0.091553,0.087891,0.091553
2017-01-01T15:40:00Z,210.23438,216.5625,213.04688,216.21094,215.15625,215.50781,219.02344,218.32031,220.07813,219.72656,217.61719,221.48438,13.53516,11.36719,13.18359,13.125,13.06641,13.125,13.47656,13.53516,13.41797,13.41797,13.41797,13.47656,13.24219,0.131836,0.111084,0.10376,0.097656,0.109863,0.098877,0.10376,0.109863,0.124512,0.108643,0.106201
2017-01-01T15:50:00Z,212.69531,214.45313,213.04688,217.61719,217.61719,215.50781,219.02344,220.07813,218.67188,219.72656,219.375,216.91406,13.65234,11.19141,12.83203,12.83203,12.94922,13.41797,13.24219,13.06641,13.41797,13.41797,13.30078,13.18359,13.18359,0.111084,0.109863,0.10498,0.119629,0.112305,0.133057,0.140381,0.112305,0.089111,0.124512,0.112305
2017-01-01T16:00:00Z,213.39844,210.58594,221.13281,215.50781,217.96875,216.91406,222.53906,218.32031,220.42969,217.61719,219.72656,220.07813,13.59375,11.30859,12.83203,13.18359,12.89063,13.18359,13.30078,13.06641,13.24219,13.35938,13.53516,13.71094,13.06641,0.091553,0.089111,0.150146,0.118408,0.114746,0.108643,0.106201,0.085449,0.096436,0.125732,0.102539
2017-01-01T16:10:00Z,214.10156,219.72656,216.21094,215.15625,216.5625,216.5625,221.83594,220.07813,215.50781,220.07813,222.1875,221.48438,13.35938,11.13281,12.71484,12.83203,13.35938,13.06641,13.24219,13.18359,13.125,13.41797,13.24219,13.47656,13.30078,0.114746,0.109863,0.107422,0.128174,0.114746,0.096436,0.115967,0.148926,0.097656,0.097656,0.130615
2017-01-01T16:20:00Z,213.04688,216.5625,217.26563,219.375,216.91406,217.26563,222.1875,219.72656,221.13281,221.83594,220.07813,221.13281,13.18359,11.01563,12.30469,12.42188,12.42188,12.89063,12.94922,12.83203,12.53906,12.77344,13.24219,13.24219,12.71484,0.10498,0.145264,0.113525,0.117188,0.131836,0.111084,0.141602,0.136719,0.090332,0.111084,0.109863
2017-01-01T16:30:00Z,217.61719,218.32031,218.67188,226.05469,221.48438,223.94531,225.0,225.70313,222.1875,227.10938,222.53906,226.75781,13.30078,10.72266,11.60156,11.95313,12.12891,12.83203,13.06641,12.65625,12.48047,12.1875,12.65625,12.42188,12.59766,0.167236,0.114746,0.135498,0.102539,0.131836,0.126953,0.106201,0.129395,0.128174,0.115967,0.12207
2017-01-01T16:40:00Z,217.61719,220.42969,217.61719,222.1875,219.02344,223.94531,222.89063,222.89063,225.70313,227.46094,223.59375,220.42969,12.65625,10.54688,11.36719,11.66016,11.77734,12.07031,12.53906,12.65625,12.65625,12.53906,12.59766,12.53906,13.125,0.152588,0.126953,0.124512,0.12085,0.137939,0.145264,0.128174,0.129395,0.125732,0.118408,0.108643
2017-01-01T16:50:00Z,219.02344,220.78125,222.53906,219.375,222.89063,223.24219,227.46094,224.64844,226.75781,224.29688,226.75781,227.8125,12.71484,10.60547,11.89453,12.24609,12.24609,12.24609,12.59766,12.48047,12.77344,12.42188,12.94922,12.65625,12.71484,0.12207,0.117188,0.146484,0.135498,0.128174,0.144043,0.10498,0.124512,0.10498,0.111084,0.113525
2017-01-01T17:00:00Z,217.96875,220.07813,222.53906,221.83594,220.42969,222.1875,221.83594,226.40625,222.1875,226.05469,225.35156,226.75781,12.71484,10.48828,11.60156,11.60156,11.71875,12.07031,12.24609,12.65625,12.30469,12.48047,12.71484,12.71484,12.59766,0.126953,0.131836,0.12207,0.109863,0.109863,0.10498,0.124512,0.101318,0.124512,0.101318,0.130615
2017-01-01T17:10:00Z,218.32031,220.78125,223.59375,221.48438,219.72656,220.78125,219.02344,229.21875,220.78125,226.05469,225.35156,225.70313,12.59766,10.42969,12.01172,12.12891,12.30469,12.12891,12.30469,12.59766,12.65625,12.48047,12.30469,12.65625,12.36328,0.128174,0.13916,0.142822,0.13916,0.136719,0.129395,0.12085,0.114746,0.114746,0.114746,0.102539
2017-01-01T17:20:00Z,217.96875,224.29688,221.48438,223.59375,224.64844,221.48438,224.29688,227.46094,228.16406,226.05469,226.05469,225.70313,12.24609,10.60547,12.01172,12.36328,12.48047,12.53906,12.48047,12.53906,12.48047,12.36328,12.65625,12.36328,13.00781,0.152588,0.150146,0.142822,0.097656,0.115967,0.114746,0.134277,0.128174,0.123291,0.157471,0.098877
2017-01-01T17:30:00Z,219.375,226.05469,221.83594,225.35156,223.59375,226.40625,225.70313,231.32813,228.86719,227.46094,227.10938,235.54688,13.47656,10.48828,12.30469,12.1875,12.07031,12.07031,13.125,12.89063,12.42188,12.1875,12.77344,12.65625,12.89063,0.145264,0.167236,0.136719,0.134277,0.123291,0.113525,0.129395,0.168457,0.150146,0.101318,0.146484
2017-01-01T17:40:00Z,222.53906,223.59375,226.75781,225.35156,224.29688,229.92188,227.8125,228.51563,230.625,236.25,228.86719,229.57031,13.47656,10.83984,12.53906,13.06641,13.00781,13.00781,13.00781,13.18359,13.24219,13.35938,13.30078,12.89063,13.06641,0.131836,0.13916,0.112305,0.123291,0.115967,0.113525,0.112305,0.100098,0.125732,0.130615,0.146484
2017-01-01T17:50:00Z,221.13281,218.67188,226.40625,221.83594,223.24219,226.05469,227.10938,229.21875,230.97656,233.4375,228.86719,230.27344,12.77344,10.72266,11.83594,12.12891,11.66016,11.95313,12.24609,12.42188,12.12891,11.83594,12.24609,12.42188,12.36328,0.12085,0.124512,0.136719,0.123291,0.114746,0.125732,0.126953,0.133057,0.114746,0.123291,0.157471
2017-01-01T18:00:00Z,220.07813,220.07813,221.13281,226.05469,226.40625,226.05469,223.24219,227.46094,227.46094,227.8125,232.03125,229.92188,11.71875,9.84375,10.83984,11.36719,11.13281,11.83594,11.54297,11.25,11.19141,11.19141,11.30859,10.89844,10.54688,0.162354,0.155029,0.145264,0.126953,0.144043,0.114746,0.136719,0.157471,0.157471,0.17334,0.177002
2017-01-01T18:10:00Z,213.75,216.91406,215.50781,219.72656,222.53906,225.0,223.24219,226.40625,226.75781,231.32813,226.40625,236.25,11.66016,9.02344,9.14063,9.31641,9.43359,9.78516,9.49219,9.31641,9.02344,9.08203,8.78906,8.49609,8.08594,0.222168,0.194092,0.17334,0.17334,0.131836,0.185547,0.217285,0.189209,0.203857,0.24292,0.240479
2017-01-01T18:20:00Z,214.45313,219.02344,219.375,218.67188,217.96875,219.02344,232.38281,225.35156,230.625,233.78906,235.19531,229.92188,9.49219,6.91406,6.79688,6.91406,6.91406,6.97266,6.73828,6.62109,5.97656,5.80078,5.625,5.68359,5.56641,0.264893,0.238037,0.307617,0.238037,0.209961,0.250244,0.244141,0.233154,0.234375,0.22583,0.22583
2017-01-01T18:30:00Z,240.82031,266.13281,288.63281,285.46875,310.07813,306.91406,311.13281,294.25781,242.92969,254.88281,255.58594,220.42969,10.54688,3.80859,4.51172,4.92188,4.62891,5.27344,5.50781,5.74219,6.09375,6.38672,6.91406,6.91406,6.97266,0.424805,0.322266,0.374756,0.284424,0.252686,0.296631,0.379639,0.340576,0.262451,0.275879,0.340576
2017-01-01T18:40:00Z,30.58594,39.02344,37.61719,37.61719,41.13281,38.67188,34.80469,34.10156,36.21094,36.21094,36.5625,35.85938,7.85156,4.45313,6.15234,6.21094,6.09375,6.5625,6.62109,6.97266,7.08984,7.5,7.79297,7.96875,7.61719,0.172119,0.217285,0.20874,0.183105,0.206299,0.202637,0.203857,0.184326,0.185547,0.167236,0.158691
2017-01-01T18:50:00Z,35.15625,42.89063,40.07813,41.48438,40.78125,39.375,46.05469,36.91406,37.61719,39.02344,35.50781,35.15625,8.49609,5.68359,7.03125,7.14844,7.08984,7.32422,7.91016,7.79297,8.08594,8.4375,8.67188,8.90625,9.25781,0.164795,0.175781,0.172119,0.179443,0.168457,0.174561,0.164795,0.136719,0.169678,0.126953,0.130615
2017-01-01T19:00:00Z,42.53906,52.03125,51.32813,51.67969,51.32813,53.78906,53.4375,46.05469,46.40625,42.53906,42.89063,42.89063,7.96875,5.74219,6.26953,6.50391,6.38672,6.79688,7.08984,6.85547,6.67969,7.26563,7.32422,7.44141,7.5,0.192871,0.15625,0.147705,0.111084,0.148926,0.142822,0.169678,0.177002,0.140381,0.168457,0.157471
2017-01-01T19:10:00Z,47.46094,45.70313,42.89063,41.83594,39.375,41.48438,44.64844,37.96875,37.96875,41.83594,36.5625,36.91406,7.91016,5.74219,6.44531,6.62109,6.67969,6.73828,6.85547,6.44531,6.67969,6.50391,6.79688,6.85547,6.79688,0.180664,0.118408,0.133057,0.129395,0.128174,0.164795,0.151367,0.161133,0.192871,0.167236,0.167236
2017-01-01T19:20:00Z,34.10156,40.07813,43.24219,46.05469,46.75781,46.40625,42.89063,37.61719,32.69531,32.69531,31.64063,28.47656,6.73828,5.15625,5.44922,5.68359,5.625,5.56641,5.68359,5.33203,5.80078,5.85938,6.73828,6.85547,7.14844,0.180664,0.161133,0.146484,0.153809,0.151367,0.197754,0.178223,0.167236,0.180664,0.170898,0.133057
2017-01-01T19:30:00Z,38.67188,35.15625,39.72656,37.96875,31.64063,29.17969,30.58594,24.25781,21.44531,22.85156,24.60938,17.22656,6.85547,4.57031,5.625,5.74219,5.91797,6.21094,6.5625,7.03125,7.38281,7.85156,8.55469,8.55469,9.14063,0.240479,0.263672,0.217285,0.211182,0.235596,0.22583,0.192871,0.220947,0.151367,0.147705,0.133057
2017-01-01T19:40:00Z,15.46875,17.22656,17.57813,16.17188,18.63281,20.03906,18.28125,20.03906,18.63281,23.55469,24.60938,20.39063,9.375,6.62109,7.96875,8.67188,8.08594,8.4375,8.37891,8.14453,8.61328,8.32031,8.73047,8.84766,8.78906,0.17334,0.17334,0.142822,0.161133,0.164795,0.189209,0.152588,0.17334,0.15625,0.152588,0.175781
2017-01-01T19:50:00Z,18.63281,22.5,25.3125,23.55469,20.74219,15.82031,18.98438,22.85156,17.22656,16.875,18.28125,19.33594,9.02344,6.85547,7.91016,8.14453,8.32031,7.96875,8.14453,8.73047,9.14063,8.78906,9.02344,9.25781,9.375,0.130615,0.181885,0.108643,0.147705,0.158691,0.130615,0.130615,0.15625,0.133057,0.12207,0.158691
2017-01-01T20:00:00Z,22.5,25.3125,27.77344,31.64063,28.82813,27.07031,31.28906,24.25781,25.3125,22.14844,21.79688,16.875,9.19922,7.5,8.26172,8.73047,8.37891,9.02344,9.02344,8.73047,8.90625,8.61328,9.02344,9.02344,9.14063,0.109863,0.141602,0.158691,0.140381,0.167236,0.164795,0.123291,0.153809,0.195313,0.145264,0.12085
2017-01-01T20:10:00Z,22.5,21.79688,20.03906,18.98438,17.22656,15.46875,13.71094,17.22656,16.17188,16.52344,14.41406,17.57813,10.19531,7.14844,9.19922,8.78906,9.78516,8.90625,9.19922,9.66797,9.78516,9.43359,9.25781,9.66797,9.78516,0.183105,0.224609,0.167236,0.22583,0.203857,0.178223,0.126953,0.179443,0.170898,0.205078,0.163574
2017-01-01T20:20:00Z,15.11719,18.63281,18.63281,15.46875,15.11719,17.92969,21.44531,17.92969,17.22656,20.74219,18.98438,17.57813,10.89844,8.61328,10.01953,9.96094,10.01953,10.3125,10.48828,10.42969,10.3125,10.60547,10.54688,10.72266,10.66406,0.175781,0.194092,0.186768,0.128174,0.135498,0.192871,0.137939,0.141602,0.177002,0.192871,0.150146
2017-01-01T20:30:00Z,17.57813,21.44531,23.90625,20.03906,20.74219,24.60938,21.79688,27.42188,18.63281,25.3125,20.03906,23.90625,10.25391,8.55469,9.66797,9.66797,9.55078,10.07813,10.07813,10.25391,9.96094,10.3125,10.25391,10.42969,10.60547,0.161133,0.150146,0.162354,0.130615,0.145264,0.136719,0.150146,0.124512,0.140381,0.148926,0.124512
2017-01-01T20:40:00Z,17.92969,22.14844,20.39063,22.5,17.92969,20.74219,20.39063,21.44531,19.33594,20.39063,19.6875,22.14844,10.01953,8.20313,9.19922,9.55078,9.55078,9.90234,10.3125,10.19531,9.96094,9.55078,10.19531,9.78516,10.3125,0.174561,0.101318,0.152588,0.136719,0.115967,0.115967,0.142822,0.159912,0.124512,0.13916,0.118408
2017-01-01T20:50:00Z,21.09375,21.09375,25.3125,21.44531,25.3125,28.125,21.79688,24.60938,23.55469,27.77344,24.60938,24.25781,10.37109,7.73438,9.02344,9.02344,8.84766,9.14063,8.73047,8.90625,9.14063,9.72656,9.78516,9.31641,9.31641,0.180664,0.169678,0.185547,0.181885,0.180664,0.161133,0.163574,0.153809,0.177002,0.153809,0.141602
2017-01-01T21:00:00Z,14.76563,23.20313,18.28125,18.28125,9.84375,13.71094,16.875,15.82031,13.35938,16.17188,14.76563,13.00781,10.95703,9.02344,8.96484,9.08203,9.49219,9.55078,10.19531,10.48828,10.54688,10.13672,10.07813,10.3125,10.25391,0.222168,0.185547,0.197754,0.163574,0.128174,0.153809,0.164795,0.125732,0.174561,0.177002,0.150146
2017-01-01T21:10:00Z,12.65625,15.82031,11.60156,14.0625,16.52344,14.76563,16.875,14.41406,16.17188,15.82031,14.76563,17.92969,10.48828,7.96875,9.19922,9.375,9.60938,10.01953,9.90234,10.25391,10.25391,10.19531,10.48828,10.54688,10.42969,0.186768,0.125732,0.152588,0.155029,0.163574,0.114746,0.129395,0.126953,0.151367,0.140381,0.114746
2017-01-01T21:20:00Z,18.28125,26.01563,27.77344,24.25781,23.20313,26.36719,20.39063,22.5,23.90625,20.74219,24.60938,18.98438,11.60156,8.96484,11.25,11.19141,11.19141,11.36719,11.36719,11.60156,11.89453,11.89453,11.77734,12.1875,12.1875,0.13916,0.135498,0.180664,0.146484,0.136719,0.185547,0.126953,0.151367,0.133057,0.111084,0.147705
2017-01-01T21:30:00Z,31.64063,39.72656,37.96875,38.32031,37.26563,37.96875,34.10156,30.23438,30.23438,28.47656,26.36719,19.33594,11.77734,9.02344,9.84375,10.19531,10.01953,10.37109,10.83984,11.07422,10.83984,11.01563,11.07422,11.30859,11.36719,0.184326,0.151367,0.147705,0.128174,0.140381,0.162354,0.155029,0.137939,0.129395,0.10376,0.10376
2017-01-01T21:40:00Z,40.42969,38.32031,40.78125,39.72656,36.21094,37.26563,36.21094,33.75,32.34375,29.17969,26.71875,27.07031,10.66406,7.85156,8.55469,8.4375,8.49609,8.55469,8.78906,8.90625,9.375,9.60938,10.01953,9.78516,10.19531,0.137939,0.129395,0.128174,0.133057,0.131836,0.107422,0.12207,0.130615,0.12207,0.102539,0.124512
2017-01-01T21:50:00Z,31.28906,30.58594,29.53125,30.9375,28.47656,30.9375,28.47656,29.53125,26.71875,28.82813,26.01563,25.66406,8.49609,6.67969,7.08984,6.97266,7.14844,7.20703,7.26563,7.55859,7.67578,8.20313,8.20313,8.4375,8.78906,0.150146,0.174561,0.163574,0.134277,0.159912,0.150146,0.140381,0.108643,0.101318,0.13916,0.153809
2017-01-01T22:00:00Z,23.20313,22.14844,22.85156,22.85156,26.36719,20.74219,24.96094,24.60938,23.55469,21.79688,24.96094,23.55469,8.78906,6.73828,7.96875,7.91016,8.08594,8.02734,8.37891,8.02734,8.20313,8.20313,8.37891,8.49609,8.55469,0.133057,0.133057,0.111084,0.151367,0.106201,0.141602,0.112305,0.140381,0.125732,0.118408,0.100098
2017-01-01T22:10:00Z,18.28125,26.01563,20.39063,18.28125,20.03906,21.09375,20.03906,21.44531,20.74219,19.6875,17.92969,17.92969,9.02344,6.62109,7.38281,7.26563,7.32422,7.61719,7.61719,7.61719,7.44141,7.67578,7.61719,7.79297,7.79297,0.111084,0.153809,0.111084,0.111084,0.146484,0.124512,0.102539,0.157471,0.102539,0.118408,0.158691
2017-01-01T22:20:00Z,16.17188,21.09375,18.63281,22.14844,19.33594,17.92969,18.63281,19.33594,19.33594,17.57813,18.63281,20.39063,7.61719,6.21094,7.03125,7.14844,7.08984,7.20703,7.38281,7.26563,7.14844,7.20703,7.55859,7.5,7.61719,0.131836,0.125732,0.10376,0.123291,0.150146,0.117188,0.118408,0.166016,0.119629,0.136719,0.119629
2017-01-01T22:30:00Z,13.35938,16.17188,10.54688,12.65625,13.71094,12.65625,15.82031,13.00781,9.49219,13.00781,13.35938,15.11719,8.14453,6.26953,6.79688,7.14844,6.91406,7.26563,7.32422,7.08984,7.03125,7.20703,7.20703,7.20703,7.14844,0.12207,0.08667,0.101318,0.157471,0.109863,0.119629,0.106201,0.097656,0.124512,0.111084,0.093994
2017-01-01T22:40:00Z,6.67969,11.60156,11.25,10.89844,11.60156,7.03125,11.25,8.78906,9.84375,10.54688,9.84375,8.78906,7.55859,6.38672,7.03125,7.20703,7.38281,7.32422,7.67578,7.61719,7.73438,7.73438,7.79297,7.91016,8.02734,0.135498,0.136719,0.12085,0.112305,0.08667,0.10498,0.112305,0.111084,0.115967,0.107422,0.108643
2017-01-01T22:50:00Z,9.14063,12.30469,10.89844,11.60156,11.25,9.49219,11.95313,12.65625,10.19531,13.35938,9.14063,13.71094,7.67578,6.15234,7.08984,7.38281,7.32422,7.20703,7.79297,7.61719,7.5,7.73438,8.08594,7.96875,8.14453,0.15625,0.158691,0.131836,0.137939,0.134277,0.150146,0.130615,0.136719,0.144043,0.118408,0.117188
2017-01-01T23:00:00Z,9.84375,11.95313,13.00781,10.89844,13.00781,11.60156,14.76563,13.35938,10.54688,9.84375,10.89844,15.82031,7.91016,6.38672,6.85547,7.03125,7.03125,7.20703,7.32422,7.38281,7.03125,7.20703,7.61719,7.85156,7.61719,0.096436,0.114746,0.126953,0.084229,0.12207,0.102539,0.092773,0.108643,0.119629,0.113525,0.070801
2017-01-01T23:10:00Z,10.19531,14.0625,14.76563,9.49219,13.00781,13.00781,12.30469,11.25,13.00781,9.49219,12.65625,8.78906,7.67578,6.32813,7.55859,7.38281,7.61719,7.55859,7.67578,7.61719,7.85156,7.79297,8.08594,8.32031,8.08594,0.10498,0.095215,0.101318,0.111084,0.093994,0.142822,0.096436,0.107422,0.100098,0.112305,0.107422
2017-01-01T23:20:00Z,8.08594,12.30469,10.54688,10.89844,7.38281,10.89844,10.19531,9.84375,10.54688,9.14063,10.54688,9.14063,9.66797,7.32422,8.55469,8.61328,8.78906,8.96484,9.19922,9.19922,9.375,9.43359,9.375,9.25781,9.66797,0.106201,0.13916,0.112305,0.107422,0.124512,0.101318,0.080566,0.090332,0.089111,0.093994,0.087891
2017-01-01T23:30:00Z,9.14063,11.60156,10.19531,11.25,11.95313,10.19531,12.65625,13.35938,9.84375,12.30469,12.65625,13.00781,9.02344,7.61719,8.55469,8.73047,8.84766,9.25781,9.08203,9.19922,9.31641,9.66797,9.55078,9.60938,9.78516,0.096436,0.113525,0.08667,0.065918,0.096436,0.118408,0.090332,0.095215,0.073242,0.097656,0.096436
2017-01-01T23:40:00Z,6.67969,12.30469,10.54688,10.89844,9.49219,7.38281,9.49219,9.49219,12.30469,11.25,12.65625,7.73438,11.01563,8.4375,10.48828,10.60547,11.01563,10.95703,10.95703,11.19141,11.01563,11.01563,10.66406,10.48828,10.78125,0.102539,0.111084,0.133057,0.113525,0.093994,0.141602,0.113525,0.12207,0.145264,0.113525,0.128174
2017-01-01T23:50:00Z,5.97656,5.625,7.38281,7.03125,8.78906,9.84375,7.38281,8.4375,10.89844,8.08594,13.00781,13.35938,11.19141,9.19922,10.78125,10.95703,10.78125,10.89844,10.78125,10.37109,10.72266,10.48828,10.60547,10.42969,10.01953,0.118408,0.133057,0.133057,0.111084,0.12207,0.107422,0.112305,0.147705,0.092773,0.10376,0.124512