LOCATION: 
SYSTEM SERIAL: HKZB
TIMESTAMP (ISO-8601) UTC,WindDir004m deg,WindDir030m deg,WindDir040m deg,WindDir040m_ref deg,WindDir060m deg,WindDir080m deg,WindDir100m deg,WindDir120m deg,WindDir140m deg,WindDir160m deg,WindDir180m deg,WindDir200m deg,WindGust004m m/s,WindSpeed004m m/s,WindSpeed030mh m/s,WindSpeed040mh m/s,WindSpeed040m_refh m/s,WindSpeed060mh m/s,WindSpeed080mh m/s,WindSpeed100mh m/s,WindSpeed120mh m/s,WindSpeed140mh m/s,WindSpeed160mh m/s,WindSpeed180mh m/s,WindSpeed200mh m/s,TI 030m,TI 040m,TI 040m ref,TI 060m,TI 080m,TI 100m,TI 120m,TI 140m,TI 160m,TI 180m,TI 200m
2017-12-07T00:00:00Z,205.3125,207.07031,208.82813,206.36719,207.77344,209.17969,210.9375,210.58594,211.64063,208.82813,207.77344,208.82813,17.92969,14.35547,16.93359,17.63672,16.875,17.98828,17.98828,17.98828,18.16406,18.28125,18.69141,18.28125,18.63281,0.144043,0.142822,0.144043,0.140381,0.098877,0.135498,0.115967,0.10376,0.136719,0.083008,0.129395
2017-12-07T00:10:00Z,206.01563,207.42188,209.53125,210.58594,206.01563,207.42188,209.17969,208.125,207.77344,209.53125,210.58594,209.88281,17.28516,13.53516,16.34766,16.875,16.58203,17.10938,17.69531,17.75391,17.92969,18.22266,18.75,18.57422,18.16406,0.15625,0.141602,0.157471,0.13916,0.131836,0.140381,0.118408,0.13916,0.098877,0.10376,0.123291
2017-12-07T00:20:00Z,204.25781,208.125,208.47656,206.36719,206.01563,206.01563,207.07031,211.28906,204.25781,207.07031,208.82813,203.90625,17.87109,13.41797,17.57813,16.99219,18.10547,17.8125,18.28125,18.63281,18.16406,18.39844,18.75,18.28125,18.75,0.152588,0.130615,0.177002,0.141602,0.115967,0.090332,0.151367,0.098877,0.12085,0.145264,0.098877
2017-12-07T00:30:00Z,204.25781,208.125,210.23438,206.71875,201.44531,206.71875,207.07031,206.71875,207.42188,206.01563,207.07031,204.96094,17.40234,13.88672,16.81641,16.34766,17.28516,16.99219,17.69531,18.51563,18.69141,18.45703,18.04688,18.45703,18.69141,0.137939,0.150146,0.157471,0.134277,0.13916,0.097656,0.131836,0.136719,0.130615,0.114746,0.112305
2017-12-07T00:40:00Z,202.85156,211.28906,205.3125,209.53125,205.3125,204.60938,206.36719,206.36719,207.07031,206.36719,206.71875,209.17969,17.92969,13.82813,17.46094,17.98828,17.87109,18.39844,19.16016,19.21875,18.69141,19.45313,19.80469,19.92188,19.57031,0.150146,0.150146,0.157471,0.141602,0.145264,0.140381,0.136719,0.12085,0.13916,0.133057,0.10376
2017-12-07T00:50:00Z,203.20313,205.66406,207.77344,206.71875,206.01563,206.71875,208.47656,209.53125,206.01563,205.3125,209.88281,207.42188,19.04297,14.17969,17.92969,18.51563,18.10547,18.80859,19.39453,19.33594,19.39453,19.74609,19.6875,19.57031,19.39453,0.131836,0.125732,0.141602,0.115967,0.15625,0.148926,0.135498,0.129395,0.151367,0.135498,0.141602
2017-12-07T01:00:00Z,203.90625,211.28906,211.64063,209.17969,210.58594,209.53125,208.82813,208.82813,209.88281,208.82813,209.88281,214.45313,18.51563,14.70703,17.87109,17.8125,18.39844,18.57422,18.80859,19.16016,19.80469,20.03906,20.09766,19.21875,19.21875,0.131836,0.124512,0.142822,0.140381,0.137939,0.111084,0.150146,0.126953,0.107422,0.153809,0.180664
2017-12-07T01:10:00Z,207.42188,210.58594,211.64063,210.58594,213.04688,210.23438,212.34375,208.82813,208.82813,211.28906,213.04688,212.34375,18.10547,14.23828,16.875,17.98828,17.22656,18.51563,18.92578,18.16406,18.39844,19.62891,19.74609,18.86719,18.80859,0.153809,0.137939,0.150146,0.152588,0.128174,0.128174,0.161133,0.133057,0.125732,0.142822,0.108643
2017-12-07T01:20:00Z,207.07031,210.23438,212.69531,212.69531,210.9375,210.58594,206.71875,213.39844,210.23438,211.28906,208.47656,210.58594,17.69531,14.0625,17.8125,18.33984,17.75391,18.75,18.22266,19.51172,19.33594,19.39453,19.62891,19.45313,18.98438,0.153809,0.172119,0.152588,0.155029,0.133057,0.142822,0.148926,0.166016,0.136719,0.146484,0.115967
2017-12-07T01:30:00Z,206.36719,207.07031,210.23438,206.36719,208.125,209.53125,211.64063,211.64063,208.47656,207.77344,210.9375,213.04688,18.86719,13.94531,17.28516,17.69531,17.34375,18.22266,18.10547,18.33984,18.33984,18.39844,18.75,19.27734,18.92578,0.155029,0.19165,0.167236,0.144043,0.126953,0.114746,0.144043,0.150146,0.189209,0.12085,0.111084
2017-12-07T01:40:00Z,206.01563,209.53125,208.82813,211.28906,208.47656,208.82813,209.17969,207.77344,209.88281,210.9375,208.82813,210.9375,17.63672,13.47656,17.63672,17.28516,17.8125,17.63672,18.28125,18.69141,18.33984,18.51563,18.63281,18.57422,19.16016,0.129395,0.13916,0.12207,0.136719,0.101318,0.118408,0.142822,0.168457,0.157471,0.115967,0.123291
2017-12-07T01:50:00Z,205.66406,213.39844,214.45313,214.45313,214.80469,213.75,213.75,217.61719,216.5625,212.34375,212.69531,214.80469,18.33984,14.12109,17.16797,17.46094,18.33984,18.69141,19.57031,19.80469,18.86719,18.45703,18.63281,19.74609,19.92188,0.155029,0.177002,0.161133,0.135498,0.115967,0.130615,0.102539,0.130615,0.195313,0.137939,0.109863
2017-12-07T02:00:00Z,210.9375,218.67188,214.10156,213.04688,211.64063,211.99219,211.28906,216.91406,214.10156,213.04688,214.80469,214.80469,18.22266,14.53125,17.75391,17.69531,18.45703,18.22266,18.63281,18.80859,18.80859,18.75,19.16016,19.10156,19.45313,0.167236,0.150146,0.137939,0.148926,0.158691,0.155029,0.119629,0.150146,0.131836,0.148926,0.155029
2017-12-07T02:10:00Z,210.58594,212.69531,215.15625,212.69531,210.9375,211.28906,206.36719,210.9375,210.58594,210.9375,211.99219,213.04688,17.63672,14.41406,17.40234,17.46094,17.63672,17.57813,18.33984,19.27734,19.33594,19.21875,18.51563,18.69141,19.39453,0.157471,0.178223,0.152588,0.159912,0.166016,0.133057,0.128174,0.141602,0.161133,0.175781,0.164795
2017-12-07T02:20:00Z,207.42188,214.45313,208.47656,210.23438,209.17969,203.55469,208.82813,211.64063,211.64063,209.88281,212.34375,207.42188,17.46094,14.12109,18.57422,17.8125,19.57031,18.63281,19.57031,19.6875,19.86328,20.09766,19.80469,19.45313,20.21484,0.126953,0.172119,0.146484,0.141602,0.111084,0.180664,0.140381,0.125732,0.15625,0.101318,0.128174
2017-12-07T02:30:00Z,205.3125,202.14844,206.36719,205.3125,208.47656,208.82813,203.20313,202.5,202.85156,204.96094,204.96094,207.77344,19.21875,14.70703,18.04688,19.04297,18.10547,19.16016,19.16016,18.98438,19.92188,19.62891,19.45313,19.39453,20.03906,0.152588,0.142822,0.157471,0.166016,0.126953,0.125732,0.135498,0.153809,0.128174,0.184326,0.129395
2017-12-07T02:40:00Z,201.44531,203.20313,204.60938,199.6875,201.09375,200.74219,205.66406,207.77344,201.44531,204.60938,209.88281,204.60938,18.75,14.41406,17.51953,17.22656,17.87109,18.33984,19.10156,19.80469,18.92578,18.80859,19.98047,20.09766,19.51172,0.158691,0.136719,0.181885,0.125732,0.131836,0.108643,0.140381,0.130615,0.142822,0.161133,0.131836
2017-12-07T02:50:00Z,199.6875,200.39063,201.44531,204.96094,201.79688,203.55469,204.96094,205.3125,202.85156,202.14844,207.77344,205.66406,18.33984,14.47266,17.16797,18.57422,17.8125,18.98438,19.39453,19.16016,18.51563,19.39453,19.45313,20.03906,19.04297,0.135498,0.134277,0.130615,0.134277,0.12085,0.161133,0.146484,0.148926,0.146484,0.090332,0.134277
2017-12-07T03:00:00Z,199.33594,205.66406,206.36719,203.55469,203.55469,206.36719,206.01563,204.96094,203.90625,205.3125,206.36719,207.07031,18.69141,14.64844,19.21875,19.45313,19.10156,18.98438,19.57031,19.39453,19.33594,19.51172,19.86328,20.21484,19.27734,0.134277,0.144043,0.10498,0.123291,0.131836,0.129395,0.128174,0.131836,0.142822,0.111084,0.15625
2017-12-07T03:10:00Z,201.44531,200.03906,203.55469,201.79688,206.36719,200.39063,200.39063,202.85156,203.55469,207.42188,205.3125,203.20313,18.51563,15.05859,19.86328,19.80469,20.03906,19.80469,19.33594,20.50781,21.09375,20.91797,20.39063,19.80469,20.09766,0.108643,0.106201,0.123291,0.115967,0.145264,0.097656,0.146484,0.117188,0.109863,0.137939,0.162354
2017-12-07T03:20:00Z,198.98438,202.14844,200.74219,201.79688,202.85156,205.66406,203.90625,204.60938,206.01563,203.20313,207.07031,209.88281,20.15625,15.87891,18.98438,19.33594,19.16016,20.03906,19.98047,20.68359,20.80078,20.39063,20.44922,20.39063,20.44922,0.126953,0.128174,0.134277,0.129395,0.118408,0.112305,0.083008,0.114746,0.134277,0.145264,0.118408
2017-12-07T03:30:00Z,200.03906,203.90625,203.90625,208.82813,207.42188,205.66406,203.90625,204.60938,210.23438,206.36719,208.47656,215.85938,19.33594,15.46875,19.04297,19.33594,19.21875,19.21875,19.74609,20.85938,21.44531,20.80078,20.68359,21.32813,21.73828,0.144043,0.108643,0.141602,0.128174,0.123291,0.119629,0.119629,0.123291,0.118408,0.087891,0.080566
2017-12-07T03:40:00Z,201.79688,200.39063,199.6875,205.3125,200.39063,197.92969,202.14844,203.90625,202.5,201.09375,204.96094,204.60938,19.92188,15.64453,18.45703,18.80859,18.80859,19.33594,19.6875,19.62891,19.33594,19.80469,19.74609,19.45313,19.45313,0.12085,0.12207,0.12207,0.097656,0.113525,0.102539,0.12207,0.117188,0.117188,0.109863,0.096436
2017-12-07T03:50:00Z,198.63281,200.03906,203.20313,206.71875,204.25781,205.66406,201.79688,203.20313,206.71875,208.82813,202.85156,205.66406,19.16016,15.23438,17.69531,18.16406,18.51563,18.63281,18.86719,19.45313,19.16016,19.27734,19.21875,19.27734,19.74609,0.130615,0.135498,0.085449,0.114746,0.106201,0.113525,0.119629,0.118408,0.090332,0.087891,0.102539
2017-12-07T04:00:00Z,199.6875,203.55469,208.82813,201.09375,204.60938,206.01563,204.25781,203.20313,206.01563,204.96094,202.85156,203.55469,19.16016,14.76563,18.33984,19.10156,19.04297,19.21875,19.80469,19.98047,19.80469,19.39453,19.92188,19.86328,19.98047,0.12207,0.114746,0.10376,0.10376,0.080566,0.102539,0.079346,0.076904,0.091553,0.133057,0.12207
2017-12-07T04:10:00Z,202.14844,207.77344,198.63281,200.03906,200.03906,204.96094,204.25781,204.60938,204.25781,203.55469,205.3125,210.9375,19.16016,15.35156,17.92969,18.51563,18.75,18.98438,18.86719,18.75,18.86719,19.62891,19.6875,19.62891,18.92578,0.118408,0.123291,0.119629,0.118408,0.095215,0.119629,0.095215,0.114746,0.106201,0.115967,0.106201
2017-12-07T04:20:00Z,198.63281,201.44531,202.85156,194.76563,201.79688,204.25781,199.6875,201.09375,201.79688,202.5,201.44531,205.66406,18.75,14.76563,18.39844,18.75,18.28125,18.86719,18.63281,18.57422,19.21875,19.80469,19.27734,19.21875,19.21875,0.125732,0.115967,0.085449,0.089111,0.091553,0.10498,0.100098,0.102539,0.078125,0.081787,0.108643
2017-12-07T04:30:00Z,196.52344,200.39063,206.01563,202.85156,197.57813,198.98438,203.20313,200.39063,202.5,202.85156,200.39063,206.36719,18.80859,15.0,17.34375,16.93359,17.75391,17.63672,17.92969,18.28125,18.51563,18.39844,18.28125,19.10156,19.04297,0.125732,0.119629,0.108643,0.130615,0.136719,0.125732,0.08667,0.093994,0.109863,0.095215,0.102539
2017-12-07T04:40:00Z,197.57813,201.79688,197.22656,200.39063,202.14844,197.92969,201.79688,204.25781,198.63281,201.79688,203.55469,201.44531,18.04688,14.47266,18.51563,18.75,19.33594,19.10156,19.6875,19.45313,19.51172,19.80469,20.21484,19.86328,19.86328,0.118408,0.12085,0.097656,0.093994,0.090332,0.101318,0.095215,0.101318,0.098877,0.093994,0.106201
2017-12-07T04:50:00Z,195.46875,203.90625,204.25781,203.20313,198.98438,201.44531,205.3125,201.79688,198.63281,205.66406,205.3125,202.85156,19.27734,15.35156,19.04297,19.45313,19.51172,20.09766,20.27344,20.625,20.56641,20.27344,20.68359,20.27344,20.97656,0.125732,0.106201,0.128174,0.107422,0.089111,0.111084,0.092773,0.087891,0.076904,0.096436,0.10498
2017-12-07T05:00:00Z,199.33594,198.63281,204.25781,202.5,202.14844,201.79688,206.71875,201.44531,202.85156,202.14844,204.25781,203.55469,19.92188,15.52734,19.10156,19.80469,18.80859,19.86328,20.21484,20.15625,19.86328,20.56641,21.38672,20.56641,20.68359,0.114746,0.164795,0.106201,0.125732,0.100098,0.114746,0.126953,0.096436,0.113525,0.12207,0.102539
2017-12-07T05:10:00Z,199.6875,202.5,198.28125,202.85156,196.52344,200.03906,200.39063,195.11719,201.79688,199.33594,197.92969,202.14844,19.57031,15.46875,17.87109,18.16406,18.63281,18.80859,19.45313,19.10156,19.33594,18.86719,18.75,19.39453,20.15625,0.134277,0.106201,0.089111,0.133057,0.128174,0.146484,0.102539,0.133057,0.140381,0.114746,0.113525
2017-12-07T05:20:00Z,195.46875,197.57813,194.41406,202.5,197.22656,195.46875,198.98438,201.09375,198.98438,197.22656,198.98438,199.6875,18.28125,14.82422,17.46094,18.22266,18.80859,18.86719,19.45313,19.39453,19.39453,19.39453,19.04297,19.6875,20.27344,0.129395,0.108643,0.113525,0.118408,0.128174,0.140381,0.125732,0.131836,0.135498,0.113525,0.130615
2017-12-07T05:30:00Z,193.71094,200.03906,198.63281,196.52344,197.57813,195.82031,202.5,198.98438,200.03906,201.09375,202.5,201.44531,19.27734,14.94141,18.98438,18.92578,19.10156,18.75,18.63281,19.62891,19.45313,19.33594,20.44922,20.44922,20.33203,0.141602,0.146484,0.145264,0.133057,0.185547,0.10376,0.10498,0.125732,0.112305,0.123291,0.097656
2017-12-07T05:40:00Z,194.41406,198.28125,200.39063,200.74219,200.39063,202.85156,199.6875,198.63281,202.14844,201.09375,199.33594,204.60938,19.16016,15.35156,19.27734,19.16016,18.98438,19.57031,19.6875,20.03906,20.27344,20.39063,20.44922,20.39063,20.80078,0.101318,0.114746,0.106201,0.117188,0.137939,0.081787,0.087891,0.101318,0.108643,0.108643,0.112305
2017-12-07T05:50:00Z,196.52344,198.63281,199.33594,193.71094,199.33594,200.03906,199.6875,201.79688,197.92969,201.79688,200.74219,200.03906,19.27734,15.17578,18.57422,18.69141,18.92578,19.45313,19.6875,19.21875,19.27734,20.39063,20.21484,21.09375,20.80078,0.109863,0.128174,0.117188,0.159912,0.134277,0.123291,0.125732,0.131836,0.137939,0.123291,0.10376
2017-12-07T06:00:00Z,194.0625,201.09375,200.39063,203.55469,199.6875,201.79688,200.03906,201.44531,197.92969,199.6875,204.96094,204.96094,19.98047,15.64453,19.27734,18.80859,19.57031,19.51172,19.74609,19.98047,19.74609,20.03906,20.68359,20.625,20.68359,0.106201,0.098877,0.113525,0.113525,0.108643,0.12207,0.141602,0.075684,0.095215,0.123291,0.12207
2017-12-07T06:10:00Z,195.82031,203.20313,203.55469,202.5,201.44531,201.09375,197.92969,204.60938,198.98438,200.74219,206.36719,205.66406,20.44922,15.64453,18.57422,19.62891,19.39453,20.15625,19.98047,20.27344,20.39063,21.03516,21.67969,21.67969,21.50391,0.142822,0.136719,0.141602,0.106201,0.126953,0.128174,0.093994,0.12085,0.115967,0.091553,0.115967
2017-12-07T06:20:00Z,197.92969,200.39063,198.63281,199.6875,198.63281,199.33594,197.92969,200.74219,200.03906,201.09375,205.66406,201.79688,19.92188,15.58594,19.39453,19.98047,19.92188,20.50781,20.56641,20.44922,20.74219,20.85938,21.73828,21.26953,20.97656,0.144043,0.125732,0.145264,0.164795,0.133057,0.137939,0.150146,0.119629,0.126953,0.118408,0.098877
2017-12-07T06:30:00Z,195.11719,198.98438,193.71094,199.6875,196.875,199.6875,199.6875,198.63281,194.0625,198.28125,203.90625,203.55469,20.625,15.87891,19.16016,20.33203,19.45313,21.09375,21.09375,20.44922,20.50781,21.21094,22.03125,22.03125,21.85547,0.157471,0.136719,0.13916,0.135498,0.12085,0.115967,0.115967,0.113525,0.097656,0.115967,0.107422
2017-12-07T06:40:00Z,193.71094,197.57813,198.28125,197.92969,201.79688,201.44531,201.44531,200.39063,200.39063,201.09375,204.96094,204.25781,20.91797,16.23047,19.16016,19.98047,19.16016,20.33203,20.625,20.50781,20.27344,20.80078,21.26953,21.09375,20.85938,0.136719,0.142822,0.134277,0.108643,0.10376,0.12085,0.140381,0.119629,0.10498,0.153809,0.114746
2017-12-07T06:50:00Z,195.46875,201.09375,199.33594,199.6875,201.44531,202.14844,200.39063,202.85156,200.74219,203.90625,204.96094,203.90625,20.09766,15.76172,19.74609,20.39063,19.80469,20.27344,20.44922,20.50781,20.625,21.15234,20.91797,21.5625,22.08984,0.145264,0.10376,0.13916,0.140381,0.124512,0.100098,0.137939,0.107422,0.129395,0.108643,0.10498
2017-12-07T07:00:00Z,196.52344,205.66406,200.39063,197.22656,199.6875,200.74219,200.39063,204.25781,204.25781,204.25781,205.3125,206.01563,20.91797,15.76172,19.21875,19.27734,19.6875,19.80469,20.625,21.09375,20.91797,21.09375,22.03125,21.38672,22.08984,0.152588,0.146484,0.151367,0.140381,0.118408,0.146484,0.124512,0.102539,0.106201,0.092773,0.124512
2017-12-07T07:10:00Z,199.33594,203.55469,202.5,205.3125,204.96094,200.39063,202.14844,202.14844,204.96094,205.3125,205.66406,206.36719,19.86328,15.46875,19.16016,19.04297,20.44922,19.21875,20.74219,21.50391,20.91797,19.98047,20.44922,21.73828,22.32422,0.179443,0.168457,0.136719,0.130615,0.124512,0.134277,0.15625,0.123291,0.135498,0.125732,0.096436
2017-12-07T07:20:00Z,198.98438,203.90625,206.36719,198.28125,201.09375,198.98438,202.85156,200.39063,203.20313,209.17969,209.17969,210.9375,19.80469,15.70313,19.62891,19.80469,19.86328,19.45313,19.86328,20.56641,21.03516,20.91797,21.15234,21.21094,21.50391,0.130615,0.135498,0.129395,0.141602,0.153809,0.137939,0.117188,0.136719,0.098877,0.095215,0.101318
2017-12-07T07:30:00Z,198.63281,202.14844,200.74219,205.66406,200.74219,201.44531,201.79688,204.25781,203.55469,204.25781,207.77344,210.23438,19.62891,15.82031,18.22266,18.63281,18.86719,19.10156,19.6875,20.09766,19.74609,19.74609,19.92188,21.03516,21.73828,0.181885,0.135498,0.136719,0.114746,0.114746,0.095215,0.140381,0.147705,0.136719,0.091553,0.118408
2017-12-07T07:40:00Z,198.28125,201.44531,201.44531,200.03906,204.60938,195.82031,206.36719,200.39063,204.60938,203.55469,208.125,207.42188,20.21484,15.35156,19.6875,19.6875,19.16016,19.6875,19.80469,19.80469,20.74219,21.32813,21.73828,21.79688,22.5,0.147705,0.152588,0.131836,0.10498,0.123291,0.175781,0.13916,0.142822,0.12085,0.109863,0.141602
2017-12-07T07:50:00Z,197.22656,203.55469,206.71875,204.25781,205.3125,201.09375,207.42188,204.25781,207.77344,208.82813,209.53125,208.47656,21.26953,15.46875,19.04297,19.39453,19.33594,19.10156,20.39063,20.74219,21.15234,21.21094,21.62109,22.5,21.73828,0.145264,0.129395,0.141602,0.131836,0.147705,0.142822,0.118408,0.141602,0.10498,0.134277,0.107422
2017-12-07T08:00:00Z,200.74219,199.6875,200.74219,197.57813,199.6875,202.5,202.14844,205.66406,204.60938,203.90625,204.60938,213.04688,19.62891,15.17578,18.80859,19.21875,18.39844,19.80469,19.98047,19.74609,19.57031,20.33203,20.50781,21.38672,21.62109,0.131836,0.15625,0.151367,0.142822,0.125732,0.147705,0.163574,0.108643,0.175781,0.125732,0.109863
2017-12-07T08:10:00Z,197.57813,206.01563,203.90625,202.5,198.63281,202.85156,201.44531,202.5,206.01563,206.36719,208.47656,210.23438,19.80469,15.52734,18.63281,18.86719,19.33594,19.62891,19.86328,20.27344,20.50781,20.56641,20.44922,20.44922,21.44531,0.115967,0.111084,0.124512,0.150146,0.135498,0.118408,0.137939,0.114746,0.117188,0.106201,0.115967
2017-12-07T08:20:00Z,197.57813,203.20313,205.3125,206.01563,208.125,203.20313,206.01563,202.85156,200.03906,207.42188,210.23438,215.15625,19.62891,15.35156,18.39844,18.98438,18.80859,19.16016,18.98438,18.86719,19.27734,20.21484,20.97656,20.74219,21.15234,0.128174,0.158691,0.15625,0.124512,0.151367,0.178223,0.111084,0.129395,0.115967,0.140381,0.135498
2017-12-07T08:30:00Z,200.39063,198.98438,206.71875,201.79688,197.22656,203.55469,202.85156,204.25781,203.55469,201.44531,211.99219,208.82813,19.10156,14.58984,17.87109,18.28125,18.57422,18.86719,18.98438,19.10156,19.27734,20.03906,20.03906,20.91797,20.74219,0.148926,0.125732,0.109863,0.124512,0.111084,0.10498,0.136719,0.142822,0.108643,0.126953,0.142822
2017-12-07T08:40:00Z,198.63281,201.09375,202.5,198.98438,201.79688,202.85156,201.44531,198.63281,202.14844,208.125,207.07031,208.82813,19.27734,14.70703,18.57422,18.98438,19.04297,19.57031,19.51172,19.62891,19.51172,20.50781,20.91797,20.80078,21.50391,0.177002,0.135498,0.148926,0.128174,0.125732,0.096436,0.151367,0.148926,0.109863,0.140381,0.141602
2017-12-07T08:50:00Z,198.28125,204.60938,203.90625,202.85156,199.33594,204.60938,197.92969,200.74219,208.125,207.07031,214.45313,207.77344,18.80859,14.88281,17.8125,18.28125,18.57422,18.69141,19.16016,19.45313,20.56641,20.97656,21.26953,21.50391,21.15234,0.140381,0.147705,0.13916,0.157471,0.146484,0.142822,0.123291,0.130615,0.134277,0.113525,0.141602
2017-12-07T09:00:00Z,196.52344,197.92969,198.98438,197.92969,199.33594,196.875,195.11719,202.5,202.5,205.66406,203.55469,210.9375,20.21484,14.88281,18.22266,18.45703,19.39453,19.16016,19.51172,20.33203,20.68359,20.33203,20.15625,20.91797,21.15234,0.124512,0.13916,0.125732,0.118408,0.146484,0.135498,0.130615,0.125732,0.129395,0.129395,0.159912
2017-12-07T09:10:00Z,196.52344,200.03906,202.14844,203.20313,202.14844,200.74219,202.14844,206.01563,208.82813,205.3125,202.85156,207.77344,19.62891,14.82422,18.10547,18.45703,19.39453,18.75,19.27734,19.74609,20.03906,19.80469,20.03906,21.15234,21.62109,0.161133,0.142822,0.130615,0.134277,0.130615,0.134277,0.140381,0.134277,0.131836,0.13916,0.125732
2017-12-07T09:20:00Z,197.92969,197.92969,199.6875,200.03906,198.28125,200.74219,201.44531,196.875,202.85156,206.01563,205.66406,203.20313,20.03906,14.70703,18.63281,19.62891,19.10156,20.39063,19.86328,19.6875,20.625,21.91406,20.50781,20.74219,21.21094,0.130615,0.151367,0.115967,0.136719,0.166016,0.158691,0.172119,0.136719,0.123291,0.118408,0.125732
2017-12-07T09:30:00Z,196.17188,204.60938,200.39063,199.33594,198.98438,193.35938,198.63281,199.6875,202.5,205.66406,206.71875,204.60938,19.04297,15.17578,18.63281,18.51563,20.15625,18.86719,19.98047,21.38672,20.85938,21.62109,21.73828,20.97656,21.09375,0.136719,0.152588,0.147705,0.175781,0.172119,0.144043,0.12207,0.115967,0.159912,0.163574,0.117188
2017-12-07T09:40:00Z,195.82031,195.11719,198.63281,203.20313,197.22656,202.14844,203.20313,203.55469,205.3125,203.90625,205.66406,209.88281,19.86328,15.17578,17.75391,18.10547,17.87109,19.27734,19.21875,19.33594,20.03906,20.44922,20.68359,20.74219,21.32813,0.162354,0.130615,0.178223,0.180664,0.151367,0.166016,0.150146,0.109863,0.150146,0.152588,0.128174
2017-12-07T09:50:00Z,198.28125,204.60938,201.44531,197.92969,200.74219,197.92969,198.98438,202.85156,204.96094,205.66406,204.96094,202.85156,19.74609,14.41406,17.8125,18.57422,19.04297,18.75,19.33594,20.33203,21.03516,20.91797,19.62891,20.91797,22.44141,0.168457,0.140381,0.145264,0.147705,0.128174,0.133057,0.115967,0.117188,0.148926,0.135498,0.135498
2017-12-07T10:00:00Z,195.11719,201.09375,204.25781,198.63281,202.85156,205.66406,205.3125,201.79688,203.55469,204.25781,207.42188,206.71875,19.16016,14.47266,17.87109,18.22266,17.57813,18.80859,18.98438,19.80469,19.45313,19.51172,20.15625,20.91797,21.62109,0.164795,0.178223,0.142822,0.126953,0.142822,0.117188,0.12085,0.148926,0.157471,0.108643,0.152588
2017-12-07T10:10:00Z,198.28125,200.74219,202.14844,201.79688,203.20313,201.44531,207.07031,203.90625,202.85156,203.55469,204.96094,211.64063,18.80859,14.35547,18.45703,19.04297,19.10156,19.33594,19.6875,20.15625,19.92188,20.03906,21.21094,21.73828,21.09375,0.134277,0.124512,0.169678,0.142822,0.151367,0.137939,0.148926,0.155029,0.125732,0.134277,0.137939
2017-12-07T10:20:00Z,197.57813,202.5,206.36719,201.44531,203.20313,205.66406,207.42188,198.98438,202.14844,203.90625,208.125,204.60938,20.03906,14.94141,18.80859,19.04297,19.21875,19.74609,19.80469,19.10156,19.86328,20.80078,21.67969,21.26953,21.67969,0.126953,0.130615,0.155029,0.131836,0.124512,0.147705,0.150146,0.128174,0.090332,0.106201,0.128174
2017-12-07T10:30:00Z,199.33594,205.66406,204.60938,206.36719,204.25781,204.60938,204.96094,205.3125,207.07031,205.3125,203.20313,208.125,18.92578,14.70703,19.21875,18.98438,19.45313,19.39453,20.03906,20.80078,19.80469,20.27344,21.03516,22.20703,22.44141,0.125732,0.153809,0.183105,0.135498,0.153809,0.144043,0.168457,0.163574,0.137939,0.135498,0.111084
2017-12-07T10:40:00Z,200.74219,207.77344,202.14844,202.85156,203.90625,203.55469,201.79688,200.03906,207.07031,201.79688,205.3125,207.77344,20.03906,15.58594,18.39844,18.75,19.33594,19.39453,19.6875,20.15625,20.85938,20.50781,20.68359,21.73828,22.67578,0.178223,0.126953,0.184326,0.135498,0.134277,0.12085,0.124512,0.150146,0.117188,0.118408,0.141602
2017-12-07T10:50:00Z,200.03906,199.33594,201.09375,198.98438,204.96094,201.44531,198.63281,200.39063,205.3125,207.77344,204.60938,208.125,19.16016,14.88281,19.51172,19.39453,19.92188,19.39453,19.86328,20.44922,21.38672,21.09375,20.97656,21.5625,22.20703,0.130615,0.152588,0.153809,0.161133,0.131836,0.13916,0.119629,0.145264,0.163574,0.147705,0.13916
2017-12-07T11:00:00Z,198.28125,198.98438,201.44531,203.90625,204.60938,199.33594,199.33594,204.25781,205.3125,206.01563,202.14844,206.01563,19.62891,15.46875,19.86328,19.57031,20.21484,19.62891,20.68359,21.03516,22.08984,21.73828,21.85547,22.20703,23.73047,0.130615,0.140381,0.13916,0.129395,0.134277,0.146484,0.142822,0.090332,0.128174,0.098877,0.101318
2017-12-07T11:10:00Z,197.22656,200.74219,201.79688,200.03906,198.98438,199.33594,200.39063,201.79688,204.25781,203.90625,203.90625,204.25781,20.68359,15.76172,19.27734,19.51172,19.92188,19.92188,20.68359,20.91797,20.85938,21.62109,22.14844,22.26563,22.08984,0.131836,0.106201,0.126953,0.115967,0.106201,0.117188,0.10498,0.12085,0.108643,0.101318,0.107422
2017-12-07T11:20:00Z,195.82031,197.22656,200.03906,196.17188,199.33594,204.60938,205.3125,201.44531,198.98438,203.20313,210.58594,204.96094,20.27344,15.82031,19.51172,19.6875,19.80469,20.21484,20.15625,20.21484,20.21484,22.26563,22.85156,22.26563,22.03125,0.15625,0.145264,0.123291,0.140381,0.13916,0.142822,0.142822,0.157471,0.111084,0.129395,0.12207
2017-12-07T11:30:00Z,196.17188,198.98438,201.79688,200.39063,200.39063,200.39063,203.55469,202.5,202.85156,206.01563,208.47656,208.125,20.15625,15.29297,19.45313,20.56641,19.57031,21.73828,21.26953,20.97656,21.32813,22.20703,22.96875,23.26172,23.02734,0.13916,0.144043,0.140381,0.10498,0.166016,0.157471,0.129395,0.100098,0.12207,0.10376,0.112305
2017-12-07T11:40:00Z,198.98438,195.82031,199.6875,198.98438,201.44531,201.79688,200.39063,202.5,206.01563,209.17969,209.17969,204.60938,20.74219,16.11328,19.74609,21.03516,19.62891,21.03516,20.625,20.625,21.91406,22.44141,23.02734,23.20313,23.02734,0.157471,0.126953,0.131836,0.133057,0.161133,0.130615,0.118408,0.146484,0.141602,0.135498,0.13916
2017-12-07T11:50:00Z,196.52344,202.5,201.09375,205.3125,202.5,202.5,200.74219,202.85156,203.90625,211.28906,204.25781,206.01563,20.50781,15.76172,20.03906,20.09766,20.21484,19.98047,20.39063,20.97656,21.85547,22.73438,22.67578,22.85156,22.91016,0.130615,0.155029,0.148926,0.158691,0.113525,0.131836,0.124512,0.091553,0.100098,0.093994,0.118408
2017-12-07T12:00:00Z,199.6875,204.60938,205.66406,206.36719,200.74219,197.92969,206.71875,207.07031,206.01563,204.96094,205.3125,206.71875,20.15625,15.82031,19.62891,19.57031,19.98047,20.39063,21.21094,21.44531,21.32813,21.44531,22.14844,23.61328,23.61328,0.135498,0.141602,0.12207,0.168457,0.119629,0.147705,0.12207,0.135498,0.130615,0.108643,0.113525
2017-12-07T12:10:00Z,200.39063,202.14844,203.90625,203.55469,204.96094,203.20313,204.60938,206.71875,206.01563,206.01563,209.17969,211.64063,21.15234,15.76172,19.62891,19.98047,20.09766,20.50781,21.32813,21.91406,22.20703,22.5,22.73438,23.67188,24.02344,0.159912,0.144043,0.187988,0.133057,0.144043,0.168457,0.158691,0.141602,0.100098,0.124512,0.136719
2017-12-07T12:20:00Z,201.44531,203.55469,203.55469,198.98438,206.71875,208.82813,203.20313,204.96094,205.3125,205.3125,208.82813,207.77344,20.85938,16.11328,20.21484,21.5625,20.33203,21.85547,21.50391,21.50391,22.38281,23.14453,23.4375,23.61328,23.4375,0.115967,0.107422,0.141602,0.101318,0.117188,0.13916,0.109863,0.144043,0.134277,0.113525,0.130615
2017-12-07T12:30:00Z,200.03906,205.66406,206.71875,204.25781,204.96094,206.01563,204.25781,205.3125,209.53125,207.07031,207.07031,206.01563,20.03906,15.87891,20.91797,21.09375,20.85938,21.32813,21.5625,21.38672,22.73438,23.32031,23.02734,23.4375,24.43359,0.130615,0.126953,0.186768,0.123291,0.126953,0.135498,0.144043,0.125732,0.151367,0.096436,0.140381
2017-12-07T12:40:00Z,200.74219,202.85156,202.85156,204.96094,202.14844,203.20313,203.90625,207.42188,203.90625,204.60938,207.42188,207.42188,21.97266,16.52344,19.21875,19.21875,19.86328,20.27344,21.09375,22.20703,22.38281,22.91016,22.91016,24.14063,24.375,0.128174,0.146484,0.164795,0.157471,0.145264,0.140381,0.10376,0.134277,0.137939,0.128174,0.124512
2017-12-07T12:50:00Z,199.6875,202.5,201.44531,200.39063,203.20313,204.96094,201.79688,204.60938,207.77344,204.96094,208.47656,208.47656,20.74219,15.35156,20.15625,20.50781,20.625,20.33203,20.68359,21.97266,22.73438,22.67578,23.26172,23.4375,24.08203,0.152588,0.142822,0.124512,0.142822,0.10376,0.10376,0.10376,0.12085,0.107422,0.12085,0.145264
2017-12-07T13:00:00Z,201.09375,204.96094,205.66406,208.125,208.125,209.53125,209.88281,207.77344,213.75,209.17969,212.69531,209.17969,20.80078,15.9375,19.74609,20.74219,20.39063,21.09375,22.03125,21.85547,22.32422,22.79297,24.02344,24.60938,25.13672,0.131836,0.137939,0.164795,0.117188,0.124512,0.151367,0.194092,0.130615,0.097656,0.117188,0.140381
2017-12-07T13:10:00Z,203.55469,209.53125,206.36719,210.23438,209.53125,209.53125,208.125,210.23438,210.23438,213.39844,211.28906,209.88281,21.21094,16.23047,20.50781,21.09375,21.21094,21.91406,22.14844,22.44141,23.4375,23.78906,23.90625,24.49219,24.60938,0.164795,0.158691,0.145264,0.180664,0.161133,0.157471,0.136719,0.126953,0.115967,0.124512,0.12207
2017-12-07T13:20:00Z,206.36719,211.64063,209.88281,214.10156,213.39844,208.47656,209.88281,213.04688,211.99219,212.69531,212.34375,214.80469,21.32813,16.81641,20.68359,20.97656,21.67969,21.50391,22.32422,23.37891,23.96484,23.67188,23.61328,25.07813,25.37109,0.157471,0.133057,0.140381,0.19043,0.147705,0.119629,0.124512,0.147705,0.111084,0.126953,0.135498
2017-12-07T13:30:00Z,207.77344,213.39844,212.34375,209.88281,214.45313,216.5625,212.69531,214.80469,214.80469,213.75,216.21094,216.21094,21.5625,16.52344,21.73828,22.08984,21.21094,21.73828,21.67969,22.38281,22.73438,23.73047,23.32031,24.02344,24.08203,0.085449,0.146484,0.131836,0.140381,0.140381,0.159912,0.098877,0.113525,0.113525,0.085449,0.101318
2017-12-07T13:40:00Z,209.88281,216.21094,218.67188,217.26563,214.80469,211.64063,217.61719,211.99219,222.89063,215.85938,215.15625,216.91406,20.80078,15.99609,20.27344,20.21484,20.56641,20.44922,21.15234,21.03516,22.14844,21.91406,22.61719,23.08594,23.96484,0.164795,0.144043,0.124512,0.147705,0.128174,0.178223,0.195313,0.151367,0.113525,0.135498,0.137939
2017-12-07T13:50:00Z,210.9375,214.45313,211.99219,211.28906,212.69531,212.69531,215.85938,213.39844,214.80469,215.50781,216.5625,216.91406,20.39063,15.9375,20.03906,20.39063,20.21484,21.5625,21.67969,21.62109,21.73828,22.61719,23.84766,24.08203,24.375,0.126953,0.151367,0.142822,0.10376,0.12085,0.123291,0.128174,0.133057,0.135498,0.097656,0.131836
2017-12-07T14:00:00Z,210.58594,215.50781,215.50781,211.99219,211.64063,213.39844,214.10156,215.15625,214.80469,215.85938,216.5625,214.80469,20.56641,15.64453,19.04297,19.80469,20.09766,20.91797,21.67969,22.67578,22.26563,21.91406,22.20703,23.20313,23.61328,0.174561,0.166016,0.13916,0.133057,0.125732,0.113525,0.144043,0.163574,0.15625,0.10376,0.128174
2017-12-07T14:10:00Z,209.53125,213.39844,211.28906,210.23438,212.69531,219.02344,211.28906,214.10156,214.80469,218.32031,220.42969,215.15625,22.20703,15.58594,20.27344,20.21484,21.15234,20.21484,20.80078,20.97656,21.67969,23.08594,23.02734,22.20703,22.91016,0.170898,0.144043,0.140381,0.146484,0.109863,0.115967,0.140381,0.141602,0.118408,0.168457,0.12207
2017-12-07T14:20:00Z,210.58594,215.85938,215.50781,217.26563,214.10156,212.69531,215.50781,216.21094,216.5625,221.48438,214.80469,217.26563,20.27344,15.46875,19.51172,19.45313,19.80469,20.50781,21.15234,22.73438,22.79297,22.38281,22.5,23.37891,23.84766,0.167236,0.163574,0.134277,0.150146,0.117188,0.135498,0.109863,0.133057,0.175781,0.135498,0.130615
2017-12-07T14:30:00Z,212.34375,222.89063,219.72656,213.39844,216.21094,217.26563,218.32031,220.07813,217.96875,213.04688,218.32031,220.42969,19.80469,15.76172,18.98438,18.98438,20.03906,19.80469,20.39063,21.03516,21.79688,22.5,22.79297,23.37891,23.55469,0.19043,0.162354,0.151367,0.100098,0.140381,0.111084,0.106201,0.102539,0.113525,0.12085,0.130615
2017-12-07T14:40:00Z,213.39844,214.10156,219.02344,218.67188,221.13281,219.375,219.02344,216.21094,220.78125,226.40625,222.1875,223.94531,20.50781,15.46875,19.45313,19.74609,19.10156,19.62891,19.57031,20.44922,20.97656,21.73828,22.14844,21.73828,22.26563,0.152588,0.172119,0.159912,0.163574,0.146484,0.145264,0.150146,0.161133,0.142822,0.126953,0.137939
2017-12-07T14:50:00Z,215.50781,223.59375,220.42969,221.83594,218.67188,219.72656,224.64844,223.94531,222.89063,222.89063,223.94531,225.35156,19.92188,15.0,19.27734,19.51172,20.15625,20.09766,21.21094,21.67969,21.32813,21.85547,21.79688,23.02734,22.73438,0.152588,0.146484,0.15625,0.167236,0.141602,0.129395,0.136719,0.111084,0.118408,0.118408,0.125732
2017-12-07T15:00:00Z,217.96875,220.07813,227.8125,219.72656,223.24219,222.89063,219.72656,217.61719,219.72656,223.59375,228.51563,225.0,22.14844,15.87891,19.92188,19.45313,20.27344,19.98047,20.625,21.32813,21.91406,22.32422,22.5,22.55859,22.79297,0.136719,0.108643,0.12085,0.111084,0.131836,0.118408,0.089111,0.10498,0.098877,0.096436,0.119629
2017-12-07T15:10:00Z,219.02344,221.48438,218.67188,221.48438,225.70313,222.53906,221.48438,221.48438,223.59375,227.10938,224.29688,222.53906,19.80469,15.52734,19.16016,20.44922,20.03906,20.27344,20.50781,20.68359,22.20703,23.02734,23.37891,22.5,22.91016,0.129395,0.109863,0.128174,0.12085,0.093994,0.108643,0.126953,0.123291,0.10498,0.085449,0.112305
2017-12-07T15:20:00Z,217.96875,220.42969,225.35156,223.24219,222.1875,219.72656,223.59375,228.16406,223.59375,226.05469,228.51563,222.1875,20.625,15.82031,18.28125,18.33984,18.69141,18.92578,20.33203,21.26953,21.21094,21.50391,22.03125,22.55859,22.91016,0.129395,0.098877,0.13916,0.12085,0.093994,0.098877,0.102539,0.124512,0.123291,0.093994,0.10498
2017-12-07T15:30:00Z,220.07813,226.40625,227.10938,227.10938,232.03125,229.92188,225.70313,228.16406,230.27344,229.92188,231.67969,232.73438,19.57031,14.82422,18.16406,18.92578,18.86719,19.45313,20.15625,19.98047,21.62109,21.62109,22.38281,22.32422,21.91406,0.145264,0.125732,0.135498,0.117188,0.090332,0.118408,0.123291,0.10376,0.144043,0.146484,0.126953
2017-12-07T15:40:00Z,226.40625,235.19531,237.65625,235.19531,233.4375,238.71094,240.46875,235.54688,240.46875,238.71094,246.09375,248.90625,18.28125,13.94531,15.52734,15.87891,15.87891,16.28906,16.23047,16.58203,16.69922,16.69922,16.58203,16.75781,16.11328,0.240479,0.234375,0.231934,0.217285,0.195313,0.286865,0.269775,0.224609,0.258789,0.279541,0.275879
2017-12-07T15:50:00Z,240.82031,306.5625,305.50781,305.85938,309.72656,304.80469,303.75,307.96875,304.10156,304.10156,305.50781,305.15625,18.69141,10.19531,9.90234,10.37109,9.55078,10.60547,10.25391,10.54688,10.72266,11.13281,11.19141,10.89844,10.95703,0.134277,0.137939,0.186768,0.130615,0.12207,0.148926,0.151367,0.128174,0.155029,0.159912,0.112305
2017-12-07T16:00:00Z,301.28906,306.21094,301.28906,303.39844,299.88281,300.9375,299.17969,295.3125,304.10156,302.34375,299.88281,298.47656,10.89844,8.67188,9.60938,9.96094,10.42969,10.66406,11.07422,10.89844,10.83984,11.07422,11.60156,11.42578,11.42578,0.196533,0.196533,0.172119,0.155029,0.158691,0.159912,0.148926,0.114746,0.124512,0.133057,0.146484
2017-12-07T16:10:00Z,296.71875,297.77344,298.82813,298.47656,296.01563,298.82813,298.82813,304.10156,299.88281,298.82813,300.23438,299.88281,11.30859,8.61328,10.95703,10.95703,10.89844,11.36719,11.07422,11.13281,10.89844,11.54297,11.60156,11.77734,11.66016,0.133057,0.152588,0.19043,0.159912,0.137939,0.131836,0.15625,0.15625,0.152588,0.168457,0.136719
2017-12-07T16:20:00Z,293.20313,286.875,293.20313,291.09375,298.47656,300.23438,295.3125,298.47656,299.17969,293.90625,298.125,300.58594,11.95313,8.84766,8.96484,9.14063,8.61328,9.375,9.19922,9.72656,9.72656,9.66797,9.84375,10.25391,9.96094,0.148926,0.150146,0.209961,0.186768,0.168457,0.133057,0.141602,0.137939,0.168457,0.168457,0.158691
2017-12-07T16:30:00Z,291.44531,305.85938,299.88281,304.80469,299.88281,300.9375,301.99219,302.34375,298.82813,299.88281,299.88281,297.07031,11.01563,8.02734,10.60547,10.66406,11.42578,11.48438,11.42578,11.66016,11.66016,11.77734,11.83594,11.77734,12.53906,0.135498,0.168457,0.129395,0.108643,0.13916,0.155029,0.148926,0.134277,0.159912,0.100098,0.126953
2017-12-07T16:40:00Z,295.3125,288.98438,294.25781,288.98438,296.36719,291.44531,298.47656,292.85156,291.09375,290.74219,296.01563,292.14844,12.12891,9.14063,10.72266,11.13281,10.54688,11.19141,11.54297,11.01563,11.30859,11.19141,11.54297,11.07422,11.25,0.168457,0.112305,0.17334,0.174561,0.161133,0.102539,0.142822,0.125732,0.169678,0.178223,0.124512
2017-12-07T16:50:00Z,288.63281,285.82031,289.6875,292.14844,281.60156,288.98438,288.28125,290.74219,285.46875,287.92969,289.33594,288.98438,12.30469,9.31641,11.01563,11.25,10.83984,11.89453,12.07031,12.24609,11.66016,11.95313,11.71875,12.30469,12.53906,0.142822,0.136719,0.198975,0.137939,0.150146,0.117188,0.117188,0.159912,0.12085,0.151367,0.126953
2017-12-07T17:00:00Z,283.00781,291.09375,300.23438,294.96094,294.60938,293.20313,296.36719,296.36719,300.9375,295.66406,295.66406,294.25781,13.06641,9.66797,13.00781,13.24219,13.00781,14.0625,14.0625,13.82813,13.71094,14.23828,14.47266,13.88672,14.70703,0.178223,0.153809,0.179443,0.175781,0.147705,0.128174,0.142822,0.140381,0.141602,0.128174,0.093994
2017-12-07T17:10:00Z,292.14844,295.3125,301.28906,296.01563,302.69531,294.96094,296.71875,299.17969,301.28906,294.25781,297.42188,298.47656,14.0625,11.19141,13.24219,13.35938,13.88672,14.00391,14.23828,14.64844,14.41406,13.53516,13.65234,14.47266,14.58984,0.15625,0.142822,0.100098,0.111084,0.141602,0.147705,0.102539,0.157471,0.167236,0.123291,0.125732
2017-12-07T17:20:00Z,292.5,292.85156,293.20313,297.77344,299.17969,298.125,297.77344,298.47656,297.42188,296.71875,299.53125,298.82813,14.17969,11.25,13.18359,13.65234,13.59375,14.00391,14.58984,14.47266,14.47266,14.29688,14.64844,14.94141,15.05859,0.118408,0.115967,0.133057,0.141602,0.112305,0.119629,0.117188,0.151367,0.148926,0.075684,0.158691
2017-12-07T17:30:00Z,292.14844,300.23438,297.07031,299.17969,298.125,298.125,299.53125,297.42188,299.88281,298.47656,295.3125,299.88281,14.58984,11.25,13.65234,14.12109,13.88672,14.53125,14.58984,14.88281,15.41016,15.58594,14.82422,15.46875,15.70313,0.152588,0.119629,0.151367,0.119629,0.114746,0.097656,0.123291,0.130615,0.141602,0.115967,0.096436
2017-12-07T17:40:00Z,295.66406,298.125,300.23438,296.71875,299.88281,299.17969,300.9375,300.23438,304.80469,297.07031,298.82813,297.77344,15.70313,11.54297,13.76953,14.29688,14.17969,14.70703,14.94141,15.0,15.05859,15.17578,15.17578,15.23438,15.52734,0.145264,0.131836,0.13916,0.124512,0.117188,0.118408,0.152588,0.118408,0.124512,0.166016,0.109863
2017-12-07T17:50:00Z,294.96094,298.125,289.6875,298.125,299.53125,298.47656,294.25781,298.82813,297.77344,297.42188,294.96094,297.42188,13.71094,11.54297,12.77344,13.53516,13.47656,14.0625,14.47266,14.70703,14.47266,14.41406,14.47266,14.29688,14.64844,0.178223,0.15625,0.153809,0.148926,0.131836,0.114746,0.119629,0.126953,0.125732,0.12085,0.114746
2017-12-07T18:00:00Z,293.55469,302.34375,299.53125,300.58594,297.42188,298.47656,303.75,295.3125,301.28906,301.99219,300.58594,296.71875,14.94141,11.30859,14.17969,14.82422,14.94141,14.82422,14.94141,15.11719,15.64453,15.46875,15.46875,14.94141,15.35156,0.167236,0.15625,0.183105,0.142822,0.111084,0.134277,0.146484,0.130615,0.119629,0.126953,0.115967
2017-12-07T18:10:00Z,296.01563,297.07031,296.71875,300.9375,294.25781,294.96094,299.17969,297.07031,294.25781,297.77344,295.66406,299.88281,14.41406,11.60156,13.125,13.24219,14.29688,14.0625,14.70703,15.17578,15.05859,14.58984,14.53125,15.0,15.64453,0.125732,0.150146,0.135498,0.152588,0.106201,0.112305,0.158691,0.096436,0.142822,0.158691,0.136719
2017-12-07T18:20:00Z,292.85156,291.79688,291.09375,292.14844,293.20313,293.20313,295.3125,292.85156,288.98438,293.55469,291.79688,293.20313,14.41406,11.36719,13.125,14.17969,13.59375,15.0,14.88281,14.17969,14.17969,14.58984,15.35156,15.29297,15.29297,0.147705,0.144043,0.164795,0.136719,0.153809,0.113525,0.142822,0.117188,0.108643,0.150146,0.109863
2017-12-07T18:30:00Z,288.98438,292.5,293.55469,291.44531,291.09375,293.55469,293.20313,292.14844,293.20313,292.5,296.71875,295.3125,14.70703,11.42578,14.00391,14.0625,14.41406,14.0625,14.70703,14.76563,14.17969,14.35547,15.17578,15.29297,15.17578,0.133057,0.178223,0.167236,0.161133,0.153809,0.112305,0.12085,0.125732,0.125732,0.118408,0.137939
2017-12-07T18:40:00Z,288.98438,294.25781,294.96094,291.09375,291.79688,292.14844,292.85156,296.01563,291.09375,295.3125,293.55469,298.125,14.29688,11.54297,14.41406,14.82422,15.0,14.76563,15.58594,16.23047,16.75781,16.23047,16.23047,16.23047,16.40625,0.150146,0.140381,0.186768,0.174561,0.153809,0.151367,0.174561,0.117188,0.130615,0.153809,0.17334
2017-12-07T18:50:00Z,290.74219,293.90625,294.60938,290.74219,293.90625,296.01563,290.03906,294.60938,300.58594,292.85156,293.90625,295.66406,16.34766,12.30469,15.05859,15.29297,15.17578,16.05469,15.99609,16.11328,16.34766,16.11328,16.23047,16.46484,16.64063,0.128174,0.151367,0.158691,0.136719,0.115967,0.150146,0.128174,0.114746,0.126953,0.133057,0.10498
2017-12-07T19:00:00Z,291.09375,297.77344,294.60938,294.25781,292.85156,296.36719,299.17969,288.63281,292.85156,295.3125,291.09375,293.90625,15.46875,12.24609,15.76172,15.52734,16.40625,16.40625,16.40625,16.46484,16.69922,17.16797,16.93359,16.75781,17.22656,0.12207,0.151367,0.128174,0.12207,0.091553,0.12207,0.129395,0.12207,0.112305,0.098877,0.164795
2017-12-07T19:10:00Z,290.74219,297.77344,296.01563,294.25781,293.55469,293.55469,291.79688,290.74219,293.90625,291.44531,296.01563,291.09375,16.28906,12.77344,14.94141,15.64453,15.87891,16.05469,16.17188,16.34766,16.11328,15.9375,15.9375,16.05469,16.69922,0.155029,0.145264,0.161133,0.136719,0.170898,0.124512,0.135498,0.150146,0.13916,0.13916,0.137939
2017-12-07T19:20:00Z,288.63281,287.22656,289.6875,286.875,295.3125,286.875,293.20313,292.5,289.6875,290.39063,292.5,293.55469,15.35156,12.30469,14.23828,14.0625,14.76563,14.29688,15.46875,15.64453,15.35156,15.11719,15.46875,15.87891,15.70313,0.142822,0.147705,0.145264,0.135498,0.12085,0.152588,0.12085,0.147705,0.142822,0.117188,0.097656
2017-12-07T19:30:00Z,286.52344,289.6875,290.03906,288.98438,291.79688,290.03906,287.57813,294.96094,292.5,289.33594,292.14844,292.14844,15.46875,11.77734,14.0625,14.64844,14.76563,15.23438,15.52734,15.64453,15.9375,15.64453,15.70313,15.76172,15.46875,0.12085,0.107422,0.114746,0.100098,0.098877,0.106201,0.133057,0.131836,0.100098,0.150146,0.108643
2017-12-07T19:40:00Z,286.875,292.85156,292.85156,297.42188,290.74219,296.01563,294.96094,293.90625,294.96094,294.60938,291.79688,297.77344,14.64844,11.89453,13.82813,14.35547,14.70703,14.88281,14.82422,14.53125,15.17578,14.82422,15.17578,15.11719,14.94141,0.108643,0.118408,0.123291,0.118408,0.125732,0.142822,0.130615,0.10498,0.125732,0.10498,0.115967
2017-12-07T19:50:00Z,288.98438,292.85156,301.99219,294.25781,296.01563,297.77344,294.25781,297.42188,295.3125,298.125,293.20313,298.47656,14.70703,11.60156,14.41406,14.76563,14.41406,14.58984,14.82422,14.41406,14.82422,15.23438,15.35156,15.29297,15.05859,0.128174,0.147705,0.153809,0.177002,0.195313,0.145264,0.155029,0.130615,0.112305,0.158691,0.194092
2017-12-07T20:00:00Z,290.03906,292.85156,292.5,297.42188,294.96094,291.09375,295.66406,296.36719,296.01563,295.66406,293.90625,295.3125,14.76563,11.66016,14.47266,15.11719,15.0,15.05859,15.46875,15.99609,15.82031,15.58594,16.28906,16.28906,16.46484,0.192871,0.167236,0.169678,0.13916,0.175781,0.125732,0.131836,0.197754,0.126953,0.111084,0.118408
2017-12-07T20:10:00Z,288.98438,291.44531,294.25781,292.14844,294.60938,294.96094,293.20313,294.60938,293.90625,296.01563,293.20313,291.79688,15.46875,11.83594,16.23047,15.76172,16.28906,16.28906,16.05469,16.52344,16.93359,17.57813,17.46094,16.875,16.52344,0.144043,0.157471,0.152588,0.151367,0.147705,0.128174,0.148926,0.181885,0.113525,0.131836,0.17334
2017-12-07T20:20:00Z,289.6875,292.5,300.23438,294.96094,296.71875,291.44531,292.5,296.36719,304.10156,299.17969,301.64063,297.07031,16.05469,13.06641,16.46484,16.28906,17.16797,16.34766,17.22656,18.16406,18.51563,18.28125,17.98828,17.92969,17.10938,0.141602,0.15625,0.133057,0.163574,0.12085,0.137939,0.12085,0.10376,0.161133,0.126953,0.13916
2017-12-07T20:30:00Z,293.55469,292.14844,292.85156,296.36719,297.77344,291.79688,293.20313,295.3125,296.01563,293.55469,294.96094,293.55469,17.63672,12.65625,15.46875,16.64063,16.28906,16.99219,17.69531,18.28125,18.22266,17.63672,17.57813,18.57422,19.6875,0.159912,0.181885,0.157471,0.135498,0.117188,0.142822,0.131836,0.133057,0.163574,0.158691,0.115967
2017-12-07T20:40:00Z,290.39063,291.79688,298.125,291.09375,294.25781,293.90625,294.25781,291.44531,293.20313,294.25781,295.66406,298.82813,17.10938,13.18359,16.875,16.34766,16.52344,16.93359,16.28906,16.75781,17.57813,18.45703,18.10547,17.05078,17.57813,0.137939,0.147705,0.145264,0.152588,0.169678,0.187988,0.113525,0.124512,0.111084,0.168457,0.20874
2017-12-07T20:50:00Z,292.14844,298.82813,296.01563,296.01563,297.77344,298.47656,302.69531,297.07031,296.36719,292.14844,294.60938,295.3125,17.46094,13.06641,16.40625,17.16797,17.05078,17.40234,18.10547,17.98828,17.69531,17.40234,17.87109,18.39844,18.80859,0.142822,0.147705,0.136719,0.140381,0.135498,0.169678,0.150146,0.180664,0.137939,0.133057,0.15625
2017-12-07T21:00:00Z,294.60938,292.14844,290.03906,297.77344,293.55469,292.14844,292.5,293.55469,293.20313,296.36719,294.96094,292.14844,17.40234,13.76953,16.81641,17.63672,17.40234,18.39844,18.80859,18.51563,18.69141,18.57422,19.21875,19.27734,19.45313,0.102539,0.125732,0.172119,0.144043,0.109863,0.119629,0.146484,0.109863,0.114746,0.129395,0.125732
2017-12-07T21:10:00Z,290.03906,291.44531,291.44531,287.57813,288.63281,293.20313,291.79688,291.09375,290.39063,292.5,289.6875,291.09375,17.28516,13.94531,16.93359,17.28516,16.99219,17.75391,18.04688,17.28516,17.34375,17.69531,17.75391,18.04688,17.8125,0.153809,0.13916,0.162354,0.155029,0.106201,0.107422,0.079346,0.130615,0.109863,0.151367,0.15625
2017-12-07T21:20:00Z,287.22656,293.55469,286.17188,292.14844,288.28125,290.03906,288.98438,289.33594,291.44531,292.85156,292.14844,287.92969,17.10938,13.24219,15.70313,16.23047,16.64063,16.99219,17.69531,17.8125,18.04688,18.04688,17.92969,17.40234,18.45703,0.153809,0.136719,0.129395,0.131836,0.115967,0.112305,0.125732,0.175781,0.131836,0.130615,0.141602
2017-12-07T21:30:00Z,285.11719,292.14844,289.33594,288.63281,286.875,287.22656,290.74219,289.33594,289.6875,285.11719,290.39063,286.52344,16.64063,13.24219,17.87109,17.63672,18.16406,17.57813,18.28125,19.04297,19.16016,17.87109,17.8125,18.22266,18.75,0.130615,0.133057,0.133057,0.157471,0.108643,0.098877,0.134277,0.125732,0.183105,0.12207,0.098877
2017-12-07T21:40:00Z,284.41406,285.46875,283.35938,284.41406,286.52344,289.33594,285.82031,283.00781,290.03906,290.03906,286.875,288.98438,17.34375,14.00391,16.64063,17.16797,16.75781,17.57813,17.63672,17.87109,18.10547,18.75,18.10547,17.87109,17.98828,0.145264,0.137939,0.152588,0.134277,0.135498,0.155029,0.159912,0.10376,0.13916,0.162354,0.13916
2017-12-07T21:50:00Z,282.30469,290.74219,285.11719,289.6875,287.92969,288.63281,286.52344,285.11719,287.57813,287.92969,285.46875,285.82031,16.52344,13.30078,15.05859,15.29297,15.46875,15.9375,16.46484,16.52344,16.69922,16.69922,16.58203,16.58203,16.69922,0.177002,0.181885,0.146484,0.162354,0.148926,0.159912,0.133057,0.129395,0.131836,0.155029,0.12207
2017-12-07T22:00:00Z,284.41406,287.92969,287.22656,283.00781,288.28125,289.6875,290.39063,286.875,287.57813,292.14844,290.74219,287.22656,17.05078,12.53906,15.9375,16.34766,16.23047,17.16797,16.81641,16.58203,17.34375,17.69531,17.28516,16.81641,16.99219,0.115967,0.109863,0.152588,0.141602,0.136719,0.112305,0.135498,0.08667,0.096436,0.135498,0.102539
2017-12-07T22:10:00Z,284.76563,284.76563,285.11719,279.84375,287.57813,281.25,283.35938,279.84375,283.00781,285.46875,280.19531,281.60156,16.52344,12.71484,15.64453,15.70313,15.70313,15.99609,16.69922,16.875,17.22656,17.46094,17.69531,17.69531,17.05078,0.148926,0.133057,0.162354,0.111084,0.114746,0.117188,0.131836,0.174561,0.102539,0.140381,0.107422
2017-12-07T22:20:00Z,277.73438,282.65625,283.35938,280.19531,285.46875,284.41406,281.95313,284.41406,284.41406,285.11719,286.17188,282.65625,16.64063,12.83203,17.28516,17.8125,17.40234,17.28516,17.51953,17.8125,18.57422,18.75,18.57422,18.28125,17.63672,0.113525,0.115967,0.098877,0.115967,0.119629,0.117188,0.12207,0.125732,0.140381,0.131836,0.10376
2017-12-07T22:30:00Z,279.49219,283.71094,283.35938,284.0625,288.28125,285.11719,283.71094,281.60156,287.92969,284.41406,280.19531,284.41406,17.10938,13.47656,15.64453,15.82031,15.9375,15.82031,15.9375,16.75781,16.99219,16.64063,16.28906,17.16797,17.22656,0.152588,0.131836,0.144043,0.118408,0.159912,0.124512,0.140381,0.130615,0.148926,0.125732,0.098877
2017-12-07T22:40:00Z,279.84375,286.875,281.95313,283.71094,284.76563,286.875,283.35938,286.52344,286.875,283.71094,284.41406,284.41406,15.64453,12.42188,14.17969,14.58984,14.76563,15.64453,14.94141,15.35156,15.76172,15.35156,15.41016,15.46875,15.29297,0.12085,0.142822,0.117188,0.102539,0.100098,0.137939,0.136719,0.133057,0.108643,0.118408,0.111084
2017-12-07T22:50:00Z,282.30469,281.25,286.52344,280.54688,288.28125,286.875,284.76563,285.82031,283.00781,282.65625,283.00781,284.76563,15.05859,11.89453,14.0625,14.64844,14.12109,15.0,14.76563,14.41406,15.05859,14.76563,15.70313,15.64453,15.35156,0.157471,0.136719,0.179443,0.114746,0.131836,0.150146,0.131836,0.114746,0.133057,0.126953,0.106201
2017-12-07T23:00:00Z,281.95313,286.17188,287.22656,284.76563,287.22656,284.76563,281.95313,285.46875,285.46875,286.17188,284.41406,289.33594,15.82031,11.66016,14.58984,14.58984,15.58594,14.47266,15.11719,15.29297,15.23438,15.58594,15.46875,15.23438,15.41016,0.124512,0.134277,0.140381,0.15625,0.141602,0.141602,0.126953,0.111084,0.12085,0.155029,0.136719
2017-12-07T23:10:00Z,282.30469,286.52344,286.875,285.11719,283.00781,284.41406,288.28125,286.875,288.63281,285.11719,286.875,286.52344,14.94141,11.89453,14.88281,14.64844,14.76563,15.11719,15.41016,15.58594,15.46875,15.64453,15.82031,15.58594,15.17578,0.13916,0.140381,0.13916,0.123291,0.126953,0.101318,0.128174,0.135498,0.124512,0.133057,0.089111
2017-12-07T23:20:00Z,280.89844,282.65625,283.00781,287.92969,283.71094,284.0625,284.0625,285.46875,286.17188,288.63281,283.00781,280.89844,15.58594,12.07031,14.82422,14.94141,14.82422,15.23438,15.58594,15.99609,15.82031,15.70313,15.05859,15.58594,15.76172,0.129395,0.124512,0.133057,0.114746,0.118408,0.151367,0.128174,0.163574,0.128174,0.13916,0.155029
2017-12-07T23:30:00Z,280.89844,287.92969,286.875,289.6875,286.17188,285.82031,289.6875,288.98438,285.82031,286.17188,289.33594,287.92969,15.70313,12.07031,14.29688,15.41016,15.29297,15.70313,15.87891,15.52734,15.52734,15.52734,16.34766,16.23047,16.11328,0.131836,0.128174,0.124512,0.151367,0.137939,0.126953,0.123291,0.129395,0.114746,0.15625,0.098877
2017-12-07T23:40:00Z,282.30469,283.71094,288.63281,287.57813,287.57813,287.57813,289.33594,286.17188,285.82031,288.63281,288.63281,285.11719,15.41016,12.07031,15.58594,16.17188,15.87891,16.40625,16.69922,16.99219,17.22656,16.75781,16.69922,16.75781,17.28516,0.155029,0.12207,0.133057,0.13916,0.131836,0.111084,0.145264,0.17334,0.131836,0.128174,0.106201
2017-12-07T23:50:00Z,283.71094,284.0625,285.82031,288.98438,287.22656,287.57813,288.98438,290.74219,290.74219,290.74219,287.57813,286.875,16.81641,12.53906,14.23828,15.0,14.41406,15.17578,15.0,15.82031,16.05469,15.70313,15.58594,15.70313,16.23047,0.12085,0.140381,0.153809,0.133057,0.129395,0.147705,0.115967,0.113525,0.097656,0.123291,0.129395