LOCATION: 
SYSTEM SERIAL: HKZB
TIMESTAMP (ISO-8601) UTC,WindDir004m deg,WindDir030m deg,WindDir040m deg,WindDir040m_ref deg,WindDir060m deg,WindDir080m deg,WindDir100m deg,WindDir120m deg,WindDir140m deg,WindDir160m deg,WindDir180m deg,WindDir200m deg,WindGust004m m/s,WindSpeed004m m/s,WindSpeed030mh m/s,WindSpeed040mh m/s,WindSpeed040m_refh m/s,WindSpeed060mh m/s,WindSpeed080mh m/s,WindSpeed100mh m/s,WindSpeed120mh m/s,WindSpeed140mh m/s,WindSpeed160mh m/s,WindSpeed180mh m/s,WindSpeed200mh m/s,TI 030m,TI 040m,TI 040m ref,TI 060m,TI 080m,TI 100m,TI 120m,TI 140m,TI 160m,TI 180m,TI 200m
2017-07-04T00:00:00Z,322.38281,331.17188,332.22656,330.46875,326.60156,330.46875,330.46875,337.85156,335.74219,337.14844,340.3125,340.66406,6.67969,4.92188,5.50781,5.50781,5.625,5.39063,5.625,5.68359,5.50781,5.44922,5.50781,5.625,5.50781,0.15625,0.137939,0.137939,0.135498,0.152588,0.151367,0.141602,0.146484,0.136719,0.216064,0.142822
2017-07-04T00:10:00Z,333.28125,344.88281,346.64063,349.80469,349.10156,343.47656,350.15625,352.26563,352.26563,348.75,346.64063,348.04688,5.85938,4.62891,5.21484,5.09766,4.86328,5.21484,5.21484,5.39063,5.39063,5.39063,4.92188,5.33203,5.33203,0.167236,0.159912,0.181885,0.151367,0.166016,0.15625,0.170898,0.206299,0.17334,0.175781,0.153809
2017-07-04T00:30:00Z,352.61719,359.64844,358.24219,359.64844,358.24219,2.8125,1.75781,2.8125,1.75781,1.40625,0.35156,4.57031,5.85938,4.57031,5.33203,5.33203,5.33203,5.39063,5.27344,5.33203,5.44922,5.74219,5.74219,5.85938,5.85938,0.150146,0.162354,0.181885,0.118408,0.13916,0.135498,0.166016,0.218506,0.202637,0.169678,0.231934
2017-07-04T00:40:00Z,356.83594,4.57031,6.32813,6.32813,5.97656,10.19531,8.08594,8.08594,11.25,12.65625,12.65625,8.78906,5.80078,4.57031,4.86328,4.6875,4.62891,5.03906,4.74609,5.15625,4.98047,5.39063,5.50781,5.74219,5.44922,0.158691,0.148926,0.178223,0.194092,0.133057,0.136719,0.147705,0.145264,0.196533,0.19043,0.167236
2017-07-04T00:50:00Z,2.8125,8.08594,10.54688,10.19531,15.82031,17.22656,13.00781,10.54688,14.0625,14.0625,12.65625,15.11719,5.97656,4.51172,5.03906,5.27344,4.98047,5.21484,5.09766,5.21484,5.33203,5.50781,5.56641,5.56641,5.97656,0.216064,0.174561,0.189209,0.167236,0.175781,0.119629,0.136719,0.158691,0.118408,0.311279,0.290527
2017-07-04T01:00:00Z,6.32813,11.25,19.33594,15.46875,10.89844,14.41406,14.41406,16.875,16.17188,14.76563,13.35938,18.63281,5.68359,4.45313,4.74609,4.62891,4.92188,4.98047,5.03906,5.15625,5.15625,4.98047,5.50781,5.09766,5.15625,0.169678,0.175781,0.209961,0.159912,0.195313,0.148926,0.112305,0.219727,0.181885,0.125732,0.148926
2017-07-04T01:10:00Z,13.00781,12.30469,19.6875,17.57813,15.46875,20.39063,16.17188,23.55469,14.41406,16.52344,17.57813,17.92969,5.50781,4.21875,5.03906,5.15625,4.98047,5.33203,5.15625,5.09766,5.15625,4.98047,5.15625,4.98047,5.21484,0.302734,0.172119,0.166016,0.212402,0.177002,0.163574,0.141602,0.197754,0.150146,0.252686,0.142822
2017-07-04T01:20:00Z,11.25,21.44531,19.6875,18.98438,21.09375,18.98438,17.57813,16.52344,20.39063,16.875,16.17188,21.44531,5.74219,4.45313,5.03906,5.50781,5.44922,5.56641,5.50781,5.50781,5.85938,5.44922,5.68359,5.85938,6.03516,0.195313,0.197754,0.255127,0.163574,0.115967,0.181885,0.131836,0.179443,0.168457,0.137939,0.140381
2017-07-04T01:30:00Z,17.22656,30.23438,23.90625,26.36719,24.25781,27.77344,27.77344,24.25781,28.82813,25.66406,26.01563,20.03906,6.38672,4.86328,5.15625,5.21484,5.15625,5.39063,5.44922,5.21484,5.44922,5.33203,5.50781,5.39063,5.68359,0.142822,0.194092,0.166016,0.197754,0.166016,0.200195,0.185547,0.198975,0.163574,0.180664,0.197754
2017-07-04T01:40:00Z,24.60938,34.45313,30.9375,30.23438,29.53125,28.47656,33.04688,27.42188,33.39844,28.125,26.36719,27.07031,6.03516,4.27734,4.62891,4.51172,4.6875,4.57031,4.92188,4.92188,4.92188,4.80469,4.74609,4.86328,5.15625,0.166016,0.12207,0.128174,0.130615,0.17334,0.180664,0.115967,0.177002,0.134277,0.12085,0.177002
2017-07-04T01:50:00Z,29.17969,33.04688,31.99219,33.04688,32.69531,36.21094,34.45313,31.99219,31.28906,28.47656,29.17969,27.77344,5.27344,3.86719,4.10156,4.16016,4.16016,4.27734,4.21875,4.16016,4.21875,4.21875,4.10156,4.27734,4.27734,0.130615,0.167236,0.148926,0.151367,0.142822,0.17334,0.155029,0.144043,0.205078,0.144043,0.142822
2017-07-04T02:00:00Z,25.3125,30.9375,27.07031,29.17969,27.07031,33.39844,30.9375,32.69531,27.77344,31.28906,39.375,36.21094,4.86328,3.57422,3.69141,3.63281,3.69141,3.80859,3.69141,3.75,3.86719,3.86719,3.69141,3.92578,3.80859,0.253906,0.202637,0.20752,0.203857,0.214844,0.141602,0.163574,0.209961,0.20874,0.129395,0.205078
2017-07-04T02:10:00Z,32.69531,38.32031,37.96875,40.42969,39.375,38.67188,39.72656,37.61719,40.07813,39.375,35.85938,35.85938,4.74609,3.39844,4.16016,3.86719,3.86719,4.04297,3.86719,3.80859,3.80859,3.98438,3.98438,3.75,3.75,0.200195,0.169678,0.19043,0.175781,0.13916,0.142822,0.15625,0.180664,0.163574,0.13916,0.212402
2017-07-04T02:20:00Z,37.26563,46.40625,44.29688,48.51563,45.0,44.64844,37.61719,44.64844,42.53906,48.16406,42.89063,44.64844,4.16016,3.04688,3.22266,3.28125,3.33984,3.33984,3.39844,3.45703,3.51563,3.45703,3.39844,3.22266,3.33984,0.185547,0.236816,0.181885,0.20874,0.213623,0.183105,0.174561,0.17334,0.153809,0.206299,0.167236
2017-07-04T02:30:00Z,40.07813,44.64844,39.375,41.13281,43.94531,42.53906,45.70313,43.24219,40.42969,44.64844,50.97656,54.14063,3.98438,3.04688,3.39844,3.28125,3.28125,3.39844,3.28125,3.28125,3.33984,3.75,3.63281,3.80859,3.39844,0.19165,0.151367,0.213623,0.240479,0.185547,0.15625,0.189209,0.548096,0.438232,0.167236,0.177002
2017-07-04T02:40:00Z,43.24219,52.03125,50.625,51.32813,44.64844,54.49219,53.08594,55.54688,58.35938,56.95313,54.49219,59.76563,4.16016,2.87109,2.87109,3.04688,2.92969,3.10547,3.10547,3.10547,3.04688,3.16406,3.10547,3.22266,3.22266,0.192871,0.186768,0.155029,0.163574,0.228271,0.170898,0.179443,0.180664,0.224609,0.488281,0.140381
2017-07-04T02:50:00Z,46.05469,46.40625,46.40625,45.70313,51.32813,46.75781,50.625,53.78906,55.54688,60.82031,61.17188,66.44531,3.51563,2.57813,3.10547,2.98828,3.04688,3.04688,3.10547,2.98828,3.33984,2.92969,3.16406,2.92969,3.39844,0.17334,0.22583,0.172119,0.150146,0.20874,0.178223,0.374756,0.252686,0.164795,0.222168,0.415039
2017-07-04T03:00:00Z,44.64844,59.0625,57.65625,60.46875,61.875,59.41406,64.6875,63.63281,67.85156,60.11719,78.75,62.92969,4.39453,2.69531,2.69531,2.8125,2.8125,2.8125,2.98828,2.87109,3.04688,2.98828,2.98828,3.10547,3.39844,0.233154,0.198975,0.19165,0.206299,0.214844,0.195313,0.263672,0.264893,0.219727,0.462646,0.350342
2017-07-04T03:10:00Z,59.0625,60.46875,60.11719,61.875,60.11719,63.28125,63.63281,66.44531,63.63281,61.52344,67.85156,67.5,3.80859,2.75391,3.10547,3.16406,3.28125,3.28125,3.33984,3.33984,3.16406,3.16406,3.39844,3.33984,3.22266,0.196533,0.168457,0.150146,0.19165,0.140381,0.166016,0.201416,0.140381,0.179443,0.161133,0.147705
2017-07-04T03:20:00Z,63.28125,72.42188,75.58594,76.64063,72.07031,75.23438,72.07031,74.17969,69.25781,70.66406,70.66406,72.42188,3.80859,2.98828,3.28125,3.16406,3.33984,3.16406,3.16406,3.16406,3.04688,3.28125,3.04688,3.04688,3.16406,0.167236,0.158691,0.117188,0.150146,0.137939,0.157471,0.167236,0.29541,0.198975,0.194092,0.192871
2017-07-04T03:30:00Z,67.5,63.63281,59.76563,62.22656,59.0625,58.00781,59.41406,62.92969,59.76563,59.41406,53.08594,54.84375,3.98438,3.04688,3.16406,3.22266,3.22266,3.28125,3.39844,3.33984,3.33984,3.22266,3.10547,3.16406,3.28125,0.185547,0.145264,0.157471,0.150146,0.164795,0.167236,0.148926,0.152588,0.168457,0.203857,0.183105
2017-07-04T03:40:00Z,49.57031,50.625,51.67969,51.32813,53.78906,50.27344,49.92188,50.625,50.97656,46.75781,47.8125,46.05469,4.10156,3.28125,3.69141,3.75,3.80859,3.80859,3.69141,3.69141,3.80859,3.75,3.63281,3.69141,3.69141,0.155029,0.148926,0.169678,0.128174,0.15625,0.135498,0.157471,0.155029,0.153809,0.146484,0.169678
2017-07-04T03:50:00Z,42.1875,46.05469,45.0,47.46094,42.89063,43.94531,43.24219,46.40625,44.29688,44.29688,42.1875,43.24219,4.51172,3.51563,3.98438,3.69141,3.86719,3.80859,3.80859,4.04297,3.86719,3.98438,3.75,3.86719,3.75,0.117188,0.117188,0.112305,0.150146,0.150146,0.124512,0.163574,0.129395,0.12207,0.113525,0.155029
2017-07-04T04:00:00Z,45.35156,49.92188,50.625,47.46094,54.49219,50.27344,50.625,50.625,50.97656,49.92188,47.10938,46.75781,4.27734,3.33984,3.51563,3.45703,3.45703,3.51563,3.51563,3.51563,3.45703,3.57422,3.57422,3.63281,3.51563,0.125732,0.181885,0.146484,0.124512,0.130615,0.147705,0.172119,0.129395,0.101318,0.146484,0.136719
2017-07-04T04:10:00Z,49.21875,52.73438,52.38281,55.54688,49.21875,55.19531,51.67969,55.54688,52.03125,54.49219,50.27344,51.32813,3.75,3.04688,3.10547,3.16406,3.22266,3.16406,3.16406,3.16406,3.10547,3.22266,3.22266,3.28125,3.22266,0.158691,0.19043,0.140381,0.17334,0.185547,0.163574,0.150146,0.180664,0.142822,0.148926,0.12085
2017-07-04T04:20:00Z,47.8125,54.84375,53.4375,55.19531,50.625,53.4375,52.73438,55.54688,53.08594,54.14063,54.49219,55.54688,3.80859,2.92969,3.04688,3.10547,3.22266,3.22266,3.10547,3.10547,3.22266,3.22266,3.22266,3.28125,3.16406,0.194092,0.166016,0.161133,0.15625,0.17334,0.175781,0.159912,0.140381,0.144043,0.133057,0.108643
2017-07-04T04:30:00Z,55.19531,56.95313,59.41406,59.76563,61.875,60.11719,59.41406,56.95313,60.46875,59.41406,60.11719,60.11719,3.63281,2.75391,2.87109,2.92969,2.8125,3.04688,2.87109,2.92969,2.87109,3.04688,2.92969,2.98828,2.87109,0.194092,0.148926,0.172119,0.155029,0.213623,0.169678,0.195313,0.141602,0.144043,0.162354,0.168457
2017-07-04T04:40:00Z,50.625,46.05469,49.21875,51.32813,46.75781,46.40625,47.10938,49.57031,48.16406,50.97656,47.8125,52.73438,3.51563,2.69531,2.98828,2.98828,2.92969,3.04688,3.10547,3.10547,2.92969,2.98828,2.98828,3.04688,2.87109,0.141602,0.130615,0.152588,0.140381,0.142822,0.159912,0.155029,0.168457,0.137939,0.152588,0.145264
2017-07-04T04:50:00Z,45.0,51.32813,50.27344,48.16406,47.10938,49.57031,51.67969,53.4375,52.38281,52.38281,51.67969,53.08594,3.86719,2.63672,2.69531,2.69531,2.8125,2.75391,2.75391,2.8125,2.69531,2.69531,2.75391,2.87109,2.92969,0.15625,0.155029,0.148926,0.142822,0.169678,0.157471,0.167236,0.142822,0.181885,0.128174,0.12207
2017-07-04T05:00:00Z,48.86719,49.92188,50.97656,51.67969,48.16406,48.86719,48.86719,49.21875,50.27344,50.97656,49.92188,50.27344,3.57422,2.51953,3.16406,2.98828,3.04688,2.98828,3.10547,3.16406,2.92969,2.98828,3.04688,2.98828,2.92969,0.180664,0.203857,0.155029,0.163574,0.147705,0.137939,0.159912,0.161133,0.158691,0.117188,0.124512
2017-07-04T05:10:00Z,40.42969,44.64844,46.75781,46.05469,42.53906,45.0,43.94531,50.27344,46.05469,46.75781,49.21875,50.97656,3.98438,2.92969,3.28125,3.16406,3.16406,3.16406,3.28125,3.28125,3.22266,3.16406,3.22266,3.16406,3.22266,0.13916,0.135498,0.146484,0.141602,0.092773,0.157471,0.134277,0.128174,0.107422,0.12085,0.12085
2017-07-04T05:20:00Z,41.13281,45.0,43.59375,45.35156,45.0,42.89063,49.57031,47.10938,45.70313,45.70313,47.46094,49.21875,3.98438,3.16406,3.45703,3.51563,3.57422,3.51563,3.57422,3.45703,3.28125,3.39844,3.45703,3.33984,3.33984,0.133057,0.114746,0.107422,0.133057,0.131836,0.147705,0.125732,0.135498,0.136719,0.126953,0.125732
2017-07-04T05:30:00Z,40.78125,46.40625,46.40625,46.40625,48.16406,46.05469,48.16406,50.625,48.51563,50.27344,50.27344,48.51563,4.21875,3.10547,3.28125,3.28125,3.45703,3.39844,3.45703,3.45703,3.33984,3.28125,3.33984,3.28125,3.28125,0.126953,0.13916,0.133057,0.135498,0.13916,0.10376,0.12085,0.134277,0.136719,0.141602,0.092773
2017-07-04T05:40:00Z,39.02344,43.59375,41.13281,42.89063,42.1875,43.24219,45.70313,45.70313,46.75781,47.46094,50.27344,52.38281,3.86719,3.04688,3.33984,3.33984,3.28125,3.45703,3.28125,3.39844,3.28125,3.28125,3.28125,3.33984,3.28125,0.118408,0.137939,0.141602,0.144043,0.15625,0.118408,0.148926,0.145264,0.108643,0.151367,0.140381
2017-07-04T05:50:00Z,40.42969,47.10938,47.10938,42.1875,45.35156,42.53906,45.70313,48.86719,46.75781,48.51563,47.46094,53.4375,4.10156,3.16406,3.33984,3.33984,3.33984,3.39844,3.33984,3.39844,3.22266,3.28125,3.33984,3.16406,3.22266,0.125732,0.140381,0.126953,0.151367,0.140381,0.117188,0.148926,0.147705,0.142822,0.155029,0.131836
2017-07-04T06:00:00Z,40.07813,44.29688,44.29688,48.51563,46.75781,43.24219,46.75781,45.70313,48.51563,44.29688,48.86719,46.75781,4.21875,3.22266,3.57422,3.45703,3.63281,3.69141,3.63281,3.75,3.51563,3.51563,3.45703,3.51563,3.51563,0.147705,0.164795,0.142822,0.142822,0.131836,0.141602,0.098877,0.113525,0.124512,0.089111,0.124512
2017-07-04T06:10:00Z,37.26563,41.13281,38.67188,38.32031,42.1875,37.26563,43.59375,42.53906,45.0,45.0,44.64844,49.21875,4.27734,3.28125,3.69141,3.63281,3.63281,3.63281,3.80859,3.86719,3.75,3.63281,3.69141,3.57422,3.51563,0.146484,0.166016,0.108643,0.108643,0.130615,0.117188,0.167236,0.133057,0.146484,0.126953,0.136719
2017-07-04T06:20:00Z,33.39844,40.42969,39.375,38.32031,42.1875,41.83594,43.94531,45.35156,44.29688,44.29688,48.16406,45.35156,4.51172,3.69141,3.86719,3.98438,3.98438,3.92578,3.98438,3.86719,3.92578,3.69141,3.75,3.63281,3.57422,0.147705,0.109863,0.134277,0.142822,0.137939,0.17334,0.119629,0.19165,0.141602,0.17334,0.144043
2017-07-04T06:30:00Z,39.375,42.89063,41.83594,43.24219,44.29688,45.70313,45.70313,47.10938,48.86719,47.10938,47.46094,48.86719,4.16016,3.22266,3.39844,3.45703,3.63281,3.45703,3.51563,3.39844,3.39844,3.33984,3.45703,3.28125,3.39844,0.135498,0.146484,0.129395,0.151367,0.131836,0.147705,0.152588,0.135498,0.167236,0.141602,0.141602
2017-07-04T06:40:00Z,41.13281,49.57031,47.46094,51.67969,48.16406,50.625,47.46094,50.97656,52.38281,54.49219,53.78906,54.49219,4.10156,3.10547,3.33984,3.39844,3.45703,3.28125,3.45703,3.39844,3.51563,3.33984,3.39844,3.33984,3.33984,0.153809,0.124512,0.148926,0.144043,0.135498,0.130615,0.137939,0.161133,0.136719,0.123291,0.150146
2017-07-04T06:50:00Z,49.57031,54.84375,53.4375,53.4375,56.95313,55.54688,58.71094,54.84375,59.0625,58.71094,59.76563,58.35938,4.16016,3.22266,3.69141,3.80859,3.63281,3.69141,3.75,3.63281,3.69141,3.69141,3.69141,3.51563,3.63281,0.119629,0.141602,0.136719,0.133057,0.119629,0.148926,0.146484,0.118408,0.140381,0.150146,0.115967
2017-07-04T07:00:00Z,48.51563,50.27344,49.21875,52.03125,52.73438,51.67969,53.08594,53.78906,54.84375,56.25,54.84375,58.35938,4.33594,3.28125,3.57422,3.63281,3.69141,3.69141,3.75,3.63281,3.57422,3.63281,3.57422,3.63281,3.51563,0.164795,0.142822,0.109863,0.126953,0.159912,0.159912,0.12207,0.150146,0.119629,0.101318,0.141602
2017-07-04T07:10:00Z,51.32813,53.78906,53.78906,56.25,55.89844,58.00781,56.25,58.00781,55.19531,61.17188,56.60156,59.41406,4.33594,3.45703,3.63281,3.80859,3.75,3.75,3.69141,3.63281,3.63281,3.75,3.63281,3.69141,3.63281,0.119629,0.164795,0.119629,0.140381,0.161133,0.113525,0.141602,0.12085,0.170898,0.10498,0.129395
2017-07-04T07:20:00Z,55.54688,59.41406,62.57813,63.28125,59.76563,62.57813,62.92969,62.57813,65.74219,67.85156,70.3125,66.79688,4.33594,3.22266,3.45703,3.39844,3.51563,3.39844,3.39844,3.51563,3.51563,3.63281,3.51563,3.57422,3.63281,0.166016,0.140381,0.150146,0.136719,0.142822,0.125732,0.119629,0.128174,0.112305,0.123291,0.134277
2017-07-04T07:30:00Z,64.33594,85.78125,84.375,85.07813,87.89063,87.53906,85.42969,88.24219,85.42969,85.78125,87.89063,87.1875,4.21875,3.16406,3.92578,3.86719,3.75,3.86719,3.80859,3.98438,4.04297,3.86719,3.98438,3.51563,3.57422,0.205078,0.195313,0.192871,0.178223,0.19165,0.216064,0.158691,0.185547,0.214844,0.198975,0.20874
2017-07-04T07:40:00Z,90.0,93.86719,95.625,96.32813,97.73438,99.49219,95.625,94.92188,94.57031,95.625,97.38281,94.21875,5.21484,4.04297,4.57031,4.62891,4.6875,4.6875,4.57031,4.39453,4.51172,4.57031,4.45313,4.10156,4.04297,0.117188,0.117188,0.12085,0.115967,0.146484,0.181885,0.166016,0.141602,0.169678,0.198975,0.155029
2017-07-04T07:50:00Z,88.59375,90.35156,92.10938,91.75781,91.40625,90.70313,92.10938,92.10938,90.0,91.40625,92.8125,92.46094,5.44922,4.16016,4.57031,4.62891,4.62891,4.57031,4.51172,4.39453,4.51172,4.57031,4.6875,4.45313,4.39453,0.137939,0.118408,0.123291,0.111084,0.162354,0.147705,0.145264,0.157471,0.172119,0.187988,0.164795
2017-07-04T08:00:00Z,85.78125,87.1875,85.42969,84.375,87.1875,87.89063,84.72656,87.53906,86.48438,89.29688,85.07813,90.0,4.74609,3.80859,4.04297,4.16016,4.10156,4.04297,4.16016,4.04297,4.16016,4.10156,4.10156,3.92578,3.86719,0.137939,0.151367,0.148926,0.140381,0.142822,0.134277,0.129395,0.118408,0.114746,0.130615,0.141602
2017-07-04T08:10:00Z,77.69531,81.5625,80.15625,79.80469,78.39844,79.10156,79.10156,80.15625,80.15625,80.15625,84.72656,82.96875,4.74609,3.57422,4.04297,3.98438,4.10156,3.98438,4.04297,3.92578,3.86719,3.75,3.75,3.69141,3.45703,0.123291,0.107422,0.123291,0.130615,0.134277,0.133057,0.133057,0.13916,0.131836,0.167236,0.145264
2017-07-04T08:20:00Z,79.10156,84.375,85.07813,82.26563,84.72656,84.02344,86.13281,85.07813,85.42969,86.13281,86.83594,86.13281,4.6875,3.63281,4.04297,4.16016,4.21875,3.98438,4.16016,3.98438,4.16016,4.04297,4.04297,3.86719,4.04297,0.130615,0.140381,0.123291,0.141602,0.106201,0.136719,0.124512,0.107422,0.10376,0.115967,0.123291
2017-07-04T08:30:00Z,81.21094,84.375,84.72656,85.07813,84.375,85.07813,85.78125,85.78125,85.42969,86.83594,86.13281,85.42969,4.92188,3.98438,4.45313,4.39453,4.51172,4.39453,4.45313,4.45313,4.27734,4.21875,4.10156,4.04297,4.10156,0.135498,0.098877,0.10498,0.128174,0.108643,0.087891,0.12085,0.108643,0.114746,0.106201,0.144043
2017-07-04T08:40:00Z,73.125,71.71875,72.77344,71.36719,75.58594,75.23438,75.9375,72.42188,78.04688,79.45313,80.15625,78.04688,4.74609,3.80859,4.45313,4.39453,4.33594,4.39453,4.45313,4.33594,4.39453,4.33594,4.45313,4.16016,4.27734,0.125732,0.12085,0.12085,0.117188,0.133057,0.140381,0.150146,0.115967,0.142822,0.114746,0.114746
2017-07-04T08:50:00Z,71.01563,75.23438,74.88281,73.47656,75.9375,75.9375,75.9375,76.99219,81.21094,79.10156,81.5625,80.15625,4.92188,3.86719,4.45313,4.27734,4.21875,4.39453,4.33594,4.39453,4.39453,4.33594,4.10156,4.21875,4.16016,0.123291,0.147705,0.12085,0.131836,0.15625,0.184326,0.155029,0.174561,0.152588,0.213623,0.130615
2017-07-04T09:00:00Z,64.6875,68.55469,69.25781,72.42188,70.3125,72.77344,73.47656,75.23438,73.82813,74.17969,75.9375,77.69531,5.44922,3.75,3.92578,4.10156,3.98438,4.16016,4.27734,4.21875,4.21875,4.21875,4.27734,4.10156,4.10156,0.115967,0.124512,0.131836,0.12207,0.159912,0.117188,0.107422,0.141602,0.126953,0.126953,0.155029
2017-07-04T09:10:00Z,68.90625,69.25781,68.20313,69.96094,70.66406,67.85156,68.90625,71.36719,71.71875,70.3125,72.07031,72.07031,4.6875,3.57422,3.92578,3.86719,4.16016,3.92578,3.86719,3.98438,3.86719,3.80859,3.75,3.80859,3.80859,0.166016,0.151367,0.119629,0.129395,0.136719,0.12085,0.136719,0.125732,0.166016,0.125732,0.141602
2017-07-04T09:20:00Z,61.52344,67.14844,67.14844,71.01563,67.5,66.79688,70.3125,71.01563,73.125,70.3125,71.01563,71.01563,4.80469,3.86719,4.33594,4.45313,4.62891,4.57031,4.6875,4.6875,4.57031,4.45313,4.39453,4.33594,4.33594,0.150146,0.17334,0.097656,0.164795,0.135498,0.108643,0.131836,0.164795,0.131836,0.145264,0.128174
2017-07-04T09:30:00Z,62.92969,69.96094,67.5,68.90625,70.3125,69.25781,67.5,67.85156,71.36719,70.66406,71.36719,68.90625,5.15625,4.10156,4.51172,4.39453,4.51172,4.57031,4.57031,4.57031,4.62891,4.62891,4.51172,4.39453,4.33594,0.130615,0.141602,0.095215,0.13916,0.137939,0.123291,0.106201,0.131836,0.155029,0.144043,0.136719
2017-07-04T09:40:00Z,63.63281,69.96094,67.85156,70.3125,68.55469,71.71875,71.71875,75.58594,75.23438,75.9375,75.9375,76.64063,5.09766,4.10156,4.51172,4.57031,4.6875,4.6875,4.45313,4.51172,4.51172,4.45313,4.39453,4.33594,4.33594,0.12085,0.12207,0.124512,0.119629,0.134277,0.089111,0.10376,0.089111,0.109863,0.15625,0.095215
2017-07-04T09:50:00Z,62.22656,65.39063,61.875,63.63281,64.6875,68.55469,65.39063,66.09375,73.125,71.36719,68.20313,72.77344,5.33203,4.16016,4.51172,4.45313,4.51172,4.6875,4.6875,4.51172,4.57031,4.51172,4.33594,4.27734,4.27734,0.118408,0.112305,0.153809,0.114746,0.114746,0.10498,0.12207,0.125732,0.142822,0.147705,0.111084
2017-07-04T10:00:00Z,56.25,63.28125,63.98438,63.28125,63.63281,64.6875,67.85156,68.20313,72.07031,71.01563,69.96094,74.17969,5.21484,3.86719,4.27734,4.27734,4.39453,4.21875,4.33594,4.21875,4.10156,4.16016,3.80859,3.80859,3.63281,0.100098,0.135498,0.123291,0.109863,0.06958,0.117188,0.109863,0.12207,0.108643,0.117188,0.145264
2017-07-04T10:10:00Z,57.30469,65.39063,63.28125,64.6875,68.90625,66.79688,71.01563,70.3125,75.58594,74.53125,81.21094,82.96875,5.09766,3.63281,3.86719,3.92578,3.92578,3.98438,3.86719,3.80859,3.63281,3.63281,3.63281,3.51563,3.57422,0.135498,0.112305,0.112305,0.13916,0.109863,0.123291,0.144043,0.126953,0.158691,0.158691,0.253906
2017-07-04T10:20:00Z,57.65625,60.82031,59.76563,61.52344,63.63281,65.03906,65.74219,71.71875,67.85156,68.90625,74.88281,72.07031,4.10156,3.33984,3.57422,3.63281,3.63281,3.86719,3.80859,3.75,3.63281,3.69141,3.51563,3.57422,3.39844,0.129395,0.140381,0.118408,0.145264,0.137939,0.114746,0.175781,0.114746,0.137939,0.119629,0.179443
2017-07-04T10:30:00Z,53.78906,59.41406,58.71094,58.71094,60.11719,61.52344,62.57813,65.03906,67.5,71.01563,74.88281,74.17969,4.33594,3.28125,3.57422,3.75,3.75,3.69141,3.75,3.75,3.63281,3.57422,3.45703,3.33984,3.10547,0.128174,0.146484,0.135498,0.129395,0.145264,0.133057,0.111084,0.130615,0.20752,0.153809,0.172119
2017-07-04T10:40:00Z,52.03125,53.08594,56.60156,55.54688,55.89844,59.0625,60.11719,62.92969,64.33594,70.3125,76.28906,84.02344,3.98438,3.22266,3.45703,3.57422,3.51563,3.57422,3.39844,3.28125,3.33984,3.16406,3.16406,2.87109,2.63672,0.147705,0.090332,0.157471,0.136719,0.131836,0.134277,0.135498,0.129395,0.135498,0.201416,0.183105
2017-07-04T10:50:00Z,47.46094,54.49219,52.38281,50.97656,54.14063,56.95313,54.84375,55.19531,56.60156,61.52344,61.52344,66.79688,4.04297,3.22266,3.45703,3.45703,3.51563,3.39844,3.28125,3.28125,3.10547,2.8125,2.92969,2.57813,2.51953,0.178223,0.109863,0.107422,0.126953,0.144043,0.162354,0.131836,0.19043,0.22583,0.189209,0.184326
2017-07-04T11:00:00Z,38.32031,43.59375,41.13281,40.07813,43.24219,44.29688,49.57031,48.16406,50.97656,52.73438,55.54688,56.95313,4.04297,3.22266,3.69141,3.75,3.69141,3.69141,3.69141,3.45703,3.33984,3.10547,3.04688,2.75391,2.63672,0.140381,0.12207,0.12085,0.101318,0.118408,0.13916,0.126953,0.126953,0.12085,0.129395,0.206299
2017-07-04T11:10:00Z,37.96875,46.75781,46.40625,47.46094,46.40625,50.625,52.03125,54.49219,55.19531,55.89844,60.46875,71.01563,4.45313,3.28125,3.33984,3.39844,3.33984,3.39844,3.22266,3.16406,2.92969,2.69531,2.57813,2.75391,2.28516,0.174561,0.153809,0.150146,0.134277,0.141602,0.159912,0.117188,0.162354,0.146484,0.386963,0.372314
2017-07-04T11:20:00Z,42.89063,47.8125,45.70313,47.10938,49.92188,50.97656,53.4375,55.19531,58.00781,62.92969,65.39063,73.82813,3.80859,3.04688,3.33984,3.39844,3.39844,3.39844,3.45703,3.33984,3.28125,3.10547,3.10547,2.92969,3.04688,0.111084,0.169678,0.147705,0.164795,0.128174,0.146484,0.15625,0.169678,0.17334,0.26001,0.321045
2017-07-04T11:30:00Z,41.83594,49.57031,46.75781,50.27344,51.67969,48.16406,51.67969,48.86719,54.49219,61.52344,80.85938,80.50781,3.86719,3.04688,3.28125,3.22266,3.16406,3.33984,3.10547,3.16406,2.92969,2.92969,2.8125,3.45703,3.75,0.162354,0.136719,0.141602,0.162354,0.128174,0.153809,0.146484,0.147705,0.213623,0.446777,0.516357
2017-07-04T11:40:00Z,41.13281,45.35156,47.10938,43.94531,48.16406,46.75781,48.86719,50.27344,52.73438,52.03125,58.00781,58.00781,3.86719,2.98828,3.39844,3.39844,3.39844,3.33984,3.33984,3.39844,3.28125,2.87109,2.75391,2.63672,2.51953,0.140381,0.114746,0.118408,0.133057,0.148926,0.125732,0.129395,0.152588,0.186768,0.310059,0.313721
2017-07-04T11:50:00Z,39.02344,49.21875,50.625,52.38281,51.32813,52.03125,53.08594,56.25,55.54688,63.28125,71.01563,85.07813,3.57422,2.92969,3.04688,2.92969,3.04688,3.04688,2.98828,2.92969,2.8125,2.51953,2.46094,1.93359,1.58203,0.101318,0.159912,0.119629,0.129395,0.10498,0.153809,0.137939,0.101318,0.159912,0.291748,0.255127
2017-07-04T12:00:00Z,42.1875,46.40625,43.94531,43.94531,47.8125,47.10938,47.46094,45.70313,50.97656,49.21875,52.73438,58.71094,3.92578,2.98828,3.28125,3.39844,3.45703,3.28125,3.28125,3.10547,3.16406,2.8125,2.69531,2.34375,1.99219,0.135498,0.123291,0.129395,0.113525,0.144043,0.115967,0.098877,0.159912,0.161133,0.267334,0.274658
2017-07-04T12:10:00Z,36.5625,45.70313,46.05469,46.40625,48.51563,46.05469,47.46094,48.51563,50.625,53.4375,68.20313,78.39844,3.86719,3.10547,3.33984,3.51563,3.51563,3.39844,3.45703,3.33984,3.16406,2.69531,2.10938,1.46484,1.23047,0.136719,0.107422,0.130615,0.137939,0.109863,0.158691,0.184326,0.24292,0.264893,0.313721,0.290527
2017-07-04T12:20:00Z,43.59375,54.84375,53.4375,52.73438,52.03125,52.03125,56.25,54.14063,58.71094,58.71094,63.63281,67.5,3.86719,3.28125,3.45703,3.39844,3.45703,3.57422,3.51563,3.39844,3.10547,2.75391,2.40234,1.93359,1.46484,0.140381,0.152588,0.123291,0.118408,0.158691,0.133057,0.172119,0.253906,0.371094,0.355225,0.411377
2017-07-04T12:30:00Z,46.05469,52.38281,49.57031,47.10938,52.38281,49.92188,54.49219,52.73438,56.25,59.0625,69.60938,71.36719,3.86719,3.04688,3.33984,3.33984,3.33984,3.16406,3.16406,3.10547,2.98828,2.75391,2.46094,1.875,1.34766,0.144043,0.195313,0.145264,0.128174,0.137939,0.113525,0.166016,0.157471,0.219727,0.281982,0.299072
2017-07-04T12:40:00Z,42.1875,45.0,49.92188,49.57031,50.97656,52.73438,53.08594,55.89844,56.25,60.11719,66.09375,72.07031,4.04297,3.28125,3.33984,3.33984,3.45703,3.33984,3.33984,3.22266,3.10547,2.92969,2.57813,1.875,1.34766,0.118408,0.142822,0.12085,0.101318,0.101318,0.107422,0.108643,0.133057,0.158691,0.224609,0.302734
2017-07-04T12:50:00Z,45.70313,52.03125,52.38281,52.38281,55.54688,54.49219,57.65625,60.82031,61.52344,66.09375,69.25781,70.66406,3.45703,2.8125,3.16406,3.16406,3.16406,3.22266,3.28125,3.04688,2.92969,2.57813,2.16797,1.81641,1.58203,0.10498,0.102539,0.12085,0.129395,0.100098,0.117188,0.159912,0.174561,0.203857,0.196533,0.227051
2017-07-04T13:50:00Z,36.91406,41.83594,42.1875,40.42969,42.89063,43.24219,41.48438,42.1875,40.42969,42.89063,46.40625,36.91406,3.33984,2.40234,2.8125,2.63672,2.75391,2.63672,2.51953,2.46094,1.99219,1.69922,1.46484,1.28906,1.11328,0.129395,0.174561,0.159912,0.162354,0.142822,0.227051,0.284424,0.362549,0.375977,0.395508,0.333252
2017-07-04T14:00:00Z,33.39844,33.75,31.28906,30.23438,32.34375,27.42188,27.42188,25.3125,29.53125,20.03906,18.28125,12.65625,3.45703,2.69531,2.57813,2.57813,2.51953,2.34375,2.28516,2.16797,2.10938,1.875,1.75781,1.40625,1.28906,0.155029,0.181885,0.144043,0.203857,0.177002,0.144043,0.172119,0.223389,0.212402,0.213623,0.307617
2017-07-04T14:10:00Z,31.28906,36.91406,37.61719,37.61719,36.5625,34.80469,34.10156,32.69531,31.28906,28.47656,20.74219,18.98438,3.10547,2.34375,2.8125,2.69531,2.63672,2.75391,2.51953,2.51953,2.34375,2.16797,1.75781,1.69922,1.34766,0.126953,0.117188,0.175781,0.148926,0.181885,0.168457,0.146484,0.184326,0.209961,0.117188,0.256348
2017-07-04T14:20:00Z,34.80469,35.50781,33.75,35.15625,38.32031,35.50781,40.07813,28.125,31.28906,22.85156,19.33594,7.38281,3.33984,2.51953,2.51953,2.63672,2.51953,2.51953,2.46094,2.16797,2.16797,1.93359,1.75781,1.46484,1.40625,0.177002,0.15625,0.146484,0.144043,0.155029,0.162354,0.168457,0.205078,0.19165,0.223389,0.217285
2017-07-04T14:30:00Z,33.39844,38.67188,36.91406,37.26563,35.15625,32.69531,35.15625,30.23438,20.39063,5.97656,349.45313,341.71875,3.39844,2.63672,2.98828,3.04688,2.92969,2.98828,2.75391,2.57813,2.16797,1.75781,1.58203,1.46484,1.64063,0.125732,0.134277,0.118408,0.118408,0.131836,0.183105,0.213623,0.234375,0.164795,0.234375,0.200195
2017-07-04T14:40:00Z,31.28906,30.58594,31.99219,32.34375,28.82813,27.77344,27.07031,19.33594,8.08594,332.57813,318.86719,304.80469,3.80859,2.63672,2.63672,2.51953,2.40234,2.51953,2.34375,2.34375,1.99219,1.75781,1.81641,2.05078,2.28516,0.141602,0.13916,0.206299,0.134277,0.153809,0.162354,0.255127,0.222168,0.153809,0.19165,0.222168
2017-07-04T14:50:00Z,29.88281,42.1875,41.48438,42.89063,42.89063,39.375,37.61719,35.85938,30.9375,26.71875,20.74219,14.76563,3.69141,2.51953,2.92969,2.87109,2.8125,2.92969,2.69531,2.69531,2.40234,2.34375,2.10938,1.93359,1.875,0.140381,0.186768,0.195313,0.197754,0.206299,0.211182,0.267334,0.249023,0.283203,0.316162,0.328369
2017-07-04T15:00:00Z,35.85938,36.5625,40.07813,38.32031,42.1875,32.34375,29.53125,13.00781,3.86719,347.34375,337.14844,330.11719,3.51563,2.16797,2.10938,1.99219,1.99219,1.99219,1.81641,1.75781,1.75781,1.58203,1.46484,1.52344,1.58203,0.253906,0.263672,0.228271,0.236816,0.236816,0.236816,0.256348,0.253906,0.249023,0.170898,0.224609
2017-07-04T15:10:00Z,34.80469,30.23438,29.53125,31.64063,28.125,22.85156,18.63281,9.84375,8.78906,351.5625,348.75,336.09375,3.04688,2.22656,2.22656,2.16797,2.10938,2.10938,1.99219,1.93359,1.69922,1.69922,1.52344,1.64063,1.58203,0.15625,0.187988,0.187988,0.194092,0.213623,0.214844,0.241699,0.203857,0.233154,0.158691,0.178223
2017-07-04T15:20:00Z,19.33594,20.39063,18.28125,16.17188,18.28125,16.17188,12.30469,6.32813,357.1875,354.72656,343.125,343.125,3.51563,1.81641,2.16797,2.05078,2.10938,2.16797,2.10938,1.99219,1.875,1.875,1.81641,1.81641,1.875,0.246582,0.253906,0.299072,0.246582,0.228271,0.27832,0.272217,0.274658,0.200195,0.245361,0.183105
2017-07-04T15:30:00Z,23.20313,27.77344,26.01563,25.66406,24.25781,20.39063,14.41406,9.14063,6.67969,1.75781,357.53906,352.26563,3.33984,2.57813,2.63672,2.63672,2.75391,2.63672,2.69531,2.51953,2.51953,2.46094,2.46094,2.28516,2.34375,0.130615,0.109863,0.117188,0.15625,0.125732,0.15625,0.090332,0.117188,0.107422,0.123291,0.12207
2017-07-04T15:40:00Z,20.39063,21.09375,24.60938,19.6875,22.5,21.09375,18.28125,11.95313,6.67969,0.35156,351.21094,341.36719,3.16406,2.46094,2.69531,2.69531,2.75391,2.51953,2.57813,2.40234,2.34375,2.10938,2.10938,1.93359,1.99219,0.142822,0.153809,0.159912,0.147705,0.124512,0.172119,0.178223,0.168457,0.153809,0.145264,0.181885
2017-07-04T15:50:00Z,17.22656,20.03906,21.79688,24.96094,23.55469,29.88281,23.55469,25.3125,20.74219,17.22656,7.73438,358.59375,3.22266,2.46094,2.28516,2.34375,2.40234,2.28516,2.28516,2.10938,1.99219,1.93359,1.81641,1.58203,1.46484,0.205078,0.194092,0.180664,0.20752,0.239258,0.239258,0.209961,0.198975,0.233154,0.172119,0.194092
2017-07-04T16:00:00Z,22.85156,28.47656,31.64063,30.9375,29.53125,27.07031,25.66406,26.71875,22.85156,23.20313,18.28125,20.74219,3.04688,1.99219,2.10938,2.05078,2.10938,2.05078,1.99219,1.99219,1.875,1.81641,1.64063,1.52344,1.40625,0.183105,0.147705,0.158691,0.203857,0.172119,0.177002,0.192871,0.19043,0.201416,0.217285,0.240479
2017-07-04T16:10:00Z,37.61719,42.1875,43.24219,42.1875,41.83594,41.13281,37.96875,40.42969,36.21094,32.69531,28.82813,30.58594,2.92969,2.16797,2.40234,2.34375,2.40234,2.28516,2.28516,2.16797,2.05078,1.875,1.69922,1.46484,1.23047,0.169678,0.144043,0.152588,0.151367,0.157471,0.148926,0.213623,0.245361,0.2771,0.3479,0.374756
2017-07-04T16:20:00Z,37.61719,40.78125,42.53906,41.83594,41.48438,42.53906,43.24219,42.1875,40.07813,36.91406,37.61719,33.39844,2.87109,2.16797,2.28516,2.22656,2.22656,2.16797,2.10938,2.05078,1.75781,1.64063,1.46484,1.34766,1.17188,0.17334,0.12085,0.161133,0.175781,0.178223,0.161133,0.202637,0.201416,0.319824,0.302734,0.253906
2017-07-04T16:30:00Z,42.89063,55.54688,55.19531,52.03125,54.14063,53.78906,49.92188,45.70313,39.02344,34.10156,40.07813,34.10156,2.87109,2.22656,2.16797,2.16797,2.22656,2.34375,2.10938,1.99219,1.75781,1.40625,1.23047,1.17188,0.99609,0.133057,0.158691,0.142822,0.137939,0.183105,0.161133,0.224609,0.194092,0.274658,0.292969,0.280762
2017-07-04T16:40:00Z,50.625,53.78906,51.32813,54.84375,53.08594,53.08594,55.19531,54.49219,52.03125,50.27344,49.92188,51.32813,2.69531,2.05078,2.16797,2.22656,2.16797,2.22656,2.22656,2.05078,1.99219,1.81641,1.75781,1.46484,1.40625,0.181885,0.158691,0.137939,0.152588,0.152588,0.162354,0.144043,0.142822,0.235596,0.231934,0.275879
2017-07-04T16:50:00Z,47.8125,45.35156,47.10938,49.21875,48.51563,52.38281,49.21875,49.57031,50.625,47.10938,45.0,46.05469,3.16406,2.51953,2.46094,2.46094,2.40234,2.40234,2.34375,2.28516,2.16797,1.99219,1.875,1.69922,1.58203,0.148926,0.126953,0.146484,0.117188,0.108643,0.130615,0.144043,0.15625,0.172119,0.217285,0.218506
2017-07-04T17:00:00Z,35.85938,45.0,43.59375,42.53906,44.29688,42.53906,43.94531,44.64844,40.78125,40.42969,42.53906,49.57031,2.63672,2.22656,2.22656,2.10938,2.05078,1.99219,1.99219,1.93359,1.75781,1.69922,1.58203,1.64063,1.52344,0.144043,0.130615,0.136719,0.167236,0.169678,0.194092,0.27832,0.294189,0.310059,0.292969,0.26123
2017-07-04T17:10:00Z,52.03125,56.25,56.95313,58.00781,57.30469,57.30469,54.14063,51.32813,53.08594,49.21875,39.375,49.92188,2.51953,1.99219,2.10938,2.10938,2.10938,2.05078,1.875,1.875,1.69922,1.69922,1.52344,1.46484,1.46484,0.19165,0.205078,0.214844,0.280762,0.273438,0.332031,0.314941,0.339355,0.34668,0.343018,0.303955
2017-07-04T17:20:00Z,51.32813,59.76563,61.52344,59.76563,63.63281,63.63281,63.63281,62.57813,62.57813,61.17188,57.30469,55.19531,2.87109,2.40234,2.51953,2.57813,2.57813,2.46094,2.34375,2.22656,2.10938,1.99219,1.75781,1.58203,1.40625,0.085449,0.12085,0.117188,0.112305,0.161133,0.19165,0.22583,0.236816,0.294189,0.270996,0.300293
2017-07-04T17:30:00Z,55.19531,59.41406,62.92969,61.875,59.76563,62.22656,61.52344,65.74219,62.92969,65.39063,59.76563,59.41406,3.04688,2.63672,2.75391,2.75391,2.75391,2.75391,2.75391,2.63672,2.57813,2.46094,2.28516,2.05078,1.99219,0.096436,0.084229,0.126953,0.119629,0.102539,0.117188,0.136719,0.135498,0.177002,0.268555,0.307617
2017-07-04T17:40:00Z,61.52344,66.44531,67.14844,69.25781,68.55469,66.44531,66.79688,65.03906,65.39063,64.6875,63.98438,60.11719,3.28125,2.69531,2.69531,2.8125,2.8125,2.8125,2.69531,2.69531,2.69531,2.46094,2.40234,2.10938,1.93359,0.118408,0.091553,0.10498,0.092773,0.090332,0.109863,0.085449,0.118408,0.134277,0.184326,0.218506
2017-07-04T17:50:00Z,65.03906,69.25781,69.96094,69.25781,72.42188,70.3125,73.125,73.125,70.3125,69.96094,74.17969,71.01563,3.04688,2.63672,2.75391,2.69531,2.75391,2.75391,2.69531,2.8125,2.63672,2.46094,2.16797,1.99219,1.69922,0.106201,0.108643,0.107422,0.115967,0.119629,0.130615,0.098877,0.109863,0.214844,0.227051,0.244141
2017-07-04T18:00:00Z,69.25781,74.53125,75.23438,74.88281,74.17969,74.88281,73.47656,76.28906,74.88281,75.9375,76.64063,76.64063,3.28125,2.8125,3.04688,3.04688,3.04688,3.10547,2.98828,2.92969,2.87109,2.87109,2.69531,2.57813,2.40234,0.097656,0.092773,0.106201,0.070801,0.113525,0.097656,0.109863,0.08667,0.119629,0.114746,0.162354
2017-07-04T18:10:00Z,73.47656,78.04688,79.45313,78.75,78.04688,83.32031,82.26563,80.15625,81.5625,84.02344,84.375,81.21094,3.28125,2.8125,3.04688,2.98828,3.04688,2.98828,2.98828,2.98828,2.92969,2.92969,2.87109,2.69531,2.63672,0.114746,0.115967,0.075684,0.085449,0.12085,0.087891,0.100098,0.119629,0.131836,0.142822,0.186768
2017-07-04T18:20:00Z,75.23438,80.85938,80.15625,79.45313,83.67188,81.5625,84.72656,83.32031,87.1875,86.83594,91.05469,87.89063,3.22266,2.75391,2.98828,2.87109,2.87109,2.98828,2.87109,2.92969,2.8125,2.8125,2.69531,2.51953,2.28516,0.090332,0.10498,0.079346,0.106201,0.128174,0.10376,0.113525,0.095215,0.123291,0.140381,0.206299
2017-07-04T18:30:00Z,80.15625,83.32031,82.96875,82.61719,82.96875,81.91406,84.375,81.91406,86.83594,85.42969,88.24219,86.48438,3.45703,2.87109,3.10547,2.98828,3.04688,2.98828,2.92969,2.75391,2.87109,2.8125,2.63672,2.51953,2.46094,0.113525,0.129395,0.102539,0.119629,0.107422,0.102539,0.124512,0.113525,0.12207,0.112305,0.113525
2017-07-04T18:40:00Z,78.04688,84.375,85.78125,84.375,85.42969,84.72656,86.48438,89.29688,88.94531,92.10938,93.51563,95.625,3.51563,3.04688,3.16406,3.22266,3.16406,3.22266,3.22266,3.22266,3.16406,3.04688,2.98828,2.8125,2.63672,0.093994,0.100098,0.10376,0.10498,0.106201,0.087891,0.10376,0.079346,0.075684,0.08667,0.075684
2017-07-04T18:50:00Z,78.75,85.42969,82.96875,84.72656,87.53906,86.13281,86.48438,87.53906,87.89063,89.64844,92.46094,92.46094,3.63281,2.98828,3.04688,3.10547,3.04688,3.10547,3.10547,3.04688,3.04688,2.98828,2.98828,2.87109,2.8125,0.134277,0.093994,0.098877,0.112305,0.101318,0.091553,0.063477,0.08667,0.093994,0.093994,0.092773
2017-07-04T19:00:00Z,81.21094,86.13281,85.42969,86.48438,88.94531,89.29688,90.0,90.35156,90.35156,90.0,92.46094,80.85938,3.28125,2.69531,2.75391,2.69531,2.75391,2.8125,2.75391,2.75391,2.75391,2.69531,2.69531,2.51953,2.69531,0.114746,0.087891,0.102539,0.097656,0.115967,0.102539,0.112305,0.113525,0.115967,0.118408,0.303955
2017-07-04T19:10:00Z,88.24219,92.8125,94.21875,96.67969,94.92188,95.27344,96.32813,99.84375,97.73438,98.78906,101.25,103.35938,3.69141,2.92969,3.04688,3.22266,3.10547,3.04688,3.10547,3.10547,3.04688,2.92969,2.8125,2.8125,2.69531,0.093994,0.067139,0.090332,0.100098,0.070801,0.106201,0.096436,0.102539,0.096436,0.102539,0.147705
2017-07-04T19:20:00Z,89.29688,94.21875,94.21875,93.51563,96.67969,97.03125,98.78906,99.84375,99.84375,101.25,102.30469,112.14844,3.39844,2.8125,2.92969,2.98828,2.92969,3.04688,3.10547,2.98828,3.04688,2.98828,2.92969,2.87109,2.75391,0.100098,0.090332,0.10498,0.091553,0.076904,0.091553,0.092773,0.107422,0.072021,0.087891,0.146484
2017-07-04T19:30:00Z,82.26563,85.42969,86.13281,84.375,87.53906,90.0,90.0,91.40625,91.05469,91.40625,63.28125,56.60156,3.63281,2.98828,3.22266,3.22266,3.16406,3.28125,3.28125,3.22266,3.16406,3.10547,3.22266,5.44922,7.32422,0.078125,0.100098,0.12085,0.089111,0.067139,0.087891,0.091553,0.06958,0.213623,0.406494,0.308838
2017-07-04T19:40:00Z,85.78125,91.05469,94.21875,94.57031,93.16406,95.625,94.57031,95.27344,97.38281,98.4375,100.89844,78.39844,3.92578,3.28125,3.57422,3.57422,3.51563,3.63281,3.45703,3.39844,3.33984,3.33984,3.22266,3.22266,4.27734,0.081787,0.090332,0.081787,0.056152,0.087891,0.08667,0.093994,0.074463,0.12207,0.125732,0.50415
2017-07-04T19:50:00Z,96.67969,101.60156,99.84375,102.30469,102.30469,102.30469,101.95313,105.82031,109.33594,117.07031,137.10938,155.03906,3.92578,3.39844,3.45703,3.51563,3.51563,3.45703,3.45703,3.45703,3.28125,3.28125,3.10547,2.92969,2.92969,0.090332,0.097656,0.079346,0.107422,0.106201,0.092773,0.093994,0.085449,0.115967,0.111084,0.10498
2017-07-04T20:00:00Z,98.4375,103.00781,102.30469,103.71094,103.35938,104.41406,107.22656,109.33594,115.66406,132.1875,148.35938,154.33594,3.69141,3.10547,3.33984,3.33984,3.28125,3.22266,3.33984,3.22266,3.16406,2.98828,2.92969,2.87109,2.8125,0.089111,0.087891,0.075684,0.067139,0.076904,0.065918,0.08667,0.096436,0.10498,0.115967,0.114746
2017-07-04T20:10:00Z,97.38281,101.25,100.89844,100.19531,103.71094,102.65625,110.39063,113.90625,129.72656,139.92188,151.52344,160.66406,3.75,3.16406,3.16406,3.16406,3.10547,3.16406,3.04688,3.10547,2.87109,3.04688,2.92969,3.10547,2.87109,0.106201,0.107422,0.098877,0.112305,0.114746,0.079346,0.098877,0.102539,0.098877,0.089111,0.091553
2017-07-04T20:20:00Z,98.78906,104.41406,101.95313,102.30469,106.17188,105.46875,117.77344,129.72656,150.46875,157.14844,162.07031,160.66406,3.45703,2.75391,2.87109,2.8125,2.87109,2.8125,2.75391,2.87109,2.87109,2.98828,2.98828,3.10547,2.92969,0.089111,0.10376,0.117188,0.112305,0.111084,0.092773,0.10376,0.101318,0.108643,0.13916,0.117188
2017-07-04T20:30:00Z,98.78906,101.60156,102.65625,105.46875,105.46875,111.09375,125.50781,139.21875,156.44531,160.66406,163.47656,163.47656,3.04688,2.63672,2.69531,2.75391,2.75391,2.75391,2.69531,2.75391,2.63672,2.87109,2.87109,2.92969,2.8125,0.117188,0.107422,0.108643,0.098877,0.093994,0.08667,0.095215,0.108643,0.118408,0.097656,0.15625
2017-07-04T20:40:00Z,101.25,108.63281,107.92969,110.03906,111.09375,115.3125,129.72656,150.82031,162.07031,165.23438,168.39844,169.80469,3.10547,2.57813,2.8125,2.8125,2.87109,2.8125,2.69531,2.75391,2.75391,2.8125,2.87109,2.87109,2.87109,0.106201,0.109863,0.092773,0.100098,0.093994,0.12085,0.128174,0.126953,0.108643,0.109863,0.109863
2017-07-04T20:50:00Z,113.55469,117.07031,122.34375,120.23438,124.10156,133.59375,142.73438,153.28125,161.71875,169.80469,173.67188,184.21875,3.45703,2.75391,2.8125,2.87109,2.8125,2.87109,2.92969,2.92969,3.04688,3.10547,3.04688,3.04688,3.10547,0.118408,0.123291,0.123291,0.174561,0.189209,0.19043,0.177002,0.157471,0.135498,0.126953,0.142822
2017-07-04T21:00:00Z,114.96094,120.58594,118.47656,119.17969,120.9375,125.50781,136.40625,147.65625,161.36719,167.34375,171.91406,176.83594,3.57422,2.69531,3.22266,3.16406,3.16406,3.16406,3.16406,3.28125,3.39844,3.57422,3.57422,3.51563,3.45703,0.12085,0.109863,0.098877,0.095215,0.164795,0.148926,0.150146,0.106201,0.112305,0.119629,0.123291
2017-07-04T21:10:00Z,114.96094,117.42188,120.9375,122.34375,124.45313,135.70313,143.4375,151.17188,159.96094,163.82813,166.64063,169.10156,3.63281,2.92969,3.33984,3.39844,3.33984,3.63281,3.75,3.80859,3.98438,3.98438,3.98438,3.86719,3.75,0.101318,0.070801,0.108643,0.084229,0.085449,0.091553,0.084229,0.100098,0.084229,0.100098,0.070801
2017-07-04T21:20:00Z,110.74219,120.23438,120.23438,120.9375,126.21094,135.35156,146.60156,156.44531,163.125,169.10156,172.26563,177.1875,3.92578,3.16406,3.63281,3.69141,3.69141,3.75,3.86719,3.98438,3.92578,3.92578,3.75,3.75,3.63281,0.10376,0.062256,0.092773,0.062256,0.08667,0.097656,0.095215,0.081787,0.114746,0.114746,0.089111
2017-07-04T21:30:00Z,119.88281,132.1875,136.40625,136.40625,143.4375,152.92969,163.47656,170.85938,176.48438,182.46094,186.67969,189.49219,3.57422,2.8125,3.22266,3.33984,3.28125,3.57422,3.57422,3.51563,3.51563,3.57422,3.51563,3.51563,3.51563,0.084229,0.087891,0.087891,0.085449,0.089111,0.10376,0.109863,0.10498,0.098877,0.098877,0.081787
2017-07-04T21:40:00Z,125.50781,135.70313,141.32813,140.27344,149.0625,159.60938,168.75,177.53906,182.10938,185.625,187.73438,190.19531,3.10547,2.51953,3.04688,3.10547,3.04688,3.16406,3.16406,3.33984,3.45703,3.39844,3.39844,3.28125,3.33984,0.089111,0.083008,0.10498,0.091553,0.08667,0.097656,0.08667,0.092773,0.089111,0.075684,0.100098
2017-07-04T21:50:00Z,126.21094,135.35156,138.16406,139.21875,145.19531,153.63281,165.9375,175.42969,178.94531,182.10938,183.86719,185.625,3.39844,2.69531,3.28125,3.33984,3.33984,3.39844,3.45703,3.57422,3.57422,3.57422,3.57422,3.45703,3.51563,0.092773,0.090332,0.092773,0.115967,0.095215,0.081787,0.102539,0.10498,0.097656,0.113525,0.084229
2017-07-04T22:00:00Z,136.05469,149.76563,154.33594,152.57813,161.36719,173.32031,179.64844,182.8125,182.8125,184.21875,183.51563,184.92188,3.75,3.04688,3.80859,3.75,3.80859,3.75,3.98438,4.10156,4.16016,4.10156,4.04297,4.10156,4.10156,0.079346,0.072021,0.068359,0.096436,0.090332,0.091553,0.089111,0.067139,0.091553,0.080566,0.076904
2017-07-04T22:10:00Z,144.14063,150.11719,154.6875,153.98438,164.17969,173.67188,180.70313,184.92188,188.08594,186.67969,186.67969,187.73438,3.57422,2.92969,3.45703,3.39844,3.39844,3.69141,3.86719,3.92578,4.10156,4.16016,4.21875,4.39453,4.45313,0.091553,0.073242,0.075684,0.081787,0.068359,0.073242,0.064697,0.079346,0.072021,0.075684,0.059814
2017-07-04T22:20:00Z,144.49219,153.28125,157.5,157.85156,163.82813,172.96875,177.53906,183.16406,183.86719,186.67969,185.27344,184.57031,3.45703,2.8125,3.16406,3.28125,3.33984,3.69141,3.98438,4.16016,4.33594,4.39453,4.51172,4.39453,4.57031,0.126953,0.113525,0.090332,0.129395,0.108643,0.090332,0.08667,0.08667,0.087891,0.08667,0.109863
2017-07-04T22:30:00Z,152.92969,157.14844,160.3125,162.07031,168.39844,177.89063,179.64844,183.51563,183.16406,184.92188,183.51563,182.8125,3.33984,2.69531,3.10547,3.39844,3.33984,3.63281,3.92578,4.21875,4.39453,4.51172,4.39453,4.39453,4.51172,0.125732,0.142822,0.135498,0.136719,0.170898,0.131836,0.15625,0.081787,0.115967,0.128174,0.145264
2017-07-04T22:40:00Z,151.52344,156.79688,159.60938,157.14844,171.91406,173.32031,178.94531,179.64844,177.53906,177.53906,178.24219,179.29688,3.16406,2.57813,3.16406,3.28125,3.22266,3.57422,3.75,3.63281,3.57422,3.69141,3.80859,3.92578,4.04297,0.125732,0.119629,0.085449,0.101318,0.152588,0.12207,0.093994,0.117188,0.111084,0.107422,0.128174
2017-07-04T22:50:00Z,154.6875,164.17969,169.10156,167.69531,181.05469,181.40625,181.05469,178.24219,178.59375,181.75781,183.86719,186.32813,3.16406,2.51953,3.04688,3.10547,3.04688,3.39844,3.33984,3.51563,3.63281,3.75,3.80859,3.86719,3.86719,0.123291,0.091553,0.097656,0.107422,0.095215,0.091553,0.096436,0.078125,0.093994,0.080566,0.074463
2017-07-04T23:00:00Z,162.07031,166.99219,173.67188,173.32031,188.08594,193.71094,189.84375,190.19531,188.4375,190.19531,192.30469,192.65625,2.63672,1.75781,2.51953,2.63672,2.57813,2.98828,3.28125,3.28125,3.33984,3.45703,3.63281,3.69141,3.63281,0.109863,0.107422,0.108643,0.117188,0.079346,0.087891,0.076904,0.093994,0.098877,0.078125,0.068359
2017-07-04T23:10:00Z,168.75,171.91406,174.72656,174.72656,189.49219,196.875,197.22656,196.875,197.92969,196.875,199.6875,200.03906,2.16797,1.64063,2.40234,2.51953,2.46094,2.98828,3.39844,3.51563,3.69141,3.69141,3.80859,3.86719,3.92578,0.12207,0.128174,0.102539,0.126953,0.091553,0.085449,0.072021,0.096436,0.075684,0.061035,0.084229
2017-07-04T23:20:00Z,180.0,177.53906,181.75781,182.46094,196.17188,205.66406,206.36719,207.77344,210.23438,211.99219,210.58594,211.99219,1.81641,1.34766,2.16797,2.34375,2.22656,2.75391,3.22266,3.39844,3.51563,3.75,3.80859,3.98438,4.10156,0.128174,0.118408,0.123291,0.10498,0.095215,0.090332,0.101318,0.112305,0.090332,0.08667,0.090332
2017-07-04T23:30:00Z,191.60156,196.52344,198.63281,196.52344,203.90625,210.9375,215.50781,216.5625,220.07813,222.89063,225.0,222.1875,1.93359,1.28906,2.05078,2.16797,2.28516,2.63672,3.10547,3.57422,3.86719,4.04297,4.21875,4.33594,4.33594,0.151367,0.12207,0.339355,0.123291,0.140381,0.126953,0.128174,0.093994,0.112305,0.097656,0.134277
2017-07-04T23:40:00Z,209.17969,205.3125,209.53125,209.17969,217.61719,219.72656,222.53906,227.8125,228.86719,230.625,228.51563,226.75781,2.10938,1.52344,1.99219,2.10938,2.10938,2.75391,3.28125,3.75,3.98438,4.27734,4.33594,4.27734,4.39453,0.164795,0.150146,0.17334,0.151367,0.134277,0.123291,0.097656,0.081787,0.087891,0.098877,0.118408
2017-07-04T23:50:00Z,206.71875,218.67188,221.13281,222.53906,224.64844,228.16406,231.32813,233.08594,233.78906,233.4375,233.08594,230.27344,2.05078,1.58203,2.40234,2.87109,2.69531,3.39844,3.75,4.10156,4.16016,4.27734,4.27734,4.16016,4.16016,0.185547,0.196533,0.219727,0.167236,0.125732,0.12207,0.10376,0.065918,0.076904,0.085449,0.070801
