LOCATION: 
SYSTEM SERIAL: HKZB
TIMESTAMP (ISO-8601) UTC,WindDir004m deg,WindDir030m deg,WindDir040m deg,WindDir040m_ref deg,WindDir060m deg,WindDir080m deg,WindDir100m deg,WindDir120m deg,WindDir140m deg,WindDir160m deg,WindDir180m deg,WindDir200m deg,WindGust004m m/s,WindSpeed004m m/s,WindSpeed030mh m/s,WindSpeed040mh m/s,WindSpeed040m_refh m/s,WindSpeed060mh m/s,WindSpeed080mh m/s,WindSpeed100mh m/s,WindSpeed120mh m/s,WindSpeed140mh m/s,WindSpeed160mh m/s,WindSpeed180mh m/s,WindSpeed200mh m/s,TI 030m,TI 040m,TI 040m ref,TI 060m,TI 080m,TI 100m,TI 120m,TI 140m,TI 160m,TI 180m,TI 200m
2017-06-01T00:00:00Z,39.02344,44.64844,45.35156,47.10938,50.27344,51.32813,53.4375,54.84375,59.41406,59.76563,61.52344,62.57813,3.28125,2.75391,3.16406,3.22266,3.10547,3.28125,3.33984,3.45703,3.57422,3.51563,3.51563,3.63281,3.75,0.115967,0.119629,0.114746,0.107422,0.107422,0.130615,0.090332,0.109863,0.12207,0.089111,0.10376
2017-06-01T00:10:00Z,45.0,52.38281,51.32813,48.51563,55.19531,57.65625,53.78906,61.875,64.33594,65.74219,63.63281,65.74219,3.33984,2.75391,2.92969,2.98828,3.22266,3.10547,3.22266,3.28125,3.39844,3.39844,3.39844,3.45703,3.57422,0.125732,0.147705,0.427246,0.152588,0.10376,0.162354,0.118408,0.125732,0.150146,0.141602,0.126953
2017-06-01T00:20:00Z,37.61719,35.85938,41.13281,40.42969,42.1875,49.21875,52.73438,53.4375,53.78906,54.49219,62.22656,62.57813,3.16406,2.46094,2.8125,2.69531,2.69531,2.92969,3.04688,2.92969,2.98828,3.04688,3.16406,3.04688,2.98828,0.186768,0.145264,0.187988,0.128174,0.124512,0.128174,0.142822,0.129395,0.12207,0.087891,0.115967
2017-06-01T00:30:00Z,37.61719,47.8125,44.29688,43.59375,47.46094,48.16406,46.40625,48.16406,48.86719,54.49219,51.67969,53.4375,3.45703,2.51953,3.04688,2.98828,2.98828,3.10547,2.92969,2.92969,2.98828,2.92969,2.92969,2.92969,2.98828,0.151367,0.111084,0.144043,0.125732,0.136719,0.114746,0.145264,0.101318,0.123291,0.118408,0.130615
2017-06-01T00:40:00Z,42.1875,45.0,42.1875,42.89063,48.51563,43.24219,49.92188,46.40625,50.27344,49.57031,53.78906,50.27344,3.51563,2.63672,2.87109,2.87109,2.8125,2.87109,2.8125,2.87109,2.92969,2.87109,2.75391,2.8125,2.8125,0.145264,0.135498,0.129395,0.079346,0.148926,0.13916,0.130615,0.096436,0.124512,0.133057,0.164795
2017-06-01T00:50:00Z,37.61719,47.10938,46.75781,46.40625,46.75781,48.16406,50.27344,53.08594,51.67969,55.54688,58.00781,58.35938,2.92969,2.40234,2.69531,2.63672,2.69531,2.63672,2.8125,2.75391,2.75391,2.75391,2.8125,2.75391,2.69531,0.124512,0.15625,0.13916,0.134277,0.157471,0.128174,0.126953,0.133057,0.141602,0.144043,0.153809
2017-06-01T01:00:00Z,48.51563,55.89844,56.95313,55.89844,58.00781,60.82031,60.82031,62.22656,60.46875,60.46875,64.33594,63.98438,2.98828,2.46094,2.75391,2.63672,2.63672,2.69531,2.57813,2.75391,2.57813,2.63672,2.57813,2.8125,2.57813,0.140381,0.123291,0.126953,0.12207,0.153809,0.125732,0.13916,0.10498,0.15625,0.12085,0.158691
2017-06-01T01:10:00Z,50.625,53.78906,50.97656,54.14063,56.25,53.4375,59.41406,58.35938,63.98438,61.17188,62.57813,65.03906,2.92969,2.28516,2.46094,2.51953,2.51953,2.51953,2.46094,2.40234,2.46094,2.46094,2.40234,2.46094,2.51953,0.155029,0.15625,0.142822,0.174561,0.129395,0.167236,0.169678,0.189209,0.148926,0.147705,0.178223
2017-06-01T01:20:00Z,54.84375,58.00781,60.82031,61.17188,60.46875,61.52344,61.875,60.46875,61.875,65.39063,67.85156,65.39063,2.8125,2.10938,2.22656,2.22656,2.22656,2.34375,2.28516,2.28516,2.40234,2.46094,2.40234,2.34375,2.40234,0.150146,0.157471,0.166016,0.142822,0.141602,0.146484,0.168457,0.125732,0.147705,0.146484,0.174561
2017-06-01T01:30:00Z,56.95313,60.11719,61.17188,60.82031,61.52344,61.875,66.09375,63.28125,66.79688,67.5,73.125,73.47656,2.63672,1.99219,2.34375,2.10938,2.22656,2.22656,2.16797,2.16797,2.22656,2.22656,2.16797,2.16797,2.10938,0.158691,0.148926,0.146484,0.144043,0.151367,0.163574,0.137939,0.181885,0.153809,0.162354,0.15625
2017-06-01T01:40:00Z,59.76563,64.33594,66.44531,65.03906,65.39063,67.14844,68.90625,69.25781,69.96094,70.66406,74.53125,75.9375,3.39844,2.57813,2.92969,2.98828,2.98828,2.92969,2.98828,2.87109,3.04688,2.87109,2.98828,2.87109,2.98828,0.155029,0.115967,0.177002,0.137939,0.124512,0.158691,0.108643,0.146484,0.142822,0.118408,0.117188
2017-06-01T01:50:00Z,65.39063,67.14844,68.20313,69.96094,69.25781,72.07031,72.42188,75.58594,76.28906,76.28906,77.69531,79.80469,3.63281,2.98828,3.22266,3.33984,3.33984,3.28125,3.22266,3.33984,3.22266,3.28125,3.16406,3.22266,3.16406,0.096436,0.108643,0.118408,0.129395,0.092773,0.085449,0.109863,0.092773,0.107422,0.115967,0.111084
2017-06-01T02:00:00Z,69.60938,74.53125,75.9375,75.23438,74.88281,75.9375,76.99219,77.69531,78.04688,80.15625,81.21094,84.02344,3.69141,3.10547,3.39844,3.28125,3.22266,3.28125,3.33984,3.39844,3.45703,3.33984,3.39844,3.39844,3.45703,0.130615,0.097656,0.106201,0.134277,0.115967,0.095215,0.107422,0.092773,0.111084,0.107422,0.100098
2017-06-01T02:10:00Z,72.42188,75.58594,77.69531,78.39844,76.99219,79.80469,79.45313,81.91406,81.21094,83.67188,85.07813,85.78125,4.27734,3.57422,3.57422,3.57422,3.69141,3.63281,3.80859,3.80859,3.69141,3.63281,3.75,3.80859,3.80859,0.119629,0.168457,0.087891,0.124512,0.108643,0.10376,0.10376,0.112305,0.108643,0.085449,0.078125
2017-06-01T02:20:00Z,75.58594,77.34375,78.75,79.10156,80.15625,80.15625,78.39844,79.45313,80.50781,82.26563,82.26563,84.02344,4.04297,3.28125,3.45703,3.57422,3.51563,3.51563,3.45703,3.51563,3.51563,3.75,3.69141,3.75,3.75,0.10498,0.118408,0.091553,0.129395,0.093994,0.136719,0.134277,0.118408,0.10498,0.106201,0.098877
2017-06-01T02:30:00Z,74.53125,78.75,79.10156,80.15625,78.04688,81.21094,81.5625,84.375,82.61719,84.02344,82.61719,86.83594,4.21875,3.45703,3.57422,3.69141,3.63281,3.63281,3.86719,3.80859,3.92578,3.98438,4.04297,4.16016,4.21875,0.113525,0.119629,0.12085,0.109863,0.097656,0.101318,0.111084,0.096436,0.115967,0.108643,0.102539
2017-06-01T02:40:00Z,76.64063,82.96875,78.04688,81.91406,84.72656,82.96875,82.26563,84.02344,82.61719,85.42969,82.26563,82.61719,4.92188,3.80859,4.33594,4.33594,4.27734,4.33594,4.39453,4.45313,4.51172,4.51172,4.39453,4.27734,4.39453,0.146484,0.131836,0.148926,0.090332,0.113525,0.090332,0.093994,0.089111,0.083008,0.096436,0.075684
2017-06-01T02:50:00Z,86.13281,92.46094,90.35156,90.70313,92.10938,94.92188,92.8125,93.86719,93.51563,93.86719,90.35156,93.86719,4.86328,3.98438,4.16016,4.04297,4.04297,4.16016,4.10156,4.04297,4.10156,4.04297,3.86719,3.98438,3.86719,0.129395,0.114746,0.111084,0.130615,0.117188,0.098877,0.114746,0.102539,0.097656,0.093994,0.12207
2017-06-01T03:00:00Z,94.57031,103.00781,102.30469,100.89844,100.19531,101.95313,103.35938,102.30469,100.89844,100.54688,101.95313,98.78906,4.74609,3.69141,3.80859,3.86719,3.86719,3.80859,3.80859,3.75,3.80859,3.69141,3.63281,3.63281,3.45703,0.084229,0.137939,0.108643,0.140381,0.101318,0.115967,0.100098,0.095215,0.100098,0.109863,0.095215
2017-06-01T03:10:00Z,99.84375,107.57813,107.57813,106.17188,107.22656,109.33594,108.63281,107.22656,108.98438,106.52344,111.09375,106.875,4.45313,3.69141,3.80859,3.80859,3.63281,3.75,3.69141,3.63281,3.69141,3.75,3.57422,3.51563,3.45703,0.078125,0.107422,0.129395,0.111084,0.101318,0.092773,0.113525,0.084229,0.095215,0.10498,0.078125
2017-06-01T03:20:00Z,103.35938,107.57813,108.28125,110.03906,108.28125,106.875,108.98438,111.09375,112.5,111.79688,112.85156,115.3125,4.45313,3.51563,3.75,3.75,3.75,3.63281,3.69141,3.75,3.69141,3.57422,3.57422,3.57422,3.39844,0.161133,0.133057,0.135498,0.10498,0.126953,0.10498,0.123291,0.107422,0.096436,0.109863,0.118408
2017-06-01T03:30:00Z,105.11719,109.33594,111.44531,109.33594,108.98438,110.39063,113.55469,110.74219,112.5,108.98438,110.74219,112.14844,4.74609,3.98438,4.10156,4.16016,4.04297,4.10156,4.10156,4.10156,3.98438,3.92578,3.98438,4.10156,3.98438,0.079346,0.08667,0.093994,0.08667,0.081787,0.091553,0.102539,0.114746,0.093994,0.092773,0.10376
2017-06-01T03:40:00Z,103.71094,109.33594,110.39063,110.39063,112.14844,111.79688,112.85156,112.85156,116.36719,119.88281,122.34375,121.99219,4.80469,4.10156,4.04297,4.10156,4.10156,4.04297,3.98438,3.92578,3.98438,4.04297,3.86719,3.86719,3.75,0.098877,0.112305,0.08667,0.091553,0.070801,0.081787,0.074463,0.089111,0.081787,0.093994,0.106201
2017-06-01T03:50:00Z,104.0625,107.57813,109.6875,107.57813,109.33594,112.5,111.09375,115.66406,116.36719,116.01563,120.23438,120.58594,4.57031,3.86719,3.86719,3.98438,3.80859,3.98438,3.86719,3.80859,3.86719,3.75,3.63281,3.51563,3.39844,0.113525,0.113525,0.118408,0.090332,0.08667,0.124512,0.10376,0.087891,0.10498,0.129395,0.148926
2017-06-01T04:00:00Z,103.35938,107.57813,106.875,105.46875,108.28125,107.92969,106.17188,110.39063,110.03906,112.5,113.90625,114.96094,4.6875,3.86719,4.16016,4.16016,4.16016,4.16016,4.04297,4.10156,4.27734,3.98438,4.10156,3.92578,3.69141,0.098877,0.097656,0.089111,0.092773,0.119629,0.111084,0.095215,0.087891,0.112305,0.125732,0.134277
2017-06-01T04:10:00Z,103.35938,106.875,105.82031,106.52344,105.46875,107.57813,110.39063,108.63281,107.57813,111.09375,110.74219,113.20313,4.86328,4.04297,4.33594,4.33594,4.33594,4.27734,4.45313,4.27734,4.27734,4.27734,4.21875,4.21875,4.27734,0.129395,0.106201,0.098877,0.124512,0.119629,0.119629,0.108643,0.097656,0.10376,0.101318,0.097656
2017-06-01T04:20:00Z,108.98438,111.44531,111.79688,110.03906,109.33594,108.63281,108.98438,113.90625,111.79688,113.90625,113.55469,117.42188,5.27344,4.16016,4.45313,4.39453,4.51172,4.51172,4.45313,4.51172,4.45313,4.6875,4.51172,4.33594,4.33594,0.093994,0.096436,0.115967,0.100098,0.08667,0.079346,0.114746,0.101318,0.091553,0.096436,0.10376
2017-06-01T04:30:00Z,105.82031,110.03906,108.28125,110.74219,108.63281,112.14844,110.03906,109.6875,108.98438,111.09375,108.98438,114.25781,5.44922,4.51172,4.80469,4.86328,4.86328,4.80469,4.80469,4.80469,4.6875,4.62891,4.57031,4.6875,4.57031,0.083008,0.084229,0.097656,0.095215,0.091553,0.096436,0.084229,0.081787,0.085449,0.081787,0.123291
2017-06-01T04:40:00Z,108.63281,111.44531,110.74219,109.6875,110.74219,111.44531,112.5,113.20313,112.5,113.55469,110.74219,113.55469,5.97656,4.86328,5.15625,5.15625,5.21484,5.27344,5.27344,5.39063,5.09766,5.15625,5.09766,5.15625,4.98047,0.101318,0.117188,0.080566,0.087891,0.114746,0.091553,0.079346,0.096436,0.089111,0.091553,0.101318
2017-06-01T04:50:00Z,107.22656,110.74219,112.14844,110.39063,111.44531,111.79688,112.14844,113.20313,113.20313,113.20313,117.77344,114.96094,6.26953,5.09766,5.39063,5.625,5.50781,5.625,5.56641,5.44922,5.44922,5.50781,5.44922,5.39063,5.21484,0.096436,0.083008,0.090332,0.102539,0.063477,0.100098,0.089111,0.062256,0.124512,0.123291,0.090332
2017-06-01T05:00:00Z,110.74219,113.90625,113.55469,111.44531,113.90625,113.55469,116.71875,113.20313,114.96094,116.36719,119.88281,117.77344,5.97656,4.6875,5.09766,5.03906,5.03906,5.15625,5.21484,5.09766,5.09766,5.15625,5.03906,5.09766,4.86328,0.119629,0.090332,0.090332,0.117188,0.106201,0.10376,0.128174,0.08667,0.06958,0.089111,0.12207
2017-06-01T05:10:00Z,106.17188,108.98438,108.63281,108.98438,110.03906,108.98438,111.09375,110.03906,111.79688,112.85156,112.85156,113.90625,6.32813,5.09766,5.74219,5.74219,5.80078,5.74219,5.74219,5.625,5.74219,5.68359,5.625,5.50781,5.50781,0.095215,0.085449,0.084229,0.10498,0.097656,0.093994,0.095215,0.074463,0.090332,0.073242,0.08667
2017-06-01T05:20:00Z,109.6875,113.55469,114.25781,112.14844,115.3125,114.25781,112.5,114.96094,115.66406,116.71875,117.42188,117.42188,6.62109,5.27344,5.97656,5.91797,5.85938,5.80078,5.91797,5.91797,5.85938,5.91797,5.74219,5.85938,5.80078,0.090332,0.084229,0.078125,0.090332,0.085449,0.093994,0.08667,0.095215,0.092773,0.068359,0.093994
2017-06-01T05:30:00Z,112.5,113.90625,114.25781,115.66406,115.3125,117.07031,115.3125,115.66406,117.07031,119.17969,119.17969,122.34375,6.26953,5.21484,5.50781,5.56641,5.56641,5.80078,5.85938,5.68359,5.74219,5.68359,5.68359,5.91797,5.74219,0.126953,0.084229,0.096436,0.098877,0.058594,0.098877,0.093994,0.097656,0.093994,0.095215,0.072021
2017-06-01T05:40:00Z,114.25781,122.34375,118.125,119.53125,121.28906,118.125,122.69531,120.23438,121.99219,123.04688,123.75,124.10156,6.32813,5.09766,5.625,5.56641,5.68359,5.68359,5.68359,5.80078,5.56641,5.74219,5.625,5.91797,5.85938,0.101318,0.106201,0.108643,0.112305,0.091553,0.102539,0.097656,0.072021,0.089111,0.098877,0.090332
2017-06-01T05:50:00Z,117.42188,120.58594,122.69531,119.88281,123.04688,121.64063,123.39844,118.82813,122.34375,122.34375,122.34375,123.39844,6.32813,5.15625,5.625,5.80078,5.80078,5.625,5.68359,5.74219,5.85938,5.97656,5.97656,5.85938,5.97656,0.095215,0.124512,0.106201,0.119629,0.084229,0.091553,0.096436,0.089111,0.12085,0.117188,0.087891
2017-06-01T06:00:00Z,116.36719,118.82813,118.125,122.69531,119.17969,117.77344,122.34375,122.69531,120.9375,125.50781,124.10156,123.75,6.15234,4.92188,5.03906,5.15625,5.21484,5.27344,4.98047,5.33203,5.15625,5.15625,5.15625,5.03906,5.33203,0.145264,0.100098,0.123291,0.195313,0.136719,0.130615,0.130615,0.123291,0.096436,0.151367,0.12085
2017-06-01T06:10:00Z,116.71875,120.23438,119.88281,121.64063,119.53125,116.01563,115.66406,112.14844,116.01563,117.07031,117.77344,118.82813,6.03516,4.62891,4.98047,5.21484,5.15625,5.15625,4.98047,5.15625,5.09766,5.03906,5.15625,5.03906,4.98047,0.129395,0.145264,0.115967,0.108643,0.137939,0.12085,0.126953,0.114746,0.113525,0.126953,0.101318
2017-06-01T06:20:00Z,114.96094,117.42188,117.42188,116.01563,114.25781,113.90625,117.07031,114.96094,116.36719,118.47656,120.58594,121.64063,6.5625,4.6875,5.09766,5.03906,4.92188,4.80469,5.09766,4.98047,4.98047,4.98047,5.03906,5.03906,4.98047,0.123291,0.100098,0.10376,0.115967,0.113525,0.130615,0.093994,0.107422,0.119629,0.129395,0.115967
2017-06-01T06:30:00Z,116.36719,117.07031,120.23438,119.53125,120.9375,120.58594,122.69531,121.99219,121.28906,123.75,124.10156,124.80469,5.50781,4.45313,4.6875,4.92188,4.80469,4.80469,4.80469,4.86328,4.86328,4.74609,4.74609,4.80469,4.86328,0.166016,0.140381,0.115967,0.119629,0.13916,0.134277,0.119629,0.125732,0.133057,0.140381,0.10498
2017-06-01T06:40:00Z,121.64063,126.91406,126.5625,124.10156,125.85938,128.32031,129.375,126.91406,130.07813,130.07813,130.78125,131.83594,5.27344,4.27734,4.45313,4.51172,4.62891,4.62891,4.62891,4.57031,4.57031,4.62891,4.6875,4.51172,4.57031,0.12085,0.124512,0.115967,0.130615,0.096436,0.092773,0.128174,0.115967,0.092773,0.098877,0.108643
2017-06-01T06:50:00Z,125.15625,127.26563,125.85938,124.45313,129.02344,125.85938,126.5625,128.32031,129.375,124.10156,130.78125,127.96875,5.21484,4.10156,4.51172,4.62891,4.51172,4.6875,4.62891,4.62891,4.74609,4.62891,4.74609,4.62891,4.74609,0.151367,0.123291,0.152588,0.12085,0.135498,0.118408,0.091553,0.129395,0.133057,0.101318,0.112305
2017-06-01T07:00:00Z,120.58594,122.34375,126.21094,124.80469,124.80469,126.5625,124.80469,127.96875,127.26563,126.5625,129.02344,130.07813,5.09766,4.33594,4.62891,4.74609,4.57031,4.74609,4.62891,4.6875,4.74609,4.57031,4.51172,4.62891,4.74609,0.095215,0.137939,0.126953,0.106201,0.118408,0.095215,0.119629,0.118408,0.112305,0.151367,0.114746
2017-06-01T07:10:00Z,123.04688,129.02344,126.91406,124.80469,124.10156,124.45313,125.50781,128.67188,128.32031,127.26563,125.85938,128.32031,4.98047,4.10156,4.39453,4.39453,4.39453,4.51172,4.33594,4.45313,4.51172,4.57031,4.39453,4.39453,4.39453,0.133057,0.130615,0.137939,0.135498,0.133057,0.155029,0.144043,0.10498,0.117188,0.148926,0.124512
2017-06-01T07:20:00Z,124.80469,126.91406,126.21094,126.5625,124.80469,129.375,126.5625,126.91406,128.67188,128.32031,128.67188,127.96875,5.03906,3.92578,4.27734,4.21875,4.33594,4.45313,4.51172,4.33594,4.62891,4.33594,4.57031,4.33594,4.33594,0.125732,0.10498,0.133057,0.142822,0.12085,0.135498,0.124512,0.10498,0.08667,0.168457,0.146484
2017-06-01T07:30:00Z,121.64063,123.39844,123.04688,123.39844,125.15625,125.50781,127.96875,126.5625,132.53906,127.96875,129.375,129.02344,4.74609,3.63281,4.04297,3.98438,4.10156,4.10156,4.16016,4.10156,4.16016,4.33594,4.21875,4.33594,4.16016,0.157471,0.163574,0.130615,0.130615,0.117188,0.118408,0.118408,0.123291,0.12085,0.26123,0.146484
2017-06-01T07:40:00Z,123.75,126.91406,129.375,125.85938,126.91406,129.375,127.61719,130.07813,132.1875,132.53906,134.29688,144.14063,4.86328,3.80859,4.21875,4.21875,4.04297,4.04297,4.27734,4.16016,4.10156,4.10156,4.04297,3.86719,3.33984,0.108643,0.10498,0.17334,0.151367,0.109863,0.111084,0.13916,0.112305,0.100098,0.209961,0.224609
2017-06-01T07:50:00Z,125.85938,130.42969,128.67188,130.78125,129.02344,128.67188,132.89063,130.78125,135.70313,131.48438,133.94531,140.97656,5.39063,3.92578,4.27734,4.21875,4.21875,4.33594,4.27734,4.57031,4.39453,4.39453,4.16016,4.04297,3.63281,0.129395,0.112305,0.13916,0.113525,0.111084,0.111084,0.102539,0.090332,0.151367,0.124512,0.224609
2017-06-01T08:00:00Z,129.72656,133.59375,133.94531,130.78125,135.35156,133.24219,133.94531,133.59375,131.83594,135.70313,143.08594,144.49219,4.86328,3.75,4.10156,4.04297,4.10156,3.98438,4.10156,3.98438,3.98438,3.75,3.80859,3.51563,3.10547,0.137939,0.134277,0.150146,0.12085,0.153809,0.151367,0.141602,0.158691,0.146484,0.177002,0.241699
2017-06-01T08:10:00Z,132.89063,135.35156,133.59375,135.0,137.10938,134.64844,135.0,136.75781,139.92188,142.03125,163.47656,172.61719,4.27734,3.16406,3.28125,3.33984,3.33984,3.28125,3.28125,3.16406,3.16406,3.04688,2.8125,2.46094,2.40234,0.10498,0.10498,0.137939,0.12085,0.12085,0.124512,0.146484,0.130615,0.168457,0.150146,0.158691
2017-06-01T08:20:00Z,129.375,133.59375,130.42969,131.83594,132.53906,133.59375,135.35156,133.94531,139.92188,148.71094,176.13281,180.0,3.69141,2.75391,2.87109,2.92969,2.87109,3.04688,3.04688,2.87109,2.75391,2.63672,2.40234,2.22656,2.16797,0.150146,0.161133,0.134277,0.178223,0.130615,0.146484,0.155029,0.135498,0.281982,0.380859,0.162354
2017-06-01T08:30:00Z,124.45313,129.02344,132.1875,129.02344,130.42969,132.53906,131.83594,133.59375,132.89063,148.00781,172.61719,178.24219,3.39844,2.57813,2.87109,2.87109,3.04688,2.87109,2.92969,2.75391,2.57813,2.51953,2.16797,1.875,1.93359,0.162354,0.114746,0.12207,0.133057,0.102539,0.111084,0.151367,0.158691,0.172119,0.163574,0.130615
2017-06-01T08:40:00Z,128.32031,135.70313,135.0,134.64844,131.48438,132.1875,133.94531,132.89063,139.57031,140.27344,163.125,162.77344,3.33984,2.63672,2.87109,2.92969,2.98828,2.92969,2.87109,2.87109,2.75391,2.63672,2.28516,1.93359,2.05078,0.115967,0.129395,0.133057,0.102539,0.095215,0.233154,0.134277,0.205078,0.170898,0.214844,0.402832
2017-06-01T08:50:00Z,131.48438,131.48438,131.13281,130.78125,136.05469,130.42969,130.42969,135.70313,129.02344,154.6875,141.67969,159.25781,3.33984,2.46094,2.69531,2.75391,2.63672,2.87109,2.75391,2.51953,2.63672,2.69531,2.63672,2.28516,2.22656,0.126953,0.128174,0.153809,0.400391,0.184326,0.140381,0.290527,0.477295,0.57373,0.52124,0.595703
2017-06-01T09:00:00Z,125.15625,126.5625,126.5625,124.10156,125.85938,126.91406,128.67188,137.10938,156.79688,166.64063,168.39844,168.04688,2.75391,2.16797,2.40234,2.34375,2.34375,2.34375,2.22656,2.28516,1.93359,1.64063,1.58203,1.58203,1.64063,0.129395,0.123291,0.169678,0.134277,0.13916,0.19165,0.169678,0.162354,0.187988,0.135498,0.163574
2017-06-01T09:10:00Z,126.91406,128.67188,130.42969,126.21094,127.61719,127.96875,133.59375,148.35938,168.04688,173.67188,170.50781,170.85938,2.69531,2.10938,2.16797,2.16797,2.16797,2.10938,2.10938,1.93359,1.64063,1.40625,1.46484,1.52344,1.58203,0.152588,0.114746,0.145264,0.19165,0.12085,0.141602,0.198975,0.20752,0.145264,0.169678,0.164795
2017-06-01T09:20:00Z,122.34375,124.10156,126.5625,128.32031,128.32031,129.72656,132.89063,139.92188,150.82031,171.5625,169.45313,177.89063,2.46094,1.69922,1.875,1.69922,1.81641,1.875,1.69922,1.75781,1.40625,1.34766,1.23047,1.23047,1.17188,0.211182,0.249023,0.187988,0.211182,0.164795,0.163574,0.170898,0.212402,0.249023,0.218506,0.222168
2017-06-01T09:30:00Z,131.13281,132.89063,129.375,129.02344,128.67188,125.85938,145.19531,138.16406,149.76563,169.10156,170.15625,146.25,1.99219,1.34766,2.40234,2.46094,2.51953,2.34375,2.16797,2.51953,2.63672,2.75391,1.99219,2.22656,3.04688,0.554199,0.664063,0.749512,0.675049,0.805664,0.76416,0.882568,0.926514,0.675049,0.770264,0.909424
2017-06-01T09:40:00Z,128.67188,134.29688,131.48438,132.1875,130.78125,133.94531,139.21875,156.09375,170.85938,173.32031,168.04688,180.0,2.16797,1.52344,1.69922,1.81641,1.75781,1.69922,1.64063,1.34766,1.17188,1.11328,1.28906,1.58203,1.34766,0.198975,0.174561,0.134277,0.194092,0.203857,0.262451,0.273438,0.323486,0.494385,1.44165,0.27832
2017-06-01T09:50:00Z,143.08594,143.4375,148.00781,145.19531,142.73438,147.30469,143.78906,161.01563,192.30469,196.17188,197.57813,208.125,2.05078,1.58203,1.81641,1.64063,1.58203,1.69922,1.58203,1.46484,1.23047,1.28906,1.34766,1.40625,1.52344,0.17334,0.168457,0.152588,0.158691,0.186768,0.219727,0.267334,0.610352,0.236816,0.19043,0.456543
2017-06-01T10:00:00Z,151.17188,151.875,143.4375,140.27344,143.78906,136.05469,143.08594,214.45313,221.13281,221.13281,225.70313,232.73438,1.875,1.05469,1.23047,1.17188,1.58203,1.17188,1.05469,0.9375,0.99609,1.23047,1.23047,1.28906,1.17188,0.266113,0.252686,1.019287,0.349121,0.291748,0.302734,0.373535,0.233154,0.253906,0.211182,0.222168
2017-06-01T10:10:00Z,132.89063,132.89063,125.15625,126.21094,123.75,119.17969,99.84375,171.5625,214.45313,209.53125,194.41406,67.85156,1.23047,0.76172,1.05469,0.99609,0.9375,0.99609,0.87891,0.76172,0.87891,0.99609,1.05469,1.05469,1.05469,0.2771,0.268555,0.274658,0.230713,0.227051,0.203857,0.219727,0.220947,0.205078,0.230713,0.258789
2017-06-01T10:20:00Z,112.85156,108.98438,117.42188,113.55469,113.55469,114.60938,88.24219,70.3125,69.96094,77.34375,73.125,68.55469,1.34766,0.87891,1.17188,1.11328,1.11328,1.11328,0.99609,0.76172,0.70313,0.76172,0.82031,0.82031,0.82031,0.189209,0.239258,0.239258,0.240479,0.238037,0.161133,0.126953,0.162354,0.214844,0.158691,0.228271
2017-06-01T10:30:00Z,108.63281,102.65625,106.875,103.35938,102.30469,95.625,68.90625,66.79688,76.28906,69.60938,70.3125,70.3125,1.34766,0.9375,1.23047,1.23047,1.17188,1.11328,0.9375,0.70313,0.70313,0.76172,0.76172,0.82031,0.87891,0.235596,0.224609,0.250244,0.179443,0.238037,0.092773,0.133057,0.159912,0.166016,0.218506,0.454102
2017-06-01T10:40:00Z,103.35938,110.74219,98.4375,98.4375,92.46094,64.33594,53.4375,63.98438,64.6875,58.71094,71.01563,61.875,1.28906,0.82031,1.11328,0.9375,0.9375,0.9375,0.76172,0.70313,0.70313,0.76172,0.70313,0.76172,0.76172,0.294189,0.229492,0.224609,0.233154,0.185547,0.046387,0.097656,0.167236,0.098877,0.183105,0.144043
2017-06-01T10:50:00Z,83.67188,74.17969,68.90625,43.59375,67.85156,57.30469,25.3125,27.42188,33.75,49.57031,32.69531,26.01563,1.69922,0.76172,1.05469,1.52344,1.46484,1.11328,1.17188,0.87891,0.87891,0.82031,0.99609,0.9375,0.9375,0.349121,1.026611,0.904541,0.360107,0.9729,0.494385,0.291748,0.241699,0.444336,0.339355,0.400391
2017-06-01T11:00:00Z,71.71875,73.47656,68.90625,53.08594,55.19531,20.39063,37.96875,16.875,13.71094,3.51563,14.76563,13.71094,1.46484,0.87891,1.28906,1.23047,1.05469,1.05469,0.82031,0.9375,0.76172,0.82031,0.87891,0.82031,0.82031,0.848389,1.251221,0.385742,0.266113,0.178223,0.960693,0.153809,0.202637,0.577393,0.206299,0.213623
2017-06-01T11:10:00Z,70.3125,70.3125,78.04688,72.07031,58.35938,35.85938,23.90625,13.00781,8.4375,16.52344,20.39063,25.66406,1.34766,0.82031,1.17188,1.17188,1.17188,1.05469,0.76172,0.76172,0.76172,0.76172,0.82031,0.82031,0.87891,0.2771,0.233154,0.297852,0.275879,0.197754,0.180664,0.230713,0.161133,0.390625,0.441895,0.41626
2017-06-01T11:20:00Z,63.98438,66.79688,63.63281,63.28125,61.52344,44.64844,39.02344,32.34375,29.88281,37.96875,45.70313,37.26563,1.58203,1.05469,1.28906,1.23047,1.23047,1.17188,0.99609,0.99609,0.9375,0.9375,0.9375,0.99609,0.9375,0.152588,0.22583,0.228271,0.186768,0.218506,0.233154,0.209961,0.218506,0.218506,0.220947,0.212402
2017-06-01T11:30:00Z,57.30469,49.57031,50.97656,53.4375,44.29688,39.72656,17.22656,21.44531,22.14844,27.42188,37.96875,40.42969,1.52344,0.87891,1.11328,1.11328,1.05469,1.11328,0.9375,1.05469,1.05469,0.99609,0.9375,0.99609,0.9375,0.202637,0.201416,0.230713,0.189209,0.240479,0.245361,0.297852,0.233154,0.209961,0.256348,0.196533
2017-06-01T11:40:00Z,33.39844,34.10156,35.15625,31.64063,34.80469,15.82031,13.00781,11.25,13.00781,29.53125,26.71875,36.21094,1.28906,0.76172,1.05469,1.05469,1.11328,1.05469,1.05469,1.17188,1.05469,0.99609,0.99609,0.99609,0.99609,0.202637,0.233154,0.161133,0.228271,0.231934,0.197754,0.214844,0.209961,0.214844,0.19043,0.263672
2017-06-01T11:50:00Z,33.39844,41.48438,42.53906,35.50781,33.04688,30.23438,27.42188,38.32031,36.5625,38.32031,30.9375,56.60156,1.23047,0.76172,1.05469,0.9375,0.9375,1.05469,0.99609,0.99609,0.87891,0.9375,0.9375,1.05469,1.28906,0.847168,0.22583,0.209961,0.440674,0.250244,0.24292,0.240479,0.249023,0.443115,0.227051,1.252441
2017-06-01T12:10:00Z,331.875,333.28125,328.71094,333.63281,330.46875,330.46875,335.74219,339.96094,337.85156,337.85156,334.33594,340.3125,1.64063,1.05469,1.28906,1.17188,1.23047,1.28906,1.17188,1.34766,1.23047,1.28906,1.05469,1.17188,1.05469,0.178223,0.231934,0.211182,0.201416,0.201416,0.177002,0.180664,0.216064,0.220947,0.167236,0.217285
2017-06-01T12:20:00Z,304.10156,309.72656,311.13281,310.42969,308.67188,314.64844,320.27344,319.92188,316.75781,321.32813,318.86719,318.86719,1.75781,1.05469,1.28906,1.28906,1.28906,1.28906,1.28906,1.23047,1.17188,1.17188,1.11328,1.05469,1.11328,0.228271,0.250244,0.234375,0.252686,0.175781,0.209961,0.234375,0.206299,0.246582,0.178223,0.247803
2017-06-01T12:30:00Z,335.03906,346.99219,346.99219,345.23438,345.58594,345.23438,347.34375,348.04688,348.04688,349.80469,349.45313,346.99219,2.16797,1.34766,1.69922,1.69922,1.69922,1.81641,1.64063,1.58203,1.52344,1.58203,1.58203,1.52344,1.52344,0.159912,0.159912,0.206299,0.180664,0.194092,0.137939,0.197754,0.164795,0.177002,0.187988,0.194092
2017-06-01T12:40:00Z,350.50781,351.5625,355.07813,355.42969,355.78125,357.89063,359.29688,358.24219,357.1875,356.83594,357.1875,28.125,2.51953,1.875,2.10938,2.05078,2.05078,1.99219,1.81641,1.81641,1.93359,1.81641,1.81641,1.81641,1.81641,0.12207,0.097656,0.124512,0.12207,0.126953,0.118408,0.152588,0.163574,0.123291,0.141602,0.128174
2017-06-01T12:50:00Z,340.3125,339.96094,339.25781,340.3125,343.82813,342.42188,348.39844,342.07031,344.53125,342.07031,341.01563,346.64063,2.69531,1.99219,2.22656,2.28516,2.22656,2.16797,2.05078,1.875,1.99219,1.99219,1.99219,1.99219,1.875,0.155029,0.118408,0.152588,0.10498,0.158691,0.144043,0.158691,0.147705,0.152588,0.159912,0.194092
2017-06-01T13:00:00Z,334.33594,339.25781,341.71875,342.77344,345.23438,344.17969,346.64063,343.47656,343.82813,343.82813,349.45313,6.32813,2.8125,2.28516,2.40234,2.40234,2.34375,2.34375,2.10938,2.10938,2.16797,2.10938,2.16797,2.05078,1.875,0.126953,0.100098,0.134277,0.100098,0.087891,0.085449,0.157471,0.115967,0.114746,0.197754,0.19043
2017-06-01T13:10:00Z,337.5,342.77344,343.125,342.77344,343.82813,349.45313,346.99219,345.9375,344.17969,343.47656,355.07813,9.49219,2.87109,2.28516,2.46094,2.46094,2.40234,2.34375,2.28516,2.16797,2.22656,2.22656,2.05078,1.93359,1.69922,0.155029,0.106201,0.10498,0.108643,0.131836,0.151367,0.118408,0.115967,0.20874,0.181885,0.201416
2017-06-01T13:20:00Z,337.85156,344.88281,348.39844,348.75,348.39844,349.80469,351.21094,348.39844,350.50781,345.9375,358.94531,16.875,3.04688,2.51953,2.8125,2.75391,2.75391,2.69531,2.57813,2.57813,2.63672,2.46094,1.99219,1.875,1.58203,0.125732,0.090332,0.096436,0.134277,0.124512,0.096436,0.123291,0.136719,0.211182,0.172119,0.129395
2017-06-01T13:30:00Z,346.99219,351.21094,352.61719,353.32031,353.67188,354.02344,356.13281,354.02344,354.375,351.91406,7.73438,13.71094,3.10547,2.69531,2.8125,2.75391,2.75391,2.75391,2.63672,2.69531,2.69531,2.51953,1.99219,1.64063,1.69922,0.085449,0.102539,0.084229,0.08667,0.092773,0.097656,0.089111,0.166016,0.258789,0.236816,0.202637
2017-06-01T13:40:00Z,356.13281,3.16406,2.8125,3.86719,3.16406,5.625,4.92188,3.86719,4.57031,3.51563,1.40625,11.95313,3.22266,2.57813,2.75391,2.8125,2.8125,2.75391,2.69531,2.63672,2.75391,2.57813,2.16797,1.75781,1.75781,0.098877,0.100098,0.087891,0.081787,0.114746,0.113525,0.083008,0.140381,0.302734,0.219727,0.240479
2017-06-01T13:50:00Z,3.16406,9.14063,7.73438,8.4375,9.14063,11.25,12.65625,10.54688,7.38281,17.22656,37.26563,28.47656,3.28125,2.8125,2.87109,2.87109,2.87109,2.87109,2.75391,2.75391,2.69531,2.46094,1.93359,1.52344,1.58203,0.067139,0.097656,0.079346,0.073242,0.072021,0.06958,0.096436,0.22583,0.32959,0.319824,0.29541
2017-06-01T14:00:00Z,5.97656,9.84375,8.78906,9.14063,12.65625,14.76563,16.52344,11.60156,13.00781,24.60938,37.26563,30.23438,3.45703,2.92969,3.04688,3.04688,3.04688,3.10547,2.98828,2.98828,3.04688,2.46094,1.52344,1.46484,1.69922,0.095215,0.096436,0.093994,0.092773,0.085449,0.083008,0.106201,0.334473,0.322266,0.264893,0.3125
2017-06-01T14:10:00Z,4.92188,10.54688,9.84375,9.14063,14.76563,17.57813,15.46875,11.95313,22.14844,33.04688,40.78125,30.58594,3.51563,2.69531,2.87109,3.04688,2.98828,2.92969,2.87109,2.8125,2.16797,1.58203,1.17188,1.23047,1.46484,0.08667,0.073242,0.08667,0.076904,0.075684,0.097656,0.379639,0.516357,0.303955,0.32959,0.283203
2017-06-01T14:20:00Z,4.92188,10.54688,12.30469,11.95313,15.46875,20.03906,15.11719,11.95313,15.46875,40.07813,42.1875,33.39844,3.51563,2.98828,3.33984,3.39844,3.45703,3.28125,3.10547,3.10547,2.16797,1.46484,1.05469,1.23047,1.64063,0.061035,0.063477,0.05127,0.083008,0.101318,0.057373,0.360107,0.201416,0.189209,0.258789,0.341797
2017-06-01T14:30:00Z,4.21875,10.54688,9.49219,9.84375,13.71094,17.92969,14.41406,13.71094,5.97656,17.57813,16.17188,17.22656,3.33984,2.92969,3.28125,3.39844,3.39844,3.39844,3.16406,3.16406,2.69531,1.875,1.64063,2.22656,2.75391,0.063477,0.072021,0.056152,0.063477,0.057373,0.058594,0.281982,0.379639,0.437012,0.404053,0.233154
2017-06-01T14:40:00Z,7.38281,15.11719,17.57813,15.46875,19.33594,23.90625,20.03906,18.98438,16.17188,16.17188,21.09375,20.03906,3.22266,2.69531,3.10547,3.16406,3.22266,3.22266,3.10547,3.04688,3.10547,2.92969,2.87109,2.8125,2.92969,0.061035,0.06958,0.059814,0.050049,0.063477,0.063477,0.058594,0.12085,0.079346,0.155029,0.076904
2017-06-01T14:50:00Z,10.89844,14.76563,14.76563,15.82031,19.6875,23.20313,19.6875,20.03906,17.92969,17.92969,18.63281,20.03906,3.10547,2.69531,2.98828,3.04688,2.98828,3.10547,2.98828,2.87109,2.98828,2.92969,2.8125,2.87109,2.87109,0.083008,0.083008,0.085449,0.061035,0.073242,0.084229,0.074463,0.078125,0.091553,0.06958,0.056152
2017-06-01T15:00:00Z,4.57031,10.89844,12.65625,11.95313,15.46875,19.6875,17.92969,16.875,15.11719,16.875,15.11719,17.57813,3.16406,2.69531,2.92969,3.10547,2.98828,3.10547,3.04688,2.98828,2.98828,3.04688,2.92969,3.04688,2.92969,0.062256,0.064697,0.064697,0.063477,0.074463,0.062256,0.05127,0.054932,0.06958,0.058594,0.058594
2017-06-01T15:10:00Z,6.67969,11.60156,13.35938,13.00781,19.6875,22.85156,20.03906,18.28125,18.28125,15.82031,19.33594,20.03906,2.87109,2.46094,2.57813,2.75391,2.75391,2.8125,2.75391,2.63672,2.69531,2.69531,2.63672,2.63672,2.57813,0.085449,0.080566,0.089111,0.079346,0.074463,0.072021,0.087891,0.068359,0.084229,0.090332,0.079346
2017-06-01T15:20:00Z,8.08594,16.17188,16.875,15.82031,19.6875,23.90625,23.20313,20.39063,20.39063,18.63281,20.03906,20.39063,2.69531,2.34375,2.57813,2.69531,2.75391,2.92969,2.87109,2.69531,2.69531,2.75391,2.69531,2.69531,2.69531,0.081787,0.073242,0.063477,0.05127,0.070801,0.076904,0.062256,0.06958,0.068359,0.062256,0.05249
2017-06-01T15:30:00Z,13.00781,23.55469,22.85156,23.55469,26.36719,27.77344,26.71875,25.3125,24.25781,25.3125,26.71875,28.47656,2.57813,2.16797,2.51953,2.63672,2.63672,2.8125,2.57813,2.51953,2.57813,2.63672,2.51953,2.51953,2.40234,0.108643,0.073242,0.070801,0.068359,0.084229,0.06958,0.067139,0.068359,0.075684,0.109863,0.072021
2017-06-01T15:40:00Z,22.85156,29.17969,30.23438,30.9375,31.99219,33.39844,32.34375,32.69531,31.28906,32.69531,36.21094,43.24219,2.75391,2.34375,2.57813,2.8125,2.75391,2.92969,2.57813,2.51953,2.63672,2.63672,2.57813,2.40234,2.28516,0.10498,0.081787,0.063477,0.08667,0.124512,0.073242,0.073242,0.08667,0.109863,0.112305,0.117188
2017-06-01T15:50:00Z,28.82813,34.80469,34.80469,35.15625,36.5625,34.80469,36.21094,34.10156,35.50781,36.91406,45.0,55.19531,2.92969,2.51953,2.8125,2.98828,2.92969,2.92969,2.69531,2.8125,2.8125,2.69531,2.63672,2.28516,2.16797,0.081787,0.068359,0.078125,0.053711,0.070801,0.068359,0.043945,0.078125,0.097656,0.043945,0.079346
2017-06-01T16:00:00Z,28.82813,33.04688,36.91406,35.15625,37.61719,34.10156,36.21094,34.80469,43.94531,52.38281,59.0625,62.57813,3.28125,2.8125,3.10547,3.22266,3.22266,3.10547,2.63672,2.75391,2.75391,2.51953,2.22656,2.05078,2.05078,0.092773,0.072021,0.059814,0.108643,0.117188,0.189209,0.164795,0.22583,0.186768,0.10376,0.100098
2017-06-01T16:10:00Z,22.85156,30.23438,30.58594,30.58594,33.04688,26.71875,30.23438,31.28906,61.875,65.39063,63.63281,63.63281,2.98828,2.57813,3.10547,3.22266,3.22266,2.92969,2.51953,2.69531,2.57813,1.64063,1.58203,1.69922,1.81641,0.057373,0.06958,0.05249,0.057373,0.074463,0.194092,0.20874,0.270996,0.106201,0.107422,0.083008
2017-06-01T16:20:00Z,20.74219,30.9375,32.34375,31.99219,27.77344,25.66406,27.77344,30.23438,81.5625,63.98438,62.92969,60.46875,2.98828,2.57813,3.04688,3.28125,3.28125,2.75391,2.63672,2.51953,1.99219,1.23047,1.34766,1.52344,1.69922,0.039063,0.064697,0.050049,0.045166,0.058594,0.222168,0.367432,0.126953,0.124512,0.097656,0.090332
2017-06-01T16:30:00Z,22.14844,29.17969,31.28906,32.69531,23.90625,23.90625,31.99219,56.60156,56.95313,53.78906,56.60156,56.60156,2.75391,2.40234,3.10547,3.16406,3.22266,2.57813,2.40234,2.22656,1.11328,1.28906,1.52344,1.75781,1.875,0.076904,0.053711,0.063477,0.063477,0.196533,0.240479,0.180664,0.181885,0.146484,0.118408,0.10376
2017-06-01T16:40:00Z,16.17188,24.60938,27.77344,26.36719,18.28125,31.99219,41.48438,56.25,46.75781,48.51563,52.73438,53.08594,2.98828,2.51953,3.39844,3.28125,3.33984,2.8125,2.34375,1.46484,1.28906,1.58203,1.81641,2.05078,2.10938,0.045166,0.063477,0.070801,0.091553,0.292969,0.374756,0.152588,0.118408,0.123291,0.075684,0.065918
2017-06-01T16:50:00Z,17.22656,28.47656,27.42188,28.47656,16.875,52.73438,41.13281,46.05469,47.8125,52.38281,54.84375,56.25,2.92969,2.46094,3.28125,3.16406,3.10547,2.63672,1.46484,1.11328,1.64063,1.93359,2.16797,2.28516,2.34375,0.073242,0.072021,0.08667,0.087891,0.230713,0.200195,0.097656,0.083008,0.058594,0.039063,0.054932
2017-06-01T17:00:00Z,28.82813,34.80469,35.50781,34.10156,29.17969,57.30469,40.78125,51.67969,54.14063,56.25,56.60156,58.35938,3.10547,2.63672,3.33984,3.28125,3.28125,2.63672,1.40625,1.34766,1.75781,2.05078,2.28516,2.46094,2.40234,0.06958,0.08667,0.10376,0.136719,0.308838,0.186768,0.123291,0.106201,0.084229,0.087891,0.06958
2017-06-01T17:10:00Z,34.45313,39.72656,38.67188,38.32031,31.28906,27.42188,40.78125,47.8125,50.625,52.38281,53.08594,54.49219,3.63281,2.98828,3.75,3.80859,3.75,3.16406,1.93359,1.69922,2.22656,2.46094,2.57813,2.57813,2.57813,0.054932,0.102539,0.091553,0.140381,0.443115,0.157471,0.08667,0.089111,0.095215,0.081787,0.079346
2017-06-01T17:20:00Z,37.61719,42.1875,41.48438,41.83594,35.15625,30.58594,32.34375,44.64844,46.40625,47.46094,51.67969,53.4375,3.75,2.98828,3.92578,4.04297,4.16016,3.45703,2.63672,1.81641,2.34375,2.34375,2.40234,2.40234,2.40234,0.081787,0.078125,0.070801,0.112305,0.362549,0.107422,0.081787,0.078125,0.059814,0.073242,0.070801
2017-06-01T17:30:00Z,37.96875,42.89063,43.59375,43.59375,40.07813,34.10156,31.28906,38.67188,40.42969,43.59375,46.75781,53.08594,3.75,3.16406,4.10156,4.45313,4.39453,3.98438,3.33984,2.51953,2.16797,2.28516,2.34375,2.34375,2.40234,0.056152,0.059814,0.057373,0.091553,0.096436,0.281982,0.107422,0.090332,0.089111,0.097656,0.062256
2017-06-01T17:40:00Z,40.42969,46.75781,47.46094,47.10938,42.1875,31.64063,33.39844,40.42969,41.48438,41.13281,47.10938,54.84375,3.92578,3.33984,4.33594,4.57031,4.57031,4.04297,3.16406,2.57813,2.69531,2.87109,2.87109,2.75391,2.69531,0.032959,0.067139,0.0354,0.068359,0.065918,0.076904,0.100098,0.084229,0.070801,0.057373,0.06958
2017-06-01T17:50:00Z,44.29688,48.86719,50.27344,50.27344,45.70313,39.375,38.32031,40.42969,43.59375,46.75781,58.71094,63.63281,3.80859,3.28125,4.57031,4.74609,4.86328,4.21875,3.45703,2.75391,2.98828,3.04688,2.87109,2.63672,2.69531,0.054932,0.058594,0.075684,0.072021,0.142822,0.076904,0.073242,0.06958,0.070801,0.065918,0.068359
2017-06-01T18:00:00Z,45.35156,50.27344,50.625,50.625,46.75781,42.1875,41.83594,43.24219,46.75781,62.57813,65.39063,66.44531,4.33594,3.63281,4.92188,5.03906,5.03906,4.39453,3.51563,2.98828,3.10547,3.04688,2.75391,2.87109,2.87109,0.046387,0.05249,0.057373,0.058594,0.118408,0.064697,0.061035,0.076904,0.076904,0.068359,0.068359
2017-06-01T18:10:00Z,43.94531,48.51563,49.92188,48.16406,43.59375,40.07813,40.42969,40.42969,51.67969,61.875,66.79688,65.39063,4.16016,3.57422,4.92188,4.80469,4.86328,4.27734,3.63281,3.10547,3.16406,2.8125,2.69531,2.75391,2.87109,0.046387,0.074463,0.083008,0.068359,0.146484,0.073242,0.087891,0.065918,0.062256,0.070801,0.078125
2017-06-01T18:20:00Z,47.10938,52.38281,49.92188,50.625,46.05469,44.29688,46.40625,46.75781,63.28125,65.39063,66.44531,67.5,4.04297,3.57422,4.57031,4.27734,4.27734,3.86719,3.22266,3.39844,3.22266,2.75391,2.8125,2.92969,2.87109,0.056152,0.059814,0.046387,0.068359,0.064697,0.058594,0.072021,0.097656,0.08667,0.078125,0.059814
2017-06-01T18:30:00Z,48.16406,51.32813,52.38281,52.38281,49.57031,45.0,44.64844,45.35156,59.76563,67.14844,66.44531,67.5,3.98438,3.39844,4.80469,4.62891,4.62891,4.16016,3.51563,3.39844,3.45703,2.87109,2.87109,2.87109,2.87109,0.064697,0.065918,0.058594,0.076904,0.067139,0.068359,0.075684,0.101318,0.070801,0.062256,0.092773
2017-06-01T18:40:00Z,50.625,55.89844,54.84375,55.54688,55.89844,51.67969,50.27344,53.08594,56.25,69.25781,72.07031,70.66406,3.98438,3.28125,4.74609,4.51172,4.57031,4.27734,3.86719,3.57422,3.57422,3.28125,2.8125,2.8125,2.8125,0.048828,0.048828,0.064697,0.058594,0.064697,0.070801,0.073242,0.073242,0.083008,0.070801,0.068359
2017-06-01T18:50:00Z,55.19531,58.00781,55.54688,55.89844,55.89844,53.08594,55.19531,54.84375,59.76563,72.07031,75.9375,75.58594,4.10156,3.28125,4.57031,4.33594,4.45313,4.21875,3.86719,3.75,3.63281,3.51563,2.8125,2.92969,2.87109,0.083008,0.089111,0.081787,0.070801,0.083008,0.085449,0.063477,0.084229,0.063477,0.078125,0.089111
2017-06-01T19:00:00Z,52.03125,55.19531,52.73438,53.08594,55.89844,52.38281,56.95313,59.0625,69.96094,75.58594,78.39844,78.75,3.75,2.98828,4.21875,4.27734,4.33594,3.86719,3.57422,3.69141,3.57422,3.22266,3.04688,3.16406,3.10547,0.067139,0.06958,0.084229,0.084229,0.075684,0.068359,0.096436,0.083008,0.124512,0.08667,0.107422
2017-06-01T19:10:00Z,52.38281,53.4375,54.84375,53.4375,52.73438,56.60156,63.98438,74.17969,80.15625,83.67188,83.67188,86.13281,3.69141,2.98828,4.45313,4.04297,4.04297,3.63281,3.63281,3.57422,3.33984,3.28125,3.16406,3.10547,3.22266,0.047607,0.046387,0.070801,0.078125,0.059814,0.054932,0.079346,0.070801,0.058594,0.076904,0.06958
2017-06-01T19:20:00Z,52.38281,52.73438,54.84375,52.38281,54.49219,55.54688,63.28125,74.88281,80.15625,83.32031,85.78125,87.89063,3.28125,2.57813,4.27734,3.92578,4.04297,3.63281,3.57422,3.45703,3.39844,3.28125,3.22266,3.10547,3.04688,0.065918,0.070801,0.083008,0.072021,0.06958,0.073242,0.06958,0.083008,0.064697,0.087891,0.070801
2017-06-01T19:30:00Z,55.54688,53.08594,58.35938,56.95313,60.11719,62.57813,76.64063,84.375,86.83594,86.83594,89.29688,91.75781,2.92969,2.40234,3.98438,3.86719,3.80859,3.63281,3.45703,3.33984,3.33984,3.39844,3.22266,3.10547,2.92969,0.074463,0.087891,0.072021,0.084229,0.070801,0.084229,0.079346,0.089111,0.067139,0.057373,0.085449
2017-06-01T19:40:00Z,64.33594,61.875,64.6875,65.03906,67.14844,71.36719,85.78125,92.10938,90.35156,91.05469,91.75781,94.21875,2.87109,2.34375,3.92578,4.04297,4.16016,3.86719,3.69141,3.57422,3.69141,3.63281,3.57422,3.45703,3.28125,0.072021,0.080566,0.083008,0.072021,0.079346,0.070801,0.092773,0.080566,0.080566,0.08667,0.076904
2017-06-01T19:50:00Z,72.42188,69.25781,66.44531,68.20313,70.66406,75.58594,90.0,93.16406,96.32813,95.97656,95.97656,99.84375,2.75391,2.22656,3.75,4.21875,4.27734,3.80859,3.57422,3.57422,3.69141,3.63281,3.57422,3.45703,3.33984,0.064697,0.064697,0.053711,0.054932,0.083008,0.08667,0.063477,0.064697,0.068359,0.08667,0.10498
2017-06-01T20:00:00Z,67.85156,66.79688,65.39063,65.03906,69.60938,77.34375,93.51563,93.86719,98.4375,102.65625,112.5,112.85156,2.63672,1.99219,3.63281,4.10156,4.10156,3.75,3.22266,3.33984,3.51563,3.51563,3.22266,2.92969,2.87109,0.079346,0.075684,0.045166,0.067139,0.084229,0.070801,0.067139,0.079346,0.095215,0.084229,0.090332
2017-06-01T20:10:00Z,77.34375,69.96094,71.01563,72.77344,73.47656,86.83594,93.16406,97.73438,102.65625,109.33594,114.25781,117.77344,2.22656,1.75781,3.57422,3.92578,3.98438,3.51563,3.10547,3.39844,3.45703,3.28125,3.04688,3.04688,3.04688,0.064697,0.072021,0.062256,0.074463,0.091553,0.085449,0.096436,0.087891,0.076904,0.076904,0.097656
2017-06-01T20:20:00Z,86.83594,79.80469,76.28906,75.23438,76.99219,86.48438,97.03125,99.49219,106.875,109.6875,113.20313,117.42188,2.28516,1.875,3.69141,4.21875,4.27734,3.86719,3.33984,3.39844,3.57422,3.51563,3.28125,3.16406,3.16406,0.061035,0.073242,0.061035,0.090332,0.078125,0.089111,0.073242,0.10376,0.095215,0.097656,0.084229
2017-06-01T20:30:00Z,91.75781,79.80469,74.88281,75.58594,77.34375,85.42969,95.97656,99.84375,104.76563,109.33594,112.5,116.71875,2.34375,1.93359,3.69141,4.51172,4.39453,4.16016,3.51563,3.57422,3.75,3.63281,3.39844,3.28125,3.28125,0.05249,0.054932,0.062256,0.072021,0.085449,0.078125,0.063477,0.058594,0.068359,0.067139,0.072021
2017-06-01T20:40:00Z,88.24219,76.99219,73.47656,73.125,75.58594,87.53906,95.27344,97.03125,103.35938,107.57813,112.85156,117.77344,2.46094,1.99219,4.10156,4.86328,4.92188,4.21875,3.63281,3.75,3.92578,3.63281,3.45703,3.39844,3.33984,0.073242,0.06958,0.068359,0.073242,0.083008,0.083008,0.072021,0.061035,0.083008,0.076904,0.063477
2017-06-01T20:50:00Z,82.26563,75.58594,72.77344,74.17969,76.99219,84.375,90.70313,93.86719,99.49219,107.92969,112.14844,116.01563,2.51953,1.99219,4.16016,5.03906,4.98047,4.39453,3.69141,4.04297,4.21875,3.92578,3.63281,3.45703,3.45703,0.054932,0.064697,0.061035,0.070801,0.067139,0.074463,0.074463,0.081787,0.079346,0.073242,0.090332
2017-06-01T21:00:00Z,92.46094,83.67188,80.50781,80.85938,87.89063,91.75781,93.51563,99.49219,106.17188,112.5,116.71875,120.58594,2.63672,2.10938,4.33594,4.80469,4.74609,4.27734,4.21875,4.45313,4.51172,4.16016,3.98438,3.98438,3.92578,0.062256,0.056152,0.062256,0.061035,0.096436,0.081787,0.081787,0.097656,0.073242,0.100098,0.076904
2017-06-01T21:10:00Z,101.25,86.48438,87.53906,85.07813,94.57031,95.625,99.84375,108.63281,112.85156,116.71875,119.17969,121.28906,2.87109,2.34375,4.33594,4.74609,4.80469,4.39453,4.80469,4.92188,4.80469,4.57031,4.51172,4.45313,4.45313,0.064697,0.065918,0.050049,0.06958,0.048828,0.075684,0.072021,0.079346,0.065918,0.070801,0.057373
2017-06-01T21:20:00Z,106.52344,93.51563,94.57031,92.10938,99.84375,101.95313,108.63281,114.96094,117.42188,120.58594,119.88281,121.64063,3.63281,3.04688,5.15625,5.33203,5.44922,5.03906,5.56641,5.56641,5.33203,5.27344,5.21484,5.21484,5.21484,0.064697,0.08667,0.093994,0.076904,0.059814,0.068359,0.057373,0.076904,0.064697,0.061035,0.078125
2017-06-01T21:30:00Z,112.5,98.08594,100.54688,99.49219,102.30469,104.76563,108.28125,112.5,114.96094,116.36719,116.71875,116.71875,3.69141,3.16406,5.39063,5.27344,5.39063,5.625,6.03516,5.97656,5.85938,5.68359,5.50781,5.68359,5.68359,0.05249,0.070801,0.070801,0.067139,0.061035,0.061035,0.079346,0.087891,0.083008,0.067139,0.079346
2017-06-01T21:40:00Z,114.25781,101.60156,106.17188,105.11719,106.17188,108.98438,108.63281,111.44531,112.14844,114.25781,115.66406,118.47656,4.04297,3.39844,5.56641,5.33203,5.44922,5.97656,6.44531,6.62109,6.79688,6.85547,6.67969,6.5625,6.44531,0.054932,0.06958,0.073242,0.057373,0.067139,0.057373,0.063477,0.057373,0.076904,0.056152,0.058594
2017-06-01T21:50:00Z,115.66406,104.0625,108.28125,108.63281,104.76563,108.98438,111.44531,114.25781,115.3125,117.77344,119.53125,124.10156,3.98438,3.33984,5.56641,5.33203,5.44922,6.09375,6.73828,6.97266,6.97266,6.97266,6.91406,6.73828,6.44531,0.061035,0.078125,0.041504,0.057373,0.061035,0.05127,0.041504,0.045166,0.043945,0.056152,0.067139
2017-06-01T22:00:00Z,112.5,105.11719,105.11719,104.0625,107.22656,112.5,113.20313,116.71875,116.71875,119.17969,120.58594,124.10156,3.80859,3.16406,5.50781,5.44922,5.44922,6.03516,6.44531,6.73828,6.85547,6.79688,6.50391,6.15234,5.97656,0.059814,0.050049,0.061035,0.058594,0.067139,0.048828,0.05249,0.061035,0.058594,0.068359,0.089111
2017-06-01T22:10:00Z,110.39063,105.11719,103.71094,104.0625,109.33594,111.44531,113.55469,114.60938,116.71875,119.17969,121.99219,122.34375,3.86719,3.28125,5.21484,5.56641,5.56641,6.21094,6.62109,6.38672,6.44531,6.44531,6.38672,6.09375,6.03516,0.054932,0.05127,0.050049,0.045166,0.046387,0.059814,0.057373,0.046387,0.053711,0.065918,0.058594
2017-06-01T22:20:00Z,119.17969,109.33594,108.63281,108.98438,115.3125,117.77344,123.39844,125.85938,129.72656,130.07813,130.78125,130.42969,3.28125,2.8125,5.44922,6.03516,6.03516,6.44531,6.5625,6.62109,6.67969,6.5625,6.38672,6.32813,6.32813,0.046387,0.057373,0.045166,0.048828,0.045166,0.050049,0.059814,0.057373,0.057373,0.045166,0.047607
2017-06-01T22:30:00Z,123.75,116.01563,121.64063,121.64063,129.72656,132.53906,131.83594,133.24219,136.05469,136.05469,137.10938,136.05469,3.63281,2.92969,5.80078,6.50391,6.62109,6.50391,6.79688,7.14844,7.03125,6.79688,6.44531,6.21094,6.21094,0.047607,0.050049,0.045166,0.042725,0.05127,0.068359,0.056152,0.050049,0.050049,0.057373,0.054932
2017-06-01T22:40:00Z,129.02344,123.75,129.02344,127.26563,132.53906,130.07813,129.02344,128.67188,129.72656,135.70313,137.8125,139.21875,3.39844,2.63672,5.33203,6.15234,6.21094,6.62109,7.08984,7.14844,6.91406,6.73828,6.32813,6.03516,5.85938,0.057373,0.064697,0.053711,0.042725,0.041504,0.05127,0.059814,0.05249,0.061035,0.057373,0.059814
2017-06-01T22:50:00Z,129.02344,127.61719,133.24219,133.59375,131.13281,126.91406,127.96875,129.72656,130.78125,132.89063,134.64844,138.51563,2.57813,2.10938,5.39063,6.21094,6.21094,6.91406,6.97266,6.67969,6.5625,6.50391,6.32813,6.21094,5.91797,0.059814,0.046387,0.056152,0.05249,0.058594,0.056152,0.053711,0.053711,0.054932,0.058594,0.064697
2017-06-01T23:00:00Z,132.89063,131.48438,135.70313,134.64844,128.67188,126.91406,129.02344,132.53906,133.94531,135.35156,137.8125,139.92188,2.40234,1.93359,5.27344,6.15234,6.21094,6.85547,6.97266,6.62109,6.32813,6.21094,6.15234,6.15234,6.09375,0.064697,0.046387,0.043945,0.041504,0.048828,0.048828,0.043945,0.063477,0.05127,0.053711,0.042725
2017-06-01T23:10:00Z,137.46094,134.64844,132.1875,132.53906,127.61719,126.5625,128.67188,130.07813,133.24219,136.05469,142.38281,143.08594,2.28516,1.875,5.56641,6.38672,6.38672,6.91406,6.67969,6.32813,6.26953,6.09375,6.03516,5.85938,5.74219,0.05127,0.057373,0.059814,0.043945,0.072021,0.061035,0.05249,0.057373,0.056152,0.056152,0.059814
2017-06-01T23:20:00Z,135.35156,135.0,130.78125,130.78125,126.91406,125.50781,128.67188,127.26563,132.53906,137.8125,140.97656,141.67969,2.05078,1.64063,5.27344,6.44531,6.38672,6.97266,6.91406,6.85547,6.5625,6.38672,6.09375,5.97656,5.80078,0.039063,0.045166,0.05249,0.05249,0.05127,0.040283,0.056152,0.064697,0.053711,0.056152,0.063477
2017-06-01T23:30:00Z,134.64844,135.0,131.13281,130.78125,126.91406,126.5625,127.96875,127.26563,131.83594,137.46094,139.21875,143.08594,2.10938,1.69922,5.33203,6.09375,6.03516,6.5625,6.5625,6.50391,6.38672,6.21094,5.91797,5.74219,5.68359,0.053711,0.046387,0.064697,0.047607,0.05249,0.05127,0.048828,0.045166,0.042725,0.053711,0.048828
2017-06-01T23:40:00Z,131.13281,136.40625,132.89063,133.59375,127.26563,127.61719,129.375,131.48438,130.42969,133.24219,137.10938,140.27344,1.93359,1.58203,4.92188,5.91797,5.74219,6.73828,6.97266,6.67969,6.38672,6.26953,6.09375,6.03516,5.80078,0.061035,0.05127,0.05127,0.042725,0.057373,0.053711,0.072021,0.053711,0.054932,0.057373,0.053711
2017-06-01T23:50:00Z,130.42969,139.57031,135.70313,135.35156,130.78125,128.67188,130.07813,131.13281,132.53906,134.64844,137.8125,138.86719,1.75781,0.9375,3.92578,4.98047,4.80469,6.03516,6.50391,6.50391,6.44531,6.32813,6.15234,6.03516,5.85938,0.131836,0.091553,0.111084,0.075684,0.039063,0.036621,0.053711,0.054932,0.061035,0.053711,0.050049