LOCATION: 
SYSTEM SERIAL: HKZB
TIMESTAMP (ISO-8601) UTC,WindDir004m deg,WindDir030m deg,WindDir040m deg,WindDir040m_ref deg,WindDir060m deg,WindDir080m deg,WindDir100m deg,WindDir120m deg,WindDir140m deg,WindDir160m deg,WindDir180m deg,WindDir200m deg,WindGust004m m/s,WindSpeed004m m/s,WindSpeed030mh m/s,WindSpeed040mh m/s,WindSpeed040m_refh m/s,WindSpeed060mh m/s,WindSpeed080mh m/s,WindSpeed100mh m/s,WindSpeed120mh m/s,WindSpeed140mh m/s,WindSpeed160mh m/s,WindSpeed180mh m/s,WindSpeed200mh m/s,TI 030m,TI 040m,TI 040m ref,TI 060m,TI 080m,TI 100m,TI 120m,TI 140m,TI 160m,TI 180m,TI 200m
2017-02-05T00:00:00Z,254.53125,255.23438,256.64063,256.64063,259.45313,265.07813,266.83594,274.21875,278.4375,289.6875,280.54688,290.39063,3.39844,2.8125,3.33984,3.39844,3.51563,3.33984,3.28125,3.10547,2.98828,2.57813,2.63672,2.63672,2.75391,0.117188,0.135498,0.112305,0.133057,0.164795,0.152588,0.217285,0.212402,0.258789,0.27832,0.269775
2017-02-05T00:10:00Z,248.55469,245.39063,247.5,248.20313,249.60938,253.47656,256.64063,259.10156,260.85938,267.1875,270.70313,276.32813,3.28125,2.8125,3.57422,3.69141,3.75,3.51563,3.63281,3.33984,3.22266,2.69531,2.92969,2.51953,2.87109,0.118408,0.061035,0.073242,0.128174,0.118408,0.140381,0.20874,0.212402,0.286865,0.267334,0.283203
2017-02-05T00:20:00Z,243.28125,249.60938,253.125,251.36719,256.99219,260.15625,262.96875,268.94531,271.05469,277.73438,276.32813,291.44531,3.45703,2.87109,3.51563,3.51563,3.57422,3.39844,3.16406,3.10547,3.10547,2.87109,2.8125,2.8125,3.22266,0.084229,0.125732,0.085449,0.124512,0.141602,0.140381,0.205078,0.233154,0.220947,0.230713,0.296631
2017-02-05T00:30:00Z,248.90625,249.25781,252.77344,253.47656,254.17969,257.69531,261.21094,260.85938,264.72656,270.70313,269.29688,273.16406,3.10547,2.63672,3.57422,3.63281,3.63281,3.63281,3.33984,3.22266,3.04688,3.10547,3.10547,3.39844,3.33984,0.085449,0.075684,0.12207,0.146484,0.117188,0.137939,0.164795,0.157471,0.22583,0.26123,0.197754
2017-02-05T00:40:00Z,247.85156,249.96094,251.01563,251.01563,254.88281,257.69531,260.15625,260.50781,261.21094,264.02344,268.59375,279.84375,3.22266,2.69531,3.98438,4.10156,4.16016,4.33594,4.04297,3.80859,3.63281,3.51563,3.45703,3.51563,3.86719,0.096436,0.08667,0.090332,0.083008,0.075684,0.102539,0.074463,0.111084,0.097656,0.119629,0.124512
2017-02-05T00:50:00Z,245.74219,247.5,249.96094,248.20313,254.53125,259.10156,262.26563,265.78125,267.53906,282.65625,283.00781,291.44531,4.39453,3.39844,4.21875,4.39453,4.45313,4.45313,4.33594,3.98438,3.69141,3.63281,3.63281,3.92578,3.86719,0.090332,0.06958,0.083008,0.092773,0.092773,0.101318,0.126953,0.147705,0.20752,0.131836,0.198975
2017-02-05T01:00:00Z,243.28125,244.33594,248.20313,248.90625,253.47656,258.04688,260.15625,265.42969,264.72656,271.40625,275.97656,287.22656,3.98438,3.45703,4.27734,4.62891,4.57031,4.6875,4.45313,4.27734,4.16016,3.92578,3.98438,3.75,4.16016,0.084229,0.074463,0.089111,0.080566,0.068359,0.085449,0.085449,0.131836,0.092773,0.12207,0.093994
2017-02-05T01:10:00Z,239.0625,252.77344,258.75,256.28906,262.96875,264.02344,266.83594,267.89063,272.10938,273.86719,278.4375,283.00781,4.33594,3.51563,3.63281,3.86719,3.80859,3.80859,3.75,3.63281,3.57422,3.45703,3.45703,3.45703,3.69141,0.10498,0.100098,0.102539,0.108643,0.083008,0.100098,0.079346,0.079346,0.089111,0.117188,0.140381
2017-02-05T01:20:00Z,243.28125,262.96875,266.83594,265.42969,269.29688,270.35156,272.10938,275.27344,277.38281,279.14063,279.84375,279.84375,3.45703,2.63672,3.63281,3.86719,3.86719,3.92578,3.86719,3.75,3.75,3.69141,3.63281,3.57422,3.51563,0.091553,0.093994,0.087891,0.096436,0.095215,0.081787,0.081787,0.08667,0.087891,0.096436,0.089111
2017-02-05T01:30:00Z,255.58594,277.73438,280.19531,280.19531,287.57813,291.44531,294.96094,296.71875,298.82813,299.88281,300.9375,301.64063,3.63281,2.92969,3.04688,3.28125,3.22266,3.33984,3.33984,3.28125,3.22266,3.28125,3.28125,3.28125,3.39844,0.214844,0.224609,0.200195,0.206299,0.157471,0.157471,0.175781,0.133057,0.134277,0.144043,0.144043
2017-02-05T01:40:00Z,274.92188,310.78125,315.35156,315.35156,317.8125,322.38281,324.84375,325.54688,328.00781,329.76563,330.82031,331.52344,3.45703,2.16797,2.51953,2.75391,2.63672,2.98828,3.10547,2.98828,2.92969,3.04688,3.16406,3.39844,3.45703,0.089111,0.091553,0.076904,0.059814,0.08667,0.097656,0.140381,0.158691,0.240479,0.151367,0.146484
2017-02-05T01:50:00Z,292.14844,278.4375,289.33594,288.63281,294.96094,302.69531,304.80469,307.26563,309.72656,310.07813,312.53906,300.58594,2.34375,1.69922,2.69531,2.87109,2.8125,2.87109,2.92969,2.63672,2.57813,2.46094,2.51953,2.51953,3.16406,0.076904,0.101318,0.083008,0.090332,0.08667,0.102539,0.08667,0.090332,0.078125,0.111084,0.256348
2017-02-05T02:00:00Z,263.67188,282.30469,288.98438,287.22656,293.55469,298.125,299.88281,301.99219,301.28906,302.69531,301.28906,301.28906,2.51953,2.16797,3.16406,3.16406,3.16406,3.10547,3.04688,2.92969,2.75391,2.8125,2.69531,2.87109,2.92969,0.164795,0.12085,0.085449,0.125732,0.078125,0.100098,0.090332,0.12207,0.118408,0.144043,0.152588
2017-02-05T02:10:00Z,268.59375,277.73438,282.65625,282.30469,286.52344,289.6875,292.5,290.74219,290.03906,289.33594,286.875,282.30469,3.63281,2.75391,3.45703,3.33984,3.28125,3.16406,3.22266,3.16406,3.16406,3.16406,3.22266,3.28125,3.57422,0.093994,0.089111,0.087891,0.090332,0.065918,0.061035,0.068359,0.050049,0.075684,0.12085,0.131836
2017-02-05T02:20:00Z,266.83594,281.25,285.11719,285.46875,290.03906,293.55469,295.3125,293.90625,295.3125,290.74219,291.79688,288.98438,3.51563,2.75391,3.10547,2.92969,2.98828,2.92969,2.92969,2.92969,2.87109,2.8125,2.87109,2.87109,3.04688,0.085449,0.06958,0.05127,0.080566,0.115967,0.096436,0.089111,0.087891,0.087891,0.072021,0.107422
2017-02-05T02:30:00Z,273.16406,293.20313,294.60938,294.60938,296.36719,296.01563,295.66406,294.25781,296.01563,296.71875,296.36719,289.6875,3.16406,2.51953,2.87109,2.87109,2.87109,2.51953,2.40234,2.46094,2.51953,2.57813,2.63672,2.75391,3.45703,0.078125,0.083008,0.075684,0.12207,0.087891,0.06958,0.087891,0.081787,0.056152,0.107422,0.273438
2017-02-05T02:40:00Z,282.65625,281.95313,281.60156,283.35938,283.35938,279.84375,280.54688,279.84375,278.4375,276.32813,277.03125,275.97656,2.69531,2.16797,2.46094,2.34375,2.40234,2.28516,2.40234,2.51953,2.69531,2.75391,2.87109,3.69141,4.80469,0.093994,0.10376,0.10498,0.096436,0.090332,0.10498,0.067139,0.078125,0.089111,0.161133,0.163574
2017-02-05T02:50:00Z,271.75781,267.53906,269.64844,268.24219,272.46094,271.75781,271.75781,273.16406,274.92188,276.67969,277.38281,281.25,2.69531,2.10938,2.22656,2.40234,2.34375,2.51953,2.8125,3.04688,3.10547,3.22266,3.51563,3.80859,4.16016,0.08667,0.118408,0.123291,0.136719,0.197754,0.223389,0.249023,0.214844,0.213623,0.209961,0.308838
2017-02-05T03:00:00Z,268.59375,281.25,282.30469,282.30469,283.71094,282.30469,281.25,280.54688,277.38281,280.19531,274.21875,275.97656,2.22656,1.69922,2.10938,2.22656,2.16797,2.46094,2.57813,2.92969,3.16406,3.45703,3.51563,3.28125,3.33984,0.10376,0.113525,0.12207,0.10498,0.134277,0.17334,0.167236,0.157471,0.131836,0.130615,0.135498
2017-02-05T03:10:00Z,284.76563,290.39063,288.28125,290.03906,287.92969,285.82031,283.71094,281.95313,282.65625,281.95313,284.41406,286.52344,2.34375,1.75781,1.93359,1.99219,2.05078,2.34375,2.57813,2.8125,2.8125,2.8125,2.8125,2.98828,2.98828,0.13916,0.152588,0.130615,0.130615,0.158691,0.17334,0.185547,0.163574,0.174561,0.175781,0.19165
2017-02-05T03:20:00Z,285.11719,285.82031,281.95313,283.00781,279.14063,280.54688,278.78906,277.38281,275.625,275.625,277.03125,278.4375,2.22656,1.40625,1.81641,2.05078,2.10938,2.22656,2.51953,2.75391,2.87109,2.75391,2.69531,2.69531,2.8125,0.065918,0.109863,0.091553,0.109863,0.065918,0.06958,0.093994,0.117188,0.075684,0.074463,0.096436
2017-02-05T03:30:00Z,270.35156,247.14844,248.90625,247.85156,255.58594,256.99219,260.85938,260.85938,261.21094,261.5625,261.91406,260.85938,2.05078,1.23047,2.22656,2.34375,2.34375,2.63672,2.8125,3.04688,3.04688,3.16406,3.04688,3.04688,2.98828,0.109863,0.097656,0.114746,0.072021,0.061035,0.075684,0.079346,0.083008,0.081787,0.092773,0.085449
2017-02-05T03:40:00Z,239.76563,263.67188,267.53906,266.48438,267.53906,267.53906,266.83594,269.29688,268.59375,269.29688,269.29688,271.05469,2.28516,1.52344,2.10938,2.22656,2.22656,2.46094,2.57813,2.69531,2.69531,2.75391,2.8125,2.87109,2.8125,0.218506,0.177002,0.174561,0.162354,0.181885,0.175781,0.163574,0.128174,0.115967,0.119629,0.113525
2017-02-05T03:50:00Z,250.3125,241.17188,252.77344,245.74219,256.99219,262.96875,264.72656,272.46094,267.1875,278.08594,263.67188,273.16406,1.99219,1.23047,1.34766,1.40625,1.46484,1.58203,1.81641,1.93359,2.05078,2.16797,2.34375,2.51953,2.28516,0.452881,0.281982,0.26001,0.231934,0.247803,0.227051,0.26001,0.192871,0.412598,0.549316,0.238037
2017-02-05T04:00:00Z,242.22656,261.21094,264.02344,266.83594,272.8125,280.89844,283.00781,285.11719,283.71094,285.82031,287.92969,290.03906,1.11328,0.70313,0.9375,1.23047,1.17188,1.46484,1.81641,1.99219,2.22656,2.16797,2.28516,2.28516,2.34375,0.206299,0.194092,0.205078,0.186768,0.158691,0.10376,0.113525,0.078125,0.102539,0.097656,0.084229
2017-02-05T04:10:00Z,271.40625,266.48438,264.02344,264.72656,266.48438,272.8125,274.92188,280.89844,279.14063,281.95313,279.14063,281.95313,1.05469,0.70313,0.76172,0.87891,0.82031,1.28906,1.52344,1.75781,1.875,1.99219,2.10938,2.10938,2.10938,0.194092,0.220947,0.177002,0.263672,0.20874,0.142822,0.112305,0.091553,0.113525,0.079346,0.075684
2017-02-05T04:20:00Z,279.14063,267.89063,264.02344,261.21094,258.39844,257.69531,259.45313,264.72656,271.75781,269.29688,272.8125,273.51563,0.9375,0.64453,0.9375,0.82031,0.82031,1.11328,1.34766,1.58203,1.52344,1.75781,1.81641,1.93359,1.93359,1.07666,0.290527,0.484619,0.306396,0.244141,0.198975,0.228271,0.15625,0.130615,0.12207,0.108643
2017-02-05T04:30:00Z,302.34375,343.47656,323.4375,337.14844,326.25,298.47656,267.89063,278.08594,274.21875,278.78906,278.78906,274.57031,0.82031,0.35156,3.10547,1.69922,1.11328,1.11328,1.40625,1.23047,1.81641,1.46484,1.58203,1.64063,1.75781,1.411133,1.413574,1.09375,1.099854,0.793457,0.698242,1.102295,0.203857,0.166016,0.181885,0.186768
2017-02-05T04:40:00Z,15.46875,50.27344,24.25781,342.42188,103.00781,42.1875,72.77344,325.89844,66.09375,104.41406,33.39844,88.24219,0.76172,0.41016,4.27734,1.69922,1.40625,0.99609,1.05469,1.28906,1.64063,1.46484,1.46484,1.69922,1.52344,0.965576,1.483154,0.825195,0.252686,0.206299,0.152588,0.585938,0.137939,0.218506,0.749512,0.230713
2017-02-05T04:50:00Z,60.82031,28.47656,4.57031,350.15625,131.13281,128.32031,134.64844,126.91406,132.89063,129.375,130.78125,144.49219,1.11328,0.29297,1.64063,1.17188,1.28906,1.11328,1.34766,1.46484,1.64063,1.58203,1.69922,1.75781,2.16797,0.60791,0.374756,0.567627,0.310059,0.220947,0.235596,0.437012,0.306396,0.294189,0.169678,0.489502
2017-02-05T05:00:00Z,20.74219,357.89063,3.16406,320.27344,322.03125,303.04688,291.09375,290.74219,291.79688,296.71875,291.79688,305.15625,1.58203,1.05469,1.40625,1.17188,1.05469,0.99609,1.34766,1.46484,1.69922,1.69922,1.875,1.875,2.10938,1.224365,0.755615,0.998535,0.373535,0.227051,0.218506,0.180664,0.258789,0.194092,0.145264,0.169678
2017-02-05T05:10:00Z,1.75781,2.8125,357.53906,10.54688,354.02344,334.33594,331.52344,311.13281,304.45313,305.50781,309.02344,304.45313,1.75781,0.87891,2.34375,2.05078,2.40234,1.64063,1.75781,2.16797,1.93359,1.99219,2.28516,2.87109,2.10938,0.615234,0.712891,0.709229,0.950928,0.478516,0.565186,0.155029,0.17334,0.367432,0.869141,0.175781
2017-02-05T05:20:00Z,9.84375,29.17969,357.1875,11.95313,2.8125,313.59375,352.61719,318.86719,315.70313,326.60156,330.11719,320.27344,1.875,1.28906,2.05078,1.58203,1.52344,1.23047,1.05469,1.93359,1.69922,1.81641,1.93359,2.16797,1.81641,0.71167,1.066895,0.72998,0.849609,0.318604,0.894775,0.614014,0.444336,0.762939,0.655518,0.281982
2017-02-05T05:30:00Z,33.75,107.92969,61.17188,76.28906,343.47656,71.71875,54.14063,61.52344,325.19531,48.51563,314.29688,61.52344,1.46484,0.70313,2.16797,2.05078,1.46484,1.34766,1.46484,1.34766,1.34766,1.46484,1.46484,1.52344,1.58203,1.342773,1.010742,1.027832,0.69458,0.639648,0.505371,0.461426,0.267334,0.266113,0.184326,0.286865
2017-02-05T05:40:00Z,151.17188,75.58594,92.8125,85.07813,114.96094,128.67188,159.60938,225.70313,95.625,90.0,93.51563,102.65625,1.34766,0.70313,4.16016,4.04297,3.45703,2.57813,1.875,1.93359,2.22656,2.16797,2.05078,1.875,1.93359,0.81543,0.705566,0.749512,0.79834,0.158691,0.322266,0.529785,0.423584,0.251465,0.125732,0.238037
2017-02-05T05:50:00Z,138.51563,52.03125,49.21875,65.74219,61.52344,225.70313,76.28906,227.8125,70.66406,76.99219,73.47656,55.89844,1.46484,0.99609,3.80859,3.80859,2.92969,3.28125,2.51953,1.99219,1.93359,1.69922,1.69922,1.75781,2.34375,0.90332,0.734863,0.493164,0.684814,0.848389,0.721436,0.595703,0.262451,0.269775,0.375977,0.760498
2017-02-05T06:00:00Z,99.14063,105.46875,84.375,95.625,116.01563,124.10156,128.32031,121.64063,117.07031,139.92188,143.4375,142.03125,1.23047,0.9375,1.40625,2.16797,1.75781,1.11328,1.23047,1.05469,1.11328,1.28906,0.99609,0.9375,0.9375,0.690918,1.246338,0.969238,0.440674,1.008301,0.557861,0.648193,1.571045,0.563965,0.302734,0.307617
2017-02-05T06:10:00Z,137.8125,124.45313,126.5625,129.72656,125.85938,139.57031,144.14063,153.63281,151.52344,157.5,152.22656,157.14844,1.69922,1.23047,1.28906,1.17188,1.23047,1.23047,1.17188,1.05469,0.99609,1.05469,0.9375,0.9375,0.9375,0.322266,0.395508,0.397949,0.511475,0.383301,0.48584,0.557861,0.684814,0.523682,0.544434,0.563965
2017-02-05T06:20:00Z,130.78125,165.58594,170.50781,162.42188,179.29688,180.70313,190.89844,199.33594,202.14844,201.79688,187.38281,202.5,1.58203,1.17188,2.28516,2.34375,2.34375,2.16797,2.22656,2.10938,2.22656,2.22656,2.10938,2.16797,2.05078,0.146484,0.301514,0.217285,0.169678,0.153809,0.19043,0.222168,0.438232,0.219727,0.38208,0.135498
2017-02-05T06:30:00Z,160.3125,183.86719,184.92188,176.13281,197.22656,205.66406,219.02344,216.21094,222.53906,202.5,211.28906,203.20313,2.16797,1.28906,2.34375,1.99219,2.28516,2.22656,1.99219,1.99219,1.93359,1.99219,1.99219,1.99219,1.875,0.601807,0.377197,0.609131,0.43335,0.266113,0.218506,0.281982,0.358887,0.335693,0.36499,0.269775
2017-02-05T06:40:00Z,165.9375,189.84375,175.42969,184.57031,188.08594,177.89063,185.27344,187.73438,189.14063,188.08594,197.92969,190.54688,1.40625,0.70313,1.17188,1.34766,1.17188,1.28906,1.34766,1.28906,1.17188,1.23047,1.17188,1.34766,1.17188,0.385742,0.645752,0.317383,0.280762,0.595703,0.247803,0.303955,0.289307,0.368652,0.860596,0.473633
2017-02-05T06:50:00Z,168.75,170.15625,161.01563,164.17969,169.45313,172.26563,177.89063,182.8125,192.30469,175.07813,180.0,181.40625,1.64063,0.9375,2.22656,2.16797,2.51953,2.28516,2.16797,2.05078,2.40234,2.40234,2.57813,2.28516,2.51953,0.352783,0.289307,0.566406,0.407715,0.340576,0.211182,0.643311,0.721436,0.922852,0.419922,0.533447
2017-02-05T07:00:00Z,163.125,168.04688,171.21094,170.50781,170.15625,166.99219,167.69531,166.64063,160.66406,167.34375,164.53125,162.42188,2.40234,1.75781,2.63672,2.57813,2.63672,2.46094,2.40234,2.22656,2.16797,2.16797,2.05078,1.93359,2.10938,0.134277,0.144043,0.134277,0.164795,0.162354,0.166016,0.184326,0.230713,0.189209,0.168457,0.178223
2017-02-05T07:10:00Z,164.88281,184.21875,182.10938,181.40625,178.59375,177.53906,177.89063,169.10156,168.75,171.5625,175.78125,172.96875,3.10547,2.40234,1.99219,1.875,1.93359,1.81641,1.69922,1.64063,1.58203,1.64063,1.75781,1.64063,1.58203,0.217285,0.233154,0.251465,0.224609,0.131836,0.189209,0.141602,0.183105,0.179443,0.192871,0.17334
2017-02-05T07:20:00Z,173.32031,162.42188,162.42188,162.77344,162.77344,166.28906,165.9375,170.15625,170.85938,172.96875,172.96875,173.32031,2.75391,1.52344,1.52344,1.64063,1.64063,1.52344,1.58203,1.64063,1.64063,1.64063,1.69922,1.69922,1.75781,0.163574,0.123291,0.134277,0.152588,0.129395,0.129395,0.209961,0.218506,0.219727,0.202637,0.177002
2017-02-05T07:30:00Z,152.57813,190.19531,186.32813,184.92188,189.14063,181.75781,181.75781,181.40625,181.75781,178.24219,182.10938,176.83594,1.81641,1.28906,2.51953,2.46094,2.40234,2.34375,2.28516,2.22656,2.46094,2.46094,2.51953,2.51953,2.46094,0.535889,0.490723,0.526123,0.524902,0.465088,0.517578,0.444336,0.480957,0.478516,0.473633,0.421143
2017-02-05T07:40:00Z,189.84375,197.57813,198.28125,197.92969,199.33594,197.57813,195.46875,197.92969,194.76563,195.46875,189.14063,196.52344,5.15625,3.16406,3.86719,4.16016,3.92578,4.16016,4.10156,3.75,3.51563,3.33984,3.45703,3.16406,3.33984,0.185547,0.147705,0.219727,0.115967,0.151367,0.145264,0.216064,0.239258,0.291748,0.286865,0.307617
2017-02-05T07:50:00Z,196.17188,193.00781,197.92969,200.03906,203.20313,200.39063,198.63281,198.63281,201.09375,200.39063,196.52344,191.25,4.45313,3.63281,3.57422,3.75,3.69141,3.45703,3.57422,3.45703,3.45703,3.39844,3.45703,3.10547,3.33984,0.333252,0.126953,0.244141,0.17334,0.158691,0.124512,0.197754,0.17334,0.140381,0.219727,0.251465
2017-02-05T08:00:00Z,192.30469,196.17188,193.00781,191.95313,192.30469,190.89844,191.60156,193.00781,194.41406,195.11719,188.78906,185.27344,3.98438,3.39844,3.39844,3.16406,3.39844,3.33984,3.22266,3.10547,2.92969,2.8125,2.98828,2.75391,2.75391,0.288086,0.19165,0.3479,0.145264,0.161133,0.142822,0.201416,0.192871,0.192871,0.250244,0.212402
2017-02-05T08:10:00Z,195.82031,180.35156,183.16406,180.70313,177.53906,177.1875,174.72656,176.13281,178.24219,176.48438,171.5625,179.64844,3.51563,2.75391,2.8125,2.98828,2.98828,3.04688,2.98828,2.92969,2.8125,2.75391,2.8125,2.75391,2.75391,0.172119,0.128174,0.185547,0.236816,0.150146,0.206299,0.159912,0.202637,0.166016,0.212402,0.183105
2017-02-05T08:20:00Z,177.89063,185.27344,178.94531,182.10938,177.53906,173.67188,173.67188,174.02344,177.89063,180.0,179.64844,178.94531,3.39844,2.51953,3.16406,3.28125,3.33984,3.45703,3.45703,3.39844,3.39844,3.28125,3.22266,3.10547,3.16406,0.13916,0.147705,0.162354,0.153809,0.155029,0.166016,0.159912,0.155029,0.144043,0.179443,0.189209
2017-02-05T08:30:00Z,182.10938,182.10938,181.05469,180.35156,177.53906,175.42969,170.85938,169.80469,167.34375,165.23438,166.28906,155.03906,3.51563,2.92969,3.45703,3.45703,3.45703,3.22266,3.22266,3.16406,3.16406,3.33984,3.10547,3.22266,3.04688,0.106201,0.091553,0.142822,0.115967,0.155029,0.131836,0.15625,0.19165,0.17334,0.241699,0.185547
2017-02-05T08:40:00Z,178.94531,192.30469,186.32813,186.32813,190.89844,185.625,185.625,187.03125,189.14063,191.95313,183.86719,185.97656,4.51172,3.33984,3.98438,3.92578,3.98438,3.63281,3.63281,3.51563,3.51563,3.57422,3.45703,3.51563,3.63281,0.145264,0.158691,0.167236,0.164795,0.19043,0.157471,0.175781,0.161133,0.148926,0.140381,0.211182
2017-02-05T08:50:00Z,189.49219,189.49219,190.19531,189.84375,192.30469,188.78906,188.78906,194.0625,193.71094,192.65625,190.89844,191.95313,4.86328,3.75,4.04297,3.80859,3.86719,3.63281,3.51563,3.63281,3.63281,3.57422,3.75,3.57422,3.63281,0.185547,0.140381,0.148926,0.155029,0.180664,0.229492,0.178223,0.206299,0.185547,0.216064,0.178223
2017-02-05T09:00:00Z,188.08594,187.38281,186.67969,185.625,183.51563,182.8125,181.05469,182.46094,184.92188,186.32813,182.8125,183.51563,4.74609,3.92578,4.16016,4.16016,4.10156,3.86719,3.86719,3.92578,4.04297,3.92578,4.04297,4.04297,4.16016,0.163574,0.241699,0.151367,0.179443,0.185547,0.169678,0.166016,0.194092,0.198975,0.141602,0.148926
2017-02-05T09:10:00Z,183.86719,178.24219,183.16406,183.16406,181.40625,179.64844,182.10938,178.24219,178.59375,176.83594,176.83594,182.8125,4.86328,4.04297,3.86719,3.92578,3.69141,3.69141,3.75,3.57422,3.45703,3.45703,3.63281,3.75,3.51563,0.20874,0.166016,0.20752,0.161133,0.175781,0.200195,0.187988,0.174561,0.19043,0.269775,0.222168
2017-02-05T09:20:00Z,181.40625,182.8125,184.57031,181.75781,181.40625,182.46094,183.16406,187.73438,186.32813,181.75781,185.27344,177.89063,4.10156,3.51563,3.10547,3.22266,3.16406,3.10547,3.22266,3.22266,3.28125,3.16406,3.28125,2.98828,3.16406,0.245361,0.251465,0.231934,0.203857,0.198975,0.284424,0.323486,0.200195,0.222168,0.244141,0.238037
2017-02-05T09:30:00Z,184.57031,181.40625,176.13281,175.07813,171.21094,164.53125,168.04688,173.67188,177.53906,162.42188,171.5625,154.33594,4.04297,2.75391,2.87109,2.69531,2.75391,2.8125,2.75391,2.63672,2.63672,2.57813,2.63672,2.57813,2.46094,0.239258,0.187988,0.187988,0.187988,0.172119,0.200195,0.162354,0.20874,0.235596,0.219727,0.185547
2017-02-05T09:40:00Z,176.48438,177.89063,180.70313,184.21875,175.07813,176.83594,172.61719,177.1875,174.02344,174.02344,171.5625,168.39844,2.75391,2.22656,3.10547,3.28125,3.57422,3.39844,3.33984,3.45703,3.33984,3.28125,3.16406,3.16406,3.04688,0.231934,0.200195,0.439453,0.202637,0.157471,0.168457,0.167236,0.153809,0.202637,0.224609,0.258789
2017-02-05T09:50:00Z,183.51563,183.16406,184.21875,185.27344,181.40625,183.51563,182.46094,181.75781,176.83594,181.75781,181.75781,183.16406,4.16016,3.04688,2.92969,3.04688,2.87109,2.92969,2.8125,2.92969,2.87109,2.98828,2.92969,3.10547,3.10547,0.273438,0.256348,0.275879,0.296631,0.313721,0.266113,0.263672,0.286865,0.253906,0.310059,0.460205
2017-02-05T10:00:00Z,178.24219,182.46094,187.38281,188.4375,192.30469,188.4375,190.19531,184.21875,189.49219,187.38281,181.05469,182.46094,4.33594,2.87109,3.16406,3.16406,3.04688,3.10547,3.10547,3.10547,3.16406,3.28125,3.10547,2.98828,2.92969,0.20874,0.203857,0.195313,0.267334,0.20874,0.19043,0.239258,0.197754,0.236816,0.200195,0.24292
2017-02-05T10:10:00Z,183.16406,181.75781,183.86719,179.64844,180.35156,181.05469,184.21875,181.40625,184.92188,184.57031,178.94531,182.8125,4.21875,3.22266,3.75,3.69141,3.75,3.63281,3.80859,3.51563,3.57422,3.45703,3.45703,3.45703,3.39844,0.211182,0.213623,0.192871,0.174561,0.175781,0.150146,0.136719,0.158691,0.189209,0.192871,0.234375
2017-02-05T10:20:00Z,176.83594,183.16406,182.46094,185.625,180.35156,180.0,179.29688,174.375,173.32031,174.72656,174.02344,172.26563,4.39453,3.33984,4.27734,4.39453,4.33594,4.57031,4.39453,4.27734,4.21875,4.21875,4.27734,4.21875,4.04297,0.151367,0.187988,0.220947,0.124512,0.113525,0.136719,0.130615,0.174561,0.126953,0.137939,0.184326
2017-02-05T10:30:00Z,181.75781,166.99219,169.10156,167.34375,168.04688,166.28906,164.53125,163.47656,161.71875,161.71875,160.66406,156.44531,4.74609,3.98438,4.45313,4.51172,4.45313,4.6875,4.57031,4.57031,4.39453,4.16016,4.21875,4.21875,4.10156,0.223389,0.119629,0.136719,0.137939,0.12207,0.12085,0.150146,0.172119,0.241699,0.217285,0.213623
2017-02-05T10:40:00Z,160.66406,157.85156,155.39063,155.39063,156.09375,152.92969,156.79688,156.09375,155.74219,157.85156,154.6875,156.44531,4.98047,4.10156,4.74609,4.6875,4.74609,4.51172,4.45313,4.45313,4.33594,3.98438,4.27734,4.04297,4.10156,0.114746,0.101318,0.135498,0.148926,0.135498,0.158691,0.175781,0.20874,0.186768,0.213623,0.183105
2017-02-05T10:50:00Z,157.5,156.79688,156.09375,156.44531,155.03906,152.57813,150.46875,152.57813,146.25,148.35938,148.00781,146.60156,5.74219,4.51172,3.75,3.69141,3.75,3.69141,3.69141,3.51563,3.51563,3.45703,3.33984,3.33984,3.04688,0.196533,0.20874,0.231934,0.201416,0.200195,0.219727,0.183105,0.311279,0.263672,0.236816,0.266113
2017-02-05T11:00:00Z,156.44531,140.625,135.35156,140.27344,145.54688,132.53906,132.89063,129.72656,138.16406,138.86719,133.59375,126.21094,4.10156,3.22266,2.92969,2.92969,2.98828,3.04688,3.04688,2.92969,3.04688,2.98828,2.87109,2.69531,2.8125,0.213623,0.247803,0.234375,0.299072,0.247803,0.234375,0.228271,0.281982,0.249023,0.313721,0.273438
2017-02-05T11:10:00Z,133.59375,138.16406,130.78125,130.07813,126.5625,121.64063,133.59375,118.47656,112.5,117.77344,123.04688,126.5625,3.22266,2.10938,2.16797,2.34375,2.22656,2.34375,2.51953,2.51953,2.46094,2.57813,2.46094,2.51953,2.40234,0.202637,0.263672,0.236816,0.218506,0.267334,0.234375,0.245361,0.236816,0.218506,0.19043,0.270996
2017-02-05T11:20:00Z,127.61719,117.42188,114.25781,109.6875,113.55469,109.33594,105.11719,101.25,109.33594,112.14844,100.19531,104.41406,2.46094,1.46484,2.57813,2.46094,2.51953,2.46094,2.51953,2.51953,2.46094,2.46094,2.28516,2.46094,2.34375,0.551758,0.256348,0.263672,0.246582,0.197754,0.22583,0.227051,0.252686,0.239258,0.244141,0.245361
2017-02-05T11:30:00Z,95.27344,93.51563,100.54688,95.625,94.92188,101.95313,99.84375,98.4375,99.14063,95.97656,92.46094,92.46094,3.04688,1.99219,2.87109,2.98828,2.87109,2.92969,2.98828,3.10547,2.92969,2.92969,2.87109,2.92969,2.92969,0.268555,0.253906,0.257568,0.235596,0.288086,0.234375,0.273438,0.306396,0.281982,0.250244,0.302734
2017-02-05T11:40:00Z,96.32813,106.52344,107.92969,108.28125,111.09375,107.92969,107.57813,108.28125,109.6875,108.63281,105.11719,110.39063,3.63281,2.51953,3.16406,3.16406,3.28125,3.33984,3.33984,3.63281,3.45703,3.22266,3.28125,3.39844,3.28125,0.300293,0.267334,0.275879,0.249023,0.250244,0.212402,0.227051,0.245361,0.266113,0.267334,0.241699
2017-02-05T11:50:00Z,104.0625,106.875,109.33594,113.55469,104.0625,106.17188,109.33594,107.22656,111.79688,112.85156,106.17188,108.98438,4.57031,2.87109,3.22266,3.33984,3.28125,3.39844,3.51563,3.51563,3.33984,3.33984,3.51563,3.16406,3.45703,0.229492,0.280762,0.246582,0.203857,0.241699,0.202637,0.229492,0.201416,0.253906,0.250244,0.306396
2017-02-05T12:00:00Z,111.09375,120.23438,125.50781,124.10156,126.21094,129.02344,123.75,129.02344,127.96875,129.375,129.375,127.96875,4.80469,2.92969,2.98828,3.22266,3.22266,3.16406,3.33984,3.16406,3.28125,3.28125,3.39844,3.28125,3.28125,0.22583,0.200195,0.195313,0.22583,0.198975,0.179443,0.212402,0.229492,0.192871,0.205078,0.17334
2017-02-05T12:10:00Z,122.34375,120.9375,125.50781,121.99219,135.0,127.26563,132.1875,131.13281,132.1875,131.48438,131.48438,125.85938,4.04297,2.57813,2.46094,2.63672,2.63672,2.63672,2.87109,2.92969,2.98828,2.98828,3.10547,2.98828,2.8125,0.200195,0.246582,0.317383,0.236816,0.218506,0.214844,0.279541,0.245361,0.411377,0.231934,0.266113
2017-02-05T12:20:00Z,130.78125,119.88281,126.5625,118.82813,118.125,111.79688,108.28125,105.46875,105.82031,113.20313,96.32813,103.71094,3.04688,2.05078,2.57813,2.51953,2.51953,2.63672,2.69531,2.69531,2.63672,2.57813,2.51953,2.51953,2.57813,0.230713,0.269775,0.258789,0.244141,0.241699,0.279541,0.275879,0.2771,0.26001,0.264893,0.234375
2017-02-05T12:30:00Z,101.95313,78.75,78.04688,66.09375,76.99219,71.71875,72.07031,81.21094,89.29688,78.75,78.04688,70.66406,3.33984,2.05078,2.46094,2.46094,2.51953,2.63672,2.69531,2.69531,2.57813,2.57813,2.69531,2.57813,2.63672,0.279541,0.267334,0.253906,0.231934,0.224609,0.229492,0.20752,0.26001,0.239258,0.262451,0.24292
2017-02-05T12:40:00Z,61.52344,57.65625,52.03125,46.75781,53.08594,43.24219,38.32031,46.40625,46.75781,45.35156,41.13281,45.0,3.45703,2.22656,3.22266,3.22266,3.28125,3.16406,3.33984,3.16406,3.39844,3.10547,3.22266,3.22266,3.28125,0.264893,0.288086,0.290527,0.314941,0.253906,0.27832,0.280762,0.299072,0.283203,0.285645,0.294189
2017-02-05T12:50:00Z,41.13281,31.99219,34.10156,35.50781,39.02344,36.21094,39.72656,36.91406,42.53906,42.1875,38.32031,37.61719,5.03906,3.28125,3.86719,3.86719,3.86719,3.92578,4.10156,4.27734,4.27734,4.16016,4.16016,4.10156,4.21875,0.217285,0.187988,0.181885,0.184326,0.169678,0.147705,0.157471,0.180664,0.187988,0.197754,0.174561
2017-02-05T13:00:00Z,29.53125,29.17969,29.88281,29.88281,31.28906,31.28906,29.88281,32.34375,34.80469,34.80469,31.99219,32.69531,4.98047,3.51563,4.80469,4.74609,4.86328,4.80469,4.6875,4.74609,4.80469,4.51172,4.51172,4.51172,4.74609,0.148926,0.142822,0.157471,0.177002,0.109863,0.159912,0.130615,0.145264,0.166016,0.163574,0.13916
2017-02-05T13:10:00Z,30.23438,25.66406,28.82813,32.69531,33.04688,37.26563,30.9375,35.15625,34.45313,40.07813,34.45313,41.13281,5.74219,4.21875,4.74609,4.98047,4.62891,4.92188,4.92188,4.74609,4.57031,4.51172,4.62891,4.62891,4.57031,0.177002,0.196533,0.19165,0.162354,0.155029,0.159912,0.158691,0.144043,0.17334,0.179443,0.211182
2017-02-05T13:20:00Z,26.71875,44.29688,42.53906,42.1875,42.1875,40.07813,38.32031,34.10156,35.15625,35.50781,31.28906,28.47656,5.27344,4.16016,4.33594,4.51172,4.39453,4.74609,4.6875,4.86328,5.15625,5.44922,5.27344,5.27344,5.50781,0.117188,0.147705,0.179443,0.19043,0.148926,0.152588,0.141602,0.162354,0.111084,0.201416,0.166016
2017-02-05T13:30:00Z,44.64844,47.8125,45.70313,42.1875,42.89063,36.21094,31.99219,30.9375,28.82813,32.69531,27.77344,32.69531,5.09766,4.10156,4.16016,4.33594,4.39453,4.51172,4.51172,4.6875,4.74609,4.86328,5.21484,5.15625,5.56641,0.131836,0.134277,0.157471,0.147705,0.153809,0.135498,0.155029,0.175781,0.125732,0.164795,0.201416
2017-02-05T13:40:00Z,46.05469,46.75781,42.89063,46.75781,43.94531,39.02344,39.375,34.45313,33.04688,32.69531,32.34375,30.9375,5.15625,4.27734,3.92578,4.16016,4.10156,4.33594,4.45313,4.6875,4.92188,5.03906,5.09766,5.33203,5.44922,0.128174,0.186768,0.172119,0.151367,0.146484,0.123291,0.19043,0.147705,0.148926,0.152588,0.186768
2017-02-05T13:50:00Z,41.48438,29.17969,30.23438,27.42188,28.82813,28.125,30.23438,37.61719,33.04688,42.1875,31.28906,36.91406,5.44922,3.98438,4.98047,5.09766,5.03906,4.98047,5.09766,5.03906,4.80469,4.86328,5.03906,4.74609,4.86328,0.148926,0.126953,0.117188,0.159912,0.220947,0.155029,0.159912,0.148926,0.159912,0.158691,0.15625
2017-02-05T14:00:00Z,26.01563,27.77344,27.07031,27.42188,29.17969,33.39844,30.9375,33.75,32.69531,33.04688,34.80469,35.85938,5.50781,4.62891,4.74609,4.86328,4.86328,5.09766,4.86328,4.92188,4.92188,5.03906,4.98047,5.09766,4.86328,0.134277,0.106201,0.124512,0.102539,0.102539,0.106201,0.095215,0.202637,0.118408,0.166016,0.17334
2017-02-05T14:10:00Z,23.90625,32.69531,30.9375,31.28906,31.28906,30.9375,31.28906,32.69531,29.88281,29.88281,30.9375,31.64063,5.27344,4.51172,4.27734,4.33594,4.33594,4.39453,4.57031,4.74609,4.86328,5.03906,5.15625,5.33203,5.39063,0.08667,0.072021,0.06958,0.070801,0.080566,0.059814,0.058594,0.076904,0.076904,0.058594,0.057373
2017-02-05T14:20:00Z,32.69531,44.64844,43.24219,43.24219,44.29688,41.13281,42.1875,39.375,38.32031,35.50781,31.64063,26.71875,4.6875,3.98438,4.39453,4.39453,4.33594,4.45313,4.39453,4.62891,4.6875,4.74609,4.98047,5.21484,5.44922,0.078125,0.080566,0.065918,0.093994,0.076904,0.081787,0.100098,0.089111,0.097656,0.08667,0.112305
2017-02-05T14:30:00Z,43.94531,53.78906,50.625,51.32813,49.57031,49.21875,47.46094,45.35156,47.10938,44.29688,41.83594,40.78125,4.80469,4.16016,4.57031,4.6875,4.6875,4.80469,4.74609,4.80469,4.62891,4.62891,4.62891,4.74609,4.6875,0.111084,0.076904,0.081787,0.19043,0.095215,0.112305,0.101318,0.08667,0.128174,0.125732,0.129395
2017-02-05T14:40:00Z,49.92188,45.35156,46.75781,48.51563,49.21875,47.10938,41.48438,42.89063,42.89063,40.07813,35.85938,36.21094,5.15625,4.45313,4.92188,4.92188,4.80469,4.74609,4.6875,4.86328,4.6875,4.80469,4.86328,5.15625,5.33203,0.250244,0.145264,0.130615,0.128174,0.142822,0.17334,0.128174,0.167236,0.246582,0.183105,0.178223
2017-02-05T14:50:00Z,47.10938,50.97656,54.84375,52.03125,59.0625,55.89844,52.73438,43.94531,39.72656,42.53906,32.69531,34.45313,5.27344,4.39453,3.51563,3.80859,3.92578,3.86719,4.04297,3.98438,4.62891,4.57031,5.27344,5.09766,5.27344,0.214844,0.314941,0.308838,0.172119,0.112305,0.169678,0.214844,0.17334,0.230713,0.140381,0.100098
2017-02-05T15:00:00Z,48.16406,49.57031,55.89844,56.25,60.82031,60.46875,52.38281,48.86719,43.24219,39.375,35.50781,31.28906,4.33594,3.16406,3.10547,3.16406,3.10547,3.39844,3.69141,3.92578,4.16016,4.51172,4.57031,4.57031,5.09766,0.386963,0.238037,0.233154,0.148926,0.102539,0.128174,0.136719,0.12207,0.130615,0.163574,0.263672
2017-02-05T15:10:00Z,44.29688,50.27344,50.625,48.16406,54.84375,53.08594,46.05469,41.83594,35.85938,36.5625,29.53125,32.34375,3.22266,2.57813,3.39844,3.51563,3.69141,3.86719,4.04297,4.45313,4.80469,4.98047,5.33203,5.39063,5.56641,0.179443,0.134277,0.324707,0.100098,0.079346,0.075684,0.10376,0.12207,0.131836,0.136719,0.097656
2017-02-05T15:20:00Z,41.13281,48.16406,46.05469,44.64844,44.29688,39.72656,38.67188,37.96875,35.85938,31.28906,29.17969,27.07031,4.33594,3.33984,4.16016,4.10156,4.16016,4.10156,4.27734,4.74609,5.21484,5.68359,5.85938,5.91797,6.03516,0.100098,0.098877,0.083008,0.115967,0.180664,0.187988,0.130615,0.063477,0.062256,0.032959,0.064697
2017-02-05T15:30:00Z,46.05469,60.82031,58.00781,60.82031,59.0625,54.14063,52.73438,49.57031,46.40625,40.42969,35.50781,37.26563,4.51172,3.75,4.16016,4.16016,4.21875,4.21875,4.27734,4.51172,4.80469,4.74609,5.39063,5.44922,5.56641,0.136719,0.180664,0.079346,0.083008,0.168457,0.107422,0.151367,0.206299,0.189209,0.125732,0.115967
2017-02-05T15:40:00Z,62.57813,76.99219,77.34375,75.23438,75.9375,72.77344,74.17969,68.55469,63.28125,63.63281,63.98438,56.95313,4.51172,3.86719,4.04297,3.92578,3.86719,3.98438,3.98438,3.98438,4.10156,4.33594,4.27734,4.10156,4.51172,0.092773,0.114746,0.089111,0.08667,0.101318,0.08667,0.058594,0.253906,0.133057,0.170898,0.159912
2017-02-05T15:50:00Z,74.53125,79.80469,77.69531,78.39844,75.58594,72.07031,71.36719,68.55469,68.90625,62.57813,60.46875,52.03125,4.57031,3.75,3.98438,3.92578,3.98438,3.92578,3.98438,4.10156,3.92578,3.86719,3.98438,4.10156,4.51172,0.129395,0.15625,0.148926,0.129395,0.174561,0.310059,0.112305,0.181885,0.144043,0.197754,0.141602
2017-02-05T16:00:00Z,72.77344,73.47656,76.28906,73.82813,71.36719,70.66406,67.85156,62.22656,60.46875,56.60156,49.57031,47.10938,4.39453,3.69141,3.80859,3.80859,3.80859,3.80859,4.04297,4.04297,3.86719,4.39453,4.16016,4.74609,4.74609,0.100098,0.142822,0.102539,0.111084,0.12207,0.108643,0.146484,0.2771,0.142822,0.251465,0.087891
2017-02-05T16:10:00Z,74.53125,83.67188,82.61719,85.42969,80.85938,76.99219,73.125,69.96094,67.14844,66.09375,66.79688,65.74219,4.21875,3.69141,3.92578,3.86719,3.86719,4.04297,4.04297,4.21875,4.21875,4.27734,4.33594,4.33594,4.33594,0.117188,0.108643,0.124512,0.083008,0.076904,0.053711,0.089111,0.075684,0.067139,0.087891,0.063477
2017-02-05T16:20:00Z,84.375,85.78125,82.96875,85.07813,84.02344,81.21094,77.34375,71.01563,66.09375,66.09375,61.52344,58.71094,4.74609,3.98438,4.27734,4.27734,4.33594,4.39453,4.45313,4.51172,4.6875,4.86328,4.80469,4.74609,4.6875,0.108643,0.093994,0.087891,0.073242,0.076904,0.078125,0.070801,0.080566,0.074463,0.084229,0.114746
2017-02-05T16:30:00Z,80.85938,67.14844,68.90625,67.85156,64.33594,58.35938,58.00781,57.30469,53.78906,53.4375,48.51563,47.46094,4.80469,4.04297,3.92578,3.98438,3.98438,3.92578,4.51172,4.92188,5.33203,5.27344,5.21484,5.03906,5.09766,0.117188,0.10376,0.08667,0.169678,0.126953,0.08667,0.064697,0.064697,0.061035,0.10376,0.119629
2017-02-05T16:40:00Z,67.5,61.52344,59.41406,69.25781,58.71094,62.92969,58.71094,57.30469,53.78906,51.32813,48.86719,45.70313,4.33594,3.63281,3.92578,3.80859,4.33594,4.10156,4.86328,5.39063,5.56641,5.56641,5.50781,5.44922,5.39063,0.146484,0.08667,0.471191,0.067139,0.159912,0.084229,0.05249,0.067139,0.074463,0.096436,0.106201
2017-02-05T16:50:00Z,59.0625,57.30469,58.35938,59.41406,54.49219,58.71094,57.65625,55.89844,50.97656,47.10938,48.16406,45.35156,4.39453,3.75,4.04297,4.04297,4.16016,4.33594,4.86328,5.50781,5.625,5.56641,5.56641,5.68359,5.44922,0.111084,0.08667,0.087891,0.102539,0.074463,0.068359,0.065918,0.053711,0.058594,0.090332,0.070801
2017-02-05T17:00:00Z,57.30469,56.95313,55.19531,54.84375,56.95313,58.00781,58.35938,56.60156,48.86719,49.92188,49.21875,45.70313,4.57031,3.86719,4.10156,4.10156,4.04297,4.51172,5.09766,5.44922,5.50781,5.44922,5.625,5.68359,6.03516,0.178223,0.106201,0.102539,0.147705,0.106201,0.090332,0.093994,0.102539,0.08667,0.209961,0.333252
2017-02-05T17:10:00Z,52.38281,46.05469,47.46094,46.75781,47.46094,47.8125,44.29688,40.07813,38.67188,36.91406,32.69531,31.64063,4.6875,3.92578,4.6875,4.80469,4.74609,5.09766,5.68359,6.09375,6.21094,6.32813,6.32813,6.44531,6.5625,0.079346,0.08667,0.072021,0.100098,0.078125,0.039063,0.045166,0.047607,0.05249,0.039063,0.036621
2017-02-05T17:20:00Z,42.1875,41.83594,41.48438,41.48438,41.13281,39.02344,40.07813,38.67188,37.96875,36.5625,35.85938,34.10156,5.21484,4.39453,5.21484,5.39063,5.27344,5.74219,5.91797,6.03516,6.26953,6.50391,6.85547,7.03125,7.20703,0.063477,0.05249,0.056152,0.040283,0.030518,0.043945,0.056152,0.046387,0.053711,0.050049,0.054932
2017-02-05T17:30:00Z,39.375,40.07813,39.72656,39.72656,38.67188,40.78125,40.78125,41.13281,40.07813,38.32031,37.26563,36.91406,5.80078,4.92188,4.98047,5.15625,5.15625,5.625,6.09375,6.50391,6.73828,6.97266,7.08984,7.32422,7.38281,0.100098,0.059814,0.053711,0.05127,0.039063,0.031738,0.037842,0.025635,0.0354,0.043945,0.046387
2017-02-05T17:40:00Z,39.02344,43.24219,43.59375,43.24219,45.70313,46.40625,44.29688,42.89063,42.53906,41.48438,40.07813,39.375,5.56641,4.45313,4.33594,4.51172,4.57031,5.09766,5.68359,5.91797,6.15234,6.38672,6.44531,6.62109,6.73828,0.078125,0.065918,0.061035,0.057373,0.056152,0.05127,0.047607,0.043945,0.050049,0.048828,0.046387
2017-02-05T17:50:00Z,38.67188,48.86719,47.46094,48.16406,48.51563,48.51563,46.75781,45.35156,44.29688,43.59375,42.1875,41.13281,4.51172,3.80859,3.63281,3.86719,3.86719,4.33594,4.80469,5.15625,5.44922,5.50781,5.68359,5.80078,5.97656,0.065918,0.072021,0.075684,0.070801,0.065918,0.050049,0.041504,0.046387,0.046387,0.045166,0.042725
2017-02-05T18:00:00Z,46.05469,56.25,56.60156,56.60156,54.14063,54.14063,49.57031,51.32813,48.16406,47.8125,45.35156,44.64844,3.98438,3.33984,3.92578,4.10156,4.16016,4.33594,4.86328,5.15625,5.33203,5.39063,5.56641,5.68359,5.80078,0.070801,0.056152,0.065918,0.058594,0.05249,0.043945,0.037842,0.05127,0.036621,0.0354,0.037842
2017-02-05T18:10:00Z,55.89844,65.39063,62.92969,63.98438,59.76563,57.30469,56.60156,51.32813,46.40625,35.85938,36.91406,31.64063,4.10156,3.51563,3.80859,3.98438,3.98438,4.33594,4.62891,4.92188,5.09766,5.15625,5.39063,5.44922,5.39063,0.059814,0.063477,0.065918,0.063477,0.072021,0.10376,0.084229,0.079346,0.072021,0.063477,0.065918
2017-02-05T18:20:00Z,61.52344,69.60938,69.96094,70.3125,65.74219,66.09375,61.52344,61.52344,58.35938,56.60156,55.89844,54.14063,4.04297,3.39844,3.98438,4.16016,4.04297,4.45313,4.57031,4.80469,4.80469,4.98047,4.92188,4.98047,4.86328,0.101318,0.085449,0.096436,0.057373,0.090332,0.064697,0.114746,0.072021,0.076904,0.083008,0.118408
2017-02-05T18:30:00Z,64.33594,59.0625,60.11719,60.46875,60.46875,59.76563,59.0625,54.49219,52.03125,46.40625,46.40625,47.10938,4.04297,3.45703,4.27734,4.51172,4.57031,4.57031,4.62891,4.6875,4.62891,4.62891,4.6875,4.80469,4.80469,0.061035,0.065918,0.097656,0.087891,0.115967,0.109863,0.123291,0.114746,0.10376,0.102539,0.128174
2017-02-05T18:40:00Z,51.32813,55.89844,55.89844,54.84375,53.08594,50.97656,49.92188,47.8125,45.35156,42.53906,41.83594,35.15625,4.45313,3.63281,4.39453,4.39453,4.45313,4.45313,4.39453,4.33594,4.57031,4.51172,4.62891,4.6875,4.6875,0.10376,0.064697,0.111084,0.085449,0.089111,0.093994,0.092773,0.076904,0.114746,0.137939,0.118408
2017-02-05T18:50:00Z,50.97656,54.14063,52.03125,53.08594,47.46094,43.94531,42.89063,40.07813,39.375,34.80469,35.50781,31.99219,4.45313,3.69141,3.98438,4.21875,4.21875,4.16016,4.21875,4.45313,4.62891,4.6875,4.74609,4.80469,4.6875,0.129395,0.095215,0.075684,0.079346,0.087891,0.102539,0.129395,0.131836,0.134277,0.128174,0.125732
2017-02-05T19:00:00Z,44.29688,39.02344,38.32031,38.32031,33.39844,28.47656,29.88281,29.88281,28.82813,27.42188,23.90625,15.46875,3.98438,3.45703,3.92578,3.98438,4.10156,4.16016,4.33594,4.51172,4.86328,4.74609,4.80469,5.09766,4.92188,0.118408,0.10376,0.258789,0.161133,0.203857,0.177002,0.405273,0.463867,0.372314,0.378418,0.429688
2017-02-05T19:10:00Z,36.5625,33.39844,31.99219,31.28906,27.42188,33.39844,30.9375,22.5,22.85156,21.79688,24.60938,27.42188,3.86719,3.28125,3.33984,3.80859,3.63281,4.16016,4.74609,4.92188,5.74219,5.68359,6.15234,5.85938,6.15234,0.15625,0.303955,0.218506,0.250244,0.388184,0.357666,0.438232,0.3479,0.411377,0.299072,0.390625
2017-02-05T19:20:00Z,28.125,18.63281,21.09375,16.875,24.60938,21.09375,21.09375,19.6875,19.6875,19.6875,30.9375,21.79688,3.75,2.8125,4.51172,4.45313,4.39453,5.21484,4.92188,5.09766,5.09766,5.33203,5.33203,5.68359,5.74219,0.19165,0.162354,0.22583,0.299072,0.159912,0.274658,0.196533,0.255127,0.198975,0.317383,0.307617
2017-02-05T19:30:00Z,16.17188,18.63281,18.98438,18.28125,18.98438,17.92969,17.22656,17.22656,14.76563,15.82031,15.11719,14.41406,4.21875,3.45703,4.39453,4.6875,4.57031,4.74609,4.86328,4.80469,4.86328,4.86328,4.86328,4.80469,4.74609,0.065918,0.056152,0.065918,0.063477,0.05127,0.070801,0.061035,0.057373,0.048828,0.050049,0.043945
2017-02-05T19:40:00Z,13.71094,17.22656,17.92969,17.92969,16.875,17.92969,15.82031,18.63281,16.52344,17.22656,14.76563,14.0625,4.57031,3.69141,3.98438,4.21875,4.16016,4.33594,4.51172,4.62891,4.6875,4.62891,4.62891,4.62891,4.6875,0.075684,0.090332,0.070801,0.076904,0.048828,0.05127,0.063477,0.057373,0.056152,0.05249,0.068359
2017-02-05T19:50:00Z,16.875,34.10156,36.21094,17.92969,33.75,19.6875,27.42188,22.14844,21.44531,19.33594,13.71094,20.39063,4.39453,3.33984,5.15625,5.21484,5.85938,5.56641,5.56641,5.56641,5.74219,5.74219,5.56641,5.50781,5.68359,0.307617,0.214844,0.463867,0.212402,0.263672,0.216064,0.202637,0.177002,0.203857,0.195313,0.2771
2017-02-05T20:00:00Z,22.14844,31.64063,30.23438,28.82813,26.36719,29.17969,31.64063,27.77344,29.17969,28.125,28.125,34.10156,4.74609,3.92578,4.74609,5.15625,4.86328,5.80078,5.625,5.50781,5.50781,6.09375,5.80078,5.74219,6.15234,0.107422,0.19165,0.080566,0.274658,0.184326,0.155029,0.201416,0.313721,0.178223,0.145264,0.238037
2017-02-05T20:10:00Z,25.66406,30.23438,30.9375,29.88281,29.88281,28.82813,29.88281,30.23438,29.53125,28.125,28.125,27.42188,4.74609,3.86719,4.62891,4.86328,4.98047,5.27344,5.625,5.74219,5.74219,5.68359,5.68359,5.68359,5.68359,0.08667,0.083008,0.076904,0.084229,0.061035,0.050049,0.074463,0.053711,0.046387,0.068359,0.056152
2017-02-05T20:20:00Z,24.25781,32.69531,31.28906,31.64063,32.69531,32.69531,30.58594,29.53125,28.82813,27.07031,25.66406,22.85156,4.86328,3.98438,4.57031,4.6875,4.6875,5.03906,5.03906,5.09766,5.03906,5.09766,5.03906,4.98047,5.03906,0.072021,0.062256,0.058594,0.058594,0.075684,0.064697,0.068359,0.058594,0.06958,0.058594,0.076904
2017-02-05T20:30:00Z,30.9375,37.96875,36.5625,38.32031,34.45313,35.85938,35.15625,34.80469,31.64063,31.64063,30.23438,29.88281,4.51172,3.63281,4.16016,4.39453,4.45313,4.74609,4.92188,4.86328,4.80469,4.80469,4.74609,4.80469,4.74609,0.096436,0.078125,0.109863,0.08667,0.067139,0.072021,0.063477,0.064697,0.064697,0.06958,0.093994
2017-02-05T20:40:00Z,31.64063,35.85938,36.21094,37.61719,33.75,35.50781,31.64063,35.50781,29.88281,33.04688,29.88281,32.34375,4.80469,3.69141,4.51172,4.57031,4.62891,4.80469,4.98047,4.92188,4.98047,5.09766,5.03906,5.09766,4.98047,0.065918,0.064697,0.072021,0.047607,0.056152,0.065918,0.072021,0.070801,0.059814,0.067139,0.057373
2017-02-05T20:50:00Z,33.75,39.72656,39.02344,39.02344,40.42969,39.375,40.07813,37.61719,38.67188,37.26563,36.91406,37.61719,4.80469,3.86719,3.86719,4.04297,4.04297,4.39453,4.45313,4.6875,4.74609,4.80469,4.98047,5.15625,5.21484,0.112305,0.134277,0.085449,0.085449,0.089111,0.078125,0.081787,0.072021,0.089111,0.06958,0.062256
2017-02-05T21:00:00Z,32.34375,34.45313,34.45313,34.80469,36.91406,35.85938,35.50781,35.50781,33.39844,34.45313,35.50781,34.10156,3.86719,3.22266,3.57422,3.63281,3.51563,4.04297,4.27734,4.45313,4.80469,5.03906,5.27344,5.56641,5.74219,0.096436,0.075684,0.079346,0.067139,0.062256,0.046387,0.08667,0.067139,0.054932,0.054932,0.073242
2017-02-05T21:10:00Z,29.53125,35.50781,37.61719,37.61719,36.21094,32.69531,22.14844,19.33594,16.875,20.39063,18.98438,20.39063,3.69141,2.92969,2.69531,2.8125,2.92969,3.39844,3.86719,4.6875,4.92188,5.39063,5.33203,5.39063,5.44922,0.217285,0.206299,0.194092,0.217285,0.246582,0.205078,0.189209,0.203857,0.213623,0.175781,0.178223
2017-02-05T21:20:00Z,28.82813,24.25781,27.07031,29.17969,26.71875,17.22656,13.35938,13.00781,18.98438,19.33594,16.875,14.76563,3.16406,1.93359,2.28516,2.46094,2.57813,3.04688,3.92578,4.33594,4.74609,4.86328,4.98047,4.86328,5.03906,0.146484,0.146484,0.179443,0.231934,0.251465,0.214844,0.216064,0.186768,0.202637,0.196533,0.185547
2017-02-05T21:30:00Z,14.76563,21.44531,26.01563,21.09375,22.85156,24.25781,24.96094,20.74219,25.3125,24.60938,26.36719,22.85156,2.8125,2.10938,2.40234,2.57813,2.51953,2.8125,3.16406,3.28125,3.39844,3.33984,3.57422,3.80859,3.75,0.184326,0.150146,0.161133,0.164795,0.168457,0.142822,0.177002,0.10376,0.136719,0.162354,0.252686
2017-02-05T21:40:00Z,20.74219,27.42188,28.47656,26.36719,27.77344,28.47656,29.88281,30.58594,28.82813,24.96094,18.63281,18.63281,2.92969,1.69922,2.05078,2.34375,2.22656,2.57813,2.8125,2.98828,3.10547,3.10547,3.33984,3.69141,3.75,0.183105,0.266113,0.118408,0.223389,0.090332,0.08667,0.169678,0.081787,0.130615,0.369873,0.129395
2017-02-05T21:50:00Z,24.96094,15.11719,21.79688,20.74219,17.92969,23.20313,20.39063,21.79688,18.98438,18.63281,12.30469,12.30469,2.46094,1.64063,2.51953,2.63672,2.63672,2.98828,3.16406,3.22266,3.22266,3.45703,3.63281,4.04297,4.39453,0.148926,0.13916,0.119629,0.126953,0.12207,0.101318,0.095215,0.095215,0.074463,0.061035,0.079346
2017-02-05T22:00:00Z,15.11719,14.76563,15.11719,15.46875,14.76563,12.30469,15.46875,13.35938,15.11719,13.00781,15.11719,14.76563,2.98828,1.99219,3.28125,3.39844,3.45703,3.69141,4.10156,4.33594,4.45313,4.57031,4.62891,4.74609,4.6875,0.102539,0.070801,0.074463,0.074463,0.109863,0.078125,0.091553,0.090332,0.107422,0.095215,0.064697
2017-02-05T22:10:00Z,10.19531,18.63281,17.22656,17.57813,14.76563,18.63281,18.63281,21.09375,17.57813,18.98438,18.63281,20.03906,3.57422,2.63672,3.86719,4.10156,4.16016,4.39453,4.74609,4.92188,5.03906,5.09766,5.15625,5.21484,5.21484,0.090332,0.108643,0.12085,0.106201,0.067139,0.059814,0.058594,0.059814,0.045166,0.061035,0.047607
2017-02-05T22:20:00Z,13.00781,20.39063,22.14844,22.85156,21.44531,21.44531,21.44531,23.20313,21.09375,22.14844,21.79688,22.85156,4.33594,3.33984,4.39453,4.57031,4.62891,4.74609,4.98047,4.92188,5.03906,5.03906,5.09766,5.03906,4.98047,0.101318,0.090332,0.093994,0.075684,0.081787,0.065918,0.062256,0.072021,0.058594,0.064697,0.084229
2017-02-05T22:30:00Z,17.92969,27.07031,28.125,28.82813,28.125,28.82813,29.17969,27.07031,26.71875,27.42188,25.3125,23.55469,4.98047,3.75,4.27734,4.33594,4.33594,4.51172,4.62891,4.6875,4.6875,4.86328,4.92188,5.03906,5.15625,0.092773,0.092773,0.076904,0.075684,0.064697,0.064697,0.057373,0.065918,0.062256,0.061035,0.068359
2017-02-05T22:40:00Z,25.66406,23.20313,23.55469,26.71875,21.79688,22.14844,23.55469,22.85156,21.79688,22.14844,23.55469,25.3125,4.80469,3.57422,4.92188,5.09766,4.98047,5.09766,5.21484,5.27344,5.33203,5.33203,5.50781,5.50781,5.625,0.108643,0.087891,0.102539,0.098877,0.087891,0.076904,0.089111,0.085449,0.064697,0.054932,0.067139
2017-02-05T22:50:00Z,18.98438,22.5,25.3125,23.55469,25.3125,28.125,25.66406,24.25781,22.85156,23.20313,21.09375,22.85156,5.50781,4.39453,5.09766,5.21484,5.15625,5.33203,5.39063,5.44922,5.50781,5.625,5.50781,5.625,5.56641,0.097656,0.10376,0.080566,0.085449,0.097656,0.080566,0.067139,0.074463,0.085449,0.061035,0.075684
2017-02-05T23:00:00Z,21.79688,28.47656,29.88281,29.17969,29.53125,30.23438,28.47656,31.28906,30.23438,30.23438,30.23438,29.88281,5.85938,4.33594,5.27344,5.39063,5.33203,5.39063,5.50781,5.44922,5.56641,5.44922,5.56641,5.44922,5.50781,0.107422,0.097656,0.078125,0.064697,0.085449,0.065918,0.058594,0.074463,0.074463,0.075684,0.083008
2017-02-05T23:10:00Z,24.96094,36.91406,35.50781,35.50781,36.5625,33.75,36.5625,33.39844,36.91406,31.28906,33.39844,31.28906,5.80078,4.45313,5.15625,5.27344,5.33203,5.44922,5.56641,5.68359,5.74219,5.68359,5.625,5.625,5.625,0.117188,0.126953,0.117188,0.097656,0.10376,0.10376,0.098877,0.079346,0.074463,0.081787,0.079346
2017-02-05T23:20:00Z,31.64063,37.26563,34.80469,34.45313,37.26563,34.80469,37.96875,35.50781,34.45313,31.64063,35.15625,33.75,6.15234,4.74609,5.56641,5.68359,5.68359,5.91797,5.97656,6.03516,5.91797,5.91797,5.85938,6.09375,5.97656,0.097656,0.107422,0.089111,0.102539,0.102539,0.087891,0.079346,0.12085,0.090332,0.076904,0.096436
2017-02-05T23:30:00Z,31.28906,32.34375,34.10156,34.10156,33.75,35.85938,36.5625,35.50781,37.26563,36.5625,39.02344,37.26563,6.09375,4.98047,5.21484,5.39063,5.27344,5.39063,5.39063,5.27344,5.39063,5.39063,5.50781,5.27344,5.39063,0.115967,0.100098,0.131836,0.08667,0.125732,0.112305,0.107422,0.098877,0.112305,0.084229,0.109863
2017-02-05T23:40:00Z,27.77344,34.10156,33.04688,32.69531,34.10156,36.5625,35.15625,36.5625,35.50781,37.61719,37.61719,38.67188,5.80078,4.62891,4.98047,5.03906,4.98047,5.03906,4.92188,4.98047,4.98047,5.03906,4.98047,5.09766,5.03906,0.056152,0.096436,0.113525,0.12085,0.08667,0.072021,0.115967,0.057373,0.078125,0.108643,0.085449
2017-02-05T23:50:00Z,28.47656,36.21094,37.61719,37.61719,35.50781,37.26563,35.50781,37.61719,37.96875,40.78125,42.1875,40.42969,5.27344,4.45313,4.6875,4.6875,4.86328,4.80469,4.86328,4.74609,4.74609,4.6875,4.80469,4.57031,4.80469,0.136719,0.151367,0.117188,0.117188,0.12207,0.131836,0.137939,0.155029,0.12085,0.117188,0.128174
