LOCATION: 
SYSTEM SERIAL: HKZB
TIMESTAMP (ISO-8601) UTC,WindDir004m deg,WindDir030m deg,WindDir040m deg,WindDir040m_ref deg,WindDir060m deg,WindDir080m deg,WindDir100m deg,WindDir120m deg,WindDir140m deg,WindDir160m deg,WindDir180m deg,WindDir200m deg,WindGust004m m/s,WindSpeed004m m/s,WindSpeed030mh m/s,WindSpeed040mh m/s,WindSpeed040m_refh m/s,WindSpeed060mh m/s,WindSpeed080mh m/s,WindSpeed100mh m/s,WindSpeed120mh m/s,WindSpeed140mh m/s,WindSpeed160mh m/s,WindSpeed180mh m/s,WindSpeed200mh m/s,TI 030m,TI 040m,TI 040m ref,TI 060m,TI 080m,TI 100m,TI 120m,TI 140m,TI 160m,TI 180m,TI 200m
2017-04-09T00:00:00Z,108.98438,109.6875,111.44531,110.03906,113.55469,115.66406,113.55469,118.82813,129.02344,133.24219,139.21875,146.95313,2.98828,2.46094,3.80859,4.21875,4.16016,4.62891,4.6875,4.74609,5.09766,5.56641,5.74219,5.74219,5.56641,0.068359,0.056152,0.058594,0.056152,0.073242,0.062256,0.057373,0.067139,0.058594,0.056152,0.073242
2017-04-09T00:10:00Z,111.09375,112.14844,112.85156,112.14844,113.20313,111.44531,117.07031,128.32031,131.13281,136.75781,146.60156,153.98438,2.87109,2.40234,3.69141,4.21875,4.21875,4.6875,4.80469,5.21484,5.68359,5.85938,5.80078,5.56641,5.56641,0.063477,0.061035,0.059814,0.070801,0.058594,0.074463,0.048828,0.056152,0.054932,0.056152,0.05127
2017-04-09T00:20:00Z,112.85156,114.60938,114.60938,114.60938,113.20313,119.88281,127.26563,130.78125,132.1875,138.16406,150.82031,157.5,2.92969,2.28516,3.51563,4.04297,3.98438,4.74609,5.21484,5.91797,6.15234,5.97656,5.85938,5.56641,5.68359,0.068359,0.045166,0.058594,0.05127,0.05249,0.05127,0.048828,0.056152,0.046387,0.047607,0.064697
2017-04-09T00:30:00Z,114.25781,114.60938,116.01563,114.60938,120.23438,126.5625,130.07813,135.70313,142.03125,147.30469,155.03906,161.36719,2.51953,2.10938,3.39844,3.86719,3.80859,4.62891,5.27344,6.21094,6.15234,5.85938,5.50781,5.68359,6.15234,0.043945,0.062256,0.056152,0.05127,0.048828,0.050049,0.048828,0.054932,0.047607,0.043945,0.048828
2017-04-09T00:40:00Z,114.60938,115.66406,118.125,119.53125,124.10156,127.61719,130.78125,137.8125,145.54688,151.52344,161.71875,166.28906,2.57813,2.16797,3.45703,3.80859,3.86719,4.57031,5.39063,6.09375,6.15234,5.74219,5.74219,6.15234,6.62109,0.072021,0.074463,0.067139,0.059814,0.050049,0.039063,0.042725,0.059814,0.048828,0.045166,0.046387
2017-04-09T00:50:00Z,118.47656,119.53125,121.28906,119.53125,125.50781,129.375,133.24219,140.27344,148.00781,155.03906,163.82813,166.28906,2.87109,2.28516,3.45703,3.92578,3.80859,4.51172,5.27344,6.26953,6.15234,5.85938,5.74219,6.21094,6.67969,0.078125,0.064697,0.057373,0.057373,0.046387,0.061035,0.053711,0.042725,0.059814,0.048828,0.046387
2017-04-09T01:00:00Z,125.15625,126.5625,126.5625,126.5625,132.1875,129.375,137.46094,144.14063,151.875,158.20313,163.47656,166.28906,2.8125,2.34375,3.69141,3.98438,3.92578,4.57031,5.625,6.44531,6.21094,5.85938,5.91797,6.38672,6.67969,0.056152,0.058594,0.057373,0.058594,0.045166,0.054932,0.047607,0.043945,0.042725,0.036621,0.048828
2017-04-09T01:10:00Z,129.375,130.07813,130.42969,129.72656,130.78125,134.29688,141.32813,150.11719,157.14844,160.66406,163.47656,166.64063,3.04688,2.57813,3.86719,4.16016,4.21875,4.92188,5.68359,6.44531,6.15234,6.15234,6.38672,6.67969,6.73828,0.056152,0.070801,0.070801,0.054932,0.05127,0.043945,0.042725,0.047607,0.054932,0.05127,0.050049
2017-04-09T01:20:00Z,128.67188,130.78125,131.83594,131.83594,134.29688,135.35156,141.32813,150.46875,154.6875,160.3125,165.23438,166.99219,3.22266,2.63672,4.10156,4.51172,4.51172,5.21484,6.15234,6.50391,6.15234,6.44531,6.85547,6.91406,6.79688,0.06958,0.057373,0.065918,0.059814,0.064697,0.047607,0.043945,0.050049,0.029297,0.043945,0.03418
2017-04-09T01:30:00Z,126.5625,131.13281,132.1875,134.29688,132.53906,137.10938,145.89844,154.33594,157.85156,162.42188,163.47656,167.69531,3.45703,2.92969,4.21875,4.6875,4.62891,5.50781,6.44531,6.44531,6.50391,6.85547,7.14844,7.14844,6.97266,0.057373,0.050049,0.070801,0.05127,0.039063,0.057373,0.040283,0.037842,0.042725,0.045166,0.050049
2017-04-09T01:40:00Z,130.78125,133.24219,133.24219,134.64844,134.29688,138.16406,150.11719,156.44531,161.71875,163.47656,163.47656,164.88281,3.33984,2.8125,4.16016,4.80469,4.74609,5.56641,6.38672,6.26953,6.62109,7.14844,7.32422,7.32422,7.14844,0.059814,0.050049,0.058594,0.058594,0.048828,0.046387,0.048828,0.030518,0.03418,0.037842,0.045166
2017-04-09T01:50:00Z,130.42969,133.94531,133.94531,133.94531,133.94531,140.625,150.11719,158.55469,160.66406,163.82813,163.82813,165.23438,3.57422,3.04688,4.33594,4.86328,4.80469,5.625,6.32813,6.32813,6.79688,7.32422,7.38281,7.32422,7.20703,0.056152,0.05249,0.059814,0.047607,0.05249,0.046387,0.045166,0.056152,0.0354,0.05249,0.041504
2017-04-09T02:00:00Z,130.78125,133.94531,133.59375,135.0,140.625,147.65625,151.875,157.5,160.3125,162.42188,162.77344,165.58594,4.27734,3.39844,4.39453,4.86328,4.86328,5.85938,6.15234,6.62109,7.08984,7.55859,7.5,7.44141,7.03125,0.068359,0.048828,0.073242,0.048828,0.048828,0.040283,0.040283,0.0354,0.036621,0.050049,0.040283
2017-04-09T02:10:00Z,130.42969,134.29688,138.16406,138.16406,145.54688,150.46875,153.28125,156.44531,158.20313,159.96094,164.17969,167.34375,3.92578,3.33984,4.6875,5.21484,5.21484,5.74219,6.5625,7.26563,7.32422,7.61719,7.5,7.38281,6.97266,0.057373,0.046387,0.067139,0.041504,0.05249,0.043945,0.0354,0.0354,0.045166,0.043945,0.037842
2017-04-09T02:20:00Z,129.375,137.10938,140.97656,140.27344,148.35938,150.82031,155.39063,159.25781,162.42188,163.47656,164.88281,166.28906,4.33594,3.63281,4.80469,5.33203,5.39063,6.09375,6.91406,7.44141,7.67578,7.44141,7.20703,7.14844,7.08984,0.040283,0.037842,0.05127,0.041504,0.043945,0.032959,0.028076,0.028076,0.041504,0.0354,0.0354
2017-04-09T02:30:00Z,132.89063,139.92188,146.25,145.19531,150.11719,153.63281,159.25781,162.77344,164.53125,165.58594,166.64063,166.99219,4.39453,3.51563,4.80469,5.39063,5.39063,6.32813,7.32422,7.79297,7.85156,7.61719,7.5,7.44141,7.38281,0.042725,0.048828,0.037842,0.039063,0.050049,0.041504,0.039063,0.042725,0.037842,0.03418,0.03418
2017-04-09T02:40:00Z,137.8125,143.08594,149.0625,147.65625,153.28125,156.09375,161.71875,164.53125,166.28906,166.64063,166.99219,169.45313,4.39453,3.69141,4.98047,5.625,5.50781,6.62109,7.85156,8.26172,8.14453,7.96875,7.91016,7.85156,7.79297,0.058594,0.081787,0.048828,0.037842,0.03418,0.036621,0.037842,0.043945,0.03418,0.045166,0.032959
2017-04-09T02:50:00Z,140.625,149.0625,152.92969,152.92969,155.39063,160.3125,164.88281,167.34375,167.69531,168.75,169.10156,170.50781,4.45313,3.63281,4.92188,5.56641,5.44922,6.67969,8.02734,8.26172,8.20313,8.20313,8.14453,8.14453,8.02734,0.053711,0.046387,0.043945,0.045166,0.047607,0.037842,0.024414,0.032959,0.031738,0.036621,0.037842
2017-04-09T03:00:00Z,146.25,155.74219,155.74219,156.79688,157.14844,161.71875,169.10156,170.50781,170.15625,172.26563,172.26563,171.5625,4.16016,3.45703,5.21484,5.80078,5.80078,6.91406,7.96875,8.14453,8.26172,8.4375,8.4375,8.49609,8.32031,0.048828,0.030518,0.040283,0.031738,0.028076,0.030518,0.037842,0.039063,0.037842,0.040283,0.028076
2017-04-09T03:10:00Z,154.33594,155.74219,156.79688,155.74219,157.5,163.47656,170.15625,172.61719,172.61719,171.91406,172.96875,172.61719,3.98438,3.39844,5.27344,5.85938,5.74219,6.73828,7.67578,8.02734,8.37891,8.55469,8.67188,8.61328,8.49609,0.045166,0.041504,0.041504,0.039063,0.032959,0.039063,0.029297,0.037842,0.028076,0.029297,0.03418
2017-04-09T03:20:00Z,154.33594,155.39063,156.09375,155.39063,159.60938,164.53125,171.21094,172.61719,172.61719,172.61719,172.96875,174.375,4.21875,3.45703,5.03906,5.68359,5.50781,6.5625,7.26563,7.79297,8.20313,8.49609,8.61328,8.61328,8.55469,0.053711,0.037842,0.053711,0.039063,0.03418,0.0354,0.043945,0.03418,0.030518,0.040283,0.0354
2017-04-09T03:30:00Z,154.6875,158.55469,160.66406,159.60938,162.42188,164.88281,169.80469,171.91406,171.5625,172.96875,173.67188,175.42969,4.33594,3.69141,5.33203,5.91797,5.80078,6.67969,7.44141,7.79297,8.26172,8.49609,8.61328,8.55469,8.49609,0.040283,0.059814,0.040283,0.042725,0.031738,0.039063,0.036621,0.036621,0.040283,0.026855,0.03418
2017-04-09T03:40:00Z,157.14844,159.60938,160.66406,159.96094,162.07031,165.23438,169.10156,172.26563,171.21094,174.375,174.72656,175.42969,4.27734,3.75,5.625,6.09375,6.09375,6.67969,7.38281,7.91016,8.14453,8.26172,8.37891,8.32031,8.26172,0.037842,0.036621,0.03418,0.026855,0.032959,0.025635,0.026855,0.037842,0.031738,0.021973,0.023193
2017-04-09T03:50:00Z,157.85156,161.36719,162.07031,163.125,163.47656,165.23438,172.61719,173.32031,174.375,174.375,176.13281,178.94531,4.39453,3.80859,5.44922,5.91797,5.91797,6.62109,7.32422,7.79297,7.91016,7.85156,8.26172,8.32031,8.26172,0.041504,0.041504,0.039063,0.0354,0.037842,0.043945,0.036621,0.043945,0.031738,0.028076,0.025635
2017-04-09T04:00:00Z,160.66406,161.71875,161.71875,162.07031,162.07031,165.9375,171.91406,174.02344,176.48438,177.1875,179.29688,180.0,5.03906,3.92578,5.91797,6.32813,6.38672,6.62109,7.03125,7.61719,7.79297,8.20313,8.4375,8.32031,8.20313,0.057373,0.054932,0.05249,0.03418,0.039063,0.041504,0.032959,0.0354,0.03418,0.037842,0.048828
2017-04-09T04:10:00Z,159.25781,161.36719,162.77344,164.17969,164.88281,168.39844,174.02344,176.13281,176.13281,178.59375,180.35156,179.64844,5.09766,4.39453,5.97656,6.21094,6.09375,6.38672,7.03125,7.73438,8.14453,8.49609,8.55469,8.32031,8.14453,0.037842,0.046387,0.041504,0.03418,0.040283,0.040283,0.030518,0.041504,0.03418,0.036621,0.036621
2017-04-09T04:20:00Z,158.55469,163.125,162.77344,164.53125,165.23438,169.10156,173.67188,175.78125,178.94531,177.89063,180.35156,180.70313,4.92188,4.21875,5.625,5.97656,5.97656,6.38672,7.08984,7.79297,8.37891,8.55469,8.49609,8.32031,8.14453,0.040283,0.050049,0.059814,0.053711,0.046387,0.03418,0.041504,0.056152,0.047607,0.056152,0.046387
2017-04-09T04:30:00Z,159.60938,164.17969,164.53125,163.125,165.58594,169.10156,173.67188,175.78125,177.53906,178.59375,179.64844,181.75781,4.92188,4.16016,5.91797,6.21094,6.26953,6.50391,7.20703,7.96875,8.37891,8.55469,8.4375,8.4375,8.20313,0.068359,0.056152,0.056152,0.064697,0.064697,0.039063,0.057373,0.042725,0.05249,0.063477,0.05127
2017-04-09T04:40:00Z,163.82813,166.99219,166.99219,165.58594,168.04688,172.61719,176.13281,177.53906,178.24219,181.75781,180.35156,182.8125,4.98047,4.27734,5.91797,6.09375,6.15234,6.50391,7.26563,7.96875,8.32031,8.49609,8.49609,8.37891,8.26172,0.058594,0.10376,0.064697,0.064697,0.06958,0.065918,0.067139,0.059814,0.078125,0.075684,0.090332
2017-04-09T04:50:00Z,166.28906,169.45313,169.45313,169.45313,166.64063,175.07813,177.1875,177.1875,180.70313,180.0,181.05469,182.8125,5.09766,4.33594,5.80078,6.09375,6.21094,6.62109,7.67578,8.55469,8.37891,8.67188,8.4375,8.49609,8.37891,0.061035,0.085449,0.081787,0.075684,0.05249,0.084229,0.097656,0.081787,0.098877,0.092773,0.062256
2017-04-09T05:00:00Z,167.34375,170.85938,168.39844,170.85938,170.15625,172.96875,176.13281,180.35156,180.0,180.35156,182.10938,183.51563,5.09766,4.27734,5.44922,5.74219,5.80078,6.21094,7.44141,8.61328,8.49609,8.55469,8.73047,8.37891,8.14453,0.106201,0.096436,0.10376,0.095215,0.076904,0.072021,0.062256,0.095215,0.084229,0.087891,0.085449
2017-04-09T05:10:00Z,167.69531,166.99219,169.10156,169.80469,170.50781,173.67188,172.96875,178.94531,178.94531,180.70313,181.40625,184.92188,5.03906,4.10156,5.56641,5.97656,5.74219,6.21094,7.14844,8.4375,8.55469,8.73047,8.67188,8.61328,7.91016,0.111084,0.079346,0.085449,0.068359,0.068359,0.063477,0.083008,0.078125,0.092773,0.083008,0.08667
2017-04-09T05:20:00Z,166.28906,169.45313,169.45313,170.15625,169.45313,174.375,174.72656,178.59375,180.0,182.10938,183.16406,185.625,4.6875,3.92578,5.15625,5.56641,5.39063,6.09375,7.20703,8.26172,8.49609,8.61328,8.61328,8.49609,7.96875,0.087891,0.093994,0.089111,0.102539,0.100098,0.080566,0.095215,0.087891,0.102539,0.084229,0.10376
2017-04-09T05:30:00Z,165.9375,169.10156,166.99219,169.10156,169.10156,172.96875,173.67188,179.64844,181.75781,182.46094,184.57031,187.03125,4.80469,4.04297,5.50781,5.68359,5.74219,6.44531,7.38281,8.4375,8.73047,8.78906,8.32031,8.02734,7.73438,0.135498,0.119629,0.102539,0.10376,0.10376,0.070801,0.062256,0.089111,0.096436,0.098877,0.089111
2017-04-09T05:40:00Z,161.36719,164.53125,165.58594,165.9375,168.04688,170.50781,174.02344,179.64844,182.10938,182.8125,183.51563,184.92188,4.92188,4.04297,5.33203,5.56641,5.625,6.44531,7.79297,8.4375,8.90625,8.4375,8.37891,7.96875,8.02734,0.093994,0.084229,0.098877,0.096436,0.054932,0.059814,0.084229,0.102539,0.080566,0.098877,0.087891
2017-04-09T05:50:00Z,162.77344,167.69531,168.75,169.45313,172.61719,174.72656,178.94531,180.70313,185.27344,187.73438,187.03125,188.08594,5.03906,4.04297,5.50781,5.625,5.80078,6.50391,7.5,8.20313,8.55469,8.49609,8.4375,8.14453,7.91016,0.068359,0.100098,0.068359,0.079346,0.095215,0.068359,0.06958,0.109863,0.080566,0.079346,0.107422
2017-04-09T06:00:00Z,161.01563,167.69531,169.10156,168.39844,170.50781,176.48438,179.64844,183.86719,184.21875,187.03125,187.38281,187.73438,4.74609,4.04297,5.50781,5.80078,5.80078,6.38672,7.5,8.37891,8.37891,8.49609,8.49609,8.32031,8.14453,0.101318,0.098877,0.085449,0.091553,0.085449,0.067139,0.067139,0.076904,0.075684,0.096436,0.089111
2017-04-09T06:10:00Z,160.66406,169.10156,168.75,169.80469,173.67188,177.1875,180.70313,185.625,189.49219,190.19531,190.19531,187.03125,4.86328,4.04297,5.27344,5.80078,5.80078,6.44531,7.5,8.08594,8.4375,8.55469,8.4375,8.02734,7.96875,0.076904,0.090332,0.101318,0.091553,0.059814,0.075684,0.083008,0.085449,0.085449,0.093994,0.100098
2017-04-09T06:20:00Z,160.3125,169.80469,171.21094,169.10156,173.67188,177.1875,182.46094,186.67969,189.84375,188.78906,189.49219,188.78906,4.74609,3.98438,5.56641,5.74219,5.91797,6.50391,7.67578,8.26172,8.37891,8.55469,8.4375,8.20313,8.02734,0.075684,0.080566,0.102539,0.081787,0.064697,0.083008,0.087891,0.081787,0.074463,0.090332,0.08667
2017-04-09T06:30:00Z,159.96094,168.39844,169.10156,169.80469,172.26563,178.59375,183.16406,186.67969,187.73438,189.49219,190.54688,190.54688,4.80469,3.86719,5.33203,5.74219,5.68359,6.5625,7.61719,8.14453,8.26172,8.49609,8.49609,8.37891,7.79297,0.074463,0.10376,0.064697,0.079346,0.070801,0.074463,0.050049,0.064697,0.090332,0.06958,0.076904
2017-04-09T06:40:00Z,158.20313,167.34375,168.04688,166.99219,171.5625,178.59375,182.8125,187.03125,188.08594,189.84375,189.14063,189.49219,4.80469,3.92578,5.21484,5.68359,5.74219,6.38672,7.73438,7.96875,8.37891,8.32031,8.20313,7.91016,7.79297,0.101318,0.091553,0.100098,0.083008,0.06958,0.067139,0.074463,0.064697,0.074463,0.080566,0.090332
2017-04-09T06:50:00Z,157.14844,165.58594,165.9375,168.04688,170.50781,176.83594,181.75781,184.21875,189.49219,190.19531,189.84375,189.14063,4.51172,3.75,5.15625,5.56641,5.68359,6.26953,7.32422,7.79297,8.20313,8.02734,7.73438,7.5,7.67578,0.118408,0.081787,0.070801,0.090332,0.090332,0.073242,0.080566,0.084229,0.076904,0.081787,0.078125
2017-04-09T07:00:00Z,154.33594,164.17969,166.64063,165.9375,168.75,176.83594,180.35156,184.21875,186.67969,190.19531,188.08594,190.54688,4.51172,3.80859,5.09766,5.625,5.50781,6.32813,7.32422,7.79297,7.91016,8.02734,7.61719,7.55859,7.5,0.093994,0.106201,0.091553,0.100098,0.062256,0.059814,0.08667,0.074463,0.068359,0.073242,0.097656
2017-04-09T07:10:00Z,151.875,161.36719,163.125,165.23438,169.10156,175.07813,182.8125,185.97656,188.08594,187.03125,189.84375,189.14063,4.62891,3.86719,5.03906,5.44922,5.50781,6.32813,7.26563,7.79297,7.73438,7.67578,7.73438,7.67578,7.20703,0.10498,0.070801,0.075684,0.061035,0.058594,0.05127,0.072021,0.043945,0.05127,0.068359,0.079346
2017-04-09T07:20:00Z,148.35938,159.96094,162.07031,163.82813,167.34375,174.72656,181.40625,185.27344,188.78906,189.49219,189.49219,189.84375,4.80469,3.80859,5.27344,5.56641,5.56641,6.32813,6.97266,7.61719,7.79297,7.5,7.32422,7.32422,7.26563,0.101318,0.084229,0.067139,0.081787,0.098877,0.063477,0.064697,0.097656,0.06958,0.076904,0.097656
2017-04-09T07:30:00Z,149.41406,162.42188,165.23438,167.34375,169.10156,175.42969,184.21875,187.38281,189.49219,191.60156,189.84375,191.60156,4.62891,3.75,5.09766,5.39063,5.44922,6.21094,6.97266,7.73438,7.55859,7.26563,7.08984,7.20703,7.14844,0.083008,0.093994,0.087891,0.085449,0.061035,0.08667,0.085449,0.059814,0.084229,0.064697,0.068359
2017-04-09T07:40:00Z,148.00781,161.36719,163.82813,162.77344,168.39844,176.83594,182.46094,187.38281,190.89844,190.54688,190.19531,190.19531,4.33594,3.63281,4.86328,5.27344,5.33203,5.97656,6.97266,7.44141,7.5,7.14844,7.08984,7.03125,6.97266,0.092773,0.078125,0.076904,0.054932,0.080566,0.062256,0.080566,0.072021,0.054932,0.064697,0.064697
2017-04-09T07:50:00Z,149.76563,161.36719,164.53125,164.17969,170.50781,181.05469,184.57031,189.49219,191.25,191.60156,192.65625,191.60156,4.16016,3.33984,4.51172,5.15625,5.03906,5.80078,6.79688,7.03125,7.08984,7.08984,7.14844,6.97266,6.91406,0.072021,0.078125,0.096436,0.095215,0.080566,0.101318,0.073242,0.058594,0.063477,0.072021,0.072021
2017-04-09T08:00:00Z,147.65625,162.07031,164.53125,164.53125,169.10156,178.59375,185.27344,189.14063,190.89844,194.0625,195.11719,193.35938,3.75,2.98828,4.10156,4.6875,4.80469,5.50781,6.44531,6.67969,6.85547,6.97266,6.85547,6.62109,6.44531,0.114746,0.093994,0.091553,0.078125,0.070801,0.057373,0.065918,0.058594,0.058594,0.061035,0.091553
2017-04-09T08:10:00Z,143.4375,159.96094,160.66406,162.77344,166.64063,175.42969,185.97656,193.35938,191.95313,193.71094,192.65625,193.71094,3.33984,2.75391,4.10156,4.39453,4.57031,5.33203,6.15234,6.67969,6.44531,6.5625,6.50391,6.50391,6.38672,0.096436,0.081787,0.101318,0.083008,0.057373,0.056152,0.079346,0.039063,0.06958,0.08667,0.059814
2017-04-09T08:20:00Z,146.60156,161.01563,162.42188,162.42188,169.80469,179.29688,188.08594,195.11719,195.82031,195.46875,196.17188,195.82031,3.57422,2.8125,4.16016,4.74609,4.62891,5.33203,6.32813,6.38672,6.50391,6.62109,6.44531,6.44531,6.32813,0.075684,0.091553,0.084229,0.081787,0.058594,0.045166,0.050049,0.048828,0.067139,0.064697,0.067139
2017-04-09T08:30:00Z,148.71094,161.71875,163.125,162.77344,170.50781,179.64844,191.25,195.82031,196.52344,196.875,195.11719,196.17188,3.51563,2.8125,4.39453,4.74609,4.74609,5.56641,6.15234,6.50391,6.5625,6.67969,6.50391,6.50391,6.44531,0.064697,0.083008,0.108643,0.046387,0.063477,0.070801,0.043945,0.079346,0.070801,0.067139,0.06958
2017-04-09T08:40:00Z,143.78906,158.55469,161.01563,161.71875,167.69531,177.89063,189.84375,192.30469,192.30469,193.00781,191.95313,193.71094,3.39844,2.87109,4.45313,4.98047,4.86328,5.74219,6.26953,6.5625,6.5625,6.67969,6.50391,6.62109,6.50391,0.090332,0.080566,0.093994,0.064697,0.087891,0.058594,0.05249,0.058594,0.05127,0.065918,0.050049
2017-04-09T08:50:00Z,142.03125,157.85156,161.01563,159.96094,168.75,178.59375,188.08594,191.25,192.30469,191.95313,193.35938,190.89844,3.75,2.98828,4.86328,5.27344,5.33203,6.03516,6.32813,6.62109,6.62109,6.67969,6.67969,6.62109,6.50391,0.068359,0.076904,0.075684,0.056152,0.058594,0.057373,0.050049,0.05249,0.057373,0.059814,0.059814
2017-04-09T09:00:00Z,140.97656,155.74219,160.66406,161.36719,169.45313,180.0,188.78906,191.25,189.84375,190.19531,190.54688,188.78906,3.75,3.22266,4.98047,5.44922,5.44922,6.50391,6.50391,6.5625,6.5625,6.67969,6.79688,6.85547,6.79688,0.078125,0.079346,0.085449,0.058594,0.063477,0.059814,0.05127,0.056152,0.050049,0.05127,0.063477
2017-04-09T09:10:00Z,140.97656,157.5,162.42188,163.47656,171.21094,181.40625,189.84375,191.25,190.54688,190.89844,191.95313,190.19531,3.69141,3.04688,4.92188,5.56641,5.56641,6.50391,6.26953,6.50391,6.50391,6.67969,6.91406,6.85547,6.79688,0.067139,0.06958,0.054932,0.061035,0.073242,0.062256,0.061035,0.056152,0.047607,0.045166,0.068359
2017-04-09T09:20:00Z,139.57031,155.74219,163.125,161.71875,171.5625,180.35156,189.84375,189.49219,190.19531,189.14063,188.4375,187.73438,3.51563,2.98828,4.92188,5.625,5.56641,6.38672,6.32813,6.44531,6.50391,6.73828,6.79688,6.73828,6.67969,0.064697,0.057373,0.062256,0.054932,0.054932,0.054932,0.058594,0.070801,0.056152,0.056152,0.059814
2017-04-09T09:30:00Z,135.0,154.33594,162.42188,161.71875,170.50781,179.29688,185.27344,184.92188,182.8125,183.86719,182.8125,182.10938,3.75,3.10547,5.27344,6.15234,5.97656,6.67969,6.50391,6.5625,6.5625,6.85547,6.85547,6.79688,6.62109,0.084229,0.05249,0.050049,0.076904,0.054932,0.050049,0.078125,0.076904,0.048828,0.080566,0.089111
2017-04-09T09:40:00Z,136.05469,158.90625,166.28906,165.23438,171.91406,177.89063,184.21875,185.625,184.92188,184.57031,182.46094,183.16406,3.86719,3.22266,5.33203,6.21094,6.21094,6.5625,6.50391,6.67969,6.73828,6.85547,6.79688,6.73828,6.85547,0.065918,0.08667,0.074463,0.078125,0.059814,0.061035,0.067139,0.06958,0.068359,0.073242,0.06958
2017-04-09T09:50:00Z,138.86719,164.88281,170.15625,168.75,172.96875,181.40625,185.27344,185.625,184.92188,184.21875,183.16406,182.8125,3.51563,2.75391,5.625,6.15234,6.26953,6.32813,6.38672,6.67969,6.73828,6.85547,6.79688,6.73828,6.73828,0.08667,0.100098,0.073242,0.078125,0.053711,0.095215,0.080566,0.057373,0.081787,0.058594,0.063477
2017-04-09T10:00:00Z,141.67969,166.28906,169.10156,166.99219,174.375,182.10938,182.46094,181.40625,179.29688,179.64844,179.64844,178.59375,3.86719,3.16406,6.15234,6.38672,6.32813,6.26953,6.50391,6.62109,6.73828,6.97266,6.85547,6.79688,6.62109,0.070801,0.075684,0.076904,0.068359,0.067139,0.067139,0.072021,0.058594,0.064697,0.063477,0.068359
2017-04-09T10:10:00Z,139.21875,165.9375,166.64063,166.28906,173.67188,180.0,179.29688,178.94531,177.53906,176.48438,176.83594,177.1875,4.04297,3.57422,6.03516,5.80078,5.91797,5.97656,6.32813,6.62109,6.67969,6.73828,6.62109,6.73828,6.5625,0.074463,0.089111,0.054932,0.050049,0.075684,0.05127,0.046387,0.053711,0.059814,0.058594,0.057373
2017-04-09T10:20:00Z,139.92188,166.28906,167.34375,167.34375,173.67188,181.05469,181.40625,180.35156,179.29688,179.29688,177.89063,177.53906,4.04297,3.39844,5.74219,5.625,5.74219,5.625,6.21094,6.5625,6.5625,6.62109,6.62109,6.5625,6.50391,0.059814,0.083008,0.074463,0.059814,0.073242,0.067139,0.040283,0.041504,0.076904,0.061035,0.043945
2017-04-09T10:30:00Z,140.625,170.15625,171.21094,169.80469,177.1875,181.05469,178.94531,179.64844,178.59375,178.94531,178.94531,178.94531,3.63281,3.10547,5.39063,5.15625,5.27344,5.33203,5.91797,6.03516,6.32813,6.32813,6.38672,6.15234,6.03516,0.068359,0.08667,0.087891,0.076904,0.073242,0.081787,0.068359,0.095215,0.084229,0.072021,0.109863
2017-04-09T10:40:00Z,143.08594,172.26563,173.67188,174.375,177.89063,177.89063,176.83594,178.24219,176.48438,177.53906,177.89063,181.40625,3.28125,2.75391,4.86328,4.98047,4.98047,5.21484,5.625,5.74219,6.03516,5.91797,6.09375,5.91797,5.80078,0.090332,0.083008,0.062256,0.076904,0.065918,0.073242,0.064697,0.072021,0.081787,0.089111,0.084229
2017-04-09T10:50:00Z,143.4375,172.61719,177.1875,171.21094,175.42969,175.78125,172.61719,173.32031,175.42969,175.07813,179.29688,176.48438,3.10547,2.57813,4.86328,5.09766,4.6875,5.27344,5.80078,6.09375,6.32813,6.44531,6.32813,5.97656,5.80078,0.13916,0.255127,0.085449,0.081787,0.12085,0.133057,0.083008,0.075684,0.109863,0.114746,0.125732
2017-04-09T11:00:00Z,142.73438,174.72656,175.42969,175.07813,172.61719,171.91406,170.85938,170.85938,173.67188,174.02344,178.24219,182.46094,2.46094,2.10938,4.62891,4.74609,4.74609,5.39063,5.74219,5.85938,5.68359,5.74219,5.625,5.80078,5.68359,0.083008,0.054932,0.073242,0.065918,0.06958,0.068359,0.067139,0.059814,0.087891,0.076904,0.054932
2017-04-09T11:10:00Z,136.75781,173.67188,172.61719,172.26563,172.61719,172.26563,171.21094,171.5625,173.67188,176.83594,181.75781,184.21875,2.57813,2.05078,4.62891,5.03906,5.03906,5.56641,5.44922,5.50781,5.33203,5.625,5.56641,5.625,5.33203,0.090332,0.062256,0.067139,0.067139,0.089111,0.063477,0.057373,0.065918,0.073242,0.056152,0.068359
2017-04-09T11:20:00Z,133.59375,172.61719,171.91406,172.61719,171.5625,172.26563,172.61719,174.375,178.59375,183.16406,184.92188,186.67969,2.57813,2.05078,4.80469,5.03906,5.15625,5.27344,5.33203,5.39063,5.56641,5.56641,5.39063,5.27344,5.33203,0.081787,0.065918,0.073242,0.076904,0.05127,0.053711,0.073242,0.074463,0.062256,0.068359,0.076904
2017-04-09T11:30:00Z,131.83594,174.02344,174.02344,176.83594,175.78125,176.13281,178.24219,179.64844,184.92188,187.03125,190.19531,189.84375,2.34375,1.81641,4.51172,4.86328,4.80469,5.15625,5.15625,5.09766,5.21484,5.33203,5.33203,5.21484,5.39063,0.054932,0.081787,0.043945,0.050049,0.064697,0.05249,0.084229,0.062256,0.073242,0.056152,0.072021
2017-04-09T11:40:00Z,145.89844,181.05469,181.75781,180.70313,182.46094,184.57031,187.73438,192.30469,193.71094,193.71094,196.52344,196.17188,1.81641,1.40625,4.57031,4.80469,4.80469,4.98047,5.03906,5.27344,5.21484,5.33203,5.39063,5.44922,5.44922,0.056152,0.065918,0.062256,0.05127,0.063477,0.06958,0.050049,0.062256,0.073242,0.043945,0.054932
2017-04-09T11:50:00Z,159.25781,180.70313,182.10938,181.05469,183.51563,187.73438,188.08594,191.25,191.60156,191.95313,194.41406,195.11719,2.57813,1.81641,5.15625,5.27344,5.15625,5.33203,5.50781,5.33203,5.44922,5.44922,5.56641,5.625,5.80078,0.068359,0.053711,0.045166,0.042725,0.058594,0.083008,0.068359,0.064697,0.064697,0.062256,0.05127
2017-04-09T12:00:00Z,167.34375,180.70313,183.51563,183.86719,186.67969,192.30469,191.25,193.71094,195.11719,195.11719,196.17188,197.22656,2.92969,2.57813,4.98047,5.15625,5.09766,5.50781,5.625,5.625,5.74219,5.85938,5.80078,5.85938,5.56641,0.061035,0.114746,0.05249,0.130615,0.043945,0.057373,0.040283,0.05127,0.053711,0.059814,0.101318
2017-04-09T12:10:00Z,201.09375,216.5625,207.42188,205.66406,198.63281,197.22656,194.41406,196.17188,197.57813,195.82031,197.22656,196.17188,3.16406,2.10938,3.63281,3.75,3.92578,4.27734,4.74609,5.03906,5.33203,5.27344,5.27344,5.33203,5.27344,0.257568,0.263672,0.308838,0.250244,0.174561,0.117188,0.087891,0.08667,0.078125,0.114746,0.115967
2017-04-09T12:20:00Z,255.23438,237.65625,221.13281,225.0,202.5,194.76563,195.46875,197.22656,196.52344,197.57813,195.11719,195.11719,4.62891,2.57813,2.75391,2.87109,2.87109,3.75,4.6875,5.09766,5.15625,5.09766,5.03906,5.09766,5.15625,0.128174,0.13916,0.150146,0.153809,0.093994,0.05127,0.05127,0.062256,0.047607,0.046387,0.041504
2017-04-09T12:30:00Z,256.28906,215.85938,203.55469,204.25781,197.92969,198.28125,196.52344,196.17188,196.52344,195.46875,194.41406,193.35938,2.40234,1.875,2.8125,3.63281,3.57422,4.80469,5.09766,4.98047,4.98047,4.92188,4.98047,4.98047,5.03906,0.10498,0.12085,0.118408,0.031738,0.050049,0.047607,0.043945,0.050049,0.062256,0.048828,0.045166
2017-04-09T12:40:00Z,266.13281,208.47656,203.55469,204.60938,202.85156,200.74219,197.57813,197.92969,196.17188,196.17188,196.52344,193.71094,2.10938,1.69922,3.33984,4.21875,4.10156,4.98047,5.15625,4.98047,4.80469,4.80469,4.80469,4.86328,4.92188,0.093994,0.062256,0.067139,0.054932,0.041504,0.048828,0.039063,0.041504,0.050049,0.046387,0.043945
2017-04-09T12:50:00Z,259.10156,205.3125,204.25781,204.25781,201.44531,197.92969,197.22656,195.46875,193.71094,189.49219,186.67969,184.92188,1.93359,1.52344,3.75,4.27734,4.27734,4.98047,5.09766,4.92188,4.80469,4.74609,4.86328,5.15625,5.21484,0.058594,0.050049,0.050049,0.05127,0.031738,0.042725,0.043945,0.029297,0.046387,0.039063,0.043945
2017-04-09T13:00:00Z,244.33594,209.17969,207.77344,206.36719,201.09375,195.82031,191.60156,191.95313,189.49219,189.49219,186.67969,185.27344,2.46094,1.99219,3.69141,4.21875,4.21875,4.80469,5.33203,5.39063,5.33203,5.39063,5.39063,5.44922,5.74219,0.050049,0.050049,0.05249,0.05127,0.041504,0.046387,0.05127,0.045166,0.050049,0.053711,0.054932
2017-04-09T13:10:00Z,245.39063,219.02344,213.39844,214.10156,205.3125,200.03906,195.46875,193.35938,192.30469,188.78906,188.78906,187.38281,2.69531,2.34375,3.45703,3.80859,3.80859,4.45313,5.56641,5.91797,5.80078,5.68359,5.68359,5.74219,5.80078,0.08667,0.076904,0.068359,0.062256,0.045166,0.042725,0.05249,0.05127,0.046387,0.047607,0.047607
2017-04-09T13:20:00Z,245.74219,220.78125,211.28906,212.69531,204.25781,202.5,197.22656,194.0625,191.60156,190.89844,189.84375,188.08594,2.75391,2.28516,3.10547,3.51563,3.51563,4.86328,5.68359,6.09375,6.21094,6.03516,5.97656,5.91797,6.03516,0.031738,0.065918,0.031738,0.058594,0.036621,0.039063,0.037842,0.031738,0.037842,0.041504,0.032959
2017-04-09T13:30:00Z,235.19531,212.34375,209.17969,209.88281,202.14844,200.03906,196.52344,194.76563,192.30469,189.49219,187.03125,185.97656,2.34375,1.875,3.10547,3.92578,3.86719,5.09766,5.80078,6.26953,6.38672,6.32813,6.26953,6.21094,6.21094,0.059814,0.053711,0.058594,0.042725,0.042725,0.031738,0.036621,0.036621,0.042725,0.041504,0.037842
2017-04-09T13:40:00Z,233.78906,219.02344,214.80469,213.75,204.96094,202.14844,196.875,197.22656,193.00781,190.54688,189.84375,186.32813,2.28516,1.81641,3.28125,4.04297,3.92578,5.09766,5.74219,6.5625,6.67969,6.50391,6.50391,6.50391,6.5625,0.158691,0.056152,0.056152,0.041504,0.036621,0.029297,0.029297,0.026855,0.0354,0.032959,0.030518
2017-04-09T13:50:00Z,241.875,221.83594,216.5625,216.5625,207.77344,203.20313,200.03906,196.17188,195.82031,194.0625,191.25,190.54688,2.34375,1.69922,3.63281,4.33594,4.27734,5.03906,5.91797,6.62109,6.79688,6.73828,6.62109,6.73828,6.62109,0.091553,0.064697,0.058594,0.0354,0.057373,0.037842,0.0354,0.036621,0.041504,0.036621,0.026855
2017-04-09T14:00:00Z,227.8125,215.50781,213.04688,211.99219,206.01563,203.20313,197.92969,195.82031,195.11719,193.00781,191.95313,191.25,2.57813,2.10938,4.10156,4.80469,4.80469,5.39063,6.15234,6.97266,7.38281,7.44141,7.32422,7.26563,7.14844,0.050049,0.054932,0.043945,0.048828,0.05249,0.045166,0.048828,0.043945,0.050049,0.047607,0.036621
2017-04-09T14:10:00Z,209.17969,214.45313,213.39844,213.75,211.64063,207.42188,203.55469,199.6875,197.22656,194.76563,192.65625,188.08594,2.40234,2.05078,4.33594,5.21484,5.21484,5.97656,6.67969,7.44141,7.91016,7.96875,7.79297,7.5,7.55859,0.042725,0.047607,0.040283,0.050049,0.036621,0.047607,0.032959,0.032959,0.031738,0.029297,0.03418
2017-04-09T14:20:00Z,202.5,211.64063,210.23438,211.64063,208.82813,204.96094,202.5,200.39063,199.6875,196.17188,194.0625,193.00781,3.10547,2.46094,4.6875,5.56641,5.50781,6.5625,7.67578,8.08594,8.14453,7.91016,7.85156,7.73438,7.73438,0.047607,0.043945,0.039063,0.037842,0.047607,0.028076,0.0354,0.03418,0.032959,0.021973,0.036621
2017-04-09T14:30:00Z,202.5,216.91406,214.80469,214.80469,211.99219,206.01563,200.74219,200.39063,199.33594,196.52344,196.17188,194.76563,3.10547,2.57813,4.98047,5.85938,5.80078,6.79688,7.55859,7.96875,8.08594,8.02734,7.85156,7.79297,7.73438,0.023193,0.048828,0.053711,0.039063,0.05127,0.037842,0.040283,0.030518,0.023193,0.031738,0.03418
2017-04-09T14:40:00Z,222.1875,227.46094,223.59375,223.59375,217.96875,213.04688,209.17969,205.66406,203.55469,200.74219,199.33594,197.57813,2.92969,2.40234,4.86328,5.56641,5.50781,6.85547,7.32422,7.85156,7.96875,7.96875,7.91016,7.73438,7.79297,0.067139,0.032959,0.05249,0.039063,0.039063,0.0354,0.019531,0.031738,0.03418,0.032959,0.03418
2017-04-09T14:50:00Z,233.4375,225.70313,224.64844,223.94531,217.96875,211.28906,207.77344,205.3125,202.5,201.09375,200.03906,198.98438,3.16406,2.63672,4.86328,5.56641,5.50781,6.67969,7.38281,7.85156,7.96875,8.02734,8.02734,7.96875,8.02734,0.063477,0.067139,0.061035,0.048828,0.0354,0.026855,0.026855,0.036621,0.040283,0.047607,0.062256
2017-04-09T15:00:00Z,232.38281,236.25,228.86719,228.16406,220.78125,214.45313,210.9375,209.17969,207.07031,204.60938,202.14844,201.09375,2.98828,2.40234,4.92188,5.85938,5.85938,7.03125,7.5,7.73438,7.79297,7.91016,7.85156,7.96875,8.02734,0.096436,0.090332,0.098877,0.028076,0.0354,0.037842,0.036621,0.039063,0.032959,0.047607,0.039063
2017-04-09T15:10:00Z,200.74219,217.61719,214.45313,215.50781,209.17969,206.71875,205.66406,203.55469,201.79688,200.39063,197.92969,195.46875,2.69531,1.69922,6.03516,6.44531,6.44531,6.97266,7.20703,7.38281,7.61719,7.79297,7.85156,7.91016,8.08594,0.061035,0.036621,0.03418,0.029297,0.031738,0.026855,0.028076,0.031738,0.040283,0.028076,0.031738
2017-04-09T15:20:00Z,215.15625,206.36719,203.55469,203.90625,201.79688,197.92969,199.33594,197.92969,197.22656,196.875,196.17188,193.71094,3.86719,2.63672,6.03516,6.44531,6.32813,6.5625,6.85547,7.03125,7.32422,7.5,7.67578,7.91016,8.02734,0.037842,0.042725,0.043945,0.042725,0.03418,0.05127,0.047607,0.042725,0.039063,0.032959,0.046387
2017-04-09T15:30:00Z,203.55469,197.57813,196.875,197.57813,193.71094,194.41406,194.76563,193.35938,194.0625,192.65625,193.00781,192.65625,3.75,3.51563,6.03516,6.15234,6.09375,6.38672,6.62109,7.08984,7.38281,7.73438,7.91016,8.32031,8.49609,0.0354,0.040283,0.0354,0.036621,0.046387,0.03418,0.030518,0.031738,0.036621,0.024414,0.026855
2017-04-09T15:40:00Z,202.5,201.09375,198.63281,199.33594,198.98438,198.28125,196.52344,194.41406,193.35938,194.0625,195.11719,195.46875,3.69141,3.39844,5.74219,5.80078,5.74219,6.15234,6.67969,6.91406,7.26563,7.67578,8.08594,8.32031,8.49609,0.039063,0.042725,0.045166,0.029297,0.029297,0.039063,0.037842,0.019531,0.030518,0.043945,0.036621
2017-04-09T15:50:00Z,206.71875,199.33594,198.28125,199.33594,197.57813,195.11719,193.35938,193.71094,193.71094,193.35938,196.52344,196.17188,3.39844,3.10547,5.68359,5.68359,5.68359,6.38672,6.91406,7.32422,7.55859,7.96875,8.26172,8.61328,8.96484,0.031738,0.047607,0.042725,0.053711,0.032959,0.036621,0.042725,0.030518,0.0354,0.050049,0.063477
2017-04-09T16:00:00Z,191.25,196.17188,196.875,196.875,193.71094,189.49219,189.84375,191.60156,194.41406,193.71094,194.41406,196.875,3.51563,2.98828,5.68359,5.97656,5.97656,6.44531,6.97266,7.44141,7.85156,8.14453,8.61328,9.08203,9.49219,0.042725,0.042725,0.046387,0.041504,0.028076,0.040283,0.042725,0.032959,0.041504,0.045166,0.032959
2017-04-09T16:10:00Z,209.53125,210.23438,209.88281,209.88281,204.60938,200.03906,199.6875,199.33594,200.03906,198.98438,200.39063,200.74219,3.45703,3.04688,5.33203,5.625,5.625,5.91797,6.44531,6.97266,7.26563,7.79297,8.32031,8.61328,8.84766,0.03418,0.043945,0.032959,0.039063,0.053711,0.050049,0.041504,0.040283,0.047607,0.037842,0.037842
2017-04-09T16:20:00Z,214.10156,208.82813,204.96094,205.66406,201.09375,197.92969,196.875,196.52344,198.63281,197.57813,198.98438,198.63281,3.33984,2.98828,5.625,5.85938,5.80078,6.15234,6.67969,7.44141,7.85156,8.20313,8.37891,8.55469,8.67188,0.046387,0.048828,0.039063,0.050049,0.045166,0.046387,0.0354,0.025635,0.042725,0.025635,0.032959
2017-04-09T16:30:00Z,199.6875,207.42188,204.96094,205.3125,200.03906,197.92969,198.63281,198.63281,199.33594,200.39063,200.74219,201.44531,3.75,3.39844,5.85938,5.97656,6.03516,6.32813,7.14844,7.61719,7.91016,8.08594,8.14453,8.4375,8.67188,0.036621,0.047607,0.040283,0.036621,0.029297,0.029297,0.032959,0.0354,0.037842,0.025635,0.032959
2017-04-09T16:40:00Z,211.64063,207.07031,203.20313,204.25781,202.14844,202.5,202.5,205.3125,204.60938,204.60938,204.96094,205.66406,3.45703,3.10547,5.74219,6.15234,6.09375,6.79688,7.26563,7.55859,7.85156,8.02734,8.37891,8.55469,8.73047,0.048828,0.047607,0.045166,0.041504,0.047607,0.037842,0.037842,0.041504,0.0354,0.032959,0.043945
2017-04-09T16:50:00Z,195.11719,198.28125,196.17188,196.875,199.6875,201.09375,202.85156,202.85156,202.5,202.14844,204.25781,204.96094,3.57422,3.28125,6.15234,6.62109,6.5625,7.14844,7.79297,7.96875,8.08594,8.20313,8.49609,8.55469,8.73047,0.046387,0.045166,0.043945,0.039063,0.029297,0.042725,0.042725,0.042725,0.037842,0.029297,0.032959
2017-04-09T17:00:00Z,188.78906,196.52344,197.22656,196.875,201.09375,202.14844,204.25781,203.90625,204.25781,204.60938,205.66406,205.66406,3.98438,3.45703,6.32813,6.62109,6.62109,7.38281,7.85156,8.02734,8.26172,8.4375,8.67188,8.90625,9.19922,0.0354,0.036621,0.05249,0.056152,0.037842,0.039063,0.040283,0.045166,0.046387,0.045166,0.041504
2017-04-09T17:10:00Z,188.78906,196.875,200.74219,200.39063,202.85156,204.60938,204.60938,205.66406,205.3125,204.96094,207.07031,206.36719,4.10156,3.63281,6.50391,6.91406,6.91406,7.55859,7.91016,8.26172,8.4375,8.61328,8.90625,9.25781,9.375,0.037842,0.053711,0.037842,0.029297,0.031738,0.043945,0.0354,0.036621,0.050049,0.040283,0.03418
2017-04-09T17:20:00Z,196.52344,201.79688,204.96094,204.96094,206.36719,208.125,208.47656,208.82813,208.47656,208.82813,210.23438,208.82813,4.10156,3.57422,6.44531,7.14844,6.97266,7.61719,7.85156,8.20313,8.4375,8.73047,8.90625,9.08203,9.19922,0.030518,0.028076,0.040283,0.040283,0.025635,0.030518,0.024414,0.026855,0.031738,0.03418,0.028076
2017-04-09T17:30:00Z,194.0625,199.6875,203.55469,203.20313,202.5,204.60938,206.36719,207.42188,206.71875,206.71875,206.36719,205.66406,3.86719,3.39844,6.44531,7.14844,7.14844,7.61719,8.02734,8.37891,8.61328,8.73047,9.02344,9.31641,9.66797,0.041504,0.031738,0.029297,0.031738,0.05127,0.024414,0.031738,0.0354,0.026855,0.041504,0.043945
2017-04-09T17:40:00Z,190.19531,200.39063,202.85156,202.85156,202.5,204.96094,206.71875,207.07031,206.36719,205.3125,205.3125,203.90625,3.98438,3.33984,6.5625,7.08984,7.08984,7.5,7.85156,8.02734,8.4375,8.78906,9.19922,9.49219,9.60938,0.037842,0.028076,0.040283,0.037842,0.0354,0.030518,0.036621,0.024414,0.030518,0.030518,0.030518
2017-04-09T17:50:00Z,189.14063,201.79688,202.14844,202.5,204.96094,207.77344,209.17969,208.47656,206.71875,204.60938,203.90625,203.90625,3.92578,3.33984,6.97266,7.20703,7.03125,7.44141,7.79297,8.14453,8.37891,8.73047,9.14063,9.55078,9.66797,0.025635,0.031738,0.030518,0.024414,0.031738,0.028076,0.024414,0.037842,0.040283,0.029297,0.025635
2017-04-09T18:00:00Z,190.54688,204.25781,206.36719,206.01563,209.17969,210.23438,210.9375,208.47656,206.01563,204.96094,203.90625,203.55469,3.69141,3.28125,7.03125,7.20703,7.20703,7.55859,7.91016,8.32031,8.61328,8.84766,9.19922,9.43359,9.60938,0.030518,0.030518,0.032959,0.025635,0.021973,0.029297,0.028076,0.029297,0.029297,0.032959,0.028076
2017-04-09T18:10:00Z,189.49219,205.3125,206.01563,206.36719,207.77344,209.17969,207.07031,203.90625,202.85156,201.79688,201.79688,201.79688,4.04297,3.39844,7.26563,7.55859,7.55859,7.85156,8.32031,8.67188,9.08203,9.375,9.66797,9.90234,10.07813,0.041504,0.03418,0.039063,0.036621,0.041504,0.036621,0.045166,0.036621,0.037842,0.036621,0.037842
2017-04-09T18:20:00Z,187.38281,205.66406,206.01563,206.71875,208.47656,208.125,205.66406,203.90625,203.20313,202.5,202.85156,203.90625,4.10156,3.69141,7.32422,7.5,7.55859,7.96875,8.49609,9.19922,9.60938,9.72656,9.90234,10.01953,10.19531,0.026855,0.029297,0.03418,0.023193,0.025635,0.037842,0.025635,0.024414,0.028076,0.028076,0.023193
2017-04-09T18:30:00Z,187.03125,203.20313,204.60938,204.60938,206.01563,203.90625,202.85156,202.5,202.85156,202.85156,203.55469,204.96094,4.45313,3.86719,7.55859,7.73438,7.67578,8.37891,9.25781,9.60938,9.72656,9.90234,10.07813,10.3125,10.42969,0.026855,0.031738,0.031738,0.026855,0.031738,0.01709,0.021973,0.019531,0.020752,0.020752,0.030518
2017-04-09T18:40:00Z,190.89844,204.25781,207.07031,206.71875,206.36719,203.90625,204.60938,205.3125,204.96094,207.07031,207.42188,207.42188,4.86328,3.80859,7.32422,7.73438,7.67578,8.4375,9.31641,9.55078,9.66797,9.84375,10.25391,10.60547,10.89844,0.026855,0.026855,0.026855,0.041504,0.01709,0.024414,0.030518,0.029297,0.029297,0.031738,0.024414
2017-04-09T18:50:00Z,187.38281,202.85156,204.96094,204.96094,203.55469,204.25781,204.60938,205.66406,206.71875,207.07031,206.71875,207.42188,4.39453,3.80859,7.44141,7.96875,7.96875,9.02344,9.49219,9.66797,9.96094,10.3125,10.60547,10.72266,10.83984,0.025635,0.025635,0.031738,0.020752,0.01709,0.020752,0.019531,0.01709,0.019531,0.020752,0.018311
2017-04-09T19:00:00Z,191.95313,206.36719,206.01563,206.71875,206.71875,207.42188,207.42188,208.47656,208.47656,207.42188,208.82813,209.53125,4.21875,3.63281,7.73438,8.26172,8.14453,9.25781,9.72656,10.01953,10.3125,10.42969,10.54688,10.83984,10.95703,0.020752,0.028076,0.029297,0.020752,0.025635,0.029297,0.025635,0.013428,0.015869,0.023193,0.024414
2017-04-09T19:10:00Z,188.4375,205.66406,206.71875,206.01563,207.07031,206.36719,206.36719,207.07031,208.47656,209.88281,210.58594,210.23438,4.04297,3.51563,8.02734,8.78906,8.67188,9.66797,10.19531,10.37109,10.48828,10.66406,10.89844,11.07422,11.30859,0.023193,0.030518,0.036621,0.028076,0.023193,0.018311,0.013428,0.020752,0.024414,0.023193,0.021973
2017-04-09T19:20:00Z,183.86719,204.25781,205.3125,204.96094,204.25781,205.3125,204.96094,205.66406,208.82813,209.88281,210.58594,210.9375,4.45313,3.75,8.49609,9.375,9.25781,10.25391,10.48828,10.42969,10.66406,10.95703,11.19141,11.36719,11.48438,0.031738,0.029297,0.025635,0.015869,0.018311,0.023193,0.023193,0.023193,0.020752,0.019531,0.021973
2017-04-09T19:30:00Z,181.40625,202.5,202.85156,203.55469,202.5,202.85156,203.55469,206.01563,207.07031,207.77344,208.125,208.82813,4.86328,4.10156,9.19922,10.13672,10.07813,10.54688,10.66406,10.89844,11.07422,11.30859,11.48438,11.83594,12.01172,0.0354,0.031738,0.030518,0.025635,0.024414,0.020752,0.026855,0.026855,0.028076,0.025635,0.021973
2017-04-09T19:40:00Z,179.64844,200.39063,202.85156,201.44531,201.09375,203.55469,205.3125,206.36719,206.71875,209.53125,208.125,209.17969,4.98047,4.39453,9.43359,10.3125,10.25391,10.60547,10.83984,11.07422,11.30859,11.66016,11.83594,11.89453,12.07031,0.023193,0.031738,0.025635,0.030518,0.025635,0.026855,0.029297,0.030518,0.031738,0.030518,0.026855
2017-04-09T19:50:00Z,181.40625,200.03906,201.09375,200.74219,201.09375,202.85156,204.96094,206.36719,207.07031,207.77344,208.125,208.82813,5.09766,4.51172,9.90234,10.66406,10.60547,10.83984,11.25,11.66016,11.77734,11.83594,12.01172,12.07031,12.07031,0.029297,0.03418,0.031738,0.028076,0.037842,0.040283,0.031738,0.041504,0.026855,0.024414,0.029297
2017-04-09T20:00:00Z,182.8125,200.74219,201.09375,201.44531,201.79688,201.44531,204.60938,205.66406,206.36719,207.07031,207.77344,208.82813,5.33203,4.57031,10.19531,11.01563,11.13281,11.30859,11.42578,11.77734,11.83594,11.89453,12.01172,12.30469,12.36328,0.047607,0.040283,0.043945,0.031738,0.047607,0.039063,0.040283,0.042725,0.039063,0.036621,0.040283
2017-04-09T20:10:00Z,182.8125,201.44531,203.20313,203.90625,202.5,204.60938,204.96094,207.07031,208.82813,209.88281,210.9375,211.64063,5.03906,4.45313,9.60938,11.07422,11.25,11.30859,11.60156,11.83594,12.07031,12.24609,12.36328,12.42188,12.71484,0.043945,0.040283,0.062256,0.043945,0.050049,0.045166,0.036621,0.048828,0.040283,0.041504,0.041504
2017-04-09T20:20:00Z,191.95313,207.07031,209.17969,207.77344,209.53125,209.88281,210.58594,211.99219,211.64063,214.10156,216.21094,217.26563,4.92188,4.27734,8.78906,10.48828,10.42969,10.95703,11.48438,11.71875,11.89453,12.24609,12.65625,12.89063,12.77344,0.101318,0.129395,0.13916,0.090332,0.067139,0.05127,0.048828,0.061035,0.050049,0.047607,0.050049
2017-04-09T20:30:00Z,213.39844,217.96875,219.02344,218.67188,220.78125,222.1875,222.89063,222.53906,221.13281,220.78125,219.02344,216.5625,5.50781,4.45313,9.08203,10.3125,10.3125,11.71875,12.07031,12.01172,12.12891,12.12891,12.1875,12.12891,12.24609,0.05127,0.067139,0.054932,0.040283,0.05127,0.047607,0.039063,0.041504,0.045166,0.05127,0.047607
2017-04-09T20:40:00Z,215.15625,222.89063,224.29688,223.94531,227.8125,227.8125,226.40625,224.64844,220.42969,216.91406,213.04688,213.04688,5.74219,4.92188,9.375,10.83984,11.01563,11.25,11.60156,11.71875,11.89453,11.95313,11.95313,11.89453,12.24609,0.061035,0.043945,0.046387,0.050049,0.047607,0.040283,0.046387,0.047607,0.053711,0.043945,0.05127
2017-04-09T20:50:00Z,210.9375,218.32031,223.94531,222.89063,228.51563,228.86719,228.16406,224.64844,220.42969,217.61719,215.85938,213.04688,6.21094,5.15625,9.25781,11.01563,10.72266,11.83594,12.07031,12.1875,12.36328,12.53906,12.59766,12.42188,12.30469,0.05249,0.053711,0.064697,0.050049,0.057373,0.057373,0.05127,0.058594,0.064697,0.059814,0.061035
2017-04-09T21:00:00Z,212.69531,219.375,224.64844,224.64844,229.57031,228.86719,228.86719,227.8125,226.40625,226.05469,223.94531,221.83594,6.26953,5.33203,9.72656,11.77734,11.30859,12.24609,12.36328,12.48047,12.59766,12.65625,12.65625,12.59766,12.53906,0.059814,0.054932,0.061035,0.062256,0.061035,0.068359,0.056152,0.053711,0.063477,0.064697,0.062256
2017-04-09T21:10:00Z,212.34375,218.32031,220.78125,222.89063,224.29688,225.70313,226.75781,227.10938,226.75781,225.70313,226.75781,227.8125,6.09375,5.15625,10.07813,11.66016,11.54297,12.30469,12.59766,12.65625,12.42188,12.48047,12.71484,13.06641,12.83203,0.072021,0.08667,0.08667,0.070801,0.075684,0.078125,0.06958,0.092773,0.075684,0.076904,0.067139
2017-04-09T21:20:00Z,204.25781,217.26563,221.83594,220.07813,223.59375,222.89063,221.83594,224.64844,227.10938,228.86719,228.16406,228.51563,6.21094,5.27344,10.3125,12.24609,12.24609,12.48047,12.30469,12.65625,13.18359,13.18359,13.06641,13.06641,13.59375,0.068359,0.074463,0.083008,0.078125,0.073242,0.076904,0.080566,0.080566,0.093994,0.08667,0.072021
2017-04-09T21:30:00Z,204.25781,213.39844,218.32031,217.96875,219.375,223.94531,227.46094,228.86719,228.16406,229.92188,229.57031,229.92188,6.50391,5.50781,10.66406,12.30469,12.01172,12.77344,12.89063,13.65234,13.76953,14.00391,13.88672,14.17969,14.23828,0.084229,0.057373,0.096436,0.092773,0.093994,0.059814,0.089111,0.098877,0.093994,0.107422,0.102539
2017-04-09T21:40:00Z,198.28125,209.53125,216.21094,213.39844,219.375,224.64844,228.86719,227.8125,228.86719,227.46094,228.51563,228.16406,6.79688,5.80078,10.72266,12.30469,12.01172,12.94922,13.30078,13.94531,14.41406,14.47266,14.88281,15.0,14.82422,0.065918,0.072021,0.10376,0.08667,0.065918,0.095215,0.084229,0.087891,0.081787,0.093994,0.085449
2017-04-09T21:50:00Z,195.11719,208.47656,213.04688,212.69531,220.42969,223.59375,226.40625,225.0,224.29688,226.75781,229.92188,226.05469,6.97266,5.85938,10.48828,12.01172,11.77734,13.18359,14.0625,14.70703,14.88281,15.29297,15.70313,15.35156,15.11719,0.091553,0.115967,0.114746,0.131836,0.10376,0.089111,0.13916,0.109863,0.100098,0.146484,0.097656
2017-04-09T22:00:00Z,195.46875,207.42188,214.80469,215.15625,222.53906,226.75781,229.92188,230.625,230.27344,228.16406,229.21875,228.86719,6.73828,5.68359,9.60938,11.30859,10.95703,12.94922,14.64844,15.99609,15.99609,15.46875,15.41016,15.9375,16.34766,0.106201,0.117188,0.081787,0.074463,0.089111,0.113525,0.115967,0.126953,0.137939,0.100098,0.111084
2017-04-09T22:10:00Z,203.20313,217.61719,220.07813,219.02344,227.10938,230.97656,231.32813,229.92188,229.21875,231.67969,230.625,228.16406,7.14844,5.97656,9.90234,11.07422,11.25,13.35938,15.05859,15.9375,15.82031,16.05469,15.52734,15.29297,15.87891,0.10498,0.12085,0.112305,0.101318,0.102539,0.12207,0.112305,0.098877,0.10376,0.115967,0.091553
2017-04-09T22:20:00Z,206.71875,216.5625,221.83594,220.42969,227.8125,232.03125,232.03125,231.67969,229.92188,231.32813,232.03125,235.19531,7.44141,6.26953,10.25391,11.36719,11.30859,13.82813,15.76172,15.82031,15.41016,16.11328,16.81641,17.28516,17.28516,0.107422,0.08667,0.092773,0.091553,0.100098,0.109863,0.093994,0.117188,0.089111,0.072021,0.093994
2017-04-09T22:30:00Z,209.88281,219.02344,225.35156,223.59375,230.97656,232.03125,231.32813,230.27344,231.32813,231.67969,231.32813,235.54688,7.44141,6.15234,10.42969,12.12891,11.66016,14.64844,16.93359,16.81641,16.875,17.22656,17.69531,17.51953,17.57813,0.118408,0.117188,0.118408,0.087891,0.096436,0.101318,0.109863,0.097656,0.108643,0.108643,0.096436
2017-04-09T22:40:00Z,214.45313,224.29688,226.40625,226.05469,228.86719,229.57031,234.84375,234.49219,238.00781,238.00781,239.41406,240.11719,8.14453,6.73828,10.3125,11.95313,12.07031,14.12109,16.52344,17.51953,18.28125,18.28125,18.45703,18.98438,19.27734,0.117188,0.131836,0.119629,0.106201,0.131836,0.119629,0.091553,0.102539,0.130615,0.093994,0.113525
2017-04-09T22:50:00Z,214.45313,221.83594,225.70313,226.05469,230.97656,235.19531,238.35938,237.30469,240.46875,241.875,242.57813,241.17188,7.79297,6.67969,10.48828,11.95313,11.54297,14.12109,15.58594,16.875,17.98828,18.98438,19.51172,19.92188,19.27734,0.133057,0.117188,0.08667,0.119629,0.093994,0.108643,0.111084,0.10498,0.114746,0.118408,0.124512
2017-04-09T23:00:00Z,218.32031,229.21875,229.92188,232.03125,233.4375,239.0625,238.71094,241.875,240.11719,246.09375,244.33594,245.03906,8.08594,6.73828,10.37109,11.48438,11.71875,14.12109,16.40625,18.10547,18.80859,19.57031,19.45313,19.57031,19.6875,0.106201,0.140381,0.118408,0.118408,0.123291,0.112305,0.112305,0.090332,0.123291,0.10498,0.106201
2017-04-09T23:10:00Z,228.51563,245.39063,248.20313,248.55469,249.60938,252.42188,252.77344,259.10156,259.45313,263.32031,262.61719,268.24219,8.96484,7.20703,11.95313,12.94922,12.71484,15.11719,16.52344,17.69531,18.10547,18.51563,18.86719,19.45313,18.92578,0.148926,0.113525,0.145264,0.137939,0.129395,0.113525,0.125732,0.126953,0.113525,0.113525,0.131836
2017-04-09T23:20:00Z,271.40625,278.4375,279.14063,280.19531,279.49219,280.89844,280.19531,285.46875,283.00781,282.30469,283.71094,285.82031,14.70703,9.60938,12.94922,13.24219,13.59375,14.41406,15.17578,15.82031,15.70313,15.64453,16.11328,16.34766,16.17188,0.15625,0.180664,0.164795,0.153809,0.12207,0.126953,0.133057,0.141602,0.12207,0.123291,0.098877
2017-04-09T23:30:00Z,279.49219,291.09375,293.55469,290.39063,298.125,302.69531,304.80469,306.91406,310.42969,308.32031,315.70313,314.29688,10.95703,8.61328,11.07422,11.95313,11.42578,12.42188,12.59766,12.53906,12.83203,12.94922,13.59375,13.59375,13.53516,0.119629,0.100098,0.124512,0.125732,0.135498,0.118408,0.125732,0.096436,0.091553,0.109863,0.078125
2017-04-09T23:40:00Z,291.79688,306.5625,306.21094,307.26563,315.35156,313.59375,319.21875,322.73438,322.73438,321.32813,325.54688,325.19531,9.19922,7.20703,9.14063,10.01953,10.01953,10.72266,11.36719,12.01172,12.59766,12.89063,12.94922,13.71094,14.47266,0.115967,0.072021,0.095215,0.097656,0.112305,0.063477,0.092773,0.095215,0.084229,0.065918,0.098877
2017-04-09T23:50:00Z,299.88281,312.1875,312.89063,309.72656,314.64844,318.86719,319.21875,320.27344,320.97656,321.32813,325.54688,328.35938,8.26172,6.73828,9.19922,9.66797,9.60938,10.78125,11.60156,11.89453,12.53906,13.06641,13.94531,14.70703,14.82422,0.087891,0.080566,0.101318,0.107422,0.083008,0.102539,0.084229,0.108643,0.095215,0.08667,0.089111