LOCATION: 
SYSTEM SERIAL: HKZB
TIMESTAMP (ISO-8601) UTC,WindDir004m deg,WindDir030m deg,WindDir040m deg,WindDir040m_ref deg,WindDir060m deg,WindDir080m deg,WindDir100m deg,WindDir120m deg,WindDir140m deg,WindDir160m deg,WindDir180m deg,WindDir200m deg,WindGust004m m/s,WindSpeed004m m/s,WindSpeed030mh m/s,WindSpeed040mh m/s,WindSpeed040m_refh m/s,WindSpeed060mh m/s,WindSpeed080mh m/s,WindSpeed100mh m/s,WindSpeed120mh m/s,WindSpeed140mh m/s,WindSpeed160mh m/s,WindSpeed180mh m/s,WindSpeed200mh m/s,TI 030m,TI 040m,TI 040m ref,TI 060m,TI 080m,TI 100m,TI 120m,TI 140m,TI 160m,TI 180m,TI 200m
2017-06-19T00:00:00Z,63.98438,81.5625,90.0,89.29688,89.64844,92.46094,91.40625,91.75781,91.05469,96.32813,104.76563,108.98438,2.75391,2.34375,5.625,6.5625,6.38672,7.61719,8.55469,8.37891,8.02734,7.73438,7.03125,6.62109,6.32813,0.06958,0.06958,0.070801,0.053711,0.061035,0.074463,0.079346,0.084229,0.079346,0.081787,0.062256
2017-06-19T00:10:00Z,63.98438,83.32031,89.29688,90.70313,87.89063,92.8125,91.75781,94.92188,92.46094,97.38281,106.52344,107.92969,2.75391,2.28516,5.56641,6.50391,6.62109,7.61719,9.02344,9.02344,8.37891,7.73438,6.91406,6.38672,6.44531,0.070801,0.058594,0.056152,0.054932,0.053711,0.057373,0.068359,0.076904,0.085449,0.058594,0.054932
2017-06-19T00:20:00Z,62.57813,84.72656,89.64844,89.29688,92.10938,93.16406,93.16406,93.51563,94.92188,100.54688,105.11719,107.92969,2.92969,2.46094,5.80078,6.5625,6.5625,7.79297,9.14063,8.96484,8.37891,7.73438,7.03125,6.73828,6.85547,0.067139,0.043945,0.046387,0.047607,0.054932,0.078125,0.075684,0.081787,0.062256,0.075684,0.076904
2017-06-19T00:30:00Z,69.60938,92.10938,95.97656,94.57031,95.97656,94.92188,96.67969,97.38281,99.14063,104.76563,109.6875,113.90625,2.92969,2.51953,5.85938,6.5625,6.50391,8.20313,9.25781,8.90625,8.20313,7.73438,7.32422,7.20703,7.14844,0.06958,0.05127,0.05249,0.037842,0.048828,0.059814,0.061035,0.073242,0.053711,0.062256,0.054932
2017-06-19T00:40:00Z,76.64063,88.24219,93.51563,94.92188,93.51563,97.03125,95.97656,98.78906,101.25,107.92969,108.63281,115.66406,3.04688,2.57813,5.15625,6.09375,5.91797,7.91016,8.96484,8.55469,7.85156,7.32422,7.08984,7.08984,6.91406,0.073242,0.074463,0.083008,0.063477,0.058594,0.075684,0.089111,0.057373,0.078125,0.063477,0.084229
2017-06-19T00:50:00Z,62.92969,89.29688,91.05469,91.05469,93.16406,95.625,96.67969,99.84375,104.41406,108.98438,111.79688,118.47656,2.8125,2.46094,5.21484,6.15234,6.03516,7.55859,8.55469,8.20313,7.55859,7.20703,7.03125,6.85547,6.26953,0.057373,0.050049,0.041504,0.091553,0.058594,0.063477,0.042725,0.050049,0.047607,0.054932,0.096436
2017-06-19T01:00:00Z,66.09375,90.35156,92.10938,93.16406,93.16406,95.97656,97.38281,103.35938,108.28125,115.3125,121.28906,126.21094,2.92969,2.51953,5.39063,6.21094,6.09375,7.91016,8.32031,7.85156,7.20703,6.79688,6.38672,5.74219,5.33203,0.062256,0.089111,0.05127,0.058594,0.068359,0.081787,0.074463,0.08667,0.113525,0.126953,0.074463
2017-06-19T01:10:00Z,70.3125,91.05469,94.21875,93.86719,95.27344,99.84375,100.19531,105.46875,110.39063,117.42188,129.72656,131.83594,2.75391,2.46094,5.39063,6.03516,5.97656,7.55859,8.37891,8.02734,7.20703,6.73828,6.26953,5.09766,4.98047,0.076904,0.054932,0.059814,0.057373,0.065918,0.072021,0.067139,0.067139,0.074463,0.056152,0.063477
2017-06-19T01:20:00Z,79.45313,96.67969,98.4375,97.38281,100.54688,103.71094,104.0625,107.92969,112.85156,120.58594,130.42969,134.29688,2.69531,2.34375,5.39063,6.21094,6.15234,7.26563,7.85156,7.61719,7.03125,6.32813,5.91797,4.86328,4.51172,0.06958,0.072021,0.064697,0.076904,0.050049,0.074463,0.085449,0.067139,0.070801,0.085449,0.056152
2017-06-19T01:30:00Z,71.01563,94.57031,97.03125,95.97656,101.25,105.11719,109.33594,110.39063,114.25781,122.34375,129.72656,139.21875,2.46094,2.10938,5.09766,5.68359,5.68359,6.38672,7.5,7.38281,6.79688,6.15234,5.625,4.92188,4.21875,0.054932,0.045166,0.061035,0.056152,0.05249,0.047607,0.063477,0.064697,0.059814,0.078125,0.058594
2017-06-19T01:40:00Z,70.66406,94.92188,99.49219,100.19531,102.30469,109.6875,113.55469,114.60938,119.88281,126.5625,138.86719,140.27344,2.51953,2.16797,4.98047,5.39063,5.33203,6.38672,7.32422,6.67969,6.03516,5.56641,5.21484,4.33594,3.92578,0.05249,0.067139,0.073242,0.041504,0.048828,0.056152,0.081787,0.054932,0.065918,0.096436,0.079346
2017-06-19T01:50:00Z,64.6875,94.57031,99.14063,99.49219,103.00781,110.03906,116.01563,119.88281,125.85938,133.94531,140.27344,142.03125,2.28516,2.05078,4.6875,5.15625,4.98047,6.38672,7.32422,6.44531,5.625,5.09766,4.62891,4.16016,3.98438,0.053711,0.046387,0.058594,0.053711,0.054932,0.05249,0.059814,0.078125,0.089111,0.065918,0.080566
2017-06-19T02:00:00Z,62.92969,93.16406,99.14063,98.78906,102.30469,109.6875,115.66406,123.04688,130.42969,138.51563,142.38281,142.03125,2.63672,2.10938,4.33594,4.80469,4.74609,6.09375,7.03125,6.67969,5.80078,4.80469,4.16016,3.92578,3.86719,0.067139,0.046387,0.058594,0.062256,0.037842,0.064697,0.067139,0.112305,0.045166,0.061035,0.06958
2017-06-19T02:10:00Z,65.03906,101.60156,103.35938,104.0625,106.17188,114.25781,119.88281,127.61719,138.51563,140.625,142.38281,143.78906,2.40234,2.10938,4.51172,4.92188,4.92188,6.50391,7.44141,7.08984,5.625,4.39453,3.98438,3.98438,3.86719,0.074463,0.067139,0.072021,0.056152,0.032959,0.050049,0.074463,0.067139,0.043945,0.037842,0.065918
2017-06-19T02:20:00Z,76.64063,103.00781,106.52344,105.82031,110.74219,116.71875,125.15625,131.48438,139.92188,142.03125,143.78906,144.84375,2.28516,2.05078,4.62891,5.21484,5.27344,6.73828,7.20703,6.79688,4.98047,3.98438,3.75,3.63281,3.63281,0.063477,0.048828,0.039063,0.046387,0.065918,0.059814,0.090332,0.076904,0.075684,0.059814,0.081787
2017-06-19T02:30:00Z,76.99219,102.30469,105.82031,105.82031,111.79688,120.23438,127.61719,130.42969,140.27344,142.73438,143.78906,145.54688,2.22656,1.93359,4.51172,5.27344,5.21484,6.38672,7.03125,6.67969,5.21484,3.80859,3.63281,3.45703,3.39844,0.05127,0.053711,0.041504,0.050049,0.036621,0.057373,0.083008,0.067139,0.039063,0.068359,0.054932
2017-06-19T02:40:00Z,79.80469,106.875,111.09375,110.03906,115.3125,124.45313,130.78125,134.29688,142.03125,144.14063,145.89844,147.30469,2.10938,1.875,4.51172,4.98047,4.92188,6.26953,7.08984,6.38672,4.98047,3.57422,3.45703,3.33984,3.28125,0.058594,0.056152,0.050049,0.037842,0.0354,0.075684,0.072021,0.061035,0.068359,0.042725,0.061035
2017-06-19T02:50:00Z,81.21094,111.44531,115.3125,116.01563,119.17969,128.32031,133.59375,135.70313,143.08594,144.14063,145.19531,146.95313,2.05078,1.875,4.33594,4.92188,4.80469,6.50391,7.20703,6.50391,5.27344,3.57422,3.33984,3.33984,3.28125,0.05127,0.048828,0.045166,0.041504,0.0354,0.079346,0.081787,0.048828,0.061035,0.050049,0.058594
2017-06-19T03:00:00Z,87.53906,117.07031,117.77344,117.42188,123.75,135.0,136.75781,134.64844,142.73438,145.89844,147.30469,147.65625,2.22656,1.99219,4.16016,5.03906,4.92188,6.38672,6.62109,6.21094,4.98047,3.45703,3.33984,3.10547,3.16406,0.05127,0.046387,0.054932,0.041504,0.046387,0.047607,0.085449,0.058594,0.064697,0.078125,0.063477
2017-06-19T03:10:00Z,87.89063,114.96094,118.82813,117.42188,125.50781,138.51563,140.97656,135.70313,139.92188,143.4375,144.84375,147.30469,2.16797,1.93359,4.33594,5.21484,5.03906,6.21094,6.50391,6.15234,5.21484,3.57422,3.33984,3.22266,3.22266,0.047607,0.054932,0.041504,0.050049,0.0354,0.050049,0.064697,0.068359,0.063477,0.058594,0.054932
2017-06-19T03:20:00Z,86.48438,117.07031,118.82813,119.17969,128.32031,142.73438,142.38281,137.8125,135.0,142.73438,142.73438,144.84375,2.34375,2.10938,4.57031,5.33203,5.33203,5.97656,6.26953,6.03516,5.44922,4.39453,3.39844,3.22266,3.22266,0.039063,0.056152,0.058594,0.064697,0.042725,0.05249,0.058594,0.090332,0.081787,0.061035,0.059814
2017-06-19T03:30:00Z,84.375,115.3125,118.82813,118.82813,129.02344,142.38281,141.32813,138.86719,134.64844,135.70313,141.32813,140.625,2.51953,2.22656,4.74609,5.27344,5.27344,5.85938,6.09375,5.97656,5.68359,5.27344,4.33594,3.57422,3.51563,0.043945,0.045166,0.046387,0.042725,0.0354,0.045166,0.046387,0.05249,0.093994,0.074463,0.072021
2017-06-19T03:40:00Z,84.72656,117.07031,120.23438,119.88281,132.53906,144.49219,142.03125,139.21875,136.75781,135.0,135.0,137.46094,2.87109,2.46094,4.92188,5.27344,5.27344,5.80078,6.09375,6.09375,5.85938,5.625,5.15625,4.62891,4.04297,0.045166,0.030518,0.040283,0.029297,0.045166,0.045166,0.041504,0.05127,0.061035,0.095215,0.089111
2017-06-19T03:50:00Z,90.35156,118.47656,120.58594,120.9375,133.94531,145.54688,144.49219,141.32813,138.16406,137.46094,137.10938,138.16406,2.87109,2.63672,5.03906,5.50781,5.39063,5.85938,6.21094,6.15234,5.85938,5.625,5.33203,5.03906,4.80469,0.029297,0.037842,0.045166,0.046387,0.053711,0.029297,0.03418,0.059814,0.042725,0.050049,0.046387
2017-06-19T04:00:00Z,94.92188,119.17969,122.34375,121.99219,139.21875,146.25,144.14063,141.32813,139.92188,138.86719,139.92188,140.97656,2.87109,2.46094,4.57031,5.27344,5.27344,5.50781,5.625,5.56641,5.39063,5.15625,4.92188,4.80469,4.6875,0.059814,0.053711,0.03418,0.047607,0.054932,0.062256,0.067139,0.054932,0.054932,0.050049,0.043945
2017-06-19T04:10:00Z,85.42969,117.77344,123.39844,123.04688,144.14063,146.95313,143.78906,141.67969,141.67969,142.38281,143.4375,145.89844,2.8125,2.16797,4.6875,5.09766,5.09766,5.09766,5.21484,4.98047,4.86328,4.62891,4.51172,4.39453,4.39453,0.063477,0.054932,0.037842,0.058594,0.043945,0.046387,0.041504,0.03418,0.05249,0.037842,0.043945
2017-06-19T04:20:00Z,92.46094,118.125,125.15625,123.75,143.08594,148.35938,146.60156,142.73438,141.67969,142.38281,143.4375,143.4375,2.57813,2.28516,4.80469,4.98047,4.92188,4.98047,5.09766,4.86328,4.45313,4.21875,4.04297,4.10156,4.04297,0.059814,0.042725,0.053711,0.056152,0.047607,0.039063,0.064697,0.054932,0.047607,0.058594,0.058594
2017-06-19T04:30:00Z,87.53906,117.77344,126.21094,124.45313,146.25,150.11719,147.65625,145.54688,143.78906,143.4375,144.14063,144.14063,2.28516,1.99219,4.33594,4.62891,4.62891,4.6875,4.74609,4.51172,4.33594,4.04297,4.04297,3.86719,3.80859,0.045166,0.056152,0.05249,0.036621,0.056152,0.042725,0.037842,0.05127,0.05249,0.048828,0.057373
2017-06-19T04:40:00Z,84.72656,118.82813,127.26563,127.61719,150.11719,152.92969,150.11719,150.11719,149.0625,146.95313,146.25,145.89844,2.34375,2.05078,4.16016,4.27734,4.21875,4.39453,4.16016,3.86719,3.75,3.75,3.69141,3.75,3.63281,0.054932,0.036621,0.061035,0.063477,0.070801,0.054932,0.059814,0.048828,0.06958,0.067139,0.057373
2017-06-19T04:50:00Z,86.13281,120.23438,131.83594,130.07813,150.46875,153.98438,151.52344,149.0625,148.00781,146.60156,144.84375,144.49219,2.28516,2.05078,4.16016,4.27734,4.27734,4.27734,4.16016,3.69141,3.51563,3.45703,3.33984,3.45703,3.33984,0.059814,0.053711,0.036621,0.041504,0.061035,0.059814,0.061035,0.080566,0.059814,0.056152,0.042725
2017-06-19T05:00:00Z,87.89063,121.28906,132.1875,131.83594,148.71094,152.57813,149.76563,149.76563,147.30469,146.60156,143.78906,142.73438,2.22656,2.05078,4.27734,4.57031,4.51172,4.33594,4.33594,4.10156,3.80859,3.69141,3.63281,3.57422,3.45703,0.03418,0.065918,0.058594,0.046387,0.03418,0.05249,0.056152,0.045166,0.059814,0.072021,0.048828
2017-06-19T05:10:00Z,94.21875,124.80469,134.64844,133.59375,148.71094,151.875,151.52344,152.57813,150.82031,148.00781,146.25,144.14063,2.46094,2.22656,4.74609,4.86328,4.86328,4.39453,4.27734,4.04297,3.80859,3.63281,3.63281,3.57422,3.63281,0.042725,0.042725,0.043945,0.0354,0.050049,0.042725,0.047607,0.050049,0.05127,0.046387,0.064697
2017-06-19T05:20:00Z,100.19531,127.61719,138.16406,135.70313,147.30469,149.76563,150.46875,150.11719,150.82031,151.875,150.11719,149.0625,2.63672,2.34375,4.74609,4.86328,4.92188,4.45313,4.33594,4.21875,3.92578,3.69141,3.57422,3.51563,3.45703,0.040283,0.043945,0.050049,0.043945,0.05249,0.05249,0.053711,0.058594,0.043945,0.05127,0.058594
2017-06-19T05:30:00Z,98.4375,128.32031,138.86719,137.8125,147.65625,148.71094,149.0625,148.35938,149.76563,149.0625,149.0625,147.65625,2.46094,2.16797,4.39453,4.39453,4.51172,4.10156,4.10156,3.98438,3.69141,3.33984,3.28125,3.22266,3.22266,0.059814,0.064697,0.079346,0.064697,0.054932,0.043945,0.053711,0.064697,0.050049,0.068359,0.050049
2017-06-19T05:40:00Z,97.03125,129.375,138.86719,139.21875,145.19531,147.65625,150.46875,150.82031,149.76563,148.71094,148.71094,147.65625,2.8125,2.34375,4.6875,4.80469,4.86328,4.51172,4.51172,4.21875,3.86719,3.45703,3.28125,3.22266,3.22266,0.043945,0.05249,0.058594,0.048828,0.05127,0.057373,0.054932,0.05249,0.046387,0.057373,0.059814
2017-06-19T05:50:00Z,103.35938,133.24219,143.4375,143.08594,147.65625,152.57813,154.33594,153.98438,151.52344,148.71094,148.00781,148.35938,2.92969,2.46094,4.51172,4.62891,4.62891,4.45313,4.39453,4.33594,4.04297,3.45703,3.16406,3.10547,3.10547,0.048828,0.048828,0.039063,0.037842,0.040283,0.054932,0.084229,0.111084,0.047607,0.057373,0.073242
2017-06-19T06:00:00Z,103.35938,130.42969,142.03125,139.92188,147.65625,153.98438,156.79688,158.20313,158.20313,156.44531,151.17188,147.65625,2.57813,2.34375,4.62891,5.09766,4.98047,4.57031,4.45313,4.21875,4.16016,4.04297,3.75,3.16406,2.92969,0.05249,0.067139,0.059814,0.05249,0.068359,0.057373,0.058594,0.056152,0.089111,0.062256,0.081787
2017-06-19T06:10:00Z,98.08594,130.78125,141.67969,141.67969,153.28125,158.20313,161.36719,161.01563,157.85156,155.39063,152.57813,151.875,2.63672,2.22656,4.39453,4.27734,4.27734,4.04297,4.10156,3.86719,3.51563,3.10547,2.92969,2.75391,2.75391,0.045166,0.072021,0.054932,0.045166,0.05127,0.061035,0.048828,0.090332,0.097656,0.078125,0.084229
2017-06-19T06:20:00Z,89.29688,132.53906,140.625,140.625,151.17188,156.79688,157.85156,159.60938,156.79688,152.92969,148.35938,145.19531,2.40234,2.16797,4.45313,4.21875,4.33594,3.69141,3.57422,3.57422,3.33984,2.87109,2.51953,2.46094,2.46094,0.05249,0.089111,0.111084,0.056152,0.059814,0.059814,0.06958,0.085449,0.070801,0.076904,0.081787
2017-06-19T06:30:00Z,87.53906,131.13281,139.21875,138.16406,150.82031,152.92969,150.46875,154.33594,154.6875,151.52344,143.78906,140.97656,2.28516,2.05078,4.21875,3.80859,3.86719,3.16406,3.16406,3.16406,3.22266,2.75391,2.46094,2.16797,2.28516,0.045166,0.06958,0.06958,0.08667,0.078125,0.061035,0.078125,0.074463,0.080566,0.067139,0.08667
2017-06-19T06:40:00Z,80.15625,132.89063,137.46094,137.8125,142.38281,148.00781,151.17188,155.03906,153.98438,151.17188,142.03125,140.27344,2.22656,2.05078,4.10156,3.69141,3.80859,2.8125,2.87109,2.92969,2.8125,2.63672,2.22656,2.10938,2.10938,0.042725,0.054932,0.063477,0.057373,0.05249,0.054932,0.064697,0.070801,0.089111,0.091553,0.061035
2017-06-19T06:50:00Z,80.15625,131.83594,136.75781,136.40625,136.75781,145.89844,148.35938,153.28125,152.57813,146.25,140.625,136.40625,2.40234,1.93359,4.10156,3.63281,3.69141,2.63672,2.69531,2.69531,2.51953,2.28516,2.05078,1.99219,1.99219,0.048828,0.061035,0.074463,0.06958,0.073242,0.06958,0.095215,0.062256,0.083008,0.065918,0.06958
2017-06-19T07:00:00Z,80.85938,130.07813,135.70313,135.0,131.13281,140.27344,145.54688,148.00781,146.25,141.67969,135.0,131.83594,2.34375,2.16797,4.16016,3.51563,3.45703,2.51953,2.46094,2.40234,2.16797,1.99219,1.93359,1.93359,1.93359,0.047607,0.063477,0.056152,0.096436,0.096436,0.064697,0.089111,0.076904,0.111084,0.064697,0.109863
2017-06-19T07:10:00Z,81.21094,129.72656,135.0,134.64844,126.21094,130.78125,137.46094,140.27344,135.35156,132.53906,125.50781,123.75,2.28516,2.10938,3.86719,3.16406,3.22266,2.40234,2.22656,2.16797,1.81641,1.81641,1.81641,1.93359,2.10938,0.065918,0.079346,0.064697,0.067139,0.081787,0.125732,0.096436,0.114746,0.090332,0.067139,0.08667
2017-06-19T07:20:00Z,81.21094,130.07813,131.48438,131.48438,129.375,133.24219,138.51563,135.70313,130.42969,125.85938,120.58594,117.07031,2.16797,1.93359,3.39844,2.63672,2.69531,2.05078,1.93359,1.69922,1.64063,1.58203,1.69922,1.93359,2.16797,0.079346,0.075684,0.06958,0.101318,0.101318,0.146484,0.10376,0.083008,0.083008,0.074463,0.081787
2017-06-19T07:30:00Z,73.82813,123.75,129.02344,129.375,132.1875,126.5625,130.78125,129.02344,120.9375,117.07031,112.14844,110.03906,2.22656,1.69922,3.51563,2.87109,2.92969,1.93359,1.69922,1.46484,1.40625,1.34766,1.58203,1.75781,2.05078,0.0354,0.056152,0.064697,0.057373,0.072021,0.098877,0.106201,0.128174,0.113525,0.106201,0.056152
2017-06-19T07:40:00Z,69.60938,125.85938,129.375,129.375,129.72656,125.85938,126.21094,119.53125,111.09375,110.74219,106.17188,105.46875,1.99219,1.69922,3.51563,2.75391,2.8125,1.875,1.58203,1.40625,1.28906,1.46484,1.58203,1.81641,1.99219,0.057373,0.05249,0.05249,0.081787,0.112305,0.12207,0.108643,0.096436,0.12207,0.092773,0.070801
2017-06-19T07:50:00Z,69.25781,123.39844,125.15625,127.96875,121.99219,121.28906,117.77344,104.0625,100.89844,97.73438,101.25,98.4375,2.22656,1.58203,3.16406,2.40234,2.40234,1.69922,1.28906,1.28906,1.23047,1.52344,1.69922,1.93359,2.05078,0.076904,0.089111,0.098877,0.119629,0.148926,0.109863,0.135498,0.112305,0.083008,0.078125,0.068359
2017-06-19T08:00:00Z,65.03906,120.9375,119.53125,120.9375,112.85156,113.20313,101.25,90.35156,92.8125,91.75781,93.16406,95.27344,1.93359,1.69922,2.51953,1.93359,1.93359,1.40625,1.17188,1.28906,1.40625,1.69922,1.875,2.10938,2.16797,0.084229,0.111084,0.093994,0.130615,0.147705,0.163574,0.146484,0.117188,0.095215,0.101318,0.076904
2017-06-19T08:10:00Z,64.33594,119.53125,112.5,114.25781,106.875,101.60156,91.05469,82.26563,85.42969,86.48438,90.0,89.29688,1.875,1.64063,2.46094,1.75781,1.81641,1.34766,1.28906,1.23047,1.52344,1.75781,1.93359,2.10938,2.16797,0.06958,0.081787,0.093994,0.174561,0.142822,0.19043,0.133057,0.119629,0.10376,0.08667,0.087891
2017-06-19T08:20:00Z,63.98438,113.20313,111.09375,114.25781,96.32813,94.57031,84.375,80.50781,82.96875,84.72656,87.53906,87.89063,1.93359,1.58203,2.57813,1.75781,1.93359,1.46484,1.34766,1.52344,1.64063,1.875,2.05078,2.22656,2.28516,0.061035,0.118408,0.096436,0.124512,0.181885,0.134277,0.142822,0.10498,0.111084,0.090332,0.095215
2017-06-19T08:30:00Z,66.44531,111.09375,115.3125,113.90625,97.03125,98.78906,87.89063,84.02344,82.61719,87.1875,88.59375,89.29688,2.63672,1.64063,2.8125,2.16797,2.28516,1.64063,1.40625,1.58203,1.69922,1.93359,2.10938,2.28516,2.34375,0.091553,0.12085,0.101318,0.117188,0.152588,0.112305,0.101318,0.095215,0.085449,0.076904,0.076904
2017-06-19T08:40:00Z,67.5,111.09375,110.39063,108.63281,93.86719,91.40625,83.32031,76.64063,81.21094,84.375,88.94531,88.24219,1.99219,1.52344,2.57813,1.99219,1.99219,1.46484,1.40625,1.52344,1.75781,1.99219,2.16797,2.28516,2.28516,0.076904,0.076904,0.085449,0.108643,0.172119,0.100098,0.101318,0.10498,0.087891,0.081787,0.081787
2017-06-19T08:50:00Z,63.63281,106.52344,105.46875,102.30469,82.61719,84.02344,72.42188,74.53125,76.64063,82.26563,83.67188,86.48438,1.69922,1.40625,2.28516,1.69922,1.75781,1.40625,1.46484,1.64063,1.81641,1.93359,2.16797,2.28516,2.40234,0.137939,0.109863,0.112305,0.157471,0.162354,0.141602,0.109863,0.119629,0.095215,0.083008,0.078125
2017-06-19T09:00:00Z,52.73438,101.95313,90.70313,91.75781,70.66406,70.3125,61.17188,63.63281,69.60938,76.64063,79.45313,82.26563,1.46484,1.11328,1.81641,1.34766,1.34766,1.17188,1.23047,1.52344,1.64063,1.81641,1.99219,2.05078,2.16797,0.125732,0.13916,0.123291,0.166016,0.144043,0.12085,0.126953,0.112305,0.096436,0.102539,0.070801
2017-06-19T09:10:00Z,41.13281,87.89063,68.90625,69.60938,53.78906,54.49219,51.32813,54.84375,63.98438,68.90625,73.125,74.53125,1.28906,0.99609,1.58203,1.28906,1.23047,1.34766,1.40625,1.69922,1.81641,1.99219,2.10938,2.16797,2.22656,0.128174,0.198975,0.175781,0.131836,0.100098,0.100098,0.117188,0.070801,0.061035,0.085449,0.079346
2017-06-19T09:20:00Z,26.71875,72.77344,51.67969,54.14063,41.48438,42.89063,41.83594,48.51563,54.14063,63.98438,65.39063,68.90625,1.40625,1.11328,1.28906,1.28906,1.23047,1.40625,1.58203,1.81641,1.875,1.99219,2.10938,2.10938,2.16797,0.169678,0.148926,0.177002,0.129395,0.090332,0.112305,0.109863,0.126953,0.08667,0.092773,0.096436
2017-06-19T09:30:00Z,24.25781,58.00781,41.13281,42.53906,40.07813,37.61719,40.07813,48.16406,55.54688,62.92969,64.6875,68.55469,1.52344,1.23047,1.46484,1.58203,1.46484,1.75781,1.81641,2.10938,2.10938,2.22656,2.28516,2.28516,2.34375,0.134277,0.133057,0.129395,0.096436,0.10376,0.081787,0.098877,0.083008,0.097656,0.095215,0.080566
2017-06-19T09:40:00Z,28.47656,59.76563,39.375,40.78125,39.02344,36.5625,41.48438,52.03125,58.00781,65.03906,66.09375,66.44531,1.58203,1.23047,1.52344,1.75781,1.69922,1.69922,1.99219,2.10938,2.16797,2.22656,2.34375,2.34375,2.34375,0.112305,0.12085,0.083008,0.097656,0.075684,0.080566,0.083008,0.063477,0.096436,0.06958,0.065918
2017-06-19T09:50:00Z,33.04688,58.71094,42.1875,42.53906,40.78125,39.02344,47.46094,53.78906,61.875,65.03906,65.74219,66.44531,1.75781,1.23047,1.81641,1.99219,1.99219,1.99219,2.22656,2.40234,2.40234,2.46094,2.46094,2.51953,2.57813,0.093994,0.092773,0.102539,0.065918,0.083008,0.070801,0.067139,0.078125,0.072021,0.072021,0.064697
2017-06-19T10:00:00Z,35.50781,49.92188,37.26563,38.32031,36.91406,38.32031,45.35156,53.78906,58.71094,60.82031,63.28125,65.39063,1.69922,1.28906,1.875,2.16797,2.16797,2.16797,2.46094,2.46094,2.51953,2.46094,2.46094,2.46094,2.57813,0.108643,0.067139,0.10498,0.084229,0.073242,0.076904,0.073242,0.061035,0.084229,0.078125,0.070801
2017-06-19T10:10:00Z,24.25781,31.99219,27.07031,28.47656,27.77344,29.53125,37.61719,46.05469,49.92188,53.08594,55.89844,59.41406,2.51953,1.58203,2.34375,2.51953,2.51953,2.63672,2.75391,2.75391,2.69531,2.69531,2.69531,2.69531,2.69531,0.142822,0.091553,0.076904,0.078125,0.048828,0.064697,0.058594,0.080566,0.080566,0.067139,0.058594
2017-06-19T10:20:00Z,15.11719,32.34375,28.82813,28.82813,25.66406,27.77344,33.04688,40.07813,43.94531,49.92188,50.97656,55.19531,2.69531,1.99219,2.63672,2.87109,2.8125,2.92969,3.10547,2.98828,2.98828,2.92969,2.87109,2.8125,2.87109,0.097656,0.065918,0.068359,0.059814,0.067139,0.063477,0.06958,0.057373,0.046387,0.075684,0.067139
2017-06-19T10:30:00Z,14.76563,33.75,26.71875,27.07031,25.66406,26.36719,32.34375,39.02344,44.64844,49.21875,52.03125,54.84375,2.69531,2.10938,2.87109,3.10547,3.04688,3.33984,3.33984,3.28125,3.16406,3.04688,2.98828,2.92969,2.92969,0.080566,0.05249,0.075684,0.047607,0.040283,0.048828,0.067139,0.042725,0.041504,0.058594,0.057373
2017-06-19T10:40:00Z,14.41406,23.90625,24.25781,22.5,19.6875,24.25781,30.58594,37.26563,41.13281,45.0,46.05469,50.27344,2.69531,2.22656,2.98828,3.39844,3.39844,3.51563,3.57422,3.33984,3.16406,3.04688,2.98828,2.92969,2.98828,0.056152,0.063477,0.054932,0.050049,0.048828,0.053711,0.045166,0.050049,0.050049,0.05249,0.05127
2017-06-19T10:50:00Z,8.08594,20.74219,21.79688,22.5,20.39063,26.71875,31.99219,37.26563,39.375,43.59375,46.40625,53.4375,2.92969,2.28516,3.51563,3.92578,3.86719,3.92578,3.75,3.51563,3.33984,3.28125,3.22266,3.16406,3.16406,0.059814,0.048828,0.05249,0.043945,0.032959,0.053711,0.050049,0.045166,0.05127,0.046387,0.046387
2017-06-19T11:00:00Z,6.32813,15.46875,16.52344,15.46875,15.46875,22.85156,27.42188,29.88281,33.04688,37.61719,42.89063,48.51563,3.04688,2.51953,3.92578,4.21875,4.21875,4.16016,3.80859,3.57422,3.45703,3.33984,3.22266,3.04688,2.98828,0.050049,0.039063,0.040283,0.0354,0.031738,0.048828,0.0354,0.036621,0.05127,0.056152,0.045166
2017-06-19T11:10:00Z,356.83594,8.4375,10.19531,11.60156,9.84375,17.22656,19.6875,23.20313,25.66406,34.10156,36.91406,42.53906,2.92969,2.51953,4.27734,4.33594,4.33594,4.21875,3.86719,3.63281,3.51563,3.28125,3.04688,2.92969,2.87109,0.05249,0.06958,0.058594,0.054932,0.041504,0.041504,0.05127,0.050049,0.037842,0.042725,0.037842
2017-06-19T11:20:00Z,352.61719,11.95313,10.54688,11.95313,10.89844,16.875,17.57813,21.09375,26.36719,32.34375,35.15625,38.67188,3.28125,2.75391,4.6875,4.6875,4.6875,4.45313,4.04297,3.86719,3.75,3.39844,3.16406,3.04688,2.92969,0.03418,0.056152,0.053711,0.041504,0.043945,0.043945,0.037842,0.046387,0.043945,0.045166,0.045166
2017-06-19T11:30:00Z,358.94531,13.00781,13.00781,14.0625,11.95313,16.875,19.6875,20.74219,25.66406,31.28906,34.10156,39.72656,3.51563,2.92969,5.03906,5.03906,5.03906,4.80469,4.39453,4.16016,3.92578,3.57422,3.33984,3.16406,2.98828,0.030518,0.050049,0.061035,0.0354,0.030518,0.045166,0.042725,0.042725,0.040283,0.030518,0.053711
2017-06-19T11:40:00Z,1.75781,14.0625,13.35938,14.0625,11.95313,16.875,19.6875,19.6875,26.71875,30.58594,34.10156,38.67188,3.33984,2.92969,5.39063,5.27344,5.33203,5.03906,4.6875,4.51172,4.21875,3.69141,3.51563,3.28125,2.98828,0.042725,0.043945,0.056152,0.042725,0.043945,0.0354,0.041504,0.042725,0.039063,0.043945,0.046387
2017-06-19T11:50:00Z,3.51563,16.52344,16.17188,16.17188,13.71094,16.875,19.6875,19.6875,24.60938,28.47656,30.23438,40.07813,3.69141,3.10547,5.68359,5.50781,5.50781,5.33203,5.03906,4.92188,4.57031,3.98438,3.63281,3.51563,3.04688,0.037842,0.030518,0.039063,0.042725,0.031738,0.028076,0.05249,0.039063,0.039063,0.048828,0.056152
2017-06-19T12:00:00Z,2.8125,15.82031,13.00781,13.35938,11.95313,16.17188,16.875,17.22656,20.74219,24.96094,26.71875,31.99219,3.69141,3.22266,5.74219,5.56641,5.56641,5.50781,5.21484,5.15625,4.74609,4.04297,3.75,3.51563,3.10547,0.030518,0.041504,0.032959,0.036621,0.023193,0.030518,0.05127,0.053711,0.036621,0.048828,0.113525
2017-06-19T12:10:00Z,1.05469,15.11719,11.95313,13.71094,13.35938,14.76563,16.52344,16.875,20.74219,22.5,27.07031,31.64063,3.98438,3.39844,5.85938,5.80078,5.74219,5.74219,5.44922,5.27344,4.86328,4.21875,3.92578,3.63281,3.22266,0.030518,0.0354,0.042725,0.041504,0.036621,0.031738,0.058594,0.053711,0.063477,0.080566,0.089111
2017-06-19T12:20:00Z,4.92188,15.82031,12.30469,12.65625,12.65625,15.82031,16.17188,17.57813,21.79688,23.90625,26.36719,27.42188,4.21875,3.63281,6.09375,5.97656,6.03516,5.97656,5.74219,5.44922,4.86328,4.39453,4.16016,3.80859,3.69141,0.036621,0.036621,0.037842,0.028076,0.031738,0.043945,0.041504,0.040283,0.048828,0.047607,0.047607
2017-06-19T12:30:00Z,3.16406,11.25,10.89844,10.89844,12.30469,15.11719,16.17188,18.63281,20.74219,24.60938,24.60938,29.17969,4.33594,3.86719,6.32813,6.32813,6.32813,6.03516,5.68359,5.21484,4.6875,4.33594,4.10156,3.92578,3.75,0.039063,0.039063,0.030518,0.031738,0.042725,0.054932,0.042725,0.058594,0.062256,0.056152,0.065918
2017-06-19T12:40:00Z,5.27344,11.95313,12.65625,12.65625,14.0625,16.17188,16.875,18.63281,22.5,24.96094,27.77344,28.82813,4.39453,3.69141,6.09375,6.5625,6.50391,6.32813,5.80078,5.27344,4.74609,4.51172,4.21875,3.92578,3.57422,0.054932,0.047607,0.037842,0.062256,0.042725,0.040283,0.056152,0.046387,0.043945,0.06958,0.037842
2017-06-19T12:50:00Z,1.05469,10.19531,11.60156,10.54688,13.00781,13.35938,14.41406,16.17188,18.63281,20.39063,22.85156,26.01563,4.16016,3.63281,6.03516,6.79688,6.67969,6.50391,6.03516,5.50781,4.86328,4.45313,4.33594,4.16016,3.57422,0.040283,0.05249,0.05249,0.065918,0.043945,0.063477,0.076904,0.045166,0.059814,0.072021,0.114746
2017-06-19T13:00:00Z,359.64844,11.25,15.11719,14.41406,15.46875,15.46875,15.82031,18.63281,18.98438,22.14844,21.09375,26.36719,4.04297,3.51563,6.09375,6.97266,6.73828,6.67969,6.21094,5.56641,4.92188,4.6875,4.51172,4.39453,3.92578,0.050049,0.05249,0.045166,0.054932,0.083008,0.111084,0.072021,0.041504,0.064697,0.081787,0.095215
2017-06-19T13:10:00Z,2.10938,14.41406,15.11719,15.11719,15.46875,15.46875,16.52344,15.82031,17.57813,19.33594,20.39063,20.74219,4.04297,3.39844,6.03516,7.08984,7.03125,7.08984,6.85547,6.21094,5.68359,5.03906,4.80469,4.6875,4.6875,0.03418,0.040283,0.053711,0.053711,0.045166,0.05127,0.053711,0.068359,0.065918,0.065918,0.054932
2017-06-19T13:20:00Z,1.05469,14.0625,15.11719,16.17188,17.92969,15.82031,15.46875,15.46875,15.46875,17.92969,18.98438,20.39063,4.10156,3.57422,6.09375,6.85547,6.73828,7.20703,6.67969,6.32813,5.85938,5.33203,4.92188,4.86328,4.74609,0.056152,0.05127,0.053711,0.045166,0.046387,0.053711,0.054932,0.064697,0.042725,0.073242,0.074463
2017-06-19T13:30:00Z,0.70313,16.52344,17.57813,16.875,17.57813,16.875,17.57813,17.22656,20.03906,20.39063,21.09375,23.20313,4.21875,3.63281,5.97656,6.85547,6.79688,7.03125,6.62109,6.09375,5.68359,5.09766,4.92188,4.86328,4.6875,0.042725,0.05249,0.058594,0.048828,0.045166,0.054932,0.057373,0.064697,0.06958,0.058594,0.061035
2017-06-19T13:40:00Z,3.51563,16.875,18.28125,18.63281,20.03906,17.57813,19.6875,19.6875,21.09375,21.79688,24.96094,24.60938,3.98438,3.51563,6.03516,7.08984,6.97266,6.97266,6.44531,6.09375,5.56641,5.03906,4.98047,4.74609,4.45313,0.070801,0.047607,0.048828,0.042725,0.050049,0.036621,0.050049,0.05127,0.042725,0.05249,0.068359
2017-06-19T13:50:00Z,4.92188,15.46875,20.39063,20.03906,22.14844,17.57813,18.28125,17.22656,16.17188,19.33594,20.74219,22.5,4.16016,3.63281,6.09375,6.73828,6.62109,7.20703,6.91406,6.50391,5.74219,5.39063,5.15625,4.86328,4.62891,0.056152,0.043945,0.040283,0.046387,0.054932,0.061035,0.096436,0.079346,0.063477,0.065918,0.076904
2017-06-19T14:00:00Z,3.51563,14.76563,18.28125,17.92969,17.22656,17.22656,14.41406,16.17188,14.76563,16.875,19.33594,20.03906,4.51172,3.86719,6.15234,6.91406,6.73828,7.03125,6.67969,6.32813,5.625,5.27344,5.03906,4.51172,4.57031,0.058594,0.062256,0.037842,0.056152,0.054932,0.063477,0.063477,0.048828,0.061035,0.074463,0.073242
2017-06-19T14:10:00Z,2.8125,13.71094,19.6875,18.98438,16.875,14.76563,12.65625,14.76563,13.00781,15.82031,17.57813,17.57813,4.33594,3.80859,6.26953,7.14844,7.14844,6.91406,6.62109,6.03516,5.50781,5.27344,4.80469,4.57031,4.27734,0.056152,0.067139,0.041504,0.057373,0.057373,0.073242,0.058594,0.083008,0.093994,0.063477,0.048828
2017-06-19T14:20:00Z,1.75781,11.95313,17.57813,14.41406,15.46875,14.0625,11.25,11.95313,9.84375,11.60156,11.25,12.30469,4.45313,3.86719,6.21094,6.97266,6.91406,7.14844,6.79688,6.26953,5.74219,5.50781,5.27344,4.62891,4.45313,0.057373,0.053711,0.05249,0.062256,0.050049,0.092773,0.073242,0.05249,0.084229,0.100098,0.062256
2017-06-19T14:30:00Z,2.46094,14.41406,20.03906,18.98438,18.63281,14.76563,14.76563,13.00781,12.65625,14.41406,15.46875,13.35938,4.21875,3.63281,5.80078,6.62109,6.5625,6.91406,6.5625,6.09375,5.74219,5.50781,4.92188,4.27734,4.10156,0.070801,0.067139,0.064697,0.057373,0.047607,0.050049,0.073242,0.070801,0.100098,0.079346,0.092773
2017-06-19T14:40:00Z,4.92188,15.82031,18.63281,17.92969,20.39063,13.00781,14.0625,12.65625,11.95313,10.19531,11.60156,11.25,4.04297,3.57422,5.80078,6.5625,6.5625,6.91406,6.5625,6.15234,5.80078,5.33203,4.62891,4.16016,4.04297,0.053711,0.056152,0.042725,0.053711,0.05127,0.047607,0.036621,0.05127,0.08667,0.061035,0.064697
2017-06-19T14:50:00Z,5.625,15.82031,20.03906,18.98438,18.63281,12.65625,12.30469,11.60156,10.89844,7.73438,10.19531,7.73438,4.04297,3.69141,5.68359,6.62109,6.5625,6.73828,6.26953,5.97656,5.68359,5.27344,4.45313,3.98438,3.92578,0.0354,0.045166,0.05127,0.05127,0.045166,0.05127,0.042725,0.03418,0.089111,0.062256,0.065918
2017-06-19T15:00:00Z,3.86719,15.11719,20.39063,20.03906,16.875,12.30469,10.54688,8.78906,8.78906,7.03125,4.92188,3.51563,4.16016,3.69141,5.85938,6.85547,6.67969,6.79688,6.32813,6.03516,5.74219,5.56641,4.6875,4.04297,3.92578,0.045166,0.046387,0.037842,0.045166,0.040283,0.048828,0.042725,0.068359,0.112305,0.057373,0.047607
2017-06-19T15:10:00Z,2.10938,14.76563,19.33594,17.92969,11.60156,8.4375,7.38281,7.73438,5.27344,4.57031,0.70313,359.64844,4.45313,3.75,6.03516,6.73828,6.79688,6.73828,6.38672,6.32813,5.97656,5.68359,4.92188,4.21875,4.16016,0.046387,0.046387,0.0354,0.0354,0.05249,0.047607,0.043945,0.057373,0.114746,0.056152,0.061035
2017-06-19T15:20:00Z,5.27344,15.82031,21.09375,21.09375,14.41406,10.19531,9.14063,8.78906,7.03125,7.38281,359.29688,358.59375,4.27734,3.86719,5.97656,6.85547,6.85547,6.91406,6.62109,6.44531,6.26953,5.97656,5.80078,4.51172,4.33594,0.057373,0.042725,0.039063,0.032959,0.043945,0.037842,0.037842,0.046387,0.05127,0.054932,0.05249
2017-06-19T15:30:00Z,8.78906,20.03906,21.44531,21.09375,13.35938,11.25,11.25,9.14063,8.08594,7.38281,2.10938,2.46094,4.45313,3.92578,6.32813,7.03125,7.08984,6.91406,6.73828,6.5625,6.21094,6.03516,5.56641,4.62891,4.51172,0.041504,0.037842,0.031738,0.045166,0.0354,0.032959,0.045166,0.043945,0.050049,0.032959,0.045166
2017-06-19T15:40:00Z,11.95313,19.6875,19.33594,19.6875,15.82031,11.25,14.0625,11.95313,12.30469,11.60156,5.97656,3.51563,4.62891,4.16016,6.44531,7.26563,7.20703,7.03125,6.97266,6.73828,6.5625,6.21094,5.91797,4.80469,4.6875,0.040283,0.026855,0.023193,0.030518,0.032959,0.039063,0.032959,0.042725,0.047607,0.048828,0.054932
2017-06-19T15:50:00Z,11.95313,20.74219,20.03906,19.6875,14.76563,14.0625,13.71094,12.65625,13.35938,9.84375,7.38281,5.97656,4.39453,3.98438,6.5625,7.32422,7.38281,7.14844,6.97266,6.79688,6.5625,6.26953,5.68359,4.74609,4.62891,0.042725,0.042725,0.03418,0.026855,0.03418,0.03418,0.0354,0.050049,0.087891,0.05127,0.050049
2017-06-19T16:00:00Z,11.25,24.25781,23.20313,22.5,17.92969,15.11719,15.82031,14.41406,13.71094,9.49219,7.03125,7.38281,4.45313,4.04297,6.62109,7.20703,7.20703,7.03125,6.79688,6.5625,6.26953,6.15234,4.92188,4.62891,4.45313,0.054932,0.026855,0.029297,0.039063,0.032959,0.039063,0.048828,0.031738,0.073242,0.05127,0.050049
2017-06-19T16:10:00Z,15.46875,24.60938,20.74219,22.85156,17.57813,16.52344,15.11719,14.41406,13.35938,8.08594,6.32813,6.67969,4.33594,3.92578,6.79688,7.03125,7.08984,6.91406,6.73828,6.50391,6.15234,5.97656,4.80469,4.51172,4.51172,0.029297,0.041504,0.032959,0.0354,0.0354,0.026855,0.032959,0.036621,0.048828,0.042725,0.040283
2017-06-19T16:20:00Z,12.30469,21.44531,18.28125,17.92969,15.82031,15.82031,15.11719,15.11719,13.35938,7.38281,8.08594,7.03125,4.27734,3.86719,7.08984,7.14844,7.08984,6.97266,6.85547,6.62109,6.32813,6.09375,4.86328,4.74609,4.6875,0.030518,0.0354,0.023193,0.0354,0.0354,0.031738,0.030518,0.040283,0.050049,0.047607,0.05249
2017-06-19T16:30:00Z,10.54688,21.09375,17.22656,18.63281,16.875,16.52344,16.17188,14.41406,10.89844,5.27344,4.57031,4.57031,4.33594,3.92578,6.85547,7.08984,7.03125,6.91406,6.73828,6.44531,6.21094,5.625,4.92188,4.80469,4.80469,0.040283,0.026855,0.030518,0.029297,0.030518,0.031738,0.040283,0.058594,0.039063,0.058594,0.036621
2017-06-19T16:40:00Z,15.11719,23.55469,20.39063,19.6875,18.63281,18.28125,17.57813,15.82031,13.71094,5.27344,3.86719,4.21875,4.33594,3.92578,7.03125,7.08984,7.14844,6.97266,6.85547,6.62109,6.32813,6.21094,4.98047,4.92188,4.86328,0.024414,0.03418,0.0354,0.040283,0.032959,0.0354,0.03418,0.032959,0.054932,0.042725,0.046387
2017-06-19T16:50:00Z,13.35938,21.09375,20.03906,18.98438,16.17188,16.52344,14.41406,15.46875,13.00781,3.86719,2.46094,2.10938,4.45313,3.98438,6.91406,7.44141,7.38281,7.20703,6.91406,6.73828,6.5625,6.26953,5.21484,5.21484,5.09766,0.0354,0.029297,0.029297,0.029297,0.030518,0.032959,0.028076,0.054932,0.041504,0.042725,0.045166
2017-06-19T17:00:00Z,14.0625,23.20313,23.20313,23.55469,20.39063,21.09375,17.57813,18.28125,14.76563,5.97656,5.27344,3.51563,4.45313,3.98438,6.50391,7.38281,7.38281,7.26563,7.08984,6.67969,6.44531,6.09375,5.21484,5.03906,4.98047,0.040283,0.031738,0.032959,0.028076,0.031738,0.026855,0.03418,0.050049,0.05249,0.047607,0.041504
2017-06-19T17:10:00Z,14.76563,23.20313,22.14844,22.14844,20.74219,19.33594,18.98438,17.57813,15.11719,7.73438,5.27344,1.05469,4.10156,3.75,6.5625,7.26563,7.32422,7.14844,6.97266,6.62109,6.26953,5.74219,5.21484,4.92188,4.74609,0.062256,0.028076,0.029297,0.024414,0.024414,0.032959,0.025635,0.043945,0.036621,0.036621,0.043945
2017-06-19T17:20:00Z,14.41406,23.20313,20.74219,20.74219,20.03906,20.39063,18.98438,17.57813,11.60156,9.14063,5.27344,3.51563,4.62891,3.86719,6.62109,7.38281,7.38281,7.20703,6.91406,6.62109,6.26953,5.74219,5.21484,5.03906,4.86328,0.047607,0.031738,0.031738,0.030518,0.030518,0.032959,0.039063,0.039063,0.059814,0.040283,0.036621
2017-06-19T17:30:00Z,20.03906,22.85156,23.90625,25.66406,22.5,22.85156,19.33594,20.74219,20.03906,15.82031,10.89844,8.78906,5.15625,4.33594,6.50391,7.44141,7.38281,7.44141,7.32422,6.97266,6.67969,6.38672,5.91797,5.21484,4.98047,0.039063,0.028076,0.040283,0.026855,0.0354,0.031738,0.040283,0.0354,0.047607,0.050049,0.045166
2017-06-19T17:40:00Z,20.39063,26.71875,27.07031,28.125,25.66406,26.01563,25.3125,25.3125,24.60938,24.60938,16.17188,11.95313,4.86328,4.39453,6.50391,7.38281,7.38281,7.20703,7.08984,6.73828,6.5625,6.38672,6.15234,4.98047,4.57031,0.031738,0.030518,0.029297,0.030518,0.028076,0.026855,0.0354,0.042725,0.03418,0.059814,0.041504
2017-06-19T17:50:00Z,24.60938,29.53125,29.17969,29.53125,27.77344,28.125,26.71875,27.77344,26.36719,27.07031,21.44531,15.11719,4.80469,4.10156,6.21094,7.32422,7.38281,7.26563,7.08984,6.79688,6.50391,6.32813,5.97656,5.03906,4.39453,0.037842,0.036621,0.029297,0.037842,0.024414,0.03418,0.031738,0.047607,0.046387,0.12207,0.042725
2017-06-19T18:00:00Z,22.85156,29.88281,30.58594,29.53125,28.125,28.82813,28.125,27.07031,26.36719,24.96094,17.57813,13.00781,4.04297,3.63281,6.50391,7.44141,7.5,7.32422,7.32422,6.97266,6.62109,6.32813,5.91797,4.98047,4.62891,0.062256,0.032959,0.0354,0.0354,0.026855,0.030518,0.041504,0.043945,0.043945,0.081787,0.068359
2017-06-19T18:10:00Z,21.09375,34.10156,33.04688,33.39844,32.69531,30.58594,28.47656,27.77344,25.66406,22.85156,17.22656,16.875,4.33594,3.92578,6.97266,7.26563,7.26563,7.38281,7.20703,6.73828,6.38672,5.80078,5.33203,4.92188,4.80469,0.031738,0.0354,0.025635,0.03418,0.036621,0.03418,0.043945,0.05249,0.048828,0.040283,0.040283
2017-06-19T18:20:00Z,24.96094,37.96875,36.91406,37.96875,36.21094,33.39844,32.69531,31.28906,29.88281,27.42188,23.55469,21.09375,4.16016,3.75,6.79688,7.03125,6.97266,7.20703,7.03125,6.79688,6.38672,5.97656,5.50781,5.09766,4.86328,0.0354,0.040283,0.031738,0.032959,0.030518,0.028076,0.037842,0.040283,0.05249,0.046387,0.037842
2017-06-19T18:30:00Z,27.77344,40.78125,39.72656,39.375,38.32031,36.21094,35.85938,32.69531,29.88281,26.36719,24.25781,20.39063,4.16016,3.63281,6.09375,6.5625,6.5625,7.03125,6.79688,6.5625,6.21094,5.68359,5.27344,4.92188,4.74609,0.057373,0.050049,0.053711,0.026855,0.03418,0.039063,0.050049,0.046387,0.050049,0.061035,0.045166
2017-06-19T18:40:00Z,27.07031,38.67188,40.07813,39.02344,38.67188,36.21094,36.5625,33.39844,32.34375,29.88281,26.01563,20.74219,4.04297,3.51563,5.80078,6.09375,6.03516,6.50391,6.73828,6.44531,5.97656,5.625,5.15625,4.80469,4.39453,0.047607,0.059814,0.067139,0.05249,0.029297,0.036621,0.05127,0.042725,0.047607,0.06958,0.102539
2017-06-19T18:50:00Z,26.36719,38.32031,39.72656,39.375,38.67188,36.5625,35.15625,35.15625,31.99219,29.53125,23.55469,21.79688,4.27734,3.45703,5.625,5.80078,5.80078,5.97656,6.50391,6.67969,6.21094,5.68359,5.09766,4.6875,4.57031,0.039063,0.065918,0.065918,0.047607,0.042725,0.05127,0.042725,0.05127,0.057373,0.05127,0.048828
2017-06-19T19:00:00Z,22.5,36.21094,37.61719,36.5625,36.5625,35.50781,36.5625,34.10156,31.99219,28.125,24.60938,22.14844,3.86719,3.39844,5.85938,5.91797,5.97656,6.03516,6.44531,6.62109,6.26953,5.56641,5.03906,4.86328,4.62891,0.078125,0.064697,0.074463,0.053711,0.054932,0.057373,0.079346,0.079346,0.063477,0.047607,0.043945
2017-06-19T19:10:00Z,29.17969,38.32031,38.67188,38.32031,37.96875,37.26563,37.61719,36.5625,33.39844,30.9375,28.125,24.96094,4.21875,3.63281,5.91797,5.91797,5.97656,6.09375,6.26953,6.38672,6.26953,5.91797,5.09766,4.74609,4.62891,0.036621,0.058594,0.067139,0.068359,0.040283,0.039063,0.048828,0.050049,0.067139,0.043945,0.039063
2017-06-19T19:20:00Z,26.71875,33.04688,33.75,34.10156,35.85938,36.21094,34.80469,33.39844,33.04688,28.82813,26.36719,26.01563,4.10156,3.75,6.38672,6.21094,6.15234,6.15234,6.44531,6.5625,6.32813,5.91797,4.92188,4.62891,4.57031,0.065918,0.058594,0.065918,0.05127,0.032959,0.037842,0.048828,0.057373,0.053711,0.045166,0.05127
2017-06-19T19:30:00Z,26.36719,36.5625,37.26563,36.91406,39.375,39.375,38.67188,36.91406,35.85938,33.75,31.99219,28.47656,4.04297,3.63281,6.21094,6.15234,6.21094,5.85938,6.03516,6.15234,6.15234,5.85938,4.86328,4.51172,4.39453,0.063477,0.080566,0.065918,0.06958,0.063477,0.072021,0.053711,0.070801,0.043945,0.045166,0.043945
2017-06-19T19:40:00Z,31.28906,39.375,38.67188,39.72656,38.67188,39.02344,38.32031,36.91406,37.61719,36.21094,34.10156,30.58594,4.04297,3.51563,5.74219,5.80078,5.85938,5.80078,5.625,5.68359,5.56641,5.09766,4.74609,4.45313,4.39453,0.045166,0.046387,0.047607,0.083008,0.058594,0.047607,0.050049,0.058594,0.043945,0.043945,0.039063
2017-06-19T19:50:00Z,29.88281,36.5625,39.72656,38.67188,39.375,39.72656,38.32031,38.32031,39.02344,37.61719,34.10156,33.39844,3.51563,3.04688,5.27344,5.15625,5.21484,5.33203,5.50781,5.56641,5.09766,4.74609,4.45313,4.39453,4.21875,0.050049,0.057373,0.064697,0.048828,0.047607,0.040283,0.054932,0.037842,0.05249,0.057373,0.062256
2017-06-19T20:00:00Z,24.96094,33.39844,34.10156,33.39844,35.85938,36.5625,37.26563,36.21094,37.61719,34.10156,33.39844,32.34375,3.33984,2.98828,5.27344,4.98047,5.03906,5.03906,5.33203,5.44922,5.27344,4.86328,4.45313,4.33594,4.27734,0.039063,0.062256,0.068359,0.043945,0.037842,0.053711,0.043945,0.053711,0.05127,0.063477,0.048828
2017-06-19T20:10:00Z,22.14844,36.21094,34.10156,34.80469,36.21094,36.91406,37.26563,36.91406,38.32031,38.32031,37.96875,33.75,3.51563,3.10547,5.39063,5.27344,5.09766,4.98047,5.09766,5.33203,5.21484,4.98047,4.74609,4.51172,4.27734,0.054932,0.05127,0.048828,0.065918,0.042725,0.056152,0.045166,0.05249,0.070801,0.06958,0.059814
2017-06-19T20:20:00Z,26.71875,32.34375,33.04688,33.04688,31.64063,34.80469,34.80469,36.5625,37.61719,40.42969,37.96875,35.50781,3.63281,3.28125,5.56641,5.27344,5.44922,5.03906,5.21484,5.44922,5.50781,5.33203,5.09766,4.80469,4.62891,0.061035,0.067139,0.056152,0.081787,0.065918,0.058594,0.05127,0.058594,0.057373,0.065918,0.054932
2017-06-19T20:30:00Z,24.25781,32.69531,33.39844,32.69531,32.34375,34.80469,33.75,37.96875,38.67188,37.26563,36.5625,33.75,3.92578,3.39844,5.09766,5.03906,5.03906,5.03906,5.09766,5.39063,5.50781,5.21484,4.92188,4.74609,4.57031,0.062256,0.090332,0.075684,0.085449,0.061035,0.050049,0.048828,0.073242,0.073242,0.05249,0.063477
2017-06-19T20:40:00Z,18.98438,30.58594,30.23438,30.23438,30.9375,32.34375,34.80469,36.5625,39.72656,35.85938,33.75,29.88281,3.75,3.33984,5.15625,5.03906,5.09766,5.21484,5.44922,5.68359,5.68359,5.44922,5.21484,4.86328,4.80469,0.072021,0.061035,0.076904,0.062256,0.062256,0.05127,0.064697,0.067139,0.083008,0.064697,0.070801
2017-06-19T20:50:00Z,17.57813,29.17969,30.58594,31.28906,32.69531,34.80469,37.61719,40.42969,42.53906,41.13281,36.91406,30.58594,4.16016,3.51563,5.56641,5.44922,5.39063,5.33203,5.39063,5.68359,5.91797,5.97656,5.80078,5.03906,4.80469,0.050049,0.078125,0.065918,0.041504,0.053711,0.062256,0.061035,0.0354,0.047607,0.076904,0.058594
2017-06-19T21:00:00Z,21.79688,32.69531,35.15625,34.45313,36.21094,39.375,41.13281,44.64844,43.59375,45.0,42.1875,39.02344,4.21875,3.51563,5.625,5.39063,5.39063,5.15625,5.33203,5.68359,5.97656,5.80078,5.80078,5.44922,5.03906,0.058594,0.083008,0.067139,0.067139,0.059814,0.05249,0.054932,0.058594,0.068359,0.056152,0.05249
2017-06-19T21:10:00Z,21.79688,26.71875,31.28906,29.17969,31.99219,34.80469,37.61719,41.83594,43.24219,43.59375,44.64844,40.78125,4.74609,3.80859,6.85547,6.73828,6.79688,5.74219,5.50781,5.56641,5.85938,6.09375,6.09375,5.85938,5.625,0.062256,0.128174,0.118408,0.08667,0.050049,0.05249,0.053711,0.047607,0.057373,0.061035,0.058594
2017-06-19T21:20:00Z,23.20313,30.23438,33.04688,32.34375,34.10156,35.15625,37.96875,40.78125,43.24219,45.70313,46.40625,46.75781,5.625,4.39453,6.67969,7.55859,7.73438,6.62109,5.68359,5.44922,5.625,5.80078,6.03516,6.03516,5.74219,0.085449,0.048828,0.042725,0.059814,0.058594,0.047607,0.042725,0.046387,0.048828,0.050049,0.056152
2017-06-19T21:30:00Z,25.3125,31.64063,35.15625,35.15625,33.75,36.5625,38.67188,44.29688,46.05469,46.05469,48.86719,49.92188,5.15625,4.21875,6.21094,6.62109,6.62109,6.03516,5.80078,5.625,5.625,5.74219,5.97656,6.32813,6.03516,0.06958,0.095215,0.068359,0.065918,0.073242,0.072021,0.065918,0.047607,0.070801,0.056152,0.05249
2017-06-19T21:40:00Z,24.96094,31.64063,33.75,35.15625,35.85938,39.02344,39.375,41.48438,44.29688,47.46094,48.86719,48.86719,4.92188,4.10156,5.80078,6.5625,6.44531,6.50391,5.91797,5.56641,5.80078,6.09375,6.15234,6.21094,6.21094,0.06958,0.062256,0.079346,0.078125,0.067139,0.065918,0.059814,0.062256,0.043945,0.084229,0.058594
2017-06-19T21:50:00Z,25.66406,26.01563,30.58594,29.17969,34.10156,37.61719,38.67188,40.78125,45.0,47.46094,47.8125,49.21875,4.51172,3.75,5.68359,6.44531,6.38672,6.09375,5.85938,5.74219,6.21094,6.50391,6.44531,6.26953,6.15234,0.062256,0.078125,0.065918,0.067139,0.054932,0.076904,0.063477,0.045166,0.08667,0.081787,0.091553
2017-06-19T22:00:00Z,18.63281,22.14844,24.25781,24.96094,28.125,33.75,35.50781,37.96875,43.59375,45.0,47.10938,47.8125,5.21484,4.04297,5.97656,6.62109,6.5625,6.03516,5.91797,5.85938,6.15234,6.50391,6.50391,6.62109,6.50391,0.100098,0.085449,0.062256,0.054932,0.068359,0.05249,0.037842,0.079346,0.057373,0.053711,0.058594
2017-06-19T22:10:00Z,15.46875,22.85156,26.01563,26.71875,31.64063,32.34375,34.80469,39.375,41.83594,43.59375,45.70313,48.51563,5.09766,4.27734,5.68359,6.15234,6.15234,5.74219,5.625,5.625,5.91797,6.15234,6.38672,6.44531,6.44531,0.053711,0.070801,0.06958,0.061035,0.041504,0.068359,0.073242,0.05127,0.045166,0.06958,0.068359
2017-06-19T22:20:00Z,19.33594,27.42188,33.04688,33.75,34.80469,34.80469,38.67188,40.07813,42.53906,45.70313,46.40625,48.16406,4.6875,3.98438,5.33203,5.80078,5.85938,5.68359,5.85938,5.85938,6.03516,6.21094,6.50391,6.32813,6.50391,0.080566,0.074463,0.062256,0.048828,0.081787,0.062256,0.059814,0.075684,0.064697,0.068359,0.079346
2017-06-19T22:30:00Z,25.3125,33.04688,39.02344,37.26563,37.96875,40.78125,40.42969,43.59375,45.70313,45.70313,46.05469,46.05469,4.39453,3.69141,4.92188,5.39063,5.50781,5.56641,5.74219,6.15234,6.5625,6.62109,6.62109,6.62109,6.67969,0.081787,0.063477,0.075684,0.08667,0.054932,0.050049,0.078125,0.079346,0.056152,0.072021,0.08667
2017-06-19T22:40:00Z,29.53125,41.13281,40.78125,41.48438,41.83594,42.1875,44.64844,44.29688,45.0,45.0,45.70313,45.70313,4.27734,3.45703,5.03906,5.15625,5.21484,5.56641,6.03516,6.26953,6.50391,6.5625,6.79688,6.79688,6.5625,0.091553,0.087891,0.053711,0.06958,0.074463,0.062256,0.053711,0.078125,0.073242,0.056152,0.065918
2017-06-19T22:50:00Z,33.75,43.94531,46.75781,48.86719,47.46094,47.8125,48.16406,50.97656,47.46094,47.46094,47.46094,47.10938,3.92578,2.98828,4.57031,5.39063,5.33203,5.56641,5.85938,6.09375,6.32813,6.15234,6.50391,6.50391,6.62109,0.097656,0.078125,0.081787,0.090332,0.111084,0.092773,0.079346,0.098877,0.065918,0.083008,0.079346
2017-06-19T23:00:00Z,29.53125,44.29688,47.10938,46.40625,48.51563,50.27344,50.27344,49.21875,47.8125,46.40625,47.10938,45.70313,3.33984,2.63672,4.74609,5.91797,5.80078,6.38672,6.5625,6.73828,6.5625,6.62109,6.50391,6.5625,6.44531,0.081787,0.058594,0.083008,0.081787,0.068359,0.058594,0.073242,0.078125,0.05127,0.063477,0.078125
2017-06-19T23:10:00Z,35.15625,50.97656,51.67969,52.73438,51.67969,52.03125,51.67969,54.84375,54.49219,50.27344,46.75781,45.35156,2.98828,2.40234,4.92188,5.91797,5.91797,6.97266,7.03125,7.03125,7.14844,6.85547,6.5625,6.38672,6.32813,0.091553,0.06958,0.085449,0.08667,0.076904,0.059814,0.068359,0.081787,0.06958,0.067139,0.06958
2017-06-19T23:20:00Z,41.83594,49.92188,52.38281,50.97656,52.03125,55.89844,52.38281,53.4375,51.67969,51.32813,46.40625,44.29688,3.92578,2.69531,5.21484,6.26953,6.09375,7.14844,7.08984,7.14844,7.32422,7.26563,6.73828,6.32813,6.21094,0.076904,0.084229,0.073242,0.074463,0.065918,0.064697,0.079346,0.090332,0.102539,0.073242,0.079346
2017-06-19T23:30:00Z,40.78125,45.70313,49.57031,48.86719,55.54688,54.49219,54.14063,53.08594,52.73438,51.67969,49.92188,46.75781,3.98438,3.39844,5.39063,6.03516,6.15234,6.62109,6.91406,7.5,7.55859,7.55859,7.32422,6.91406,6.50391,0.064697,0.078125,0.053711,0.061035,0.042725,0.072021,0.065918,0.057373,0.080566,0.075684,0.078125
2017-06-19T23:40:00Z,39.375,46.05469,53.08594,50.97656,55.89844,59.0625,55.89844,56.60156,51.67969,51.32813,47.8125,45.0,4.21875,3.45703,5.33203,6.21094,6.21094,6.67969,7.03125,7.32422,7.5,7.26563,7.08984,6.73828,6.38672,0.075684,0.05249,0.072021,0.059814,0.075684,0.05127,0.064697,0.062256,0.075684,0.113525,0.130615
2017-06-19T23:50:00Z,46.05469,51.67969,54.84375,55.54688,61.17188,61.875,60.82031,56.95313,55.89844,52.73438,51.67969,48.51563,3.80859,3.28125,5.56641,6.26953,6.09375,6.79688,6.85547,7.03125,6.97266,7.26563,6.85547,6.85547,6.15234,0.084229,0.037842,0.081787,0.078125,0.081787,0.059814,0.083008,0.085449,0.08667,0.072021,0.081787
