LOCATION: 
SYSTEM SERIAL: HKZB
TIMESTAMP (ISO-8601) UTC,WindDir004m deg,WindDir030m deg,WindDir040m deg,WindDir040m_ref deg,WindDir060m deg,WindDir080m deg,WindDir100m deg,WindDir120m deg,WindDir140m deg,WindDir160m deg,WindDir180m deg,WindDir200m deg,WindGust004m m/s,WindSpeed004m m/s,WindSpeed030mh m/s,WindSpeed040mh m/s,WindSpeed040m_refh m/s,WindSpeed060mh m/s,WindSpeed080mh m/s,WindSpeed100mh m/s,WindSpeed120mh m/s,WindSpeed140mh m/s,WindSpeed160mh m/s,WindSpeed180mh m/s,WindSpeed200mh m/s,TI 030m,TI 040m,TI 040m ref,TI 060m,TI 080m,TI 100m,TI 120m,TI 140m,TI 160m,TI 180m,TI 200m
2017-10-20T00:00:00Z,169.10156,171.21094,174.02344,175.07813,175.07813,176.48438,177.89063,177.1875,177.53906,179.64844,181.40625,182.46094,11.83594,9.25781,12.12891,13.24219,13.00781,14.47266,15.23438,15.64453,15.87891,16.93359,17.8125,17.51953,17.63672,0.133057,0.128174,0.137939,0.123291,0.124512,0.112305,0.140381,0.118408,0.115967,0.145264,0.108643
2017-10-20T00:10:00Z,166.28906,170.15625,168.04688,171.21094,170.85938,174.72656,176.83594,175.42969,177.53906,177.53906,178.59375,182.46094,12.65625,9.55078,12.36328,13.18359,12.71484,14.58984,15.41016,15.46875,15.82031,16.52344,16.93359,17.98828,18.28125,0.13916,0.136719,0.112305,0.128174,0.109863,0.131836,0.108643,0.130615,0.101318,0.112305,0.102539
2017-10-20T00:20:00Z,165.9375,174.02344,169.80469,170.85938,172.26563,172.96875,172.61719,174.375,177.53906,177.89063,181.75781,184.21875,11.71875,8.96484,12.36328,12.30469,13.00781,12.94922,13.59375,14.47266,15.35156,15.9375,16.11328,16.17188,16.875,0.125732,0.129395,0.145264,0.157471,0.130615,0.155029,0.119629,0.100098,0.177002,0.140381,0.128174
2017-10-20T00:30:00Z,166.99219,171.91406,172.61719,175.07813,174.02344,175.78125,176.13281,176.83594,182.46094,182.46094,184.92188,184.57031,11.42578,9.08203,11.60156,12.59766,13.18359,13.59375,14.41406,14.64844,15.46875,16.23047,16.46484,16.875,17.34375,0.126953,0.13916,0.152588,0.144043,0.13916,0.146484,0.12085,0.12207,0.134277,0.119629,0.131836
2017-10-20T00:40:00Z,171.5625,176.83594,178.59375,175.78125,179.29688,180.35156,178.59375,183.16406,184.92188,188.4375,184.57031,186.67969,11.07422,8.96484,11.83594,12.01172,11.95313,13.06641,13.94531,14.47266,15.46875,15.9375,16.11328,16.75781,16.99219,0.100098,0.152588,0.124512,0.146484,0.107422,0.158691,0.109863,0.085449,0.155029,0.136719,0.157471
2017-10-20T00:50:00Z,171.5625,175.42969,181.75781,177.1875,180.0,176.48438,176.83594,181.75781,184.92188,183.86719,186.32813,184.57031,10.89844,8.96484,11.66016,12.24609,12.42188,12.71484,13.47656,14.94141,16.17188,16.69922,15.52734,15.52734,16.64063,0.125732,0.117188,0.12207,0.118408,0.134277,0.080566,0.145264,0.10376,0.144043,0.131836,0.12207
2017-10-20T01:00:00Z,172.96875,176.83594,180.0,177.89063,177.1875,181.40625,184.57031,184.21875,185.625,182.46094,183.86719,188.08594,11.42578,9.14063,11.60156,12.30469,12.24609,13.35938,14.41406,15.23438,14.82422,15.05859,16.05469,16.99219,16.81641,0.13916,0.131836,0.145264,0.108643,0.100098,0.098877,0.136719,0.114746,0.107422,0.131836,0.107422
2017-10-20T01:10:00Z,171.5625,176.13281,176.48438,180.70313,176.13281,176.48438,182.8125,180.35156,183.86719,182.46094,181.05469,188.78906,11.54297,9.25781,11.60156,12.30469,12.65625,13.59375,14.47266,15.35156,15.70313,15.70313,15.46875,16.46484,16.93359,0.095215,0.140381,0.111084,0.108643,0.085449,0.111084,0.112305,0.108643,0.141602,0.119629,0.097656
2017-10-20T01:20:00Z,172.61719,175.42969,176.48438,176.13281,177.53906,181.05469,182.10938,180.0,182.10938,182.46094,185.27344,184.92188,11.60156,9.55078,12.07031,13.18359,12.83203,14.00391,15.0,15.41016,15.76172,15.99609,16.40625,17.10938,17.46094,0.10498,0.076904,0.115967,0.100098,0.101318,0.12207,0.109863,0.089111,0.096436,0.101318,0.114746
2017-10-20T01:30:00Z,174.02344,179.29688,178.94531,177.89063,178.94531,179.64844,182.46094,181.75781,186.32813,184.21875,184.21875,184.21875,12.07031,9.96094,12.59766,13.30078,13.35938,14.12109,15.05859,15.52734,15.99609,16.52344,16.75781,16.93359,17.22656,0.115967,0.111084,0.100098,0.107422,0.091553,0.100098,0.101318,0.095215,0.079346,0.087891,0.093994
2017-10-20T01:40:00Z,174.72656,176.13281,175.42969,176.48438,180.70313,181.40625,184.21875,178.94531,183.86719,183.86719,184.92188,185.97656,13.06641,10.54688,13.00781,14.17969,13.30078,15.05859,15.35156,15.64453,16.05469,16.46484,16.58203,16.69922,17.40234,0.12085,0.070801,0.106201,0.091553,0.101318,0.073242,0.108643,0.087891,0.085449,0.10498,0.065918
2017-10-20T01:50:00Z,172.26563,178.24219,177.53906,177.53906,177.53906,178.24219,176.83594,181.05469,181.40625,181.75781,178.24219,182.10938,11.83594,9.49219,12.24609,12.65625,12.71484,12.94922,14.00391,14.76563,15.17578,15.41016,15.41016,15.87891,16.52344,0.128174,0.115967,0.109863,0.10376,0.107422,0.093994,0.106201,0.08667,0.087891,0.092773,0.084229
2017-10-20T02:00:00Z,169.10156,171.21094,174.72656,172.96875,173.67188,177.89063,177.53906,178.59375,179.64844,182.10938,179.29688,181.05469,12.07031,9.60938,12.01172,12.59766,12.71484,13.53516,14.0625,14.35547,14.94141,15.35156,15.64453,15.35156,15.58594,0.111084,0.089111,0.096436,0.075684,0.106201,0.081787,0.085449,0.12207,0.078125,0.091553,0.117188
2017-10-20T02:10:00Z,167.34375,171.21094,171.21094,168.39844,172.96875,173.67188,177.1875,175.07813,176.48438,179.29688,180.0,177.1875,12.07031,9.31641,11.83594,12.48047,12.53906,13.24219,13.65234,14.17969,14.88281,15.46875,15.41016,15.29297,15.87891,0.109863,0.081787,0.092773,0.081787,0.106201,0.108643,0.078125,0.097656,0.096436,0.076904,0.076904
2017-10-20T02:20:00Z,171.5625,174.375,171.5625,175.07813,174.375,175.42969,177.89063,177.1875,181.75781,180.35156,179.64844,182.46094,11.71875,9.49219,11.89453,12.42188,12.77344,13.125,14.41406,14.94141,15.29297,15.52734,15.52734,16.23047,16.58203,0.10376,0.083008,0.118408,0.114746,0.089111,0.098877,0.089111,0.087891,0.109863,0.091553,0.117188
2017-10-20T02:30:00Z,174.02344,177.1875,179.29688,178.94531,177.1875,179.29688,181.75781,180.70313,182.8125,181.05469,183.16406,183.51563,11.83594,9.72656,12.12891,12.59766,12.71484,13.71094,14.29688,14.64844,15.35156,15.70313,15.87891,16.40625,16.64063,0.100098,0.102539,0.090332,0.107422,0.091553,0.093994,0.085449,0.083008,0.107422,0.097656,0.106201
2017-10-20T02:40:00Z,175.42969,175.42969,178.94531,182.10938,181.05469,180.0,182.10938,181.05469,184.21875,184.21875,184.92188,185.625,12.42188,9.72656,12.1875,13.35938,12.48047,13.47656,13.71094,14.41406,15.76172,16.34766,16.875,16.81641,16.64063,0.109863,0.098877,0.092773,0.089111,0.124512,0.107422,0.102539,0.113525,0.109863,0.128174,0.129395
2017-10-20T02:50:00Z,180.70313,183.86719,187.38281,183.86719,184.57031,184.21875,188.78906,186.32813,188.4375,188.08594,198.28125,199.33594,13.41797,10.72266,13.65234,14.23828,14.41406,14.47266,15.17578,15.46875,15.99609,16.81641,17.51953,18.28125,18.86719,0.124512,0.107422,0.123291,0.111084,0.109863,0.097656,0.098877,0.085449,0.108643,0.119629,0.137939
2017-10-20T03:00:00Z,181.75781,183.51563,186.32813,184.21875,186.67969,185.625,185.97656,184.57031,189.49219,195.11719,198.98438,203.55469,13.71094,11.25,13.94531,14.35547,14.12109,14.94141,15.58594,16.05469,17.10938,16.93359,17.63672,19.16016,20.03906,0.13916,0.115967,0.151367,0.107422,0.096436,0.106201,0.095215,0.114746,0.102539,0.128174,0.109863
2017-10-20T03:10:00Z,187.03125,192.30469,189.84375,189.84375,193.00781,192.30469,191.95313,192.65625,194.41406,190.54688,196.875,193.71094,15.05859,11.54297,14.17969,14.88281,14.47266,15.35156,15.70313,16.17188,16.17188,17.05078,16.99219,17.51953,17.63672,0.144043,0.118408,0.147705,0.13916,0.117188,0.081787,0.106201,0.102539,0.089111,0.119629,0.093994
2017-10-20T03:20:00Z,186.67969,187.38281,188.78906,188.78906,187.38281,190.54688,190.54688,191.60156,192.65625,191.60156,191.95313,198.28125,14.00391,11.19141,13.76953,14.41406,14.12109,15.11719,15.76172,15.52734,16.11328,16.23047,16.93359,17.69531,17.69531,0.151367,0.130615,0.142822,0.151367,0.115967,0.107422,0.097656,0.106201,0.118408,0.083008,0.108643
2017-10-20T03:30:00Z,187.38281,186.67969,190.89844,191.60156,188.08594,192.65625,193.00781,191.95313,191.60156,196.17188,193.71094,192.65625,15.29297,11.36719,14.00391,14.58984,14.35547,15.11719,15.17578,15.35156,15.46875,16.40625,16.28906,16.64063,16.64063,0.163574,0.147705,0.151367,0.134277,0.133057,0.12207,0.092773,0.12207,0.117188,0.095215,0.111084
2017-10-20T03:40:00Z,192.65625,196.17188,196.875,198.63281,195.46875,194.41406,195.82031,196.875,195.11719,198.28125,195.82031,193.35938,15.76172,12.36328,15.52734,15.29297,15.9375,16.23047,16.11328,16.75781,17.34375,18.04688,17.57813,17.28516,18.10547,0.153809,0.13916,0.131836,0.124512,0.147705,0.125732,0.133057,0.147705,0.117188,0.142822,0.133057
2017-10-20T03:50:00Z,192.30469,193.71094,194.76563,196.875,196.17188,197.57813,193.35938,198.28125,193.71094,196.875,200.03906,192.65625,15.11719,11.71875,15.05859,15.41016,15.0,15.52734,15.82031,16.40625,16.93359,17.05078,16.52344,17.16797,17.69531,0.12085,0.119629,0.124512,0.134277,0.117188,0.087891,0.087891,0.147705,0.135498,0.124512,0.10376
2017-10-20T04:00:00Z,188.4375,190.89844,193.00781,193.00781,194.41406,197.92969,192.30469,193.00781,194.41406,192.30469,196.52344,195.82031,14.94141,11.77734,14.64844,15.05859,15.0,15.41016,15.70313,16.17188,16.75781,16.93359,17.63672,18.33984,18.39844,0.168457,0.129395,0.111084,0.10376,0.119629,0.100098,0.117188,0.175781,0.123291,0.12207,0.135498
2017-10-20T04:10:00Z,193.00781,196.17188,196.17188,199.33594,195.11719,195.46875,194.76563,196.17188,195.11719,195.11719,195.82031,199.6875,13.59375,10.95703,13.125,14.00391,13.88672,14.23828,14.70703,15.17578,15.52734,15.64453,15.70313,16.17188,16.64063,0.166016,0.119629,0.141602,0.162354,0.135498,0.113525,0.137939,0.144043,0.148926,0.129395,0.131836
2017-10-20T04:20:00Z,188.78906,193.35938,193.00781,192.65625,189.49219,189.49219,190.89844,190.54688,195.82031,191.60156,192.30469,191.95313,13.53516,10.72266,12.89063,13.00781,14.00391,13.24219,14.0625,14.94141,15.52734,15.23438,15.70313,16.64063,17.51953,0.118408,0.098877,0.129395,0.144043,0.114746,0.090332,0.128174,0.098877,0.140381,0.125732,0.128174
2017-10-20T04:30:00Z,191.60156,195.82031,197.92969,196.875,193.71094,194.76563,196.17188,194.76563,199.33594,197.92969,198.98438,199.33594,16.64063,12.59766,15.58594,15.70313,15.99609,16.11328,16.69922,17.51953,17.87109,17.87109,18.28125,19.80469,20.09766,0.197754,0.170898,0.166016,0.168457,0.159912,0.141602,0.167236,0.123291,0.129395,0.153809,0.124512
2017-10-20T04:40:00Z,199.6875,204.25781,203.90625,203.90625,204.25781,204.60938,203.20313,206.01563,205.3125,205.3125,204.60938,204.25781,18.10547,13.59375,16.81641,17.75391,17.51953,18.10547,18.45703,18.28125,18.45703,18.51563,18.75,18.63281,18.86719,0.195313,0.166016,0.15625,0.145264,0.126953,0.109863,0.123291,0.141602,0.158691,0.147705,0.146484
2017-10-20T05:00:00Z,199.6875,205.66406,201.44531,202.85156,203.55469,201.09375,205.3125,202.85156,203.90625,203.20313,206.71875,209.17969,16.58203,12.53906,15.46875,15.70313,16.46484,16.58203,16.58203,17.8125,17.57813,17.87109,17.92969,18.45703,18.04688,0.137939,0.124512,0.146484,0.146484,0.13916,0.178223,0.145264,0.10376,0.135498,0.106201,0.151367
2017-10-20T05:20:00Z,201.09375,202.5,201.44531,202.5,206.36719,204.25781,203.55469,207.42188,206.71875,206.01563,205.66406,208.125,14.47266,11.77734,14.53125,14.53125,14.58984,14.88281,15.17578,15.64453,15.99609,15.82031,15.99609,16.40625,16.64063,0.13916,0.144043,0.124512,0.114746,0.092773,0.125732,0.098877,0.135498,0.146484,0.12207,0.136719
2017-10-20T05:30:00Z,195.11719,196.875,199.33594,201.09375,197.92969,198.63281,199.6875,199.6875,195.46875,204.60938,209.88281,205.66406,12.53906,10.07813,12.01172,12.1875,12.30469,12.94922,13.18359,13.30078,13.30078,13.71094,14.29688,14.47266,13.82813,0.179443,0.159912,0.13916,0.129395,0.112305,0.141602,0.153809,0.137939,0.126953,0.10498,0.13916
2017-10-20T05:40:00Z,191.60156,193.35938,195.82031,193.35938,196.17188,195.82031,194.41406,199.6875,200.39063,204.25781,203.90625,203.90625,13.06641,10.19531,12.42188,13.125,12.59766,12.71484,13.06641,13.41797,14.0625,14.41406,14.82422,14.58984,15.58594,0.158691,0.183105,0.163574,0.142822,0.168457,0.142822,0.161133,0.162354,0.17334,0.169678,0.141602
2017-10-20T05:50:00Z,198.63281,201.44531,200.39063,202.85156,204.25781,203.55469,202.85156,206.71875,204.25781,208.47656,207.42188,205.66406,12.71484,9.90234,12.12891,12.1875,12.36328,12.36328,12.83203,12.94922,13.125,13.53516,14.00391,14.23828,14.0625,0.161133,0.180664,0.128174,0.159912,0.145264,0.090332,0.133057,0.144043,0.125732,0.136719,0.130615
2017-10-20T06:00:00Z,201.09375,207.07031,203.90625,207.77344,206.36719,202.5,206.01563,209.17969,206.01563,204.25781,210.9375,211.99219,13.24219,10.54688,12.65625,12.71484,12.89063,12.89063,12.94922,13.59375,13.65234,13.82813,14.41406,14.41406,14.12109,0.141602,0.134277,0.128174,0.115967,0.17334,0.119629,0.147705,0.145264,0.126953,0.130615,0.119629
2017-10-20T06:10:00Z,206.01563,210.9375,210.58594,210.9375,209.53125,207.07031,211.28906,207.42188,210.9375,208.125,209.53125,213.04688,14.58984,11.01563,13.47656,13.65234,14.23828,14.0625,14.58984,15.17578,14.88281,14.82422,15.05859,15.29297,16.05469,0.155029,0.135498,0.123291,0.130615,0.161133,0.140381,0.119629,0.157471,0.133057,0.142822,0.150146
2017-10-20T06:20:00Z,207.07031,206.71875,209.88281,211.28906,211.64063,212.34375,209.88281,210.9375,212.69531,211.28906,213.04688,214.45313,14.41406,11.71875,14.88281,14.88281,14.53125,14.58984,14.53125,15.52734,15.23438,15.76172,15.52734,15.82031,15.29297,0.124512,0.141602,0.141602,0.163574,0.141602,0.125732,0.12085,0.115967,0.140381,0.096436,0.130615
2017-10-20T06:30:00Z,207.77344,210.58594,209.17969,211.99219,209.17969,213.75,214.10156,211.28906,211.28906,213.39844,217.26563,213.39844,15.99609,12.01172,15.05859,15.17578,14.82422,15.58594,15.41016,15.29297,15.41016,16.52344,16.28906,15.82031,15.87891,0.119629,0.123291,0.15625,0.158691,0.145264,0.114746,0.163574,0.129395,0.135498,0.166016,0.137939
2017-10-20T06:40:00Z,208.47656,211.28906,213.39844,210.58594,215.50781,209.17969,210.58594,209.17969,208.47656,211.99219,213.75,207.42188,15.35156,11.71875,15.0,15.23438,15.0,15.11719,15.0,15.29297,15.82031,16.58203,16.52344,16.28906,16.69922,0.137939,0.170898,0.137939,0.155029,0.145264,0.126953,0.145264,0.13916,0.109863,0.117188,0.148926
2017-10-20T06:50:00Z,203.90625,207.77344,203.20313,207.77344,210.23438,211.28906,206.36719,210.9375,208.82813,211.28906,207.42188,210.9375,14.35547,11.30859,13.94531,14.70703,14.23828,14.64844,14.88281,15.17578,15.41016,15.11719,15.52734,16.05469,16.40625,0.158691,0.130615,0.131836,0.12085,0.124512,0.158691,0.12207,0.175781,0.13916,0.12207,0.112305
2017-10-20T07:00:00Z,205.3125,211.64063,206.71875,208.47656,209.88281,206.01563,209.53125,206.36719,210.9375,207.42188,207.42188,211.28906,15.29297,12.30469,15.23438,15.70313,15.82031,15.76172,16.17188,16.34766,16.46484,16.23047,16.28906,16.46484,16.52344,0.124512,0.12085,0.135498,0.181885,0.174561,0.106201,0.158691,0.159912,0.125732,0.134277,0.084229
2017-10-20T07:10:00Z,203.90625,204.60938,207.42188,207.42188,209.88281,212.34375,206.01563,209.17969,207.07031,207.07031,209.17969,212.69531,15.58594,12.24609,15.11719,15.82031,15.41016,16.23047,15.99609,15.58594,16.28906,16.64063,16.99219,16.93359,16.99219,0.167236,0.181885,0.168457,0.146484,0.135498,0.141602,0.124512,0.135498,0.133057,0.130615,0.124512
2017-10-20T07:20:00Z,203.55469,206.36719,208.125,210.58594,206.36719,206.01563,210.58594,202.85156,205.3125,206.71875,208.125,209.17969,16.11328,12.65625,15.99609,16.11328,16.34766,17.51953,17.57813,17.22656,17.28516,17.98828,18.16406,18.16406,18.39844,0.15625,0.146484,0.129395,0.119629,0.136719,0.164795,0.17334,0.157471,0.142822,0.12207,0.163574
2017-10-20T07:30:00Z,203.90625,202.5,206.01563,210.58594,205.66406,205.3125,208.82813,204.96094,211.99219,209.17969,205.3125,206.36719,16.05469,12.77344,15.70313,16.46484,16.11328,16.69922,16.99219,17.51953,17.92969,17.16797,16.81641,17.22656,18.28125,0.150146,0.158691,0.169678,0.145264,0.148926,0.163574,0.142822,0.159912,0.158691,0.126953,0.141602
2017-10-20T07:50:00Z,195.11719,197.92969,199.33594,199.33594,196.875,197.92969,201.79688,201.09375,200.74219,201.79688,201.09375,200.03906,16.875,12.94922,15.64453,16.52344,16.46484,17.57813,17.51953,17.34375,17.28516,17.57813,18.10547,18.04688,17.69531,0.113525,0.163574,0.125732,0.142822,0.112305,0.115967,0.158691,0.117188,0.118408,0.106201,0.137939
2017-10-20T08:00:00Z,193.00781,195.46875,196.52344,193.71094,195.46875,198.28125,201.79688,198.98438,193.00781,196.52344,203.20313,196.875,16.40625,12.77344,16.28906,16.875,16.28906,17.46094,17.10938,17.05078,17.05078,17.98828,18.69141,18.16406,17.46094,0.155029,0.162354,0.168457,0.146484,0.123291,0.134277,0.168457,0.146484,0.157471,0.126953,0.137939
2017-10-20T08:10:00Z,190.54688,196.17188,192.30469,193.71094,194.41406,194.76563,193.71094,196.52344,194.76563,195.82031,196.17188,194.0625,16.34766,13.125,15.9375,16.58203,16.46484,16.93359,17.28516,17.63672,17.69531,17.28516,17.51953,17.51953,17.75391,0.170898,0.129395,0.162354,0.13916,0.142822,0.124512,0.124512,0.151367,0.135498,0.114746,0.161133
2017-10-20T08:20:00Z,189.84375,189.49219,192.30469,192.65625,194.76563,191.60156,194.41406,193.00781,191.95313,197.57813,194.76563,196.52344,17.57813,13.59375,16.58203,16.99219,16.52344,17.8125,18.33984,18.28125,18.28125,18.98438,18.86719,18.51563,18.63281,0.144043,0.145264,0.111084,0.117188,0.130615,0.102539,0.13916,0.144043,0.106201,0.100098,0.118408
2017-10-20T08:30:00Z,189.49219,191.60156,191.25,192.30469,192.65625,195.82031,194.41406,193.00781,193.35938,193.35938,196.875,196.875,17.10938,13.53516,16.40625,16.58203,16.64063,17.34375,18.10547,18.22266,18.45703,18.39844,19.21875,19.51172,18.75,0.179443,0.166016,0.10498,0.136719,0.142822,0.129395,0.151367,0.135498,0.128174,0.115967,0.137939
2017-10-20T08:40:00Z,188.4375,191.60156,194.41406,190.19531,194.0625,190.19531,190.89844,190.89844,190.89844,195.11719,194.41406,190.54688,18.10547,14.0625,17.34375,17.92969,17.8125,17.40234,17.87109,18.39844,19.10156,19.10156,18.80859,18.51563,18.39844,0.13916,0.167236,0.12207,0.144043,0.109863,0.13916,0.131836,0.137939,0.111084,0.130615,0.111084
2017-10-20T08:50:00Z,185.625,190.54688,189.49219,188.78906,189.49219,189.49219,189.49219,192.30469,189.14063,189.84375,189.84375,193.00781,17.69531,13.94531,16.58203,17.28516,17.16797,17.87109,18.10547,18.22266,17.92969,18.04688,18.22266,18.63281,18.98438,0.137939,0.137939,0.134277,0.142822,0.108643,0.118408,0.164795,0.12207,0.13916,0.106201,0.098877
2017-10-20T09:00:00Z,185.625,188.4375,188.08594,187.03125,190.89844,191.25,187.03125,191.25,189.84375,190.54688,190.89844,189.49219,18.10547,14.35547,17.57813,17.46094,17.98828,18.04688,18.45703,18.80859,18.86719,18.86719,19.27734,19.16016,19.74609,0.140381,0.162354,0.124512,0.144043,0.141602,0.142822,0.118408,0.12085,0.131836,0.123291,0.108643
2017-10-20T09:10:00Z,184.92188,190.89844,186.67969,185.27344,188.4375,193.00781,189.14063,190.19531,188.78906,191.95313,190.54688,193.00781,18.33984,14.47266,17.8125,18.28125,18.75,18.69141,18.92578,18.16406,19.16016,19.80469,20.09766,20.15625,20.09766,0.131836,0.119629,0.144043,0.135498,0.161133,0.157471,0.141602,0.109863,0.145264,0.109863,0.113525
2017-10-20T09:20:00Z,188.08594,189.49219,190.89844,194.0625,194.0625,190.89844,189.84375,191.60156,192.65625,195.46875,189.84375,193.35938,18.04688,14.12109,17.51953,17.57813,17.75391,17.63672,17.87109,18.57422,19.04297,18.75,18.86719,18.98438,19.86328,0.151367,0.13916,0.117188,0.124512,0.137939,0.136719,0.12207,0.124512,0.113525,0.128174,0.119629
2017-10-20T09:30:00Z,188.4375,190.89844,189.84375,196.17188,192.65625,191.95313,191.95313,193.00781,195.11719,192.30469,194.0625,196.875,18.92578,14.64844,17.57813,18.45703,17.69531,19.10156,19.16016,19.27734,19.51172,18.86719,19.39453,20.15625,21.09375,0.145264,0.130615,0.166016,0.133057,0.161133,0.181885,0.136719,0.166016,0.130615,0.098877,0.129395
2017-10-20T10:20:00Z,191.95313,195.46875,191.60156,197.92969,194.76563,196.875,200.39063,195.82031,193.00781,195.82031,197.22656,203.20313,19.51172,14.64844,17.69531,18.16406,18.33984,19.21875,19.62891,19.21875,19.6875,20.50781,21.32813,20.50781,21.32813,0.141602,0.117188,0.158691,0.157471,0.175781,0.161133,0.158691,0.158691,0.109863,0.109863,0.113525
2017-10-20T10:40:00Z,190.19531,194.41406,197.22656,194.41406,196.17188,195.46875,195.11719,198.28125,200.03906,200.03906,196.52344,197.57813,18.22266,14.47266,18.22266,19.04297,18.33984,19.10156,19.27734,19.80469,20.625,20.15625,20.15625,21.15234,21.62109,0.136719,0.151367,0.117188,0.146484,0.146484,0.137939,0.144043,0.124512,0.142822,0.123291,0.117188
2017-10-20T11:10:00Z,200.39063,206.36719,209.53125,206.01563,209.17969,208.82813,207.42188,206.01563,207.77344,209.88281,212.69531,211.99219,16.99219,13.125,16.75781,16.69922,17.05078,16.52344,17.10938,17.22656,17.75391,17.8125,18.28125,17.87109,18.39844,0.152588,0.128174,0.146484,0.158691,0.140381,0.136719,0.175781,0.151367,0.125732,0.112305,0.113525
2017-10-20T11:30:00Z,230.27344,236.60156,236.25,238.00781,232.73438,235.54688,235.19531,235.89844,234.49219,236.25,240.82031,241.52344,17.63672,12.94922,16.69922,16.75781,16.93359,17.46094,17.8125,17.87109,17.16797,18.04688,19.21875,19.10156,18.10547,0.177002,0.170898,0.136719,0.137939,0.12207,0.136719,0.168457,0.153809,0.134277,0.125732,0.146484
2017-10-20T11:40:00Z,228.51563,231.67969,231.67969,229.21875,235.19531,233.78906,228.16406,230.97656,233.08594,232.73438,235.19531,236.60156,16.75781,13.35938,17.16797,16.58203,17.10938,16.58203,16.93359,17.75391,18.69141,18.51563,18.86719,19.04297,18.57422,0.148926,0.137939,0.118408,0.134277,0.174561,0.17334,0.136719,0.124512,0.126953,0.135498,0.135498
2017-10-20T11:50:00Z,232.73438,239.41406,236.95313,238.00781,232.73438,230.625,236.25,240.46875,236.60156,233.78906,236.60156,239.76563,18.45703,13.88672,17.16797,16.64063,17.98828,17.46094,18.57422,19.27734,18.51563,17.75391,18.69141,19.74609,20.56641,0.187988,0.130615,0.163574,0.164795,0.152588,0.124512,0.144043,0.148926,0.134277,0.114746,0.12207
2017-10-20T12:00:00Z,233.08594,236.95313,239.76563,230.625,234.14063,238.35938,240.46875,239.41406,241.17188,243.28125,238.00781,238.35938,18.22266,12.48047,16.11328,16.11328,16.34766,16.05469,16.46484,16.99219,17.34375,17.40234,17.22656,17.87109,18.10547,0.200195,0.184326,0.235596,0.17334,0.202637,0.184326,0.13916,0.147705,0.158691,0.140381,0.144043
2017-10-20T12:10:00Z,232.73438,234.84375,239.76563,233.08594,236.60156,236.25,238.00781,236.25,239.76563,241.875,239.0625,238.00781,15.23438,12.48047,15.29297,15.76172,16.11328,16.05469,16.81641,17.28516,18.10547,17.75391,18.04688,18.22266,19.27734,0.141602,0.133057,0.157471,0.177002,0.145264,0.145264,0.140381,0.131836,0.118408,0.145264,0.125732
2017-10-20T12:50:00Z,230.27344,233.4375,241.17188,230.625,236.95313,233.78906,236.95313,237.30469,237.30469,241.52344,235.89844,236.60156,18.04688,13.82813,17.69531,17.75391,18.28125,17.87109,18.33984,18.98438,19.04297,19.27734,18.33984,19.33594,19.39453,0.131836,0.129395,0.137939,0.137939,0.13916,0.12207,0.15625,0.12207,0.126953,0.12085,0.114746
2017-10-20T13:30:00Z,234.49219,237.30469,240.46875,243.63281,240.82031,239.76563,241.17188,237.30469,238.35938,242.22656,241.52344,240.46875,18.69141,14.35547,17.98828,18.57422,18.33984,19.10156,19.10156,19.62891,20.15625,20.44922,19.62891,19.92188,20.39063,0.128174,0.068359,0.12085,0.100098,0.112305,0.068359,0.093994,0.10498,0.075684,0.085449,0.102539
2017-10-20T13:40:00Z,235.89844,240.11719,238.00781,238.35938,239.0625,241.52344,240.46875,240.11719,244.33594,241.52344,242.22656,240.11719,18.22266,14.12109,17.57813,18.22266,18.10547,18.16406,18.92578,18.98438,19.04297,19.27734,18.80859,19.39453,19.80469,0.126953,0.109863,0.102539,0.106201,0.098877,0.092773,0.111084,0.098877,0.084229,0.092773,0.08667
2017-10-20T13:50:00Z,233.08594,235.89844,241.52344,236.25,236.25,238.00781,235.19531,240.82031,239.76563,239.76563,240.46875,240.11719,18.98438,14.58984,18.75,18.86719,19.33594,18.80859,19.39453,20.39063,20.15625,19.86328,20.27344,19.39453,19.86328,0.100098,0.092773,0.096436,0.08667,0.126953,0.097656,0.10376,0.072021,0.100098,0.101318,0.101318
2017-10-20T14:00:00Z,233.78906,234.14063,238.00781,229.21875,234.84375,237.65625,235.19531,238.71094,235.54688,237.30469,241.17188,240.11719,19.80469,14.53125,18.69141,18.80859,19.16016,19.45313,19.57031,19.74609,19.74609,19.86328,20.44922,20.03906,20.15625,0.123291,0.115967,0.092773,0.083008,0.101318,0.092773,0.093994,0.095215,0.080566,0.091553,0.100098
2017-10-20T14:10:00Z,233.4375,239.0625,238.35938,237.30469,236.25,236.95313,239.41406,240.11719,239.41406,239.0625,238.71094,238.00781,17.98828,14.53125,17.75391,18.10547,18.69141,18.80859,19.74609,19.33594,19.04297,19.51172,19.74609,19.6875,19.92188,0.117188,0.115967,0.112305,0.101318,0.087891,0.113525,0.112305,0.093994,0.10498,0.081787,0.076904
2017-10-20T14:20:00Z,233.4375,239.0625,241.17188,235.19531,240.46875,235.54688,239.0625,234.14063,237.65625,240.11719,241.17188,242.22656,17.46094,14.0625,16.99219,17.57813,18.10547,17.57813,18.10547,18.28125,19.10156,19.04297,19.10156,19.39453,19.57031,0.106201,0.129395,0.124512,0.118408,0.115967,0.118408,0.12207,0.112305,0.087891,0.072021,0.083008
2017-10-20T14:30:00Z,233.4375,239.76563,239.41406,239.41406,236.95313,232.38281,239.76563,238.71094,240.82031,241.17188,240.46875,239.76563,17.8125,14.0625,17.57813,17.98828,17.98828,18.80859,19.45313,19.10156,18.80859,19.21875,19.33594,19.45313,19.39453,0.15625,0.131836,0.118408,0.115967,0.095215,0.114746,0.133057,0.109863,0.089111,0.111084,0.102539
2017-10-20T14:40:00Z,235.19531,242.57813,238.71094,238.35938,241.17188,239.41406,238.71094,238.35938,242.57813,242.57813,243.63281,242.57813,16.93359,13.59375,17.10938,17.10938,17.57813,17.16797,17.75391,18.04688,18.39844,18.80859,18.45703,18.33984,18.86719,0.125732,0.12085,0.126953,0.12207,0.126953,0.126953,0.106201,0.087891,0.079346,0.141602,0.10498
2017-10-20T14:50:00Z,236.95313,240.46875,242.22656,241.52344,242.22656,245.74219,242.92969,248.55469,242.22656,242.57813,249.60938,245.39063,18.04688,13.94531,18.10547,17.75391,17.51953,17.87109,18.22266,18.45703,18.69141,18.75,19.04297,19.16016,19.21875,0.123291,0.108643,0.142822,0.111084,0.10498,0.113525,0.118408,0.15625,0.106201,0.089111,0.097656
2017-10-20T15:00:00Z,238.71094,245.03906,242.92969,241.52344,246.09375,241.17188,244.33594,241.52344,243.63281,243.98438,243.63281,241.52344,17.22656,13.30078,16.17188,16.23047,16.99219,16.64063,17.51953,17.63672,17.75391,18.28125,18.39844,18.45703,18.69141,0.161133,0.12207,0.125732,0.129395,0.117188,0.089111,0.090332,0.084229,0.097656,0.113525,0.095215
2017-10-20T15:10:00Z,240.82031,245.74219,242.22656,245.39063,242.92969,245.39063,246.44531,245.03906,246.44531,242.22656,245.74219,246.44531,17.40234,13.76953,16.69922,17.28516,17.22656,17.69531,18.28125,17.92969,18.10547,18.51563,19.04297,18.98438,18.69141,0.126953,0.100098,0.112305,0.085449,0.101318,0.124512,0.12085,0.106201,0.093994,0.093994,0.114746
2017-10-20T15:20:00Z,242.22656,245.39063,245.03906,249.96094,243.28125,244.6875,248.20313,243.98438,246.44531,247.5,246.09375,241.52344,16.69922,13.18359,16.40625,16.69922,16.93359,16.69922,17.51953,17.51953,17.69531,18.22266,17.98828,18.75,19.27734,0.101318,0.114746,0.135498,0.131836,0.124512,0.115967,0.17334,0.102539,0.107422,0.091553,0.118408
2017-10-20T15:30:00Z,242.92969,245.74219,245.39063,245.39063,243.28125,246.44531,247.5,247.85156,245.03906,246.44531,246.44531,249.96094,17.10938,13.18359,16.17188,16.52344,16.28906,16.58203,17.16797,17.22656,17.34375,17.8125,18.39844,18.28125,18.16406,0.098877,0.118408,0.131836,0.141602,0.141602,0.134277,0.095215,0.111084,0.08667,0.140381,0.151367
2017-10-20T15:40:00Z,244.33594,246.44531,245.74219,242.22656,244.6875,253.47656,247.5,247.14844,247.5,248.20313,258.75,253.82813,17.69531,13.35938,16.46484,16.75781,16.875,18.10547,18.28125,18.04688,18.10547,17.92969,18.51563,18.39844,18.10547,0.126953,0.140381,0.124512,0.12207,0.142822,0.129395,0.131836,0.108643,0.164795,0.097656,0.123291
2017-10-20T15:50:00Z,241.875,246.09375,247.85156,241.52344,243.63281,242.22656,245.39063,246.79688,248.90625,245.74219,243.98438,248.20313,18.04688,13.76953,17.05078,17.57813,17.10938,17.92969,18.63281,18.57422,18.51563,18.51563,18.51563,19.6875,19.33594,0.109863,0.131836,0.113525,0.124512,0.098877,0.12085,0.113525,0.123291,0.133057,0.106201,0.133057
2017-10-20T16:00:00Z,238.35938,239.41406,240.46875,239.41406,241.875,242.57813,242.22656,247.5,241.875,243.98438,245.74219,248.20313,17.75391,13.94531,16.99219,18.04688,17.16797,18.39844,18.39844,18.33984,17.98828,18.39844,19.45313,19.10156,19.92188,0.157471,0.145264,0.124512,0.114746,0.133057,0.111084,0.141602,0.111084,0.12207,0.117188,0.109863
2017-10-20T16:10:00Z,240.11719,246.09375,239.41406,244.33594,239.76563,242.92969,246.44531,247.85156,239.41406,240.46875,246.79688,246.44531,18.28125,14.17969,16.58203,17.69531,17.22656,18.75,19.39453,18.75,18.57422,19.21875,19.98047,19.92188,19.6875,0.125732,0.12085,0.140381,0.115967,0.115967,0.130615,0.123291,0.109863,0.111084,0.085449,0.083008
2017-10-20T16:20:00Z,236.25,240.46875,244.6875,243.98438,236.60156,240.46875,244.33594,238.71094,241.52344,245.03906,241.875,242.22656,17.22656,13.76953,16.99219,17.51953,17.40234,17.34375,18.75,18.75,18.63281,18.92578,18.86719,19.16016,19.57031,0.093994,0.113525,0.147705,0.13916,0.12085,0.117188,0.10376,0.140381,0.124512,0.135498,0.113525
2017-10-20T16:30:00Z,234.84375,239.0625,238.35938,237.30469,241.875,240.11719,234.84375,241.17188,243.98438,242.92969,238.35938,238.35938,17.87109,13.71094,17.75391,17.63672,18.10547,17.92969,17.98828,18.51563,19.21875,18.75,17.87109,17.98828,18.75,0.133057,0.10376,0.12207,0.090332,0.100098,0.111084,0.133057,0.107422,0.10376,0.084229,0.102539
2017-10-20T16:40:00Z,238.35938,236.60156,243.63281,240.46875,245.39063,240.82031,242.57813,240.11719,242.57813,241.17188,243.28125,241.875,16.34766,13.35938,17.05078,17.22656,16.75781,17.57813,17.40234,18.22266,18.10547,18.69141,18.16406,18.39844,18.33984,0.157471,0.126953,0.133057,0.114746,0.098877,0.137939,0.128174,0.097656,0.097656,0.12207,0.101318
2017-10-20T16:50:00Z,239.76563,240.82031,244.33594,238.00781,248.20313,242.92969,243.63281,243.28125,246.44531,245.74219,246.44531,246.79688,17.10938,13.41797,17.34375,17.05078,17.46094,17.51953,17.22656,17.75391,18.22266,18.92578,18.39844,18.16406,18.22266,0.106201,0.115967,0.124512,0.142822,0.145264,0.130615,0.125732,0.098877,0.101318,0.098877,0.114746
2017-10-20T17:00:00Z,239.0625,246.09375,241.52344,240.82031,242.22656,240.82031,243.28125,244.33594,245.03906,242.92969,245.74219,243.98438,17.22656,12.77344,16.75781,16.34766,17.05078,17.46094,17.34375,18.28125,18.63281,18.45703,17.98828,17.63672,18.16406,0.129395,0.10498,0.125732,0.140381,0.147705,0.111084,0.161133,0.140381,0.117188,0.130615,0.129395
2017-10-20T17:10:00Z,239.76563,243.63281,241.17188,244.6875,246.09375,241.875,242.92969,242.57813,243.98438,244.6875,245.39063,243.28125,17.16797,13.30078,15.99609,17.46094,16.17188,18.10547,18.22266,17.63672,17.75391,18.28125,18.98438,18.57422,18.39844,0.115967,0.114746,0.119629,0.109863,0.129395,0.131836,0.119629,0.125732,0.125732,0.100098,0.107422
2017-10-20T17:20:00Z,238.35938,245.74219,243.98438,245.74219,239.41406,241.52344,247.14844,239.0625,241.52344,245.03906,247.5,242.57813,16.875,13.24219,16.23047,16.93359,16.58203,17.40234,17.46094,17.57813,18.22266,18.22266,17.63672,18.45703,18.69141,0.124512,0.155029,0.180664,0.148926,0.12085,0.123291,0.130615,0.146484,0.12207,0.135498,0.118408
2017-10-20T17:30:00Z,240.11719,244.6875,246.44531,245.03906,242.92969,242.22656,244.6875,247.14844,246.09375,246.44531,243.28125,246.09375,18.28125,14.41406,18.33984,17.87109,18.69141,18.28125,19.33594,19.33594,19.74609,19.6875,19.16016,19.04297,19.57031,0.181885,0.128174,0.13916,0.124512,0.147705,0.129395,0.10498,0.130615,0.095215,0.107422,0.097656
2017-10-20T17:40:00Z,239.41406,245.74219,243.28125,246.09375,244.6875,247.5,245.03906,242.92969,242.22656,243.98438,245.03906,245.74219,17.22656,13.88672,17.75391,17.69531,18.16406,18.16406,18.33984,18.45703,18.92578,19.39453,19.45313,19.45313,20.03906,0.131836,0.134277,0.159912,0.167236,0.131836,0.129395,0.146484,0.12085,0.146484,0.12085,0.119629
2017-10-20T17:50:00Z,239.76563,243.28125,242.57813,242.57813,244.33594,246.44531,244.33594,242.57813,246.44531,243.63281,246.09375,240.82031,18.16406,13.71094,17.98828,17.57813,17.75391,17.75391,18.16406,19.21875,18.92578,18.75,18.45703,18.28125,18.63281,0.117188,0.13916,0.118408,0.157471,0.129395,0.118408,0.131836,0.111084,0.126953,0.157471,0.142822
2017-10-20T18:00:00Z,240.82031,241.17188,243.63281,246.09375,246.09375,249.25781,246.09375,243.28125,244.6875,251.36719,245.03906,247.85156,17.22656,13.35938,17.05078,17.40234,16.93359,18.10547,17.8125,18.33984,19.04297,19.16016,18.75,19.04297,18.86719,0.189209,0.151367,0.151367,0.133057,0.166016,0.144043,0.13916,0.123291,0.137939,0.135498,0.12085
2017-10-20T18:10:00Z,242.57813,246.09375,244.6875,249.25781,244.6875,244.6875,244.33594,251.36719,246.44531,249.60938,247.5,247.5,16.75781,13.00781,16.34766,16.81641,16.875,17.28516,18.10547,18.63281,18.39844,18.33984,17.51953,18.57422,18.69141,0.155029,0.102539,0.180664,0.123291,0.111084,0.123291,0.131836,0.090332,0.135498,0.119629,0.10376
2017-10-20T18:20:00Z,242.57813,244.33594,251.01563,245.39063,246.09375,246.79688,245.39063,248.20313,247.5,248.55469,245.74219,247.85156,17.05078,13.06641,16.52344,16.875,16.64063,17.34375,17.63672,18.16406,18.75,18.80859,18.16406,18.33984,18.16406,0.15625,0.157471,0.111084,0.119629,0.159912,0.131836,0.109863,0.140381,0.091553,0.10498,0.084229
2017-10-20T18:30:00Z,240.82031,245.74219,245.03906,248.90625,242.92969,253.125,249.25781,246.09375,245.74219,243.28125,245.39063,245.74219,16.17188,12.65625,15.46875,16.11328,15.52734,16.99219,17.05078,16.875,17.05078,16.99219,17.69531,18.10547,17.63672,0.128174,0.145264,0.100098,0.174561,0.100098,0.145264,0.128174,0.129395,0.134277,0.148926,0.106201
2017-10-20T18:40:00Z,242.22656,241.875,247.5,245.39063,249.25781,248.20313,242.92969,246.44531,249.96094,247.14844,246.79688,243.98438,16.99219,12.83203,16.52344,16.875,16.46484,17.40234,17.40234,17.51953,17.92969,17.98828,17.92969,18.04688,17.98828,0.130615,0.131836,0.169678,0.111084,0.130615,0.148926,0.185547,0.168457,0.109863,0.144043,0.147705
2017-10-20T18:50:00Z,246.09375,247.14844,246.79688,247.14844,250.66406,248.90625,250.66406,248.55469,249.25781,249.60938,251.36719,251.01563,15.41016,12.30469,15.11719,16.05469,14.82422,16.34766,16.69922,16.23047,16.69922,16.99219,16.99219,16.93359,16.81641,0.148926,0.146484,0.141602,0.135498,0.130615,0.155029,0.12207,0.144043,0.141602,0.131836,0.158691
2017-10-20T19:00:00Z,246.09375,251.01563,250.66406,246.09375,248.20313,252.07031,247.5,245.74219,249.25781,250.3125,251.01563,251.01563,15.52734,12.30469,15.29297,16.23047,15.87891,16.40625,16.40625,16.75781,17.05078,17.57813,17.16797,16.875,16.69922,0.152588,0.107422,0.091553,0.148926,0.142822,0.134277,0.157471,0.136719,0.146484,0.124512,0.124512
2017-10-20T19:10:00Z,238.71094,244.6875,243.63281,241.17188,242.57813,241.17188,245.39063,241.875,239.76563,239.0625,246.79688,245.03906,15.35156,12.48047,15.76172,16.40625,15.87891,16.81641,16.75781,16.34766,16.28906,16.69922,17.40234,16.875,16.93359,0.131836,0.087891,0.152588,0.087891,0.111084,0.142822,0.097656,0.12085,0.128174,0.128174,0.108643
2017-10-20T19:20:00Z,237.65625,241.875,238.00781,243.63281,238.71094,240.46875,241.52344,246.09375,245.39063,241.875,243.98438,242.92969,15.87891,12.94922,15.9375,15.99609,17.10938,16.69922,17.75391,18.04688,17.57813,17.34375,17.22656,17.63672,18.16406,0.141602,0.125732,0.118408,0.136719,0.135498,0.119629,0.118408,0.137939,0.118408,0.106201,0.12207
2017-10-20T19:30:00Z,243.28125,245.03906,248.20313,249.60938,243.63281,249.60938,246.44531,249.25781,248.20313,244.33594,246.79688,251.71875,16.69922,12.77344,15.9375,16.05469,15.82031,16.69922,17.05078,17.16797,16.34766,15.99609,16.93359,17.69531,17.63672,0.119629,0.106201,0.134277,0.124512,0.141602,0.129395,0.131836,0.155029,0.137939,0.124512,0.133057
2017-10-20T19:40:00Z,245.39063,248.20313,255.23438,250.3125,248.55469,245.39063,248.55469,249.60938,250.66406,251.71875,250.3125,250.66406,16.69922,12.77344,16.34766,16.11328,16.93359,16.52344,16.69922,16.875,17.10938,17.46094,17.63672,17.46094,16.875,0.093994,0.112305,0.146484,0.13916,0.128174,0.135498,0.172119,0.111084,0.087891,0.148926,0.144043
2017-10-20T19:50:00Z,241.17188,249.25781,240.11719,247.14844,246.09375,247.5,246.79688,246.79688,243.63281,245.74219,246.79688,243.63281,16.05469,12.53906,16.23047,16.52344,17.05078,17.16797,16.93359,16.93359,17.05078,17.75391,17.57813,16.81641,16.875,0.108643,0.119629,0.137939,0.144043,0.12207,0.123291,0.133057,0.124512,0.130615,0.113525,0.148926
2017-10-20T20:00:00Z,243.28125,243.63281,246.79688,249.96094,248.55469,247.85156,248.90625,246.79688,248.55469,245.03906,248.90625,245.39063,15.41016,11.95313,14.53125,15.46875,14.88281,15.82031,16.28906,15.82031,16.23047,15.82031,15.82031,15.70313,16.17188,0.130615,0.152588,0.125732,0.114746,0.12207,0.125732,0.115967,0.108643,0.112305,0.102539,0.118408
2017-10-20T20:10:00Z,242.22656,246.09375,249.96094,248.55469,247.5,244.33594,246.44531,250.66406,246.44531,247.5,245.39063,245.03906,14.17969,11.19141,14.47266,14.76563,14.64844,14.94141,14.82422,15.23438,15.11719,15.11719,15.17578,15.17578,15.29297,0.109863,0.097656,0.12207,0.113525,0.118408,0.134277,0.136719,0.13916,0.113525,0.117188,0.136719
2017-10-20T20:20:00Z,243.63281,249.25781,250.3125,251.36719,252.07031,247.85156,249.60938,246.44531,247.14844,248.20313,247.85156,250.3125,14.12109,11.07422,13.59375,13.82813,13.94531,14.35547,14.64844,14.35547,14.58984,15.0,15.29297,15.11719,15.17578,0.163574,0.135498,0.114746,0.111084,0.108643,0.130615,0.098877,0.112305,0.093994,0.12207,0.125732
2017-10-20T20:30:00Z,244.33594,248.20313,248.55469,248.90625,251.36719,246.44531,251.01563,251.71875,250.66406,251.01563,246.79688,248.20313,15.0,11.30859,13.82813,14.29688,14.35547,14.58984,15.0,15.46875,15.17578,15.0,15.11719,15.70313,16.23047,0.140381,0.147705,0.155029,0.129395,0.108643,0.12085,0.101318,0.117188,0.119629,0.125732,0.115967
2017-10-20T20:40:00Z,243.63281,248.90625,249.60938,248.55469,249.25781,247.5,248.20313,249.60938,250.3125,245.74219,248.20313,247.14844,15.87891,12.30469,15.58594,15.82031,15.76172,16.11328,16.40625,16.52344,16.69922,16.34766,16.28906,16.81641,16.52344,0.10376,0.081787,0.097656,0.115967,0.10376,0.102539,0.108643,0.081787,0.126953,0.100098,0.112305
2017-10-20T20:50:00Z,248.90625,253.47656,253.125,252.42188,252.42188,250.3125,252.42188,253.125,252.42188,252.07031,251.36719,254.17969,15.70313,11.89453,15.0,15.11719,14.88281,15.46875,16.05469,15.87891,15.58594,15.46875,15.41016,15.99609,15.82031,0.112305,0.137939,0.142822,0.100098,0.100098,0.111084,0.147705,0.115967,0.10376,0.109863,0.125732
2017-10-20T21:00:00Z,249.25781,252.77344,253.47656,253.125,253.125,252.77344,252.77344,251.01563,252.42188,253.47656,253.47656,252.42188,15.64453,10.78125,13.35938,13.76953,13.82813,14.35547,14.29688,14.47266,14.88281,15.29297,15.11719,14.70703,14.88281,0.12207,0.137939,0.155029,0.128174,0.10498,0.123291,0.13916,0.092773,0.135498,0.114746,0.107422
2017-10-20T21:10:00Z,248.90625,253.125,252.42188,250.3125,252.42188,253.125,252.42188,248.90625,249.60938,249.60938,250.3125,253.47656,14.29688,10.72266,13.53516,14.29688,13.59375,14.0625,14.00391,13.88672,13.76953,14.00391,14.53125,14.41406,14.12109,0.111084,0.117188,0.109863,0.134277,0.12085,0.131836,0.097656,0.089111,0.107422,0.118408,0.10498
2017-10-20T21:20:00Z,250.3125,254.53125,254.17969,254.53125,255.58594,255.9375,253.82813,256.64063,256.64063,256.99219,255.58594,254.53125,13.94531,10.78125,13.06641,13.30078,13.35938,13.47656,13.71094,14.58984,14.17969,13.88672,13.94531,14.35547,14.58984,0.126953,0.106201,0.115967,0.124512,0.152588,0.129395,0.117188,0.113525,0.106201,0.102539,0.095215
2017-10-20T21:30:00Z,248.20313,255.58594,255.58594,251.01563,252.42188,254.17969,253.125,253.82813,254.17969,252.77344,252.77344,252.07031,12.59766,9.84375,12.77344,12.42188,13.00781,12.42188,12.94922,13.06641,13.47656,13.18359,13.00781,13.00781,13.24219,0.118408,0.15625,0.12207,0.129395,0.111084,0.108643,0.126953,0.108643,0.151367,0.125732,0.092773
2017-10-20T21:40:00Z,247.14844,250.66406,251.36719,251.36719,253.82813,254.53125,253.125,249.60938,251.71875,251.71875,250.66406,248.90625,11.77734,9.60938,11.42578,11.66016,11.77734,11.36719,11.77734,11.66016,11.77734,11.77734,11.95313,12.24609,12.48047,0.150146,0.152588,0.124512,0.137939,0.108643,0.107422,0.101318,0.13916,0.135498,0.090332,0.106201
2017-10-20T21:50:00Z,248.20313,254.17969,256.99219,252.07031,251.36719,251.71875,249.96094,253.125,253.82813,252.07031,251.36719,250.3125,11.60156,9.25781,11.07422,11.01563,11.36719,11.19141,11.60156,11.54297,11.71875,11.48438,11.36719,11.77734,11.71875,0.123291,0.112305,0.093994,0.100098,0.12085,0.091553,0.10498,0.114746,0.118408,0.112305,0.117188
2017-10-20T22:00:00Z,244.33594,245.39063,249.96094,246.09375,248.55469,246.44531,245.74219,249.25781,249.25781,249.25781,247.85156,246.79688,10.60547,8.26172,10.25391,10.37109,10.42969,10.25391,10.60547,10.72266,10.78125,10.78125,10.95703,10.83984,10.54688,0.090332,0.107422,0.12207,0.153809,0.113525,0.118408,0.124512,0.125732,0.111084,0.085449,0.101318
2017-10-20T22:10:00Z,241.17188,245.03906,247.14844,247.85156,246.09375,251.71875,247.5,245.03906,244.33594,248.20313,246.09375,245.03906,10.07813,7.85156,9.43359,9.55078,9.55078,10.07813,9.66797,9.55078,10.13672,10.3125,10.25391,10.07813,10.01953,0.131836,0.123291,0.157471,0.113525,0.084229,0.113525,0.123291,0.076904,0.126953,0.136719,0.107422
2017-10-20T22:20:00Z,240.46875,239.41406,242.92969,246.79688,246.09375,243.98438,246.09375,242.92969,241.875,244.6875,245.74219,243.98438,10.54688,7.67578,8.78906,9.25781,8.61328,9.375,9.66797,9.08203,9.25781,9.60938,9.90234,9.43359,9.43359,0.130615,0.135498,0.147705,0.12207,0.119629,0.129395,0.12207,0.119629,0.118408,0.092773,0.089111
2017-10-20T22:30:00Z,242.22656,246.44531,246.44531,245.74219,246.09375,247.5,241.52344,242.22656,243.28125,241.875,245.03906,245.74219,8.96484,7.26563,8.84766,8.84766,8.73047,8.96484,9.02344,9.14063,9.14063,9.25781,9.55078,9.31641,9.14063,0.141602,0.129395,0.093994,0.085449,0.159912,0.142822,0.089111,0.087891,0.093994,0.111084,0.106201
2017-10-20T22:40:00Z,232.73438,237.65625,235.19531,235.89844,237.30469,235.54688,236.25,234.14063,235.89844,234.49219,234.14063,235.19531,9.60938,7.5,8.90625,9.14063,9.08203,9.19922,9.43359,9.55078,9.60938,9.66797,9.84375,9.49219,9.55078,0.12085,0.125732,0.119629,0.162354,0.107422,0.114746,0.123291,0.113525,0.109863,0.106201,0.126953
2017-10-20T22:50:00Z,214.45313,218.67188,217.96875,219.02344,218.67188,223.24219,219.02344,220.07813,220.42969,221.48438,224.64844,223.94531,10.3125,7.91016,9.08203,9.55078,9.49219,9.60938,9.19922,9.25781,9.55078,9.96094,9.90234,9.72656,9.31641,0.134277,0.124512,0.131836,0.124512,0.170898,0.128174,0.113525,0.113525,0.109863,0.136719,0.12207
2017-10-20T23:00:00Z,213.75,215.15625,219.02344,218.32031,218.32031,219.02344,219.72656,220.07813,218.32031,218.67188,219.375,220.07813,11.01563,8.37891,9.90234,9.90234,10.07813,10.25391,10.42969,10.25391,10.37109,10.72266,10.60547,10.72266,10.66406,0.142822,0.119629,0.166016,0.118408,0.134277,0.124512,0.123291,0.097656,0.111084,0.111084,0.117188
2017-10-20T23:10:00Z,209.53125,216.5625,220.07813,214.10156,216.5625,212.34375,214.45313,216.21094,214.45313,215.85938,214.45313,216.91406,11.13281,8.67188,10.42969,10.07813,10.54688,10.37109,10.54688,10.66406,10.48828,10.66406,10.37109,10.83984,10.72266,0.13916,0.129395,0.148926,0.150146,0.126953,0.117188,0.118408,0.130615,0.137939,0.109863,0.112305
2017-10-20T23:20:00Z,214.10156,218.32031,216.91406,216.91406,219.375,219.375,217.61719,218.32031,215.85938,217.61719,219.375,220.78125,10.72266,8.61328,10.37109,10.25391,10.37109,10.60547,10.66406,10.48828,10.25391,10.60547,11.01563,11.13281,10.89844,0.162354,0.12207,0.187988,0.123291,0.142822,0.136719,0.155029,0.134277,0.128174,0.144043,0.142822
2017-10-20T23:30:00Z,214.45313,222.53906,219.72656,219.02344,221.83594,219.375,225.35156,220.78125,216.91406,220.42969,221.48438,219.72656,10.19531,7.5,9.25781,9.08203,9.43359,9.31641,9.55078,9.375,9.14063,9.66797,9.78516,9.66797,9.78516,0.10498,0.157471,0.175781,0.136719,0.12085,0.145264,0.152588,0.150146,0.124512,0.136719,0.125732
2017-10-20T23:40:00Z,212.69531,214.45313,216.5625,219.02344,215.50781,220.07813,219.375,216.21094,214.80469,219.375,216.21094,218.32031,11.25,8.55469,9.96094,10.42969,10.13672,10.3125,10.42969,10.19531,10.54688,10.89844,11.01563,11.13281,10.95703,0.15625,0.15625,0.159912,0.17334,0.174561,0.158691,0.137939,0.159912,0.117188,0.117188,0.155029
2017-10-20T23:50:00Z,212.34375,214.80469,216.5625,217.26563,215.15625,217.26563,216.21094,216.91406,217.61719,216.21094,221.48438,217.96875,12.48047,9.78516,11.19141,11.83594,11.54297,11.83594,12.24609,12.1875,12.30469,12.48047,12.42188,12.36328,12.36328,0.153809,0.13916,0.142822,0.133057,0.136719,0.141602,0.115967,0.140381,0.144043,0.124512,0.130615
