LOCATION: 
SYSTEM SERIAL: HKZB
TIMESTAMP (ISO-8601) UTC,WindDir004m deg,WindDir030m deg,WindDir040m deg,WindDir040m_ref deg,WindDir060m deg,WindDir080m deg,WindDir100m deg,WindDir120m deg,WindDir140m deg,WindDir160m deg,WindDir180m deg,WindDir200m deg,WindGust004m m/s,WindSpeed004m m/s,WindSpeed030mh m/s,WindSpeed040mh m/s,WindSpeed040m_refh m/s,WindSpeed060mh m/s,WindSpeed080mh m/s,WindSpeed100mh m/s,WindSpeed120mh m/s,WindSpeed140mh m/s,WindSpeed160mh m/s,WindSpeed180mh m/s,WindSpeed200mh m/s,TI 030m,TI 040m,TI 040m ref,TI 060m,TI 080m,TI 100m,TI 120m,TI 140m,TI 160m,TI 180m,TI 200m
2017-11-18T00:00:00Z,279.84375,281.60156,286.52344,282.30469,281.60156,282.30469,277.73438,279.84375,279.14063,278.08594,278.08594,279.84375,11.07422,8.84766,10.48828,10.3125,10.13672,10.13672,10.19531,10.48828,10.66406,10.83984,10.83984,10.66406,10.60547,0.187988,0.174561,0.162354,0.161133,0.17334,0.144043,0.163574,0.147705,0.145264,0.17334,0.179443
2017-11-18T00:10:00Z,275.27344,276.32813,278.4375,278.78906,277.73438,278.4375,274.57031,279.14063,272.10938,277.73438,274.21875,278.78906,11.71875,8.78906,10.60547,10.48828,10.42969,10.60547,10.42969,10.89844,10.66406,10.78125,10.95703,11.25,10.72266,0.179443,0.111084,0.209961,0.150146,0.131836,0.141602,0.123291,0.135498,0.123291,0.123291,0.133057
2017-11-18T00:20:00Z,274.21875,274.57031,279.14063,271.40625,275.27344,274.21875,275.27344,274.21875,277.73438,275.27344,274.92188,273.16406,12.48047,8.90625,10.42969,10.66406,10.66406,10.42969,10.60547,11.30859,11.48438,11.25,11.13281,11.13281,10.95703,0.162354,0.163574,0.167236,0.183105,0.17334,0.162354,0.189209,0.153809,0.179443,0.135498,0.151367
2017-11-18T00:30:00Z,270.35156,278.78906,279.49219,275.625,278.4375,279.49219,279.14063,280.54688,280.89844,279.84375,280.54688,279.84375,11.42578,8.67188,10.95703,11.07422,10.60547,11.36719,11.13281,11.19141,11.30859,11.30859,11.60156,12.01172,11.36719,0.137939,0.145264,0.194092,0.145264,0.158691,0.125732,0.15625,0.141602,0.135498,0.117188,0.142822
2017-11-18T00:40:00Z,274.92188,268.24219,266.13281,267.53906,264.375,264.375,265.42969,267.53906,265.42969,264.375,264.375,265.78125,12.36328,9.43359,10.83984,10.95703,11.25,11.36719,11.83594,11.83594,11.71875,11.60156,11.66016,11.66016,12.12891,0.145264,0.180664,0.126953,0.135498,0.153809,0.177002,0.133057,0.168457,0.212402,0.145264,0.161133
2017-11-18T00:50:00Z,260.15625,267.1875,271.40625,267.1875,268.59375,269.64844,275.625,273.86719,273.51563,265.07813,273.86719,271.05469,12.01172,9.02344,10.25391,10.60547,10.25391,10.54688,11.13281,10.83984,10.54688,10.48828,11.19141,11.42578,11.36719,0.206299,0.172119,0.135498,0.189209,0.150146,0.205078,0.146484,0.145264,0.152588,0.130615,0.150146
2017-11-18T01:00:00Z,264.72656,262.61719,268.59375,265.42969,260.85938,258.75,259.80469,265.42969,262.96875,264.375,269.29688,266.48438,12.12891,9.31641,11.48438,10.83984,11.60156,10.72266,11.25,11.95313,12.1875,12.01172,11.95313,11.83594,11.89453,0.10498,0.106201,0.13916,0.130615,0.151367,0.169678,0.150146,0.124512,0.12085,0.111084,0.134277
2017-11-18T01:10:00Z,259.45313,264.02344,265.07813,257.69531,259.45313,265.78125,261.5625,258.04688,263.32031,262.61719,264.375,261.21094,12.42188,9.90234,11.77734,11.83594,11.95313,12.01172,12.01172,12.42188,12.42188,12.48047,12.48047,12.24609,12.42188,0.147705,0.12085,0.161133,0.13916,0.168457,0.144043,0.147705,0.118408,0.13916,0.137939,0.13916
2017-11-18T01:20:00Z,256.64063,263.32031,262.26563,265.42969,265.78125,267.53906,267.53906,266.83594,265.42969,268.94531,271.05469,261.91406,14.12109,10.19531,11.66016,11.89453,11.89453,12.01172,12.24609,12.12891,12.59766,12.59766,12.12891,12.30469,12.65625,0.151367,0.111084,0.17334,0.134277,0.135498,0.146484,0.164795,0.155029,0.136719,0.113525,0.134277
2017-11-18T01:30:00Z,264.02344,267.89063,269.29688,266.83594,268.59375,266.48438,267.53906,269.64844,270.70313,268.94531,267.1875,270.0,14.41406,10.83984,12.36328,12.07031,12.42188,11.89453,12.59766,12.65625,12.59766,12.53906,12.48047,12.48047,12.42188,0.175781,0.181885,0.15625,0.168457,0.159912,0.157471,0.12085,0.147705,0.150146,0.107422,0.136719
2017-11-18T01:40:00Z,267.1875,269.64844,272.8125,268.94531,276.67969,270.35156,272.8125,271.05469,272.46094,271.40625,269.64844,272.10938,13.35938,10.60547,12.36328,12.59766,12.42188,12.48047,12.71484,12.83203,12.89063,12.71484,12.89063,12.94922,12.89063,0.130615,0.13916,0.084229,0.150146,0.109863,0.134277,0.115967,0.140381,0.093994,0.111084,0.111084
2017-11-18T01:50:00Z,268.24219,276.67969,277.73438,273.86719,278.4375,272.46094,273.16406,277.73438,274.92188,278.78906,275.625,277.73438,14.0625,10.83984,11.48438,11.66016,11.36719,11.36719,12.07031,11.83594,11.71875,11.48438,12.01172,12.01172,12.42188,0.113525,0.151367,0.092773,0.137939,0.129395,0.126953,0.112305,0.093994,0.118408,0.141602,0.097656
2017-11-18T02:00:00Z,275.27344,278.08594,274.57031,276.32813,277.03125,273.51563,281.25,273.86719,276.67969,276.32813,276.67969,274.92188,12.94922,10.19531,11.77734,12.53906,12.07031,12.71484,12.30469,12.30469,12.48047,12.83203,12.48047,12.42188,12.53906,0.107422,0.117188,0.141602,0.12207,0.106201,0.102539,0.128174,0.087891,0.114746,0.128174,0.10498
2017-11-18T02:10:00Z,271.05469,274.92188,275.625,273.51563,269.64844,276.67969,277.03125,271.75781,275.27344,270.70313,276.32813,275.97656,13.00781,10.60547,11.77734,11.71875,11.77734,12.24609,12.77344,12.65625,12.53906,12.48047,12.65625,12.77344,12.48047,0.179443,0.184326,0.169678,0.126953,0.170898,0.150146,0.12207,0.148926,0.114746,0.136719,0.136719
2017-11-18T02:20:00Z,266.83594,271.40625,274.92188,271.40625,269.64844,273.51563,273.51563,277.38281,270.70313,276.32813,275.27344,277.73438,13.30078,10.07813,12.42188,12.36328,11.95313,12.48047,12.71484,12.83203,12.24609,12.65625,13.24219,13.59375,12.94922,0.102539,0.146484,0.115967,0.107422,0.06958,0.118408,0.140381,0.119629,0.135498,0.117188,0.119629
2017-11-18T02:30:00Z,275.27344,277.73438,278.78906,273.16406,275.625,276.67969,271.05469,273.86719,277.73438,274.92188,271.05469,274.57031,13.47656,10.42969,12.07031,12.01172,12.42188,12.42188,11.95313,12.48047,12.77344,12.71484,12.42188,12.48047,12.65625,0.158691,0.161133,0.155029,0.119629,0.153809,0.153809,0.123291,0.093994,0.113525,0.136719,0.117188
2017-11-18T02:40:00Z,266.83594,273.51563,270.0,271.05469,276.32813,275.27344,272.46094,273.51563,273.86719,272.10938,278.78906,270.70313,14.0625,10.78125,12.12891,12.12891,12.1875,12.24609,12.36328,12.30469,12.30469,12.36328,12.59766,12.53906,12.71484,0.130615,0.119629,0.142822,0.159912,0.144043,0.108643,0.148926,0.129395,0.125732,0.151367,0.157471
2017-11-18T02:50:00Z,272.8125,274.57031,272.10938,273.51563,273.51563,271.40625,274.92188,271.05469,273.86719,275.97656,274.57031,272.46094,12.94922,10.72266,12.30469,12.1875,12.01172,12.71484,12.48047,12.48047,12.65625,13.00781,12.83203,12.77344,12.48047,0.107422,0.107422,0.135498,0.098877,0.136719,0.123291,0.140381,0.123291,0.118408,0.141602,0.137939
2017-11-18T03:00:00Z,268.59375,274.21875,276.67969,279.84375,276.67969,280.19531,276.67969,274.21875,275.97656,279.84375,274.57031,278.78906,13.35938,10.19531,11.36719,11.95313,11.60156,12.30469,12.42188,12.12891,11.71875,12.1875,12.53906,13.18359,13.06641,0.146484,0.164795,0.157471,0.161133,0.140381,0.137939,0.135498,0.152588,0.140381,0.153809,0.12085
2017-11-18T03:10:00Z,278.08594,277.73438,274.21875,270.35156,271.75781,274.92188,273.86719,271.05469,273.86719,275.27344,274.21875,277.73438,13.71094,10.60547,12.77344,12.59766,12.65625,12.71484,12.42188,12.59766,13.125,12.89063,13.18359,12.71484,12.36328,0.113525,0.12207,0.12207,0.090332,0.167236,0.174561,0.157471,0.135498,0.141602,0.131836,0.092773
2017-11-18T03:20:00Z,265.07813,274.57031,272.8125,270.70313,271.05469,271.40625,274.92188,272.46094,271.05469,272.8125,270.35156,278.4375,13.18359,10.42969,12.07031,12.24609,11.89453,12.89063,12.94922,13.125,12.83203,13.00781,13.53516,13.71094,13.53516,0.164795,0.152588,0.161133,0.126953,0.100098,0.161133,0.137939,0.162354,0.124512,0.153809,0.12207
2017-11-18T03:30:00Z,270.70313,272.10938,267.1875,272.8125,273.51563,272.46094,274.57031,271.75781,275.625,270.70313,273.51563,270.70313,13.24219,10.66406,12.07031,12.53906,12.30469,12.83203,12.53906,12.59766,13.00781,13.00781,12.59766,12.94922,13.24219,0.159912,0.159912,0.144043,0.163574,0.140381,0.166016,0.169678,0.133057,0.13916,0.136719,0.114746
2017-11-18T03:40:00Z,268.24219,274.92188,273.86719,274.57031,272.46094,278.78906,276.67969,272.10938,278.08594,275.625,279.49219,273.86719,14.29688,10.54688,12.59766,12.48047,12.89063,13.06641,13.59375,13.71094,13.30078,13.24219,13.41797,13.59375,14.00391,0.130615,0.125732,0.130615,0.129395,0.13916,0.109863,0.129395,0.090332,0.123291,0.147705,0.113525
2017-11-18T03:50:00Z,270.35156,272.8125,277.38281,275.97656,280.54688,280.54688,279.49219,274.92188,274.92188,278.78906,277.38281,275.27344,13.18359,11.19141,12.30469,12.77344,12.42188,13.35938,12.89063,12.59766,13.125,13.53516,13.65234,13.30078,13.30078,0.146484,0.175781,0.142822,0.117188,0.134277,0.181885,0.136719,0.128174,0.131836,0.093994,0.134277
2017-11-18T04:00:00Z,274.92188,274.92188,278.78906,275.625,280.54688,275.97656,276.67969,276.67969,277.73438,272.46094,276.67969,273.16406,13.82813,10.48828,12.71484,12.83203,12.59766,12.83203,12.83203,12.71484,13.24219,13.53516,13.94531,13.59375,13.41797,0.148926,0.206299,0.142822,0.194092,0.140381,0.161133,0.125732,0.119629,0.147705,0.146484,0.181885
2017-11-18T04:10:00Z,271.75781,276.32813,269.64844,271.75781,273.16406,268.94531,268.94531,271.75781,271.40625,270.0,269.29688,272.10938,14.0625,10.83984,11.95313,11.54297,12.94922,12.01172,12.71484,13.30078,12.94922,12.65625,12.42188,13.00781,13.35938,0.106201,0.187988,0.153809,0.167236,0.151367,0.148926,0.119629,0.137939,0.151367,0.130615,0.145264
2017-11-18T04:20:00Z,265.78125,277.03125,270.0,273.51563,273.86719,275.27344,280.19531,275.625,275.625,274.57031,275.97656,277.73438,13.76953,10.60547,12.30469,12.36328,12.94922,13.06641,13.18359,13.59375,13.30078,13.125,13.18359,13.35938,13.94531,0.162354,0.108643,0.163574,0.135498,0.157471,0.117188,0.142822,0.125732,0.144043,0.142822,0.155029
2017-11-18T04:30:00Z,273.51563,273.86719,280.19531,275.625,275.625,269.29688,272.46094,276.32813,273.86719,274.57031,273.16406,273.51563,13.65234,11.13281,12.89063,13.35938,13.41797,13.30078,13.65234,14.0625,13.71094,13.59375,13.82813,13.88672,14.35547,0.148926,0.144043,0.153809,0.130615,0.123291,0.142822,0.123291,0.150146,0.112305,0.130615,0.101318
2017-11-18T04:40:00Z,270.0,279.49219,274.57031,272.8125,280.89844,279.49219,277.03125,273.86719,278.08594,276.32813,281.25,277.38281,14.12109,10.89844,12.42188,12.83203,12.89063,12.65625,13.00781,13.35938,13.53516,13.59375,13.59375,12.94922,12.77344,0.163574,0.129395,0.167236,0.112305,0.131836,0.178223,0.145264,0.13916,0.148926,0.175781,0.125732
2017-11-18T04:50:00Z,275.625,278.08594,274.92188,278.4375,277.03125,275.97656,278.08594,276.67969,275.27344,274.57031,279.14063,279.84375,13.94531,11.07422,12.42188,13.00781,12.30469,13.00781,12.71484,12.59766,12.94922,13.06641,13.125,13.24219,13.71094,0.140381,0.152588,0.142822,0.151367,0.172119,0.152588,0.129395,0.151367,0.10376,0.111084,0.144043
2017-11-18T05:00:00Z,271.75781,276.32813,273.51563,270.70313,272.10938,275.97656,272.8125,280.19531,277.38281,273.51563,279.14063,279.84375,13.76953,10.54688,12.24609,12.42188,12.48047,12.71484,13.125,13.47656,13.125,13.30078,13.71094,13.24219,12.94922,0.150146,0.169678,0.134277,0.135498,0.129395,0.15625,0.12207,0.145264,0.134277,0.147705,0.102539
2017-11-18T05:10:00Z,271.40625,282.30469,275.27344,277.38281,274.92188,275.97656,274.92188,274.92188,279.84375,275.27344,271.40625,277.03125,13.30078,10.3125,12.30469,12.48047,13.41797,13.35938,13.59375,13.82813,14.23828,13.82813,13.59375,13.53516,13.94531,0.161133,0.178223,0.144043,0.152588,0.117188,0.136719,0.131836,0.133057,0.134277,0.146484,0.148926
2017-11-18T05:20:00Z,273.16406,278.78906,278.78906,279.14063,276.67969,275.97656,276.67969,274.92188,276.32813,275.27344,279.84375,276.67969,13.76953,11.36719,13.18359,13.125,13.59375,13.24219,13.71094,13.71094,14.29688,13.76953,13.41797,13.65234,14.00391,0.129395,0.158691,0.124512,0.137939,0.161133,0.134277,0.163574,0.175781,0.137939,0.096436,0.141602
2017-11-18T05:30:00Z,274.57031,279.14063,278.78906,284.0625,277.03125,280.89844,279.49219,276.67969,279.49219,282.65625,279.84375,278.08594,14.00391,10.78125,12.94922,13.18359,13.41797,13.65234,13.47656,13.71094,14.12109,13.88672,13.59375,13.59375,13.94531,0.153809,0.179443,0.140381,0.13916,0.135498,0.133057,0.129395,0.159912,0.13916,0.142822,0.141602
2017-11-18T05:40:00Z,277.03125,280.54688,282.30469,280.19531,282.65625,277.38281,282.30469,281.25,277.73438,280.54688,279.49219,281.25,14.29688,11.36719,13.35938,13.30078,13.47656,12.71484,13.35938,13.59375,13.65234,13.88672,13.94531,13.59375,13.76953,0.158691,0.162354,0.174561,0.17334,0.155029,0.144043,0.179443,0.155029,0.130615,0.162354,0.131836
2017-11-18T05:50:00Z,275.625,283.71094,275.625,279.84375,281.25,280.19531,284.41406,278.4375,283.00781,281.60156,280.54688,282.65625,13.41797,10.60547,13.00781,13.06641,12.71484,13.35938,13.53516,13.30078,14.00391,14.12109,14.00391,14.00391,14.00391,0.163574,0.114746,0.13916,0.157471,0.135498,0.152588,0.170898,0.144043,0.107422,0.145264,0.141602
2017-11-18T06:00:00Z,278.08594,281.95313,281.95313,279.84375,281.60156,279.49219,281.25,281.95313,280.89844,280.89844,280.89844,283.35938,13.59375,10.78125,13.59375,13.88672,14.00391,13.76953,13.94531,13.82813,14.41406,14.41406,14.0625,14.17969,13.71094,0.146484,0.130615,0.158691,0.111084,0.184326,0.142822,0.17334,0.142822,0.12085,0.158691,0.137939
2017-11-18T06:10:00Z,274.92188,275.27344,273.16406,273.86719,275.27344,275.97656,278.78906,277.73438,278.4375,276.32813,277.03125,275.97656,14.53125,11.60156,13.82813,13.82813,13.76953,14.17969,14.64844,14.53125,14.47266,14.94141,14.82422,14.76563,14.35547,0.168457,0.128174,0.181885,0.150146,0.163574,0.119629,0.152588,0.134277,0.163574,0.137939,0.12207
2017-11-18T06:20:00Z,271.40625,277.03125,276.67969,272.46094,280.19531,277.38281,270.70313,272.46094,276.32813,276.32813,274.21875,274.92188,14.76563,11.36719,14.00391,14.35547,14.12109,14.29688,13.41797,14.12109,15.17578,15.41016,14.58984,14.64844,14.76563,0.185547,0.164795,0.126953,0.147705,0.158691,0.112305,0.152588,0.159912,0.087891,0.175781,0.140381
2017-11-18T06:30:00Z,273.51563,276.32813,278.4375,279.49219,282.65625,275.27344,277.03125,277.73438,278.78906,278.78906,278.4375,277.73438,14.47266,11.54297,14.53125,13.94531,14.82422,14.00391,13.94531,15.0,15.35156,15.17578,15.17578,15.05859,14.88281,0.180664,0.130615,0.128174,0.140381,0.135498,0.118408,0.153809,0.152588,0.114746,0.134277,0.125732
2017-11-18T06:40:00Z,273.86719,280.19531,280.19531,277.73438,281.60156,279.84375,279.84375,280.19531,281.95313,283.00781,278.4375,277.73438,14.53125,11.66016,14.70703,14.53125,15.0,14.94141,14.88281,15.0,15.64453,15.58594,15.23438,15.35156,16.11328,0.136719,0.123291,0.119629,0.140381,0.141602,0.117188,0.124512,0.117188,0.108643,0.13916,0.124512
2017-11-18T06:50:00Z,275.27344,277.73438,277.03125,280.54688,273.86719,277.38281,279.14063,274.21875,275.27344,278.4375,276.67969,276.67969,15.11719,11.66016,14.64844,14.41406,15.17578,14.58984,15.58594,15.23438,15.46875,15.87891,16.11328,15.87891,16.11328,0.147705,0.202637,0.147705,0.158691,0.124512,0.113525,0.140381,0.151367,0.151367,0.10498,0.117188
2017-11-18T07:00:00Z,271.40625,273.86719,278.78906,275.97656,276.67969,279.14063,276.32813,277.03125,277.38281,275.625,279.14063,281.60156,15.64453,12.48047,15.35156,15.87891,14.82422,15.87891,15.0,15.29297,15.70313,15.76172,15.99609,16.46484,15.82031,0.153809,0.158691,0.148926,0.134277,0.167236,0.146484,0.146484,0.155029,0.135498,0.144043,0.136719
2017-11-18T07:10:00Z,271.75781,277.73438,277.73438,277.03125,272.46094,277.38281,275.27344,273.86719,275.97656,273.16406,277.73438,277.73438,15.11719,12.01172,14.17969,14.76563,14.82422,14.70703,15.17578,15.46875,15.46875,15.46875,15.29297,15.58594,15.70313,0.117188,0.136719,0.155029,0.178223,0.118408,0.13916,0.15625,0.114746,0.12207,0.114746,0.137939
2017-11-18T07:20:00Z,270.35156,275.27344,274.21875,271.75781,274.57031,275.97656,274.92188,273.51563,272.10938,273.16406,272.10938,274.57031,14.88281,11.83594,14.58984,14.82422,14.41406,14.76563,15.17578,14.70703,14.17969,14.47266,15.0,15.70313,15.70313,0.163574,0.129395,0.155029,0.174561,0.163574,0.113525,0.128174,0.12207,0.101318,0.107422,0.124512
2017-11-18T07:30:00Z,270.0,271.75781,271.75781,271.40625,276.67969,272.46094,275.27344,274.21875,274.92188,274.92188,276.32813,277.73438,14.64844,11.36719,13.71094,14.35547,14.17969,14.64844,14.94141,14.47266,14.47266,14.58984,15.0,15.11719,14.47266,0.161133,0.135498,0.157471,0.12207,0.158691,0.142822,0.113525,0.128174,0.111084,0.137939,0.135498
2017-11-18T07:40:00Z,265.78125,270.70313,274.57031,270.35156,272.8125,272.46094,271.75781,273.86719,273.16406,271.75781,273.86719,274.57031,15.46875,11.95313,15.11719,15.41016,15.05859,15.46875,15.29297,15.46875,16.05469,15.9375,16.23047,15.58594,15.17578,0.108643,0.123291,0.113525,0.128174,0.114746,0.12207,0.113525,0.134277,0.125732,0.112305,0.115967
2017-11-18T07:50:00Z,268.59375,273.16406,271.75781,271.40625,273.16406,270.0,275.625,272.10938,272.46094,274.92188,274.92188,273.86719,14.35547,11.36719,14.41406,14.82422,14.58984,14.76563,14.88281,15.29297,15.52734,15.76172,15.17578,15.35156,15.23438,0.144043,0.126953,0.170898,0.151367,0.168457,0.137939,0.152588,0.135498,0.119629,0.128174,0.109863
2017-11-18T08:00:00Z,265.78125,274.21875,270.35156,273.86719,266.83594,270.70313,274.92188,277.38281,270.70313,275.625,280.89844,277.03125,15.35156,12.01172,14.12109,14.0625,14.58984,14.82422,15.23438,15.46875,15.05859,15.35156,15.46875,14.94141,15.29297,0.161133,0.170898,0.147705,0.180664,0.133057,0.13916,0.141602,0.114746,0.141602,0.169678,0.137939
2017-11-18T08:10:00Z,268.59375,274.21875,273.16406,274.57031,270.0,271.75781,274.92188,273.16406,273.51563,274.92188,280.54688,273.51563,14.70703,11.36719,13.71094,14.23828,14.58984,14.64844,15.35156,14.70703,15.05859,15.41016,15.46875,14.76563,14.88281,0.126953,0.109863,0.133057,0.117188,0.10498,0.10498,0.134277,0.126953,0.126953,0.111084,0.141602
2017-11-18T08:20:00Z,273.16406,276.32813,274.57031,278.78906,273.86719,277.73438,275.97656,276.67969,276.67969,277.38281,278.78906,279.14063,14.53125,11.54297,13.94531,14.53125,14.53125,15.17578,15.52734,15.05859,14.53125,14.41406,14.94141,15.35156,15.58594,0.114746,0.129395,0.097656,0.128174,0.134277,0.123291,0.108643,0.123291,0.098877,0.108643,0.117188
2017-11-18T08:30:00Z,271.75781,276.32813,276.32813,279.84375,277.03125,277.38281,274.21875,279.49219,274.57031,277.03125,276.67969,280.19531,15.64453,11.48438,14.35547,14.58984,14.76563,14.41406,14.70703,15.35156,15.29297,15.46875,15.52734,15.46875,15.76172,0.136719,0.113525,0.123291,0.125732,0.152588,0.10498,0.148926,0.142822,0.111084,0.10498,0.096436
2017-11-18T08:40:00Z,274.92188,276.32813,277.73438,277.73438,277.03125,281.25,279.14063,280.54688,281.25,277.73438,278.78906,279.49219,15.46875,12.01172,14.0625,14.58984,14.12109,15.23438,15.11719,15.17578,15.23438,15.23438,15.41016,15.46875,15.46875,0.131836,0.151367,0.101318,0.133057,0.140381,0.128174,0.113525,0.091553,0.123291,0.117188,0.12085
2017-11-18T08:50:00Z,274.92188,281.25,280.19531,281.60156,279.14063,283.35938,281.25,279.49219,274.57031,279.84375,277.03125,280.54688,14.82422,11.95313,14.17969,15.11719,14.41406,15.87891,15.76172,15.41016,15.23438,15.70313,15.29297,15.87891,16.11328,0.118408,0.124512,0.111084,0.106201,0.126953,0.159912,0.128174,0.117188,0.141602,0.126953,0.108643
2017-11-18T09:00:00Z,277.03125,278.78906,279.14063,281.60156,281.60156,280.54688,279.49219,281.60156,281.25,281.25,280.89844,281.60156,15.9375,12.36328,14.64844,15.41016,15.46875,15.76172,16.05469,16.23047,15.87891,16.23047,16.46484,15.99609,16.34766,0.144043,0.140381,0.159912,0.135498,0.126953,0.123291,0.134277,0.108643,0.124512,0.10376,0.092773
2017-11-18T09:10:00Z,274.57031,276.67969,277.73438,279.14063,277.03125,279.14063,278.08594,274.57031,278.08594,276.67969,280.89844,281.25,16.28906,12.24609,15.70313,15.70313,15.23438,16.40625,16.17188,16.46484,15.9375,16.34766,16.875,17.10938,16.17188,0.136719,0.133057,0.181885,0.144043,0.135498,0.137939,0.163574,0.100098,0.098877,0.091553,0.098877
2017-11-18T09:20:00Z,275.27344,278.78906,279.14063,279.84375,279.14063,274.92188,279.49219,278.78906,272.8125,275.97656,275.625,276.32813,15.64453,11.77734,14.64844,14.94141,15.17578,15.0,14.94141,15.41016,15.35156,15.29297,15.58594,16.11328,15.87891,0.15625,0.140381,0.147705,0.106201,0.130615,0.107422,0.124512,0.144043,0.144043,0.13916,0.12085
2017-11-18T09:30:00Z,274.21875,280.89844,278.4375,279.84375,278.4375,277.38281,275.97656,280.19531,278.08594,278.4375,282.30469,278.4375,15.64453,12.07031,15.29297,15.76172,15.70313,16.34766,16.34766,16.34766,16.46484,16.52344,16.17188,16.40625,16.64063,0.12207,0.118408,0.13916,0.092773,0.117188,0.112305,0.114746,0.12207,0.115967,0.111084,0.096436
2017-11-18T09:40:00Z,275.27344,278.08594,281.25,279.49219,281.25,282.30469,281.60156,281.95313,282.65625,280.54688,283.71094,283.35938,16.75781,12.42188,15.29297,15.35156,15.76172,16.11328,15.76172,15.58594,16.58203,16.05469,16.46484,16.52344,16.11328,0.13916,0.157471,0.141602,0.096436,0.141602,0.13916,0.102539,0.134277,0.13916,0.117188,0.123291
2017-11-18T09:50:00Z,275.97656,280.54688,282.30469,281.25,283.00781,281.25,278.78906,283.71094,284.0625,279.49219,284.41406,281.60156,14.94141,12.07031,15.29297,15.41016,15.52734,16.28906,16.23047,16.93359,16.69922,16.69922,17.28516,16.99219,17.22656,0.181885,0.166016,0.179443,0.119629,0.119629,0.140381,0.129395,0.115967,0.107422,0.101318,0.129395
2017-11-18T10:00:00Z,280.19531,284.76563,284.41406,277.38281,284.41406,282.65625,286.17188,283.71094,281.25,284.41406,283.35938,281.95313,16.17188,12.59766,15.29297,15.29297,15.9375,15.99609,15.87891,16.23047,16.46484,16.28906,16.40625,15.82031,16.17188,0.112305,0.111084,0.131836,0.125732,0.102539,0.114746,0.134277,0.108643,0.170898,0.130615,0.159912
2017-11-18T10:10:00Z,277.38281,282.30469,284.76563,282.30469,283.35938,285.11719,282.65625,282.65625,282.30469,283.00781,280.89844,282.65625,15.58594,12.1875,14.88281,15.23438,15.29297,15.70313,15.64453,15.70313,15.52734,16.05469,15.76172,16.23047,16.05469,0.135498,0.136719,0.102539,0.111084,0.133057,0.136719,0.093994,0.148926,0.155029,0.106201,0.124512
2017-11-18T10:20:00Z,279.49219,285.46875,286.17188,283.35938,286.875,284.76563,287.22656,286.875,290.03906,289.6875,287.92969,288.63281,16.05469,12.36328,15.11719,15.35156,15.58594,15.58594,16.28906,16.40625,16.40625,15.99609,15.99609,16.69922,16.75781,0.147705,0.131836,0.135498,0.157471,0.114746,0.123291,0.111084,0.118408,0.140381,0.112305,0.10376
2017-11-18T10:30:00Z,284.76563,294.60938,292.5,290.74219,293.20313,294.25781,287.92969,291.79688,292.85156,294.60938,291.44531,290.39063,15.23438,12.07031,15.17578,15.41016,16.23047,15.41016,15.70313,16.40625,17.05078,16.93359,15.9375,15.9375,16.11328,0.172119,0.129395,0.148926,0.158691,0.183105,0.124512,0.152588,0.162354,0.119629,0.115967,0.141602
2017-11-18T10:40:00Z,288.63281,295.3125,297.42188,290.39063,294.60938,293.90625,292.5,292.85156,293.55469,292.14844,293.90625,293.20313,15.99609,12.30469,15.58594,15.17578,15.87891,15.64453,16.17188,15.87891,16.11328,16.17188,16.58203,15.99609,15.76172,0.140381,0.148926,0.141602,0.126953,0.150146,0.159912,0.118408,0.134277,0.097656,0.126953,0.118408
2017-11-18T10:50:00Z,289.6875,294.60938,291.09375,295.66406,295.3125,292.85156,294.96094,296.36719,291.44531,295.3125,293.90625,292.5,16.34766,12.07031,15.87891,16.34766,16.05469,16.99219,17.22656,16.52344,16.64063,16.875,17.10938,17.22656,16.69922,0.141602,0.146484,0.106201,0.133057,0.145264,0.130615,0.109863,0.123291,0.142822,0.12085,0.170898
2017-11-18T11:00:00Z,290.03906,299.53125,296.36719,297.77344,296.71875,300.23438,297.07031,293.20313,292.5,294.25781,293.55469,295.3125,16.875,12.71484,14.53125,15.58594,14.94141,15.70313,15.64453,15.87891,15.9375,16.05469,15.9375,16.28906,16.64063,0.158691,0.118408,0.140381,0.147705,0.152588,0.180664,0.163574,0.136719,0.109863,0.126953,0.148926
2017-11-18T11:10:00Z,292.85156,290.03906,290.39063,291.79688,289.33594,285.46875,291.44531,291.79688,293.90625,293.90625,288.28125,290.03906,15.64453,12.07031,15.99609,16.28906,16.40625,16.875,16.75781,16.52344,17.34375,16.93359,16.46484,16.17188,17.69531,0.140381,0.147705,0.162354,0.152588,0.133057,0.13916,0.134277,0.111084,0.124512,0.126953,0.091553
2017-11-18T11:20:00Z,284.41406,290.03906,287.92969,288.28125,288.28125,285.82031,288.98438,292.14844,290.39063,288.63281,293.90625,294.25781,15.64453,12.48047,14.76563,14.82422,15.0,15.41016,15.76172,15.35156,15.23438,15.87891,16.69922,16.64063,15.9375,0.134277,0.135498,0.128174,0.133057,0.150146,0.131836,0.133057,0.098877,0.107422,0.107422,0.106201
2017-11-18T11:30:00Z,284.41406,290.39063,287.22656,287.92969,290.03906,290.03906,289.6875,286.17188,289.33594,292.5,293.20313,287.92969,15.0,11.77734,14.70703,15.29297,14.64844,15.46875,15.41016,15.46875,16.11328,16.52344,16.17188,15.35156,15.9375,0.146484,0.129395,0.13916,0.111084,0.118408,0.140381,0.111084,0.112305,0.117188,0.130615,0.087891
2017-11-18T11:40:00Z,287.92969,289.33594,293.20313,290.03906,287.57813,297.77344,290.39063,291.09375,288.63281,292.5,290.03906,292.5,14.58984,11.71875,13.94531,14.35547,13.76953,15.58594,14.88281,14.94141,15.35156,16.05469,15.82031,16.05469,15.76172,0.153809,0.183105,0.172119,0.170898,0.158691,0.162354,0.130615,0.133057,0.172119,0.137939,0.161133
2017-11-18T11:50:00Z,287.57813,289.6875,293.55469,288.63281,291.09375,292.85156,291.09375,291.09375,289.33594,289.6875,292.5,294.25781,15.52734,11.89453,14.88281,14.94141,14.47266,15.52734,15.58594,15.64453,15.58594,15.9375,16.40625,16.69922,15.82031,0.130615,0.148926,0.169678,0.146484,0.097656,0.147705,0.124512,0.125732,0.162354,0.140381,0.152588
2017-11-18T12:00:00Z,287.22656,292.5,292.14844,292.85156,292.5,287.92969,294.96094,292.5,290.03906,292.14844,289.33594,294.25781,15.58594,12.01172,14.17969,14.47266,14.41406,15.35156,15.87891,16.05469,16.05469,15.46875,15.87891,16.23047,16.52344,0.109863,0.151367,0.111084,0.141602,0.147705,0.126953,0.147705,0.181885,0.129395,0.119629,0.119629
2017-11-18T12:10:00Z,288.63281,288.28125,286.17188,287.57813,285.46875,289.6875,291.09375,288.28125,287.92969,291.44531,288.98438,290.39063,15.05859,11.89453,14.70703,15.05859,14.94141,15.35156,15.0,15.23438,15.35156,15.70313,15.64453,15.17578,15.52734,0.134277,0.130615,0.147705,0.15625,0.167236,0.126953,0.145264,0.128174,0.137939,0.144043,0.134277
2017-11-18T12:20:00Z,286.875,294.25781,291.44531,290.03906,291.44531,289.6875,291.79688,287.92969,291.44531,294.96094,291.79688,293.20313,14.70703,11.77734,14.58984,14.70703,14.41406,14.64844,14.88281,15.0,15.11719,15.41016,15.05859,14.76563,14.94141,0.130615,0.145264,0.155029,0.131836,0.167236,0.148926,0.152588,0.174561,0.134277,0.146484,0.141602
2017-11-18T12:30:00Z,287.92969,288.63281,287.92969,286.875,281.95313,286.52344,291.44531,288.28125,288.63281,290.39063,292.85156,288.28125,14.29688,11.30859,13.71094,14.0625,14.47266,14.82422,15.11719,15.52734,15.17578,14.88281,15.17578,15.70313,15.64453,0.145264,0.125732,0.114746,0.129395,0.157471,0.123291,0.125732,0.15625,0.124512,0.153809,0.145264
2017-11-18T12:40:00Z,284.41406,292.5,294.25781,296.01563,294.25781,293.20313,291.44531,291.09375,294.96094,291.79688,291.44531,293.55469,15.82031,12.24609,14.88281,15.0,15.41016,15.29297,15.46875,15.82031,16.17188,15.70313,15.82031,15.76172,16.17188,0.147705,0.123291,0.141602,0.150146,0.155029,0.119629,0.129395,0.140381,0.142822,0.13916,0.140381
2017-11-18T12:50:00Z,287.92969,293.55469,290.39063,292.5,291.79688,290.39063,283.35938,290.39063,293.55469,289.6875,288.28125,292.14844,14.76563,11.77734,14.17969,14.00391,14.64844,14.17969,13.94531,15.41016,15.29297,14.88281,14.41406,14.58984,15.17578,0.113525,0.134277,0.142822,0.158691,0.150146,0.148926,0.203857,0.125732,0.184326,0.140381,0.130615
2017-11-18T13:00:00Z,289.33594,288.98438,291.09375,291.44531,287.22656,287.92969,285.11719,289.6875,291.44531,289.6875,292.14844,291.79688,15.58594,12.01172,14.41406,14.29688,14.47266,14.35547,15.05859,15.58594,15.29297,14.64844,15.35156,15.17578,15.46875,0.134277,0.115967,0.163574,0.128174,0.107422,0.13916,0.157471,0.126953,0.166016,0.108643,0.114746
2017-11-18T13:10:00Z,283.71094,280.19531,285.82031,285.46875,284.41406,285.11719,285.11719,283.35938,283.35938,285.82031,285.46875,289.6875,15.0,11.83594,13.88672,14.29688,13.88672,14.58984,14.76563,14.88281,14.58984,14.94141,14.82422,14.53125,14.58984,0.13916,0.133057,0.135498,0.133057,0.153809,0.141602,0.131836,0.12207,0.140381,0.129395,0.115967
2017-11-18T13:20:00Z,280.89844,291.09375,279.49219,286.52344,288.98438,283.35938,288.28125,285.11719,289.33594,287.57813,283.71094,286.17188,14.29688,11.54297,13.18359,13.00781,14.12109,13.53516,14.35547,14.82422,14.41406,14.12109,13.76953,14.23828,15.35156,0.078125,0.158691,0.101318,0.137939,0.090332,0.12207,0.102539,0.101318,0.15625,0.136719,0.124512
2017-11-18T13:30:00Z,281.60156,284.76563,283.35938,283.00781,283.35938,283.35938,281.25,283.35938,286.52344,285.11719,286.52344,286.17188,15.0,12.07031,13.71094,14.29688,14.23828,14.53125,14.29688,14.76563,14.47266,14.64844,14.41406,14.58984,14.94141,0.159912,0.134277,0.174561,0.167236,0.129395,0.112305,0.136719,0.130615,0.12085,0.107422,0.092773
2017-11-18T13:40:00Z,279.84375,286.17188,287.22656,283.71094,290.03906,284.76563,284.0625,283.71094,288.98438,284.0625,287.57813,287.92969,14.29688,11.42578,14.29688,14.41406,14.53125,14.47266,15.17578,15.23438,15.17578,15.05859,15.05859,15.23438,15.52734,0.146484,0.141602,0.129395,0.114746,0.133057,0.112305,0.145264,0.12207,0.130615,0.137939,0.117188
2017-11-18T13:50:00Z,281.95313,288.63281,287.92969,286.52344,285.82031,284.41406,285.11719,292.5,286.17188,290.03906,290.39063,288.98438,15.87891,12.42188,14.76563,14.88281,14.82422,15.29297,15.76172,15.99609,15.35156,15.52734,15.64453,15.99609,16.23047,0.134277,0.111084,0.118408,0.117188,0.12085,0.12207,0.109863,0.112305,0.112305,0.112305,0.102539
2017-11-18T14:00:00Z,284.0625,287.92969,286.875,284.76563,290.74219,287.92969,289.6875,288.63281,286.875,284.76563,291.44531,290.39063,15.23438,12.07031,14.0625,14.29688,14.12109,14.70703,15.0,15.41016,14.64844,14.70703,15.0,15.35156,15.11719,0.126953,0.115967,0.13916,0.12207,0.123291,0.13916,0.126953,0.118408,0.135498,0.134277,0.10498
2017-11-18T14:10:00Z,284.76563,291.09375,287.22656,292.85156,290.03906,292.5,290.74219,291.44531,291.79688,289.33594,289.33594,292.5,15.46875,11.89453,13.125,13.24219,13.71094,13.82813,14.23828,14.35547,14.23828,14.17969,14.0625,15.17578,14.88281,0.150146,0.123291,0.141602,0.113525,0.101318,0.13916,0.125732,0.115967,0.123291,0.130615,0.102539
2017-11-18T14:20:00Z,287.92969,293.90625,302.34375,299.17969,296.71875,296.71875,298.47656,299.88281,295.3125,296.71875,300.9375,297.42188,14.35547,10.78125,13.18359,13.30078,13.59375,13.30078,13.94531,14.64844,14.29688,14.29688,14.41406,14.35547,14.53125,0.180664,0.189209,0.189209,0.179443,0.161133,0.133057,0.126953,0.155029,0.157471,0.161133,0.134277
2017-11-18T14:30:00Z,299.17969,299.17969,299.17969,298.125,300.58594,296.36719,295.3125,299.53125,300.9375,306.21094,296.71875,299.53125,14.94141,11.95313,14.00391,14.41406,14.47266,14.12109,14.0625,15.17578,15.23438,15.52734,15.11719,15.05859,14.47266,0.168457,0.115967,0.106201,0.124512,0.131836,0.119629,0.12085,0.148926,0.129395,0.124512,0.111084
2017-11-18T14:40:00Z,296.01563,303.75,298.125,303.75,298.125,295.66406,299.53125,304.10156,304.10156,297.42188,299.88281,300.58594,14.82422,11.71875,14.0625,14.12109,14.76563,15.23438,15.52734,16.05469,15.52734,15.23438,15.82031,16.05469,16.05469,0.157471,0.186768,0.150146,0.145264,0.115967,0.111084,0.131836,0.17334,0.12207,0.114746,0.12207
2017-11-18T14:50:00Z,296.01563,300.9375,297.42188,298.47656,300.9375,300.58594,292.85156,300.9375,306.21094,299.17969,299.17969,303.75,15.23438,12.30469,14.0625,14.12109,14.53125,14.47266,14.0625,14.47266,15.0,14.76563,14.23828,14.64844,15.05859,0.106201,0.115967,0.10498,0.12207,0.135498,0.114746,0.129395,0.107422,0.135498,0.118408,0.098877
2017-11-18T15:00:00Z,291.79688,289.6875,290.03906,293.20313,295.66406,290.39063,290.03906,294.25781,293.20313,290.74219,295.3125,293.55469,14.88281,11.66016,14.23828,14.70703,14.41406,14.58984,15.0,14.70703,14.58984,14.41406,14.82422,15.0,14.82422,0.130615,0.147705,0.123291,0.114746,0.111084,0.134277,0.125732,0.119629,0.10498,0.081787,0.125732
2017-11-18T15:10:00Z,285.11719,287.22656,290.03906,290.03906,285.46875,291.44531,290.39063,290.39063,292.14844,288.63281,286.875,295.66406,15.11719,11.60156,12.65625,13.18359,12.94922,13.82813,13.71094,13.53516,13.59375,13.53516,13.53516,13.88672,14.17969,0.133057,0.15625,0.161133,0.128174,0.152588,0.164795,0.13916,0.130615,0.123291,0.117188,0.12207
2017-11-18T15:20:00Z,287.92969,300.23438,292.14844,293.90625,292.85156,291.09375,298.125,296.01563,296.36719,296.36719,291.44531,298.125,13.18359,10.60547,12.01172,12.30469,12.53906,12.89063,13.53516,13.41797,13.06641,12.77344,13.06641,13.88672,14.29688,0.130615,0.131836,0.101318,0.12085,0.123291,0.164795,0.095215,0.117188,0.090332,0.140381,0.115967
2017-11-18T15:30:00Z,293.90625,298.125,297.77344,294.60938,292.5,294.60938,292.5,290.39063,298.125,298.125,295.3125,291.44531,14.17969,11.07422,12.1875,12.36328,13.47656,12.83203,13.125,13.35938,13.82813,13.82813,13.41797,13.41797,13.76953,0.135498,0.196533,0.106201,0.13916,0.118408,0.15625,0.145264,0.095215,0.106201,0.119629,0.114746
2017-11-18T15:40:00Z,287.22656,290.39063,291.44531,294.25781,294.25781,288.63281,292.5,288.63281,290.74219,294.25781,291.44531,288.98438,14.53125,11.01563,13.59375,13.88672,13.65234,14.41406,13.94531,14.53125,15.0,14.94141,14.70703,14.76563,15.05859,0.177002,0.184326,0.174561,0.166016,0.137939,0.181885,0.135498,0.119629,0.148926,0.12085,0.163574
2017-11-18T15:50:00Z,288.28125,287.92969,290.74219,293.90625,290.03906,286.52344,291.44531,291.44531,291.79688,291.09375,290.74219,290.03906,15.05859,11.54297,13.41797,13.82813,13.82813,13.82813,14.23828,14.47266,14.29688,14.41406,14.35547,14.53125,14.29688,0.114746,0.123291,0.161133,0.128174,0.144043,0.19043,0.140381,0.151367,0.119629,0.114746,0.152588
2017-11-18T16:00:00Z,288.28125,301.28906,300.58594,300.58594,300.23438,301.64063,301.99219,300.23438,301.64063,299.53125,300.23438,302.69531,14.0625,11.01563,13.76953,14.47266,14.0625,14.70703,14.94141,14.76563,15.11719,15.17578,15.29297,15.64453,15.35156,0.15625,0.130615,0.145264,0.136719,0.112305,0.118408,0.168457,0.134277,0.131836,0.135498,0.155029
2017-11-18T16:10:00Z,301.64063,311.48438,312.89063,312.1875,311.48438,312.53906,309.02344,310.78125,311.13281,303.39844,311.48438,315.0,14.70703,11.60156,11.89453,12.01172,12.24609,12.59766,12.89063,12.71484,12.83203,12.77344,13.35938,13.47656,13.59375,0.228271,0.20874,0.233154,0.181885,0.145264,0.155029,0.19165,0.109863,0.13916,0.157471,0.163574
2017-11-18T16:20:00Z,318.16406,325.54688,325.89844,322.03125,324.14063,322.38281,328.35938,328.35938,327.65625,321.67969,319.21875,323.4375,14.41406,9.08203,10.07813,10.19531,10.54688,10.66406,11.25,11.25,10.89844,10.25391,10.42969,11.25,11.54297,0.131836,0.126953,0.136719,0.119629,0.159912,0.158691,0.117188,0.164795,0.168457,0.150146,0.158691
2017-11-18T16:30:00Z,325.89844,330.46875,334.6875,331.52344,336.44531,329.76563,325.89844,331.875,334.6875,333.63281,329.76563,325.54688,11.77734,8.96484,10.42969,10.3125,10.37109,10.25391,9.90234,10.48828,10.89844,10.78125,10.3125,10.3125,10.48828,0.152588,0.126953,0.150146,0.126953,0.140381,0.134277,0.118408,0.168457,0.140381,0.133057,0.177002
2017-11-18T16:40:00Z,330.11719,331.17188,330.11719,329.0625,332.57813,329.41406,330.46875,330.82031,327.65625,326.25,326.60156,327.30469,10.83984,8.49609,9.72656,9.90234,9.49219,9.96094,9.96094,9.78516,9.66797,10.13672,9.90234,10.13672,10.07813,0.111084,0.157471,0.141602,0.146484,0.10498,0.161133,0.142822,0.145264,0.153809,0.096436,0.125732
2017-11-18T16:50:00Z,325.54688,328.35938,324.14063,327.30469,327.65625,323.78906,322.38281,321.32813,319.21875,321.32813,319.21875,319.57031,11.25,8.37891,8.37891,8.4375,8.84766,8.84766,9.08203,8.78906,9.08203,9.43359,9.49219,9.55078,9.43359,0.159912,0.161133,0.133057,0.161133,0.155029,0.141602,0.130615,0.155029,0.157471,0.133057,0.134277
2017-11-18T17:00:00Z,318.51563,321.32813,315.0,322.73438,317.46094,317.8125,317.8125,319.57031,310.07813,315.35156,312.89063,317.8125,9.78516,7.55859,7.79297,8.02734,7.85156,8.37891,8.20313,8.49609,8.26172,8.37891,8.49609,8.96484,8.73047,0.159912,0.153809,0.195313,0.180664,0.152588,0.158691,0.168457,0.169678,0.142822,0.180664,0.178223
2017-11-18T17:10:00Z,317.46094,317.10938,318.86719,315.70313,320.27344,322.73438,319.57031,316.05469,321.32813,318.16406,318.86719,314.64844,9.90234,6.91406,7.44141,7.38281,7.08984,7.5,7.32422,7.32422,7.55859,8.02734,7.91016,8.08594,7.79297,0.195313,0.200195,0.144043,0.166016,0.15625,0.142822,0.213623,0.179443,0.206299,0.115967,0.184326
2017-11-18T17:20:00Z,316.05469,321.32813,319.92188,319.57031,318.86719,316.05469,320.27344,318.86719,315.0,317.10938,310.42969,312.53906,8.37891,6.5625,7.03125,7.20703,7.38281,7.38281,7.85156,7.85156,7.79297,7.96875,8.08594,8.32031,8.49609,0.162354,0.241699,0.155029,0.128174,0.198975,0.189209,0.159912,0.174561,0.179443,0.195313,0.201416
2017-11-18T17:30:00Z,312.89063,305.85938,305.85938,304.10156,302.34375,305.85938,307.61719,304.45313,304.10156,300.9375,304.10156,303.75,12.48047,6.91406,11.07422,11.07422,11.42578,11.36719,12.01172,11.95313,12.24609,12.59766,13.30078,13.59375,13.82813,0.283203,0.299072,0.286865,0.264893,0.233154,0.292969,0.255127,0.253906,0.181885,0.174561,0.179443
2017-11-18T17:40:00Z,305.85938,331.17188,330.82031,328.35938,328.35938,328.71094,330.11719,326.60156,324.49219,325.19531,326.60156,325.54688,13.88672,10.89844,12.24609,12.07031,12.59766,12.53906,12.42188,12.53906,12.36328,13.125,13.35938,13.18359,13.00781,0.131836,0.184326,0.17334,0.147705,0.130615,0.145264,0.133057,0.151367,0.141602,0.134277,0.157471
2017-11-18T17:50:00Z,340.66406,339.25781,340.3125,348.04688,341.01563,341.36719,337.5,335.03906,339.25781,335.74219,335.03906,332.92969,13.00781,10.3125,10.78125,11.01563,10.78125,11.19141,11.13281,11.13281,11.66016,11.30859,11.36719,11.36719,11.95313,0.111084,0.13916,0.15625,0.142822,0.148926,0.148926,0.15625,0.148926,0.098877,0.140381,0.115967
2017-11-18T18:00:00Z,333.28125,332.92969,337.14844,332.22656,333.63281,333.63281,330.46875,332.92969,335.74219,336.09375,331.52344,329.76563,11.71875,9.31641,10.42969,10.25391,10.78125,10.25391,10.54688,10.83984,10.66406,10.42969,10.19531,10.37109,10.66406,0.131836,0.192871,0.146484,0.131836,0.137939,0.183105,0.134277,0.124512,0.187988,0.174561,0.17334
2017-11-18T18:10:00Z,330.46875,331.52344,331.17188,334.33594,331.875,326.25,331.17188,330.82031,327.30469,332.57813,330.46875,327.65625,11.30859,8.67188,9.90234,9.72656,10.13672,9.66797,9.96094,10.48828,10.54688,10.66406,10.42969,10.37109,10.54688,0.175781,0.202637,0.172119,0.187988,0.131836,0.135498,0.12085,0.167236,0.124512,0.13916,0.129395
2017-11-18T18:20:00Z,325.19531,323.4375,326.60156,324.84375,326.95313,330.82031,329.41406,326.60156,322.38281,322.38281,328.00781,326.95313,10.37109,8.08594,9.02344,9.43359,9.02344,9.90234,9.60938,9.31641,9.25781,9.55078,10.07813,9.78516,9.72656,0.159912,0.164795,0.157471,0.12085,0.170898,0.19043,0.166016,0.136719,0.177002,0.137939,0.118408
2017-11-18T18:30:00Z,321.32813,327.65625,323.78906,323.08594,326.60156,325.19531,322.73438,319.21875,324.49219,321.32813,325.19531,320.27344,10.60547,8.08594,9.60938,10.07813,10.01953,9.96094,10.01953,9.90234,10.42969,10.48828,10.54688,10.19531,10.37109,0.166016,0.19165,0.168457,0.131836,0.146484,0.20874,0.148926,0.153809,0.157471,0.131836,0.123291
2017-11-18T18:40:00Z,318.16406,320.27344,318.16406,319.57031,318.51563,319.21875,319.57031,318.51563,315.70313,318.51563,318.51563,322.38281,11.13281,8.73047,10.19531,10.13672,9.96094,10.25391,10.48828,10.60547,10.37109,10.37109,10.48828,10.60547,10.78125,0.140381,0.152588,0.189209,0.161133,0.178223,0.158691,0.146484,0.170898,0.15625,0.115967,0.136719
2017-11-18T18:50:00Z,316.40625,325.54688,323.78906,323.78906,322.38281,322.38281,321.67969,325.89844,320.97656,321.67969,322.73438,323.78906,10.95703,8.55469,10.01953,10.25391,10.25391,10.37109,10.25391,10.48828,10.54688,10.42969,10.42969,10.54688,10.42969,0.117188,0.166016,0.129395,0.128174,0.145264,0.144043,0.155029,0.161133,0.20874,0.13916,0.114746
2017-11-18T19:00:00Z,329.41406,337.5,338.20313,339.60938,335.74219,332.22656,333.28125,332.92969,332.57813,332.57813,330.46875,330.82031,12.24609,8.96484,10.66406,10.60547,10.89844,10.95703,11.01563,11.25,10.83984,11.01563,10.72266,10.95703,10.95703,0.126953,0.163574,0.123291,0.15625,0.172119,0.126953,0.125732,0.147705,0.167236,0.153809,0.137939
2017-11-18T19:10:00Z,327.65625,325.54688,330.46875,328.35938,328.35938,322.73438,322.73438,329.41406,326.95313,324.14063,324.84375,322.73438,11.71875,8.61328,10.07813,9.375,10.25391,9.43359,9.60938,10.42969,10.60547,10.25391,9.49219,10.37109,10.01953,0.157471,0.162354,0.128174,0.159912,0.172119,0.112305,0.146484,0.163574,0.167236,0.129395,0.141602
2017-11-18T19:20:00Z,323.08594,330.46875,325.54688,324.49219,323.08594,325.54688,326.25,323.08594,322.73438,324.84375,322.73438,319.92188,10.60547,8.32031,8.84766,8.78906,9.66797,9.14063,9.72656,9.31641,9.96094,9.84375,9.84375,9.49219,9.90234,0.150146,0.150146,0.163574,0.136719,0.146484,0.161133,0.133057,0.126953,0.170898,0.145264,0.10498
2017-11-18T19:30:00Z,318.86719,324.14063,322.38281,320.27344,324.49219,322.03125,325.89844,322.03125,324.49219,321.32813,327.30469,320.97656,10.95703,8.20313,8.96484,8.61328,9.14063,8.73047,9.25781,9.08203,9.02344,9.19922,9.31641,9.31641,9.14063,0.153809,0.17334,0.152588,0.161133,0.164795,0.133057,0.157471,0.162354,0.137939,0.140381,0.129395
2017-11-18T19:40:00Z,317.8125,323.78906,320.625,318.86719,322.03125,320.27344,319.21875,318.51563,318.16406,318.16406,315.70313,319.57031,10.83984,7.38281,9.49219,9.60938,9.72656,9.84375,9.66797,9.96094,9.96094,9.84375,10.07813,9.90234,10.07813,0.241699,0.223389,0.185547,0.19043,0.153809,0.179443,0.17334,0.167236,0.169678,0.158691,0.153809
2017-11-18T19:50:00Z,313.24219,315.35156,310.78125,311.48438,311.48438,315.70313,311.83594,314.29688,312.53906,312.53906,311.48438,311.48438,11.89453,9.02344,11.01563,11.13281,11.60156,11.77734,11.60156,12.1875,11.77734,11.95313,11.83594,11.71875,12.01172,0.151367,0.166016,0.131836,0.169678,0.197754,0.157471,0.12207,0.130615,0.172119,0.17334,0.144043
2017-11-18T20:00:00Z,314.64844,330.82031,329.41406,331.875,327.30469,327.65625,329.41406,326.95313,327.65625,328.71094,330.11719,328.00781,13.18359,9.96094,10.89844,11.07422,11.01563,11.13281,11.07422,11.13281,11.30859,11.66016,11.66016,11.19141,11.19141,0.158691,0.150146,0.158691,0.134277,0.180664,0.169678,0.158691,0.148926,0.150146,0.13916,0.123291
2017-11-18T20:10:00Z,327.65625,335.39063,337.5,336.09375,333.28125,335.39063,335.03906,333.98438,331.52344,336.79688,332.92969,333.28125,10.89844,8.78906,9.49219,9.08203,9.55078,9.49219,9.66797,9.72656,9.66797,10.07813,10.13672,10.13672,10.13672,0.146484,0.141602,0.133057,0.148926,0.151367,0.147705,0.134277,0.167236,0.151367,0.186768,0.153809
2017-11-18T20:20:00Z,329.0625,319.57031,319.92188,316.75781,320.27344,319.92188,322.03125,322.03125,315.70313,320.27344,321.32813,322.73438,11.13281,8.08594,9.66797,9.55078,9.60938,9.55078,9.90234,9.78516,9.78516,10.13672,10.48828,10.42969,9.90234,0.125732,0.183105,0.134277,0.133057,0.152588,0.163574,0.158691,0.145264,0.150146,0.129395,0.161133
2017-11-18T20:30:00Z,312.89063,315.0,317.46094,313.94531,315.35156,318.51563,316.40625,317.46094,318.51563,318.86719,315.70313,317.10938,12.12891,8.78906,10.89844,11.01563,11.48438,11.30859,11.83594,11.89453,11.83594,12.1875,12.07031,12.1875,12.07031,0.170898,0.124512,0.134277,0.144043,0.15625,0.155029,0.129395,0.128174,0.106201,0.172119,0.146484
2017-11-18T20:40:00Z,309.375,309.02344,310.07813,309.72656,307.96875,305.50781,307.96875,308.67188,314.29688,310.07813,307.96875,308.67188,12.77344,9.72656,11.19141,11.48438,11.54297,11.60156,12.07031,11.95313,11.95313,11.42578,11.83594,12.01172,12.01172,0.146484,0.146484,0.131836,0.15625,0.141602,0.133057,0.131836,0.162354,0.161133,0.126953,0.131836
2017-11-18T20:50:00Z,305.85938,309.72656,311.48438,312.1875,312.1875,310.07813,310.78125,313.24219,308.32031,312.53906,313.94531,307.96875,12.94922,9.78516,11.83594,11.54297,11.54297,11.60156,11.83594,12.01172,11.66016,12.1875,12.12891,11.77734,11.83594,0.170898,0.162354,0.19043,0.129395,0.118408,0.119629,0.130615,0.117188,0.136719,0.12207,0.141602
2017-11-18T21:00:00Z,307.96875,312.1875,311.83594,313.24219,311.48438,312.53906,313.94531,314.29688,312.53906,309.72656,314.29688,314.29688,12.48047,9.72656,11.77734,12.30469,11.71875,12.83203,12.89063,12.83203,12.77344,12.42188,12.53906,12.83203,12.83203,0.166016,0.141602,0.151367,0.128174,0.147705,0.151367,0.148926,0.136719,0.137939,0.151367,0.102539
2017-11-18T21:10:00Z,322.03125,331.52344,329.76563,335.74219,331.875,332.57813,329.41406,329.41406,328.71094,330.82031,330.82031,326.60156,15.87891,11.42578,14.82422,15.35156,15.23438,15.41016,15.46875,15.35156,15.11719,15.64453,15.17578,15.0,14.82422,0.131836,0.114746,0.131836,0.109863,0.158691,0.102539,0.13916,0.125732,0.091553,0.15625,0.137939
2017-11-18T21:20:00Z,327.65625,324.84375,326.95313,323.08594,328.00781,325.19531,324.84375,321.32813,320.97656,327.30469,321.32813,321.67969,14.82422,11.89453,11.71875,11.77734,11.60156,11.66016,11.95313,12.24609,12.65625,13.00781,12.53906,12.30469,12.30469,0.256348,0.266113,0.27832,0.256348,0.257568,0.286865,0.255127,0.22583,0.212402,0.220947,0.192871
2017-11-18T21:30:00Z,321.32813,322.38281,322.03125,319.57031,320.27344,323.4375,322.38281,322.03125,323.4375,323.08594,324.84375,320.625,10.95703,8.02734,8.78906,9.14063,9.08203,9.43359,10.07813,10.19531,10.66406,10.95703,11.36719,12.07031,12.53906,0.211182,0.174561,0.20874,0.167236,0.174561,0.158691,0.172119,0.146484,0.159912,0.140381,0.150146
2017-11-18T21:40:00Z,313.59375,306.5625,311.13281,310.07813,310.78125,311.83594,310.07813,312.1875,309.375,313.24219,311.83594,312.1875,15.35156,9.96094,13.30078,13.71094,13.59375,14.00391,14.00391,13.76953,14.23828,14.82422,14.58984,14.82422,14.29688,0.224609,0.223389,0.158691,0.177002,0.201416,0.169678,0.163574,0.180664,0.184326,0.186768,0.180664
2017-11-18T21:50:00Z,313.94531,331.52344,330.46875,336.09375,328.00781,331.17188,331.875,329.0625,326.60156,326.95313,328.35938,328.35938,14.23828,10.25391,11.30859,11.19141,11.54297,11.71875,11.48438,11.66016,11.48438,11.77734,11.83594,11.89453,11.83594,0.153809,0.147705,0.140381,0.161133,0.179443,0.142822,0.136719,0.133057,0.174561,0.180664,0.146484
2017-11-18T22:00:00Z,331.17188,323.4375,325.89844,323.4375,319.57031,318.16406,317.8125,318.86719,315.0,313.59375,311.83594,312.89063,11.95313,8.90625,8.84766,8.55469,8.61328,8.49609,9.25781,9.60938,9.72656,9.49219,10.37109,10.54688,10.42969,0.187988,0.167236,0.167236,0.189209,0.13916,0.118408,0.136719,0.172119,0.098877,0.12207,0.145264
2017-11-18T22:10:00Z,312.1875,319.57031,320.27344,318.86719,319.21875,320.625,315.0,318.86719,319.92188,317.8125,317.46094,315.70313,10.3125,6.97266,9.31641,9.90234,9.90234,10.01953,9.96094,10.42969,10.60547,10.83984,10.60547,10.83984,10.89844,0.258789,0.26001,0.302734,0.250244,0.275879,0.300293,0.262451,0.231934,0.219727,0.238037,0.244141
2017-11-18T22:20:00Z,326.25,329.76563,328.00781,329.76563,326.25,328.00781,327.65625,325.89844,326.25,324.14063,326.60156,323.78906,13.82813,10.07813,12.1875,12.53906,12.71484,12.77344,13.00781,13.125,13.18359,13.30078,13.18359,13.35938,13.65234,0.153809,0.146484,0.148926,0.177002,0.178223,0.15625,0.157471,0.168457,0.172119,0.155029,0.153809
2017-11-18T22:30:00Z,322.03125,322.03125,327.30469,322.38281,323.4375,323.4375,322.03125,326.25,322.38281,324.14063,324.49219,327.65625,13.53516,10.01953,12.71484,12.89063,12.59766,12.83203,12.83203,12.94922,13.18359,13.35938,13.41797,13.59375,13.18359,0.142822,0.146484,0.146484,0.175781,0.131836,0.114746,0.147705,0.142822,0.135498,0.125732,0.134277
2017-11-18T22:40:00Z,324.14063,330.82031,332.92969,334.6875,334.6875,332.92969,334.33594,337.14844,335.39063,329.41406,331.17188,334.6875,14.88281,11.30859,14.53125,15.46875,14.76563,15.64453,16.23047,16.40625,16.05469,15.9375,16.11328,16.875,16.93359,0.166016,0.162354,0.12085,0.151367,0.170898,0.157471,0.169678,0.179443,0.15625,0.174561,0.136719
2017-11-18T22:50:00Z,341.71875,345.23438,343.82813,344.88281,342.42188,341.01563,339.60938,337.14844,335.03906,335.03906,332.92969,329.41406,15.58594,12.24609,13.24219,13.53516,13.82813,14.53125,13.94531,13.82813,13.88672,14.0625,14.17969,13.88672,13.71094,0.178223,0.140381,0.181885,0.169678,0.159912,0.161133,0.217285,0.167236,0.146484,0.142822,0.126953
2017-11-18T23:00:00Z,325.89844,310.42969,308.67188,311.48438,308.67188,311.83594,310.42969,307.26563,308.67188,313.94531,313.94531,315.0,13.82813,9.72656,12.36328,12.89063,12.48047,13.35938,13.59375,13.18359,13.30078,13.59375,13.88672,13.35938,13.47656,0.157471,0.167236,0.113525,0.142822,0.130615,0.135498,0.155029,0.150146,0.168457,0.155029,0.140381
2017-11-18T23:10:00Z,299.53125,300.23438,299.88281,302.34375,300.23438,304.10156,306.91406,306.91406,305.50781,304.45313,307.26563,310.07813,14.17969,11.13281,12.71484,13.41797,12.42188,14.00391,13.59375,13.18359,13.125,13.18359,13.65234,14.17969,13.82813,0.134277,0.141602,0.118408,0.134277,0.118408,0.123291,0.106201,0.133057,0.124512,0.129395,0.135498
2017-11-18T23:20:00Z,303.39844,311.13281,308.67188,307.61719,309.02344,306.91406,311.13281,305.85938,309.375,309.02344,314.64844,313.59375,13.88672,10.78125,12.83203,13.00781,12.94922,12.94922,13.65234,13.30078,13.30078,13.59375,14.0625,13.47656,13.41797,0.130615,0.130615,0.166016,0.131836,0.129395,0.211182,0.146484,0.112305,0.12207,0.169678,0.137939
2017-11-18T23:30:00Z,300.9375,300.58594,308.32031,305.50781,300.23438,307.26563,310.07813,305.15625,305.15625,308.67188,305.15625,307.96875,13.59375,11.19141,13.88672,13.94531,13.35938,14.00391,14.23828,13.94531,13.76953,14.17969,14.17969,14.35547,14.29688,0.158691,0.141602,0.164795,0.167236,0.130615,0.12207,0.177002,0.134277,0.108643,0.148926,0.179443
2017-11-18T23:40:00Z,308.32031,319.57031,311.48438,320.625,312.53906,315.0,317.10938,312.89063,314.64844,315.70313,319.92188,315.70313,15.70313,11.36719,12.12891,12.01172,12.71484,13.06641,13.24219,13.00781,13.06641,13.30078,13.53516,13.35938,13.65234,0.231934,0.227051,0.212402,0.228271,0.257568,0.251465,0.177002,0.195313,0.203857,0.205078,0.189209
2017-11-18T23:50:00Z,318.86719,339.25781,339.96094,337.5,336.79688,335.74219,337.85156,332.57813,333.63281,325.89844,332.57813,334.33594,12.42188,8.37891,8.61328,9.08203,9.19922,9.375,10.07813,10.07813,10.54688,10.19531,11.42578,11.54297,11.71875,0.258789,0.239258,0.186768,0.218506,0.228271,0.19165,0.140381,0.189209,0.168457,0.162354,0.201416
