LOCATION: 
SYSTEM SERIAL: HKZB
TIMESTAMP (ISO-8601) UTC,WindDir004m deg,WindDir030m deg,WindDir040m deg,WindDir040m_ref deg,WindDir060m deg,WindDir080m deg,WindDir100m deg,WindDir120m deg,WindDir140m deg,WindDir160m deg,WindDir180m deg,WindDir200m deg,WindGust004m m/s,WindSpeed004m m/s,WindSpeed030mh m/s,WindSpeed040mh m/s,WindSpeed040m_refh m/s,WindSpeed060mh m/s,WindSpeed080mh m/s,WindSpeed100mh m/s,WindSpeed120mh m/s,WindSpeed140mh m/s,WindSpeed160mh m/s,WindSpeed180mh m/s,WindSpeed200mh m/s,TI 030m,TI 040m,TI 040m ref,TI 060m,TI 080m,TI 100m,TI 120m,TI 140m,TI 160m,TI 180m,TI 200m
2017-08-26T00:00:00Z,75.9375,80.50781,81.21094,79.45313,83.32031,85.78125,89.29688,93.16406,100.89844,110.39063,117.77344,118.47656,5.15625,4.45313,4.80469,4.86328,4.86328,4.74609,4.92188,5.15625,5.33203,5.56641,5.625,5.50781,5.09766,0.090332,0.073242,0.06958,0.084229,0.078125,0.064697,0.068359,0.061035,0.080566,0.081787,0.115967
2017-08-26T00:10:00Z,81.21094,82.96875,87.1875,84.72656,88.59375,90.35156,97.73438,102.65625,108.98438,113.20313,117.42188,120.9375,5.39063,4.62891,5.03906,5.15625,5.15625,5.09766,5.21484,5.68359,5.91797,5.97656,5.91797,5.74219,5.625,0.080566,0.079346,0.096436,0.079346,0.080566,0.045166,0.084229,0.054932,0.076904,0.080566,0.091553
2017-08-26T00:20:00Z,82.26563,87.1875,85.78125,86.83594,89.29688,91.40625,97.03125,104.41406,111.44531,115.66406,122.34375,123.04688,5.09766,4.45313,4.86328,4.80469,4.92188,5.21484,5.27344,5.625,5.625,5.74219,5.56641,5.80078,5.56641,0.081787,0.085449,0.083008,0.074463,0.06958,0.06958,0.047607,0.056152,0.097656,0.095215,0.06958
2017-08-26T00:30:00Z,84.375,88.59375,90.70313,90.70313,94.57031,98.08594,101.25,107.22656,114.96094,125.15625,127.26563,127.26563,4.92188,4.39453,4.74609,4.86328,4.6875,4.86328,5.21484,5.33203,5.39063,5.68359,5.625,5.625,5.625,0.093994,0.065918,0.068359,0.081787,0.083008,0.054932,0.072021,0.063477,0.078125,0.068359,0.050049
2017-08-26T00:40:00Z,87.53906,90.35156,92.8125,93.86719,94.92188,98.78906,101.25,106.17188,111.44531,121.64063,129.375,130.78125,4.98047,4.33594,4.62891,4.86328,4.74609,4.86328,5.09766,5.21484,5.39063,5.625,5.85938,5.68359,5.74219,0.083008,0.048828,0.070801,0.072021,0.06958,0.076904,0.058594,0.075684,0.064697,0.063477,0.048828
2017-08-26T00:50:00Z,90.35156,91.05469,95.625,93.51563,95.97656,99.84375,100.19531,112.14844,121.28906,122.69531,126.5625,127.96875,5.27344,4.57031,4.98047,5.21484,4.98047,5.09766,5.15625,5.33203,5.68359,5.68359,5.80078,5.80078,5.56641,0.10498,0.059814,0.084229,0.081787,0.063477,0.06958,0.078125,0.081787,0.083008,0.057373,0.061035
2017-08-26T01:00:00Z,93.86719,98.4375,99.49219,100.19531,100.19531,103.35938,106.875,113.90625,123.39844,126.5625,127.61719,130.07813,5.27344,4.51172,4.80469,4.80469,4.74609,4.98047,5.15625,5.39063,5.85938,5.97656,5.85938,5.80078,5.625,0.08667,0.085449,0.083008,0.074463,0.111084,0.073242,0.083008,0.054932,0.067139,0.061035,0.070801
2017-08-26T01:10:00Z,97.38281,101.60156,101.25,100.89844,103.00781,108.28125,112.5,119.88281,124.45313,123.75,126.21094,129.02344,5.03906,4.33594,4.6875,4.6875,4.74609,4.74609,5.15625,5.56641,6.09375,6.21094,6.15234,6.03516,5.68359,0.083008,0.097656,0.058594,0.068359,0.074463,0.078125,0.041504,0.050049,0.062256,0.042725,0.057373
2017-08-26T01:20:00Z,96.32813,98.4375,99.49219,99.49219,102.30469,106.875,111.79688,118.125,118.47656,121.28906,121.28906,126.91406,4.98047,4.45313,4.74609,4.80469,4.80469,4.98047,5.27344,5.91797,6.50391,6.50391,6.32813,6.15234,5.33203,0.083008,0.107422,0.068359,0.058594,0.053711,0.068359,0.058594,0.054932,0.091553,0.054932,0.067139
2017-08-26T01:30:00Z,98.78906,103.35938,101.95313,100.54688,106.52344,111.09375,114.25781,118.82813,120.23438,121.99219,126.21094,125.15625,4.92188,4.39453,4.74609,4.6875,4.6875,5.03906,5.50781,6.21094,6.50391,6.32813,5.97656,5.39063,4.86328,0.089111,0.06958,0.091553,0.076904,0.054932,0.056152,0.064697,0.065918,0.075684,0.084229,0.085449
2017-08-26T01:40:00Z,102.30469,105.11719,104.76563,105.46875,108.98438,109.6875,113.55469,119.17969,123.75,125.15625,127.96875,127.61719,4.98047,4.27734,4.39453,4.57031,4.45313,4.92188,5.44922,5.91797,6.15234,5.80078,5.56641,5.21484,4.80469,0.073242,0.093994,0.083008,0.075684,0.057373,0.056152,0.05249,0.064697,0.046387,0.05127,0.063477
2017-08-26T01:50:00Z,101.95313,104.76563,106.17188,105.46875,107.57813,109.33594,111.79688,116.71875,119.53125,125.15625,129.72656,127.26563,4.92188,4.04297,4.57031,4.62891,4.57031,4.80469,5.27344,5.74219,6.15234,5.91797,5.50781,4.86328,4.57031,0.112305,0.112305,0.107422,0.100098,0.070801,0.065918,0.05249,0.083008,0.078125,0.078125,0.076904
2017-08-26T02:00:00Z,106.875,110.39063,110.03906,112.85156,111.79688,113.90625,115.3125,122.69531,121.28906,126.91406,130.42969,129.375,5.03906,4.45313,4.80469,4.86328,4.92188,5.21484,5.44922,6.15234,6.26953,6.03516,5.625,4.80469,4.45313,0.098877,0.089111,0.083008,0.079346,0.081787,0.093994,0.058594,0.061035,0.10498,0.074463,0.085449
2017-08-26T02:10:00Z,110.03906,112.85156,113.20313,113.90625,113.90625,114.60938,117.07031,122.34375,123.75,127.26563,131.48438,129.72656,5.625,4.74609,5.27344,5.27344,5.09766,5.39063,5.625,6.09375,6.32813,6.15234,5.91797,5.33203,4.51172,0.085449,0.087891,0.101318,0.073242,0.076904,0.080566,0.06958,0.057373,0.073242,0.093994,0.067139
2017-08-26T02:20:00Z,106.17188,110.03906,107.57813,109.6875,113.20313,111.09375,112.5,118.82813,123.39844,124.10156,127.26563,126.21094,5.625,4.92188,5.27344,5.21484,5.27344,5.33203,5.44922,5.625,6.09375,6.09375,5.85938,5.44922,4.33594,0.081787,0.089111,0.092773,0.062256,0.108643,0.075684,0.073242,0.090332,0.070801,0.085449,0.083008
2017-08-26T02:30:00Z,108.98438,110.03906,111.44531,112.85156,113.55469,115.66406,121.28906,127.96875,128.32031,127.61719,129.375,131.13281,5.44922,4.51172,4.80469,4.80469,5.03906,5.09766,5.44922,5.80078,6.21094,6.21094,6.09375,5.91797,5.03906,0.091553,0.129395,0.098877,0.101318,0.092773,0.08667,0.073242,0.063477,0.062256,0.075684,0.142822
2017-08-26T02:40:00Z,112.14844,117.07031,117.77344,114.96094,118.125,118.47656,123.04688,130.07813,130.07813,129.02344,130.42969,129.72656,5.21484,4.51172,5.09766,5.09766,5.09766,5.09766,5.39063,5.85938,6.21094,6.26953,6.15234,6.03516,4.74609,0.081787,0.115967,0.089111,0.080566,0.078125,0.062256,0.063477,0.076904,0.075684,0.089111,0.108643
2017-08-26T02:50:00Z,113.55469,117.77344,116.71875,116.71875,118.125,119.17969,126.91406,129.72656,131.83594,132.1875,132.1875,129.72656,5.27344,4.6875,5.03906,4.98047,5.03906,5.09766,5.27344,5.85938,6.32813,6.38672,6.32813,6.03516,5.21484,0.074463,0.124512,0.106201,0.115967,0.070801,0.080566,0.06958,0.064697,0.100098,0.113525,0.170898
2017-08-26T03:00:00Z,112.85156,120.9375,120.23438,118.47656,121.64063,125.85938,129.02344,132.53906,133.24219,131.83594,132.53906,135.0,5.21484,4.45313,4.80469,4.80469,4.86328,4.98047,5.27344,6.03516,6.73828,6.67969,6.44531,6.5625,6.15234,0.091553,0.111084,0.093994,0.113525,0.076904,0.090332,0.084229,0.067139,0.106201,0.091553,0.131836
2017-08-26T03:10:00Z,118.125,123.39844,122.69531,124.80469,125.50781,128.67188,128.32031,132.53906,131.83594,133.94531,130.07813,134.64844,5.15625,4.39453,4.6875,4.74609,4.51172,4.80469,5.15625,6.03516,6.62109,6.62109,6.5625,6.62109,6.26953,0.101318,0.115967,0.152588,0.119629,0.102539,0.070801,0.081787,0.062256,0.079346,0.093994,0.100098
2017-08-26T03:20:00Z,115.3125,115.3125,119.53125,117.77344,119.17969,119.17969,125.15625,128.32031,133.24219,131.13281,133.24219,133.24219,4.57031,3.75,4.33594,4.21875,4.33594,4.39453,4.51172,5.21484,6.03516,6.38672,6.32813,6.26953,5.97656,0.117188,0.119629,0.115967,0.142822,0.12207,0.106201,0.081787,0.078125,0.068359,0.084229,0.150146
2017-08-26T03:30:00Z,113.55469,119.53125,116.71875,116.01563,118.82813,116.36719,124.10156,131.13281,132.89063,135.35156,133.94531,134.64844,4.51172,3.80859,4.27734,4.10156,4.33594,4.39453,4.6875,4.86328,5.56641,6.21094,6.21094,6.03516,5.50781,0.12207,0.185547,0.087891,0.140381,0.123291,0.119629,0.097656,0.101318,0.107422,0.137939,0.155029
2017-08-26T03:40:00Z,116.36719,117.42188,119.17969,118.125,121.99219,125.50781,125.15625,133.94531,139.57031,136.75781,139.21875,135.0,4.62891,3.86719,4.33594,4.21875,4.16016,4.21875,4.21875,4.6875,5.625,6.38672,6.26953,6.26953,5.91797,0.118408,0.135498,0.113525,0.15625,0.13916,0.12085,0.100098,0.075684,0.091553,0.095215,0.118408
2017-08-26T03:50:00Z,113.55469,114.25781,116.01563,115.66406,117.77344,126.5625,133.24219,139.57031,142.03125,140.27344,139.57031,139.92188,4.16016,3.39844,3.63281,3.51563,3.51563,3.69141,3.86719,4.80469,5.97656,6.26953,6.03516,6.09375,5.80078,0.12207,0.12085,0.131836,0.107422,0.145264,0.123291,0.089111,0.059814,0.061035,0.076904,0.085449
2017-08-26T04:00:00Z,116.36719,121.64063,124.80469,120.58594,123.04688,127.61719,138.86719,145.89844,146.60156,143.08594,144.49219,139.92188,3.92578,3.10547,3.33984,3.33984,3.33984,3.39844,3.86719,4.57031,5.68359,6.09375,6.21094,6.03516,6.03516,0.10376,0.155029,0.114746,0.10376,0.107422,0.091553,0.080566,0.065918,0.075684,0.089111,0.074463
2017-08-26T04:10:00Z,114.60938,116.71875,120.9375,120.23438,119.88281,127.61719,135.35156,147.30469,146.25,145.19531,145.89844,145.89844,3.57422,2.8125,2.98828,2.87109,2.98828,3.16406,3.33984,3.98438,5.33203,5.91797,5.97656,5.91797,5.74219,0.179443,0.159912,0.148926,0.152588,0.10498,0.089111,0.078125,0.06958,0.081787,0.085449,0.062256
2017-08-26T04:20:00Z,108.63281,108.98438,108.98438,110.39063,116.01563,119.88281,129.02344,146.25,144.14063,143.4375,146.60156,143.78906,3.28125,2.57813,2.8125,2.8125,2.75391,2.8125,3.04688,3.69141,4.98047,5.68359,5.56641,5.56641,5.33203,0.169678,0.126953,0.144043,0.152588,0.126953,0.130615,0.119629,0.090332,0.070801,0.092773,0.090332
2017-08-26T04:30:00Z,100.89844,103.35938,108.98438,106.17188,108.98438,118.47656,123.75,141.67969,141.67969,142.03125,141.32813,141.67969,3.75,2.57813,2.69531,2.75391,2.8125,2.75391,2.92969,3.69141,5.03906,5.39063,5.33203,5.39063,5.15625,0.142822,0.137939,0.12207,0.096436,0.111084,0.112305,0.118408,0.076904,0.074463,0.053711,0.078125
2017-08-26T04:40:00Z,103.00781,107.92969,108.98438,106.52344,110.74219,120.23438,127.96875,142.38281,141.32813,143.4375,142.73438,144.49219,3.04688,2.46094,2.75391,2.75391,2.8125,2.8125,3.04688,3.57422,4.80469,5.39063,5.44922,5.15625,5.09766,0.128174,0.108643,0.061035,0.12207,0.124512,0.101318,0.096436,0.073242,0.061035,0.076904,0.076904
2017-08-26T04:50:00Z,113.55469,118.125,118.82813,118.125,120.58594,129.02344,133.94531,141.32813,144.84375,146.25,145.19531,145.19531,3.39844,2.87109,3.04688,3.10547,3.10547,3.16406,3.33984,3.86719,4.86328,5.74219,5.80078,5.625,5.625,0.13916,0.119629,0.113525,0.092773,0.089111,0.081787,0.096436,0.067139,0.054932,0.070801,0.085449
2017-08-26T05:00:00Z,115.3125,120.58594,119.17969,119.88281,123.39844,128.67188,134.64844,144.49219,145.54688,145.89844,146.95313,147.30469,3.28125,2.63672,2.8125,2.8125,2.92969,2.98828,3.28125,3.75,4.98047,5.33203,5.56641,5.68359,5.625,0.119629,0.111084,0.102539,0.107422,0.090332,0.085449,0.062256,0.057373,0.074463,0.070801,0.058594
2017-08-26T05:10:00Z,120.9375,127.26563,126.91406,128.32031,130.42969,136.75781,137.8125,146.95313,146.95313,148.35938,148.71094,147.65625,3.45703,2.69531,2.8125,2.92969,2.98828,3.16406,3.51563,4.10156,5.15625,5.625,5.625,5.50781,5.44922,0.08667,0.128174,0.113525,0.095215,0.10498,0.100098,0.063477,0.047607,0.053711,0.067139,0.058594
2017-08-26T05:20:00Z,124.80469,132.1875,130.78125,132.89063,136.05469,137.10938,142.38281,149.41406,149.0625,147.65625,146.60156,146.95313,3.33984,2.75391,2.92969,2.92969,2.87109,3.16406,3.45703,4.10156,5.39063,5.68359,5.56641,5.74219,5.50781,0.083008,0.093994,0.124512,0.115967,0.080566,0.085449,0.079346,0.061035,0.061035,0.043945,0.072021
2017-08-26T05:30:00Z,125.15625,130.07813,129.375,127.96875,132.1875,133.24219,138.51563,144.84375,149.41406,148.35938,149.76563,146.60156,3.33984,2.69531,2.92969,2.87109,2.92969,3.04688,3.39844,4.04297,5.03906,5.85938,5.80078,5.91797,5.80078,0.093994,0.106201,0.101318,0.117188,0.090332,0.079346,0.100098,0.076904,0.065918,0.072021,0.073242
2017-08-26T05:40:00Z,131.13281,137.8125,140.27344,138.51563,138.16406,140.625,143.4375,150.11719,152.22656,153.63281,150.11719,150.11719,3.51563,2.92969,3.16406,3.16406,3.16406,3.39844,3.69141,4.27734,5.21484,5.85938,5.85938,5.74219,5.80078,0.118408,0.115967,0.111084,0.107422,0.106201,0.076904,0.084229,0.059814,0.067139,0.05127,0.065918
2017-08-26T05:50:00Z,135.35156,138.86719,140.97656,139.92188,139.21875,142.73438,146.60156,152.92969,152.92969,152.57813,152.57813,151.52344,3.80859,2.98828,3.16406,3.16406,3.10547,3.39844,3.45703,3.86719,4.39453,5.50781,5.56641,5.44922,5.33203,0.124512,0.126953,0.129395,0.137939,0.164795,0.118408,0.087891,0.061035,0.050049,0.079346,0.084229
2017-08-26T06:00:00Z,126.91406,128.67188,130.42969,132.89063,132.89063,138.16406,144.84375,150.46875,151.875,151.875,152.57813,151.875,3.28125,2.57813,2.63672,2.57813,2.57813,2.57813,2.63672,2.87109,3.39844,4.6875,4.98047,4.98047,4.92188,0.123291,0.142822,0.135498,0.12085,0.168457,0.123291,0.163574,0.106201,0.107422,0.106201,0.073242
2017-08-26T06:10:00Z,116.01563,121.64063,119.88281,123.39844,124.10156,127.26563,134.29688,140.625,145.89844,146.95313,148.35938,148.00781,2.92969,2.51953,2.51953,2.46094,2.40234,2.46094,2.57813,2.75391,3.10547,4.45313,4.80469,4.74609,4.6875,0.101318,0.13916,0.140381,0.117188,0.112305,0.108643,0.12085,0.112305,0.080566,0.048828,0.097656
2017-08-26T06:20:00Z,123.04688,130.07813,129.375,131.83594,130.07813,135.70313,142.03125,150.82031,152.57813,151.17188,149.76563,140.625,2.69531,1.99219,1.99219,1.99219,1.99219,1.99219,1.99219,2.22656,2.51953,3.10547,3.69141,4.04297,3.51563,0.183105,0.159912,0.17334,0.157471,0.172119,0.130615,0.123291,0.251465,0.262451,0.206299,0.285645
2017-08-26T06:30:00Z,137.10938,143.08594,144.84375,144.14063,143.4375,147.30469,150.82031,158.20313,162.77344,166.99219,164.88281,160.66406,2.28516,1.69922,1.75781,1.75781,1.75781,1.69922,1.81641,1.99219,2.34375,2.63672,3.04688,3.57422,3.86719,0.117188,0.125732,0.148926,0.183105,0.151367,0.129395,0.152588,0.097656,0.168457,0.206299,0.180664
2017-08-26T06:40:00Z,146.95313,151.52344,151.875,153.28125,151.17188,155.39063,156.44531,163.47656,162.42188,169.80469,175.07813,166.64063,2.28516,1.81641,1.99219,1.93359,1.93359,1.93359,1.99219,1.99219,2.10938,2.34375,2.63672,3.10547,4.04297,0.168457,0.157471,0.17334,0.174561,0.166016,0.148926,0.112305,0.125732,0.085449,0.178223,0.177002
2017-08-26T06:50:00Z,138.51563,144.84375,150.11719,152.22656,150.11719,154.33594,155.03906,167.34375,172.96875,181.40625,179.64844,176.13281,2.05078,1.40625,1.46484,1.46484,1.40625,1.52344,1.46484,1.52344,1.64063,1.875,2.16797,2.69531,3.69141,0.236816,0.264893,0.19165,0.180664,0.20874,0.174561,0.229492,0.113525,0.130615,0.211182,0.124512
2017-08-26T07:00:00Z,127.96875,130.42969,130.78125,126.91406,138.16406,136.75781,147.30469,162.42188,174.375,178.59375,174.72656,163.82813,1.81641,1.23047,1.40625,1.34766,1.34766,1.34766,1.11328,1.28906,1.34766,1.875,2.10938,3.16406,4.16016,0.263672,0.2771,0.209961,0.235596,0.236816,0.236816,0.217285,0.133057,0.142822,0.178223,0.101318
2017-08-26T07:10:00Z,128.67188,132.53906,128.67188,134.29688,131.83594,144.84375,162.42188,181.05469,181.75781,179.29688,171.91406,168.75,1.69922,1.23047,1.23047,1.17188,1.28906,1.23047,1.11328,1.17188,1.40625,2.05078,2.40234,3.28125,4.33594,0.216064,0.284424,0.249023,0.317383,0.299072,0.251465,0.152588,0.125732,0.118408,0.195313,0.097656
2017-08-26T07:20:00Z,156.09375,166.64063,166.64063,165.23438,171.21094,185.625,200.39063,199.6875,195.11719,193.00781,190.54688,185.625,1.40625,0.99609,1.05469,0.99609,0.99609,0.99609,1.05469,1.40625,1.93359,2.40234,2.69531,2.92969,3.45703,0.200195,0.100098,0.250244,0.250244,0.100098,0.218506,0.214844,0.115967,0.115967,0.100098,0.185547
2017-08-26T07:30:00Z,127.96875,126.91406,136.75781,131.13281,152.92969,177.1875,186.32813,183.86719,185.27344,184.92188,186.32813,186.67969,1.40625,0.87891,1.05469,1.05469,0.99609,1.05469,1.17188,1.58203,1.875,2.16797,2.34375,2.51953,3.10547,0.267334,0.296631,0.238037,0.20874,0.183105,0.211182,0.145264,0.144043,0.125732,0.140381,0.205078
2017-08-26T07:40:00Z,132.1875,144.84375,149.0625,142.73438,158.20313,170.50781,178.59375,181.05469,183.86719,187.73438,184.92188,181.75781,1.64063,1.23047,1.28906,1.28906,1.28906,1.28906,1.58203,1.81641,2.10938,2.22656,2.40234,3.45703,4.27734,0.236816,0.222168,0.288086,0.253906,0.263672,0.123291,0.159912,0.112305,0.152588,0.245361,0.10498
2017-08-26T07:50:00Z,141.32813,149.0625,159.25781,158.55469,164.88281,174.72656,174.72656,180.0,181.05469,186.67969,185.625,182.10938,2.05078,1.46484,1.64063,1.64063,1.64063,1.875,2.10938,2.16797,2.34375,2.46094,2.92969,4.04297,4.57031,0.186768,0.201416,0.174561,0.161133,0.148926,0.166016,0.123291,0.159912,0.133057,0.12085,0.087891
2017-08-26T08:00:00Z,132.1875,140.27344,144.49219,143.4375,153.28125,157.85156,164.53125,167.34375,174.02344,179.29688,180.0,179.64844,2.40234,1.93359,2.05078,2.10938,2.10938,2.16797,2.40234,2.51953,2.63672,2.92969,3.63281,4.16016,4.39453,0.151367,0.147705,0.150146,0.115967,0.109863,0.075684,0.12085,0.125732,0.146484,0.124512,0.097656
2017-08-26T08:10:00Z,137.10938,143.08594,145.19531,143.78906,152.22656,157.5,160.3125,164.88281,171.5625,186.32813,185.97656,186.67969,2.51953,1.875,1.99219,1.99219,2.05078,2.16797,2.40234,2.34375,2.51953,2.92969,3.39844,3.39844,3.57422,0.163574,0.148926,0.151367,0.164795,0.151367,0.141602,0.112305,0.117188,0.111084,0.111084,0.101318
2017-08-26T08:20:00Z,132.1875,138.51563,144.14063,138.16406,145.19531,152.92969,156.44531,164.53125,177.53906,190.19531,191.60156,195.46875,2.40234,1.75781,1.99219,1.93359,2.05078,2.05078,2.10938,2.28516,2.40234,2.75391,2.87109,3.04688,2.92969,0.177002,0.214844,0.163574,0.185547,0.217285,0.345459,0.377197,0.170898,0.17334,0.285645,0.153809
2017-08-26T08:30:00Z,156.79688,162.42188,166.28906,161.01563,170.15625,174.72656,180.35156,184.57031,192.65625,206.01563,220.78125,220.07813,1.99219,1.46484,1.64063,1.69922,1.64063,1.69922,1.875,1.99219,2.28516,2.51953,2.63672,2.69531,2.75391,0.205078,0.175781,0.245361,0.209961,0.179443,0.175781,0.178223,0.117188,0.108643,0.100098,0.114746
2017-08-26T08:40:00Z,157.5,165.23438,164.53125,164.88281,170.85938,172.96875,178.24219,187.73438,206.36719,219.02344,230.27344,223.94531,1.875,1.34766,1.40625,1.52344,1.58203,1.58203,1.58203,1.58203,1.69922,1.75781,1.93359,2.16797,2.28516,0.214844,0.20874,0.238037,0.185547,0.159912,0.222168,0.162354,0.19165,0.183105,0.142822,0.124512
2017-08-26T08:50:00Z,178.59375,185.27344,186.32813,186.32813,187.38281,187.03125,195.46875,207.77344,228.51563,234.84375,237.30469,236.60156,1.99219,1.52344,1.69922,1.75781,1.69922,1.69922,1.81641,1.75781,1.81641,1.93359,2.05078,2.22656,2.28516,0.169678,0.170898,0.183105,0.198975,0.136719,0.163574,0.129395,0.146484,0.106201,0.183105,0.131836
2017-08-26T09:00:00Z,187.03125,193.71094,190.89844,189.14063,192.30469,193.35938,203.55469,216.91406,233.08594,238.71094,240.82031,236.95313,2.10938,1.64063,1.64063,1.69922,1.64063,1.64063,1.64063,1.75781,1.75781,1.93359,2.10938,2.28516,2.28516,0.230713,0.177002,0.203857,0.189209,0.192871,0.147705,0.184326,0.177002,0.113525,0.119629,0.148926
2017-08-26T09:10:00Z,194.76563,197.22656,200.74219,203.55469,206.01563,210.9375,215.85938,220.78125,243.98438,237.30469,233.4375,227.46094,2.16797,1.40625,1.46484,1.46484,1.46484,1.58203,1.64063,1.81641,1.99219,2.40234,2.69531,2.87109,3.16406,0.198975,0.194092,0.170898,0.101318,0.19165,0.112305,0.115967,0.15625,0.115967,0.109863,0.10376
2017-08-26T09:20:00Z,198.98438,207.77344,211.64063,211.28906,220.42969,222.53906,237.65625,235.54688,232.38281,226.40625,226.40625,221.13281,2.05078,1.52344,1.81641,1.64063,1.64063,1.75781,1.93359,2.16797,2.46094,2.92969,3.16406,3.51563,3.57422,0.203857,0.20752,0.20874,0.164795,0.239258,0.180664,0.096436,0.10498,0.117188,0.12207,0.119629
2017-08-26T09:30:00Z,187.73438,199.6875,202.85156,200.03906,212.34375,218.32031,228.16406,227.8125,224.64844,220.78125,222.53906,218.67188,1.99219,1.52344,1.52344,1.58203,1.52344,1.58203,1.75781,2.10938,2.51953,2.87109,3.33984,3.51563,3.98438,0.262451,0.253906,0.24292,0.229492,0.196533,0.144043,0.163574,0.131836,0.150146,0.119629,0.125732
2017-08-26T09:40:00Z,208.82813,214.10156,223.94531,214.80469,238.35938,237.65625,238.71094,238.00781,243.63281,239.0625,239.41406,235.54688,1.75781,0.99609,1.17188,1.40625,1.40625,1.40625,1.58203,1.81641,2.16797,2.34375,3.10547,3.63281,3.80859,0.356445,0.427246,0.60791,0.467529,0.349121,0.455322,0.426025,0.24292,0.290527,0.172119,0.144043
2017-08-26T09:50:00Z,239.0625,245.39063,246.44531,249.60938,249.96094,251.36719,247.5,244.33594,240.82031,236.60156,241.875,241.52344,1.40625,0.99609,1.11328,1.23047,1.17188,1.23047,1.40625,1.46484,1.69922,1.81641,2.16797,2.87109,3.28125,0.24292,0.202637,0.202637,0.162354,0.234375,0.213623,0.17334,0.135498,0.195313,0.181885,0.123291
2017-08-26T10:00:00Z,268.59375,267.53906,267.53906,268.94531,269.29688,265.78125,260.85938,260.15625,251.36719,252.77344,253.82813,254.53125,1.46484,1.05469,1.17188,1.17188,1.11328,1.17188,1.17188,1.28906,1.40625,1.64063,1.875,2.16797,2.57813,0.197754,0.228271,0.296631,0.238037,0.26123,0.179443,0.186768,0.144043,0.164795,0.123291,0.177002
2017-08-26T10:10:00Z,242.22656,245.03906,242.92969,242.92969,244.6875,244.33594,240.82031,241.52344,238.71094,240.46875,243.28125,254.88281,1.81641,1.28906,1.40625,1.40625,1.40625,1.52344,1.46484,1.64063,1.75781,1.93359,2.16797,2.51953,3.22266,0.183105,0.178223,0.187988,0.189209,0.175781,0.17334,0.141602,0.144043,0.12207,0.114746,0.167236
2017-08-26T10:20:00Z,223.94531,221.83594,226.05469,222.89063,222.53906,220.07813,227.8125,226.75781,229.21875,230.97656,247.14844,251.01563,1.58203,1.05469,1.23047,1.23047,1.17188,1.23047,1.23047,1.46484,1.46484,1.64063,1.81641,2.40234,2.63672,0.230713,0.223389,0.187988,0.202637,0.216064,0.15625,0.201416,0.102539,0.118408,0.10498,0.092773
2017-08-26T10:30:00Z,205.66406,209.17969,206.36719,204.96094,207.07031,206.01563,206.01563,208.125,215.50781,223.94531,237.65625,249.96094,1.81641,1.17188,1.46484,1.40625,1.40625,1.40625,1.40625,1.52344,1.58203,1.64063,1.75781,2.05078,2.22656,0.214844,0.212402,0.211182,0.227051,0.17334,0.175781,0.153809,0.100098,0.109863,0.072021,0.084229
2017-08-26T10:40:00Z,204.96094,209.17969,205.66406,208.47656,209.17969,210.23438,210.9375,212.69531,214.80469,222.53906,229.21875,241.17188,2.28516,1.58203,1.64063,1.69922,1.69922,1.75781,1.75781,1.81641,1.69922,1.81641,1.875,1.93359,2.22656,0.157471,0.19165,0.195313,0.158691,0.153809,0.117188,0.13916,0.12085,0.118408,0.091553,0.098877
2017-08-26T10:50:00Z,201.79688,205.3125,209.17969,212.34375,211.64063,211.99219,211.28906,220.42969,220.07813,225.0,238.00781,252.42188,1.93359,1.28906,1.46484,1.46484,1.34766,1.40625,1.40625,1.34766,1.40625,1.28906,1.40625,1.46484,1.75781,0.205078,0.175781,0.202637,0.203857,0.235596,0.198975,0.197754,0.20874,0.172119,0.194092,0.153809
2017-08-26T11:00:00Z,213.75,217.96875,217.61719,219.375,220.78125,221.48438,225.70313,226.40625,231.67969,234.49219,245.39063,248.55469,2.28516,1.75781,1.875,1.875,1.875,1.93359,1.81641,1.75781,1.75781,1.75781,1.81641,1.875,1.93359,0.095215,0.101318,0.112305,0.107422,0.113525,0.126953,0.142822,0.12207,0.083008,0.12207,0.128174
2017-08-26T11:10:00Z,212.34375,216.5625,216.91406,216.21094,217.61719,223.94531,228.16406,230.97656,239.41406,242.57813,247.14844,254.17969,2.40234,1.75781,1.75781,1.75781,1.875,1.81641,1.81641,1.81641,1.875,1.875,1.75781,1.75781,1.81641,0.124512,0.158691,0.152588,0.15625,0.113525,0.112305,0.119629,0.106201,0.119629,0.114746,0.123291
2017-08-26T11:20:00Z,213.39844,214.80469,217.26563,218.67188,219.02344,223.59375,227.8125,237.65625,244.33594,249.96094,254.88281,256.99219,2.69531,1.875,1.99219,2.05078,1.99219,2.05078,1.93359,1.99219,1.93359,1.875,1.81641,1.81641,1.75781,0.135498,0.145264,0.136719,0.164795,0.157471,0.168457,0.145264,0.169678,0.150146,0.134277,0.150146
2017-08-26T11:30:00Z,218.67188,220.07813,222.1875,222.1875,222.53906,228.16406,228.16406,231.67969,238.00781,242.22656,249.25781,258.04688,2.63672,2.05078,2.16797,2.22656,2.22656,2.22656,2.22656,2.16797,2.28516,2.28516,2.28516,2.22656,2.10938,0.147705,0.150146,0.146484,0.126953,0.083008,0.073242,0.079346,0.084229,0.075684,0.109863,0.117188
2017-08-26T11:40:00Z,220.07813,225.70313,227.8125,228.16406,230.97656,230.625,231.67969,235.19531,236.95313,239.0625,244.33594,245.74219,2.8125,2.10938,2.28516,2.28516,2.28516,2.28516,2.22656,2.40234,2.34375,2.40234,2.40234,2.40234,2.34375,0.111084,0.097656,0.095215,0.100098,0.102539,0.092773,0.085449,0.083008,0.067139,0.075684,0.079346
2017-08-26T11:50:00Z,233.4375,234.49219,233.78906,236.60156,231.67969,234.84375,235.54688,237.30469,240.82031,241.875,245.74219,250.3125,2.63672,2.10938,2.40234,2.40234,2.34375,2.40234,2.40234,2.46094,2.46094,2.46094,2.46094,2.46094,2.40234,0.109863,0.164795,0.107422,0.197754,0.10376,0.08667,0.089111,0.070801,0.098877,0.068359,0.095215
2017-08-26T12:00:00Z,227.8125,230.97656,230.625,230.97656,229.92188,231.32813,233.4375,234.49219,234.49219,239.41406,240.46875,241.17188,3.16406,2.46094,2.63672,2.63672,2.63672,2.63672,2.63672,2.63672,2.63672,2.63672,2.63672,2.63672,2.57813,0.114746,0.102539,0.102539,0.080566,0.079346,0.074463,0.08667,0.092773,0.093994,0.070801,0.150146
2017-08-26T12:10:00Z,228.86719,226.40625,231.32813,233.78906,231.67969,233.08594,232.38281,233.78906,235.19531,237.30469,239.41406,245.39063,2.92969,2.40234,2.87109,2.8125,2.87109,2.8125,2.8125,2.8125,2.87109,2.92969,2.8125,2.87109,2.92969,0.179443,0.102539,0.108643,0.095215,0.098877,0.113525,0.087891,0.151367,0.090332,0.085449,0.151367
2017-08-26T12:20:00Z,234.49219,243.63281,241.17188,240.82031,243.28125,240.46875,241.875,242.92969,245.03906,245.03906,248.55469,247.85156,3.28125,2.57813,2.87109,2.8125,2.87109,2.8125,2.8125,2.87109,2.8125,2.87109,2.87109,2.8125,2.8125,0.089111,0.085449,0.095215,0.08667,0.098877,0.078125,0.062256,0.061035,0.080566,0.062256,0.070801
2017-08-26T12:30:00Z,246.44531,251.36719,251.36719,251.01563,251.36719,252.42188,252.42188,255.23438,255.23438,257.34375,260.15625,258.39844,3.28125,2.63672,2.92969,2.98828,2.98828,3.04688,3.04688,3.04688,3.10547,2.98828,2.92969,2.92969,2.8125,0.108643,0.10498,0.117188,0.114746,0.136719,0.059814,0.091553,0.068359,0.100098,0.056152,0.090332
2017-08-26T12:40:00Z,250.3125,259.45313,260.85938,259.80469,259.10156,260.50781,258.39844,264.375,264.02344,266.83594,266.13281,266.13281,3.16406,2.63672,3.22266,3.16406,3.16406,3.33984,3.10547,3.16406,3.28125,3.28125,3.33984,3.22266,3.45703,0.137939,0.153809,0.13916,0.159912,0.118408,0.109863,0.147705,0.163574,0.185547,0.167236,0.426025
2017-08-26T12:50:00Z,262.26563,266.83594,265.78125,268.24219,268.24219,267.89063,268.24219,270.70313,271.75781,272.8125,273.86719,274.92188,3.45703,2.8125,3.22266,3.22266,3.16406,3.22266,3.22266,3.22266,3.16406,3.22266,3.28125,3.16406,3.22266,0.118408,0.108643,0.113525,0.123291,0.106201,0.10376,0.092773,0.107422,0.115967,0.113525,0.126953
2017-08-26T13:00:00Z,260.85938,264.02344,264.72656,265.78125,264.72656,266.83594,265.42969,267.89063,267.1875,269.29688,270.0,271.40625,3.45703,2.8125,3.10547,3.16406,3.10547,3.10547,3.16406,3.16406,3.16406,3.16406,3.10547,3.10547,3.10547,0.058594,0.089111,0.084229,0.090332,0.098877,0.08667,0.063477,0.080566,0.074463,0.06958,0.056152
2017-08-26T13:10:00Z,266.83594,269.29688,270.0,269.64844,268.59375,270.0,271.40625,272.46094,273.51563,274.21875,273.16406,275.27344,3.75,2.98828,3.22266,3.22266,3.16406,3.28125,3.22266,3.22266,3.22266,3.22266,3.22266,3.10547,3.22266,0.10376,0.10376,0.119629,0.111084,0.093994,0.093994,0.102539,0.095215,0.102539,0.089111,0.072021
2017-08-26T13:20:00Z,267.53906,271.05469,272.46094,274.21875,270.70313,271.75781,273.16406,275.27344,275.27344,277.03125,276.67969,277.73438,4.04297,3.04688,3.33984,3.45703,3.51563,3.45703,3.57422,3.51563,3.57422,3.51563,3.57422,3.51563,3.57422,0.08667,0.167236,0.140381,0.155029,0.128174,0.114746,0.123291,0.117188,0.142822,0.133057,0.130615
2017-08-26T13:30:00Z,266.48438,269.29688,269.64844,270.35156,272.46094,269.64844,272.10938,272.8125,273.51563,275.625,274.92188,274.92188,3.57422,2.98828,3.33984,3.45703,3.33984,3.45703,3.45703,3.51563,3.45703,3.51563,3.51563,3.45703,3.45703,0.102539,0.10498,0.080566,0.085449,0.095215,0.096436,0.095215,0.084229,0.087891,0.100098,0.084229
2017-08-26T13:40:00Z,268.24219,275.97656,275.97656,278.08594,276.67969,275.97656,276.67969,276.67969,273.51563,273.16406,274.57031,272.10938,3.98438,3.28125,3.57422,3.63281,3.57422,3.63281,3.69141,3.75,3.69141,3.63281,3.63281,3.63281,3.63281,0.10376,0.068359,0.095215,0.08667,0.080566,0.053711,0.12207,0.076904,0.068359,0.084229,0.089111
2017-08-26T13:50:00Z,273.51563,280.89844,285.11719,280.54688,281.25,279.84375,281.95313,283.00781,280.54688,278.4375,281.25,279.14063,4.04297,3.33984,3.80859,3.86719,3.69141,3.75,3.63281,3.80859,3.75,3.86719,3.75,3.75,3.63281,0.187988,0.20874,0.163574,0.152588,0.142822,0.161133,0.174561,0.17334,0.230713,0.19165,0.180664
2017-08-26T14:00:00Z,273.16406,289.33594,289.6875,291.44531,281.95313,284.76563,280.89844,281.25,284.76563,277.73438,278.78906,279.49219,4.62891,3.86719,4.6875,4.6875,4.86328,4.80469,4.80469,4.80469,4.86328,5.03906,4.86328,4.98047,4.98047,0.123291,0.126953,0.142822,0.111084,0.112305,0.137939,0.117188,0.131836,0.124512,0.111084,0.142822
2017-08-26T14:10:00Z,276.32813,280.54688,279.84375,280.54688,283.35938,283.00781,282.65625,281.60156,282.65625,284.41406,277.73438,280.54688,5.68359,4.57031,5.03906,5.15625,4.98047,5.39063,5.15625,5.09766,5.21484,5.09766,5.09766,5.15625,5.27344,0.142822,0.144043,0.126953,0.112305,0.145264,0.17334,0.150146,0.157471,0.115967,0.211182,0.229492
2017-08-26T14:20:00Z,283.35938,286.17188,284.0625,287.57813,285.46875,280.54688,289.6875,287.22656,285.82031,286.52344,288.28125,288.28125,5.56641,4.6875,5.09766,5.15625,5.21484,5.21484,5.33203,4.92188,5.15625,5.09766,5.21484,5.15625,5.21484,0.119629,0.131836,0.131836,0.124512,0.245361,0.195313,0.113525,0.106201,0.133057,0.147705,0.12207
2017-08-26T14:30:00Z,292.5,298.82813,299.17969,298.82813,298.125,299.53125,297.07031,296.36719,297.07031,300.58594,297.42188,298.47656,6.09375,5.21484,5.85938,5.625,5.74219,5.80078,5.625,5.625,5.85938,5.80078,5.50781,5.50781,5.625,0.163574,0.164795,0.158691,0.146484,0.108643,0.112305,0.13916,0.146484,0.134277,0.172119,0.169678
2017-08-26T14:40:00Z,302.34375,306.5625,307.61719,305.85938,305.15625,309.375,305.85938,306.5625,307.96875,306.91406,306.5625,307.26563,6.38672,5.44922,5.97656,6.15234,6.09375,6.03516,6.21094,6.26953,6.26953,6.09375,6.09375,6.26953,6.15234,0.134277,0.126953,0.118408,0.128174,0.137939,0.117188,0.087891,0.114746,0.10498,0.115967,0.119629
2017-08-26T14:50:00Z,306.5625,309.02344,314.64844,315.70313,314.29688,315.70313,312.89063,313.59375,312.1875,312.89063,312.1875,317.8125,6.91406,5.625,6.5625,6.5625,6.62109,6.67969,6.5625,6.62109,6.5625,6.5625,6.62109,6.62109,6.38672,0.123291,0.113525,0.148926,0.150146,0.136719,0.134277,0.134277,0.130615,0.147705,0.166016,0.129395
2017-08-26T15:00:00Z,311.13281,315.70313,316.05469,316.40625,317.10938,315.0,316.75781,316.75781,314.29688,312.89063,316.40625,313.94531,6.85547,5.91797,6.91406,6.97266,6.79688,7.03125,6.91406,6.85547,7.08984,6.62109,7.03125,7.26563,6.91406,0.087891,0.087891,0.078125,0.112305,0.118408,0.118408,0.073242,0.112305,0.095215,0.100098,0.108643
2017-08-26T15:10:00Z,316.05469,322.03125,320.625,319.92188,320.27344,319.92188,319.57031,320.625,324.49219,322.73438,319.21875,322.73438,6.67969,5.625,6.79688,6.67969,6.85547,6.85547,6.73828,7.03125,7.08984,7.14844,6.73828,6.97266,7.03125,0.117188,0.119629,0.12207,0.12085,0.13916,0.101318,0.107422,0.091553,0.150146,0.097656,0.085449
2017-08-26T15:20:00Z,322.38281,326.60156,325.19531,327.30469,326.60156,326.60156,329.0625,327.65625,329.76563,327.30469,330.82031,329.41406,7.26563,6.15234,7.44141,7.38281,7.44141,7.5,7.38281,7.44141,7.26563,7.32422,7.32422,7.44141,7.32422,0.098877,0.130615,0.10498,0.124512,0.106201,0.111084,0.090332,0.111084,0.12207,0.135498,0.112305
2017-08-26T15:30:00Z,322.03125,328.71094,326.95313,326.25,329.76563,325.19531,330.46875,330.46875,331.875,332.57813,332.22656,332.22656,7.79297,6.38672,7.14844,7.20703,7.26563,7.08984,7.32422,7.26563,7.14844,6.97266,7.26563,6.91406,6.97266,0.148926,0.141602,0.146484,0.126953,0.146484,0.112305,0.12207,0.159912,0.098877,0.167236,0.150146
2017-08-26T15:40:00Z,326.60156,332.22656,333.63281,328.35938,330.46875,330.46875,333.28125,331.17188,331.17188,333.98438,332.57813,334.33594,7.44141,5.97656,7.03125,7.03125,7.20703,6.85547,6.91406,6.91406,6.85547,7.08984,6.85547,6.97266,6.73828,0.170898,0.125732,0.136719,0.128174,0.142822,0.159912,0.128174,0.106201,0.12207,0.117188,0.123291
2017-08-26T15:50:00Z,326.25,329.41406,330.11719,329.41406,330.82031,335.39063,332.57813,332.22656,331.52344,332.92969,332.92969,332.22656,7.38281,6.21094,6.97266,6.85547,6.5625,7.14844,6.85547,6.91406,6.79688,7.08984,6.85547,6.85547,6.67969,0.141602,0.15625,0.168457,0.13916,0.145264,0.096436,0.131836,0.13916,0.113525,0.10498,0.096436
2017-08-26T16:00:00Z,329.76563,333.63281,333.63281,333.98438,332.57813,330.46875,333.98438,334.6875,335.03906,335.39063,335.03906,333.28125,7.32422,6.15234,6.67969,6.73828,6.79688,6.5625,6.5625,6.73828,6.73828,6.62109,6.38672,6.44531,6.44531,0.117188,0.117188,0.118408,0.130615,0.152588,0.114746,0.146484,0.166016,0.125732,0.106201,0.12085
2017-08-26T16:40:00Z,329.76563,342.07031,343.47656,342.42188,343.82813,343.82813,348.04688,348.39844,344.17969,339.60938,334.33594,331.17188,7.32422,6.15234,4.80469,4.98047,4.74609,4.80469,5.15625,4.92188,4.86328,4.86328,5.09766,5.33203,5.15625,0.213623,0.130615,0.195313,0.211182,0.130615,0.107422,0.174561,0.163574,0.114746,0.089111,0.140381
2017-08-26T16:50:00Z,329.76563,339.60938,346.99219,347.34375,345.9375,348.04688,337.14844,333.98438,340.3125,335.74219,343.82813,328.00781,7.32422,6.15234,4.33594,4.62891,4.21875,4.62891,4.04297,4.21875,4.74609,4.80469,5.09766,4.92188,5.09766,0.222168,0.150146,0.167236,0.12207,0.228271,0.163574,0.172119,0.155029,0.170898,0.181885,0.192871
2017-08-26T18:50:00Z,317.46094,321.67969,323.78906,323.4375,321.67969,323.4375,324.84375,325.19531,323.4375,326.95313,326.95313,326.25,4.51172,2.87109,2.8125,2.87109,2.87109,2.8125,2.87109,2.8125,2.75391,2.8125,2.87109,2.87109,2.98828,0.192871,0.183105,0.175781,0.159912,0.194092,0.195313,0.186768,0.194092,0.180664,0.172119,0.135498
2017-08-26T19:00:00Z,318.16406,326.25,326.60156,327.30469,324.49219,325.89844,325.54688,330.11719,329.41406,328.00781,329.41406,330.11719,3.16406,2.46094,2.57813,2.63672,2.63672,2.63672,2.63672,2.57813,2.57813,2.51953,2.69531,2.8125,2.92969,0.135498,0.12207,0.106201,0.113525,0.142822,0.112305,0.100098,0.102539,0.152588,0.101318,0.135498
2017-08-26T19:10:00Z,321.32813,327.30469,328.35938,328.35938,328.00781,330.46875,331.875,331.17188,332.22656,329.76563,329.0625,330.11719,4.27734,3.33984,3.39844,3.45703,3.51563,3.51563,3.57422,3.45703,3.45703,3.28125,3.39844,3.39844,3.33984,0.125732,0.115967,0.085449,0.118408,0.126953,0.095215,0.124512,0.102539,0.096436,0.102539,0.124512
2017-08-26T19:50:00Z,320.97656,331.875,333.98438,331.17188,333.28125,331.875,331.52344,330.46875,332.22656,331.52344,326.25,323.08594,5.09766,3.63281,3.39844,3.57422,3.33984,3.63281,3.33984,3.69141,3.69141,3.75,3.33984,3.75,3.57422,0.153809,0.131836,0.125732,0.141602,0.189209,0.178223,0.064697,0.119629,0.096436,0.10376,0.115967