LOCATION: 
SYSTEM SERIAL: HKZB
TIMESTAMP (ISO-8601) UTC,WindDir004m deg,WindDir030m deg,WindDir040m deg,WindDir040m_ref deg,WindDir060m deg,WindDir080m deg,WindDir100m deg,WindDir120m deg,WindDir140m deg,WindDir160m deg,WindDir180m deg,WindDir200m deg,WindGust004m m/s,WindSpeed004m m/s,WindSpeed030mh m/s,WindSpeed040mh m/s,WindSpeed040m_refh m/s,WindSpeed060mh m/s,WindSpeed080mh m/s,WindSpeed100mh m/s,WindSpeed120mh m/s,WindSpeed140mh m/s,WindSpeed160mh m/s,WindSpeed180mh m/s,WindSpeed200mh m/s,TI 030m,TI 040m,TI 040m ref,TI 060m,TI 080m,TI 100m,TI 120m,TI 140m,TI 160m,TI 180m,TI 200m
2017-01-29T00:00:00Z,205.66406,210.23438,210.23438,211.28906,209.53125,213.04688,214.45313,215.15625,216.5625,220.78125,220.07813,227.10938,9.90234,7.67578,9.14063,9.55078,9.66797,10.25391,11.01563,11.42578,11.95313,12.83203,12.89063,13.00781,13.41797,0.144043,0.135498,0.135498,0.107422,0.163574,0.124512,0.100098,0.092773,0.101318,0.117188,0.106201
2017-01-29T00:10:00Z,200.74219,201.79688,203.90625,205.66406,206.36719,207.07031,211.28906,212.34375,214.10156,216.21094,215.15625,221.83594,10.48828,7.96875,9.31641,9.84375,9.49219,10.72266,10.95703,11.48438,11.60156,12.24609,12.48047,13.125,13.06641,0.146484,0.162354,0.107422,0.108643,0.13916,0.113525,0.118408,0.136719,0.125732,0.13916,0.12085
2017-01-29T00:20:00Z,199.33594,203.55469,205.3125,204.96094,204.96094,208.82813,208.47656,211.64063,215.15625,213.75,216.21094,217.61719,9.84375,7.67578,9.25781,9.55078,9.55078,10.37109,10.89844,11.60156,11.89453,11.95313,12.07031,12.53906,13.06641,0.125732,0.152588,0.131836,0.101318,0.089111,0.117188,0.137939,0.093994,0.131836,0.108643,0.125732
2017-01-29T00:30:00Z,200.03906,207.77344,205.3125,204.60938,207.77344,209.88281,210.23438,211.28906,213.39844,213.75,215.50781,215.85938,10.07813,8.20313,10.01953,10.48828,10.37109,10.95703,11.77734,11.60156,12.36328,12.53906,12.59766,12.89063,13.59375,0.109863,0.123291,0.140381,0.141602,0.098877,0.144043,0.124512,0.08667,0.117188,0.114746,0.08667
2017-01-29T00:40:00Z,201.79688,206.36719,209.88281,209.88281,210.58594,210.9375,208.82813,213.39844,212.34375,216.5625,218.67188,214.45313,10.3125,8.4375,10.13672,10.72266,10.48828,11.19141,11.71875,12.1875,12.83203,13.18359,13.71094,13.71094,13.88672,0.134277,0.126953,0.118408,0.12207,0.097656,0.141602,0.144043,0.111084,0.128174,0.098877,0.114746
2017-01-29T00:50:00Z,204.96094,208.47656,212.69531,211.99219,210.23438,207.07031,212.34375,214.10156,215.50781,217.26563,222.1875,224.29688,10.95703,8.73047,10.3125,10.54688,11.01563,11.13281,12.01172,12.59766,12.59766,13.18359,13.71094,14.0625,14.12109,0.175781,0.136719,0.10498,0.100098,0.124512,0.145264,0.12207,0.12085,0.126953,0.092773,0.112305
2017-01-29T01:00:00Z,204.96094,211.99219,205.3125,210.9375,207.77344,207.42188,214.10156,213.39844,214.80469,215.15625,219.72656,217.26563,10.54688,8.37891,10.25391,10.72266,10.72266,11.36719,11.95313,12.24609,12.48047,12.65625,13.18359,13.24219,14.29688,0.134277,0.128174,0.125732,0.157471,0.128174,0.123291,0.137939,0.148926,0.108643,0.117188,0.124512
2017-01-29T01:10:00Z,205.3125,208.125,210.23438,211.64063,210.58594,211.64063,210.58594,216.91406,213.75,216.21094,219.375,221.83594,10.89844,8.49609,10.37109,10.83984,10.78125,11.25,11.77734,12.36328,12.24609,12.65625,13.30078,13.76953,13.30078,0.113525,0.142822,0.170898,0.157471,0.096436,0.101318,0.12085,0.10498,0.119629,0.12085,0.12207
2017-01-29T01:20:00Z,208.125,216.5625,215.15625,211.28906,215.15625,214.10156,220.42969,221.48438,218.67188,217.96875,222.1875,224.29688,10.95703,8.55469,9.96094,10.01953,10.54688,10.60547,11.30859,12.07031,12.42188,12.36328,12.48047,13.35938,13.94531,0.113525,0.12085,0.126953,0.145264,0.113525,0.126953,0.119629,0.091553,0.142822,0.142822,0.109863
2017-01-29T01:30:00Z,211.99219,216.21094,219.72656,214.10156,214.10156,217.26563,217.61719,222.1875,220.42969,223.24219,232.38281,233.78906,10.3125,8.26172,10.25391,10.60547,10.66406,11.19141,11.83594,11.95313,12.53906,13.47656,14.00391,14.47266,14.23828,0.151367,0.144043,0.107422,0.151367,0.145264,0.144043,0.13916,0.108643,0.140381,0.128174,0.113525
2017-01-29T01:40:00Z,211.28906,213.04688,218.67188,211.99219,211.99219,214.80469,218.67188,221.13281,221.48438,223.94531,225.0,223.59375,10.72266,8.67188,11.07422,11.48438,11.25,12.12891,12.77344,13.30078,13.82813,14.12109,14.41406,14.35547,15.23438,0.131836,0.108643,0.134277,0.115967,0.114746,0.102539,0.10376,0.109863,0.128174,0.126953,0.128174
2017-01-29T01:50:00Z,211.28906,215.85938,216.21094,218.32031,215.85938,217.61719,218.32031,220.07813,226.40625,227.10938,227.8125,228.51563,10.95703,9.14063,10.83984,11.13281,11.60156,12.1875,12.1875,12.89063,13.94531,14.58984,14.53125,14.35547,14.58984,0.131836,0.136719,0.124512,0.12085,0.12085,0.101318,0.090332,0.098877,0.098877,0.134277,0.106201
2017-01-29T02:00:00Z,212.34375,211.99219,214.10156,215.85938,220.07813,215.50781,218.32031,223.59375,223.24219,226.75781,226.75781,232.03125,11.13281,8.84766,10.95703,11.36719,11.30859,11.95313,12.42188,13.30078,13.59375,13.94531,13.71094,14.0625,14.17969,0.117188,0.12207,0.087891,0.091553,0.10376,0.113525,0.111084,0.100098,0.123291,0.100098,0.129395
2017-01-29T02:10:00Z,208.47656,211.64063,213.04688,211.99219,213.75,211.99219,213.39844,215.85938,217.26563,221.13281,226.75781,228.51563,10.78125,8.78906,10.48828,10.66406,11.01563,11.36719,11.95313,12.89063,13.06641,13.30078,13.59375,13.59375,13.35938,0.133057,0.136719,0.097656,0.10376,0.087891,0.098877,0.096436,0.089111,0.125732,0.092773,0.126953
2017-01-29T02:20:00Z,207.77344,209.88281,216.21094,212.34375,212.34375,213.04688,217.96875,218.32031,222.1875,226.75781,223.24219,223.94531,10.3125,8.37891,10.78125,10.95703,10.89844,11.36719,12.24609,12.77344,13.41797,13.47656,13.35938,12.94922,13.24219,0.136719,0.124512,0.113525,0.107422,0.098877,0.093994,0.090332,0.102539,0.107422,0.10498,0.08667
2017-01-29T02:30:00Z,207.77344,210.58594,210.23438,209.53125,211.99219,210.58594,210.23438,211.28906,218.67188,214.80469,214.45313,225.0,11.36719,9.25781,10.89844,11.42578,10.83984,11.77734,12.42188,12.89063,13.71094,13.59375,13.35938,13.71094,13.76953,0.106201,0.096436,0.123291,0.142822,0.090332,0.091553,0.100098,0.083008,0.115967,0.100098,0.078125
2017-01-29T02:40:00Z,206.71875,210.58594,210.23438,208.125,210.23438,212.34375,210.23438,218.32031,216.21094,217.61719,220.42969,222.53906,11.07422,9.02344,10.48828,10.72266,10.83984,11.19141,11.95313,12.53906,13.125,13.35938,13.35938,13.30078,13.41797,0.114746,0.10376,0.101318,0.079346,0.081787,0.08667,0.114746,0.101318,0.098877,0.128174,0.090332
2017-01-29T02:50:00Z,204.60938,205.3125,209.88281,212.34375,209.88281,209.88281,206.01563,211.28906,214.45313,216.21094,222.1875,221.13281,10.60547,8.49609,9.90234,10.60547,10.25391,10.83984,11.30859,11.83594,12.48047,13.00781,13.30078,13.71094,13.35938,0.074463,0.096436,0.12207,0.083008,0.074463,0.072021,0.072021,0.080566,0.075684,0.095215,0.107422
2017-01-29T03:00:00Z,198.28125,202.5,199.6875,197.22656,199.33594,202.14844,199.6875,207.42188,208.82813,208.82813,211.64063,216.5625,9.96094,8.37891,9.84375,10.01953,10.19531,10.60547,11.25,11.95313,11.83594,12.12891,12.71484,13.06641,13.47656,0.10498,0.085449,0.080566,0.12207,0.12207,0.101318,0.096436,0.126953,0.102539,0.095215,0.070801
2017-01-29T03:10:00Z,194.41406,200.39063,200.03906,197.57813,199.6875,202.14844,207.77344,207.07031,210.23438,213.75,214.45313,216.21094,10.07813,8.37891,9.96094,10.19531,10.42969,10.66406,11.19141,11.60156,12.1875,12.59766,12.83203,13.00781,13.00781,0.100098,0.087891,0.098877,0.084229,0.106201,0.123291,0.090332,0.092773,0.078125,0.079346,0.115967
2017-01-29T03:20:00Z,193.00781,195.82031,197.92969,197.22656,202.5,201.09375,208.125,207.42188,212.69531,216.5625,218.32031,221.48438,10.13672,8.14453,10.07813,10.89844,10.37109,11.71875,11.60156,12.24609,13.06641,13.65234,13.47656,13.24219,13.35938,0.115967,0.134277,0.130615,0.106201,0.097656,0.108643,0.106201,0.096436,0.101318,0.098877,0.081787
2017-01-29T03:30:00Z,194.0625,197.92969,202.5,200.03906,201.09375,203.90625,204.96094,209.53125,211.99219,211.28906,214.10156,216.91406,10.95703,8.78906,10.07813,10.66406,10.60547,10.66406,11.60156,12.01172,12.53906,12.36328,12.83203,13.06641,13.125,0.117188,0.114746,0.119629,0.10498,0.106201,0.106201,0.087891,0.096436,0.091553,0.10498,0.102539
2017-01-29T03:40:00Z,200.74219,212.34375,210.58594,213.39844,215.15625,215.85938,214.80469,213.75,216.91406,221.83594,222.1875,223.59375,10.37109,8.26172,10.25391,10.37109,10.72266,10.89844,11.30859,11.54297,12.1875,12.94922,12.94922,13.47656,14.00391,0.175781,0.164795,0.151367,0.151367,0.13916,0.148926,0.108643,0.147705,0.150146,0.128174,0.155029
2017-01-29T03:50:00Z,223.94531,232.38281,228.16406,228.86719,229.92188,231.67969,230.625,235.54688,232.38281,233.78906,236.25,236.60156,13.82813,10.07813,12.12891,11.89453,12.07031,11.95313,12.1875,12.01172,12.59766,12.77344,12.94922,12.48047,12.77344,0.142822,0.113525,0.12207,0.101318,0.112305,0.136719,0.131836,0.136719,0.108643,0.118408,0.123291
2017-01-29T04:00:00Z,225.35156,228.51563,228.16406,226.40625,229.57031,225.35156,226.75781,228.51563,226.40625,225.70313,226.40625,228.86719,10.72266,8.90625,9.49219,9.49219,9.78516,10.13672,10.78125,11.30859,11.48438,11.89453,12.07031,12.42188,13.125,0.123291,0.128174,0.174561,0.107422,0.128174,0.090332,0.133057,0.097656,0.102539,0.115967,0.06958
2017-01-29T04:10:00Z,219.02344,222.1875,220.07813,222.53906,219.72656,216.91406,218.67188,219.02344,220.42969,219.02344,221.48438,223.59375,9.66797,8.02734,9.84375,10.19531,10.19531,10.37109,10.37109,11.13281,11.13281,11.19141,11.42578,11.25,11.42578,0.10376,0.126953,0.089111,0.118408,0.125732,0.115967,0.091553,0.133057,0.111084,0.128174,0.115967
2017-01-29T04:20:00Z,216.5625,222.89063,220.42969,218.67188,221.13281,223.59375,219.72656,220.07813,223.94531,225.35156,222.89063,222.1875,11.30859,9.08203,10.66406,11.13281,11.42578,11.13281,11.48438,11.95313,12.59766,12.1875,12.12891,12.12891,12.89063,0.167236,0.12207,0.114746,0.128174,0.073242,0.114746,0.131836,0.084229,0.095215,0.123291,0.115967
2017-01-29T04:30:00Z,220.42969,223.59375,223.24219,227.8125,229.92188,229.57031,223.59375,226.40625,230.27344,228.16406,229.21875,229.92188,12.36328,9.55078,11.36719,11.77734,11.36719,11.95313,11.71875,11.89453,12.30469,12.36328,12.59766,12.65625,12.36328,0.144043,0.135498,0.107422,0.114746,0.102539,0.128174,0.115967,0.112305,0.118408,0.12085,0.118408
2017-01-29T04:40:00Z,216.91406,219.02344,218.32031,217.96875,215.85938,223.59375,225.35156,224.29688,225.0,224.64844,229.57031,235.54688,11.54297,9.31641,10.19531,10.54688,10.66406,10.89844,11.60156,11.42578,11.07422,11.25,12.65625,14.00391,14.64844,0.117188,0.119629,0.130615,0.134277,0.111084,0.12207,0.119629,0.168457,0.177002,0.19043,0.150146
2017-01-29T04:50:00Z,216.5625,220.07813,224.29688,223.94531,223.94531,227.46094,223.94531,229.92188,227.10938,230.97656,227.46094,230.27344,11.54297,8.61328,10.19531,10.66406,10.3125,10.72266,11.25,11.07422,11.19141,11.54297,12.07031,11.95313,12.48047,0.152588,0.159912,0.136719,0.130615,0.146484,0.101318,0.13916,0.133057,0.153809,0.126953,0.12207
2017-01-29T05:00:00Z,223.24219,226.05469,221.13281,222.53906,225.0,222.53906,223.59375,225.0,226.40625,226.05469,226.75781,230.625,11.01563,8.78906,9.55078,9.78516,9.90234,9.96094,10.48828,10.89844,10.83984,10.66406,10.72266,10.89844,11.54297,0.168457,0.129395,0.13916,0.148926,0.152588,0.10376,0.091553,0.13916,0.124512,0.129395,0.170898
2017-01-29T05:10:00Z,218.32031,216.5625,217.96875,217.26563,215.15625,214.45313,214.45313,214.80469,217.26563,224.64844,232.73438,243.98438,9.55078,7.67578,8.61328,8.67188,8.67188,8.84766,9.02344,9.49219,9.66797,9.84375,11.07422,13.24219,14.47266,0.175781,0.133057,0.124512,0.111084,0.134277,0.107422,0.113525,0.133057,0.166016,0.163574,0.172119
2017-01-29T05:20:00Z,201.44531,201.09375,204.25781,202.14844,198.98438,198.28125,198.98438,200.03906,204.25781,216.21094,223.94531,228.51563,9.55078,7.5,8.78906,8.96484,9.08203,9.02344,9.49219,10.19531,10.3125,10.60547,11.66016,12.77344,13.76953,0.134277,0.12085,0.10498,0.123291,0.13916,0.111084,0.117188,0.102539,0.216064,0.179443,0.172119
2017-01-29T05:30:00Z,194.76563,197.57813,196.17188,200.39063,204.96094,201.79688,200.03906,201.09375,204.25781,203.90625,206.71875,215.50781,9.31641,7.73438,9.14063,9.60938,9.43359,9.55078,9.96094,10.3125,10.89844,11.19141,11.13281,11.95313,12.94922,0.126953,0.12085,0.142822,0.128174,0.097656,0.12207,0.111084,0.107422,0.106201,0.117188,0.151367
2017-01-29T05:40:00Z,190.89844,197.22656,193.00781,193.71094,196.52344,196.875,198.98438,198.28125,201.44531,202.14844,201.44531,202.85156,10.07813,8.20313,9.90234,10.07813,10.37109,10.66406,10.83984,11.19141,11.54297,11.48438,11.48438,11.66016,11.77734,0.145264,0.114746,0.137939,0.119629,0.126953,0.142822,0.131836,0.114746,0.129395,0.134277,0.119629
2017-01-29T05:50:00Z,195.82031,203.55469,198.63281,203.55469,198.28125,201.09375,201.79688,200.39063,204.60938,203.55469,203.55469,208.47656,11.48438,9.375,10.54688,10.66406,11.25,11.36719,11.60156,11.95313,12.12891,12.42188,12.24609,13.06641,13.65234,0.125732,0.145264,0.142822,0.10376,0.101318,0.097656,0.118408,0.141602,0.153809,0.111084,0.108643
2017-01-29T06:00:00Z,196.17188,196.52344,198.63281,198.63281,202.14844,197.92969,201.79688,201.44531,202.85156,204.60938,208.47656,210.23438,10.95703,9.375,11.07422,11.19141,11.19141,11.83594,12.12891,12.65625,12.36328,12.71484,13.18359,13.59375,12.71484,0.134277,0.133057,0.119629,0.137939,0.135498,0.108643,0.096436,0.115967,0.102539,0.107422,0.125732
2017-01-29T06:10:00Z,198.28125,200.39063,202.14844,203.55469,204.60938,201.44531,205.66406,203.90625,204.60938,209.88281,213.75,212.69531,12.42188,10.13672,12.24609,12.59766,12.24609,12.59766,12.53906,12.71484,12.94922,13.65234,13.76953,13.53516,13.35938,0.107422,0.135498,0.096436,0.126953,0.12085,0.144043,0.131836,0.12207,0.095215,0.146484,0.144043
2017-01-29T06:20:00Z,200.39063,203.90625,201.79688,206.36719,204.25781,206.01563,208.125,205.66406,204.60938,214.10156,217.61719,220.42969,12.77344,10.37109,11.77734,12.65625,12.30469,13.41797,13.00781,12.83203,13.125,13.94531,14.53125,15.46875,15.46875,0.126953,0.159912,0.115967,0.133057,0.148926,0.118408,0.142822,0.140381,0.118408,0.128174,0.151367
2017-01-29T06:30:00Z,201.09375,206.01563,207.77344,207.42188,207.42188,207.42188,209.53125,211.64063,207.77344,209.88281,210.58594,214.10156,12.83203,10.42969,11.89453,12.07031,11.95313,12.42188,13.125,13.06641,13.00781,13.18359,14.00391,14.12109,14.23828,0.151367,0.148926,0.135498,0.155029,0.155029,0.118408,0.153809,0.159912,0.146484,0.158691,0.135498
2017-01-29T06:40:00Z,202.14844,206.01563,204.60938,203.20313,208.47656,206.71875,209.17969,209.88281,210.9375,220.42969,219.02344,219.02344,11.48438,9.31641,11.54297,11.54297,11.19141,12.07031,11.71875,12.1875,13.35938,13.47656,13.82813,13.59375,14.00391,0.157471,0.168457,0.161133,0.137939,0.197754,0.13916,0.133057,0.134277,0.140381,0.175781,0.169678
2017-01-29T06:50:00Z,202.14844,208.82813,205.66406,203.90625,205.3125,203.90625,210.9375,210.9375,207.77344,209.53125,214.10156,212.34375,12.42188,9.78516,11.60156,11.83594,12.07031,12.1875,12.94922,13.00781,13.53516,13.59375,13.82813,13.94531,14.35547,0.114746,0.126953,0.168457,0.119629,0.131836,0.145264,0.108643,0.142822,0.152588,0.144043,0.106201
2017-01-29T07:00:00Z,202.85156,202.14844,206.01563,204.96094,204.60938,210.58594,209.17969,208.82813,206.01563,208.82813,215.15625,211.64063,12.89063,10.19531,12.53906,12.89063,12.71484,13.125,13.47656,13.125,13.53516,14.00391,14.82422,14.29688,14.47266,0.147705,0.119629,0.144043,0.145264,0.137939,0.157471,0.130615,0.100098,0.111084,0.123291,0.109863
2017-01-29T07:10:00Z,203.20313,207.07031,211.64063,210.58594,211.28906,206.71875,210.23438,212.34375,213.39844,209.53125,210.58594,213.75,12.48047,10.25391,12.36328,12.24609,12.59766,12.48047,13.35938,14.0625,14.53125,13.71094,13.76953,14.82422,15.23438,0.129395,0.147705,0.150146,0.129395,0.124512,0.112305,0.114746,0.131836,0.179443,0.178223,0.129395
2017-01-29T07:20:00Z,205.3125,209.53125,209.17969,211.64063,210.58594,209.53125,208.47656,214.80469,214.45313,217.26563,218.32031,218.67188,13.53516,10.48828,13.125,13.00781,12.94922,13.41797,13.30078,14.41406,14.41406,14.53125,15.11719,15.52734,15.76172,0.135498,0.137939,0.157471,0.130615,0.150146,0.137939,0.13916,0.142822,0.130615,0.158691,0.125732
2017-01-29T07:30:00Z,211.28906,215.50781,214.80469,218.67188,216.21094,222.1875,221.48438,220.78125,220.07813,222.53906,226.05469,226.40625,13.41797,10.07813,12.07031,12.36328,11.95313,13.00781,13.18359,13.35938,13.47656,14.0625,15.0,15.0,14.70703,0.128174,0.113525,0.169678,0.135498,0.093994,0.113525,0.102539,0.117188,0.147705,0.123291,0.151367
2017-01-29T07:40:00Z,216.21094,217.61719,222.1875,216.5625,219.02344,221.83594,219.02344,221.83594,222.53906,220.42969,225.0,222.1875,11.89453,9.43359,10.60547,10.78125,10.48828,11.19141,11.66016,11.60156,12.07031,12.53906,12.53906,12.53906,12.89063,0.159912,0.159912,0.146484,0.161133,0.137939,0.136719,0.145264,0.178223,0.163574,0.133057,0.13916
2017-01-29T07:50:00Z,214.45313,222.53906,219.72656,213.75,217.61719,218.67188,216.21094,214.45313,216.21094,220.07813,220.07813,220.42969,11.01563,8.32031,10.60547,10.37109,11.07422,10.66406,11.07422,11.54297,12.01172,12.89063,13.06641,13.24219,13.76953,0.135498,0.181885,0.17334,0.166016,0.184326,0.140381,0.129395,0.135498,0.124512,0.12207,0.13916
2017-01-29T08:00:00Z,207.77344,212.69531,214.45313,214.10156,214.80469,217.26563,217.96875,219.375,216.21094,217.26563,220.07813,225.0,11.66016,9.66797,11.48438,11.95313,11.54297,12.42188,12.59766,12.59766,12.77344,13.76953,14.70703,15.35156,15.29297,0.106201,0.131836,0.153809,0.170898,0.150146,0.125732,0.108643,0.124512,0.125732,0.107422,0.093994
2017-01-29T08:10:00Z,211.64063,215.50781,215.15625,217.61719,215.50781,216.91406,215.85938,219.72656,220.07813,218.32031,220.78125,222.1875,12.42188,9.66797,12.01172,12.30469,12.30469,12.53906,12.71484,13.47656,14.12109,14.35547,14.17969,15.0,14.76563,0.155029,0.128174,0.150146,0.140381,0.134277,0.123291,0.135498,0.158691,0.125732,0.091553,0.108643
2017-01-29T08:20:00Z,211.99219,217.61719,217.96875,220.42969,216.91406,221.48438,221.48438,220.78125,223.59375,223.94531,226.05469,226.05469,14.0625,10.78125,12.71484,13.18359,13.30078,13.94531,14.35547,14.47266,14.70703,14.94141,15.35156,15.11719,15.70313,0.146484,0.106201,0.10376,0.093994,0.134277,0.106201,0.112305,0.112305,0.10498,0.12085,0.087891
2017-01-29T08:30:00Z,213.39844,220.42969,219.375,219.02344,219.72656,221.83594,220.42969,221.83594,220.78125,223.59375,228.16406,228.16406,13.47656,10.48828,11.95313,12.53906,12.59766,12.65625,13.47656,14.0625,14.29688,14.29688,15.05859,15.23438,15.17578,0.152588,0.128174,0.151367,0.126953,0.128174,0.123291,0.098877,0.102539,0.102539,0.118408,0.12207
2017-01-29T08:40:00Z,213.75,216.5625,223.94531,215.15625,219.72656,218.67188,223.59375,222.89063,223.59375,221.48438,226.05469,227.46094,13.125,9.96094,11.95313,11.89453,11.89453,12.36328,13.06641,13.59375,14.12109,14.17969,14.47266,15.23438,15.35156,0.170898,0.128174,0.151367,0.133057,0.144043,0.129395,0.124512,0.125732,0.101318,0.078125,0.117188
2017-01-29T08:50:00Z,216.5625,217.96875,220.07813,222.53906,221.48438,220.42969,222.1875,226.75781,226.40625,225.70313,224.29688,227.8125,12.65625,10.01953,11.71875,12.36328,12.1875,13.24219,14.17969,14.47266,14.12109,14.0625,14.88281,15.46875,16.05469,0.15625,0.140381,0.148926,0.108643,0.119629,0.118408,0.098877,0.117188,0.135498,0.109863,0.101318
2017-01-29T09:00:00Z,216.91406,220.42969,221.13281,223.94531,224.29688,223.94531,222.1875,226.05469,228.51563,230.97656,228.86719,228.51563,13.35938,10.25391,11.83594,12.48047,12.24609,12.71484,13.06641,13.65234,14.0625,14.58984,14.41406,14.82422,15.35156,0.12085,0.112305,0.151367,0.115967,0.100098,0.111084,0.146484,0.08667,0.100098,0.12207,0.070801
2017-01-29T09:10:00Z,220.78125,225.70313,227.10938,228.86719,227.10938,225.0,227.10938,230.625,230.27344,232.73438,232.38281,234.49219,13.35938,10.13672,12.24609,13.00781,12.89063,13.65234,14.35547,14.88281,14.76563,15.0,15.05859,15.70313,16.23047,0.163574,0.119629,0.126953,0.111084,0.102539,0.096436,0.12085,0.102539,0.118408,0.093994,0.102539
2017-01-29T09:20:00Z,220.78125,223.94531,222.53906,222.89063,227.46094,226.40625,226.75781,227.10938,226.40625,230.625,232.38281,233.78906,12.77344,10.3125,12.1875,13.18359,12.65625,13.47656,13.30078,13.53516,14.64844,15.11719,15.46875,15.29297,15.70313,0.107422,0.098877,0.131836,0.119629,0.12207,0.098877,0.08667,0.109863,0.117188,0.093994,0.095215
2017-01-29T09:30:00Z,217.26563,220.78125,218.32031,220.78125,219.375,222.1875,221.13281,223.59375,223.24219,225.0,225.70313,226.75781,12.77344,10.01953,11.30859,11.95313,11.89453,12.83203,13.41797,13.41797,13.47656,13.82813,14.23828,14.70703,15.23438,0.137939,0.113525,0.128174,0.128174,0.117188,0.100098,0.096436,0.083008,0.06958,0.091553,0.112305
2017-01-29T09:40:00Z,216.5625,226.05469,222.89063,225.0,221.48438,225.0,221.13281,227.46094,227.10938,223.94531,227.46094,230.97656,12.12891,9.96094,11.42578,11.95313,11.71875,12.53906,12.94922,13.71094,13.53516,13.53516,14.17969,14.76563,14.47266,0.130615,0.157471,0.148926,0.125732,0.13916,0.12085,0.117188,0.097656,0.117188,0.125732,0.106201
2017-01-29T09:50:00Z,219.375,223.59375,221.83594,224.29688,222.53906,225.0,225.70313,223.59375,225.70313,229.57031,229.57031,233.08594,11.89453,9.60938,11.42578,11.83594,11.77734,12.36328,12.94922,12.89063,13.18359,13.65234,14.35547,14.23828,14.47266,0.118408,0.124512,0.10498,0.123291,0.137939,0.096436,0.107422,0.106201,0.095215,0.096436,0.093994
2017-01-29T10:00:00Z,219.375,223.24219,226.05469,224.29688,226.40625,225.0,225.70313,225.0,229.92188,229.92188,230.97656,233.08594,11.95313,9.55078,11.54297,11.71875,11.42578,11.95313,12.36328,12.89063,13.18359,13.47656,13.82813,14.17969,14.41406,0.113525,0.117188,0.117188,0.107422,0.111084,0.133057,0.107422,0.124512,0.107422,0.098877,0.107422
2017-01-29T10:10:00Z,220.07813,226.40625,226.05469,225.0,225.70313,227.8125,230.27344,230.625,232.03125,236.95313,238.71094,238.00781,12.1875,9.66797,11.13281,11.36719,11.36719,12.01172,12.48047,12.65625,12.94922,14.12109,14.23828,13.82813,13.59375,0.137939,0.12085,0.142822,0.12085,0.131836,0.124512,0.091553,0.093994,0.102539,0.084229,0.12085
2017-01-29T10:20:00Z,223.24219,228.16406,227.10938,226.05469,223.94531,224.29688,226.75781,229.21875,233.4375,233.78906,236.95313,236.95313,12.24609,9.60938,10.78125,11.07422,11.25,11.66016,12.36328,12.65625,13.30078,13.59375,13.65234,13.65234,13.82813,0.101318,0.119629,0.108643,0.101318,0.095215,0.091553,0.119629,0.10376,0.109863,0.100098,0.100098
2017-01-29T10:30:00Z,217.96875,221.13281,221.83594,221.48438,221.83594,222.53906,219.02344,224.29688,229.21875,231.32813,230.625,232.73438,11.77734,9.19922,11.07422,11.25,11.25,11.54297,12.01172,12.48047,13.18359,13.53516,13.53516,13.82813,14.00391,0.115967,0.096436,0.111084,0.112305,0.12207,0.108643,0.109863,0.117188,0.124512,0.133057,0.115967
2017-01-29T10:40:00Z,215.85938,219.72656,221.13281,221.13281,222.1875,224.29688,221.83594,222.1875,227.8125,227.10938,232.38281,233.4375,12.65625,9.43359,11.60156,12.1875,11.71875,12.65625,12.48047,12.59766,12.89063,13.65234,14.12109,13.94531,14.0625,0.126953,0.10498,0.136719,0.111084,0.10376,0.090332,0.10376,0.090332,0.078125,0.093994,0.109863
2017-01-29T10:50:00Z,214.80469,219.375,218.32031,215.50781,215.15625,216.91406,220.78125,220.78125,223.94531,225.70313,226.75781,231.67969,12.83203,9.66797,11.30859,11.60156,11.66016,12.24609,12.94922,13.35938,13.76953,13.76953,13.82813,14.00391,14.0625,0.144043,0.113525,0.112305,0.123291,0.115967,0.12085,0.087891,0.080566,0.093994,0.089111,0.100098
2017-01-29T11:00:00Z,215.15625,219.02344,221.48438,222.53906,220.78125,222.53906,223.59375,223.94531,227.46094,225.0,225.70313,231.32813,12.12891,9.60938,11.36719,11.89453,11.60156,12.83203,12.94922,13.30078,13.30078,13.65234,14.17969,14.29688,14.23828,0.119629,0.136719,0.118408,0.12085,0.145264,0.107422,0.106201,0.107422,0.100098,0.10376,0.123291
2017-01-29T11:10:00Z,213.75,217.26563,218.67188,216.5625,219.375,218.32031,218.67188,219.72656,222.1875,221.83594,225.0,227.8125,12.12891,9.72656,11.54297,11.60156,11.71875,11.71875,12.30469,12.65625,13.06641,13.30078,14.12109,13.94531,14.29688,0.119629,0.148926,0.10498,0.137939,0.137939,0.13916,0.098877,0.087891,0.111084,0.128174,0.101318
2017-01-29T11:20:00Z,212.69531,214.10156,213.75,215.85938,216.5625,215.85938,216.21094,220.42969,222.89063,220.78125,223.94531,225.35156,12.53906,9.72656,10.89844,11.48438,11.19141,11.77734,12.53906,13.00781,12.89063,12.94922,13.59375,13.94531,14.17969,0.144043,0.128174,0.137939,0.166016,0.17334,0.159912,0.126953,0.129395,0.119629,0.092773,0.080566
2017-01-29T11:30:00Z,210.23438,215.15625,213.75,216.5625,215.85938,217.26563,218.32031,222.53906,221.83594,222.1875,224.29688,225.70313,12.24609,9.55078,11.25,11.54297,11.48438,12.53906,13.35938,13.35938,13.00781,12.71484,13.41797,13.94531,14.23828,0.157471,0.131836,0.150146,0.135498,0.114746,0.115967,0.095215,0.124512,0.108643,0.113525,0.129395
2017-01-29T11:40:00Z,213.04688,220.78125,218.32031,216.21094,215.85938,216.91406,221.83594,222.1875,221.48438,224.64844,226.75781,229.21875,12.36328,9.90234,11.19141,10.89844,11.77734,11.25,11.77734,12.42188,12.30469,13.06641,13.53516,14.00391,14.29688,0.145264,0.109863,0.117188,0.123291,0.124512,0.095215,0.135498,0.101318,0.15625,0.10376,0.112305
2017-01-29T11:50:00Z,209.88281,212.69531,214.45313,212.34375,211.99219,214.45313,215.50781,220.42969,227.8125,222.1875,225.35156,227.10938,12.36328,8.96484,10.66406,10.48828,11.13281,10.78125,11.42578,12.01172,12.36328,12.83203,12.59766,13.35938,13.35938,0.118408,0.15625,0.107422,0.126953,0.095215,0.12085,0.112305,0.10376,0.146484,0.12085,0.089111
2017-01-29T12:00:00Z,207.07031,211.64063,210.23438,211.28906,208.47656,214.45313,216.91406,218.67188,219.02344,226.40625,225.70313,224.29688,10.78125,9.08203,10.25391,10.48828,10.60547,11.01563,11.36719,11.83594,11.95313,12.12891,11.89453,12.1875,11.77734,0.12207,0.12085,0.125732,0.12207,0.109863,0.130615,0.113525,0.141602,0.12085,0.113525,0.118408
2017-01-29T12:10:00Z,207.42188,213.04688,210.23438,210.23438,211.99219,215.15625,219.375,221.13281,221.48438,225.0,223.94531,225.35156,11.48438,9.25781,10.78125,11.07422,11.25,11.60156,12.24609,12.30469,12.30469,12.94922,13.18359,13.06641,13.00781,0.141602,0.150146,0.142822,0.108643,0.124512,0.119629,0.100098,0.126953,0.112305,0.117188,0.113525
2017-01-29T12:20:00Z,206.01563,208.82813,211.28906,208.82813,210.58594,214.10156,213.39844,215.15625,221.48438,220.07813,225.35156,227.46094,12.36328,9.90234,11.25,11.83594,11.30859,11.66016,11.83594,12.01172,12.48047,13.125,13.71094,13.94531,14.23828,0.168457,0.135498,0.129395,0.131836,0.115967,0.137939,0.095215,0.114746,0.153809,0.108643,0.126953
2017-01-29T12:30:00Z,204.60938,209.88281,210.9375,207.42188,209.17969,207.42188,209.88281,215.85938,216.5625,220.07813,218.67188,221.48438,12.42188,9.43359,10.78125,10.89844,11.07422,11.19141,11.48438,11.66016,12.42188,12.12891,12.89063,12.89063,13.00781,0.135498,0.151367,0.151367,0.147705,0.12207,0.098877,0.128174,0.126953,0.129395,0.13916,0.128174
2017-01-29T12:40:00Z,207.07031,209.53125,215.15625,210.58594,213.75,209.88281,212.34375,216.21094,214.80469,213.04688,217.96875,224.29688,11.01563,8.78906,9.96094,10.13672,10.01953,10.25391,10.83984,10.95703,11.54297,11.42578,12.01172,12.89063,12.89063,0.15625,0.144043,0.137939,0.111084,0.129395,0.134277,0.107422,0.101318,0.162354,0.131836,0.115967
2017-01-29T12:50:00Z,208.82813,213.39844,211.99219,209.53125,208.47656,211.64063,212.69531,214.10156,216.5625,214.45313,217.96875,219.72656,11.89453,9.14063,11.07422,10.83984,11.54297,11.83594,11.89453,12.42188,12.24609,12.77344,12.77344,12.83203,13.00781,0.135498,0.142822,0.150146,0.123291,0.114746,0.12207,0.125732,0.113525,0.124512,0.150146,0.129395
2017-01-29T13:00:00Z,209.53125,214.10156,214.45313,212.34375,211.28906,214.80469,211.99219,214.45313,212.34375,213.39844,219.375,226.40625,12.30469,9.90234,11.71875,12.1875,12.12891,12.53906,12.65625,12.48047,12.89063,13.125,13.24219,13.53516,13.35938,0.137939,0.125732,0.150146,0.090332,0.129395,0.118408,0.141602,0.118408,0.111084,0.090332,0.114746
2017-01-29T13:10:00Z,207.77344,209.53125,212.69531,211.28906,209.17969,214.10156,217.26563,214.80469,215.85938,220.42969,230.97656,239.76563,12.42188,9.96094,12.1875,12.42188,12.24609,13.125,13.30078,13.47656,13.35938,13.76953,14.00391,13.82813,13.00781,0.147705,0.115967,0.146484,0.128174,0.147705,0.129395,0.091553,0.137939,0.13916,0.159912,0.164795
2017-01-29T13:20:00Z,205.3125,208.125,207.42188,210.23438,208.82813,211.64063,210.9375,217.26563,221.83594,227.8125,230.27344,228.86719,12.12891,9.60938,11.25,11.30859,11.13281,11.42578,11.30859,11.95313,12.53906,12.83203,12.83203,12.89063,12.77344,0.17334,0.109863,0.131836,0.113525,0.192871,0.175781,0.140381,0.159912,0.112305,0.15625,0.133057
2017-01-29T13:30:00Z,202.5,203.55469,204.96094,205.66406,207.07031,207.42188,208.125,208.47656,215.50781,218.32031,219.02344,222.53906,10.78125,9.02344,10.60547,10.66406,10.72266,10.78125,11.01563,11.42578,11.36719,11.48438,11.71875,11.54297,11.71875,0.10376,0.159912,0.13916,0.136719,0.140381,0.158691,0.150146,0.152588,0.153809,0.128174,0.146484
2017-01-29T13:40:00Z,202.85156,209.17969,209.53125,208.125,203.20313,205.66406,213.04688,216.5625,219.02344,216.91406,215.85938,219.72656,10.78125,8.90625,10.01953,9.49219,10.72266,10.37109,11.30859,11.36719,11.54297,11.42578,11.42578,11.66016,12.1875,0.150146,0.161133,0.131836,0.150146,0.128174,0.108643,0.107422,0.135498,0.151367,0.131836,0.108643
2017-01-29T13:50:00Z,206.71875,209.88281,210.58594,213.04688,210.23438,210.58594,209.88281,209.88281,209.17969,216.91406,213.75,215.50781,10.37109,8.37891,9.78516,10.07813,10.19531,9.84375,10.01953,10.37109,10.78125,10.66406,11.25,11.07422,11.07422,0.185547,0.136719,0.145264,0.147705,0.150146,0.152588,0.15625,0.115967,0.10498,0.151367,0.145264
2017-01-29T14:00:00Z,206.01563,207.07031,211.99219,210.58594,212.34375,214.80469,213.04688,214.45313,214.45313,216.91406,214.80469,220.42969,10.13672,8.26172,9.72656,9.66797,9.72656,9.60938,10.01953,10.25391,10.60547,10.78125,10.83984,11.36719,11.66016,0.168457,0.117188,0.142822,0.15625,0.168457,0.174561,0.129395,0.140381,0.15625,0.115967,0.118408
2017-01-29T14:10:00Z,206.36719,213.39844,210.9375,207.07031,209.53125,210.9375,213.39844,212.69531,214.80469,216.91406,222.1875,223.24219,10.89844,8.14453,9.31641,9.72656,9.78516,9.72656,10.54688,10.3125,11.07422,11.42578,11.89453,12.01172,11.83594,0.15625,0.142822,0.164795,0.15625,0.107422,0.167236,0.135498,0.129395,0.142822,0.124512,0.166016
2017-01-29T14:20:00Z,204.60938,204.60938,203.90625,205.3125,207.42188,206.01563,205.3125,215.15625,213.04688,220.78125,218.32031,221.48438,9.72656,8.26172,9.60938,9.78516,10.01953,9.72656,10.01953,10.19531,10.95703,10.66406,10.95703,10.89844,11.48438,0.119629,0.130615,0.157471,0.141602,0.119629,0.136719,0.131836,0.169678,0.118408,0.118408,0.12085
2017-01-29T14:30:00Z,197.57813,206.36719,199.33594,202.85156,203.20313,208.125,205.66406,207.77344,212.34375,225.70313,219.72656,227.10938,10.54688,8.37891,10.01953,10.66406,10.37109,10.78125,10.78125,10.95703,11.77734,11.71875,12.01172,12.07031,12.65625,0.115967,0.144043,0.090332,0.189209,0.125732,0.137939,0.136719,0.115967,0.111084,0.118408,0.102539
2017-01-29T14:40:00Z,201.44531,200.39063,200.74219,201.79688,201.79688,205.66406,207.07031,205.3125,215.85938,227.10938,216.5625,223.24219,10.95703,8.84766,10.07813,10.01953,10.19531,10.25391,10.66406,10.66406,11.30859,11.89453,12.12891,12.12891,13.00781,0.137939,0.113525,0.095215,0.10376,0.152588,0.125732,0.168457,0.15625,0.145264,0.125732,0.114746
2017-01-29T14:50:00Z,193.00781,194.76563,198.28125,194.76563,195.46875,198.63281,201.79688,204.96094,210.23438,223.24219,220.42969,228.16406,10.13672,8.37891,9.60938,9.72656,9.84375,10.13672,10.3125,10.3125,10.78125,10.89844,11.89453,12.1875,12.71484,0.10498,0.129395,0.084229,0.101318,0.136719,0.142822,0.115967,0.129395,0.10498,0.136719,0.123291
2017-01-29T15:00:00Z,191.25,191.95313,193.00781,194.76563,197.22656,195.46875,198.63281,198.28125,206.01563,214.45313,213.75,224.29688,10.54688,8.26172,9.49219,9.96094,9.31641,9.90234,9.78516,9.84375,10.60547,10.78125,11.36719,11.25,12.24609,0.118408,0.083008,0.114746,0.129395,0.123291,0.123291,0.140381,0.129395,0.123291,0.153809,0.113525
2017-01-29T15:10:00Z,192.30469,195.82031,190.54688,194.0625,195.46875,194.76563,196.17188,196.875,208.47656,216.5625,222.1875,227.46094,10.07813,8.4375,9.55078,9.66797,10.07813,9.78516,9.84375,10.07813,10.48828,10.83984,11.60156,11.66016,12.07031,0.108643,0.081787,0.10498,0.093994,0.117188,0.109863,0.114746,0.144043,0.131836,0.093994,0.114746
2017-01-29T15:20:00Z,189.49219,192.30469,195.46875,192.30469,195.11719,194.76563,198.28125,198.98438,208.125,214.10156,211.99219,222.89063,10.25391,8.55469,9.72656,9.72656,9.84375,9.90234,10.54688,10.72266,11.01563,11.13281,11.25,12.07031,12.42188,0.13916,0.091553,0.084229,0.096436,0.115967,0.097656,0.10498,0.125732,0.113525,0.12207,0.085449
2017-01-29T15:30:00Z,188.78906,193.71094,192.65625,193.00781,193.00781,195.46875,193.71094,198.63281,202.14844,213.75,214.10156,222.89063,10.72266,8.55469,10.13672,10.48828,10.37109,10.66406,10.48828,10.89844,11.48438,11.36719,11.77734,11.95313,11.71875,0.125732,0.142822,0.128174,0.12207,0.112305,0.113525,0.100098,0.117188,0.102539,0.112305,0.096436
2017-01-29T15:40:00Z,185.97656,192.30469,187.38281,190.89844,187.03125,189.14063,189.84375,193.00781,192.30469,195.46875,200.39063,205.3125,10.42969,8.61328,9.78516,9.55078,10.01953,10.3125,10.60547,10.78125,11.30859,11.42578,11.48438,11.77734,12.24609,0.129395,0.12207,0.123291,0.106201,0.095215,0.102539,0.10376,0.128174,0.130615,0.114746,0.100098
2017-01-29T15:50:00Z,187.03125,190.19531,188.4375,191.25,188.78906,189.49219,188.78906,193.35938,192.65625,192.30469,195.11719,199.33594,10.72266,8.49609,9.96094,10.25391,10.19531,10.42969,11.13281,11.66016,11.83594,11.71875,11.66016,12.65625,12.83203,0.128174,0.084229,0.101318,0.114746,0.102539,0.095215,0.114746,0.091553,0.12207,0.087891,0.076904
2017-01-29T16:00:00Z,189.14063,195.46875,193.71094,194.0625,193.71094,195.82031,193.35938,194.0625,207.42188,218.32031,220.78125,217.26563,10.60547,8.78906,10.13672,10.37109,10.3125,10.78125,10.72266,11.66016,11.48438,11.60156,11.60156,11.77734,11.77734,0.134277,0.10376,0.089111,0.093994,0.133057,0.089111,0.093994,0.100098,0.097656,0.080566,0.123291
2017-01-29T16:10:00Z,188.78906,189.49219,189.49219,190.89844,189.49219,188.4375,191.25,191.60156,193.00781,197.22656,193.35938,197.92969,10.37109,8.49609,9.49219,9.72656,9.72656,10.01953,10.66406,10.78125,11.13281,10.95703,11.48438,11.77734,11.54297,0.109863,0.087891,0.140381,0.095215,0.097656,0.083008,0.10498,0.129395,0.102539,0.117188,0.100098
2017-01-29T16:20:00Z,184.57031,190.19531,191.25,187.73438,190.19531,189.49219,188.08594,191.60156,190.89844,192.30469,192.65625,196.52344,10.48828,8.14453,9.90234,9.96094,9.78516,10.66406,11.13281,11.66016,11.95313,12.01172,12.24609,12.83203,12.94922,0.140381,0.12207,0.155029,0.102539,0.112305,0.10376,0.075684,0.085449,0.090332,0.107422,0.078125
2017-01-29T16:30:00Z,186.67969,191.25,192.65625,192.65625,189.84375,191.60156,198.28125,189.49219,192.65625,191.25,195.82031,193.71094,10.89844,8.4375,9.25781,10.01953,9.66797,10.42969,10.60547,10.83984,10.78125,11.66016,12.36328,12.12891,12.59766,0.118408,0.12085,0.141602,0.10498,0.124512,0.10498,0.106201,0.093994,0.115967,0.113525,0.076904
2017-01-29T16:40:00Z,187.38281,191.25,189.84375,188.4375,187.73438,192.65625,188.78906,188.08594,187.73438,189.14063,189.49219,190.19531,10.3125,8.37891,9.90234,10.19531,10.19531,10.25391,10.89844,11.19141,11.54297,11.66016,12.01172,12.24609,12.30469,0.107422,0.098877,0.137939,0.119629,0.08667,0.091553,0.112305,0.085449,0.092773,0.111084,0.106201
2017-01-29T16:50:00Z,177.1875,179.29688,179.64844,178.59375,182.10938,183.16406,185.97656,183.86719,186.32813,188.08594,183.51563,185.97656,10.78125,8.37891,10.37109,10.25391,10.54688,10.83984,10.95703,11.19141,11.42578,11.89453,11.77734,11.95313,12.30469,0.12085,0.136719,0.10376,0.133057,0.113525,0.131836,0.126953,0.112305,0.119629,0.113525,0.146484
2017-01-29T17:00:00Z,180.0,184.92188,184.57031,183.51563,181.40625,186.32813,184.21875,180.70313,185.625,182.8125,185.27344,181.75781,11.19141,9.25781,11.07422,11.01563,11.13281,11.19141,11.30859,11.48438,12.01172,11.77734,12.07031,12.65625,12.94922,0.117188,0.147705,0.090332,0.148926,0.141602,0.133057,0.092773,0.101318,0.111084,0.12085,0.115967
2017-01-29T17:10:00Z,178.59375,182.8125,182.10938,179.29688,179.29688,181.40625,184.92188,182.10938,187.03125,183.86719,185.27344,184.21875,11.07422,9.19922,10.3125,10.78125,11.42578,11.07422,11.66016,11.95313,12.36328,12.1875,12.07031,12.53906,13.53516,0.142822,0.12207,0.140381,0.140381,0.117188,0.092773,0.109863,0.112305,0.114746,0.115967,0.112305
2017-01-29T17:20:00Z,177.53906,178.24219,179.29688,180.70313,180.0,180.35156,183.16406,183.86719,185.625,183.86719,183.51563,185.97656,11.36719,9.14063,10.72266,11.25,10.60547,11.42578,11.60156,12.12891,11.83594,11.77734,12.30469,12.65625,13.06641,0.113525,0.108643,0.140381,0.131836,0.136719,0.124512,0.126953,0.113525,0.137939,0.141602,0.096436
2017-01-29T17:30:00Z,177.53906,184.21875,183.51563,182.46094,181.05469,180.0,181.05469,183.86719,181.05469,183.86719,188.4375,183.86719,11.54297,9.43359,10.60547,10.83984,11.19141,11.13281,11.66016,11.77734,11.77734,11.95313,12.24609,12.59766,12.71484,0.150146,0.100098,0.128174,0.12207,0.124512,0.107422,0.147705,0.134277,0.098877,0.106201,0.108643
2017-01-29T17:40:00Z,180.70313,185.97656,188.4375,187.03125,190.89844,188.4375,187.38281,184.92188,189.49219,190.19531,187.03125,187.38281,11.89453,9.375,11.42578,12.01172,11.48438,11.95313,11.89453,12.01172,12.89063,13.47656,13.35938,13.35938,14.00391,0.123291,0.135498,0.10376,0.119629,0.129395,0.12207,0.10376,0.115967,0.111084,0.115967,0.131836
2017-01-29T17:50:00Z,180.70313,183.16406,183.16406,184.57031,187.73438,183.51563,190.19531,185.625,187.03125,187.03125,188.08594,189.14063,11.83594,9.43359,11.01563,11.48438,11.13281,11.66016,11.89453,12.24609,12.42188,12.89063,13.06641,13.125,13.76953,0.130615,0.144043,0.10376,0.134277,0.106201,0.134277,0.131836,0.106201,0.109863,0.113525,0.100098
2017-01-29T18:00:00Z,178.24219,181.40625,178.24219,180.0,180.35156,180.70313,182.46094,181.75781,183.51563,184.92188,182.46094,184.21875,11.71875,9.55078,11.13281,11.25,11.60156,11.54297,12.24609,11.95313,12.30469,12.36328,12.53906,12.83203,13.30078,0.137939,0.198975,0.12085,0.126953,0.115967,0.137939,0.112305,0.123291,0.129395,0.095215,0.078125
2017-01-29T18:10:00Z,176.48438,180.70313,181.40625,182.46094,183.16406,177.53906,181.40625,177.1875,180.0,185.27344,185.625,185.97656,12.42188,9.49219,11.30859,11.71875,11.25,11.48438,11.60156,11.83594,12.36328,12.89063,13.06641,12.83203,12.65625,0.101318,0.130615,0.126953,0.162354,0.140381,0.113525,0.118408,0.111084,0.12207,0.12085,0.12207
2017-01-29T18:20:00Z,178.94531,182.10938,184.57031,178.94531,183.51563,180.70313,183.86719,181.75781,183.16406,184.57031,182.8125,184.57031,12.24609,9.66797,11.66016,11.77734,11.89453,11.66016,12.01172,12.12891,12.53906,13.00781,12.89063,13.06641,12.94922,0.150146,0.118408,0.128174,0.135498,0.106201,0.129395,0.107422,0.10376,0.10376,0.117188,0.147705
2017-01-29T18:30:00Z,177.1875,178.24219,182.8125,179.64844,181.05469,184.57031,181.40625,178.94531,180.70313,181.05469,182.8125,182.46094,12.42188,9.78516,11.36719,11.66016,11.54297,11.66016,11.89453,11.83594,12.30469,12.48047,13.06641,13.35938,13.24219,0.126953,0.148926,0.150146,0.12207,0.144043,0.153809,0.130615,0.12085,0.141602,0.118408,0.129395
2017-01-29T18:40:00Z,178.24219,182.46094,184.92188,182.8125,181.40625,183.16406,179.29688,184.57031,181.40625,188.4375,186.67969,181.40625,12.53906,10.19531,12.48047,12.07031,12.77344,12.07031,12.48047,13.53516,13.65234,13.71094,14.0625,14.17969,14.47266,0.145264,0.114746,0.12207,0.145264,0.101318,0.109863,0.144043,0.118408,0.100098,0.126953,0.130615
2017-01-29T18:50:00Z,181.05469,185.27344,186.32813,185.625,186.32813,188.4375,184.92188,182.46094,184.57031,188.4375,184.21875,185.625,12.71484,10.07813,12.12891,12.36328,12.12891,12.42188,12.12891,12.48047,13.24219,13.94531,13.59375,13.30078,14.64844,0.167236,0.148926,0.129395,0.133057,0.157471,0.144043,0.145264,0.161133,0.111084,0.142822,0.142822
2017-01-29T19:00:00Z,181.75781,183.86719,182.10938,184.21875,187.03125,182.8125,182.46094,184.21875,186.32813,183.86719,183.16406,182.8125,12.89063,10.19531,12.24609,12.42188,12.77344,12.48047,13.30078,13.59375,13.76953,13.47656,13.88672,14.23828,14.53125,0.123291,0.134277,0.118408,0.131836,0.148926,0.117188,0.108643,0.147705,0.183105,0.128174,0.12207
2017-01-29T19:10:00Z,181.75781,182.10938,182.10938,184.57031,185.97656,183.16406,184.21875,185.97656,185.625,185.27344,185.97656,189.14063,12.94922,10.42969,12.07031,13.00781,12.01172,13.30078,12.89063,13.47656,13.94531,14.35547,13.82813,14.0625,14.41406,0.151367,0.155029,0.163574,0.166016,0.135498,0.172119,0.126953,0.153809,0.164795,0.145264,0.150146
2017-01-29T19:20:00Z,180.35156,181.40625,181.75781,183.16406,184.92188,184.21875,184.57031,184.57031,188.08594,185.27344,183.51563,187.38281,12.94922,10.3125,12.12891,12.48047,12.12891,13.125,13.53516,13.59375,13.53516,13.24219,13.71094,14.12109,14.12109,0.158691,0.141602,0.162354,0.117188,0.140381,0.159912,0.12085,0.183105,0.164795,0.113525,0.117188
2017-01-29T19:30:00Z,180.35156,183.51563,187.38281,182.46094,189.14063,184.92188,184.57031,183.51563,185.625,184.21875,187.38281,186.67969,12.59766,9.96094,12.77344,12.42188,12.42188,12.1875,12.07031,12.48047,12.89063,13.71094,13.76953,13.18359,12.71484,0.151367,0.158691,0.168457,0.164795,0.155029,0.166016,0.159912,0.136719,0.109863,0.137939,0.146484
2017-01-29T19:40:00Z,181.75781,183.51563,184.57031,187.03125,185.27344,187.73438,187.38281,184.92188,185.27344,186.67969,187.38281,189.14063,13.06641,9.90234,11.19141,11.77734,11.30859,12.42188,12.48047,12.12891,12.42188,12.30469,12.94922,13.06641,13.30078,0.146484,0.144043,0.20874,0.134277,0.147705,0.144043,0.118408,0.129395,0.125732,0.13916,0.123291
2017-01-29T19:50:00Z,181.75781,187.03125,185.97656,184.21875,184.57031,187.38281,187.73438,189.49219,191.60156,190.19531,190.19531,191.95313,12.30469,9.90234,11.60156,11.36719,11.54297,12.24609,12.77344,12.83203,12.77344,12.83203,13.41797,14.12109,13.88672,0.151367,0.141602,0.177002,0.19043,0.118408,0.140381,0.179443,0.119629,0.130615,0.131836,0.162354
2017-01-29T20:00:00Z,184.57031,190.54688,188.4375,189.14063,189.84375,189.84375,186.67969,184.92188,189.49219,188.78906,193.00781,189.84375,13.00781,10.01953,12.48047,12.12891,12.42188,12.48047,11.89453,12.71484,13.47656,14.0625,13.65234,13.94531,13.71094,0.119629,0.151367,0.202637,0.146484,0.177002,0.131836,0.134277,0.126953,0.146484,0.178223,0.174561
2017-01-29T20:10:00Z,182.8125,184.92188,185.97656,188.4375,187.03125,186.67969,185.27344,185.27344,184.92188,186.67969,189.49219,189.49219,12.77344,10.13672,12.07031,12.94922,12.53906,12.89063,12.83203,12.83203,12.94922,13.47656,14.12109,14.12109,14.64844,0.123291,0.146484,0.135498,0.177002,0.170898,0.15625,0.19165,0.15625,0.126953,0.155029,0.123291
2017-01-29T20:20:00Z,178.94531,183.51563,182.46094,180.35156,178.59375,179.29688,183.51563,183.86719,183.16406,183.51563,184.57031,188.4375,12.83203,10.19531,12.12891,12.53906,12.59766,12.53906,13.06641,13.24219,13.59375,13.35938,13.76953,14.47266,15.11719,0.179443,0.142822,0.133057,0.153809,0.148926,0.102539,0.130615,0.111084,0.144043,0.118408,0.125732
2017-01-29T20:30:00Z,176.83594,176.48438,177.89063,181.40625,181.75781,180.70313,182.46094,181.75781,180.70313,182.10938,182.46094,185.97656,13.71094,11.01563,12.36328,12.59766,12.48047,13.47656,13.41797,13.35938,13.35938,13.76953,14.41406,14.82422,15.35156,0.12207,0.114746,0.129395,0.13916,0.129395,0.107422,0.137939,0.10376,0.106201,0.131836,0.098877
2017-01-29T20:40:00Z,176.83594,178.24219,178.24219,181.40625,181.75781,180.35156,178.59375,178.94531,181.40625,182.46094,182.46094,185.27344,13.30078,10.89844,12.59766,13.125,13.18359,13.24219,13.24219,13.53516,14.0625,14.35547,14.53125,14.70703,15.41016,0.134277,0.115967,0.141602,0.130615,0.12207,0.153809,0.12207,0.107422,0.126953,0.145264,0.096436
2017-01-29T20:50:00Z,176.83594,181.40625,178.59375,182.10938,181.05469,179.29688,180.70313,181.40625,182.46094,183.86719,183.51563,184.21875,14.12109,10.72266,12.48047,12.89063,12.77344,13.41797,13.65234,14.17969,14.47266,14.17969,14.00391,14.64844,15.29297,0.12085,0.131836,0.137939,0.136719,0.100098,0.109863,0.112305,0.12207,0.131836,0.133057,0.118408
2017-01-29T21:00:00Z,175.42969,177.53906,176.83594,181.05469,178.24219,178.94531,181.05469,179.29688,180.35156,185.97656,185.97656,187.73438,14.82422,10.83984,11.48438,12.07031,12.12891,12.77344,13.125,13.00781,14.00391,14.47266,14.88281,15.05859,15.64453,0.144043,0.135498,0.142822,0.115967,0.128174,0.12085,0.113525,0.117188,0.10376,0.097656,0.133057
2017-01-29T21:10:00Z,175.42969,180.35156,178.94531,180.35156,183.16406,177.1875,180.35156,184.92188,188.08594,185.27344,186.32813,188.4375,13.53516,10.78125,11.83594,12.77344,12.42188,12.89063,13.65234,14.17969,15.05859,15.0,15.76172,16.40625,16.75781,0.155029,0.137939,0.126953,0.157471,0.136719,0.145264,0.162354,0.130615,0.151367,0.107422,0.133057
2017-01-29T21:20:00Z,176.13281,182.46094,183.16406,183.86719,183.51563,180.35156,182.8125,182.8125,187.38281,190.19531,189.49219,188.78906,13.53516,10.66406,12.30469,12.36328,12.71484,12.48047,12.89063,13.41797,14.29688,15.11719,15.58594,15.76172,16.75781,0.130615,0.13916,0.10498,0.137939,0.117188,0.12207,0.131836,0.150146,0.133057,0.119629,0.136719
2017-01-29T21:30:00Z,179.29688,184.21875,185.27344,181.40625,187.38281,182.10938,184.92188,190.54688,185.97656,183.16406,188.78906,191.95313,13.76953,10.83984,12.83203,13.06641,12.77344,13.24219,13.71094,14.47266,14.41406,14.64844,15.17578,16.40625,16.11328,0.131836,0.084229,0.114746,0.113525,0.093994,0.109863,0.098877,0.119629,0.098877,0.084229,0.137939
2017-01-29T21:40:00Z,179.29688,182.46094,182.10938,183.51563,184.92188,183.16406,184.92188,185.625,187.03125,189.49219,188.08594,185.625,14.41406,10.83984,12.48047,12.94922,12.89063,13.53516,13.71094,14.17969,14.70703,15.17578,15.05859,15.05859,15.05859,0.089111,0.106201,0.150146,0.10376,0.125732,0.112305,0.12207,0.089111,0.112305,0.137939,0.135498
2017-01-29T21:50:00Z,176.48438,179.64844,180.35156,181.75781,181.75781,184.57031,183.16406,184.21875,185.625,186.67969,184.21875,187.38281,13.53516,10.66406,11.71875,12.48047,12.12891,12.83203,13.41797,13.30078,14.12109,14.47266,15.46875,15.76172,15.82031,0.129395,0.128174,0.140381,0.151367,0.093994,0.112305,0.129395,0.098877,0.111084,0.100098,0.100098
2017-01-29T22:00:00Z,176.83594,182.46094,182.10938,181.75781,180.70313,183.86719,188.08594,185.97656,184.92188,186.32813,185.625,185.27344,13.53516,10.66406,12.36328,12.89063,12.89063,13.71094,14.29688,14.41406,14.76563,15.58594,15.87891,15.99609,15.82031,0.152588,0.106201,0.125732,0.158691,0.134277,0.124512,0.113525,0.096436,0.097656,0.098877,0.125732
2017-01-29T22:10:00Z,175.07813,179.29688,180.0,180.70313,178.94531,181.05469,179.29688,178.24219,180.70313,182.8125,182.8125,181.40625,13.82813,10.78125,12.30469,12.36328,12.53906,12.65625,13.35938,14.00391,14.94141,15.46875,15.52734,15.52734,15.99609,0.125732,0.108643,0.179443,0.144043,0.117188,0.092773,0.125732,0.114746,0.134277,0.109863,0.097656
2017-01-29T22:20:00Z,170.85938,175.07813,175.07813,175.07813,173.67188,171.91406,174.02344,176.83594,176.83594,175.78125,175.42969,180.35156,12.89063,10.60547,12.24609,12.59766,12.89063,12.83203,13.24219,14.12109,14.53125,14.64844,14.29688,15.29297,15.76172,0.107422,0.101318,0.117188,0.125732,0.114746,0.100098,0.091553,0.083008,0.090332,0.090332,0.100098
2017-01-29T22:30:00Z,165.9375,171.5625,168.04688,173.67188,173.67188,168.39844,171.5625,172.26563,171.5625,172.61719,174.02344,176.83594,13.00781,10.37109,11.54297,11.89453,11.48438,12.48047,12.59766,13.18359,13.06641,13.53516,14.00391,14.47266,14.53125,0.119629,0.123291,0.128174,0.119629,0.140381,0.10498,0.098877,0.123291,0.125732,0.12207,0.10498
2017-01-29T22:40:00Z,162.77344,166.28906,168.04688,166.64063,168.04688,164.17969,167.69531,169.80469,169.80469,171.5625,169.45313,169.45313,13.06641,10.13672,11.83594,12.12891,11.77734,12.89063,12.65625,13.30078,13.76953,13.71094,13.76953,14.23828,14.76563,0.136719,0.117188,0.158691,0.152588,0.111084,0.109863,0.125732,0.090332,0.085449,0.124512,0.085449
2017-01-29T22:50:00Z,163.125,165.58594,167.69531,167.69531,166.99219,166.99219,167.69531,170.15625,168.75,170.15625,169.45313,171.91406,13.76953,10.54688,12.07031,12.30469,12.59766,12.83203,13.24219,13.71094,14.47266,14.35547,14.53125,14.58984,15.17578,0.111084,0.117188,0.152588,0.133057,0.153809,0.167236,0.112305,0.08667,0.124512,0.100098,0.084229
2017-01-29T23:00:00Z,160.3125,160.66406,165.9375,160.3125,163.82813,162.77344,162.07031,163.125,163.47656,164.53125,164.53125,164.88281,13.24219,10.83984,12.59766,12.59766,12.59766,12.71484,12.71484,13.59375,14.17969,14.58984,14.58984,15.17578,15.46875,0.107422,0.128174,0.117188,0.124512,0.131836,0.155029,0.117188,0.12085,0.130615,0.090332,0.124512
2017-01-29T23:10:00Z,156.09375,161.71875,161.71875,160.66406,162.42188,158.90625,160.66406,159.60938,159.96094,163.47656,162.07031,166.99219,12.89063,10.19531,12.42188,12.36328,12.53906,12.30469,12.77344,13.18359,13.76953,14.00391,14.41406,14.82422,15.23438,0.117188,0.129395,0.142822,0.098877,0.12085,0.13916,0.113525,0.093994,0.135498,0.091553,0.119629
2017-01-29T23:20:00Z,154.6875,158.90625,161.36719,155.39063,158.20313,157.5,160.66406,160.66406,162.77344,163.47656,166.28906,174.72656,12.65625,10.25391,11.77734,12.07031,12.1875,12.12891,12.94922,13.41797,14.17969,14.12109,14.23828,15.17578,16.52344,0.136719,0.133057,0.155029,0.108643,0.128174,0.126953,0.114746,0.106201,0.117188,0.097656,0.089111
2017-01-29T23:30:00Z,152.92969,157.14844,156.09375,156.09375,158.55469,157.85156,157.85156,160.66406,161.01563,162.77344,166.64063,185.27344,13.59375,10.48828,12.42188,12.53906,12.71484,13.00781,13.76953,13.82813,14.12109,14.70703,15.11719,15.64453,15.29297,0.102539,0.158691,0.12207,0.13916,0.108643,0.130615,0.118408,0.137939,0.109863,0.119629,0.137939
2017-01-29T23:40:00Z,152.57813,159.25781,161.71875,158.55469,159.96094,159.60938,158.20313,161.71875,163.47656,167.69531,175.07813,193.00781,13.125,10.19531,11.89453,12.53906,12.48047,12.65625,13.35938,13.65234,14.70703,15.23438,15.46875,15.82031,15.23438,0.124512,0.13916,0.164795,0.15625,0.109863,0.124512,0.135498,0.108643,0.12085,0.133057,0.129395
2017-01-29T23:50:00Z,155.39063,158.55469,158.55469,159.25781,162.07031,164.88281,160.3125,164.88281,171.5625,176.48438,184.21875,183.86719,12.59766,10.25391,11.83594,11.95313,11.83594,12.59766,12.53906,13.06641,13.94531,15.82031,17.22656,17.28516,17.28516,0.144043,0.146484,0.159912,0.108643,0.125732,0.133057,0.140381,0.17334,0.159912,0.164795,0.129395
