LOCATION: 
SYSTEM SERIAL: HKZB
TIMESTAMP (ISO-8601) UTC,WindDir004m deg,WindDir030m deg,WindDir040m deg,WindDir040m_ref deg,WindDir060m deg,WindDir080m deg,WindDir100m deg,WindDir120m deg,WindDir140m deg,WindDir160m deg,WindDir180m deg,WindDir200m deg,WindGust004m m/s,WindSpeed004m m/s,WindSpeed030mh m/s,WindSpeed040mh m/s,WindSpeed040m_refh m/s,WindSpeed060mh m/s,WindSpeed080mh m/s,WindSpeed100mh m/s,WindSpeed120mh m/s,WindSpeed140mh m/s,WindSpeed160mh m/s,WindSpeed180mh m/s,WindSpeed200mh m/s,TI 030m,TI 040m,TI 040m ref,TI 060m,TI 080m,TI 100m,TI 120m,TI 140m,TI 160m,TI 180m,TI 200m
2018-04-27T00:00:00Z,227.10938,230.27344,233.78906,230.625,235.19531,237.65625,239.41406,241.875,243.28125,246.44531,247.85156,250.66406,8.4375,6.97266,8.67188,9.19922,9.25781,9.90234,10.48828,10.78125,11.13281,11.13281,11.13281,11.54297,11.30859,0.065918,0.058594,0.089111,0.079346,0.065918,0.067139,0.079346,0.080566,0.05249,0.080566,0.06958
2018-04-27T00:10:00Z,222.1875,227.10938,226.40625,224.29688,226.40625,229.92188,233.08594,234.84375,236.95313,236.60156,240.46875,240.82031,8.61328,7.32422,9.375,9.60938,9.60938,10.01953,10.78125,11.19141,11.30859,11.42578,11.36719,11.30859,11.25,0.076904,0.075684,0.074463,0.092773,0.074463,0.063477,0.073242,0.074463,0.047607,0.074463,0.058594
2018-04-27T00:20:00Z,219.02344,223.94531,223.24219,224.64844,225.70313,228.51563,229.92188,233.08594,236.95313,238.00781,240.82031,243.63281,8.55469,7.44141,8.55469,8.78906,8.90625,9.72656,10.3125,10.78125,11.13281,11.19141,11.07422,11.25,11.13281,0.087891,0.087891,0.081787,0.061035,0.067139,0.065918,0.064697,0.065918,0.065918,0.074463,0.073242
2018-04-27T00:30:00Z,217.26563,219.375,222.1875,222.89063,222.1875,227.46094,226.75781,230.97656,234.14063,236.60156,238.00781,240.82031,7.85156,6.91406,8.26172,8.73047,8.49609,9.19922,9.43359,9.96094,10.54688,10.60547,10.78125,10.89844,10.78125,0.078125,0.061035,0.101318,0.08667,0.075684,0.048828,0.078125,0.061035,0.05249,0.079346,0.075684
2018-04-27T00:40:00Z,217.26563,224.29688,223.59375,226.40625,228.86719,229.92188,232.38281,234.84375,236.60156,237.30469,240.46875,240.11719,8.02734,6.67969,7.85156,8.49609,8.37891,9.19922,9.72656,10.07813,10.3125,10.37109,10.48828,10.54688,10.48828,0.08667,0.074463,0.061035,0.053711,0.076904,0.073242,0.057373,0.073242,0.067139,0.064697,0.057373
2018-04-27T00:50:00Z,222.53906,228.51563,231.32813,228.86719,233.08594,235.54688,236.25,240.11719,247.5,250.3125,247.85156,251.36719,7.5,5.97656,7.20703,7.73438,7.73438,8.55469,9.14063,9.66797,10.13672,9.90234,9.90234,10.07813,10.19531,0.06958,0.107422,0.075684,0.076904,0.068359,0.068359,0.084229,0.090332,0.076904,0.062256,0.062256
2018-04-27T01:00:00Z,220.07813,226.40625,228.51563,226.40625,229.92188,232.03125,238.00781,241.17188,244.6875,243.63281,251.01563,251.71875,6.91406,5.80078,7.14844,7.61719,7.61719,8.14453,8.78906,9.08203,9.25781,9.55078,10.01953,9.72656,9.60938,0.107422,0.109863,0.074463,0.073242,0.083008,0.073242,0.063477,0.080566,0.087891,0.087891,0.061035
2018-04-27T01:10:00Z,217.61719,220.07813,222.1875,223.94531,225.35156,228.51563,234.14063,234.49219,239.76563,244.33594,243.28125,244.6875,6.73828,5.80078,7.26563,7.61719,7.5,8.20313,8.61328,8.84766,9.25781,9.66797,9.14063,9.375,9.55078,0.079346,0.079346,0.084229,0.083008,0.075684,0.063477,0.075684,0.070801,0.083008,0.093994,0.065918
2018-04-27T01:20:00Z,214.10156,223.24219,224.29688,223.24219,228.51563,232.03125,233.4375,237.65625,239.0625,241.52344,246.09375,245.39063,6.85547,5.74219,7.20703,7.79297,7.67578,8.49609,8.78906,9.02344,9.25781,9.25781,9.375,9.375,9.19922,0.090332,0.076904,0.084229,0.084229,0.10498,0.059814,0.073242,0.08667,0.075684,0.061035,0.098877
2018-04-27T01:30:00Z,221.83594,227.46094,228.51563,226.40625,230.625,231.32813,233.08594,237.65625,242.57813,243.28125,245.03906,246.79688,7.44141,5.85938,7.67578,7.96875,8.26172,8.49609,9.08203,9.43359,9.55078,9.19922,9.08203,9.19922,9.31641,0.085449,0.087891,0.074463,0.072021,0.085449,0.095215,0.101318,0.083008,0.079346,0.073242,0.091553
2018-04-27T01:40:00Z,215.85938,222.89063,221.83594,221.13281,227.10938,227.8125,230.625,235.19531,236.25,240.82031,242.22656,242.92969,7.14844,6.03516,7.32422,7.73438,7.91016,8.37891,9.02344,9.14063,9.19922,9.19922,9.31641,9.31641,9.31641,0.097656,0.083008,0.087891,0.085449,0.074463,0.064697,0.075684,0.072021,0.079346,0.093994,0.062256
2018-04-27T01:50:00Z,215.15625,217.96875,220.78125,218.67188,220.07813,225.70313,229.21875,233.08594,234.14063,233.78906,239.41406,242.57813,6.85547,5.68359,7.38281,7.55859,7.61719,8.26172,8.84766,8.84766,9.02344,9.08203,9.02344,9.31641,9.14063,0.081787,0.064697,0.076904,0.078125,0.075684,0.078125,0.064697,0.083008,0.085449,0.076904,0.074463
2018-04-27T02:00:00Z,209.53125,217.61719,218.32031,219.72656,223.94531,227.8125,226.75781,231.32813,232.03125,235.54688,237.30469,239.41406,7.32422,6.15234,7.67578,8.20313,8.08594,8.84766,8.96484,8.96484,9.08203,9.14063,9.08203,8.96484,9.02344,0.08667,0.057373,0.100098,0.083008,0.05249,0.075684,0.085449,0.092773,0.05127,0.084229,0.091553
2018-04-27T02:10:00Z,216.5625,220.07813,220.78125,221.48438,221.13281,226.40625,230.625,232.73438,234.49219,234.84375,237.30469,239.76563,7.32422,6.15234,7.67578,7.85156,8.14453,8.4375,8.96484,9.14063,9.02344,8.90625,8.96484,8.84766,8.73047,0.084229,0.079346,0.079346,0.084229,0.070801,0.075684,0.079346,0.08667,0.095215,0.06958,0.062256
2018-04-27T02:20:00Z,210.9375,214.45313,213.39844,215.15625,215.85938,218.67188,220.78125,223.24219,225.0,225.70313,228.16406,229.92188,7.55859,6.38672,7.61719,7.73438,7.96875,8.55469,9.25781,9.375,9.49219,9.31641,9.43359,9.60938,9.43359,0.098877,0.084229,0.093994,0.089111,0.08667,0.084229,0.078125,0.085449,0.06958,0.102539,0.08667
2018-04-27T02:30:00Z,210.58594,216.5625,216.5625,217.61719,219.02344,220.78125,222.1875,225.70313,227.10938,228.86719,230.625,233.4375,7.44141,6.15234,7.38281,7.85156,7.91016,8.4375,9.08203,9.31641,9.375,9.49219,9.60938,9.60938,9.19922,0.117188,0.114746,0.080566,0.093994,0.078125,0.08667,0.076904,0.076904,0.080566,0.080566,0.076904
2018-04-27T02:40:00Z,209.17969,216.91406,216.21094,215.15625,218.32031,220.42969,225.0,224.29688,229.57031,231.67969,232.38281,233.4375,7.55859,6.15234,7.38281,7.61719,8.02734,8.32031,8.96484,9.19922,9.43359,9.66797,9.375,9.14063,9.14063,0.091553,0.090332,0.076904,0.081787,0.089111,0.061035,0.098877,0.098877,0.079346,0.079346,0.098877
2018-04-27T02:50:00Z,211.28906,212.69531,216.21094,216.5625,218.32031,221.48438,221.83594,227.46094,231.32813,230.625,233.78906,236.60156,7.55859,5.97656,7.14844,7.67578,7.32422,8.14453,8.4375,8.78906,9.19922,9.14063,9.14063,9.14063,8.90625,0.109863,0.084229,0.10376,0.092773,0.102539,0.108643,0.101318,0.085449,0.106201,0.090332,0.093994
2018-04-27T03:00:00Z,205.66406,212.69531,212.34375,215.15625,215.15625,221.48438,224.64844,225.35156,229.21875,231.32813,233.78906,231.67969,6.62109,5.50781,6.67969,6.97266,7.14844,7.73438,8.08594,8.32031,8.49609,8.73047,8.96484,8.84766,8.67188,0.093994,0.067139,0.087891,0.083008,0.100098,0.070801,0.08667,0.113525,0.093994,0.098877,0.089111
2018-04-27T03:10:00Z,207.07031,213.75,215.85938,216.5625,218.67188,220.78125,223.94531,227.8125,230.97656,231.32813,234.14063,235.89844,6.15234,5.21484,6.5625,6.79688,6.67969,7.26563,7.61719,8.02734,8.32031,8.49609,8.49609,8.20313,8.26172,0.068359,0.089111,0.096436,0.098877,0.091553,0.093994,0.085449,0.059814,0.112305,0.102539,0.087891
2018-04-27T03:20:00Z,206.36719,209.88281,211.28906,212.34375,217.61719,218.67188,220.07813,224.64844,227.46094,230.625,232.73438,233.4375,6.15234,5.03906,6.44531,6.73828,6.67969,7.20703,7.38281,7.85156,8.14453,8.4375,8.02734,8.14453,8.02734,0.085449,0.107422,0.131836,0.112305,0.093994,0.111084,0.06958,0.08667,0.101318,0.108643,0.084229
2018-04-27T03:30:00Z,202.85156,207.77344,208.82813,207.42188,211.28906,213.04688,216.91406,222.89063,225.70313,226.05469,228.16406,228.86719,5.97656,5.09766,6.15234,6.26953,6.38672,6.97266,7.14844,7.73438,7.79297,7.61719,7.55859,7.55859,7.73438,0.101318,0.112305,0.090332,0.123291,0.12085,0.090332,0.131836,0.113525,0.087891,0.111084,0.118408
2018-04-27T03:40:00Z,200.03906,206.36719,208.82813,208.47656,209.88281,212.34375,216.91406,220.07813,224.64844,226.75781,226.05469,227.8125,6.03516,4.86328,5.85938,6.32813,6.44531,6.85547,7.20703,7.26563,7.38281,7.14844,7.38281,7.5,7.67578,0.134277,0.10376,0.098877,0.125732,0.092773,0.10376,0.113525,0.178223,0.123291,0.087891,0.093994
2018-04-27T03:50:00Z,202.85156,203.90625,205.3125,208.125,206.71875,210.58594,213.75,220.42969,222.53906,220.07813,222.89063,222.89063,6.21094,5.03906,6.26953,6.5625,6.67969,7.08984,7.38281,7.85156,7.73438,7.08984,7.67578,7.67578,7.73438,0.111084,0.125732,0.125732,0.130615,0.118408,0.080566,0.134277,0.137939,0.145264,0.179443,0.135498
2018-04-27T04:00:00Z,202.5,210.23438,211.99219,210.9375,215.15625,216.91406,220.78125,222.1875,223.59375,226.75781,228.51563,228.86719,6.21094,5.21484,6.50391,6.91406,6.79688,7.32422,7.61719,7.73438,7.79297,8.08594,7.91016,7.85156,7.73438,0.12085,0.106201,0.117188,0.117188,0.096436,0.100098,0.107422,0.107422,0.098877,0.101318,0.106201
2018-04-27T04:10:00Z,205.66406,211.28906,209.53125,210.9375,211.28906,214.45313,221.13281,222.1875,223.24219,225.70313,228.16406,227.10938,7.03125,5.15625,6.09375,6.5625,6.73828,7.26563,7.91016,7.96875,7.73438,7.5,7.55859,7.5,7.5,0.100098,0.10498,0.117188,0.150146,0.085449,0.114746,0.112305,0.083008,0.112305,0.118408,0.075684
2018-04-27T04:20:00Z,198.98438,204.25781,206.36719,203.90625,207.77344,211.28906,212.34375,217.26563,217.61719,219.375,221.13281,222.53906,6.32813,5.09766,6.67969,6.91406,6.97266,7.32422,7.67578,7.79297,8.02734,7.91016,7.96875,7.79297,7.38281,0.085449,0.098877,0.098877,0.091553,0.08667,0.117188,0.078125,0.073242,0.114746,0.12207,0.095215
2018-04-27T04:30:00Z,196.17188,200.74219,201.09375,200.74219,203.20313,204.60938,207.77344,210.9375,213.04688,214.10156,215.15625,216.91406,7.03125,5.39063,6.67969,7.08984,7.03125,7.26563,8.14453,8.32031,8.55469,8.14453,8.20313,8.08594,7.96875,0.10376,0.06958,0.072021,0.107422,0.084229,0.114746,0.100098,0.119629,0.114746,0.10498,0.10376
2018-04-27T04:40:00Z,187.73438,195.82031,197.92969,198.28125,198.98438,202.5,206.01563,205.3125,207.07031,210.9375,209.53125,209.17969,6.44531,5.39063,6.67969,6.97266,7.03125,7.67578,7.91016,8.14453,8.32031,8.26172,8.20313,7.91016,7.96875,0.10376,0.092773,0.091553,0.080566,0.097656,0.10376,0.093994,0.092773,0.098877,0.079346,0.085449
2018-04-27T04:50:00Z,193.71094,203.90625,202.5,203.20313,202.5,205.66406,207.07031,208.82813,211.99219,211.64063,209.88281,212.34375,7.03125,5.74219,7.20703,7.61719,7.73438,8.20313,8.67188,9.08203,9.375,9.14063,8.55469,8.61328,8.4375,0.108643,0.118408,0.089111,0.112305,0.102539,0.096436,0.108643,0.084229,0.107422,0.100098,0.115967
2018-04-27T05:00:00Z,194.0625,196.17188,196.17188,198.28125,198.98438,200.74219,201.09375,204.96094,206.71875,206.36719,207.77344,206.01563,7.14844,5.68359,6.97266,7.08984,7.44141,7.55859,7.91016,8.14453,8.37891,8.26172,8.37891,8.37891,8.4375,0.144043,0.133057,0.108643,0.117188,0.19043,0.140381,0.118408,0.146484,0.13916,0.113525,0.112305
2018-04-27T05:10:00Z,186.67969,189.84375,191.25,189.49219,191.25,197.22656,199.33594,202.14844,207.42188,206.36719,208.47656,210.58594,7.14844,5.85938,7.14844,7.44141,7.38281,7.73438,8.02734,7.96875,7.96875,7.91016,8.02734,8.14453,8.14453,0.12207,0.125732,0.114746,0.08667,0.123291,0.112305,0.101318,0.119629,0.126953,0.131836,0.123291
2018-04-27T05:20:00Z,185.27344,191.95313,190.89844,189.84375,191.25,193.71094,195.82031,204.60938,203.55469,211.64063,209.17969,213.04688,7.85156,6.32813,7.96875,7.79297,7.96875,8.32031,8.14453,8.37891,7.73438,7.91016,7.73438,7.79297,7.44141,0.137939,0.113525,0.123291,0.113525,0.113525,0.115967,0.113525,0.109863,0.129395,0.092773,0.118408
2018-04-27T05:30:00Z,195.11719,197.57813,195.11719,199.33594,197.92969,201.79688,200.74219,204.60938,208.125,215.15625,210.23438,214.10156,8.49609,6.79688,7.96875,8.37891,8.32031,8.67188,8.73047,8.4375,8.4375,8.20313,7.67578,7.44141,7.73438,0.125732,0.114746,0.10498,0.10498,0.123291,0.10498,0.131836,0.109863,0.134277,0.168457,0.10376
2018-04-27T05:40:00Z,193.35938,197.92969,195.46875,194.76563,194.76563,196.52344,200.74219,203.55469,204.96094,209.88281,212.69531,214.10156,9.02344,6.73828,7.79297,7.73438,8.14453,7.96875,8.55469,8.49609,8.14453,8.02734,7.61719,7.44141,7.20703,0.155029,0.130615,0.128174,0.097656,0.102539,0.118408,0.102539,0.109863,0.106201,0.111084,0.131836
2018-04-27T05:50:00Z,189.84375,194.41406,196.17188,193.00781,194.76563,198.28125,200.03906,201.79688,201.79688,208.47656,210.23438,212.34375,7.61719,6.50391,7.44141,7.85156,7.73438,7.96875,8.14453,8.20313,7.96875,8.02734,7.96875,7.85156,7.44141,0.095215,0.083008,0.125732,0.097656,0.10376,0.107422,0.118408,0.112305,0.085449,0.115967,0.091553
2018-04-27T06:00:00Z,195.11719,200.74219,197.57813,200.39063,200.03906,200.39063,205.66406,206.01563,209.53125,212.34375,215.50781,215.85938,7.73438,6.38672,7.14844,7.61719,7.61719,7.55859,7.85156,7.79297,8.02734,7.85156,7.85156,7.73438,7.32422,0.109863,0.124512,0.124512,0.115967,0.114746,0.084229,0.10376,0.133057,0.108643,0.093994,0.135498
2018-04-27T06:10:00Z,191.60156,191.25,189.49219,194.0625,196.17188,198.28125,200.03906,201.79688,204.96094,204.96094,207.42188,210.23438,6.85547,5.625,6.38672,6.79688,6.44531,7.03125,7.26563,7.32422,7.55859,7.20703,7.55859,7.32422,7.26563,0.107422,0.10376,0.115967,0.123291,0.112305,0.098877,0.118408,0.153809,0.08667,0.112305,0.111084
2018-04-27T06:20:00Z,189.49219,192.65625,195.46875,194.41406,196.17188,201.09375,202.85156,205.66406,207.07031,208.82813,214.80469,213.04688,6.62109,5.39063,6.44531,6.85547,6.62109,7.14844,7.5,7.5,7.26563,7.20703,7.5,7.20703,6.91406,0.106201,0.119629,0.115967,0.10498,0.114746,0.108643,0.100098,0.130615,0.084229,0.076904,0.113525
2018-04-27T06:30:00Z,189.49219,191.25,192.65625,191.95313,195.11719,197.92969,198.98438,204.60938,205.3125,208.47656,209.53125,211.64063,6.50391,5.09766,6.26953,6.21094,6.15234,6.5625,6.85547,6.97266,6.85547,6.73828,6.73828,6.79688,6.44531,0.129395,0.113525,0.130615,0.124512,0.101318,0.101318,0.092773,0.096436,0.089111,0.142822,0.117188
2018-04-27T06:40:00Z,191.95313,195.46875,195.82031,194.76563,196.17188,202.14844,206.71875,207.42188,211.64063,210.58594,214.10156,215.15625,6.38672,5.03906,6.03516,6.15234,6.15234,6.62109,6.73828,6.85547,6.44531,6.50391,6.44531,6.62109,6.32813,0.155029,0.115967,0.115967,0.089111,0.119629,0.12207,0.087891,0.113525,0.106201,0.107422,0.107422
2018-04-27T06:50:00Z,187.73438,188.4375,190.89844,188.4375,193.71094,194.41406,195.11719,195.82031,202.5,205.3125,206.71875,209.17969,6.32813,5.09766,6.09375,6.5625,6.26953,6.38672,6.50391,6.44531,6.67969,6.5625,6.26953,6.26953,6.15234,0.075684,0.125732,0.114746,0.089111,0.06958,0.128174,0.131836,0.089111,0.12207,0.163574,0.087891
2018-04-27T07:00:00Z,185.97656,191.25,192.65625,188.08594,195.11719,195.46875,195.46875,198.98438,202.5,208.47656,208.47656,209.88281,6.09375,4.62891,5.50781,5.56641,5.625,5.74219,5.91797,6.03516,6.09375,6.21094,5.91797,5.56641,5.68359,0.147705,0.146484,0.10498,0.136719,0.119629,0.12207,0.140381,0.142822,0.145264,0.161133,0.117188
2018-04-27T07:10:00Z,185.625,188.08594,191.95313,192.30469,193.35938,193.71094,198.28125,202.85156,205.3125,208.125,205.66406,209.88281,5.85938,4.39453,5.21484,5.33203,5.15625,5.33203,5.74219,5.85938,5.68359,5.625,5.44922,5.15625,5.33203,0.180664,0.10498,0.136719,0.131836,0.12207,0.090332,0.136719,0.153809,0.135498,0.20874,0.129395
2018-04-27T07:20:00Z,185.27344,189.49219,190.19531,190.19531,189.14063,195.46875,198.28125,200.74219,202.85156,203.55469,205.3125,206.36719,5.50781,4.27734,4.98047,5.44922,5.33203,5.56641,5.91797,5.85938,5.85938,5.80078,5.68359,5.625,5.56641,0.123291,0.137939,0.135498,0.124512,0.091553,0.090332,0.093994,0.107422,0.111084,0.111084,0.106201
2018-04-27T07:30:00Z,184.92188,189.49219,189.84375,190.89844,191.25,193.71094,196.875,198.28125,201.09375,203.20313,206.36719,204.96094,5.39063,4.27734,5.21484,5.44922,5.39063,5.85938,5.97656,6.03516,6.15234,6.38672,6.03516,5.85938,5.68359,0.140381,0.098877,0.102539,0.118408,0.091553,0.108643,0.100098,0.137939,0.098877,0.131836,0.119629
2018-04-27T07:40:00Z,186.32813,193.35938,193.71094,191.95313,194.76563,197.22656,195.46875,199.6875,203.20313,203.90625,207.07031,204.96094,5.50781,4.45313,5.44922,5.56641,5.44922,5.74219,5.85938,6.21094,6.44531,6.32813,6.09375,6.32813,6.09375,0.12207,0.114746,0.096436,0.10376,0.10376,0.115967,0.090332,0.107422,0.113525,0.10376,0.087891
2018-04-27T07:50:00Z,186.32813,191.60156,191.60156,190.54688,194.0625,194.76563,195.46875,196.875,201.79688,202.85156,202.85156,206.36719,5.74219,4.45313,5.15625,4.98047,5.21484,5.39063,5.33203,5.91797,6.15234,5.97656,5.97656,5.97656,6.03516,0.129395,0.10498,0.111084,0.125732,0.197754,0.097656,0.102539,0.101318,0.098877,0.093994,0.12207
2018-04-27T08:00:00Z,184.92188,190.19531,191.60156,190.89844,191.60156,191.60156,195.82031,196.52344,195.46875,198.63281,203.90625,203.20313,5.21484,4.16016,4.98047,4.98047,5.15625,5.50781,5.50781,5.74219,5.56641,5.80078,5.68359,5.91797,5.68359,0.124512,0.164795,0.12085,0.107422,0.114746,0.115967,0.10376,0.140381,0.174561,0.119629,0.112305
2018-04-27T08:10:00Z,180.35156,189.84375,185.97656,189.49219,187.73438,190.19531,190.89844,191.60156,196.17188,194.0625,196.52344,196.17188,5.33203,4.27734,5.03906,5.21484,5.33203,5.56641,5.80078,5.91797,5.80078,5.74219,5.74219,5.74219,5.85938,0.092773,0.140381,0.117188,0.100098,0.115967,0.108643,0.12207,0.100098,0.093994,0.152588,0.095215
2018-04-27T08:20:00Z,186.67969,195.46875,193.00781,193.35938,192.65625,192.65625,195.82031,196.17188,194.0625,195.46875,196.17188,197.57813,6.09375,4.74609,5.625,6.09375,6.21094,6.15234,6.5625,6.50391,6.44531,6.21094,6.62109,6.62109,6.44531,0.107422,0.109863,0.130615,0.108643,0.136719,0.08667,0.096436,0.123291,0.106201,0.106201,0.097656
2018-04-27T08:30:00Z,189.49219,191.60156,192.65625,192.30469,194.0625,193.00781,193.71094,193.00781,191.95313,192.65625,190.19531,190.89844,6.79688,5.09766,5.50781,5.50781,5.44922,5.74219,5.91797,6.03516,6.26953,6.26953,6.03516,6.03516,6.26953,0.136719,0.137939,0.159912,0.097656,0.155029,0.125732,0.093994,0.177002,0.183105,0.158691,0.100098
2018-04-27T08:40:00Z,190.54688,197.57813,195.82031,197.22656,195.82031,197.92969,194.41406,195.82031,193.71094,193.35938,191.95313,190.89844,5.80078,4.51172,5.33203,5.50781,5.33203,5.80078,5.80078,5.97656,6.15234,6.32813,6.32813,6.32813,6.44531,0.113525,0.13916,0.12207,0.133057,0.123291,0.12085,0.118408,0.087891,0.102539,0.151367,0.177002
2018-04-27T08:50:00Z,192.30469,195.82031,197.22656,197.92969,195.82031,195.11719,192.65625,191.60156,190.54688,191.95313,189.49219,186.67969,5.85938,4.57031,5.03906,5.09766,5.03906,5.03906,5.39063,5.44922,5.44922,5.74219,5.85938,6.15234,5.97656,0.10498,0.141602,0.124512,0.150146,0.10376,0.133057,0.123291,0.140381,0.141602,0.153809,0.124512
2018-04-27T09:00:00Z,187.38281,188.78906,189.49219,189.84375,189.14063,190.89844,190.54688,185.97656,185.97656,188.78906,185.625,185.97656,5.09766,3.98438,4.62891,4.86328,4.62891,4.92188,5.03906,4.92188,5.33203,5.50781,5.74219,5.68359,5.74219,0.137939,0.169678,0.12207,0.12085,0.134277,0.13916,0.117188,0.095215,0.119629,0.101318,0.075684
2018-04-27T09:10:00Z,186.67969,194.76563,194.76563,192.65625,195.46875,193.71094,194.76563,192.65625,192.65625,190.89844,192.30469,190.89844,5.50781,4.45313,5.15625,5.33203,5.27344,5.44922,5.44922,5.74219,5.80078,6.03516,6.03516,6.44531,6.26953,0.12085,0.142822,0.133057,0.12207,0.12207,0.114746,0.111084,0.125732,0.129395,0.093994,0.081787
2018-04-27T09:20:00Z,195.11719,204.25781,203.20313,201.09375,200.03906,200.03906,202.14844,199.33594,200.03906,196.52344,197.57813,195.82031,5.97656,4.74609,5.44922,5.44922,5.56641,5.80078,5.91797,6.09375,6.38672,6.38672,6.67969,6.85547,6.79688,0.085449,0.134277,0.091553,0.095215,0.06958,0.12085,0.074463,0.097656,0.107422,0.117188,0.096436
2018-04-27T09:30:00Z,198.98438,200.39063,201.09375,203.20313,202.85156,200.74219,198.28125,201.09375,199.33594,196.17188,196.875,191.95313,5.50781,4.33594,4.6875,4.98047,4.92188,5.21484,5.39063,5.85938,6.15234,6.09375,6.32813,5.85938,6.32813,0.125732,0.146484,0.131836,0.112305,0.113525,0.115967,0.075684,0.140381,0.108643,0.166016,0.115967
2018-04-27T09:40:00Z,196.17188,199.6875,199.6875,200.74219,201.09375,198.63281,199.33594,197.22656,193.35938,191.95313,192.30469,194.0625,4.80469,3.92578,4.6875,4.92188,4.86328,5.15625,5.44922,5.68359,5.50781,5.74219,5.91797,5.91797,5.85938,0.108643,0.131836,0.10376,0.089111,0.101318,0.118408,0.117188,0.085449,0.107422,0.107422,0.100098
2018-04-27T09:50:00Z,197.22656,201.79688,199.6875,201.79688,200.74219,199.33594,200.39063,198.98438,196.52344,196.17188,195.46875,193.71094,4.62891,3.75,4.21875,4.51172,4.51172,4.86328,5.33203,5.44922,5.44922,5.74219,5.80078,5.85938,5.80078,0.119629,0.141602,0.098877,0.100098,0.118408,0.109863,0.098877,0.078125,0.081787,0.097656,0.080566
2018-04-27T10:00:00Z,196.17188,198.98438,199.33594,198.28125,197.57813,197.57813,196.52344,196.17188,196.875,195.11719,193.71094,193.71094,4.92188,3.69141,4.33594,4.86328,4.74609,4.98047,5.39063,5.27344,5.68359,5.44922,5.50781,5.44922,5.50781,0.131836,0.102539,0.129395,0.12207,0.089111,0.083008,0.113525,0.109863,0.112305,0.10498,0.128174
2018-04-27T10:10:00Z,191.95313,195.11719,196.875,196.17188,193.71094,194.41406,195.11719,192.30469,191.95313,191.25,191.60156,190.54688,4.45313,3.51563,4.04297,4.27734,4.39453,4.45313,4.74609,4.62891,4.74609,4.86328,5.03906,4.98047,5.09766,0.180664,0.080566,0.087891,0.126953,0.102539,0.081787,0.10498,0.10498,0.063477,0.091553,0.107422
2018-04-27T10:20:00Z,191.25,193.71094,195.82031,195.11719,195.46875,194.0625,193.00781,191.25,191.25,188.4375,187.73438,188.08594,4.10156,3.28125,3.92578,4.16016,4.21875,4.39453,4.33594,4.51172,4.74609,4.86328,5.09766,5.21484,5.33203,0.136719,0.148926,0.145264,0.111084,0.106201,0.106201,0.117188,0.067139,0.10376,0.095215,0.137939
2018-04-27T10:30:00Z,191.25,195.46875,193.71094,192.30469,196.875,197.22656,193.71094,193.35938,190.89844,188.78906,187.38281,185.625,3.69141,2.8125,3.39844,3.45703,3.57422,3.86719,3.98438,4.10156,4.39453,4.6875,4.62891,4.74609,4.86328,0.19043,0.137939,0.117188,0.13916,0.130615,0.134277,0.117188,0.117188,0.097656,0.084229,0.092773
2018-04-27T10:40:00Z,178.59375,186.67969,189.49219,186.32813,191.95313,187.38281,190.54688,184.57031,182.46094,181.05469,178.24219,178.94531,3.16406,2.05078,2.57813,2.75391,2.75391,2.98828,3.39844,3.63281,3.86719,4.04297,4.16016,4.10156,4.39453,0.153809,0.201416,0.124512,0.151367,0.158691,0.126953,0.095215,0.10498,0.10498,0.102539,0.097656
2018-04-27T10:50:00Z,156.44531,159.60938,166.28906,164.17969,165.58594,171.91406,177.53906,178.24219,177.1875,175.42969,174.02344,172.61719,2.28516,1.69922,2.05078,2.10938,2.10938,2.22656,2.51953,2.92969,3.16406,3.51563,3.45703,3.69141,3.75,0.196533,0.158691,0.161133,0.17334,0.147705,0.168457,0.130615,0.142822,0.134277,0.101318,0.10498
2018-04-27T11:00:00Z,132.89063,137.10938,143.08594,137.8125,149.76563,158.55469,165.23438,163.47656,165.58594,163.82813,165.23438,166.99219,2.57813,2.05078,2.28516,2.22656,2.22656,2.34375,2.57813,2.8125,2.98828,3.22266,3.33984,3.45703,3.63281,0.183105,0.150146,0.155029,0.179443,0.155029,0.137939,0.134277,0.130615,0.117188,0.113525,0.123291
2018-04-27T11:10:00Z,120.9375,126.5625,135.35156,134.29688,142.38281,153.63281,153.98438,156.44531,156.44531,155.39063,158.55469,157.5,2.46094,1.93359,2.10938,2.16797,2.22656,2.28516,2.46094,2.51953,2.87109,2.8125,3.04688,3.10547,3.28125,0.170898,0.166016,0.170898,0.148926,0.12207,0.142822,0.12085,0.123291,0.119629,0.131836,0.117188
2018-04-27T11:20:00Z,118.47656,132.53906,145.54688,144.49219,154.6875,150.11719,150.82031,151.17188,150.46875,154.6875,152.92969,158.55469,2.40234,1.75781,1.875,1.875,1.875,2.16797,2.34375,2.46094,2.75391,2.92969,2.98828,3.04688,3.04688,0.283203,0.203857,0.239258,0.178223,0.172119,0.158691,0.136719,0.119629,0.123291,0.115967,0.107422
2018-04-27T11:30:00Z,139.21875,173.32031,182.8125,181.40625,171.5625,174.375,155.39063,166.28906,170.15625,170.85938,168.39844,169.80469,1.46484,0.64453,1.05469,1.23047,1.34766,1.46484,1.58203,2.05078,2.28516,2.57813,2.8125,2.98828,3.33984,0.251465,0.250244,0.239258,0.240479,0.233154,0.377197,0.198975,0.17334,0.172119,0.177002,0.168457
2018-04-27T11:40:00Z,116.71875,139.21875,155.74219,135.70313,150.82031,143.78906,143.08594,152.57813,156.79688,162.07031,156.44531,164.17969,1.34766,0.82031,1.11328,1.23047,1.40625,1.28906,1.34766,1.46484,1.58203,1.64063,1.81641,2.10938,2.75391,0.247803,0.732422,1.37085,0.217285,0.632324,0.201416,0.214844,0.185547,0.201416,0.185547,0.283203
2018-04-27T11:50:00Z,116.71875,121.99219,143.4375,145.19531,122.69531,139.21875,155.03906,151.17188,162.77344,149.41406,161.71875,166.64063,1.58203,0.46875,1.58203,1.34766,1.34766,1.11328,0.99609,1.11328,1.28906,1.34766,2.10938,2.92969,3.39844,0.692139,0.510254,0.5896,0.421143,0.306396,0.285645,0.296631,0.263672,0.290527,0.253906,0.168457
2018-04-27T12:10:00Z,86.48438,84.02344,92.46094,94.92188,106.875,106.875,135.70313,146.60156,149.0625,150.46875,151.17188,158.90625,1.05469,0.58594,1.28906,1.46484,1.23047,1.34766,1.34766,1.64063,2.05078,2.46094,2.75391,2.92969,3.39844,0.253906,0.286865,0.206299,0.280762,0.222168,0.181885,0.197754,0.106201,0.107422,0.128174,0.119629
2018-04-27T12:20:00Z,47.8125,34.45313,65.74219,60.46875,90.0,110.39063,318.86719,124.45313,117.07031,47.10938,95.625,72.07031,0.99609,0.58594,1.99219,1.81641,2.05078,1.17188,1.05469,1.52344,1.93359,2.22656,2.46094,2.75391,3.10547,0.45166,0.534668,0.599365,0.480957,0.249023,0.234375,0.162354,0.179443,0.175781,0.20874,0.196533
2018-04-27T12:30:00Z,353.67188,26.71875,50.27344,44.64844,39.02344,333.63281,336.79688,356.48438,6.32813,9.84375,6.67969,9.14063,1.40625,0.82031,1.69922,1.69922,1.99219,0.99609,1.05469,1.23047,1.875,2.51953,2.8125,3.22266,3.22266,0.378418,0.498047,0.45166,0.437012,0.262451,0.219727,0.321045,0.228271,0.183105,0.096436,0.128174
2018-04-27T12:40:00Z,19.33594,26.01563,36.5625,27.42188,41.83594,58.00781,13.71094,354.375,13.71094,12.65625,18.28125,14.41406,1.75781,1.17188,1.875,1.52344,1.58203,1.05469,1.11328,1.11328,1.40625,1.75781,2.34375,2.69531,2.63672,0.268555,0.251465,0.24292,0.307617,0.297852,0.339355,0.216064,0.292969,0.189209,0.123291,0.134277
2018-04-27T12:50:00Z,17.22656,45.35156,56.95313,46.75781,76.28906,90.70313,39.02344,351.91406,14.76563,26.71875,23.90625,25.66406,1.93359,1.17188,1.81641,1.69922,1.52344,1.28906,1.40625,1.28906,1.40625,1.99219,2.34375,2.57813,2.69531,0.263672,0.300293,0.289307,0.384521,0.39917,0.3479,0.216064,0.249023,0.217285,0.158691,0.20874
2018-04-27T13:00:00Z,11.25,14.41406,18.98438,15.82031,15.11719,34.10156,309.72656,41.48438,43.94531,40.42969,41.48438,35.85938,2.10938,1.40625,2.05078,1.81641,1.93359,1.23047,1.11328,0.99609,1.05469,1.23047,1.46484,1.875,2.16797,0.213623,0.307617,0.341797,0.360107,0.351563,0.227051,0.283203,0.307617,0.236816,0.230713,0.258789
2018-04-27T13:10:00Z,359.29688,15.11719,17.92969,14.76563,12.65625,355.78125,58.35938,68.90625,52.73438,40.78125,34.45313,33.75,2.8125,2.10938,2.34375,2.05078,2.16797,1.46484,1.17188,1.11328,1.17188,1.34766,1.64063,1.875,2.10938,0.147705,0.327148,0.36377,0.306396,0.383301,0.322266,0.311279,0.266113,0.272217,0.24292,0.302734
2018-04-27T13:20:00Z,34.80469,50.27344,56.95313,52.73438,65.39063,65.03906,73.125,56.95313,74.53125,1.05469,13.00781,8.78906,4.62891,2.34375,2.69531,2.40234,2.40234,1.93359,1.64063,1.58203,1.58203,1.69922,1.69922,1.875,2.10938,0.284424,0.289307,0.290527,0.291748,0.405273,0.450439,0.422363,0.423584,0.390625,0.330811,0.281982
2018-04-27T13:30:00Z,53.78906,58.35938,61.52344,62.22656,67.5,72.77344,79.45313,87.89063,97.73438,348.75,334.6875,336.44531,3.75,2.92969,3.57422,3.39844,3.51563,2.98828,2.57813,2.22656,2.05078,1.875,1.99219,1.99219,2.10938,0.117188,0.144043,0.130615,0.222168,0.290527,0.360107,0.360107,0.371094,0.253906,0.228271,0.179443
2018-04-27T13:40:00Z,50.27344,47.46094,56.25,57.30469,66.79688,70.66406,75.23438,76.99219,80.50781,78.04688,77.34375,59.0625,3.75,2.57813,2.87109,2.69531,2.63672,2.46094,2.40234,2.34375,2.28516,2.16797,1.93359,1.81641,1.58203,0.148926,0.147705,0.142822,0.15625,0.113525,0.146484,0.134277,0.187988,0.22583,0.296631,0.250244
2018-04-27T13:50:00Z,359.29688,20.74219,27.42188,26.36719,33.04688,40.78125,46.40625,50.27344,54.84375,58.00781,54.84375,36.21094,3.28125,2.34375,3.22266,2.87109,2.92969,2.75391,2.57813,2.40234,2.10938,2.05078,1.875,1.75781,1.52344,0.098877,0.10498,0.091553,0.125732,0.091553,0.123291,0.125732,0.179443,0.279541,0.178223,0.26001
2018-04-27T14:00:00Z,3.86719,27.42188,30.9375,31.64063,36.5625,38.32031,40.78125,46.40625,53.78906,59.76563,61.17188,65.03906,3.69141,2.87109,4.21875,4.21875,4.21875,3.80859,3.33984,2.87109,2.57813,2.22656,2.10938,1.99219,1.93359,0.136719,0.19043,0.161133,0.217285,0.209961,0.200195,0.177002,0.194092,0.202637,0.20752,0.239258
2018-04-27T14:10:00Z,30.23438,37.96875,40.07813,38.32031,44.64844,46.75781,50.625,52.38281,54.84375,58.35938,61.875,62.57813,4.98047,3.98438,5.09766,5.27344,5.27344,5.09766,4.45313,3.92578,3.57422,3.33984,3.22266,3.10547,2.92969,0.067139,0.05127,0.053711,0.095215,0.13916,0.085449,0.067139,0.074463,0.100098,0.085449,0.090332
2018-04-27T14:20:00Z,38.32031,42.89063,43.59375,43.94531,44.64844,47.46094,50.97656,54.14063,61.875,62.22656,65.39063,67.14844,4.92188,3.75,4.74609,4.98047,5.03906,5.15625,4.92188,4.33594,3.86719,3.63281,3.45703,3.33984,3.22266,0.048828,0.059814,0.061035,0.067139,0.075684,0.135498,0.148926,0.123291,0.096436,0.117188,0.115967
2018-04-27T14:30:00Z,39.02344,46.05469,51.67969,49.92188,54.49219,56.95313,61.875,67.85156,73.125,78.75,86.13281,90.70313,4.51172,3.69141,4.86328,5.09766,5.09766,4.92188,4.45313,4.39453,4.39453,4.21875,4.04297,3.75,3.63281,0.06958,0.058594,0.075684,0.079346,0.067139,0.065918,0.067139,0.074463,0.090332,0.095215,0.081787
2018-04-27T14:40:00Z,41.13281,48.51563,52.03125,54.14063,57.65625,60.82031,63.98438,70.3125,73.82813,76.64063,78.04688,79.10156,5.09766,4.21875,5.74219,5.85938,5.85938,5.625,5.27344,5.09766,4.62891,4.45313,4.27734,4.33594,4.33594,0.064697,0.075684,0.080566,0.078125,0.089111,0.081787,0.093994,0.107422,0.095215,0.101318,0.133057
2018-04-27T14:50:00Z,46.75781,51.32813,55.89844,53.4375,62.22656,65.39063,67.5,72.42188,75.58594,77.69531,78.39844,79.10156,5.15625,4.33594,5.44922,5.74219,5.68359,5.56641,5.33203,5.09766,4.86328,4.74609,4.6875,4.86328,4.92188,0.06958,0.065918,0.059814,0.074463,0.067139,0.079346,0.068359,0.067139,0.070801,0.047607,0.05249
2018-04-27T15:00:00Z,47.46094,53.4375,55.19531,55.89844,59.41406,62.57813,66.09375,68.55469,72.42188,75.23438,76.99219,76.99219,5.56641,4.16016,5.85938,6.26953,6.26953,6.5625,6.15234,5.74219,5.09766,4.98047,4.98047,4.92188,4.98047,0.098877,0.109863,0.076904,0.095215,0.10498,0.106201,0.093994,0.091553,0.068359,0.08667,0.081787
2018-04-27T15:10:00Z,54.84375,57.30469,55.89844,58.35938,65.03906,65.39063,68.90625,69.96094,73.47656,72.77344,75.9375,77.34375,6.21094,4.74609,6.21094,6.79688,6.73828,6.79688,6.62109,6.32813,6.03516,6.09375,6.09375,6.21094,6.09375,0.063477,0.059814,0.06958,0.070801,0.085449,0.084229,0.083008,0.10498,0.100098,0.085449,0.092773
2018-04-27T15:20:00Z,53.08594,57.65625,60.11719,59.0625,62.92969,63.98438,65.74219,69.60938,69.96094,73.125,73.47656,74.53125,5.80078,4.86328,6.5625,7.03125,7.03125,7.03125,7.20703,6.97266,6.79688,6.73828,6.91406,6.67969,6.62109,0.081787,0.079346,0.080566,0.063477,0.078125,0.085449,0.083008,0.083008,0.072021,0.081787,0.093994
2018-04-27T15:30:00Z,50.625,55.19531,53.4375,53.4375,54.49219,56.95313,61.875,63.98438,68.55469,66.44531,69.96094,71.71875,5.85938,4.6875,6.15234,6.62109,6.67969,7.14844,7.38281,7.32422,6.97266,6.50391,6.62109,6.5625,6.5625,0.113525,0.097656,0.070801,0.075684,0.12085,0.135498,0.102539,0.112305,0.114746,0.079346,0.093994
2018-04-27T15:40:00Z,47.10938,50.625,49.92188,50.97656,54.14063,56.95313,60.46875,62.22656,65.03906,66.44531,67.85156,66.79688,6.32813,5.03906,6.50391,6.97266,6.97266,7.55859,7.85156,7.67578,7.44141,7.32422,7.08984,7.03125,6.67969,0.092773,0.095215,0.078125,0.095215,0.10498,0.108643,0.101318,0.100098,0.102539,0.095215,0.091553
2018-04-27T15:50:00Z,45.70313,53.4375,51.32813,51.32813,54.49219,55.89844,59.0625,63.63281,67.14844,69.25781,72.42188,77.69531,6.15234,4.74609,6.5625,7.14844,6.91406,7.91016,8.08594,7.91016,7.61719,7.5,7.20703,7.14844,6.67969,0.095215,0.075684,0.095215,0.081787,0.081787,0.08667,0.109863,0.095215,0.100098,0.10498,0.075684
2018-04-27T16:00:00Z,52.73438,58.00781,56.25,58.35938,58.71094,58.00781,63.28125,66.79688,68.20313,69.60938,72.07031,80.15625,6.50391,5.27344,6.97266,7.44141,7.61719,8.4375,8.61328,8.61328,8.26172,7.85156,7.96875,7.96875,7.67578,0.095215,0.115967,0.10498,0.096436,0.10376,0.096436,0.113525,0.111084,0.167236,0.117188,0.145264
2018-04-27T16:10:00Z,54.84375,57.65625,57.65625,61.17188,61.17188,61.52344,63.28125,65.74219,66.79688,70.3125,73.47656,80.15625,6.97266,5.44922,7.61719,8.26172,7.96875,9.19922,9.19922,8.78906,8.61328,8.61328,8.73047,8.4375,8.08594,0.151367,0.117188,0.151367,0.125732,0.10498,0.100098,0.12207,0.100098,0.092773,0.124512,0.157471
2018-04-27T16:20:00Z,55.89844,60.11719,62.57813,61.875,62.92969,65.74219,68.90625,77.69531,76.99219,80.50781,84.72656,89.29688,7.79297,6.21094,7.55859,8.02734,8.32031,8.73047,9.25781,9.08203,8.96484,8.37891,8.49609,8.20313,8.02734,0.151367,0.096436,0.092773,0.125732,0.108643,0.096436,0.097656,0.148926,0.141602,0.109863,0.112305
2018-04-27T16:30:00Z,59.76563,62.57813,66.79688,66.09375,69.25781,71.01563,74.17969,79.10156,85.78125,90.0,96.67969,97.73438,6.91406,5.68359,7.61719,8.37891,7.79297,9.14063,8.67188,8.73047,8.67188,8.32031,7.85156,8.02734,8.02734,0.10376,0.135498,0.131836,0.113525,0.113525,0.140381,0.117188,0.118408,0.087891,0.079346,0.079346
2018-04-27T16:40:00Z,64.33594,68.90625,71.01563,69.60938,69.60938,74.88281,75.23438,81.5625,83.32031,90.0,94.21875,95.625,7.5,6.09375,8.02734,8.78906,8.55469,9.78516,9.375,9.375,9.14063,9.02344,8.55469,8.67188,8.61328,0.124512,0.113525,0.137939,0.130615,0.108643,0.109863,0.131836,0.102539,0.12207,0.136719,0.102539
2018-04-27T16:50:00Z,66.44531,69.60938,70.3125,70.66406,71.36719,75.9375,76.64063,84.72656,85.78125,92.10938,92.8125,98.4375,7.67578,6.21094,8.26172,9.08203,9.02344,9.90234,9.49219,9.375,9.96094,9.60938,9.43359,9.08203,9.25781,0.141602,0.085449,0.111084,0.107422,0.128174,0.115967,0.131836,0.142822,0.101318,0.114746,0.145264
2018-04-27T17:00:00Z,65.39063,68.55469,70.66406,71.36719,69.60938,78.04688,79.80469,84.72656,87.1875,93.16406,96.32813,104.41406,7.32422,6.21094,8.08594,8.78906,9.31641,9.66797,10.37109,9.96094,9.96094,9.60938,9.90234,9.14063,9.60938,0.118408,0.136719,0.109863,0.17334,0.118408,0.133057,0.130615,0.128174,0.115967,0.141602,0.12207
2018-04-27T17:10:00Z,66.79688,72.07031,73.125,72.07031,74.17969,76.28906,81.91406,87.89063,95.97656,96.67969,99.49219,103.35938,7.73438,6.44531,8.78906,9.375,9.43359,10.37109,10.72266,10.95703,10.48828,10.07813,9.66797,9.90234,9.96094,0.137939,0.083008,0.134277,0.123291,0.128174,0.102539,0.135498,0.12207,0.092773,0.089111,0.136719
2018-04-27T17:20:00Z,66.44531,73.82813,71.01563,71.71875,73.125,76.64063,85.78125,93.86719,96.32813,99.14063,102.30469,100.19531,7.85156,6.62109,8.73047,9.14063,9.55078,10.19531,10.83984,11.36719,10.54688,9.90234,9.78516,10.13672,10.01953,0.172119,0.095215,0.135498,0.112305,0.130615,0.107422,0.112305,0.146484,0.10376,0.126953,0.144043
2018-04-27T17:30:00Z,67.14844,69.25781,72.07031,70.3125,76.28906,82.26563,85.07813,90.0,93.86719,93.16406,101.25,99.14063,8.37891,6.67969,8.78906,9.66797,9.375,10.37109,10.95703,10.83984,10.54688,10.25391,10.07813,9.96094,9.90234,0.150146,0.096436,0.10376,0.126953,0.179443,0.117188,0.126953,0.130615,0.112305,0.096436,0.137939
2018-04-27T17:40:00Z,66.09375,68.55469,70.66406,73.125,81.91406,84.375,89.64844,89.64844,89.29688,93.86719,94.57031,97.03125,7.85156,6.73828,9.375,10.19531,9.49219,11.25,11.30859,10.89844,10.42969,10.42969,10.83984,11.01563,10.37109,0.115967,0.092773,0.12085,0.093994,0.08667,0.075684,0.10376,0.126953,0.095215,0.115967,0.092773
2018-04-27T17:50:00Z,67.14844,71.01563,76.28906,77.34375,76.99219,81.91406,85.42969,89.64844,93.16406,96.67969,93.86719,96.32813,7.73438,6.5625,9.25781,10.19531,10.01953,11.25,10.95703,10.95703,10.72266,10.66406,10.72266,10.54688,10.78125,0.10376,0.111084,0.119629,0.090332,0.111084,0.097656,0.111084,0.097656,0.090332,0.130615,0.085449
2018-04-27T18:00:00Z,63.98438,69.96094,72.07031,69.96094,79.45313,83.67188,81.91406,88.24219,89.64844,90.35156,93.16406,95.625,7.67578,6.44531,8.96484,9.84375,9.43359,10.60547,10.3125,10.48828,10.72266,10.54688,10.42969,10.60547,10.54688,0.12207,0.080566,0.06958,0.085449,0.12207,0.089111,0.065918,0.107422,0.101318,0.079346,0.114746
2018-04-27T18:10:00Z,62.57813,68.55469,74.17969,72.77344,75.9375,82.26563,82.96875,87.53906,86.48438,90.35156,88.94531,91.05469,7.38281,6.32813,9.02344,9.55078,9.78516,9.90234,10.01953,10.37109,10.3125,10.42969,10.07813,10.19531,10.78125,0.074463,0.108643,0.075684,0.098877,0.081787,0.08667,0.106201,0.107422,0.123291,0.079346,0.089111
2018-04-27T18:20:00Z,61.875,70.66406,69.96094,72.07031,76.64063,83.67188,85.42969,85.42969,85.78125,88.59375,91.05469,94.57031,7.55859,6.50391,8.96484,9.66797,9.78516,10.19531,10.3125,10.13672,10.3125,10.60547,10.48828,10.42969,10.66406,0.118408,0.093994,0.070801,0.081787,0.107422,0.12207,0.06958,0.090332,0.098877,0.08667,0.070801
2018-04-27T18:30:00Z,63.28125,70.66406,70.66406,73.125,78.75,80.15625,82.61719,86.83594,86.48438,87.53906,92.10938,91.05469,7.44141,6.38672,9.14063,9.72656,9.49219,10.42969,10.3125,10.60547,10.37109,10.60547,10.48828,10.60547,10.72266,0.093994,0.096436,0.096436,0.08667,0.070801,0.080566,0.084229,0.075684,0.06958,0.084229,0.073242
2018-04-27T18:40:00Z,65.39063,71.36719,73.125,73.47656,79.80469,84.375,84.375,85.78125,89.29688,86.13281,89.29688,91.40625,7.44141,6.32813,9.25781,9.90234,9.90234,10.42969,10.48828,10.95703,10.89844,10.83984,10.66406,11.01563,11.01563,0.091553,0.085449,0.065918,0.047607,0.095215,0.089111,0.062256,0.075684,0.101318,0.068359,0.058594
2018-04-27T18:50:00Z,70.3125,76.28906,78.75,79.80469,82.96875,87.1875,88.94531,90.70313,91.40625,93.16406,93.86719,98.4375,7.26563,6.09375,8.73047,9.60938,9.72656,10.25391,10.25391,10.48828,10.66406,10.66406,10.83984,10.42969,10.54688,0.075684,0.083008,0.059814,0.087891,0.08667,0.074463,0.096436,0.102539,0.080566,0.095215,0.087891
2018-04-27T19:00:00Z,65.74219,74.88281,79.10156,82.61719,82.26563,82.61719,87.53906,89.29688,88.94531,91.05469,93.86719,95.97656,7.85156,6.62109,9.60938,10.07813,10.3125,10.89844,11.25,11.13281,11.01563,10.83984,10.95703,10.83984,10.66406,0.095215,0.090332,0.083008,0.065918,0.074463,0.064697,0.075684,0.085449,0.08667,0.079346,0.063477
2018-04-27T19:10:00Z,67.85156,76.64063,80.85938,81.5625,83.32031,86.13281,84.72656,89.29688,92.10938,94.57031,93.16406,95.97656,8.32031,7.20703,9.19922,9.96094,9.96094,10.54688,10.78125,10.89844,11.19141,10.66406,10.37109,10.42969,10.72266,0.133057,0.109863,0.114746,0.10376,0.08667,0.076904,0.073242,0.076904,0.064697,0.068359,0.079346
2018-04-27T19:20:00Z,67.5,78.75,79.10156,78.75,81.5625,85.78125,86.83594,87.89063,92.46094,91.40625,94.57031,95.625,8.02734,6.21094,8.73047,9.19922,9.02344,9.90234,10.37109,10.37109,10.37109,10.37109,10.19531,10.3125,10.48828,0.108643,0.10376,0.124512,0.10376,0.079346,0.065918,0.074463,0.061035,0.080566,0.080566,0.070801
2018-04-27T19:30:00Z,72.42188,80.85938,83.67188,81.5625,85.78125,87.89063,89.29688,89.29688,90.0,93.16406,93.86719,97.03125,7.44141,6.32813,8.84766,9.43359,9.55078,10.19531,10.25391,10.3125,10.42969,10.42969,10.60547,10.42969,10.66406,0.087891,0.097656,0.074463,0.059814,0.057373,0.062256,0.05127,0.067139,0.062256,0.056152,0.075684
2018-04-27T19:40:00Z,77.69531,80.85938,85.78125,86.13281,89.29688,90.35156,93.51563,95.625,95.97656,99.84375,98.08594,102.30469,7.03125,5.625,7.96875,8.73047,8.55469,9.49219,9.78516,9.78516,10.01953,10.01953,10.19531,10.48828,10.72266,0.083008,0.085449,0.102539,0.059814,0.072021,0.075684,0.054932,0.068359,0.070801,0.083008,0.043945
2018-04-27T19:50:00Z,72.77344,80.85938,84.72656,79.10156,84.72656,88.59375,90.35156,92.10938,95.625,97.03125,97.03125,98.78906,7.08984,5.56641,8.90625,9.19922,9.19922,9.60938,9.55078,10.13672,10.54688,10.37109,10.83984,11.25,11.30859,0.112305,0.089111,0.111084,0.074463,0.075684,0.067139,0.062256,0.061035,0.068359,0.076904,0.057373
2018-04-27T20:00:00Z,73.125,79.45313,84.375,81.91406,87.53906,88.24219,91.75781,93.16406,95.625,99.49219,97.03125,99.84375,7.61719,5.97656,8.49609,9.31641,9.14063,9.49219,9.60938,9.90234,10.13672,10.3125,10.48828,10.66406,10.95703,0.097656,0.073242,0.081787,0.068359,0.054932,0.058594,0.072021,0.063477,0.064697,0.070801,0.057373
2018-04-27T20:10:00Z,74.17969,79.80469,85.78125,84.02344,88.59375,91.05469,93.86719,97.03125,98.4375,99.49219,100.19531,99.84375,7.44141,6.26953,7.96875,8.67188,8.49609,9.14063,9.31641,9.72656,10.07813,10.3125,10.60547,10.83984,11.25,0.080566,0.079346,0.096436,0.058594,0.048828,0.057373,0.05127,0.068359,0.046387,0.062256,0.058594
2018-04-27T20:20:00Z,68.90625,79.10156,81.5625,81.21094,85.78125,91.05469,92.10938,94.21875,96.32813,100.19531,100.19531,100.54688,6.09375,5.39063,7.20703,7.96875,7.79297,8.84766,9.14063,9.49219,9.84375,10.3125,10.48828,10.60547,11.07422,0.081787,0.06958,0.079346,0.047607,0.053711,0.037842,0.028076,0.036621,0.046387,0.058594,0.043945
2018-04-27T20:30:00Z,73.125,84.02344,89.64844,90.70313,92.10938,94.57031,95.97656,100.54688,98.78906,101.95313,101.95313,104.76563,5.85938,4.98047,8.02734,8.78906,8.55469,9.31641,9.72656,10.01953,10.3125,10.66406,11.07422,11.36719,11.83594,0.108643,0.100098,0.08667,0.067139,0.063477,0.067139,0.067139,0.067139,0.073242,0.070801,0.073242
2018-04-27T20:40:00Z,76.64063,87.53906,91.75781,88.24219,95.27344,95.97656,100.89844,96.67969,101.60156,101.25,103.71094,104.76563,7.08984,5.74219,8.67188,8.90625,9.02344,9.43359,9.72656,10.13672,10.54688,11.25,11.71875,12.24609,12.42188,0.054932,0.059814,0.048828,0.056152,0.057373,0.058594,0.056152,0.048828,0.050049,0.045166,0.050049
2018-04-27T20:50:00Z,75.23438,87.89063,90.0,90.0,95.625,99.14063,99.84375,100.89844,101.25,104.41406,102.65625,105.11719,6.21094,5.39063,8.32031,9.08203,9.08203,9.43359,9.96094,10.42969,10.95703,11.54297,12.07031,12.36328,12.53906,0.062256,0.065918,0.057373,0.05249,0.048828,0.050049,0.05249,0.043945,0.039063,0.050049,0.03418
2018-04-27T21:00:00Z,79.45313,91.05469,93.86719,93.86719,99.14063,101.95313,102.30469,104.76563,101.60156,104.76563,105.46875,108.28125,6.5625,5.39063,8.26172,8.84766,8.84766,9.375,10.13672,10.66406,11.30859,11.77734,12.12891,12.42188,12.65625,0.074463,0.073242,0.061035,0.072021,0.064697,0.058594,0.047607,0.053711,0.050049,0.050049,0.05249
2018-04-27T21:10:00Z,84.02344,94.21875,97.03125,98.4375,103.71094,105.46875,104.41406,107.22656,106.17188,107.22656,105.82031,109.6875,6.09375,5.03906,7.20703,8.26172,8.26172,9.31641,10.07813,10.48828,10.89844,11.48438,12.12891,12.36328,12.65625,0.073242,0.072021,0.063477,0.048828,0.057373,0.058594,0.05127,0.059814,0.065918,0.045166,0.050049
2018-04-27T21:20:00Z,88.59375,99.49219,102.30469,101.95313,103.35938,105.46875,106.52344,105.11719,106.52344,108.28125,108.98438,108.63281,5.625,4.74609,7.91016,8.55469,8.67188,9.49219,10.37109,10.89844,11.48438,11.83594,12.36328,12.77344,13.35938,0.072021,0.061035,0.058594,0.073242,0.054932,0.050049,0.048828,0.041504,0.048828,0.041504,0.05127
2018-04-27T21:30:00Z,92.46094,103.71094,106.875,104.76563,107.22656,107.22656,107.22656,109.6875,109.6875,111.79688,111.44531,112.14844,5.68359,4.92188,7.73438,8.4375,8.4375,9.78516,10.48828,10.95703,11.42578,11.71875,11.89453,12.1875,12.53906,0.05249,0.072021,0.057373,0.053711,0.048828,0.054932,0.042725,0.039063,0.050049,0.050049,0.043945
2018-04-27T21:40:00Z,107.57813,116.01563,114.96094,114.96094,116.36719,117.42188,115.66406,117.42188,117.77344,118.47656,119.53125,121.28906,5.09766,4.33594,7.38281,8.26172,8.14453,9.43359,9.96094,10.19531,10.48828,10.66406,11.13281,11.48438,11.60156,0.098877,0.06958,0.056152,0.047607,0.072021,0.062256,0.064697,0.058594,0.05249,0.053711,0.054932
2018-04-27T21:50:00Z,124.80469,127.96875,127.26563,127.61719,127.26563,128.32031,128.67188,131.13281,130.42969,131.13281,131.83594,130.42969,5.39063,4.51172,7.32422,8.14453,7.96875,9.25781,9.96094,10.37109,10.60547,10.89844,11.19141,11.48438,11.77734,0.195313,0.177002,0.162354,0.117188,0.10376,0.084229,0.06958,0.072021,0.081787,0.072021,0.076904
2018-04-27T22:00:00Z,121.99219,127.26563,126.91406,126.21094,126.91406,127.61719,128.32031,129.72656,129.72656,128.67188,130.78125,131.83594,8.14453,6.03516,8.26172,8.78906,9.02344,9.72656,10.3125,10.60547,10.78125,10.83984,11.13281,11.30859,11.36719,0.111084,0.101318,0.101318,0.072021,0.054932,0.070801,0.083008,0.05249,0.059814,0.068359,0.073242
2018-04-27T22:10:00Z,121.64063,127.26563,128.67188,126.5625,129.72656,129.72656,132.89063,136.75781,137.8125,139.92188,140.27344,144.84375,7.32422,6.15234,8.02734,8.49609,8.61328,9.02344,9.31641,9.43359,9.55078,9.49219,9.60938,9.66797,9.96094,0.135498,0.115967,0.10498,0.100098,0.083008,0.079346,0.061035,0.081787,0.092773,0.091553,0.083008
2018-04-27T22:20:00Z,125.50781,132.53906,135.0,134.29688,135.0,138.16406,141.32813,144.14063,150.82031,152.22656,158.55469,165.23438,6.85547,4.80469,6.79688,7.03125,7.03125,7.5,7.96875,8.4375,8.55469,8.49609,8.4375,8.61328,9.19922,0.06958,0.080566,0.068359,0.079346,0.061035,0.075684,0.067139,0.062256,0.072021,0.093994,0.126953
2018-04-27T22:30:00Z,129.02344,134.64844,133.59375,133.59375,138.51563,142.03125,148.35938,149.41406,149.41406,149.76563,151.17188,149.41406,4.74609,3.69141,5.44922,5.85938,5.91797,6.5625,7.08984,7.32422,7.5,7.73438,8.14453,8.26172,8.61328,0.109863,0.083008,0.097656,0.085449,0.098877,0.147705,0.112305,0.10498,0.115967,0.134277,0.12085
2018-04-27T22:40:00Z,135.35156,143.78906,141.32813,140.97656,140.625,138.51563,137.8125,139.92188,141.67969,146.60156,148.00781,152.57813,4.04297,2.98828,5.09766,5.85938,5.97656,6.85547,7.67578,8.14453,8.49609,8.55469,8.49609,8.37891,8.37891,0.085449,0.087891,0.065918,0.073242,0.080566,0.06958,0.070801,0.091553,0.119629,0.117188,0.106201
2018-04-27T22:50:00Z,156.79688,147.30469,143.78906,143.08594,142.38281,139.57031,141.32813,143.4375,144.14063,145.89844,147.30469,149.41406,6.79688,3.16406,5.39063,5.91797,5.91797,6.5625,7.14844,7.79297,8.37891,8.67188,9.02344,9.31641,9.49219,0.114746,0.113525,0.114746,0.112305,0.111084,0.109863,0.153809,0.141602,0.117188,0.10498,0.092773
2018-04-27T23:00:00Z,137.46094,141.32813,141.67969,139.92188,138.16406,139.92188,139.21875,146.25,145.89844,148.71094,148.35938,153.28125,7.61719,5.09766,5.74219,5.97656,5.91797,6.67969,7.67578,8.20313,8.67188,8.84766,9.375,9.60938,10.01953,0.220947,0.184326,0.201416,0.189209,0.135498,0.095215,0.093994,0.084229,0.081787,0.068359,0.058594
2018-04-27T23:10:00Z,139.92188,140.27344,139.92188,140.27344,140.27344,142.38281,145.54688,149.41406,151.875,157.5,158.90625,162.42188,5.625,4.16016,6.26953,7.20703,7.14844,8.20313,8.73047,9.25781,9.25781,9.31641,9.49219,9.49219,9.375,0.175781,0.144043,0.144043,0.113525,0.106201,0.091553,0.074463,0.084229,0.043945,0.078125,0.080566
2018-04-27T23:20:00Z,134.64844,138.51563,138.86719,138.86719,142.73438,145.89844,151.52344,157.5,161.71875,161.01563,165.58594,166.28906,6.97266,5.33203,7.91016,7.96875,8.14453,8.61328,9.02344,9.43359,9.375,9.08203,9.08203,9.375,9.375,0.084229,0.073242,0.101318,0.050049,0.075684,0.089111,0.054932,0.089111,0.068359,0.068359,0.092773
2018-04-27T23:30:00Z,127.96875,132.89063,137.10938,135.70313,142.73438,146.60156,153.28125,158.20313,160.66406,162.77344,165.58594,166.99219,6.73828,5.21484,7.14844,7.73438,7.5,7.91016,8.14453,8.26172,8.67188,8.78906,8.67188,8.61328,8.73047,0.119629,0.091553,0.072021,0.096436,0.092773,0.10498,0.096436,0.084229,0.092773,0.091553,0.096436
2018-04-27T23:40:00Z,126.91406,133.24219,134.29688,135.35156,142.03125,145.54688,150.82031,149.76563,154.33594,158.55469,162.07031,164.88281,5.03906,4.16016,6.97266,7.79297,7.44141,8.20313,7.5,7.55859,7.73438,8.20313,8.26172,8.26172,7.96875,0.078125,0.100098,0.076904,0.096436,0.097656,0.10376,0.083008,0.058594,0.059814,0.084229,0.078125
2018-04-27T23:50:00Z,130.78125,133.59375,136.40625,136.40625,142.73438,150.46875,154.33594,156.44531,162.77344,165.58594,166.99219,170.85938,5.21484,4.33594,7.14844,7.5,7.26563,7.20703,7.26563,7.32422,7.85156,8.20313,8.55469,8.55469,8.61328,0.085449,0.085449,0.090332,0.085449,0.08667,0.089111,0.083008,0.059814,0.058594,0.070801,0.068359