LOCATION: 
SYSTEM SERIAL: HKZB
TIMESTAMP (ISO-8601) UTC,WindDir004m deg,WindDir030m deg,WindDir040m deg,WindDir040m_ref deg,WindDir060m deg,WindDir080m deg,WindDir100m deg,WindDir120m deg,WindDir140m deg,WindDir160m deg,WindDir180m deg,WindDir200m deg,WindGust004m m/s,WindSpeed004m m/s,WindSpeed030mh m/s,WindSpeed040mh m/s,WindSpeed040m_refh m/s,WindSpeed060mh m/s,WindSpeed080mh m/s,WindSpeed100mh m/s,WindSpeed120mh m/s,WindSpeed140mh m/s,WindSpeed160mh m/s,WindSpeed180mh m/s,WindSpeed200mh m/s,TI 030m,TI 040m,TI 040m ref,TI 060m,TI 080m,TI 100m,TI 120m,TI 140m,TI 160m,TI 180m,TI 200m
2018-02-17T00:00:00Z,148.71094,155.03906,157.14844,153.98438,161.01563,163.82813,176.48438,176.83594,180.0,179.29688,178.59375,179.29688,3.92578,3.10547,3.39844,3.33984,3.39844,3.57422,3.86719,3.80859,4.04297,4.33594,4.27734,4.33594,4.16016,0.211182,0.216064,0.217285,0.151367,0.34668,0.159912,0.124512,0.20752,0.142822,0.095215,0.115967
2018-02-17T00:10:00Z,150.82031,149.41406,149.76563,149.76563,152.22656,159.60938,163.47656,170.15625,174.375,174.72656,176.13281,176.48438,4.16016,3.28125,3.75,3.63281,3.80859,3.75,3.75,4.04297,4.16016,4.33594,4.33594,4.45313,4.39453,0.130615,0.128174,0.211182,0.145264,0.19165,0.157471,0.163574,0.203857,0.151367,0.155029,0.169678
2018-02-17T00:20:00Z,145.54688,132.89063,138.51563,141.67969,137.46094,142.03125,148.00781,152.92969,158.90625,163.82813,165.23438,173.32031,4.10156,3.39844,3.86719,3.92578,3.86719,3.98438,4.04297,3.98438,4.21875,4.27734,4.27734,4.21875,4.33594,0.126953,0.107422,0.097656,0.131836,0.10376,0.181885,0.101318,0.148926,0.145264,0.131836,0.186768
2018-02-17T00:30:00Z,134.64844,141.67969,140.625,138.16406,142.38281,140.27344,142.73438,146.95313,150.11719,159.96094,162.42188,169.45313,4.62891,3.63281,3.98438,3.92578,3.98438,4.04297,3.86719,4.04297,4.16016,4.33594,4.21875,4.39453,4.39453,0.158691,0.15625,0.128174,0.092773,0.119629,0.109863,0.119629,0.126953,0.147705,0.15625,0.155029
2018-02-17T00:40:00Z,137.8125,144.49219,143.08594,144.49219,141.32813,145.19531,146.60156,151.17188,155.03906,161.71875,166.99219,171.5625,4.92188,3.86719,4.04297,4.04297,4.21875,4.21875,4.39453,4.39453,4.39453,4.33594,4.45313,4.51172,4.57031,0.102539,0.111084,0.096436,0.092773,0.101318,0.108643,0.092773,0.065918,0.107422,0.091553,0.102539
2018-02-17T00:50:00Z,142.03125,128.67188,128.32031,127.96875,129.375,133.59375,138.51563,144.14063,145.19531,155.74219,159.25781,164.53125,4.86328,4.04297,3.98438,3.98438,4.04297,3.98438,4.21875,4.27734,4.21875,4.16016,4.33594,4.39453,4.33594,0.10376,0.140381,0.109863,0.113525,0.128174,0.130615,0.095215,0.141602,0.092773,0.080566,0.101318
2018-02-17T01:00:00Z,126.91406,121.64063,124.45313,122.69531,128.67188,136.40625,143.4375,150.46875,153.98438,156.09375,157.5,160.3125,4.74609,3.69141,3.86719,3.92578,3.75,4.04297,4.04297,4.33594,4.51172,4.45313,4.45313,4.51172,4.39453,0.150146,0.117188,0.136719,0.101318,0.119629,0.096436,0.101318,0.119629,0.119629,0.108643,0.107422
2018-02-17T01:10:00Z,119.88281,125.85938,128.67188,124.80469,131.13281,137.8125,143.4375,151.17188,157.5,160.3125,163.47656,164.53125,4.62891,3.69141,3.80859,3.98438,3.86719,3.92578,4.10156,4.39453,4.57031,4.57031,4.39453,4.33594,4.27734,0.113525,0.102539,0.101318,0.109863,0.115967,0.106201,0.093994,0.10376,0.080566,0.106201,0.10498
2018-02-17T01:20:00Z,124.10156,129.02344,127.26563,129.02344,132.1875,138.51563,147.30469,152.57813,157.85156,158.55469,161.71875,160.3125,4.74609,3.63281,3.75,3.98438,3.92578,4.27734,4.45313,4.74609,4.6875,4.62891,4.39453,4.27734,4.16016,0.111084,0.109863,0.087891,0.095215,0.081787,0.076904,0.079346,0.087891,0.095215,0.085449,0.081787
2018-02-17T01:30:00Z,123.39844,129.375,129.72656,129.02344,136.75781,140.97656,148.35938,151.52344,153.63281,154.6875,156.79688,157.85156,4.74609,3.75,4.04297,4.21875,4.10156,4.39453,4.86328,4.74609,4.62891,4.51172,4.45313,4.21875,4.04297,0.12207,0.087891,0.119629,0.081787,0.101318,0.098877,0.102539,0.090332,0.08667,0.095215,0.097656
2018-02-17T01:40:00Z,127.61719,125.15625,126.21094,126.91406,128.32031,129.72656,136.40625,143.78906,147.30469,148.71094,151.52344,152.22656,5.03906,3.92578,4.51172,4.62891,4.57031,4.80469,5.09766,5.21484,5.21484,5.03906,4.6875,4.6875,4.39453,0.097656,0.101318,0.084229,0.093994,0.078125,0.093994,0.093994,0.098877,0.141602,0.10498,0.095215
2018-02-17T01:50:00Z,124.45313,124.80469,125.15625,126.91406,128.67188,138.51563,142.03125,146.60156,148.35938,150.46875,148.71094,155.03906,5.44922,4.33594,4.39453,4.51172,4.57031,4.86328,5.33203,5.56641,5.44922,5.09766,4.86328,4.74609,4.51172,0.096436,0.080566,0.112305,0.084229,0.084229,0.101318,0.090332,0.10498,0.137939,0.108643,0.100098
2018-02-17T02:00:00Z,127.26563,125.15625,126.91406,126.5625,131.48438,134.29688,139.57031,141.32813,143.08594,146.60156,148.35938,148.00781,5.09766,4.21875,4.33594,4.45313,4.39453,4.74609,5.15625,5.33203,5.27344,5.03906,4.74609,4.57031,4.33594,0.114746,0.084229,0.111084,0.085449,0.109863,0.092773,0.091553,0.080566,0.072021,0.079346,0.098877
2018-02-17T02:10:00Z,125.85938,123.04688,121.64063,124.80469,125.15625,130.42969,136.05469,139.21875,142.03125,142.73438,145.19531,143.4375,4.92188,4.10156,4.10156,4.27734,4.39453,4.45313,5.27344,5.56641,5.39063,5.21484,4.86328,4.62891,4.57031,0.148926,0.112305,0.130615,0.112305,0.097656,0.089111,0.074463,0.12207,0.076904,0.083008,0.089111
2018-02-17T02:20:00Z,125.50781,130.07813,131.48438,129.375,130.07813,133.59375,139.57031,140.27344,143.4375,144.84375,144.49219,144.49219,5.15625,3.92578,4.57031,4.62891,4.6875,4.86328,5.27344,5.85938,5.91797,5.80078,5.56641,5.27344,5.09766,0.118408,0.097656,0.111084,0.101318,0.101318,0.081787,0.087891,0.067139,0.079346,0.090332,0.074463
2018-02-17T02:30:00Z,131.13281,138.86719,138.86719,138.16406,140.97656,141.67969,146.25,148.35938,149.41406,148.71094,151.875,149.0625,5.09766,4.21875,4.98047,5.09766,5.09766,5.56641,5.97656,6.09375,6.09375,6.15234,6.03516,5.85938,5.91797,0.134277,0.111084,0.115967,0.130615,0.119629,0.091553,0.089111,0.084229,0.068359,0.096436,0.097656
2018-02-17T02:40:00Z,139.21875,143.78906,141.67969,143.08594,142.73438,145.54688,148.00781,150.11719,149.76563,152.57813,151.52344,152.57813,6.09375,4.6875,5.39063,5.56641,5.56641,6.32813,6.62109,6.73828,6.79688,6.73828,6.67969,6.62109,6.62109,0.089111,0.085449,0.090332,0.078125,0.058594,0.073242,0.056152,0.063477,0.061035,0.075684,0.053711
2018-02-17T02:50:00Z,143.78906,139.92188,140.27344,139.57031,140.97656,142.38281,144.84375,146.25,149.0625,151.52344,151.17188,151.52344,5.91797,5.09766,5.625,5.68359,5.74219,5.85938,6.03516,6.50391,6.91406,7.03125,7.03125,6.97266,6.91406,0.10498,0.109863,0.089111,0.06958,0.063477,0.063477,0.065918,0.072021,0.056152,0.065918,0.074463
2018-02-17T03:00:00Z,140.97656,140.625,140.97656,142.03125,143.08594,145.19531,144.14063,147.30469,150.82031,148.71094,152.22656,150.82031,6.38672,5.50781,6.09375,6.26953,6.21094,6.32813,6.44531,6.97266,7.26563,7.32422,7.32422,7.32422,7.32422,0.081787,0.108643,0.096436,0.068359,0.079346,0.068359,0.068359,0.056152,0.061035,0.061035,0.048828
2018-02-17T03:10:00Z,142.38281,143.08594,142.03125,143.78906,144.49219,145.89844,147.30469,148.71094,152.22656,149.41406,152.57813,151.875,6.67969,5.625,5.97656,6.09375,6.21094,6.38672,6.97266,7.44141,7.85156,7.73438,7.61719,7.73438,7.5,0.10376,0.074463,0.091553,0.074463,0.091553,0.06958,0.056152,0.054932,0.062256,0.062256,0.059814
2018-02-17T03:20:00Z,143.4375,146.95313,144.84375,147.65625,150.11719,150.11719,151.17188,154.6875,154.6875,154.33594,155.03906,157.14844,6.85547,5.68359,6.09375,6.03516,6.15234,6.44531,7.03125,7.67578,7.79297,7.73438,7.73438,7.85156,7.67578,0.092773,0.067139,0.075684,0.059814,0.068359,0.043945,0.056152,0.054932,0.074463,0.081787,0.05249
2018-02-17T03:30:00Z,145.89844,145.54688,146.95313,147.65625,148.35938,152.22656,154.33594,154.33594,153.63281,155.03906,154.6875,152.22656,6.91406,5.68359,5.50781,5.74219,5.56641,6.21094,6.91406,7.38281,7.44141,7.44141,7.55859,7.44141,7.32422,0.119629,0.095215,0.080566,0.095215,0.068359,0.056152,0.050049,0.06958,0.058594,0.073242,0.072021
2018-02-17T03:40:00Z,144.49219,145.89844,149.41406,144.49219,148.35938,151.875,156.44531,155.74219,156.44531,156.44531,155.74219,156.44531,6.15234,5.33203,5.74219,5.85938,5.80078,6.15234,6.67969,7.14844,7.26563,7.32422,7.5,7.20703,7.32422,0.083008,0.074463,0.072021,0.080566,0.090332,0.072021,0.05249,0.06958,0.061035,0.072021,0.068359
2018-02-17T03:50:00Z,145.19531,147.30469,147.65625,150.11719,152.92969,155.74219,155.74219,157.5,157.5,157.85156,157.85156,157.85156,6.26953,5.27344,5.09766,5.33203,5.21484,5.85938,6.62109,7.14844,7.08984,7.20703,7.14844,7.26563,7.14844,0.093994,0.096436,0.118408,0.091553,0.087891,0.073242,0.058594,0.059814,0.089111,0.061035,0.074463
2018-02-17T04:00:00Z,147.65625,150.11719,149.0625,150.11719,151.17188,154.6875,156.09375,157.85156,158.55469,157.85156,159.60938,157.85156,5.91797,4.86328,5.33203,5.39063,5.27344,5.68359,6.62109,7.38281,7.26563,7.14844,7.03125,7.03125,7.14844,0.093994,0.097656,0.108643,0.117188,0.102539,0.076904,0.067139,0.061035,0.076904,0.081787,0.073242
2018-02-17T04:10:00Z,149.0625,155.39063,149.41406,152.22656,154.6875,156.44531,157.85156,157.85156,161.36719,161.01563,161.01563,162.07031,5.91797,4.92188,4.6875,4.92188,4.98047,5.44922,6.21094,6.5625,6.79688,6.91406,6.91406,6.73828,6.79688,0.148926,0.106201,0.107422,0.10376,0.106201,0.068359,0.081787,0.092773,0.070801,0.06958,0.067139
2018-02-17T04:20:00Z,151.52344,146.25,150.11719,151.17188,150.46875,153.28125,157.5,158.20313,157.5,160.66406,161.01563,162.07031,5.50781,4.57031,4.39453,4.33594,4.39453,4.86328,5.15625,5.97656,6.38672,6.62109,6.5625,6.50391,6.50391,0.12207,0.12085,0.123291,0.095215,0.129395,0.168457,0.092773,0.059814,0.079346,0.084229,0.081787
2018-02-17T04:30:00Z,144.49219,134.29688,137.8125,136.75781,140.97656,142.73438,148.00781,150.82031,154.6875,153.28125,152.57813,151.875,5.27344,4.10156,4.16016,4.21875,4.27734,4.27734,4.51172,5.03906,5.68359,6.15234,6.26953,6.32813,6.32813,0.108643,0.106201,0.096436,0.102539,0.108643,0.096436,0.125732,0.081787,0.107422,0.06958,0.081787
2018-02-17T04:40:00Z,135.70313,130.42969,132.1875,131.48438,132.53906,135.70313,137.46094,140.97656,146.95313,151.875,153.28125,151.17188,5.15625,4.16016,4.6875,4.57031,4.62891,4.74609,4.62891,4.86328,5.15625,5.50781,6.15234,6.21094,6.15234,0.128174,0.115967,0.108643,0.106201,0.133057,0.098877,0.08667,0.109863,0.068359,0.070801,0.093994
2018-02-17T04:50:00Z,132.1875,135.0,133.59375,133.24219,134.64844,136.75781,135.35156,143.4375,145.54688,146.60156,148.35938,148.35938,5.625,4.45313,4.86328,4.92188,5.15625,4.86328,5.21484,5.56641,5.85938,6.21094,6.67969,6.5625,6.50391,0.178223,0.13916,0.195313,0.119629,0.134277,0.13916,0.13916,0.114746,0.136719,0.092773,0.100098
2018-02-17T05:00:00Z,135.70313,132.89063,132.53906,129.72656,132.1875,132.1875,138.51563,144.49219,146.95313,149.0625,150.46875,150.46875,6.09375,4.74609,5.21484,5.09766,5.09766,5.27344,5.44922,5.74219,6.50391,6.91406,7.03125,6.62109,6.44531,0.115967,0.101318,0.108643,0.112305,0.178223,0.107422,0.10498,0.118408,0.068359,0.08667,0.107422
2018-02-17T05:10:00Z,131.83594,140.27344,139.21875,139.57031,140.625,143.08594,144.49219,149.0625,149.76563,151.52344,149.0625,152.57813,5.97656,5.03906,5.68359,5.74219,5.74219,5.91797,6.21094,6.73828,7.32422,7.73438,7.5,7.03125,6.79688,0.124512,0.084229,0.10376,0.107422,0.106201,0.092773,0.107422,0.087891,0.072021,0.091553,0.114746
2018-02-17T05:20:00Z,139.57031,140.27344,141.67969,142.03125,146.25,144.49219,145.19531,149.41406,150.11719,153.28125,149.0625,150.46875,6.26953,5.27344,5.39063,5.625,5.50781,5.91797,6.09375,6.97266,7.96875,8.20313,7.85156,7.5,7.32422,0.112305,0.100098,0.118408,0.085449,0.106201,0.125732,0.083008,0.096436,0.079346,0.079346,0.108643
2018-02-17T05:30:00Z,140.625,142.03125,140.625,138.16406,139.92188,140.97656,144.84375,149.41406,147.30469,149.0625,148.35938,149.0625,6.21094,5.27344,5.97656,5.74219,6.09375,6.09375,6.73828,7.85156,8.02734,7.79297,7.73438,7.44141,7.32422,0.131836,0.12085,0.123291,0.093994,0.124512,0.10498,0.078125,0.084229,0.080566,0.091553,0.087891
2018-02-17T05:40:00Z,138.51563,137.46094,136.40625,138.16406,136.40625,137.46094,138.86719,144.14063,146.60156,146.25,148.00781,145.89844,6.62109,5.56641,6.26953,6.26953,6.32813,6.32813,6.62109,7.38281,8.14453,8.14453,7.73438,7.5,7.26563,0.136719,0.12085,0.109863,0.118408,0.113525,0.10498,0.076904,0.081787,0.090332,0.065918,0.093994
2018-02-17T05:50:00Z,137.8125,137.46094,136.75781,139.21875,135.35156,137.46094,139.21875,143.78906,145.54688,148.00781,146.25,146.25,6.97266,5.68359,6.09375,6.32813,6.21094,6.44531,6.85547,7.55859,8.08594,8.14453,7.91016,7.67578,7.73438,0.113525,0.100098,0.115967,0.119629,0.107422,0.102539,0.079346,0.111084,0.079346,0.118408,0.092773
2018-02-17T06:00:00Z,139.92188,142.38281,142.03125,140.97656,142.73438,143.08594,146.95313,148.35938,150.11719,149.41406,149.0625,146.60156,7.08984,5.74219,6.03516,5.97656,5.97656,6.21094,6.62109,7.44141,8.08594,8.08594,7.79297,7.73438,7.85156,0.130615,0.124512,0.124512,0.115967,0.123291,0.101318,0.098877,0.098877,0.098877,0.101318,0.063477
2018-02-17T06:10:00Z,142.38281,141.67969,142.73438,144.49219,145.54688,144.14063,146.25,146.95313,149.0625,150.82031,147.65625,147.65625,6.67969,5.625,5.85938,6.03516,6.03516,6.21094,6.50391,7.38281,8.08594,8.26172,8.02734,7.91016,7.85156,0.117188,0.125732,0.124512,0.12085,0.113525,0.131836,0.062256,0.089111,0.097656,0.08667,0.112305
2018-02-17T06:20:00Z,143.4375,140.97656,142.73438,144.14063,141.32813,144.14063,148.00781,143.08594,146.60156,147.30469,145.89844,146.60156,6.91406,5.50781,6.44531,6.73828,6.50391,7.03125,7.44141,8.26172,8.20313,8.37891,7.96875,8.02734,7.67578,0.102539,0.106201,0.141602,0.100098,0.084229,0.076904,0.091553,0.075684,0.08667,0.10498,0.062256
2018-02-17T06:30:00Z,142.73438,139.57031,138.16406,137.8125,140.625,140.97656,140.97656,142.38281,146.95313,142.73438,142.38281,142.73438,7.26563,5.85938,5.74219,5.97656,5.91797,6.38672,7.08984,8.08594,8.4375,7.96875,7.5,7.5,7.67578,0.093994,0.131836,0.147705,0.107422,0.102539,0.084229,0.087891,0.097656,0.108643,0.118408,0.098877
2018-02-17T06:40:00Z,139.92188,139.57031,140.27344,140.97656,141.67969,143.4375,145.54688,145.89844,145.19531,146.95313,144.49219,145.54688,6.44531,5.33203,5.68359,6.03516,5.91797,6.62109,7.14844,8.02734,8.20313,8.20313,8.02734,7.85156,7.55859,0.152588,0.096436,0.129395,0.092773,0.118408,0.097656,0.101318,0.098877,0.108643,0.097656,0.085449
2018-02-17T06:50:00Z,139.92188,142.03125,142.03125,140.27344,145.19531,144.84375,146.60156,144.49219,145.54688,144.49219,144.84375,143.08594,6.50391,5.27344,5.27344,5.50781,5.625,5.68359,6.5625,7.20703,7.91016,7.91016,7.85156,7.5,7.55859,0.10376,0.097656,0.117188,0.117188,0.108643,0.159912,0.102539,0.129395,0.136719,0.126953,0.10376
2018-02-17T07:00:00Z,137.10938,131.83594,134.64844,134.64844,137.46094,135.35156,140.27344,143.78906,143.4375,142.38281,139.92188,142.03125,5.97656,4.98047,4.74609,4.98047,4.92188,4.80469,5.44922,6.26953,6.97266,7.14844,7.08984,7.20703,7.32422,0.150146,0.162354,0.142822,0.17334,0.19043,0.178223,0.091553,0.164795,0.145264,0.126953,0.142822
2018-02-17T07:10:00Z,133.24219,124.80469,126.21094,125.85938,133.24219,133.94531,136.05469,138.16406,141.67969,143.08594,140.97656,140.625,5.68359,4.51172,4.57031,4.6875,4.27734,4.57031,4.74609,5.44922,6.21094,6.73828,6.91406,6.5625,6.62109,0.187988,0.170898,0.130615,0.19043,0.200195,0.218506,0.125732,0.184326,0.141602,0.183105,0.133057
2018-02-17T07:20:00Z,127.26563,124.80469,126.91406,125.85938,131.48438,130.78125,137.8125,136.75781,138.86719,138.16406,139.92188,139.21875,5.44922,4.33594,4.33594,4.92188,4.62891,4.6875,5.21484,5.44922,6.15234,6.50391,6.67969,6.50391,6.44531,0.128174,0.135498,0.17334,0.180664,0.148926,0.148926,0.133057,0.128174,0.140381,0.177002,0.142822
2018-02-17T07:30:00Z,126.21094,129.375,130.07813,131.48438,133.59375,135.70313,134.64844,142.38281,142.73438,140.27344,133.94531,139.57031,5.56641,4.45313,4.62891,4.80469,4.80469,4.86328,5.68359,6.15234,6.79688,6.26953,6.5625,6.38672,6.79688,0.177002,0.179443,0.179443,0.20874,0.131836,0.12207,0.140381,0.170898,0.095215,0.186768,0.128174
2018-02-17T07:40:00Z,131.13281,131.13281,131.13281,132.1875,134.29688,135.0,142.03125,143.78906,143.08594,141.32813,142.03125,139.57031,5.625,4.6875,4.51172,4.57031,4.45313,4.86328,5.21484,6.09375,6.79688,6.79688,6.79688,6.91406,6.5625,0.158691,0.12085,0.152588,0.177002,0.111084,0.130615,0.089111,0.106201,0.112305,0.10498,0.119629
2018-02-17T07:50:00Z,128.32031,130.42969,132.89063,130.07813,128.67188,130.78125,136.75781,142.03125,143.08594,143.78906,139.92188,143.78906,5.50781,4.27734,4.86328,4.98047,5.03906,4.74609,5.33203,5.625,6.26953,6.32813,6.50391,6.44531,6.5625,0.13916,0.130615,0.118408,0.185547,0.117188,0.144043,0.085449,0.129395,0.114746,0.164795,0.114746
2018-02-17T08:00:00Z,129.375,132.89063,131.48438,128.67188,127.96875,132.1875,134.64844,143.4375,142.73438,144.84375,142.38281,144.49219,5.625,4.6875,4.57031,4.6875,4.80469,4.98047,5.33203,5.80078,6.09375,6.15234,6.09375,6.09375,6.44531,0.183105,0.228271,0.170898,0.180664,0.197754,0.151367,0.161133,0.146484,0.12085,0.216064,0.134277
2018-02-17T08:10:00Z,131.13281,121.64063,123.75,122.34375,127.96875,130.42969,139.57031,145.19531,149.76563,148.35938,147.65625,145.19531,5.97656,4.45313,4.21875,3.80859,4.33594,4.10156,4.51172,5.27344,5.56641,5.85938,5.74219,5.625,6.03516,0.141602,0.144043,0.181885,0.19043,0.185547,0.177002,0.112305,0.135498,0.135498,0.145264,0.213623
2018-02-17T08:20:00Z,117.42188,124.10156,126.21094,125.50781,127.96875,138.51563,142.73438,144.14063,144.84375,146.60156,145.89844,145.19531,5.03906,4.10156,3.98438,4.21875,4.10156,4.45313,5.27344,5.50781,5.625,5.56641,5.56641,5.74219,5.39063,0.172119,0.133057,0.170898,0.115967,0.115967,0.131836,0.125732,0.119629,0.10376,0.131836,0.123291
2018-02-17T08:30:00Z,121.64063,121.28906,124.10156,125.50781,126.21094,133.94531,137.46094,139.57031,140.27344,140.27344,139.21875,140.625,4.98047,4.04297,4.21875,4.10156,3.98438,4.33594,4.6875,5.56641,5.68359,5.68359,5.68359,5.56641,5.56641,0.144043,0.158691,0.161133,0.119629,0.12085,0.119629,0.089111,0.085449,0.08667,0.06958,0.095215
2018-02-17T08:40:00Z,121.28906,120.58594,118.82813,119.17969,120.9375,127.26563,133.94531,136.05469,132.53906,134.64844,133.94531,138.86719,4.92188,4.04297,3.80859,3.80859,3.86719,4.04297,4.62891,5.33203,5.80078,5.56641,5.625,5.44922,5.80078,0.135498,0.158691,0.159912,0.151367,0.113525,0.142822,0.137939,0.123291,0.123291,0.167236,0.109863
2018-02-17T08:50:00Z,117.42188,116.01563,117.42188,119.53125,118.82813,128.32031,128.67188,132.53906,131.83594,131.83594,133.94531,131.83594,4.57031,3.80859,3.80859,3.80859,3.86719,3.98438,4.74609,4.98047,5.21484,4.92188,5.27344,5.27344,5.625,0.163574,0.167236,0.175781,0.169678,0.198975,0.213623,0.169678,0.179443,0.136719,0.161133,0.131836
2018-02-17T09:00:00Z,114.96094,112.14844,112.14844,113.20313,117.07031,123.39844,128.67188,129.02344,129.72656,129.375,131.83594,132.53906,4.57031,3.86719,3.63281,3.57422,3.51563,4.10156,4.51172,5.33203,5.27344,5.33203,5.27344,5.39063,5.56641,0.133057,0.117188,0.145264,0.141602,0.263672,0.102539,0.198975,0.101318,0.131836,0.119629,0.185547
2018-02-17T09:10:00Z,105.82031,109.6875,108.98438,109.33594,112.14844,122.34375,131.48438,130.78125,132.1875,132.1875,135.0,135.35156,4.51172,3.80859,3.80859,3.92578,3.86719,4.10156,4.62891,5.03906,5.03906,4.98047,5.27344,5.27344,5.33203,0.147705,0.107422,0.112305,0.097656,0.112305,0.092773,0.080566,0.125732,0.117188,0.10498,0.10498
2018-02-17T09:20:00Z,108.98438,110.03906,111.09375,113.90625,122.69531,131.13281,135.70313,137.10938,138.86719,137.46094,138.16406,139.57031,4.74609,3.92578,3.39844,3.39844,3.39844,4.04297,4.51172,4.92188,5.09766,5.27344,5.50781,5.56641,5.50781,0.12085,0.17334,0.145264,0.118408,0.137939,0.089111,0.118408,0.107422,0.089111,0.080566,0.075684
2018-02-17T09:30:00Z,105.11719,110.39063,118.125,117.07031,125.50781,137.10938,139.92188,138.86719,139.57031,139.92188,138.51563,139.21875,4.16016,3.39844,2.98828,3.10547,3.04688,3.63281,4.51172,4.39453,4.74609,4.98047,5.33203,5.33203,5.50781,0.141602,0.150146,0.162354,0.152588,0.113525,0.092773,0.118408,0.107422,0.083008,0.090332,0.074463
2018-02-17T09:40:00Z,107.22656,108.28125,110.74219,112.14844,123.04688,134.64844,136.75781,137.8125,136.05469,135.0,133.94531,135.0,4.39453,3.10547,3.39844,3.57422,3.45703,3.86719,4.6875,4.80469,4.92188,5.09766,5.56641,5.625,5.74219,0.128174,0.109863,0.12207,0.141602,0.098877,0.076904,0.093994,0.068359,0.057373,0.085449,0.081787
2018-02-17T09:50:00Z,105.82031,111.44531,114.96094,113.20313,121.99219,134.64844,135.35156,136.05469,134.64844,134.29688,136.40625,135.0,4.33594,3.57422,3.69141,3.75,3.75,3.92578,4.45313,4.80469,4.74609,4.98047,5.15625,5.27344,5.44922,0.112305,0.107422,0.12207,0.107422,0.093994,0.081787,0.145264,0.090332,0.083008,0.075684,0.091553
2018-02-17T10:00:00Z,107.57813,103.71094,106.52344,106.875,109.33594,120.9375,129.375,126.91406,129.375,129.375,129.02344,130.07813,4.45313,3.86719,3.63281,3.63281,3.69141,3.57422,3.92578,4.27734,4.33594,4.51172,4.62891,4.74609,4.92188,0.090332,0.113525,0.119629,0.095215,0.102539,0.095215,0.085449,0.079346,0.092773,0.079346,0.072021
2018-02-17T10:10:00Z,99.84375,94.92188,94.92188,96.32813,97.73438,107.22656,117.77344,127.96875,124.80469,126.21094,126.21094,128.32031,4.33594,3.69141,3.86719,3.86719,3.86719,3.92578,4.10156,4.27734,4.74609,4.45313,4.80469,4.98047,5.03906,0.112305,0.091553,0.107422,0.078125,0.126953,0.118408,0.273438,0.150146,0.181885,0.148926,0.135498
2018-02-17T10:20:00Z,96.67969,101.25,100.19531,103.71094,107.57813,110.03906,122.69531,124.80469,127.96875,127.96875,130.07813,130.07813,4.74609,3.92578,3.92578,3.92578,3.92578,4.10156,4.04297,4.51172,4.62891,4.74609,4.74609,5.09766,4.98047,0.114746,0.101318,0.111084,0.101318,0.128174,0.097656,0.100098,0.090332,0.075684,0.081787,0.079346
2018-02-17T10:30:00Z,101.25,106.875,105.11719,105.82031,111.09375,117.42188,126.5625,126.21094,127.96875,129.72656,129.72656,132.89063,4.80469,3.75,3.33984,3.33984,3.28125,3.39844,3.57422,3.92578,4.16016,4.21875,4.21875,4.45313,4.45313,0.095215,0.102539,0.097656,0.087891,0.100098,0.097656,0.089111,0.068359,0.095215,0.081787,0.067139
2018-02-17T10:40:00Z,101.60156,108.28125,108.63281,110.39063,111.44531,119.17969,126.21094,131.83594,131.83594,130.78125,133.24219,133.59375,4.21875,3.33984,3.57422,3.57422,3.51563,3.57422,3.86719,4.39453,4.57031,4.62891,4.74609,4.98047,5.03906,0.083008,0.172119,0.085449,0.096436,0.10376,0.133057,0.10498,0.102539,0.107422,0.134277,0.112305
2018-02-17T10:50:00Z,110.03906,113.20313,116.01563,116.01563,116.36719,121.64063,124.80469,130.07813,131.48438,130.78125,130.78125,132.89063,4.27734,3.63281,3.63281,3.69141,3.69141,3.75,4.16016,4.45313,4.80469,4.80469,4.98047,5.15625,5.21484,0.118408,0.114746,0.117188,0.097656,0.12207,0.109863,0.081787,0.070801,0.081787,0.079346,0.078125
2018-02-17T11:00:00Z,111.79688,112.5,114.60938,111.79688,114.96094,116.71875,119.17969,126.21094,130.07813,136.05469,132.1875,132.89063,4.74609,3.86719,4.04297,3.98438,4.10156,4.04297,4.16016,4.21875,4.57031,4.6875,5.27344,4.92188,5.27344,0.093994,0.079346,0.087891,0.247803,0.076904,0.10498,0.112305,0.10376,0.214844,0.107422,0.114746
2018-02-17T11:10:00Z,113.55469,116.01563,116.71875,116.01563,118.82813,120.9375,121.28906,126.21094,127.61719,131.13281,132.89063,130.07813,4.74609,4.10156,3.80859,3.80859,3.86719,3.69141,3.92578,4.21875,4.6875,4.51172,4.98047,5.09766,5.44922,0.096436,0.102539,0.095215,0.10376,0.093994,0.100098,0.115967,0.073242,0.153809,0.175781,0.148926
2018-02-17T11:20:00Z,116.01563,122.34375,122.34375,120.23438,123.04688,125.85938,127.26563,130.42969,131.83594,134.64844,133.24219,137.46094,4.74609,3.86719,3.57422,3.51563,3.51563,3.63281,3.92578,4.27734,4.62891,4.86328,5.15625,5.15625,5.44922,0.113525,0.083008,0.095215,0.109863,0.074463,0.076904,0.063477,0.056152,0.074463,0.074463,0.057373
2018-02-17T11:30:00Z,119.53125,127.61719,128.67188,129.375,131.13281,132.1875,131.48438,133.24219,135.35156,139.21875,136.40625,140.27344,4.33594,3.63281,3.22266,3.33984,3.22266,3.45703,3.80859,4.21875,4.62891,4.80469,5.03906,5.15625,5.625,0.08667,0.10498,0.118408,0.081787,0.081787,0.074463,0.115967,0.137939,0.137939,0.140381,0.129395
2018-02-17T11:40:00Z,125.85938,132.1875,131.48438,132.1875,132.89063,133.24219,134.29688,136.40625,138.51563,140.625,143.08594,142.38281,4.04297,3.16406,2.98828,2.98828,2.98828,3.22266,3.51563,4.21875,4.51172,4.62891,4.74609,4.98047,5.21484,0.115967,0.118408,0.134277,0.092773,0.092773,0.072021,0.073242,0.079346,0.054932,0.056152,0.063477
2018-02-17T11:50:00Z,129.375,126.5625,126.91406,127.61719,127.96875,129.02344,133.59375,133.59375,138.86719,139.57031,140.27344,140.625,3.69141,2.92969,2.98828,2.98828,3.04688,3.22266,3.75,4.21875,4.33594,4.6875,4.92188,5.33203,5.625,0.10376,0.125732,0.12085,0.098877,0.067139,0.061035,0.062256,0.063477,0.074463,0.057373,0.057373
2018-02-17T12:00:00Z,123.75,123.39844,124.10156,122.34375,124.80469,127.26563,130.78125,132.53906,135.0,136.75781,139.21875,137.8125,3.69141,3.04688,3.51563,3.51563,3.45703,3.69141,4.04297,4.27734,4.57031,4.98047,5.44922,5.80078,5.97656,0.137939,0.123291,0.100098,0.10498,0.091553,0.062256,0.059814,0.063477,0.045166,0.058594,0.056152
2018-02-17T12:10:00Z,120.58594,117.07031,118.47656,118.47656,118.82813,121.28906,125.85938,130.78125,131.48438,135.35156,136.75781,137.46094,4.33594,3.51563,3.75,3.80859,3.80859,3.80859,4.16016,4.51172,4.80469,5.15625,5.68359,6.03516,6.38672,0.076904,0.073242,0.070801,0.079346,0.078125,0.063477,0.061035,0.053711,0.056152,0.062256,0.043945
2018-02-17T12:20:00Z,114.25781,111.79688,108.98438,109.33594,110.03906,113.20313,119.17969,125.50781,129.02344,131.13281,134.29688,135.0,4.16016,3.69141,3.63281,3.69141,3.69141,3.69141,3.98438,4.33594,4.80469,5.15625,5.50781,5.85938,6.09375,0.090332,0.096436,0.085449,0.084229,0.10498,0.073242,0.047607,0.063477,0.067139,0.061035,0.068359
2018-02-17T12:30:00Z,108.63281,98.4375,99.84375,101.25,102.65625,107.57813,116.71875,124.10156,124.45313,126.91406,129.02344,133.59375,4.10156,3.39844,2.98828,2.98828,2.98828,3.16406,3.45703,4.04297,4.45313,4.74609,5.09766,5.33203,5.625,0.129395,0.108643,0.097656,0.130615,0.076904,0.08667,0.072021,0.090332,0.087891,0.074463,0.058594
2018-02-17T12:40:00Z,98.78906,100.54688,102.65625,103.00781,106.52344,108.28125,115.3125,123.04688,128.32031,133.59375,136.40625,138.51563,3.51563,2.75391,2.69531,2.75391,2.75391,2.87109,3.10547,3.45703,4.16016,4.62891,4.98047,5.27344,5.44922,0.107422,0.097656,0.100098,0.10376,0.118408,0.100098,0.107422,0.113525,0.078125,0.067139,0.064697
2018-02-17T12:50:00Z,104.0625,112.14844,112.85156,111.79688,118.82813,124.10156,131.13281,137.10938,138.86719,139.57031,144.14063,143.08594,3.22266,2.57813,2.8125,2.92969,2.87109,3.28125,3.75,4.27734,4.74609,4.92188,5.03906,5.09766,5.27344,0.133057,0.098877,0.097656,0.091553,0.091553,0.090332,0.067139,0.072021,0.084229,0.061035,0.102539
2018-02-17T13:00:00Z,110.39063,115.66406,117.07031,117.42188,126.21094,131.83594,135.0,138.51563,139.57031,142.38281,142.73438,144.84375,2.98828,2.51953,2.51953,2.75391,2.8125,3.33984,3.86719,4.16016,4.27734,4.45313,4.51172,4.51172,4.62891,0.106201,0.097656,0.112305,0.067139,0.087891,0.067139,0.050049,0.068359,0.059814,0.06958,0.06958
2018-02-17T13:10:00Z,110.74219,109.6875,113.90625,112.14844,121.99219,130.78125,135.35156,137.10938,139.21875,140.625,141.67969,145.54688,2.69531,2.28516,2.40234,2.57813,2.51953,2.92969,3.57422,3.86719,4.10156,4.10156,4.16016,4.16016,4.16016,0.096436,0.119629,0.126953,0.098877,0.070801,0.076904,0.072021,0.054932,0.064697,0.062256,0.058594
2018-02-17T13:20:00Z,106.17188,109.33594,111.79688,112.5,120.23438,129.02344,135.70313,140.97656,142.03125,144.14063,148.71094,151.875,2.92969,2.22656,2.28516,2.28516,2.28516,2.51953,2.98828,3.39844,3.86719,3.80859,3.86719,3.57422,3.51563,0.10498,0.10498,0.109863,0.12207,0.089111,0.076904,0.098877,0.090332,0.065918,0.074463,0.091553
2018-02-17T13:30:00Z,103.35938,99.49219,103.00781,103.00781,113.55469,123.04688,129.375,133.24219,133.94531,137.8125,142.03125,147.65625,2.57813,2.16797,2.57813,2.63672,2.63672,2.87109,2.98828,3.28125,3.45703,3.63281,3.51563,3.28125,3.22266,0.150146,0.133057,0.13916,0.148926,0.155029,0.107422,0.102539,0.085449,0.087891,0.090332,0.059814
2018-02-17T13:40:00Z,94.57031,99.14063,99.84375,99.84375,109.6875,116.71875,124.45313,126.91406,131.13281,134.64844,138.16406,141.67969,3.51563,2.63672,2.98828,2.98828,2.98828,3.16406,3.28125,3.57422,3.63281,3.63281,3.45703,3.28125,3.28125,0.096436,0.091553,0.089111,0.085449,0.087891,0.064697,0.054932,0.065918,0.059814,0.072021,0.085449
2018-02-17T13:50:00Z,94.92188,97.73438,104.41406,102.65625,110.74219,121.28906,125.50781,130.07813,132.89063,137.46094,142.03125,144.49219,3.45703,2.92969,2.87109,2.8125,2.8125,2.87109,3.04688,3.33984,3.39844,3.33984,3.16406,3.04688,2.98828,0.095215,0.078125,0.10376,0.109863,0.106201,0.078125,0.06958,0.074463,0.079346,0.070801,0.076904
2018-02-17T14:00:00Z,97.03125,103.00781,104.76563,105.11719,115.3125,124.10156,129.375,133.24219,134.29688,135.0,138.16406,139.21875,3.22266,2.69531,2.8125,2.8125,2.8125,2.92969,3.16406,3.39844,3.33984,3.16406,3.04688,2.92969,2.87109,0.084229,0.12085,0.100098,0.083008,0.083008,0.098877,0.068359,0.08667,0.079346,0.080566,0.080566
2018-02-17T14:10:00Z,102.30469,96.67969,101.95313,98.78906,113.90625,124.10156,129.375,130.07813,131.83594,132.53906,135.0,138.86719,3.28125,2.57813,2.34375,2.40234,2.28516,2.40234,2.8125,2.75391,2.63672,2.51953,2.34375,2.34375,2.34375,0.100098,0.096436,0.117188,0.098877,0.100098,0.098877,0.111084,0.095215,0.101318,0.112305,0.096436
2018-02-17T14:20:00Z,87.1875,86.83594,89.29688,89.29688,102.65625,117.77344,127.26563,128.32031,126.91406,128.67188,130.78125,133.94531,2.46094,1.99219,2.05078,2.16797,2.05078,2.16797,2.46094,2.51953,2.40234,2.22656,2.16797,2.10938,2.16797,0.119629,0.083008,0.106201,0.097656,0.101318,0.098877,0.076904,0.102539,0.114746,0.109863,0.111084
2018-02-17T14:30:00Z,80.15625,84.72656,88.59375,88.24219,101.25,119.88281,126.91406,129.72656,129.72656,129.72656,132.1875,134.29688,2.34375,1.875,1.93359,1.93359,1.875,2.05078,2.28516,2.34375,2.16797,2.10938,2.05078,2.05078,2.10938,0.111084,0.092773,0.107422,0.092773,0.101318,0.070801,0.10498,0.098877,0.106201,0.111084,0.085449
2018-02-17T14:40:00Z,78.39844,82.61719,85.78125,86.48438,95.625,113.55469,123.39844,126.91406,125.85938,125.15625,126.21094,124.45313,2.28516,1.75781,1.99219,1.99219,1.99219,1.875,1.93359,1.99219,1.81641,1.75781,1.69922,1.69922,1.69922,0.115967,0.12207,0.106201,0.092773,0.119629,0.119629,0.112305,0.150146,0.140381,0.146484,0.115967
2018-02-17T14:50:00Z,74.88281,77.69531,80.15625,79.80469,91.05469,108.63281,118.82813,125.50781,124.10156,124.45313,123.04688,124.45313,2.28516,1.875,2.05078,2.05078,1.93359,1.875,1.875,1.875,1.69922,1.58203,1.52344,1.58203,1.58203,0.093994,0.083008,0.112305,0.12207,0.114746,0.10498,0.130615,0.112305,0.168457,0.12085,0.147705
2018-02-17T15:00:00Z,73.47656,72.77344,75.23438,74.53125,82.61719,101.25,115.66406,124.45313,121.99219,127.26563,125.50781,124.10156,2.28516,1.99219,1.99219,2.05078,1.99219,1.99219,1.875,1.93359,1.75781,1.75781,1.75781,1.75781,1.75781,0.10498,0.111084,0.126953,0.131836,0.129395,0.111084,0.117188,0.081787,0.129395,0.125732,0.12085
2018-02-17T15:10:00Z,69.60938,67.85156,68.90625,70.3125,75.58594,88.59375,101.95313,110.03906,116.36719,121.28906,119.53125,123.04688,2.34375,1.81641,1.99219,1.99219,1.99219,1.875,1.81641,1.69922,1.75781,1.75781,1.75781,1.69922,1.81641,0.119629,0.126953,0.10498,0.128174,0.10376,0.140381,0.130615,0.128174,0.130615,0.131836,0.128174
2018-02-17T15:20:00Z,63.63281,52.38281,53.08594,52.73438,58.00781,75.58594,98.08594,111.44531,115.66406,115.66406,116.01563,118.125,2.28516,1.875,1.64063,1.64063,1.64063,1.69922,1.46484,1.58203,1.58203,1.64063,1.64063,1.81641,1.93359,0.112305,0.107422,0.146484,0.12085,0.12085,0.150146,0.142822,0.113525,0.144043,0.131836,0.131836
2018-02-17T15:30:00Z,47.46094,34.10156,36.5625,42.53906,46.05469,58.35938,79.45313,95.27344,105.11719,106.17188,106.17188,114.60938,1.99219,1.46484,1.46484,1.58203,1.58203,1.52344,1.34766,1.28906,1.28906,1.34766,1.46484,1.64063,1.93359,0.162354,0.123291,0.147705,0.131836,0.181885,0.19043,0.155029,0.168457,0.170898,0.163574,0.135498
2018-02-17T15:40:00Z,30.58594,30.9375,34.80469,35.50781,39.72656,48.86719,72.07031,84.02344,102.30469,112.5,114.96094,118.47656,1.81641,1.34766,1.34766,1.28906,1.28906,1.28906,1.17188,0.99609,1.05469,1.28906,1.58203,1.81641,2.16797,0.147705,0.212402,0.196533,0.227051,0.216064,0.209961,0.236816,0.186768,0.192871,0.174561,0.186768
2018-02-17T15:50:00Z,33.39844,37.26563,39.02344,41.13281,42.53906,52.73438,69.96094,75.9375,82.61719,93.16406,110.39063,118.47656,1.52344,1.11328,1.28906,1.23047,1.28906,1.28906,1.05469,0.87891,0.82031,0.9375,1.05469,1.58203,2.16797,0.159912,0.161133,0.159912,0.135498,0.198975,0.209961,0.187988,0.17334,0.270996,0.328369,0.192871
2018-02-17T16:00:00Z,30.9375,38.67188,35.15625,38.32031,44.64844,50.27344,53.78906,67.85156,85.42969,95.97656,110.03906,301.28906,1.52344,1.17188,1.11328,1.05469,1.17188,1.17188,0.9375,0.87891,0.87891,1.05469,1.28906,1.81641,2.28516,0.168457,0.172119,0.167236,0.163574,0.205078,0.230713,0.227051,0.222168,0.214844,0.166016,0.12207
2018-02-17T16:10:00Z,34.45313,28.47656,28.47656,30.58594,43.24219,55.54688,60.46875,65.74219,72.77344,79.80469,87.89063,94.57031,1.40625,1.05469,1.23047,1.23047,1.23047,1.28906,1.23047,1.23047,1.23047,1.28906,1.23047,1.40625,1.52344,0.130615,0.128174,0.167236,0.141602,0.159912,0.172119,0.157471,0.157471,0.140381,0.144043,0.155029
2018-02-17T16:20:00Z,18.98438,36.21094,38.67188,37.61719,46.05469,64.33594,75.23438,81.91406,85.42969,91.40625,94.57031,108.63281,1.40625,1.05469,1.17188,1.23047,1.17188,1.11328,1.34766,1.52344,1.64063,1.58203,1.64063,1.64063,2.05078,0.177002,0.15625,0.158691,0.177002,0.155029,0.211182,0.19165,0.233154,0.136719,0.183105,0.200195
2018-02-17T16:30:00Z,35.15625,48.86719,52.38281,50.97656,58.00781,72.07031,85.42969,93.16406,97.03125,101.95313,107.92969,117.77344,1.52344,1.17188,1.40625,1.46484,1.46484,1.58203,1.93359,2.22656,2.34375,2.34375,2.40234,2.51953,2.87109,0.13916,0.068359,0.134277,0.118408,0.102539,0.111084,0.08667,0.084229,0.097656,0.068359,0.113525
2018-02-17T16:40:00Z,43.24219,49.21875,52.03125,50.625,61.875,79.10156,90.0,99.49219,103.71094,107.57813,110.03906,114.60938,1.69922,1.28906,1.69922,1.69922,1.69922,1.99219,2.34375,2.69531,2.8125,2.87109,2.87109,2.87109,2.98828,0.148926,0.124512,0.109863,0.130615,0.102539,0.084229,0.075684,0.090332,0.073242,0.080566,0.106201
2018-02-17T16:50:00Z,46.05469,53.4375,60.82031,59.0625,71.36719,88.59375,98.78906,103.71094,106.875,108.98438,111.44531,116.36719,1.93359,1.52344,1.81641,1.99219,1.93359,2.28516,2.75391,3.04688,3.16406,3.16406,3.28125,3.39844,3.45703,0.081787,0.091553,0.114746,0.115967,0.10376,0.08667,0.083008,0.085449,0.063477,0.074463,0.081787
2018-02-17T17:00:00Z,48.16406,56.95313,57.30469,58.71094,70.66406,86.13281,99.14063,105.46875,109.33594,113.20313,117.77344,121.99219,2.22656,1.75781,1.81641,1.81641,1.875,2.22656,2.69531,3.10547,3.28125,3.45703,3.63281,3.92578,4.10156,0.097656,0.112305,0.095215,0.087891,0.092773,0.073242,0.05127,0.067139,0.056152,0.057373,0.059814
2018-02-17T17:10:00Z,47.10938,66.44531,70.3125,70.3125,82.61719,93.86719,102.30469,106.875,111.44531,114.25781,117.77344,123.04688,2.22656,1.64063,2.16797,2.34375,2.34375,2.87109,3.16406,3.28125,3.39844,3.57422,3.63281,3.98438,4.39453,0.101318,0.068359,0.076904,0.065918,0.048828,0.061035,0.067139,0.043945,0.063477,0.048828,0.05249
2018-02-17T17:20:00Z,58.35938,60.11719,65.39063,65.39063,75.23438,93.86719,100.89844,108.98438,112.85156,116.36719,121.64063,124.80469,2.34375,1.69922,1.99219,2.22656,2.16797,2.57813,2.98828,3.10547,3.28125,3.39844,3.69141,4.04297,4.33594,0.084229,0.079346,0.064697,0.065918,0.054932,0.045166,0.057373,0.041504,0.053711,0.057373,0.042725
2018-02-17T17:30:00Z,55.19531,71.01563,71.36719,71.71875,81.5625,92.46094,103.00781,110.39063,116.71875,121.28906,126.5625,126.91406,2.22656,1.52344,1.99219,2.28516,2.22656,2.75391,2.98828,3.16406,3.33984,3.63281,3.92578,4.33594,4.57031,0.107422,0.096436,0.078125,0.076904,0.047607,0.058594,0.063477,0.058594,0.101318,0.059814,0.041504
2018-02-17T17:40:00Z,68.20313,70.3125,72.42188,71.01563,85.42969,97.73438,110.03906,118.82813,125.50781,129.375,130.78125,131.13281,1.99219,1.40625,1.75781,1.875,1.875,2.22656,2.46094,2.69531,3.04688,3.57422,4.10156,4.33594,4.33594,0.134277,0.137939,0.123291,0.114746,0.096436,0.073242,0.070801,0.089111,0.068359,0.042725,0.046387
2018-02-17T17:50:00Z,54.49219,69.60938,78.39844,77.34375,93.86719,105.82031,115.3125,121.28906,128.32031,130.78125,132.89063,133.24219,1.52344,1.05469,1.58203,1.81641,1.75781,2.10938,2.34375,2.57813,2.98828,3.39844,3.98438,4.21875,4.39453,0.081787,0.102539,0.076904,0.089111,0.084229,0.075684,0.095215,0.063477,0.05127,0.054932,0.048828
2018-02-17T18:00:00Z,57.65625,86.48438,93.86719,93.51563,107.57813,117.42188,126.21094,129.72656,131.83594,133.94531,135.0,133.94531,1.23047,0.82031,1.81641,1.93359,1.93359,2.22656,2.63672,3.22266,3.69141,4.10156,4.39453,4.51172,4.39453,0.106201,0.102539,0.095215,0.10498,0.106201,0.072021,0.085449,0.063477,0.063477,0.061035,0.064697
2018-02-17T18:10:00Z,67.14844,108.63281,118.125,116.01563,130.42969,134.64844,136.40625,138.16406,136.40625,136.40625,135.35156,135.35156,1.40625,0.87891,1.75781,2.05078,2.05078,2.51953,3.04688,3.57422,4.10156,4.45313,4.6875,4.57031,4.51172,0.135498,0.155029,0.166016,0.118408,0.129395,0.134277,0.123291,0.085449,0.05127,0.054932,0.056152
2018-02-17T18:20:00Z,99.84375,140.27344,139.57031,139.92188,137.8125,136.75781,136.75781,137.8125,137.46094,137.46094,137.46094,138.16406,1.52344,0.9375,2.69531,3.10547,3.04688,3.98438,4.74609,5.15625,5.15625,5.03906,4.86328,4.80469,4.6875,0.222168,0.223389,0.231934,0.219727,0.161133,0.074463,0.05249,0.046387,0.047607,0.0354,0.036621
2018-02-17T18:30:00Z,142.03125,144.14063,139.21875,139.92188,136.05469,135.70313,136.40625,135.70313,137.8125,137.46094,137.8125,138.51563,2.63672,1.69922,3.57422,4.16016,4.10156,5.09766,5.21484,5.33203,5.21484,5.09766,4.86328,4.74609,4.62891,0.047607,0.056152,0.041504,0.040283,0.041504,0.050049,0.045166,0.05127,0.062256,0.056152,0.032959
2018-02-17T18:40:00Z,157.5,140.27344,137.8125,137.10938,135.0,137.10938,136.40625,137.46094,138.16406,141.67969,142.73438,145.19531,2.63672,2.10938,3.75,4.45313,4.39453,4.92188,5.09766,5.09766,4.98047,4.74609,4.57031,4.39453,4.39453,0.095215,0.112305,0.091553,0.050049,0.043945,0.05127,0.057373,0.05249,0.053711,0.059814,0.039063
2018-02-17T18:50:00Z,151.875,133.59375,135.0,134.29688,136.05469,137.8125,137.10938,138.16406,137.8125,140.27344,141.67969,142.38281,3.45703,2.46094,4.6875,5.03906,4.98047,5.15625,4.98047,4.86328,4.6875,4.74609,4.57031,4.51172,4.39453,0.067139,0.036621,0.050049,0.048828,0.059814,0.053711,0.056152,0.042725,0.041504,0.041504,0.039063
2018-02-17T19:00:00Z,137.8125,134.64844,137.46094,136.40625,139.92188,139.57031,139.57031,140.27344,141.67969,142.38281,144.14063,144.14063,3.45703,2.98828,4.62891,4.80469,4.86328,4.6875,4.62891,4.45313,4.39453,4.33594,4.33594,4.21875,4.21875,0.040283,0.039063,0.026855,0.026855,0.042725,0.045166,0.036621,0.042725,0.042725,0.037842,0.032959
2018-02-17T19:10:00Z,137.46094,135.70313,140.27344,139.21875,143.08594,144.14063,144.14063,144.84375,144.14063,144.84375,144.14063,144.49219,3.22266,2.75391,4.39453,4.62891,4.62891,4.45313,4.33594,4.33594,4.27734,4.21875,4.21875,4.16016,4.16016,0.039063,0.039063,0.040283,0.037842,0.032959,0.0354,0.041504,0.040283,0.045166,0.030518,0.046387
2018-02-17T19:20:00Z,137.46094,138.51563,143.78906,142.73438,145.89844,146.95313,145.19531,145.54688,145.54688,145.89844,145.54688,145.19531,3.04688,2.57813,4.45313,4.86328,4.80469,4.80469,4.57031,4.45313,4.51172,4.45313,4.45313,4.33594,4.33594,0.0354,0.040283,0.046387,0.032959,0.047607,0.048828,0.05127,0.042725,0.048828,0.046387,0.042725
2018-02-17T19:30:00Z,139.92188,143.4375,146.60156,146.25,149.0625,150.46875,150.82031,150.46875,150.11719,148.71094,148.35938,147.65625,3.28125,2.75391,4.6875,5.09766,5.09766,4.98047,4.98047,4.92188,4.80469,4.80469,4.74609,4.74609,4.74609,0.050049,0.039063,0.050049,0.0354,0.05127,0.058594,0.06958,0.065918,0.054932,0.059814,0.056152
2018-02-17T19:40:00Z,144.49219,145.89844,146.60156,146.60156,145.89844,145.54688,144.49219,146.60156,145.54688,145.54688,144.49219,144.84375,3.86719,3.16406,4.92188,5.03906,5.09766,5.15625,5.39063,5.50781,5.625,5.625,5.56641,5.50781,5.50781,0.036621,0.058594,0.05127,0.045166,0.037842,0.048828,0.045166,0.036621,0.050049,0.068359,0.057373
2018-02-17T19:50:00Z,139.21875,142.03125,142.73438,142.73438,143.08594,142.38281,142.03125,142.03125,141.67969,141.32813,141.32813,141.32813,4.10156,3.45703,5.03906,5.21484,5.15625,5.44922,5.625,5.80078,5.85938,6.03516,6.15234,6.21094,6.15234,0.043945,0.059814,0.047607,0.06958,0.057373,0.057373,0.0354,0.029297,0.039063,0.041504,0.03418
2018-02-17T20:00:00Z,138.16406,134.29688,134.64844,135.35156,135.35156,136.05469,138.86719,139.21875,139.57031,140.27344,140.625,141.32813,4.04297,3.39844,5.15625,5.56641,5.50781,5.74219,5.80078,5.85938,5.85938,5.85938,5.91797,6.15234,6.15234,0.036621,0.037842,0.032959,0.029297,0.028076,0.036621,0.025635,0.030518,0.03418,0.0354,0.032959
2018-02-17T20:10:00Z,131.83594,131.13281,131.83594,130.78125,133.24219,136.40625,139.57031,141.32813,142.38281,143.4375,144.14063,144.49219,4.39453,3.57422,5.39063,5.97656,5.91797,6.09375,6.03516,6.03516,6.09375,6.09375,6.21094,6.15234,6.38672,0.054932,0.043945,0.031738,0.036621,0.0354,0.040283,0.031738,0.03418,0.039063,0.032959,0.032959
2018-02-17T20:20:00Z,126.21094,130.07813,132.89063,132.1875,138.16406,142.73438,143.78906,144.84375,145.89844,146.60156,145.19531,145.89844,5.21484,4.21875,5.39063,5.68359,5.68359,6.09375,5.97656,5.91797,5.91797,5.97656,5.97656,6.03516,6.15234,0.050049,0.041504,0.045166,0.028076,0.03418,0.037842,0.030518,0.031738,0.0354,0.03418,0.025635
2018-02-17T20:30:00Z,128.32031,133.94531,135.35156,135.35156,141.32813,144.49219,145.89844,145.89844,146.60156,146.25,146.25,146.25,5.44922,4.62891,5.27344,5.44922,5.44922,5.80078,5.74219,5.80078,5.74219,5.80078,5.80078,5.97656,6.15234,0.059814,0.041504,0.046387,0.042725,0.037842,0.037842,0.043945,0.032959,0.0354,0.043945,0.029297
2018-02-17T20:40:00Z,128.67188,138.51563,140.625,140.625,146.60156,149.41406,152.22656,152.57813,153.63281,153.63281,153.98438,153.63281,5.33203,4.51172,4.6875,5.03906,4.92188,5.44922,5.68359,5.74219,5.80078,5.97656,6.21094,6.26953,6.38672,0.083008,0.06958,0.075684,0.06958,0.050049,0.041504,0.046387,0.067139,0.064697,0.068359,0.056152
2018-02-17T20:50:00Z,134.29688,139.21875,142.73438,141.67969,145.89844,149.0625,153.28125,153.63281,154.6875,155.03906,155.74219,154.33594,5.03906,3.92578,4.27734,4.39453,4.39453,4.6875,5.09766,5.625,6.15234,6.50391,6.67969,6.79688,6.73828,0.072021,0.06958,0.05249,0.054932,0.046387,0.043945,0.03418,0.0354,0.045166,0.031738,0.047607
2018-02-17T21:00:00Z,136.05469,145.89844,146.60156,147.30469,150.11719,151.875,153.63281,152.22656,154.33594,153.63281,151.875,152.22656,4.57031,3.75,4.27734,4.45313,4.45313,4.86328,5.33203,5.97656,6.5625,6.97266,7.03125,7.26563,7.14844,0.098877,0.085449,0.090332,0.054932,0.084229,0.072021,0.063477,0.047607,0.043945,0.056152,0.048828
2018-02-17T21:10:00Z,140.97656,147.65625,149.41406,151.17188,149.76563,151.875,151.52344,151.17188,150.82031,152.92969,151.17188,152.57813,4.51172,3.69141,4.33594,4.57031,4.62891,5.09766,5.56641,6.09375,6.5625,6.85547,7.26563,7.38281,7.5,0.111084,0.080566,0.096436,0.081787,0.058594,0.064697,0.047607,0.05127,0.056152,0.056152,0.05127
2018-02-17T21:20:00Z,143.78906,145.89844,148.71094,148.00781,147.30469,150.11719,150.46875,151.17188,151.17188,152.57813,155.39063,155.74219,4.74609,3.86719,4.62891,4.92188,4.80469,5.15625,5.44922,5.85938,6.32813,6.62109,7.14844,7.38281,7.55859,0.084229,0.081787,0.087891,0.095215,0.085449,0.070801,0.079346,0.056152,0.05127,0.037842,0.040283
2018-02-17T21:30:00Z,142.73438,146.95313,147.65625,148.00781,149.0625,149.0625,150.46875,151.17188,150.82031,151.875,155.03906,156.09375,5.39063,4.21875,4.57031,4.80469,4.80469,5.15625,5.50781,5.74219,6.21094,6.67969,7.38281,7.85156,7.67578,0.12207,0.114746,0.098877,0.097656,0.079346,0.084229,0.075684,0.070801,0.059814,0.059814,0.045166
2018-02-17T21:40:00Z,145.19531,144.14063,144.14063,144.84375,145.89844,145.89844,147.30469,146.95313,150.46875,150.82031,151.875,155.74219,5.39063,4.10156,4.74609,4.6875,4.74609,4.98047,5.33203,5.44922,6.09375,6.91406,7.32422,7.67578,7.79297,0.162354,0.102539,0.101318,0.095215,0.078125,0.089111,0.107422,0.113525,0.090332,0.076904,0.080566
2018-02-17T21:50:00Z,142.38281,143.4375,142.73438,143.4375,145.89844,146.25,148.00781,149.41406,151.875,152.57813,154.6875,154.6875,5.50781,4.39453,4.62891,4.86328,4.74609,4.80469,5.09766,5.625,6.26953,6.97266,7.5,7.73438,7.73438,0.091553,0.100098,0.090332,0.101318,0.097656,0.081787,0.096436,0.124512,0.087891,0.085449,0.081787
2018-02-17T22:00:00Z,142.03125,147.30469,147.30469,145.89844,145.89844,151.875,150.11719,153.63281,155.74219,157.85156,159.25781,160.3125,5.44922,4.45313,4.6875,4.74609,4.92188,5.03906,5.50781,5.91797,6.62109,7.20703,7.5,7.55859,7.32422,0.096436,0.095215,0.096436,0.095215,0.10498,0.074463,0.072021,0.073242,0.079346,0.059814,0.072021
2018-02-17T22:10:00Z,142.73438,148.35938,148.71094,149.0625,149.76563,150.46875,153.98438,156.09375,159.96094,161.36719,162.77344,162.42188,5.68359,4.39453,4.92188,5.03906,5.09766,5.39063,5.80078,6.26953,6.79688,7.32422,7.5,7.5,7.5,0.129395,0.089111,0.076904,0.087891,0.093994,0.065918,0.067139,0.06958,0.047607,0.047607,0.065918
2018-02-17T22:20:00Z,144.84375,149.0625,149.76563,149.76563,151.17188,153.63281,156.09375,159.60938,161.71875,164.17969,164.53125,163.47656,5.68359,4.6875,5.21484,5.21484,5.21484,5.68359,6.03516,6.5625,7.08984,7.08984,7.20703,7.38281,7.03125,0.167236,0.131836,0.119629,0.107422,0.090332,0.083008,0.091553,0.157471,0.131836,0.091553,0.183105
2018-02-17T22:30:00Z,146.25,150.46875,153.28125,150.82031,153.28125,156.44531,159.96094,161.36719,165.58594,167.34375,167.34375,167.69531,5.68359,4.80469,5.09766,5.21484,5.15625,5.50781,5.85938,6.44531,6.67969,7.03125,7.26563,6.67969,7.03125,0.107422,0.126953,0.101318,0.107422,0.102539,0.117188,0.090332,0.109863,0.108643,0.167236,0.137939
2018-02-17T22:40:00Z,150.11719,156.79688,159.25781,156.09375,156.79688,161.36719,163.125,165.9375,165.58594,168.04688,166.99219,169.10156,6.15234,4.62891,5.33203,5.44922,5.50781,5.50781,6.09375,6.50391,6.62109,6.79688,7.14844,7.32422,7.20703,0.061035,0.126953,0.115967,0.107422,0.114746,0.065918,0.081787,0.087891,0.076904,0.075684,0.061035
2018-02-17T22:50:00Z,150.11719,158.90625,157.14844,158.20313,159.60938,158.20313,161.01563,164.17969,165.23438,166.99219,168.04688,167.69531,6.26953,4.98047,5.91797,6.03516,5.97656,6.03516,6.15234,6.50391,6.79688,7.14844,7.26563,7.20703,7.14844,0.090332,0.109863,0.111084,0.106201,0.115967,0.10376,0.113525,0.065918,0.096436,0.092773,0.073242
2018-02-17T23:00:00Z,155.74219,157.14844,159.96094,162.42188,159.96094,163.125,164.53125,164.17969,166.99219,168.04688,167.34375,169.10156,6.50391,5.33203,5.625,5.80078,5.74219,6.03516,6.15234,6.38672,6.5625,7.14844,7.26563,7.32422,7.08984,0.112305,0.096436,0.125732,0.108643,0.100098,0.092773,0.102539,0.084229,0.083008,0.097656,0.072021
2018-02-17T23:10:00Z,157.14844,161.01563,161.36719,160.3125,162.07031,161.71875,163.125,164.53125,164.53125,164.17969,166.28906,166.99219,6.44531,5.39063,5.85938,5.68359,5.68359,6.09375,6.32813,6.85547,6.79688,7.32422,7.32422,7.55859,7.26563,0.113525,0.133057,0.101318,0.129395,0.095215,0.108643,0.092773,0.114746,0.10376,0.084229,0.090332
2018-02-17T23:20:00Z,158.20313,162.77344,163.47656,160.66406,164.88281,162.42188,163.125,164.17969,166.99219,165.23438,166.64063,166.64063,6.5625,5.33203,6.03516,5.85938,5.97656,6.09375,6.44531,7.08984,6.97266,7.26563,7.44141,7.85156,7.32422,0.163574,0.130615,0.172119,0.131836,0.161133,0.125732,0.123291,0.152588,0.106201,0.112305,0.130615
2018-02-17T23:30:00Z,159.60938,162.42188,158.90625,161.01563,162.07031,161.71875,161.01563,162.42188,163.47656,165.9375,163.47656,165.23438,6.62109,5.39063,5.91797,5.97656,5.97656,6.38672,6.44531,6.62109,7.08984,7.26563,7.5,7.55859,7.5,0.124512,0.130615,0.145264,0.115967,0.147705,0.113525,0.100098,0.126953,0.111084,0.074463,0.146484
2018-02-17T23:40:00Z,159.25781,159.25781,156.44531,157.5,160.3125,160.66406,165.23438,166.28906,165.9375,169.80469,167.34375,171.5625,6.50391,5.33203,5.91797,5.80078,5.91797,5.91797,6.32813,6.32813,6.5625,6.62109,6.91406,7.14844,7.38281,0.098877,0.126953,0.080566,0.128174,0.113525,0.111084,0.115967,0.124512,0.13916,0.083008,0.100098
2018-02-17T23:50:00Z,153.63281,161.71875,163.125,161.71875,162.77344,165.58594,166.64063,168.04688,170.15625,173.67188,176.13281,174.375,6.62109,5.44922,6.03516,6.09375,6.03516,6.03516,5.91797,6.21094,6.44531,6.5625,6.44531,6.67969,6.91406,0.10376,0.125732,0.136719,0.166016,0.106201,0.119629,0.133057,0.113525,0.106201,0.134277,0.098877