LOCATION: 
SYSTEM SERIAL: HKZB
TIMESTAMP (ISO-8601) UTC,WindDir004m deg,WindDir030m deg,WindDir040m deg,WindDir040m_ref deg,WindDir060m deg,WindDir080m deg,WindDir100m deg,WindDir120m deg,WindDir140m deg,WindDir160m deg,WindDir180m deg,WindDir200m deg,WindGust004m m/s,WindSpeed004m m/s,WindSpeed030mh m/s,WindSpeed040mh m/s,WindSpeed040m_refh m/s,WindSpeed060mh m/s,WindSpeed080mh m/s,WindSpeed100mh m/s,WindSpeed120mh m/s,WindSpeed140mh m/s,WindSpeed160mh m/s,WindSpeed180mh m/s,WindSpeed200mh m/s,TI 030m,TI 040m,TI 040m ref,TI 060m,TI 080m,TI 100m,TI 120m,TI 140m,TI 160m,TI 180m,TI 200m
2018-02-04T00:00:00Z,49.92188,50.625,51.67969,51.67969,53.08594,49.21875,49.57031,47.10938,52.73438,52.73438,48.86719,50.27344,13.125,10.66406,11.89453,12.12891,11.89453,11.83594,11.66016,11.36719,11.36719,11.77734,11.07422,10.78125,11.07422,0.140381,0.170898,0.12085,0.159912,0.133057,0.144043,0.196533,0.164795,0.172119,0.222168,0.170898
2018-02-04T00:10:00Z,51.67969,56.25,50.27344,53.08594,52.73438,55.19531,50.97656,55.19531,57.65625,57.30469,50.625,52.73438,13.24219,10.66406,11.83594,11.83594,11.07422,12.01172,11.48438,11.83594,11.77734,11.36719,10.66406,11.13281,11.19141,0.131836,0.13916,0.152588,0.10376,0.150146,0.126953,0.137939,0.123291,0.167236,0.166016,0.155029
2018-02-04T00:20:00Z,49.57031,49.92188,53.08594,50.27344,49.92188,50.625,50.625,50.625,51.32813,49.57031,51.67969,50.27344,13.76953,10.19531,10.83984,11.60156,11.25,11.54297,11.83594,11.19141,11.60156,11.83594,11.77734,12.01172,11.60156,0.125732,0.126953,0.159912,0.135498,0.125732,0.13916,0.147705,0.157471,0.159912,0.153809,0.134277
2018-02-04T00:30:00Z,46.40625,44.64844,44.29688,46.75781,50.27344,47.10938,47.8125,45.0,47.46094,48.86719,48.51563,42.1875,14.29688,11.36719,12.1875,12.48047,12.12891,12.53906,12.24609,12.83203,12.01172,11.89453,11.48438,11.19141,11.07422,0.151367,0.151367,0.136719,0.131836,0.13916,0.129395,0.151367,0.115967,0.135498,0.184326,0.17334
2018-02-04T00:40:00Z,59.41406,58.71094,61.52344,59.41406,58.35938,61.52344,59.41406,55.89844,58.00781,57.30469,52.38281,54.84375,13.30078,10.60547,11.95313,12.48047,12.1875,12.24609,11.89453,12.12891,12.24609,12.30469,12.24609,12.07031,12.42188,0.187988,0.152588,0.146484,0.152588,0.115967,0.129395,0.157471,0.169678,0.097656,0.175781,0.131836
2018-02-04T00:50:00Z,61.17188,63.28125,63.28125,62.22656,65.74219,65.03906,63.28125,58.35938,55.89844,53.78906,53.08594,56.25,12.83203,10.37109,11.30859,11.66016,11.42578,12.12891,11.66016,11.77734,12.53906,12.12891,12.30469,12.77344,12.89063,0.155029,0.153809,0.150146,0.153809,0.155029,0.153809,0.133057,0.167236,0.17334,0.12085,0.13916
2018-02-04T01:00:00Z,60.46875,58.71094,58.71094,64.6875,59.76563,58.00781,60.82031,56.95313,56.95313,52.38281,54.49219,53.08594,12.12891,9.72656,10.3125,11.13281,10.60547,11.42578,11.71875,11.30859,11.77734,12.59766,12.59766,12.65625,13.18359,0.130615,0.12207,0.102539,0.140381,0.172119,0.157471,0.140381,0.163574,0.17334,0.174561,0.158691
2018-02-04T01:10:00Z,67.14844,69.60938,71.71875,70.66406,71.01563,65.03906,61.875,61.52344,60.46875,54.14063,54.49219,51.32813,11.36719,9.31641,10.13672,10.37109,10.54688,10.60547,11.07422,11.30859,12.24609,11.66016,12.59766,12.53906,13.53516,0.19165,0.150146,0.152588,0.186768,0.167236,0.131836,0.151367,0.136719,0.142822,0.175781,0.153809
2018-02-04T01:20:00Z,60.82031,63.28125,62.92969,60.11719,59.0625,60.82031,56.60156,55.89844,48.86719,50.27344,51.67969,45.35156,11.54297,9.08203,9.84375,9.96094,10.25391,10.07813,10.66406,11.36719,11.36719,12.30469,12.94922,13.125,13.76953,0.158691,0.170898,0.150146,0.168457,0.166016,0.186768,0.206299,0.163574,0.209961,0.162354,0.145264
2018-02-04T01:30:00Z,56.95313,54.14063,58.00781,59.41406,57.30469,62.57813,53.78906,46.75781,47.46094,55.89844,50.27344,47.8125,10.95703,8.84766,9.31641,10.13672,9.60938,10.95703,10.37109,10.01953,11.01563,12.36328,12.77344,12.24609,12.65625,0.134277,0.141602,0.184326,0.148926,0.172119,0.167236,0.169678,0.174561,0.135498,0.177002,0.155029
2018-02-04T01:40:00Z,64.33594,67.14844,65.39063,65.74219,67.5,66.09375,58.35938,58.00781,58.00781,57.30469,57.65625,56.60156,11.71875,9.19922,10.48828,10.13672,10.3125,10.3125,10.42969,10.42969,11.19141,11.95313,11.66016,11.07422,11.89453,0.147705,0.137939,0.159912,0.155029,0.162354,0.163574,0.187988,0.15625,0.146484,0.189209,0.163574
2018-02-04T01:50:00Z,63.98438,66.79688,67.5,62.57813,66.09375,61.17188,64.6875,59.0625,57.30469,49.92188,54.84375,47.46094,11.66016,9.78516,11.07422,10.89844,11.01563,10.78125,11.01563,11.66016,11.54297,11.42578,11.89453,12.53906,12.59766,0.159912,0.142822,0.12207,0.124512,0.136719,0.163574,0.150146,0.161133,0.157471,0.153809,0.186768
2018-02-04T02:00:00Z,59.41406,64.6875,60.46875,60.11719,62.57813,54.84375,58.35938,56.25,52.03125,46.75781,49.92188,46.40625,10.95703,8.37891,9.08203,9.08203,9.02344,9.31641,9.60938,10.25391,10.19531,10.78125,11.83594,12.01172,12.07031,0.168457,0.196533,0.153809,0.129395,0.178223,0.153809,0.166016,0.15625,0.197754,0.200195,0.140381
2018-02-04T02:10:00Z,56.95313,60.11719,62.57813,61.17188,59.76563,63.28125,55.54688,59.76563,60.11719,54.84375,47.8125,43.59375,10.83984,7.32422,8.14453,8.14453,8.37891,7.73438,8.08594,8.61328,9.43359,9.14063,10.19531,10.3125,12.12891,0.214844,0.214844,0.189209,0.223389,0.20752,0.200195,0.227051,0.186768,0.262451,0.328369,0.2771
2018-02-04T02:20:00Z,51.32813,54.84375,52.38281,54.49219,51.67969,55.19531,53.78906,47.8125,50.625,45.35156,50.27344,45.70313,7.79297,6.38672,6.85547,6.91406,6.67969,6.97266,7.44141,7.85156,7.96875,8.08594,9.72656,10.25391,12.36328,0.178223,0.111084,0.13916,0.141602,0.17334,0.181885,0.200195,0.205078,0.3125,0.303955,0.218506
2018-02-04T02:30:00Z,57.30469,60.11719,58.71094,59.0625,57.30469,57.65625,59.0625,60.46875,58.71094,53.08594,55.19531,43.24219,8.14453,6.32813,6.79688,6.79688,6.97266,7.20703,6.91406,7.26563,7.08984,7.79297,8.55469,9.19922,11.25,0.125732,0.13916,0.128174,0.185547,0.169678,0.142822,0.187988,0.192871,0.240479,0.2771,0.324707
2018-02-04T02:40:00Z,49.57031,49.57031,50.625,49.92188,55.19531,52.73438,49.57031,51.32813,49.57031,45.0,42.89063,39.375,8.02734,5.625,6.03516,5.97656,5.85938,6.09375,5.80078,6.32813,6.50391,7.26563,8.26172,8.84766,10.60547,0.183105,0.169678,0.212402,0.17334,0.150146,0.170898,0.272217,0.218506,0.310059,0.321045,0.268555
2018-02-04T02:50:00Z,43.59375,47.46094,44.64844,45.0,48.51563,45.70313,45.35156,42.1875,43.94531,41.48438,42.1875,36.5625,7.44141,5.85938,6.38672,6.32813,6.26953,6.44531,6.26953,6.85547,7.5,7.79297,8.73047,8.26172,9.84375,0.129395,0.130615,0.161133,0.166016,0.20752,0.240479,0.206299,0.224609,0.267334,0.230713,0.24292
2018-02-04T03:00:00Z,43.59375,44.29688,42.1875,44.29688,48.86719,45.35156,46.75781,43.24219,43.24219,41.48438,42.89063,38.67188,10.07813,7.79297,8.08594,8.32031,8.26172,8.26172,8.37891,8.37891,8.55469,8.73047,9.19922,8.96484,9.60938,0.20752,0.198975,0.20874,0.205078,0.17334,0.203857,0.187988,0.195313,0.19043,0.194092,0.177002
2018-02-04T03:10:00Z,39.02344,41.83594,36.21094,37.96875,40.07813,36.91406,44.64844,41.83594,40.07813,37.26563,38.67188,37.96875,10.95703,7.96875,8.73047,8.73047,8.37891,8.73047,9.08203,9.25781,8.78906,8.90625,9.60938,9.96094,9.84375,0.151367,0.162354,0.181885,0.174561,0.147705,0.12207,0.157471,0.133057,0.125732,0.178223,0.136719
2018-02-04T03:20:00Z,39.375,36.5625,39.02344,39.02344,40.07813,35.50781,32.34375,33.75,29.17969,35.50781,33.39844,34.10156,8.90625,6.79688,7.26563,7.67578,7.38281,7.44141,7.85156,7.96875,9.19922,9.25781,10.60547,10.01953,11.01563,0.180664,0.174561,0.185547,0.155029,0.219727,0.201416,0.162354,0.196533,0.19165,0.181885,0.119629
2018-02-04T03:30:00Z,39.72656,41.48438,37.26563,36.91406,40.07813,35.85938,40.42969,36.21094,39.02344,34.80469,39.375,36.5625,8.90625,6.73828,7.79297,7.67578,7.44141,7.79297,7.91016,8.4375,8.49609,9.25781,9.60938,10.37109,10.78125,0.166016,0.129395,0.179443,0.140381,0.181885,0.137939,0.135498,0.155029,0.19165,0.195313,0.175781
2018-02-04T03:40:00Z,43.59375,40.07813,43.59375,40.42969,39.72656,42.1875,40.42969,40.42969,40.78125,42.1875,37.26563,37.61719,14.35547,9.375,10.66406,10.54688,10.54688,10.83984,11.13281,10.78125,11.54297,11.42578,11.77734,11.54297,12.59766,0.262451,0.321045,0.281982,0.286865,0.262451,0.257568,0.205078,0.239258,0.196533,0.184326,0.142822
2018-02-04T03:50:00Z,48.86719,52.38281,49.57031,49.21875,48.86719,48.51563,47.46094,47.46094,43.24219,41.48438,45.35156,41.48438,12.36328,8.96484,10.83984,10.72266,10.95703,11.13281,10.83984,11.01563,10.95703,11.54297,11.77734,11.83594,11.01563,0.118408,0.133057,0.175781,0.167236,0.150146,0.141602,0.142822,0.117188,0.123291,0.159912,0.135498
2018-02-04T04:00:00Z,35.50781,37.26563,39.02344,37.96875,42.1875,35.50781,42.53906,39.02344,40.42969,42.1875,37.96875,34.10156,10.78125,8.49609,9.72656,10.01953,9.96094,10.01953,10.13672,10.3125,10.60547,10.83984,10.72266,11.25,11.60156,0.130615,0.125732,0.100098,0.12207,0.12207,0.134277,0.123291,0.095215,0.146484,0.108643,0.101318
2018-02-04T04:10:00Z,35.85938,39.72656,39.375,38.67188,36.91406,36.91406,38.32031,35.50781,36.91406,37.96875,38.67188,34.45313,12.07031,8.90625,9.84375,9.90234,10.13672,10.37109,10.83984,10.78125,11.01563,11.13281,11.48438,11.77734,12.1875,0.19043,0.202637,0.170898,0.20874,0.141602,0.167236,0.148926,0.141602,0.146484,0.137939,0.133057
2018-02-04T04:20:00Z,29.53125,29.88281,29.88281,31.64063,30.58594,31.28906,31.99219,32.69531,30.58594,32.34375,31.64063,35.50781,12.01172,9.14063,10.07813,10.25391,10.25391,10.60547,10.89844,10.66406,10.89844,11.30859,12.42188,13.30078,13.65234,0.131836,0.117188,0.108643,0.114746,0.142822,0.141602,0.114746,0.117188,0.12207,0.107422,0.084229
2018-02-04T04:30:00Z,35.15625,35.15625,34.10156,33.39844,37.26563,39.72656,39.375,37.61719,40.07813,36.5625,35.85938,34.80469,13.00781,9.84375,11.13281,11.71875,11.36719,11.89453,12.1875,11.89453,12.24609,12.48047,12.65625,12.77344,12.89063,0.123291,0.134277,0.117188,0.111084,0.10498,0.107422,0.124512,0.109863,0.085449,0.101318,0.129395
2018-02-04T04:40:00Z,38.67188,39.72656,40.78125,39.375,42.1875,39.375,41.48438,41.48438,38.67188,37.26563,37.61719,33.75,12.24609,9.78516,10.83984,11.19141,10.89844,11.54297,11.77734,11.83594,11.71875,12.1875,12.36328,12.36328,12.48047,0.098877,0.112305,0.100098,0.100098,0.093994,0.092773,0.061035,0.08667,0.081787,0.093994,0.085449
2018-02-04T04:50:00Z,45.35156,48.51563,49.92188,46.05469,46.40625,47.46094,47.10938,46.75781,46.75781,47.46094,42.89063,38.67188,11.66016,9.25781,10.60547,10.78125,10.72266,11.19141,10.89844,11.01563,11.07422,11.30859,11.36719,11.66016,12.30469,0.090332,0.095215,0.084229,0.108643,0.12207,0.119629,0.084229,0.10376,0.093994,0.111084,0.141602
2018-02-04T05:00:00Z,43.24219,45.0,45.35156,42.89063,43.94531,45.35156,46.05469,47.10938,44.64844,45.35156,40.42969,29.53125,12.65625,9.90234,11.25,11.54297,11.19141,11.60156,11.36719,11.30859,11.54297,11.42578,11.95313,12.12891,12.89063,0.102539,0.092773,0.113525,0.108643,0.114746,0.118408,0.113525,0.114746,0.106201,0.118408,0.119629
2018-02-04T05:10:00Z,42.89063,43.94531,44.29688,43.24219,44.64844,43.94531,45.0,44.64844,45.70313,46.75781,43.24219,45.0,13.47656,9.84375,11.42578,11.36719,11.60156,11.66016,11.95313,11.95313,12.01172,12.24609,12.36328,12.30469,12.36328,0.123291,0.13916,0.13916,0.123291,0.140381,0.111084,0.114746,0.097656,0.112305,0.111084,0.109863
2018-02-04T05:20:00Z,47.10938,50.27344,48.86719,49.57031,50.625,48.16406,49.57031,49.57031,47.46094,49.57031,47.8125,50.27344,12.42188,8.96484,10.54688,10.72266,10.72266,10.78125,11.25,11.13281,11.25,11.19141,11.25,11.48438,11.42578,0.151367,0.136719,0.15625,0.136719,0.13916,0.157471,0.126953,0.115967,0.12085,0.114746,0.137939
2018-02-04T05:30:00Z,53.4375,52.03125,53.4375,55.89844,54.49219,53.08594,54.14063,53.08594,49.21875,49.57031,47.8125,49.21875,11.30859,8.26172,9.14063,9.375,9.19922,9.78516,9.78516,9.55078,9.60938,9.72656,9.78516,9.78516,9.78516,0.12085,0.106201,0.140381,0.114746,0.106201,0.123291,0.135498,0.119629,0.12207,0.134277,0.106201
2018-02-04T05:40:00Z,53.08594,54.84375,55.54688,57.65625,56.60156,56.95313,56.25,55.19531,53.08594,50.625,48.86719,45.35156,10.54688,8.61328,9.72656,10.07813,10.13672,10.3125,10.19531,10.37109,10.3125,10.07813,10.07813,10.25391,10.72266,0.118408,0.102539,0.12207,0.106201,0.097656,0.067139,0.114746,0.107422,0.096436,0.111084,0.10498
2018-02-04T05:50:00Z,46.40625,50.625,51.67969,50.625,48.16406,48.16406,51.67969,49.92188,48.51563,49.92188,42.89063,44.29688,10.66406,8.08594,9.375,9.49219,9.375,9.55078,9.43359,9.375,9.66797,9.49219,9.90234,10.48828,10.37109,0.107422,0.090332,0.118408,0.102539,0.112305,0.128174,0.107422,0.114746,0.133057,0.135498,0.15625
2018-02-04T06:00:00Z,41.83594,43.24219,41.13281,43.24219,41.48438,42.1875,43.59375,39.375,40.42969,40.07813,43.59375,39.72656,9.90234,7.55859,8.61328,9.14063,8.61328,9.43359,9.60938,9.55078,9.72656,9.96094,10.3125,10.37109,11.07422,0.126953,0.141602,0.131836,0.125732,0.124512,0.136719,0.169678,0.141602,0.137939,0.172119,0.214844
2018-02-04T06:10:00Z,41.48438,38.32031,43.59375,41.13281,39.375,39.375,40.07813,40.07813,39.375,40.78125,37.61719,33.39844,9.43359,7.03125,7.85156,8.20313,8.08594,7.91016,8.02734,8.32031,8.61328,8.61328,9.19922,10.60547,12.65625,0.147705,0.129395,0.136719,0.150146,0.13916,0.130615,0.113525,0.119629,0.126953,0.153809,0.15625
2018-02-04T06:20:00Z,43.24219,46.75781,45.0,47.8125,47.10938,46.40625,47.10938,45.70313,45.0,46.75781,43.24219,40.07813,11.60156,8.55469,9.78516,10.01953,9.78516,10.19531,10.48828,10.42969,10.78125,11.07422,11.19141,12.1875,13.06641,0.175781,0.164795,0.170898,0.159912,0.162354,0.147705,0.144043,0.123291,0.129395,0.107422,0.106201
2018-02-04T06:30:00Z,40.42969,42.1875,40.78125,41.48438,42.89063,42.53906,42.1875,45.0,41.48438,38.67188,40.42969,38.67188,12.12891,8.90625,10.13672,10.48828,10.19531,10.48828,10.78125,10.78125,11.42578,10.95703,11.30859,11.71875,12.48047,0.124512,0.106201,0.12085,0.114746,0.117188,0.115967,0.12085,0.089111,0.095215,0.102539,0.113525
2018-02-04T06:40:00Z,38.67188,42.53906,37.96875,40.78125,39.02344,35.85938,36.5625,36.5625,38.32031,40.42969,39.02344,39.72656,15.64453,9.49219,10.66406,10.48828,10.60547,10.78125,11.19141,11.42578,11.36719,11.42578,11.54297,11.42578,12.07031,0.164795,0.15625,0.141602,0.123291,0.147705,0.15625,0.147705,0.153809,0.112305,0.115967,0.136719
2018-02-04T06:50:00Z,50.625,53.78906,50.97656,53.08594,49.21875,51.67969,46.75781,47.8125,49.57031,44.64844,43.59375,45.70313,14.35547,9.72656,11.71875,11.66016,12.01172,11.89453,12.42188,12.12891,12.59766,13.125,13.125,13.125,13.30078,0.22583,0.20752,0.228271,0.19165,0.178223,0.19165,0.162354,0.13916,0.148926,0.136719,0.12085
2018-02-04T07:00:00Z,41.48438,43.59375,43.94531,41.83594,43.59375,42.53906,41.13281,41.13281,38.67188,40.07813,35.85938,36.5625,10.3125,7.96875,9.25781,9.55078,9.19922,9.375,9.66797,10.07813,10.37109,10.19531,10.54688,10.72266,10.78125,0.141602,0.144043,0.152588,0.129395,0.157471,0.129395,0.141602,0.144043,0.097656,0.112305,0.112305
2018-02-04T07:10:00Z,40.07813,41.13281,41.48438,41.13281,43.94531,37.96875,37.61719,41.13281,37.26563,36.21094,36.21094,36.5625,9.96094,7.61719,9.08203,9.08203,9.19922,9.19922,9.375,9.55078,9.78516,9.96094,10.89844,10.42969,11.66016,0.147705,0.128174,0.152588,0.148926,0.172119,0.152588,0.157471,0.140381,0.170898,0.145264,0.13916
2018-02-04T07:20:00Z,41.13281,43.24219,42.53906,45.70313,41.83594,43.59375,42.89063,43.24219,44.64844,40.42969,42.1875,43.24219,10.19531,6.85547,7.73438,7.67578,7.96875,7.73438,8.20313,8.49609,8.73047,8.32031,8.49609,8.61328,9.14063,0.177002,0.175781,0.172119,0.194092,0.172119,0.148926,0.128174,0.153809,0.13916,0.146484,0.166016
2018-02-04T07:30:00Z,39.375,45.0,42.89063,43.24219,39.72656,39.72656,38.67188,39.375,39.02344,40.42969,41.48438,40.42969,9.375,6.85547,7.79297,7.5,7.96875,7.85156,8.14453,8.14453,8.02734,8.02734,7.85156,8.37891,8.32031,0.179443,0.157471,0.163574,0.144043,0.150146,0.151367,0.159912,0.178223,0.179443,0.133057,0.131836
2018-02-04T07:40:00Z,39.375,36.91406,34.45313,35.85938,37.96875,35.15625,36.21094,34.10156,35.85938,31.99219,34.80469,32.69531,9.375,6.85547,8.32031,8.49609,8.49609,8.73047,8.61328,8.78906,8.78906,9.19922,9.25781,9.72656,9.60938,0.115967,0.128174,0.106201,0.097656,0.117188,0.107422,0.133057,0.136719,0.13916,0.106201,0.12085
2018-02-04T07:50:00Z,34.45313,34.45313,32.69531,33.75,34.80469,34.80469,33.75,34.45313,33.39844,33.75,34.10156,33.75,9.49219,7.38281,8.32031,8.26172,8.37891,8.61328,8.78906,9.25781,9.08203,9.25781,9.14063,9.60938,9.60938,0.144043,0.134277,0.144043,0.130615,0.134277,0.141602,0.13916,0.118408,0.125732,0.114746,0.118408
2018-02-04T08:00:00Z,30.58594,31.99219,30.23438,29.88281,34.10156,31.64063,33.75,31.99219,29.88281,31.99219,34.10156,32.69531,10.07813,7.61719,9.84375,9.78516,9.66797,9.96094,9.84375,9.84375,9.90234,10.37109,10.37109,10.42969,10.07813,0.118408,0.10376,0.145264,0.108643,0.135498,0.137939,0.118408,0.107422,0.102539,0.096436,0.125732
2018-02-04T08:10:00Z,30.58594,39.72656,35.85938,40.78125,38.32031,38.32031,39.375,39.72656,39.375,40.07813,39.375,40.07813,11.48438,8.55469,10.3125,10.66406,10.42969,10.89844,11.01563,11.01563,11.36719,11.54297,11.30859,11.54297,11.66016,0.147705,0.131836,0.111084,0.128174,0.115967,0.117188,0.126953,0.112305,0.092773,0.10376,0.128174
2018-02-04T08:20:00Z,38.32031,41.83594,39.72656,42.89063,45.70313,39.375,41.48438,37.96875,42.1875,35.50781,36.91406,40.07813,10.89844,8.96484,10.25391,10.72266,10.25391,11.07422,10.54688,10.54688,10.60547,11.19141,11.30859,11.36719,11.66016,0.12207,0.106201,0.137939,0.115967,0.134277,0.157471,0.158691,0.147705,0.161133,0.133057,0.137939
2018-02-04T08:30:00Z,41.13281,36.21094,33.75,35.50781,34.10156,31.99219,37.61719,36.91406,34.10156,34.10156,38.32031,38.32031,10.72266,8.78906,10.89844,11.01563,11.19141,11.48438,12.1875,11.89453,11.54297,11.25,12.01172,12.48047,12.1875,0.17334,0.163574,0.140381,0.158691,0.148926,0.142822,0.13916,0.198975,0.155029,0.126953,0.150146
2018-02-04T08:40:00Z,31.28906,15.82031,16.17188,15.82031,17.92969,14.76563,23.55469,22.85156,23.20313,27.77344,27.42188,26.71875,13.00781,9.72656,9.55078,9.08203,9.60938,9.55078,9.78516,9.84375,9.72656,9.90234,9.78516,9.78516,9.90234,0.123291,0.157471,0.133057,0.145264,0.12207,0.128174,0.159912,0.164795,0.168457,0.124512,0.140381
2018-02-04T08:50:00Z,14.76563,25.66406,26.01563,27.07031,31.64063,29.88281,27.77344,33.75,31.99219,31.64063,31.64063,33.04688,10.60547,8.32031,9.72656,10.19531,9.66797,10.01953,9.84375,9.96094,10.42969,10.07813,10.13672,10.3125,10.48828,0.152588,0.145264,0.17334,0.13916,0.157471,0.145264,0.123291,0.135498,0.144043,0.140381,0.140381
2018-02-04T09:00:00Z,26.71875,20.39063,22.5,24.96094,22.5,23.90625,21.44531,23.20313,23.20313,29.88281,24.60938,25.66406,12.01172,8.84766,10.25391,10.07813,10.25391,10.37109,10.01953,10.42969,10.48828,10.3125,10.19531,10.07813,10.25391,0.153809,0.162354,0.153809,0.133057,0.112305,0.169678,0.134277,0.114746,0.150146,0.157471,0.161133
2018-02-04T09:10:00Z,19.6875,28.82813,33.04688,30.9375,24.60938,33.39844,29.17969,28.47656,27.42188,34.10156,30.58594,29.88281,11.71875,9.02344,10.01953,10.3125,10.72266,10.54688,10.72266,10.83984,10.95703,11.30859,11.19141,11.66016,11.77734,0.163574,0.19165,0.168457,0.175781,0.158691,0.144043,0.128174,0.112305,0.151367,0.113525,0.12207
2018-02-04T09:20:00Z,27.07031,17.22656,21.09375,17.92969,19.33594,20.39063,22.5,21.79688,18.98438,21.09375,24.96094,24.96094,11.19141,9.25781,9.14063,9.49219,9.14063,9.49219,9.66797,9.31641,9.43359,10.3125,10.78125,10.95703,10.54688,0.186768,0.184326,0.249023,0.183105,0.20752,0.183105,0.178223,0.137939,0.140381,0.125732,0.134277
2018-02-04T09:30:00Z,18.63281,23.20313,25.3125,27.77344,26.71875,27.77344,29.17969,27.42188,31.99219,28.47656,26.01563,28.125,11.60156,8.26172,9.78516,10.19531,9.84375,10.07813,10.25391,10.66406,11.19141,11.13281,10.89844,11.60156,12.1875,0.198975,0.180664,0.186768,0.162354,0.198975,0.162354,0.118408,0.170898,0.13916,0.150146,0.131836
2018-02-04T09:40:00Z,24.60938,26.71875,26.01563,25.3125,23.55469,28.82813,27.77344,27.07031,26.36719,27.77344,29.17969,28.82813,11.77734,9.02344,10.83984,10.72266,10.78125,11.19141,11.01563,11.07422,10.72266,11.01563,10.95703,11.07422,11.25,0.125732,0.157471,0.136719,0.170898,0.180664,0.133057,0.128174,0.137939,0.129395,0.130615,0.147705
2018-02-04T09:50:00Z,23.90625,24.96094,24.60938,23.55469,25.3125,24.96094,29.53125,28.82813,28.82813,29.17969,30.23438,29.17969,12.59766,9.78516,11.01563,11.13281,10.89844,11.01563,11.07422,11.54297,11.30859,11.01563,11.48438,11.54297,11.60156,0.157471,0.148926,0.153809,0.134277,0.169678,0.126953,0.115967,0.147705,0.133057,0.097656,0.145264
2018-02-04T10:00:00Z,24.96094,26.01563,28.82813,27.07031,26.36719,30.58594,28.125,28.47656,32.34375,31.99219,34.10156,33.39844,11.89453,9.60938,11.36719,11.66016,11.66016,11.95313,11.89453,12.1875,12.24609,12.59766,12.65625,12.89063,12.83203,0.140381,0.179443,0.146484,0.184326,0.161133,0.163574,0.167236,0.169678,0.15625,0.167236,0.142822
2018-02-04T10:10:00Z,27.07031,36.5625,35.15625,37.96875,35.85938,38.32031,37.26563,35.85938,36.91406,36.21094,36.91406,36.5625,13.41797,10.07813,13.00781,12.94922,13.47656,13.82813,13.88672,13.76953,13.82813,14.17969,13.94531,14.29688,13.82813,0.147705,0.163574,0.10376,0.129395,0.12207,0.136719,0.129395,0.08667,0.125732,0.100098,0.115967
2018-02-04T10:20:00Z,36.91406,35.85938,37.96875,36.5625,39.72656,38.67188,40.07813,39.375,35.85938,38.32031,38.32031,40.42969,14.47266,11.60156,12.36328,13.06641,12.1875,13.06641,13.06641,12.94922,13.41797,13.18359,13.59375,13.88672,13.71094,0.114746,0.097656,0.129395,0.126953,0.12207,0.112305,0.128174,0.130615,0.095215,0.098877,0.13916
2018-02-04T10:30:00Z,36.5625,31.28906,31.99219,30.23438,34.80469,31.28906,30.58594,29.53125,32.69531,33.04688,31.28906,32.34375,13.47656,10.83984,14.0625,14.12109,14.23828,14.0625,14.47266,14.76563,14.82422,14.88281,14.88281,14.64844,14.47266,0.133057,0.114746,0.124512,0.124512,0.107422,0.114746,0.112305,0.112305,0.133057,0.095215,0.113525
2018-02-04T10:40:00Z,29.53125,31.99219,32.69531,33.39844,34.45313,32.69531,33.39844,33.39844,33.39844,32.34375,33.39844,34.80469,14.64844,12.07031,14.12109,14.47266,13.94531,14.41406,14.53125,14.41406,14.41406,14.82422,14.58984,14.70703,14.70703,0.114746,0.117188,0.109863,0.119629,0.102539,0.111084,0.12085,0.102539,0.085449,0.098877,0.097656
2018-02-04T10:50:00Z,30.9375,38.67188,35.85938,40.78125,40.78125,38.32031,40.07813,40.78125,40.07813,40.07813,36.21094,40.42969,14.88281,12.30469,14.47266,14.82422,14.23828,15.05859,15.23438,15.29297,15.11719,15.23438,15.05859,15.35156,15.76172,0.147705,0.12207,0.13916,0.085449,0.10498,0.12085,0.089111,0.093994,0.098877,0.10376,0.111084
2018-02-04T11:00:00Z,37.96875,46.75781,45.0,40.78125,47.10938,45.70313,44.64844,45.70313,43.94531,43.59375,46.40625,42.53906,15.05859,12.30469,15.05859,15.05859,15.35156,15.64453,16.11328,16.75781,16.17188,15.9375,15.82031,16.05469,15.87891,0.129395,0.134277,0.13916,0.118408,0.113525,0.101318,0.10376,0.091553,0.102539,0.097656,0.096436
2018-02-04T11:10:00Z,44.64844,46.75781,45.0,50.27344,52.03125,47.46094,51.32813,49.21875,48.51563,48.86719,51.67969,48.16406,16.875,12.77344,14.88281,15.41016,14.88281,15.41016,15.70313,15.87891,15.76172,16.05469,16.46484,16.40625,16.11328,0.12207,0.10498,0.117188,0.10376,0.12207,0.107422,0.10376,0.091553,0.087891,0.092773,0.092773
2018-02-04T11:20:00Z,46.40625,43.59375,45.0,47.46094,40.07813,44.64844,42.89063,43.24219,42.53906,43.24219,45.35156,41.83594,15.58594,13.06641,15.58594,15.99609,16.28906,16.05469,16.23047,15.99609,15.9375,16.17188,16.69922,16.28906,15.99609,0.085449,0.10376,0.108643,0.115967,0.098877,0.091553,0.087891,0.109863,0.092773,0.087891,0.12207
2018-02-04T11:30:00Z,42.1875,44.29688,43.24219,44.64844,43.94531,45.70313,43.59375,45.35156,43.94531,43.94531,46.05469,45.0,16.23047,13.24219,14.70703,14.53125,14.53125,15.0,15.17578,14.88281,14.58984,14.94141,15.46875,15.58594,15.35156,0.091553,0.097656,0.137939,0.085449,0.079346,0.10498,0.08667,0.112305,0.100098,0.091553,0.115967
2018-02-04T11:40:00Z,41.83594,45.70313,46.40625,45.0,47.10938,41.13281,46.05469,45.35156,47.10938,42.53906,49.57031,46.40625,14.88281,12.53906,13.65234,13.71094,14.17969,13.94531,14.0625,14.00391,14.0625,13.88672,14.53125,14.41406,14.41406,0.102539,0.093994,0.102539,0.091553,0.097656,0.096436,0.109863,0.078125,0.109863,0.111084,0.074463
2018-02-04T11:50:00Z,42.89063,42.1875,45.70313,46.75781,47.46094,48.16406,46.75781,45.35156,48.16406,47.8125,45.0,45.35156,15.29297,12.07031,13.65234,13.53516,14.00391,13.76953,14.0625,14.29688,14.0625,14.53125,14.53125,14.94141,14.70703,0.083008,0.108643,0.108643,0.113525,0.096436,0.107422,0.093994,0.106201,0.091553,0.098877,0.111084
2018-02-04T12:00:00Z,44.64844,51.32813,53.78906,53.08594,52.38281,50.97656,52.38281,52.38281,52.73438,54.49219,46.75781,47.8125,14.35547,12.01172,12.1875,12.48047,12.30469,12.48047,12.30469,12.48047,13.00781,12.30469,12.53906,12.59766,12.83203,0.101318,0.092773,0.102539,0.112305,0.08667,0.112305,0.093994,0.091553,0.078125,0.092773,0.08667
2018-02-04T12:10:00Z,51.67969,47.10938,52.73438,48.16406,45.70313,50.97656,46.05469,52.38281,41.48438,49.57031,51.32813,49.92188,13.53516,11.01563,11.60156,12.07031,12.1875,12.42188,12.89063,12.30469,12.24609,12.48047,12.53906,12.42188,12.65625,0.10376,0.108643,0.097656,0.081787,0.10498,0.091553,0.076904,0.095215,0.098877,0.095215,0.072021
2018-02-04T12:20:00Z,47.10938,44.64844,46.40625,46.05469,43.94531,42.53906,45.70313,47.10938,45.70313,44.64844,42.53906,46.75781,12.89063,10.54688,11.19141,11.30859,11.42578,11.83594,11.77734,11.89453,12.01172,11.83594,12.1875,12.53906,12.48047,0.119629,0.107422,0.115967,0.102539,0.107422,0.100098,0.092773,0.10376,0.093994,0.093994,0.084229
2018-02-04T12:30:00Z,43.59375,49.92188,47.46094,48.51563,48.86719,52.38281,50.27344,49.21875,50.27344,46.40625,48.51563,50.625,12.48047,10.13672,12.30469,12.01172,12.30469,12.30469,12.36328,12.36328,12.24609,12.36328,12.83203,12.77344,12.77344,0.126953,0.141602,0.142822,0.134277,0.109863,0.126953,0.131836,0.107422,0.133057,0.123291,0.131836
2018-02-04T12:40:00Z,47.46094,40.07813,41.48438,40.07813,45.70313,42.89063,39.72656,45.70313,39.72656,45.70313,45.70313,46.05469,13.76953,10.95703,12.07031,12.48047,12.42188,12.59766,12.89063,12.48047,12.53906,12.59766,12.83203,12.89063,12.83203,0.098877,0.096436,0.080566,0.096436,0.085449,0.085449,0.084229,0.106201,0.115967,0.100098,0.085449
2018-02-04T12:50:00Z,42.1875,46.05469,47.46094,48.86719,45.70313,46.40625,46.40625,48.86719,47.10938,45.0,48.86719,52.03125,13.41797,11.01563,11.71875,11.89453,12.01172,11.83594,11.95313,11.89453,12.01172,11.89453,12.01172,12.01172,12.1875,0.100098,0.074463,0.115967,0.100098,0.085449,0.098877,0.112305,0.081787,0.097656,0.141602,0.087891
2018-02-04T13:00:00Z,45.0,45.70313,45.0,46.40625,45.35156,45.35156,41.48438,47.8125,46.75781,44.64844,45.0,43.59375,12.53906,10.72266,10.66406,10.37109,10.37109,10.66406,10.78125,11.01563,11.07422,11.01563,10.89844,11.07422,11.25,0.095215,0.125732,0.117188,0.111084,0.13916,0.123291,0.106201,0.108643,0.115967,0.13916,0.095215
2018-02-04T13:10:00Z,44.29688,45.0,43.94531,45.0,43.24219,42.89063,44.29688,41.48438,41.13281,45.70313,48.51563,45.35156,11.60156,9.55078,10.89844,10.78125,10.83984,11.36719,11.36719,11.25,11.54297,11.95313,12.01172,11.54297,11.66016,0.117188,0.150146,0.109863,0.12085,0.10376,0.142822,0.092773,0.100098,0.106201,0.087891,0.115967
2018-02-04T13:20:00Z,41.83594,41.83594,45.35156,45.70313,42.53906,41.83594,45.70313,41.48438,45.35156,47.46094,47.46094,48.51563,12.30469,10.01953,11.48438,11.83594,11.66016,11.95313,11.95313,11.83594,12.01172,12.42188,12.42188,12.42188,12.48047,0.12207,0.097656,0.10376,0.081787,0.107422,0.087891,0.092773,0.115967,0.091553,0.089111,0.12207
2018-02-04T13:30:00Z,41.83594,46.05469,48.86719,48.86719,49.92188,44.64844,46.75781,45.70313,48.51563,46.75781,46.40625,48.16406,13.06641,10.48828,11.19141,11.25,10.95703,11.25,10.95703,11.25,11.71875,11.77734,11.77734,11.83594,11.66016,0.131836,0.142822,0.126953,0.142822,0.152588,0.134277,0.108643,0.115967,0.131836,0.112305,0.115967
2018-02-04T13:40:00Z,46.75781,49.57031,45.35156,47.10938,46.05469,46.40625,48.16406,46.40625,47.8125,47.10938,45.35156,47.8125,13.00781,9.96094,11.13281,11.54297,11.42578,11.30859,11.54297,11.95313,11.77734,11.89453,12.42188,12.24609,12.59766,0.107422,0.142822,0.108643,0.150146,0.123291,0.108643,0.096436,0.115967,0.115967,0.129395,0.089111
2018-02-04T13:50:00Z,45.35156,46.05469,48.86719,45.0,44.29688,52.03125,45.0,51.67969,48.16406,50.97656,50.97656,49.92188,13.18359,10.37109,11.83594,12.12891,11.71875,12.07031,12.94922,12.77344,12.42188,12.36328,13.24219,13.47656,13.71094,0.129395,0.10498,0.109863,0.090332,0.083008,0.133057,0.097656,0.133057,0.151367,0.117188,0.112305
2018-02-04T14:00:00Z,46.05469,48.86719,43.94531,52.03125,51.67969,50.27344,48.51563,48.86719,52.38281,49.21875,51.67969,52.03125,13.24219,10.48828,13.59375,13.71094,13.41797,13.94531,14.23828,14.35547,13.94531,14.0625,14.47266,14.47266,14.17969,0.130615,0.12085,0.129395,0.124512,0.101318,0.134277,0.113525,0.130615,0.111084,0.114746,0.113525
2018-02-04T14:10:00Z,47.10938,46.75781,47.8125,54.14063,49.21875,49.57031,49.92188,50.27344,50.97656,52.38281,49.21875,52.38281,15.0,12.12891,13.41797,14.23828,13.76953,14.35547,14.64844,14.53125,14.41406,14.23828,14.41406,15.11719,15.41016,0.10376,0.10498,0.10376,0.118408,0.136719,0.101318,0.092773,0.152588,0.12207,0.12207,0.10498
2018-02-04T14:20:00Z,47.8125,51.32813,47.46094,47.8125,52.03125,46.05469,49.92188,50.97656,46.75781,49.57031,47.8125,48.51563,15.23438,11.89453,12.1875,12.24609,12.59766,13.35938,12.89063,13.00781,13.41797,13.47656,13.35938,13.47656,13.94531,0.096436,0.112305,0.10376,0.097656,0.098877,0.085449,0.101318,0.10376,0.117188,0.109863,0.093994
2018-02-04T14:30:00Z,45.0,40.42969,39.72656,39.375,40.78125,47.10938,43.24219,49.21875,40.42969,49.57031,46.05469,48.86719,14.00391,11.25,12.24609,12.77344,12.42188,12.59766,12.71484,12.30469,12.77344,12.83203,12.71484,12.65625,12.77344,0.131836,0.125732,0.147705,0.145264,0.153809,0.12207,0.119629,0.090332,0.100098,0.128174,0.092773
2018-02-04T14:40:00Z,37.96875,45.35156,40.78125,40.07813,45.0,42.89063,45.0,43.24219,45.35156,45.70313,46.75781,46.40625,14.29688,11.07422,12.24609,12.48047,12.53906,12.36328,12.53906,12.65625,12.89063,12.89063,12.94922,13.125,12.89063,0.115967,0.134277,0.140381,0.134277,0.100098,0.119629,0.130615,0.100098,0.108643,0.087891,0.098877
2018-02-04T14:50:00Z,41.48438,45.0,42.53906,46.40625,46.75781,44.64844,49.57031,48.16406,47.46094,50.625,47.10938,51.67969,13.88672,10.95703,11.77734,12.1875,11.89453,12.1875,12.36328,12.12891,12.07031,12.42188,12.94922,12.89063,12.94922,0.134277,0.102539,0.10498,0.107422,0.141602,0.144043,0.128174,0.124512,0.126953,0.125732,0.107422
2018-02-04T15:00:00Z,43.94531,46.75781,48.51563,46.05469,48.86719,47.10938,49.21875,48.51563,47.10938,53.78906,45.70313,50.27344,13.24219,10.72266,11.77734,12.36328,12.01172,12.59766,12.83203,12.65625,12.42188,12.48047,12.48047,12.83203,12.24609,0.135498,0.096436,0.124512,0.089111,0.117188,0.151367,0.10376,0.133057,0.096436,0.113525,0.126953
2018-02-04T15:10:00Z,47.10938,50.97656,50.97656,53.08594,50.27344,50.97656,49.57031,50.27344,54.84375,52.38281,52.73438,50.27344,13.35938,10.72266,10.83984,10.83984,11.13281,11.66016,11.77734,12.12891,12.01172,11.71875,12.36328,12.30469,12.1875,0.142822,0.170898,0.128174,0.100098,0.108643,0.108643,0.13916,0.153809,0.107422,0.128174,0.12085
2018-02-04T15:20:00Z,49.92188,47.46094,48.16406,43.59375,47.10938,47.46094,50.27344,49.92188,48.16406,47.46094,51.67969,48.86719,12.59766,10.25391,11.71875,12.07031,11.83594,11.77734,12.12891,12.24609,12.1875,12.24609,12.36328,12.42188,12.1875,0.151367,0.128174,0.163574,0.134277,0.117188,0.126953,0.155029,0.128174,0.157471,0.124512,0.115967
2018-02-04T15:30:00Z,46.40625,48.86719,50.625,46.05469,43.94531,47.46094,43.94531,48.16406,49.92188,52.03125,49.21875,48.16406,13.35938,10.37109,12.12891,12.36328,12.77344,12.53906,12.48047,12.42188,13.00781,13.06641,13.125,12.36328,12.77344,0.145264,0.153809,0.153809,0.158691,0.162354,0.129395,0.140381,0.140381,0.112305,0.141602,0.162354
2018-02-04T15:40:00Z,45.70313,43.59375,45.0,43.24219,41.48438,48.16406,48.51563,47.8125,45.70313,44.29688,47.8125,48.51563,14.35547,10.66406,12.53906,13.06641,12.30469,13.18359,13.06641,12.77344,12.42188,13.125,13.59375,13.35938,12.65625,0.128174,0.136719,0.147705,0.114746,0.119629,0.15625,0.155029,0.148926,0.141602,0.135498,0.134277
2018-02-04T15:50:00Z,43.59375,49.57031,46.75781,46.05469,44.64844,48.16406,47.8125,49.21875,49.92188,46.05469,47.8125,50.97656,13.30078,10.78125,12.53906,13.00781,12.89063,13.65234,13.71094,13.76953,13.06641,13.18359,13.88672,14.35547,13.71094,0.169678,0.157471,0.140381,0.147705,0.113525,0.115967,0.166016,0.135498,0.131836,0.137939,0.142822
2018-02-04T16:00:00Z,46.75781,49.92188,53.4375,49.57031,50.27344,47.46094,50.97656,46.40625,49.92188,54.14063,46.75781,49.92188,14.53125,11.48438,12.89063,12.65625,12.83203,12.71484,13.00781,13.125,13.47656,13.41797,13.00781,12.65625,12.59766,0.161133,0.141602,0.161133,0.220947,0.123291,0.115967,0.150146,0.159912,0.142822,0.124512,0.147705
2018-02-04T16:10:00Z,47.8125,53.4375,55.54688,55.54688,54.84375,53.4375,56.60156,48.86719,52.03125,51.32813,50.97656,48.51563,13.06641,10.95703,10.95703,11.60156,10.78125,11.60156,11.36719,11.42578,11.77734,11.83594,12.12891,12.07031,12.42188,0.107422,0.164795,0.133057,0.13916,0.117188,0.140381,0.101318,0.126953,0.141602,0.141602,0.130615
2018-02-04T16:20:00Z,55.54688,54.14063,55.19531,52.38281,49.57031,51.32813,47.8125,52.03125,51.67969,48.86719,51.67969,50.27344,11.95313,9.66797,11.19141,11.30859,11.95313,11.36719,12.24609,12.30469,12.01172,12.07031,12.30469,12.71484,12.53906,0.170898,0.157471,0.128174,0.174561,0.117188,0.162354,0.130615,0.151367,0.119629,0.129395,0.128174
2018-02-04T16:30:00Z,52.03125,45.0,49.21875,49.21875,47.46094,47.46094,46.40625,47.8125,49.21875,46.40625,46.05469,44.29688,13.18359,9.84375,12.07031,12.30469,11.95313,12.48047,12.94922,12.48047,12.48047,12.36328,12.83203,13.18359,13.00781,0.141602,0.147705,0.167236,0.145264,0.12207,0.106201,0.145264,0.20874,0.119629,0.109863,0.13916
2018-02-04T16:40:00Z,45.70313,43.24219,39.02344,40.42969,43.59375,42.53906,43.59375,44.29688,42.1875,43.24219,45.35156,46.75781,12.65625,9.72656,13.30078,13.35938,13.30078,13.00781,13.24219,13.88672,13.94531,14.12109,14.35547,14.35547,14.23828,0.114746,0.128174,0.128174,0.126953,0.141602,0.118408,0.126953,0.111084,0.117188,0.095215,0.113525
2018-02-04T16:50:00Z,37.26563,40.78125,40.07813,42.89063,40.07813,41.83594,45.0,44.29688,42.89063,45.35156,45.35156,43.94531,14.29688,10.95703,13.76953,14.00391,13.71094,13.88672,14.47266,14.58984,14.64844,14.64844,14.12109,14.47266,14.17969,0.096436,0.131836,0.118408,0.107422,0.102539,0.10376,0.10498,0.114746,0.10376,0.096436,0.115967
2018-02-04T17:00:00Z,40.07813,46.05469,43.94531,46.05469,43.59375,45.0,43.94531,42.89063,47.8125,42.53906,46.05469,48.51563,14.00391,11.13281,13.00781,13.30078,13.125,13.76953,13.82813,14.0625,13.88672,14.23828,13.94531,14.0625,14.41406,0.108643,0.118408,0.118408,0.10376,0.147705,0.135498,0.102539,0.129395,0.108643,0.102539,0.089111
2018-02-04T17:10:00Z,41.83594,45.35156,45.0,45.0,44.29688,45.35156,40.78125,41.83594,44.29688,42.53906,47.46094,47.10938,14.0625,11.19141,12.53906,12.89063,12.77344,12.94922,12.83203,13.53516,13.35938,13.00781,13.24219,13.47656,13.65234,0.131836,0.140381,0.125732,0.119629,0.114746,0.091553,0.111084,0.131836,0.096436,0.12085,0.101318
2018-02-04T17:20:00Z,41.13281,41.83594,43.59375,43.94531,45.0,47.10938,47.8125,47.8125,47.10938,45.0,48.51563,48.86719,13.65234,10.60547,13.35938,13.59375,13.125,14.12109,14.17969,14.0625,14.0625,13.76953,13.76953,14.17969,13.53516,0.092773,0.100098,0.12207,0.100098,0.098877,0.109863,0.108643,0.084229,0.078125,0.134277,0.124512
2018-02-04T17:30:00Z,41.48438,39.02344,41.13281,41.13281,43.94531,43.24219,42.1875,44.64844,45.0,40.78125,46.40625,44.64844,14.12109,11.25,13.00781,13.35938,13.30078,13.88672,13.65234,14.17969,13.59375,14.23828,14.00391,14.29688,14.23828,0.147705,0.136719,0.135498,0.10498,0.115967,0.119629,0.117188,0.112305,0.111084,0.12207,0.084229
2018-02-04T17:40:00Z,40.42969,55.54688,53.08594,52.03125,52.03125,48.51563,51.67969,52.03125,51.32813,47.46094,44.64844,45.70313,14.35547,11.25,13.24219,12.94922,13.41797,12.94922,13.47656,13.71094,13.71094,13.65234,13.53516,13.59375,13.88672,0.113525,0.129395,0.129395,0.12085,0.091553,0.102539,0.102539,0.10376,0.108643,0.097656,0.10498
2018-02-04T17:50:00Z,49.21875,54.49219,48.16406,51.32813,49.21875,51.32813,47.8125,49.92188,51.32813,51.67969,52.03125,47.46094,13.82813,10.83984,12.01172,12.42188,12.53906,12.30469,12.59766,12.83203,13.24219,13.41797,13.18359,12.94922,13.24219,0.162354,0.135498,0.125732,0.114746,0.123291,0.135498,0.098877,0.147705,0.112305,0.092773,0.106201
2018-02-04T18:00:00Z,48.86719,47.46094,53.08594,54.49219,54.84375,50.625,51.32813,51.67969,50.625,48.86719,48.51563,50.625,13.24219,10.42969,13.00781,13.00781,12.89063,13.47656,13.53516,13.35938,13.30078,12.89063,13.125,13.76953,13.47656,0.124512,0.109863,0.101318,0.117188,0.112305,0.134277,0.090332,0.108643,0.12085,0.090332,0.10498
2018-02-04T18:10:00Z,50.27344,51.32813,50.97656,52.38281,48.86719,52.03125,49.92188,50.27344,52.38281,47.8125,50.27344,48.16406,13.59375,10.66406,12.36328,12.89063,12.65625,13.125,13.18359,13.35938,13.06641,13.47656,13.06641,12.71484,12.83203,0.123291,0.112305,0.111084,0.107422,0.125732,0.112305,0.10376,0.102539,0.10376,0.084229,0.107422
2018-02-04T18:20:00Z,49.92188,47.8125,49.21875,51.67969,47.46094,49.92188,53.4375,50.27344,52.03125,50.27344,50.27344,45.70313,14.17969,10.72266,12.48047,12.30469,12.65625,12.42188,12.94922,13.24219,12.89063,13.24219,13.24219,13.30078,13.24219,0.090332,0.140381,0.148926,0.134277,0.111084,0.10376,0.128174,0.10498,0.109863,0.125732,0.090332
2018-02-04T18:30:00Z,48.51563,38.32031,37.96875,38.67188,40.07813,38.32031,38.67188,43.24219,41.83594,42.1875,41.83594,40.07813,14.23828,10.54688,13.125,13.53516,13.59375,13.47656,13.53516,13.94531,14.29688,14.29688,14.00391,14.00391,14.64844,0.195313,0.19043,0.200195,0.206299,0.17334,0.179443,0.144043,0.148926,0.133057,0.125732,0.108643
2018-02-04T18:40:00Z,34.80469,41.48438,43.24219,44.64844,42.1875,43.24219,42.53906,42.89063,42.1875,41.13281,43.24219,44.64844,16.93359,10.89844,11.71875,11.54297,12.1875,12.30469,12.42188,12.71484,12.71484,12.71484,13.30078,13.76953,13.71094,0.175781,0.157471,0.168457,0.12085,0.140381,0.140381,0.15625,0.140381,0.129395,0.112305,0.123291
2018-02-04T18:50:00Z,39.72656,40.78125,42.53906,43.59375,43.24219,45.0,45.35156,45.0,44.64844,45.70313,45.35156,45.0,14.12109,10.37109,12.89063,13.35938,12.77344,12.83203,12.94922,12.83203,13.24219,13.30078,13.59375,13.71094,13.47656,0.115967,0.141602,0.12085,0.130615,0.142822,0.096436,0.106201,0.089111,0.108643,0.114746,0.126953
2018-02-04T19:00:00Z,42.1875,46.75781,46.05469,45.70313,46.40625,47.46094,45.70313,43.94531,44.29688,42.89063,45.0,45.70313,13.24219,10.37109,12.07031,12.48047,12.53906,12.83203,12.89063,12.94922,12.71484,13.00781,13.53516,13.65234,13.125,0.108643,0.112305,0.123291,0.102539,0.113525,0.125732,0.126953,0.118408,0.118408,0.107422,0.090332
2018-02-04T19:10:00Z,42.89063,46.05469,44.64844,39.375,45.70313,39.72656,42.53906,42.1875,44.64844,42.53906,43.24219,42.89063,13.47656,10.66406,12.24609,12.36328,12.83203,12.83203,13.24219,13.35938,13.18359,13.41797,12.89063,13.06641,13.00781,0.107422,0.12207,0.129395,0.091553,0.137939,0.10498,0.111084,0.101318,0.113525,0.097656,0.098877
2018-02-04T19:20:00Z,39.375,42.1875,47.46094,48.16406,48.86719,45.35156,43.59375,45.0,47.10938,45.70313,44.64844,47.10938,13.30078,10.3125,12.1875,12.36328,12.42188,12.77344,12.59766,12.83203,13.00781,13.00781,13.125,12.89063,13.18359,0.12085,0.153809,0.144043,0.135498,0.119629,0.119629,0.146484,0.106201,0.096436,0.118408,0.12207
2018-02-04T19:30:00Z,42.89063,42.53906,42.53906,45.0,44.64844,46.40625,51.32813,46.40625,48.51563,50.97656,49.92188,48.86719,13.41797,10.25391,12.24609,12.83203,12.24609,13.30078,13.53516,13.24219,13.30078,14.23828,14.00391,14.41406,14.17969,0.19043,0.217285,0.214844,0.201416,0.211182,0.179443,0.180664,0.13916,0.098877,0.115967,0.111084
2018-02-04T19:40:00Z,41.48438,46.05469,49.57031,49.57031,49.57031,50.27344,47.10938,48.51563,45.70313,46.40625,44.64844,42.89063,15.0,10.25391,10.95703,11.13281,11.13281,11.30859,11.60156,11.89453,11.89453,12.01172,12.53906,12.53906,12.71484,0.142822,0.147705,0.130615,0.157471,0.133057,0.090332,0.113525,0.092773,0.106201,0.114746,0.112305
2018-02-04T19:50:00Z,46.05469,48.86719,50.27344,47.8125,46.05469,48.51563,48.86719,48.51563,48.86719,48.16406,50.27344,51.32813,12.30469,9.43359,10.78125,11.01563,11.07422,11.01563,11.36719,11.66016,12.01172,12.36328,12.89063,13.125,12.94922,0.128174,0.145264,0.136719,0.153809,0.151367,0.115967,0.125732,0.129395,0.123291,0.114746,0.101318
2018-02-04T20:00:00Z,46.05469,49.92188,48.86719,48.51563,45.70313,48.16406,49.21875,48.51563,48.16406,46.40625,47.8125,49.92188,12.71484,9.375,12.01172,12.12891,12.01172,11.95313,12.30469,12.83203,12.65625,12.65625,12.53906,12.89063,12.94922,0.15625,0.146484,0.133057,0.141602,0.10498,0.108643,0.10498,0.128174,0.124512,0.125732,0.112305
2018-02-04T20:10:00Z,46.40625,50.27344,47.8125,48.51563,50.27344,46.05469,51.32813,53.4375,50.27344,48.51563,50.27344,47.10938,13.06641,10.07813,11.89453,12.30469,12.30469,12.71484,12.59766,12.89063,12.36328,12.77344,12.65625,12.71484,12.77344,0.119629,0.134277,0.089111,0.12085,0.134277,0.111084,0.129395,0.136719,0.147705,0.092773,0.115967
2018-02-04T20:20:00Z,46.05469,45.0,49.57031,48.16406,49.57031,52.03125,49.21875,50.625,48.16406,48.86719,51.67969,51.67969,12.53906,9.78516,12.53906,13.125,12.30469,13.30078,13.125,12.65625,12.48047,13.06641,13.41797,13.125,12.53906,0.147705,0.119629,0.144043,0.135498,0.128174,0.129395,0.134277,0.10498,0.108643,0.158691,0.124512
2018-02-04T20:30:00Z,50.27344,51.67969,50.27344,52.03125,49.92188,51.67969,50.97656,48.51563,49.57031,49.21875,48.86719,53.08594,13.24219,10.25391,12.94922,13.125,12.94922,13.35938,13.35938,13.30078,13.41797,13.35938,13.65234,13.59375,13.71094,0.125732,0.135498,0.073242,0.133057,0.146484,0.12207,0.097656,0.108643,0.102539,0.091553,0.130615
2018-02-04T20:40:00Z,50.27344,49.92188,51.67969,48.16406,49.21875,50.625,51.67969,53.78906,53.08594,50.625,48.86719,51.32813,13.35938,10.89844,11.95313,12.1875,12.30469,12.07031,12.36328,12.77344,12.42188,12.71484,12.53906,12.94922,13.06641,0.145264,0.140381,0.107422,0.159912,0.155029,0.168457,0.125732,0.119629,0.101318,0.133057,0.131836
2018-02-04T20:50:00Z,52.03125,52.03125,51.67969,54.14063,52.73438,52.38281,53.08594,54.49219,54.14063,49.57031,51.32813,50.27344,13.06641,10.60547,12.24609,12.65625,12.36328,12.94922,13.125,13.41797,13.65234,13.18359,13.24219,13.30078,13.41797,0.175781,0.126953,0.166016,0.17334,0.135498,0.12085,0.133057,0.130615,0.108643,0.101318,0.12207
2018-02-04T21:00:00Z,50.97656,53.08594,49.21875,56.25,49.57031,52.73438,50.97656,54.14063,52.73438,52.38281,53.4375,54.14063,13.88672,11.19141,12.01172,11.95313,12.42188,13.06641,13.53516,13.00781,12.42188,12.24609,12.59766,12.89063,13.24219,0.150146,0.106201,0.125732,0.146484,0.131836,0.10376,0.140381,0.114746,0.134277,0.136719,0.108643
2018-02-04T21:10:00Z,50.625,48.86719,48.86719,50.625,47.10938,47.8125,48.51563,49.92188,46.75781,52.73438,50.97656,49.21875,13.71094,10.72266,11.71875,11.95313,12.12891,11.95313,12.24609,12.1875,12.30469,12.42188,12.36328,12.36328,12.42188,0.15625,0.187988,0.140381,0.133057,0.12207,0.140381,0.146484,0.155029,0.151367,0.174561,0.147705
2018-02-04T21:20:00Z,47.8125,45.70313,54.49219,55.54688,53.4375,51.32813,52.38281,53.78906,52.03125,53.78906,51.67969,49.92188,13.30078,10.54688,11.89453,12.1875,11.89453,12.65625,12.53906,12.83203,12.65625,12.59766,12.59766,12.65625,13.00781,0.157471,0.15625,0.155029,0.129395,0.133057,0.119629,0.12085,0.109863,0.133057,0.151367,0.097656
2018-02-04T21:30:00Z,50.27344,56.95313,55.89844,55.89844,55.89844,55.89844,53.78906,54.84375,52.03125,57.30469,54.14063,52.73438,13.06641,10.54688,12.89063,13.125,13.47656,12.94922,12.89063,13.00781,13.47656,12.89063,12.94922,12.94922,13.47656,0.10498,0.161133,0.137939,0.155029,0.142822,0.131836,0.117188,0.134277,0.164795,0.15625,0.128174
2018-02-04T21:40:00Z,54.49219,55.54688,56.25,54.49219,57.65625,52.38281,55.19531,53.78906,58.00781,54.14063,54.14063,59.41406,13.65234,11.13281,12.94922,13.06641,13.00781,13.18359,13.30078,13.59375,13.71094,13.53516,13.125,13.00781,13.47656,0.125732,0.147705,0.124512,0.134277,0.135498,0.12085,0.12207,0.106201,0.145264,0.125732,0.129395
2018-02-04T21:50:00Z,53.78906,59.0625,56.60156,58.35938,59.0625,60.11719,59.41406,59.76563,62.92969,59.0625,58.71094,55.89844,13.65234,11.01563,12.77344,12.94922,12.94922,13.06641,12.71484,12.94922,13.47656,13.65234,13.24219,12.83203,13.24219,0.153809,0.129395,0.115967,0.141602,0.13916,0.13916,0.119629,0.148926,0.109863,0.097656,0.111084
2018-02-04T22:00:00Z,57.65625,59.0625,57.65625,60.11719,58.71094,62.22656,61.17188,60.11719,57.30469,58.00781,56.60156,60.11719,13.30078,10.95703,12.1875,12.71484,12.42188,13.41797,13.65234,13.35938,12.71484,12.77344,13.65234,13.82813,13.65234,0.133057,0.148926,0.150146,0.126953,0.098877,0.128174,0.125732,0.115967,0.12207,0.10498,0.10376
2018-02-04T22:10:00Z,57.30469,56.25,56.25,54.14063,57.30469,55.54688,55.89844,55.89844,56.95313,58.00781,55.89844,55.54688,14.0625,11.07422,12.65625,12.89063,12.59766,12.71484,12.59766,13.125,13.125,12.83203,13.00781,13.30078,13.65234,0.106201,0.124512,0.118408,0.136719,0.108643,0.148926,0.152588,0.137939,0.126953,0.126953,0.118408
2018-02-04T22:20:00Z,53.4375,57.30469,53.78906,55.89844,55.89844,58.00781,56.95313,57.65625,59.0625,56.95313,59.76563,59.0625,13.24219,10.89844,12.48047,12.83203,12.53906,12.94922,13.06641,13.18359,12.89063,13.24219,13.18359,13.65234,13.76953,0.140381,0.12085,0.142822,0.111084,0.101318,0.147705,0.115967,0.146484,0.137939,0.12207,0.126953
2018-02-04T22:30:00Z,55.19531,56.95313,50.97656,50.625,55.89844,54.14063,52.03125,53.78906,52.73438,51.32813,58.00781,57.30469,13.53516,10.66406,12.12891,12.42188,11.89453,12.89063,12.77344,12.48047,12.53906,13.35938,13.125,13.18359,13.125,0.135498,0.151367,0.109863,0.130615,0.145264,0.162354,0.158691,0.148926,0.146484,0.158691,0.133057
2018-02-04T22:40:00Z,50.625,53.08594,52.73438,50.97656,54.49219,52.38281,55.19531,52.73438,55.54688,53.08594,56.25,56.25,13.30078,10.66406,12.36328,12.65625,12.24609,13.30078,13.00781,13.125,13.30078,13.53516,12.83203,13.59375,13.53516,0.153809,0.117188,0.114746,0.145264,0.150146,0.125732,0.125732,0.13916,0.134277,0.129395,0.098877
2018-02-04T22:50:00Z,52.73438,52.03125,56.95313,53.78906,52.38281,53.78906,63.28125,54.14063,59.0625,56.95313,55.19531,58.71094,13.24219,11.01563,12.42188,12.30469,12.36328,12.89063,13.47656,13.24219,12.77344,12.65625,12.83203,13.53516,13.30078,0.141602,0.118408,0.124512,0.112305,0.155029,0.141602,0.155029,0.157471,0.144043,0.126953,0.119629
2018-02-04T23:00:00Z,54.49219,60.82031,62.92969,63.63281,58.00781,58.35938,60.82031,63.28125,62.57813,62.92969,60.11719,61.17188,13.41797,11.07422,12.94922,13.18359,13.47656,13.82813,13.94531,13.88672,13.59375,13.47656,13.41797,13.71094,13.94531,0.134277,0.118408,0.144043,0.12085,0.159912,0.157471,0.141602,0.142822,0.114746,0.135498,0.135498
2018-02-04T23:10:00Z,60.82031,58.71094,62.92969,63.63281,61.875,61.875,61.875,59.0625,63.28125,63.28125,58.35938,60.82031,14.23828,11.54297,13.35938,13.71094,13.30078,13.47656,13.30078,13.47656,13.53516,13.82813,13.65234,13.30078,13.30078,0.097656,0.133057,0.111084,0.10498,0.113525,0.098877,0.080566,0.12085,0.134277,0.130615,0.126953
2018-02-04T23:20:00Z,61.52344,62.57813,62.22656,60.11719,61.52344,60.11719,60.11719,62.22656,58.71094,58.35938,60.46875,63.28125,13.71094,11.66016,13.125,12.94922,12.83203,13.00781,13.06641,13.35938,13.125,12.89063,13.41797,13.30078,13.00781,0.115967,0.113525,0.112305,0.107422,0.108643,0.148926,0.12207,0.115967,0.098877,0.098877,0.108643
2018-02-04T23:30:00Z,60.11719,58.35938,56.95313,58.00781,61.52344,58.71094,60.46875,56.60156,56.60156,62.57813,60.82031,60.46875,13.65234,11.60156,12.48047,12.71484,12.53906,12.71484,12.53906,12.30469,12.83203,12.83203,12.94922,12.53906,12.36328,0.117188,0.12085,0.131836,0.112305,0.137939,0.13916,0.128174,0.108643,0.098877,0.113525,0.111084
2018-02-04T23:40:00Z,57.65625,57.65625,58.00781,59.0625,60.11719,53.78906,58.00781,60.82031,58.00781,56.95313,59.41406,62.92969,12.94922,10.83984,12.53906,12.59766,12.77344,12.77344,12.83203,13.125,12.83203,12.59766,13.00781,13.53516,12.83203,0.124512,0.097656,0.130615,0.109863,0.118408,0.08667,0.106201,0.111084,0.124512,0.113525,0.119629
2018-02-04T23:50:00Z,57.30469,61.52344,56.95313,60.82031,61.52344,61.52344,60.82031,57.65625,58.35938,58.35938,59.0625,58.71094,13.30078,11.07422,12.1875,12.30469,12.53906,12.30469,12.24609,12.30469,12.24609,12.48047,12.89063,12.53906,12.42188,0.124512,0.146484,0.134277,0.111084,0.123291,0.10498,0.130615,0.10376,0.091553,0.129395,0.10498