LOCATION: 
SYSTEM SERIAL: HKZB
TIMESTAMP (ISO-8601) UTC,WindDir004m deg,WindDir030m deg,WindDir040m deg,WindDir040m_ref deg,WindDir060m deg,WindDir080m deg,WindDir100m deg,WindDir120m deg,WindDir140m deg,WindDir160m deg,WindDir180m deg,WindDir200m deg,WindGust004m m/s,WindSpeed004m m/s,WindSpeed030mh m/s,WindSpeed040mh m/s,WindSpeed040m_refh m/s,WindSpeed060mh m/s,WindSpeed080mh m/s,WindSpeed100mh m/s,WindSpeed120mh m/s,WindSpeed140mh m/s,WindSpeed160mh m/s,WindSpeed180mh m/s,WindSpeed200mh m/s,TI 030m,TI 040m,TI 040m ref,TI 060m,TI 080m,TI 100m,TI 120m,TI 140m,TI 160m,TI 180m,TI 200m
2018-03-13T00:00:00Z,180.0,187.73438,191.60156,188.78906,193.35938,196.875,197.22656,199.33594,201.79688,198.98438,197.22656,194.41406,7.79297,6.44531,8.37891,8.73047,8.73047,9.14063,9.49219,9.90234,9.84375,9.55078,9.19922,8.90625,9.31641,0.078125,0.064697,0.089111,0.096436,0.085449,0.068359,0.08667,0.076904,0.090332,0.10498,0.106201
2018-03-13T00:10:00Z,180.70313,194.0625,195.46875,197.57813,198.63281,205.3125,201.79688,202.14844,203.55469,201.44531,201.79688,197.22656,8.14453,6.79688,8.32031,8.73047,8.67188,9.19922,9.43359,9.19922,9.375,9.14063,9.25781,9.19922,9.08203,0.084229,0.08667,0.089111,0.078125,0.078125,0.095215,0.102539,0.085449,0.084229,0.106201,0.10376
2018-03-13T00:20:00Z,188.08594,191.60156,191.60156,194.41406,197.57813,201.44531,201.79688,200.74219,198.28125,196.17188,198.63281,195.82031,8.14453,6.79688,7.5,7.79297,7.79297,8.26172,8.26172,8.32031,8.37891,8.26172,8.20313,8.37891,7.96875,0.101318,0.109863,0.125732,0.109863,0.113525,0.145264,0.134277,0.117188,0.129395,0.133057,0.13916
2018-03-13T00:30:00Z,182.8125,187.38281,193.35938,192.30469,194.76563,197.22656,200.74219,201.44531,197.22656,198.63281,196.17188,195.82031,7.55859,6.03516,7.5,7.61719,7.61719,7.61719,8.08594,7.79297,7.55859,7.67578,7.73438,7.61719,7.73438,0.087891,0.097656,0.108643,0.095215,0.093994,0.102539,0.111084,0.102539,0.08667,0.113525,0.119629
2018-03-13T00:40:00Z,179.64844,187.38281,190.19531,189.84375,194.76563,197.22656,197.92969,196.52344,195.11719,193.35938,194.76563,192.30469,6.73828,5.85938,7.03125,7.14844,7.08984,7.38281,7.55859,7.61719,7.67578,7.14844,7.32422,7.20703,6.91406,0.100098,0.106201,0.078125,0.089111,0.087891,0.124512,0.080566,0.112305,0.102539,0.151367,0.115967
2018-03-13T00:50:00Z,177.53906,190.19531,188.4375,189.84375,195.82031,197.92969,198.63281,194.41406,195.11719,194.76563,192.65625,190.19531,6.5625,5.56641,6.5625,6.67969,6.85547,7.14844,7.20703,7.08984,7.08984,7.03125,6.85547,6.62109,6.62109,0.113525,0.186768,0.19165,0.10498,0.107422,0.148926,0.123291,0.097656,0.13916,0.162354,0.136719
2018-03-13T01:00:00Z,178.59375,190.19531,189.49219,190.19531,195.46875,196.875,201.09375,203.20313,200.39063,195.82031,193.71094,195.46875,6.62109,5.21484,6.15234,6.32813,6.50391,6.73828,7.20703,7.14844,6.73828,6.79688,6.79688,6.67969,6.44531,0.109863,0.115967,0.08667,0.097656,0.090332,0.106201,0.141602,0.117188,0.10376,0.147705,0.125732
2018-03-13T01:10:00Z,177.89063,182.46094,184.57031,184.92188,191.95313,195.46875,195.11719,198.28125,195.46875,195.46875,188.78906,191.95313,5.80078,5.03906,5.625,6.09375,5.80078,6.32813,6.5625,6.73828,6.67969,6.50391,6.15234,6.09375,6.50391,0.111084,0.112305,0.12085,0.087891,0.079346,0.126953,0.107422,0.113525,0.135498,0.148926,0.123291
2018-03-13T01:20:00Z,173.32031,182.8125,185.27344,185.625,192.30469,194.0625,198.98438,197.22656,197.92969,196.875,195.11719,192.65625,5.50781,4.51172,5.625,5.97656,6.09375,6.26953,6.5625,6.38672,6.62109,6.44531,6.26953,6.21094,6.21094,0.129395,0.092773,0.106201,0.12085,0.080566,0.10498,0.118408,0.125732,0.152588,0.117188,0.08667
2018-03-13T01:30:00Z,174.02344,183.86719,188.4375,184.57031,192.65625,196.17188,200.39063,200.74219,201.09375,201.79688,194.0625,195.11719,5.15625,4.39453,5.39063,5.39063,5.39063,5.74219,5.91797,6.03516,5.97656,5.68359,5.21484,5.44922,5.625,0.135498,0.106201,0.115967,0.112305,0.126953,0.136719,0.125732,0.189209,0.20874,0.158691,0.106201
2018-03-13T01:40:00Z,171.91406,188.78906,188.4375,187.38281,195.46875,200.03906,203.20313,202.5,203.20313,199.6875,199.33594,197.57813,4.98047,4.04297,4.51172,4.98047,5.03906,5.44922,5.56641,5.56641,5.27344,4.74609,4.92188,4.80469,4.92188,0.167236,0.095215,0.118408,0.095215,0.128174,0.096436,0.123291,0.195313,0.134277,0.135498,0.17334
2018-03-13T01:50:00Z,171.91406,187.03125,191.95313,191.60156,202.85156,208.82813,205.66406,208.82813,208.47656,208.82813,202.85156,203.20313,4.51172,3.39844,4.16016,4.45313,4.39453,4.62891,4.45313,4.33594,4.04297,3.75,3.45703,3.80859,3.98438,0.177002,0.19043,0.15625,0.145264,0.177002,0.152588,0.205078,0.246582,0.227051,0.212402,0.218506
2018-03-13T02:00:00Z,177.1875,196.52344,203.90625,207.77344,217.26563,216.91406,222.89063,216.91406,220.07813,211.28906,218.67188,207.77344,3.92578,2.92969,3.28125,3.45703,3.22266,3.22266,2.92969,2.8125,2.98828,3.04688,2.75391,2.8125,2.98828,0.209961,0.202637,0.235596,0.241699,0.222168,0.258789,0.24292,0.301514,0.299072,0.26123,0.220947
2018-03-13T02:10:00Z,187.38281,209.53125,229.92188,234.84375,239.0625,259.80469,197.57813,203.90625,216.91406,219.375,186.32813,209.53125,2.75391,1.99219,2.16797,2.05078,2.22656,2.05078,1.99219,2.10938,2.10938,2.16797,1.99219,1.99219,2.10938,0.217285,0.244141,0.209961,0.224609,0.180664,0.183105,0.252686,0.218506,0.229492,0.233154,0.162354
2018-03-13T02:20:00Z,173.67188,244.33594,143.78906,151.875,146.60156,162.77344,194.76563,227.10938,200.74219,211.99219,195.11719,238.71094,2.22656,0.64453,1.64063,1.93359,1.81641,2.10938,2.34375,2.46094,2.8125,2.75391,2.87109,2.69531,2.63672,0.219727,0.461426,0.285645,0.192871,0.146484,0.184326,0.186768,0.175781,0.184326,0.19043,0.168457
2018-03-13T02:30:00Z,22.85156,351.21094,338.90625,340.3125,337.85156,345.9375,351.91406,358.94531,359.64844,3.16406,4.21875,6.32813,1.69922,0.99609,2.46094,2.63672,2.51953,3.10547,3.39844,3.69141,3.69141,3.75,3.92578,3.57422,3.57422,0.323486,0.264893,0.239258,0.220947,0.217285,0.172119,0.202637,0.175781,0.198975,0.196533,0.214844
2018-03-13T02:40:00Z,4.57031,7.03125,9.49219,5.625,355.42969,2.10938,8.78906,16.52344,15.82031,20.39063,23.20313,24.60938,2.87109,1.75781,3.86719,3.80859,3.92578,4.39453,4.74609,4.86328,4.86328,4.62891,4.86328,4.92188,4.86328,0.175781,0.219727,0.213623,0.15625,0.161133,0.203857,0.174561,0.229492,0.170898,0.205078,0.159912
2018-03-13T02:50:00Z,13.71094,10.54688,7.03125,9.49219,2.8125,9.49219,14.41406,18.98438,19.6875,21.79688,22.85156,22.85156,3.98438,2.8125,4.51172,4.80469,4.62891,5.03906,5.33203,5.85938,5.91797,5.97656,6.21094,5.85938,5.74219,0.111084,0.123291,0.130615,0.114746,0.13916,0.144043,0.125732,0.090332,0.140381,0.153809,0.136719
2018-03-13T03:00:00Z,7.03125,6.67969,2.10938,1.40625,356.48438,358.24219,5.27344,9.14063,10.19531,12.30469,10.54688,11.60156,4.27734,3.33984,4.80469,5.09766,5.15625,5.27344,5.44922,5.80078,5.85938,5.44922,5.625,5.33203,5.44922,0.134277,0.125732,0.12085,0.158691,0.152588,0.175781,0.169678,0.180664,0.166016,0.175781,0.183105
2018-03-13T03:10:00Z,349.80469,341.01563,345.23438,343.82813,343.125,347.34375,345.9375,349.45313,349.80469,350.15625,349.80469,348.39844,5.80078,3.92578,6.62109,6.85547,6.79688,6.97266,7.03125,7.20703,7.14844,7.20703,7.08984,6.97266,6.85547,0.153809,0.159912,0.15625,0.135498,0.117188,0.12085,0.12085,0.118408,0.112305,0.151367,0.136719
2018-03-13T03:20:00Z,332.22656,346.99219,351.91406,348.04688,349.80469,350.15625,349.10156,351.21094,350.85938,350.50781,351.91406,349.10156,6.97266,5.85938,7.26563,7.20703,7.55859,7.32422,7.91016,8.02734,8.14453,8.26172,7.85156,8.08594,7.91016,0.098877,0.155029,0.089111,0.115967,0.10498,0.090332,0.101318,0.112305,0.126953,0.136719,0.112305
2018-03-13T03:30:00Z,338.20313,339.25781,339.96094,340.3125,344.17969,343.47656,345.9375,348.04688,343.82813,344.53125,347.34375,343.82813,6.91406,5.91797,7.44141,7.79297,7.96875,8.14453,8.37891,8.55469,8.26172,7.85156,8.14453,8.14453,7.96875,0.081787,0.093994,0.101318,0.090332,0.12085,0.062256,0.072021,0.109863,0.117188,0.102539,0.085449
2018-03-13T03:40:00Z,335.03906,350.15625,349.10156,350.50781,353.32031,354.72656,355.42969,354.375,354.375,351.21094,351.5625,354.72656,7.5,6.15234,8.78906,9.375,9.08203,9.72656,9.66797,9.49219,9.43359,9.375,9.31641,9.31641,9.43359,0.109863,0.102539,0.089111,0.130615,0.145264,0.137939,0.092773,0.114746,0.114746,0.119629,0.147705
2018-03-13T04:00:00Z,356.13281,3.16406,4.57031,2.8125,3.86719,2.8125,5.625,6.32813,3.86719,0.70313,4.21875,2.8125,11.36719,9.19922,11.07422,11.66016,11.60156,11.60156,12.24609,12.24609,11.83594,11.54297,11.66016,12.1875,12.1875,0.114746,0.113525,0.124512,0.109863,0.12207,0.093994,0.108643,0.093994,0.097656,0.111084,0.10498
2018-03-13T04:10:00Z,358.94531,359.64844,2.8125,2.46094,4.92188,5.27344,5.625,3.51563,4.57031,3.16406,3.86719,5.27344,11.66016,9.25781,12.24609,12.53906,12.59766,13.06641,13.35938,13.125,13.30078,13.47656,13.41797,13.24219,13.24219,0.124512,0.152588,0.12207,0.108643,0.13916,0.12085,0.109863,0.130615,0.129395,0.118408,0.131836
2018-03-13T04:20:00Z,359.29688,3.16406,4.92188,4.57031,3.51563,0.35156,1.05469,5.97656,3.51563,7.03125,2.8125,6.32813,12.77344,10.19531,13.00781,13.30078,13.41797,13.00781,13.30078,13.94531,14.29688,14.47266,13.71094,13.88672,13.76953,0.180664,0.179443,0.189209,0.15625,0.146484,0.152588,0.151367,0.130615,0.134277,0.158691,0.135498
2018-03-13T04:30:00Z,358.94531,3.86719,1.40625,4.57031,1.40625,3.16406,359.64844,2.8125,2.10938,1.75781,2.10938,4.57031,13.35938,10.78125,13.47656,13.71094,13.82813,14.64844,14.82422,15.11719,15.35156,15.52734,15.35156,15.58594,15.35156,0.189209,0.155029,0.135498,0.128174,0.133057,0.150146,0.131836,0.145264,0.12207,0.118408,0.128174
2018-03-13T04:40:00Z,357.53906,1.05469,1.05469,2.46094,2.8125,0.70313,2.46094,3.51563,5.27344,359.64844,2.8125,1.40625,14.29688,11.42578,13.125,13.35938,13.35938,13.59375,14.23828,14.88281,15.35156,14.58984,14.76563,14.88281,15.29297,0.148926,0.142822,0.125732,0.129395,0.146484,0.123291,0.10498,0.146484,0.17334,0.157471,0.123291
2018-03-13T04:50:00Z,356.13281,357.53906,3.16406,358.24219,1.40625,2.8125,2.10938,5.27344,358.94531,358.94531,358.94531,4.92188,14.00391,10.83984,12.77344,13.65234,12.94922,14.47266,15.05859,15.0,14.82422,14.94141,15.41016,16.17188,15.70313,0.15625,0.134277,0.148926,0.113525,0.115967,0.133057,0.12085,0.129395,0.118408,0.124512,0.134277
2018-03-13T05:00:00Z,356.13281,2.8125,358.94531,357.1875,1.05469,0.70313,2.8125,359.29688,0.70313,0.35156,358.94531,359.64844,13.24219,10.78125,12.42188,12.89063,12.77344,13.76953,14.17969,13.94531,14.76563,14.76563,14.76563,14.35547,15.17578,0.12207,0.131836,0.125732,0.148926,0.155029,0.163574,0.124512,0.126953,0.172119,0.150146,0.119629
2018-03-13T05:10:00Z,355.78125,358.24219,356.83594,355.78125,358.24219,358.94531,1.05469,358.94531,357.89063,2.8125,2.8125,1.75781,13.125,10.83984,13.24219,13.53516,13.24219,14.0625,14.70703,14.29688,14.47266,15.23438,15.41016,15.29297,14.53125,0.119629,0.128174,0.130615,0.107422,0.10376,0.144043,0.12207,0.117188,0.126953,0.133057,0.141602
2018-03-13T05:20:00Z,353.67188,358.24219,358.59375,356.48438,358.94531,357.89063,357.89063,358.59375,1.40625,0.35156,358.59375,359.29688,13.06641,10.78125,12.53906,13.30078,13.125,13.30078,13.94531,14.53125,15.29297,15.0,14.82422,15.17578,15.29297,0.140381,0.12085,0.119629,0.162354,0.100098,0.13916,0.164795,0.097656,0.113525,0.146484,0.106201
2018-03-13T05:40:00Z,354.02344,354.02344,354.02344,354.375,355.42969,358.24219,357.1875,357.53906,359.29688,355.78125,1.75781,359.29688,13.35938,10.48828,11.19141,11.66016,11.25,12.53906,12.94922,12.83203,12.65625,13.24219,13.24219,13.59375,13.65234,0.136719,0.153809,0.170898,0.129395,0.13916,0.114746,0.117188,0.135498,0.111084,0.142822,0.145264
2018-03-13T05:50:00Z,351.21094,354.375,358.24219,352.96875,356.83594,356.48438,359.64844,358.24219,356.83594,357.89063,357.89063,357.89063,11.83594,9.49219,11.66016,11.71875,11.83594,12.71484,13.00781,12.71484,13.18359,14.29688,14.35547,14.00391,13.35938,0.101318,0.129395,0.178223,0.17334,0.118408,0.150146,0.140381,0.129395,0.130615,0.130615,0.166016
2018-03-13T06:00:00Z,352.26563,352.96875,353.32031,351.5625,356.83594,354.72656,356.48438,354.02344,357.89063,358.24219,357.53906,356.13281,12.71484,9.19922,11.01563,11.60156,11.48438,11.42578,12.42188,12.65625,13.24219,13.65234,13.41797,13.24219,13.53516,0.129395,0.102539,0.162354,0.194092,0.124512,0.134277,0.175781,0.147705,0.109863,0.117188,0.175781
2018-03-13T06:10:00Z,349.80469,357.1875,355.78125,352.26563,355.78125,359.64844,356.83594,354.72656,354.375,356.48438,357.53906,357.89063,13.06641,9.14063,11.89453,12.53906,11.83594,13.30078,13.24219,13.125,13.35938,14.35547,14.0625,14.70703,13.41797,0.134277,0.129395,0.12207,0.108643,0.128174,0.098877,0.141602,0.115967,0.133057,0.129395,0.145264
2018-03-13T06:30:00Z,354.72656,356.48438,357.89063,355.07813,354.72656,354.375,356.83594,353.67188,352.61719,354.375,355.42969,356.83594,13.18359,10.3125,12.89063,12.71484,13.06641,13.41797,13.24219,14.12109,14.0625,14.23828,14.12109,14.23828,13.88672,0.163574,0.158691,0.123291,0.128174,0.109863,0.123291,0.145264,0.118408,0.13916,0.118408,0.128174
2018-03-13T06:50:00Z,354.02344,356.13281,354.72656,356.83594,355.07813,351.21094,352.26563,359.64844,357.89063,355.78125,352.26563,355.42969,12.01172,9.49219,11.71875,11.60156,12.53906,12.1875,13.47656,13.82813,14.12109,13.47656,13.53516,14.0625,14.47266,0.134277,0.147705,0.147705,0.170898,0.137939,0.114746,0.113525,0.152588,0.144043,0.125732,0.128174
2018-03-13T07:00:00Z,352.26563,350.85938,350.85938,355.42969,351.21094,356.48438,353.32031,357.1875,354.72656,356.83594,355.78125,355.78125,12.65625,9.60938,11.77734,12.12891,12.53906,12.89063,13.125,13.53516,13.47656,13.76953,13.82813,13.94531,13.88672,0.137939,0.117188,0.144043,0.129395,0.128174,0.131836,0.150146,0.124512,0.148926,0.150146,0.117188
2018-03-13T07:10:00Z,350.85938,350.85938,355.07813,355.42969,352.96875,358.94531,355.07813,359.29688,355.42969,356.48438,355.42969,356.13281,12.30469,10.13672,11.30859,11.83594,11.95313,12.59766,13.18359,13.76953,13.88672,13.71094,14.17969,14.00391,14.47266,0.19043,0.166016,0.133057,0.128174,0.146484,0.169678,0.130615,0.153809,0.119629,0.142822,0.12207
2018-03-13T07:20:00Z,349.45313,347.34375,350.85938,350.50781,353.32031,352.26563,351.21094,352.61719,356.48438,352.26563,354.02344,352.61719,12.12891,9.49219,12.42188,12.83203,12.94922,12.94922,13.35938,13.82813,14.29688,14.12109,14.41406,14.12109,14.29688,0.12207,0.117188,0.151367,0.129395,0.12085,0.130615,0.128174,0.151367,0.096436,0.128174,0.131836
2018-03-13T07:30:00Z,346.28906,351.21094,350.15625,348.04688,355.78125,352.61719,355.42969,350.15625,354.72656,355.07813,355.42969,352.61719,13.06641,10.07813,12.53906,13.41797,12.42188,13.53516,13.71094,13.76953,13.94531,14.64844,14.88281,14.47266,14.76563,0.13916,0.100098,0.144043,0.12085,0.10376,0.130615,0.12207,0.124512,0.137939,0.098877,0.108643
2018-03-13T07:40:00Z,349.10156,350.50781,358.94531,356.83594,355.42969,353.67188,354.375,354.72656,358.59375,357.53906,351.91406,353.67188,12.65625,10.19531,11.66016,11.89453,12.1875,12.12891,12.83203,13.82813,14.53125,14.35547,14.41406,14.29688,14.53125,0.161133,0.150146,0.126953,0.128174,0.142822,0.130615,0.119629,0.123291,0.141602,0.135498,0.12207
2018-03-13T07:50:00Z,349.80469,352.26563,350.85938,353.67188,352.61719,352.61719,354.72656,351.21094,356.83594,355.07813,354.375,357.89063,12.01172,9.66797,10.78125,11.42578,11.36719,12.36328,12.48047,12.71484,12.89063,13.00781,13.18359,13.82813,13.88672,0.158691,0.126953,0.145264,0.142822,0.095215,0.130615,0.119629,0.129395,0.130615,0.135498,0.108643
2018-03-13T08:00:00Z,347.34375,354.375,352.61719,350.85938,352.61719,353.32031,355.78125,352.61719,354.02344,349.45313,354.72656,350.15625,12.53906,9.25781,11.36719,12.12891,12.1875,12.83203,13.125,12.77344,13.59375,13.41797,13.65234,13.65234,14.70703,0.153809,0.141602,0.135498,0.145264,0.123291,0.150146,0.147705,0.135498,0.147705,0.106201,0.12207
2018-03-13T08:10:00Z,348.04688,354.375,346.99219,351.91406,350.50781,350.15625,349.80469,345.9375,352.61719,350.15625,351.21094,350.85938,12.89063,9.55078,11.83594,12.12891,12.01172,12.53906,12.89063,12.83203,13.18359,13.41797,13.59375,13.88672,13.47656,0.184326,0.15625,0.170898,0.183105,0.137939,0.124512,0.109863,0.129395,0.107422,0.12207,0.101318
2018-03-13T08:20:00Z,345.23438,350.50781,352.26563,351.21094,352.61719,351.5625,354.02344,352.96875,354.02344,356.48438,348.75,351.91406,12.65625,10.07813,12.07031,12.12891,12.07031,12.83203,13.24219,13.35938,13.71094,13.24219,12.89063,13.00781,13.24219,0.142822,0.148926,0.172119,0.148926,0.126953,0.10376,0.097656,0.135498,0.118408,0.129395,0.157471
2018-03-13T08:30:00Z,348.75,354.375,0.35156,357.1875,356.13281,357.53906,355.07813,355.42969,353.67188,352.26563,352.61719,351.5625,12.65625,10.01953,11.36719,11.89453,11.66016,11.36719,11.89453,12.48047,12.77344,12.71484,12.65625,12.71484,13.18359,0.158691,0.133057,0.140381,0.134277,0.107422,0.124512,0.112305,0.124512,0.107422,0.151367,0.117188
2018-03-13T08:40:00Z,352.96875,1.05469,359.64844,356.83594,359.29688,358.94531,357.89063,357.53906,352.61719,354.02344,351.21094,349.80469,11.07422,9.31641,10.3125,10.13672,10.48828,11.01563,11.89453,11.83594,11.42578,12.01172,12.24609,12.30469,12.30469,0.175781,0.12085,0.183105,0.146484,0.13916,0.158691,0.150146,0.155029,0.136719,0.129395,0.12207
2018-03-13T08:50:00Z,354.02344,356.48438,357.1875,357.53906,354.72656,356.13281,353.32031,357.53906,358.94531,352.61719,352.26563,356.83594,11.60156,8.49609,10.25391,10.3125,10.89844,10.60547,11.13281,11.60156,11.83594,11.71875,11.83594,12.30469,12.71484,0.213623,0.134277,0.146484,0.169678,0.128174,0.17334,0.172119,0.141602,0.162354,0.118408,0.148926
2018-03-13T09:00:00Z,353.32031,359.64844,355.78125,358.59375,354.72656,351.5625,355.42969,354.02344,351.5625,348.75,353.67188,355.07813,10.72266,8.37891,8.14453,8.26172,8.49609,9.08203,9.19922,10.13672,9.96094,10.60547,11.42578,11.83594,11.77734,0.230713,0.123291,0.131836,0.151367,0.161133,0.136719,0.163574,0.133057,0.15625,0.150146,0.112305
2018-03-13T09:10:00Z,352.61719,349.10156,354.02344,350.85938,348.75,351.91406,354.375,352.61719,355.42969,357.1875,354.72656,351.21094,10.37109,6.91406,8.73047,9.08203,8.96484,9.78516,10.48828,10.78125,11.36719,11.54297,12.24609,12.01172,12.48047,0.183105,0.167236,0.157471,0.17334,0.147705,0.128174,0.112305,0.136719,0.12207,0.126953,0.135498
2018-03-13T09:20:00Z,348.39844,357.1875,352.61719,354.72656,358.24219,354.72656,353.67188,359.29688,353.67188,352.96875,352.26563,355.78125,10.01953,7.61719,9.375,9.66797,9.96094,10.19531,10.19531,11.07422,10.78125,11.13281,11.66016,11.60156,11.71875,0.141602,0.174561,0.142822,0.164795,0.124512,0.117188,0.150146,0.133057,0.126953,0.170898,0.140381
2018-03-13T09:30:00Z,351.5625,352.96875,352.96875,350.50781,355.78125,351.21094,351.91406,348.75,354.02344,348.75,351.5625,350.15625,11.13281,7.38281,8.49609,8.78906,8.61328,9.02344,9.49219,9.96094,10.54688,10.89844,11.19141,10.95703,10.66406,0.146484,0.141602,0.135498,0.12207,0.126953,0.134277,0.125732,0.131836,0.12207,0.109863,0.158691
2018-03-13T09:40:00Z,350.85938,350.50781,350.50781,349.10156,351.91406,346.99219,350.15625,346.28906,348.75,348.39844,351.91406,348.04688,8.4375,6.44531,7.85156,8.08594,8.37891,8.49609,8.84766,9.19922,9.78516,10.25391,10.54688,10.54688,10.07813,0.152588,0.141602,0.13916,0.124512,0.152588,0.140381,0.137939,0.140381,0.115967,0.119629,0.179443
2018-03-13T09:50:00Z,345.9375,347.34375,342.07031,339.60938,347.69531,343.82813,345.9375,344.88281,342.42188,343.125,345.23438,348.39844,8.08594,6.26953,8.02734,8.37891,8.4375,9.08203,8.96484,9.84375,10.13672,10.89844,10.48828,10.89844,10.66406,0.17334,0.168457,0.128174,0.144043,0.135498,0.168457,0.130615,0.135498,0.147705,0.12207,0.151367
2018-03-13T10:00:00Z,340.3125,333.98438,336.44531,338.55469,338.20313,336.09375,338.55469,337.5,341.36719,339.60938,341.01563,343.82813,7.91016,6.38672,8.32031,8.55469,8.37891,9.31641,9.19922,9.55078,9.78516,10.07813,10.01953,10.72266,10.72266,0.17334,0.134277,0.115967,0.13916,0.136719,0.161133,0.124512,0.133057,0.125732,0.100098,0.102539
2018-03-13T10:10:00Z,330.46875,328.71094,329.0625,331.875,333.28125,335.74219,331.17188,335.74219,334.6875,340.3125,335.39063,337.14844,8.4375,6.62109,8.02734,8.49609,8.20313,8.96484,9.14063,9.375,9.66797,9.84375,9.66797,9.72656,10.07813,0.150146,0.115967,0.117188,0.158691,0.147705,0.150146,0.097656,0.135498,0.109863,0.123291,0.131836
2018-03-13T10:20:00Z,326.25,325.89844,331.52344,329.76563,328.00781,334.6875,329.41406,334.33594,332.22656,338.55469,334.6875,339.25781,8.37891,6.32813,8.55469,8.84766,8.55469,9.14063,9.49219,9.49219,9.78516,9.84375,9.78516,9.55078,9.72656,0.108643,0.124512,0.111084,0.141602,0.10376,0.114746,0.100098,0.097656,0.107422,0.123291,0.133057
2018-03-13T10:30:00Z,323.08594,331.52344,331.52344,331.875,332.22656,332.57813,332.22656,331.17188,338.20313,337.5,335.03906,335.39063,8.4375,6.79688,8.37891,8.49609,8.90625,8.96484,9.19922,9.43359,9.60938,9.72656,9.84375,9.84375,9.84375,0.129395,0.141602,0.125732,0.131836,0.129395,0.115967,0.096436,0.101318,0.08667,0.10376,0.102539
2018-03-13T10:40:00Z,325.54688,326.95313,326.95313,326.25,328.35938,329.0625,328.35938,331.875,329.76563,331.52344,333.28125,332.57813,8.08594,6.73828,7.91016,8.08594,7.67578,8.61328,8.73047,9.31641,9.02344,9.14063,9.55078,9.49219,9.25781,0.118408,0.131836,0.155029,0.117188,0.115967,0.106201,0.117188,0.133057,0.130615,0.157471,0.108643
2018-03-13T10:50:00Z,323.4375,320.625,323.08594,319.21875,326.25,325.19531,326.60156,331.52344,331.17188,332.57813,332.57813,333.28125,8.73047,6.38672,8.20313,8.73047,8.55469,8.90625,9.02344,9.08203,9.25781,9.14063,9.375,9.25781,9.19922,0.118408,0.141602,0.125732,0.155029,0.119629,0.147705,0.12085,0.125732,0.12207,0.155029,0.146484
2018-03-13T11:00:00Z,318.86719,328.35938,332.57813,332.57813,330.82031,332.22656,332.92969,333.98438,333.98438,333.28125,334.33594,334.6875,9.08203,7.08984,8.49609,8.73047,8.67188,8.90625,9.25781,9.375,9.19922,9.08203,9.43359,9.66797,9.60938,0.164795,0.150146,0.153809,0.129395,0.162354,0.100098,0.118408,0.12207,0.113525,0.117188,0.118408
2018-03-13T11:10:00Z,326.60156,326.95313,331.17188,329.0625,330.11719,331.875,332.57813,331.875,334.33594,336.44531,335.74219,335.74219,9.19922,6.91406,8.08594,8.26172,8.26172,8.67188,8.90625,9.19922,9.31641,9.55078,9.49219,9.72656,9.375,0.124512,0.107422,0.152588,0.093994,0.112305,0.12085,0.112305,0.109863,0.129395,0.148926,0.129395
2018-03-13T11:20:00Z,326.25,327.65625,330.82031,332.22656,331.52344,335.74219,336.44531,336.79688,336.09375,337.5,335.39063,337.85156,8.61328,6.97266,7.79297,8.32031,7.79297,8.78906,8.84766,8.78906,9.02344,9.25781,9.25781,9.43359,9.60938,0.136719,0.146484,0.113525,0.109863,0.10498,0.125732,0.115967,0.113525,0.137939,0.145264,0.141602
2018-03-13T11:30:00Z,326.25,331.17188,332.57813,333.28125,329.76563,332.92969,334.6875,335.39063,333.98438,336.44531,332.57813,340.3125,8.26172,6.50391,7.26563,7.73438,7.91016,7.96875,8.61328,8.61328,8.67188,8.84766,9.19922,9.19922,9.31641,0.115967,0.102539,0.181885,0.134277,0.129395,0.093994,0.133057,0.13916,0.098877,0.08667,0.126953
2018-03-13T11:40:00Z,325.89844,325.54688,323.4375,324.84375,329.0625,329.0625,328.71094,332.22656,335.39063,333.98438,333.63281,334.33594,7.61719,5.97656,7.08984,7.26563,7.55859,7.96875,8.08594,8.26172,8.32031,8.78906,8.67188,8.49609,8.78906,0.130615,0.170898,0.133057,0.112305,0.142822,0.150146,0.124512,0.108643,0.140381,0.157471,0.126953
2018-03-13T11:50:00Z,319.21875,324.14063,325.54688,327.30469,326.60156,328.35938,330.82031,330.46875,332.92969,333.63281,336.79688,336.44531,7.44141,5.80078,7.08984,7.32422,7.5,7.67578,7.96875,8.32031,8.37891,8.61328,8.61328,8.67188,8.84766,0.107422,0.140381,0.125732,0.118408,0.141602,0.140381,0.128174,0.117188,0.141602,0.118408,0.115967
2018-03-13T12:00:00Z,320.97656,324.14063,326.25,326.95313,332.57813,331.17188,336.79688,333.98438,339.25781,337.5,338.55469,336.79688,7.5,5.97656,7.08984,7.55859,7.32422,7.96875,7.96875,7.91016,8.14453,8.55469,8.20313,8.08594,8.26172,0.119629,0.12085,0.111084,0.119629,0.135498,0.148926,0.10376,0.12207,0.142822,0.101318,0.100098
2018-03-13T12:10:00Z,322.38281,326.60156,333.28125,331.17188,332.22656,331.875,333.28125,337.85156,336.09375,340.66406,340.3125,336.79688,7.26563,5.91797,6.50391,7.03125,6.79688,7.08984,7.44141,8.02734,8.14453,8.02734,7.96875,8.14453,8.61328,0.203857,0.148926,0.174561,0.145264,0.137939,0.13916,0.133057,0.168457,0.125732,0.126953,0.097656
2018-03-13T12:20:00Z,325.89844,329.41406,331.52344,333.63281,333.28125,331.875,331.52344,335.39063,332.57813,337.5,336.44531,337.14844,6.97266,5.33203,6.50391,6.85547,6.67969,7.08984,7.38281,7.79297,7.73438,8.20313,7.96875,8.08594,8.02734,0.109863,0.119629,0.124512,0.12085,0.109863,0.092773,0.098877,0.08667,0.114746,0.129395,0.095215
2018-03-13T12:30:00Z,326.60156,324.84375,328.00781,321.67969,322.73438,328.00781,324.84375,327.65625,325.54688,326.60156,324.84375,331.52344,6.79688,5.21484,6.67969,6.73828,6.79688,7.26563,7.38281,7.61719,7.61719,7.67578,8.14453,8.37891,8.4375,0.10376,0.159912,0.111084,0.136719,0.106201,0.119629,0.12085,0.080566,0.147705,0.124512,0.108643
2018-03-13T12:40:00Z,320.625,319.21875,315.35156,320.625,320.27344,320.625,325.89844,319.57031,324.84375,323.4375,327.65625,324.49219,7.79297,5.56641,6.44531,6.73828,6.73828,7.38281,7.91016,7.67578,7.73438,7.91016,8.55469,8.14453,8.20313,0.146484,0.185547,0.135498,0.158691,0.150146,0.134277,0.15625,0.124512,0.135498,0.175781,0.114746
2018-03-13T12:50:00Z,315.70313,319.57031,309.375,312.1875,316.75781,316.75781,321.67969,319.92188,322.38281,320.97656,323.4375,320.97656,6.79688,5.33203,7.08984,7.32422,7.67578,7.32422,7.85156,8.14453,8.02734,8.08594,8.26172,7.96875,8.55469,0.177002,0.20874,0.198975,0.128174,0.115967,0.145264,0.135498,0.135498,0.144043,0.147705,0.111084
2018-03-13T13:00:00Z,310.42969,313.59375,315.0,315.70313,314.29688,318.51563,315.70313,319.57031,319.92188,323.08594,316.75781,324.84375,8.67188,6.03516,7.73438,7.91016,7.96875,8.49609,8.49609,8.84766,8.32031,8.61328,8.67188,8.78906,8.84766,0.125732,0.175781,0.109863,0.095215,0.153809,0.147705,0.181885,0.134277,0.136719,0.128174,0.151367
2018-03-13T13:10:00Z,310.78125,313.94531,312.89063,314.29688,313.59375,315.0,317.8125,319.21875,320.97656,315.70313,321.32813,320.97656,8.55469,6.50391,7.79297,8.14453,7.91016,8.14453,8.67188,8.90625,8.96484,8.55469,8.67188,8.61328,8.96484,0.125732,0.136719,0.141602,0.114746,0.108643,0.131836,0.098877,0.137939,0.130615,0.100098,0.140381
2018-03-13T13:20:00Z,311.13281,311.48438,307.96875,311.48438,313.24219,311.83594,312.1875,312.53906,308.67188,311.83594,312.89063,315.0,7.96875,6.09375,7.96875,8.32031,8.14453,8.49609,8.61328,8.61328,8.78906,8.61328,9.19922,9.375,9.31641,0.142822,0.114746,0.13916,0.128174,0.119629,0.113525,0.101318,0.111084,0.12207,0.090332,0.10498
2018-03-13T13:30:00Z,306.91406,306.5625,306.5625,308.67188,307.26563,311.13281,310.78125,310.42969,310.07813,312.53906,319.21875,323.4375,8.32031,6.62109,7.32422,7.61719,7.44141,7.96875,8.20313,8.4375,8.20313,8.37891,8.73047,8.84766,8.73047,0.115967,0.141602,0.114746,0.10498,0.097656,0.092773,0.102539,0.096436,0.097656,0.098877,0.100098
2018-03-13T13:40:00Z,303.04688,307.26563,308.67188,305.85938,307.96875,307.96875,308.67188,306.21094,307.96875,310.07813,320.97656,319.92188,7.61719,5.97656,6.73828,7.14844,7.08984,7.44141,7.38281,7.5,7.61719,7.73438,8.08594,8.14453,8.20313,0.166016,0.093994,0.115967,0.148926,0.130615,0.100098,0.100098,0.123291,0.096436,0.100098,0.161133
2018-03-13T13:50:00Z,301.64063,302.69531,307.26563,304.45313,306.91406,307.96875,310.42969,312.1875,311.13281,316.05469,315.70313,318.51563,6.79688,5.39063,6.50391,6.97266,6.91406,7.26563,7.73438,7.73438,7.96875,8.02734,8.14453,8.37891,8.61328,0.136719,0.134277,0.123291,0.147705,0.133057,0.118408,0.111084,0.123291,0.118408,0.123291,0.10498
2018-03-13T14:00:00Z,298.47656,299.88281,300.23438,299.17969,304.10156,304.80469,303.39844,304.10156,309.375,311.13281,309.72656,308.67188,6.73828,5.21484,6.21094,6.44531,6.73828,7.14844,7.44141,7.61719,7.96875,8.14453,7.96875,7.79297,8.02734,0.108643,0.117188,0.115967,0.128174,0.101318,0.128174,0.118408,0.141602,0.107422,0.167236,0.12085
2018-03-13T14:10:00Z,293.20313,293.90625,293.90625,293.55469,296.01563,298.82813,303.39844,303.04688,302.34375,305.85938,309.375,306.91406,6.85547,5.03906,6.62109,6.97266,6.85547,7.32422,7.73438,7.96875,7.85156,7.91016,8.20313,8.37891,8.08594,0.114746,0.096436,0.093994,0.128174,0.107422,0.126953,0.163574,0.128174,0.112305,0.148926,0.107422
2018-03-13T14:20:00Z,290.03906,288.28125,295.66406,293.55469,293.20313,298.125,295.66406,296.36719,296.01563,298.82813,301.28906,298.47656,6.79688,5.39063,6.67969,7.20703,6.91406,7.67578,7.96875,8.20313,8.26172,8.37891,8.90625,8.84766,8.49609,0.096436,0.089111,0.148926,0.136719,0.152588,0.102539,0.131836,0.157471,0.111084,0.10376,0.148926
2018-03-13T14:30:00Z,288.28125,291.09375,290.03906,291.44531,290.39063,292.14844,291.09375,291.79688,288.63281,292.5,293.20313,293.90625,6.79688,5.44922,6.79688,7.38281,7.32422,7.79297,8.26172,8.32031,8.73047,8.67188,8.96484,8.84766,9.25781,0.112305,0.112305,0.106201,0.10376,0.079346,0.101318,0.10498,0.083008,0.102539,0.08667,0.093994
2018-03-13T14:40:00Z,285.11719,284.41406,285.11719,285.82031,284.76563,284.41406,287.92969,286.875,291.09375,287.22656,287.57813,293.55469,7.03125,5.80078,6.79688,6.97266,7.08984,7.32422,7.61719,8.14453,8.14453,8.32031,8.08594,8.61328,8.61328,0.125732,0.126953,0.108643,0.109863,0.123291,0.111084,0.135498,0.111084,0.115967,0.113525,0.083008
2018-03-13T14:50:00Z,280.54688,286.17188,286.52344,284.0625,288.28125,287.22656,288.63281,289.6875,288.63281,290.39063,289.33594,295.66406,7.03125,5.39063,7.03125,6.97266,6.97266,7.32422,7.55859,7.79297,7.67578,7.85156,8.08594,8.32031,8.32031,0.111084,0.141602,0.111084,0.113525,0.113525,0.118408,0.111084,0.118408,0.123291,0.100098,0.10376
2018-03-13T15:00:00Z,280.19531,284.76563,285.11719,284.41406,285.82031,287.22656,287.57813,289.6875,289.33594,289.6875,288.63281,288.28125,6.85547,5.44922,7.26563,7.38281,7.73438,7.79297,8.26172,8.37891,8.49609,8.61328,8.4375,8.73047,8.61328,0.152588,0.153809,0.129395,0.112305,0.131836,0.114746,0.109863,0.123291,0.128174,0.118408,0.100098
2018-03-13T15:10:00Z,279.14063,287.57813,283.71094,284.76563,281.60156,286.875,287.92969,287.57813,288.98438,287.57813,288.63281,291.44531,7.38281,5.85938,7.03125,7.26563,7.26563,7.79297,8.14453,8.14453,8.37891,8.32031,8.78906,8.73047,8.84766,0.10376,0.133057,0.153809,0.174561,0.111084,0.155029,0.140381,0.109863,0.092773,0.128174,0.083008
2018-03-13T15:20:00Z,278.4375,280.54688,282.30469,282.30469,283.00781,286.52344,288.28125,287.57813,288.28125,291.79688,290.39063,289.6875,7.5,5.68359,7.08984,7.32422,7.32422,7.73438,8.26172,8.37891,8.08594,8.67188,8.73047,8.96484,8.84766,0.101318,0.152588,0.150146,0.148926,0.131836,0.128174,0.169678,0.13916,0.137939,0.135498,0.125732
2018-03-13T15:30:00Z,275.625,280.54688,279.14063,281.25,284.76563,285.46875,284.0625,282.30469,286.17188,286.17188,289.6875,282.65625,7.08984,5.50781,7.08984,7.32422,7.67578,7.96875,7.91016,8.14453,8.67188,8.78906,8.73047,8.55469,8.90625,0.128174,0.161133,0.10376,0.123291,0.128174,0.126953,0.095215,0.108643,0.137939,0.123291,0.13916
2018-03-13T15:40:00Z,277.03125,284.76563,282.30469,282.65625,285.82031,282.65625,284.0625,284.76563,291.44531,288.28125,287.57813,287.92969,7.61719,5.85938,7.44141,7.55859,7.79297,7.79297,8.20313,8.84766,8.96484,9.02344,8.90625,9.14063,9.14063,0.130615,0.13916,0.117188,0.164795,0.109863,0.147705,0.096436,0.147705,0.123291,0.112305,0.133057
2018-03-13T15:50:00Z,278.4375,281.60156,279.14063,281.95313,283.00781,284.76563,281.25,285.46875,282.65625,284.0625,285.82031,286.52344,7.32422,6.03516,7.14844,7.26563,7.32422,8.02734,8.26172,8.67188,8.78906,8.78906,8.96484,9.19922,9.31641,0.12085,0.129395,0.107422,0.081787,0.144043,0.150146,0.106201,0.12207,0.155029,0.114746,0.117188
2018-03-13T16:00:00Z,277.73438,285.82031,281.25,284.0625,285.46875,287.92969,284.41406,285.11719,292.5,291.79688,291.79688,290.03906,7.38281,5.56641,7.38281,7.55859,7.91016,8.02734,8.4375,8.73047,9.08203,9.14063,8.96484,9.19922,9.375,0.144043,0.148926,0.106201,0.090332,0.118408,0.134277,0.112305,0.13916,0.163574,0.13916,0.101318
2018-03-13T16:10:00Z,280.89844,286.875,289.6875,290.74219,291.09375,292.85156,292.5,292.5,294.25781,292.85156,295.3125,294.96094,7.61719,5.91797,7.03125,7.5,7.08984,7.91016,8.14453,8.49609,8.73047,8.90625,9.31641,9.55078,9.96094,0.141602,0.090332,0.146484,0.124512,0.15625,0.102539,0.089111,0.130615,0.085449,0.090332,0.102539
2018-03-13T16:20:00Z,285.46875,281.25,282.65625,284.76563,285.11719,287.57813,285.82031,288.28125,286.875,289.33594,292.14844,287.22656,6.97266,5.50781,6.73828,7.08984,6.91406,7.5,7.67578,8.02734,8.20313,8.4375,8.55469,8.49609,8.73047,0.067139,0.119629,0.115967,0.114746,0.126953,0.075684,0.090332,0.115967,0.067139,0.096436,0.129395
2018-03-13T16:30:00Z,274.57031,278.4375,280.19531,282.30469,281.25,282.30469,283.71094,283.00781,283.71094,285.46875,284.76563,285.46875,6.26953,5.27344,6.5625,7.14844,7.03125,7.44141,7.79297,7.61719,7.79297,8.08594,8.20313,8.02734,8.32031,0.150146,0.101318,0.081787,0.113525,0.117188,0.100098,0.113525,0.109863,0.080566,0.12085,0.129395
2018-03-13T16:40:00Z,273.16406,283.35938,285.46875,283.71094,282.30469,284.0625,283.35938,285.82031,286.875,287.22656,286.875,287.22656,6.38672,5.21484,6.67969,6.79688,6.91406,7.08984,7.44141,7.61719,7.91016,8.08594,8.08594,8.02734,8.20313,0.129395,0.119629,0.097656,0.089111,0.12085,0.111084,0.074463,0.10498,0.107422,0.078125,0.100098
2018-03-13T16:50:00Z,276.67969,282.65625,282.65625,285.82031,285.46875,286.17188,285.11719,284.0625,287.57813,286.52344,288.63281,284.76563,5.91797,4.80469,5.50781,5.91797,5.91797,6.21094,6.73828,6.79688,7.20703,7.32422,7.61719,7.61719,7.96875,0.125732,0.133057,0.119629,0.161133,0.090332,0.133057,0.13916,0.119629,0.097656,0.148926,0.10376
2018-03-13T17:00:00Z,277.38281,283.71094,287.57813,286.52344,287.57813,288.63281,287.22656,286.52344,290.74219,287.92969,288.28125,290.39063,5.21484,4.16016,5.50781,5.91797,5.625,6.50391,6.67969,6.91406,7.5,7.61719,7.73438,8.20313,8.61328,0.124512,0.150146,0.131836,0.136719,0.158691,0.183105,0.123291,0.151367,0.168457,0.158691,0.117188
2018-03-13T17:10:00Z,280.54688,287.92969,289.33594,289.33594,286.875,289.33594,288.63281,287.57813,287.57813,289.6875,287.22656,292.5,5.50781,4.21875,5.91797,5.97656,6.09375,6.79688,6.85547,7.38281,7.32422,7.67578,7.38281,7.91016,7.96875,0.125732,0.117188,0.133057,0.092773,0.115967,0.096436,0.093994,0.146484,0.145264,0.133057,0.112305
2018-03-13T17:20:00Z,284.0625,283.35938,285.11719,285.11719,285.46875,286.17188,288.63281,291.44531,292.5,291.09375,288.63281,294.25781,5.44922,4.45313,5.68359,6.03516,6.09375,6.44531,6.85547,7.08984,7.03125,7.14844,7.20703,7.38281,7.38281,0.126953,0.133057,0.098877,0.123291,0.108643,0.096436,0.111084,0.102539,0.075684,0.10498,0.075684
2018-03-13T17:30:00Z,280.19531,287.92969,287.92969,285.82031,286.52344,287.57813,287.57813,288.28125,292.5,292.14844,290.74219,290.74219,5.56641,4.51172,6.21094,6.5625,6.62109,6.79688,7.08984,7.14844,7.44141,7.44141,7.32422,7.44141,7.73438,0.083008,0.091553,0.13916,0.118408,0.085449,0.123291,0.109863,0.070801,0.074463,0.090332,0.093994
2018-03-13T17:40:00Z,284.0625,284.76563,288.63281,289.33594,288.63281,290.39063,292.5,296.01563,299.17969,298.47656,298.125,303.04688,5.44922,4.6875,5.74219,5.80078,5.74219,6.09375,6.21094,6.32813,6.50391,6.5625,7.38281,7.08984,7.03125,0.117188,0.131836,0.123291,0.117188,0.163574,0.140381,0.164795,0.162354,0.177002,0.175781,0.175781
2018-03-13T17:50:00Z,286.875,290.03906,287.92969,290.74219,290.39063,289.6875,291.44531,293.90625,293.20313,294.96094,295.66406,294.25781,5.33203,4.33594,4.98047,5.09766,5.21484,5.21484,5.27344,5.33203,5.39063,5.39063,6.03516,5.97656,6.21094,0.096436,0.135498,0.117188,0.144043,0.167236,0.184326,0.166016,0.130615,0.201416,0.227051,0.183105
2018-03-13T18:00:00Z,289.33594,289.6875,290.39063,291.79688,290.39063,296.01563,295.3125,297.42188,295.66406,297.07031,291.44531,298.82813,5.68359,4.21875,4.6875,4.92188,4.80469,5.09766,5.44922,5.56641,5.91797,5.91797,6.44531,6.50391,6.97266,0.12207,0.130615,0.111084,0.10376,0.128174,0.137939,0.184326,0.153809,0.184326,0.205078,0.146484
2018-03-13T18:10:00Z,286.52344,289.6875,287.92969,293.90625,288.63281,291.79688,288.28125,289.6875,291.09375,293.55469,294.96094,293.90625,4.62891,3.63281,4.45313,4.86328,4.74609,5.44922,5.91797,5.97656,6.50391,6.50391,6.44531,6.44531,6.85547,0.113525,0.157471,0.144043,0.113525,0.144043,0.13916,0.167236,0.153809,0.153809,0.174561,0.123291
2018-03-13T18:20:00Z,289.6875,287.22656,286.17188,284.41406,288.98438,284.0625,289.33594,286.52344,297.07031,296.71875,297.77344,294.60938,4.04297,3.28125,4.39453,4.80469,4.62891,5.21484,5.39063,5.91797,6.38672,6.5625,6.62109,6.62109,7.08984,0.108643,0.155029,0.076904,0.137939,0.119629,0.157471,0.102539,0.114746,0.136719,0.152588,0.158691
2018-03-13T18:30:00Z,281.95313,266.83594,272.46094,270.0,271.40625,279.84375,275.97656,282.30469,283.35938,290.74219,290.39063,289.33594,3.75,2.92969,5.03906,5.44922,5.33203,5.80078,6.21094,6.32813,6.44531,6.85547,6.91406,6.85547,6.85547,0.145264,0.153809,0.119629,0.158691,0.152588,0.12207,0.140381,0.17334,0.168457,0.174561,0.178223
2018-03-13T18:40:00Z,264.02344,279.84375,280.89844,280.89844,285.82031,288.63281,287.57813,292.14844,293.90625,293.55469,290.39063,291.79688,4.45313,3.33984,4.74609,5.21484,5.15625,5.85938,5.91797,6.44531,6.44531,6.73828,6.67969,6.62109,7.14844,0.126953,0.124512,0.106201,0.101318,0.084229,0.155029,0.153809,0.155029,0.164795,0.189209,0.153809
2018-03-13T18:50:00Z,278.4375,277.73438,279.49219,283.00781,284.0625,286.17188,286.17188,286.17188,286.52344,292.85156,287.57813,289.6875,4.33594,3.45703,4.27734,4.80469,4.86328,5.21484,5.44922,5.68359,5.97656,6.03516,6.44531,6.03516,6.5625,0.109863,0.087891,0.134277,0.098877,0.129395,0.117188,0.12207,0.148926,0.145264,0.181885,0.170898
2018-03-13T19:00:00Z,277.38281,280.89844,283.00781,283.71094,286.17188,285.46875,285.11719,288.28125,287.92969,291.44531,290.74219,295.3125,3.86719,2.92969,4.27734,4.51172,4.39453,5.03906,5.27344,5.50781,5.68359,5.91797,5.91797,5.91797,6.21094,0.12085,0.109863,0.108643,0.111084,0.157471,0.131836,0.140381,0.152588,0.162354,0.137939,0.167236
2018-03-13T19:10:00Z,283.00781,281.60156,283.00781,280.19531,281.95313,283.35938,288.28125,286.17188,294.60938,288.63281,297.42188,293.55469,3.33984,2.69531,4.33594,4.57031,4.6875,5.09766,5.39063,5.56641,5.80078,5.68359,6.15234,5.91797,6.26953,0.125732,0.155029,0.101318,0.117188,0.134277,0.151367,0.140381,0.12207,0.20874,0.189209,0.184326
2018-03-13T19:20:00Z,279.49219,274.92188,278.08594,276.67969,279.49219,285.82031,285.46875,283.71094,283.00781,288.63281,289.33594,291.44531,3.80859,2.75391,4.74609,5.03906,4.92188,5.39063,5.74219,5.91797,5.91797,6.38672,6.79688,6.85547,6.73828,0.112305,0.095215,0.083008,0.102539,0.196533,0.13916,0.153809,0.17334,0.205078,0.178223,0.172119
2018-03-13T19:30:00Z,270.0,279.14063,278.4375,279.49219,279.49219,278.08594,278.08594,280.19531,280.89844,280.89844,280.89844,281.60156,3.75,2.92969,4.74609,5.15625,5.27344,5.39063,5.74219,6.09375,6.32813,5.91797,6.21094,6.21094,6.32813,0.10498,0.06958,0.093994,0.10376,0.093994,0.114746,0.106201,0.102539,0.123291,0.112305,0.117188
2018-03-13T19:40:00Z,276.32813,277.73438,277.03125,278.78906,281.60156,278.4375,280.19531,281.25,280.89844,283.35938,286.875,290.03906,3.69141,2.98828,4.57031,4.80469,4.80469,5.39063,5.56641,5.91797,5.74219,6.03516,6.15234,6.26953,6.50391,0.113525,0.100098,0.087891,0.098877,0.074463,0.091553,0.114746,0.067139,0.065918,0.083008,0.118408
2018-03-13T19:50:00Z,275.625,277.03125,276.67969,275.97656,279.14063,279.49219,283.00781,281.95313,283.35938,286.52344,284.76563,292.14844,3.63281,2.8125,4.39453,4.92188,5.03906,5.03906,5.33203,5.33203,5.44922,5.80078,5.91797,6.09375,6.44531,0.10376,0.079346,0.092773,0.093994,0.08667,0.078125,0.097656,0.084229,0.092773,0.076904,0.128174
2018-03-13T20:00:00Z,273.86719,273.86719,277.03125,274.57031,281.25,284.41406,285.11719,287.92969,288.28125,291.09375,296.01563,297.77344,4.27734,2.63672,4.33594,4.74609,4.62891,4.98047,5.15625,5.33203,5.74219,5.97656,6.21094,6.44531,6.91406,0.136719,0.10376,0.093994,0.096436,0.117188,0.101318,0.076904,0.074463,0.095215,0.072021,0.096436
2018-03-13T20:10:00Z,265.42969,274.92188,278.4375,275.625,280.89844,280.19531,284.0625,286.17188,288.63281,292.14844,298.125,302.34375,3.04688,2.46094,4.39453,4.62891,4.62891,4.86328,5.09766,5.21484,5.44922,5.74219,6.21094,6.73828,7.08984,0.10498,0.134277,0.124512,0.101318,0.111084,0.114746,0.133057,0.076904,0.098877,0.112305,0.118408
2018-03-13T20:20:00Z,262.96875,278.08594,281.95313,279.84375,281.60156,287.57813,286.17188,291.79688,292.5,293.20313,292.85156,297.07031,3.39844,2.57813,4.62891,4.86328,4.92188,4.92188,5.27344,5.50781,5.74219,5.625,5.85938,5.80078,5.97656,0.10376,0.075684,0.078125,0.12207,0.06958,0.068359,0.090332,0.109863,0.072021,0.097656,0.113525
2018-03-13T20:30:00Z,268.59375,282.30469,282.65625,284.0625,288.98438,286.875,291.79688,292.5,293.20313,293.20313,293.90625,294.60938,3.39844,2.63672,4.62891,4.92188,5.03906,5.15625,5.27344,5.50781,5.50781,5.39063,5.56641,5.50781,5.74219,0.10376,0.114746,0.111084,0.085449,0.089111,0.111084,0.092773,0.085449,0.096436,0.08667,0.092773
2018-03-13T20:40:00Z,278.78906,290.03906,291.44531,290.74219,293.90625,294.25781,294.96094,298.47656,296.36719,298.47656,293.90625,297.42188,3.75,2.92969,4.62891,4.80469,4.80469,4.80469,4.92188,5.09766,5.03906,5.09766,5.15625,5.27344,5.27344,0.111084,0.087891,0.111084,0.102539,0.093994,0.059814,0.098877,0.113525,0.117188,0.091553,0.079346
2018-03-13T20:50:00Z,290.39063,294.60938,293.20313,290.03906,295.66406,296.01563,297.07031,296.01563,295.66406,297.07031,296.36719,295.3125,3.69141,2.98828,4.45313,4.39453,4.39453,4.62891,4.51172,4.92188,5.03906,5.39063,5.15625,5.39063,5.21484,0.095215,0.090332,0.107422,0.096436,0.100098,0.091553,0.095215,0.080566,0.098877,0.084229,0.081787
2018-03-13T21:00:00Z,290.03906,287.92969,294.96094,291.09375,293.55469,296.36719,296.36719,293.20313,292.85156,293.90625,296.36719,295.3125,3.57422,2.75391,4.21875,4.51172,4.33594,4.74609,5.21484,5.27344,5.44922,5.50781,5.625,5.625,5.56641,0.124512,0.073242,0.081787,0.078125,0.100098,0.10376,0.079346,0.102539,0.128174,0.10498,0.108643
2018-03-13T21:10:00Z,284.76563,288.63281,294.60938,296.01563,296.71875,301.64063,300.58594,300.23438,298.125,303.39844,301.28906,299.88281,3.45703,2.57813,3.69141,4.16016,3.98438,4.74609,4.98047,5.33203,5.50781,5.56641,5.625,5.56641,5.56641,0.141602,0.129395,0.115967,0.150146,0.134277,0.113525,0.10376,0.119629,0.131836,0.085449,0.112305
2018-03-13T21:20:00Z,286.52344,291.44531,296.71875,297.42188,297.77344,299.88281,298.125,299.88281,295.66406,298.47656,296.71875,299.88281,2.98828,2.16797,3.98438,4.39453,4.21875,4.86328,5.15625,5.39063,5.33203,5.39063,5.39063,5.56641,5.50781,0.111084,0.137939,0.111084,0.096436,0.072021,0.124512,0.089111,0.084229,0.096436,0.117188,0.089111
2018-03-13T21:30:00Z,288.63281,288.98438,294.96094,292.5,293.55469,295.66406,291.79688,295.66406,291.79688,294.60938,291.09375,297.07031,3.10547,2.40234,4.10156,4.10156,4.04297,4.33594,4.45313,4.80469,4.80469,4.80469,4.92188,4.80469,4.80469,0.134277,0.078125,0.10376,0.114746,0.075684,0.115967,0.095215,0.146484,0.084229,0.074463,0.119629
2018-03-13T21:40:00Z,283.00781,288.98438,293.90625,290.74219,292.5,293.55469,294.96094,292.5,290.03906,292.5,292.14844,293.20313,3.28125,2.40234,3.45703,3.92578,3.69141,4.10156,4.27734,4.16016,4.27734,4.39453,4.51172,4.57031,4.39453,0.145264,0.123291,0.106201,0.13916,0.091553,0.10498,0.107422,0.097656,0.095215,0.106201,0.12207
2018-03-13T21:50:00Z,280.19531,285.46875,286.875,285.11719,287.92969,287.22656,289.6875,292.5,290.74219,288.28125,289.33594,289.6875,2.63672,1.93359,3.04688,3.22266,3.22266,3.51563,3.57422,3.86719,3.86719,3.98438,3.86719,4.04297,3.92578,0.108643,0.083008,0.097656,0.157471,0.159912,0.144043,0.101318,0.111084,0.092773,0.117188,0.119629
2018-03-13T22:00:00Z,265.78125,285.11719,286.17188,287.92969,289.33594,289.33594,290.39063,292.14844,287.57813,290.03906,287.57813,290.03906,2.05078,1.46484,2.92969,3.04688,3.10547,3.39844,3.51563,3.57422,3.51563,3.69141,3.45703,3.63281,3.45703,0.125732,0.106201,0.08667,0.081787,0.131836,0.109863,0.096436,0.10376,0.164795,0.119629,0.111084
2018-03-13T22:10:00Z,261.21094,274.92188,280.54688,278.08594,281.60156,284.0625,283.71094,285.11719,279.84375,280.89844,281.25,284.0625,2.57813,1.40625,2.92969,3.10547,2.98828,3.28125,3.39844,3.33984,3.45703,3.51563,3.69141,3.57422,3.80859,0.13916,0.107422,0.128174,0.093994,0.109863,0.113525,0.125732,0.087891,0.109863,0.100098,0.102539
2018-03-13T22:20:00Z,253.47656,278.78906,279.49219,277.03125,281.25,278.78906,282.65625,279.49219,284.0625,278.4375,282.30469,281.60156,2.22656,1.64063,2.92969,2.98828,2.98828,3.22266,3.33984,3.51563,3.57422,3.63281,3.63281,3.80859,3.86719,0.124512,0.170898,0.148926,0.130615,0.126953,0.102539,0.106201,0.111084,0.109863,0.115967,0.161133
2018-03-13T22:30:00Z,254.88281,277.73438,275.97656,278.4375,279.84375,284.76563,284.76563,282.30469,284.0625,283.00781,283.35938,280.89844,2.22656,1.81641,2.87109,3.16406,3.04688,3.28125,3.33984,3.39844,3.57422,3.63281,3.80859,3.69141,3.86719,0.126953,0.158691,0.129395,0.152588,0.136719,0.117188,0.106201,0.12085,0.13916,0.098877,0.078125
2018-03-13T22:40:00Z,242.22656,256.28906,264.72656,262.26563,277.38281,281.95313,284.0625,282.30469,284.41406,284.76563,284.76563,280.89844,2.8125,1.81641,2.22656,2.34375,2.22656,2.28516,2.57813,2.46094,2.75391,2.75391,2.87109,2.69531,2.92969,0.26001,0.198975,0.201416,0.206299,0.202637,0.227051,0.220947,0.194092,0.181885,0.223389,0.162354
2018-03-13T22:50:00Z,230.625,270.0,268.94531,268.59375,280.54688,280.19531,284.0625,286.17188,284.76563,286.17188,283.35938,283.71094,3.10547,1.40625,1.93359,1.93359,1.93359,2.10938,1.93359,2.28516,2.16797,2.40234,2.46094,2.51953,2.46094,0.300293,0.327148,0.231934,0.200195,0.324707,0.218506,0.26123,0.240479,0.220947,0.20752,0.280762
2018-03-13T23:00:00Z,249.25781,267.1875,266.13281,267.53906,269.64844,272.46094,275.625,276.32813,278.08594,274.92188,272.46094,275.27344,2.57813,1.64063,2.98828,3.04688,3.28125,3.22266,3.33984,3.39844,3.63281,3.51563,3.57422,3.80859,3.63281,0.15625,0.136719,0.147705,0.179443,0.100098,0.151367,0.145264,0.162354,0.137939,0.10498,0.123291
2018-03-13T23:10:00Z,242.92969,261.5625,261.21094,261.91406,265.78125,266.83594,268.24219,266.13281,266.48438,264.02344,268.24219,265.42969,3.04688,2.40234,3.45703,3.63281,3.57422,3.57422,3.57422,3.57422,3.75,3.75,3.92578,3.86719,3.75,0.10376,0.119629,0.090332,0.124512,0.101318,0.137939,0.108643,0.109863,0.102539,0.10376,0.090332
2018-03-13T23:20:00Z,235.89844,244.6875,244.33594,248.20313,252.42188,256.64063,256.64063,260.50781,261.5625,259.80469,260.15625,262.26563,3.22266,2.57813,3.69141,4.10156,3.92578,3.98438,3.92578,3.80859,3.92578,3.80859,3.86719,3.98438,4.16016,0.181885,0.12085,0.111084,0.144043,0.145264,0.123291,0.10498,0.12085,0.126953,0.119629,0.090332
2018-03-13T23:30:00Z,230.97656,240.11719,243.63281,241.52344,247.14844,250.3125,253.47656,256.99219,256.28906,259.10156,258.04688,260.85938,3.86719,2.8125,4.6875,4.6875,4.62891,4.57031,4.45313,4.45313,4.27734,4.27734,4.39453,4.33594,4.27734,0.126953,0.095215,0.136719,0.098877,0.119629,0.091553,0.078125,0.100098,0.134277,0.093994,0.076904
2018-03-13T23:40:00Z,226.40625,230.625,233.08594,233.4375,238.35938,241.52344,245.74219,246.44531,260.50781,255.23438,258.39844,256.28906,4.16016,3.16406,4.6875,5.03906,5.27344,5.21484,5.27344,4.86328,4.92188,4.6875,4.57031,4.86328,4.6875,0.106201,0.111084,0.141602,0.096436,0.169678,0.263672,0.251465,0.349121,0.240479,0.396729,0.202637
2018-03-13T23:50:00Z,226.05469,234.14063,237.65625,235.89844,241.17188,246.09375,250.66406,252.77344,256.28906,256.99219,258.75,259.45313,4.45313,3.51563,4.92188,5.21484,5.03906,5.09766,4.6875,4.51172,4.21875,4.21875,4.21875,4.27734,4.21875,0.083008,0.085449,0.074463,0.098877,0.114746,0.130615,0.150146,0.106201,0.12085,0.134277,0.114746
