LOCATION: 
SYSTEM SERIAL: HKZB
TIMESTAMP (ISO-8601) UTC,WindDir004m deg,WindDir030m deg,WindDir040m deg,WindDir040m_ref deg,WindDir060m deg,WindDir080m deg,WindDir100m deg,WindDir120m deg,WindDir140m deg,WindDir160m deg,WindDir180m deg,WindDir200m deg,WindGust004m m/s,WindSpeed004m m/s,WindSpeed030mh m/s,WindSpeed040mh m/s,WindSpeed040m_refh m/s,WindSpeed060mh m/s,WindSpeed080mh m/s,WindSpeed100mh m/s,WindSpeed120mh m/s,WindSpeed140mh m/s,WindSpeed160mh m/s,WindSpeed180mh m/s,WindSpeed200mh m/s,TI 030m,TI 040m,TI 040m ref,TI 060m,TI 080m,TI 100m,TI 120m,TI 140m,TI 160m,TI 180m,TI 200m
2018-01-19T00:00:00Z,301.28906,297.77344,299.53125,299.88281,295.3125,301.99219,305.15625,300.9375,297.42188,300.9375,301.28906,301.99219,10.60547,8.26172,9.84375,10.07813,10.19531,10.48828,10.72266,10.3125,10.3125,10.42969,10.78125,10.54688,10.19531,0.15625,0.148926,0.115967,0.13916,0.128174,0.131836,0.131836,0.135498,0.107422,0.123291,0.151367
2018-01-19T00:10:00Z,292.85156,285.46875,285.11719,287.22656,286.17188,288.63281,289.33594,292.85156,289.6875,295.66406,291.44531,297.77344,11.89453,8.96484,11.60156,11.54297,11.77734,11.89453,12.12891,11.83594,11.42578,11.95313,11.42578,11.54297,11.13281,0.145264,0.162354,0.172119,0.169678,0.144043,0.161133,0.13916,0.169678,0.170898,0.175781,0.123291
2018-01-19T00:20:00Z,281.25,283.00781,287.22656,282.65625,285.11719,288.28125,284.76563,290.39063,292.85156,293.55469,288.98438,291.79688,12.59766,9.19922,11.07422,10.83984,11.42578,11.36719,11.42578,12.42188,12.89063,12.53906,11.48438,12.01172,12.1875,0.231934,0.187988,0.177002,0.238037,0.263672,0.222168,0.157471,0.163574,0.159912,0.159912,0.19043
2018-01-19T00:30:00Z,295.66406,293.90625,296.01563,300.58594,297.77344,301.64063,298.125,299.88281,298.82813,301.28906,302.69531,302.69531,10.89844,8.37891,10.72266,11.01563,10.42969,11.19141,11.01563,10.95703,10.66406,11.07422,11.36719,11.36719,10.95703,0.164795,0.123291,0.128174,0.107422,0.136719,0.114746,0.133057,0.145264,0.092773,0.118408,0.129395
2018-01-19T00:40:00Z,300.9375,300.9375,301.99219,303.04688,299.17969,298.125,302.34375,302.69531,297.42188,302.69531,302.34375,300.9375,11.36719,9.19922,10.89844,10.89844,11.36719,11.42578,11.60156,11.89453,11.66016,11.95313,12.07031,11.77734,11.95313,0.178223,0.140381,0.13916,0.106201,0.161133,0.140381,0.128174,0.146484,0.107422,0.155029,0.117188
2018-01-19T00:50:00Z,299.17969,298.47656,301.99219,299.53125,301.28906,298.125,299.17969,298.47656,299.17969,300.9375,296.71875,298.47656,11.48438,9.19922,11.19141,11.19141,11.36719,11.01563,11.25,11.30859,11.60156,11.71875,11.66016,11.77734,11.66016,0.124512,0.114746,0.157471,0.125732,0.151367,0.15625,0.151367,0.130615,0.125732,0.13916,0.098877
2018-01-19T01:00:00Z,298.47656,294.60938,297.42188,299.88281,296.71875,296.36719,294.60938,298.125,295.3125,294.60938,294.60938,291.79688,13.125,9.14063,10.3125,10.60547,10.3125,11.36719,11.42578,11.48438,11.30859,11.36719,11.36719,11.60156,11.42578,0.15625,0.144043,0.135498,0.151367,0.161133,0.111084,0.115967,0.137939,0.124512,0.124512,0.129395
2018-01-19T01:10:00Z,295.3125,301.64063,298.82813,300.58594,296.01563,297.07031,301.28906,300.23438,292.85156,293.90625,297.77344,298.82813,11.54297,8.96484,10.72266,11.30859,11.25,12.1875,12.07031,11.30859,11.07422,11.48438,11.66016,11.25,11.01563,0.158691,0.174561,0.115967,0.151367,0.129395,0.152588,0.129395,0.150146,0.152588,0.12085,0.159912
2018-01-19T01:20:00Z,300.58594,300.23438,296.36719,299.17969,303.04688,298.125,299.88281,297.77344,298.125,300.9375,302.69531,303.75,11.66016,9.25781,10.07813,10.42969,10.01953,10.54688,10.72266,10.60547,10.66406,11.07422,11.42578,11.48438,10.95703,0.169678,0.129395,0.129395,0.183105,0.167236,0.12207,0.141602,0.159912,0.112305,0.134277,0.126953
2018-01-19T01:30:00Z,297.07031,298.47656,296.01563,296.36719,299.17969,298.82813,298.47656,300.58594,295.66406,297.07031,299.53125,298.47656,11.95313,9.31641,10.13672,11.01563,10.48828,10.78125,10.83984,11.36719,11.48438,11.66016,12.01172,11.77734,11.71875,0.224609,0.200195,0.20752,0.217285,0.20752,0.20752,0.145264,0.137939,0.151367,0.167236,0.134277
2018-01-19T01:40:00Z,292.85156,291.79688,294.25781,294.25781,295.66406,291.79688,296.01563,297.07031,291.79688,296.71875,293.20313,296.01563,12.24609,8.4375,10.89844,10.72266,11.25,11.36719,11.71875,12.01172,11.89453,11.95313,12.12891,12.42188,12.24609,0.19165,0.184326,0.200195,0.129395,0.129395,0.147705,0.111084,0.100098,0.13916,0.125732,0.109863
2018-01-19T01:50:00Z,300.23438,302.34375,305.15625,301.64063,299.17969,304.10156,300.9375,301.64063,302.34375,305.15625,296.71875,296.71875,11.89453,8.84766,10.83984,10.19531,10.89844,10.48828,10.72266,11.48438,11.42578,11.66016,11.95313,11.66016,11.60156,0.147705,0.218506,0.130615,0.186768,0.178223,0.148926,0.133057,0.133057,0.166016,0.145264,0.155029
2018-01-19T02:00:00Z,297.07031,297.77344,297.77344,297.42188,299.17969,293.90625,299.17969,298.82813,294.96094,294.96094,297.42188,295.3125,12.36328,9.60938,11.30859,11.30859,12.12891,12.24609,12.77344,12.83203,12.59766,13.00781,13.06641,12.48047,13.125,0.159912,0.170898,0.158691,0.152588,0.133057,0.155029,0.102539,0.126953,0.164795,0.123291,0.124512
2018-01-19T02:10:00Z,296.01563,294.96094,301.28906,295.66406,298.82813,298.47656,292.14844,297.07031,296.01563,295.66406,296.01563,294.96094,12.83203,10.48828,13.30078,13.24219,12.89063,13.30078,12.42188,12.94922,13.30078,13.24219,13.06641,13.00781,12.71484,0.13916,0.108643,0.119629,0.10498,0.152588,0.12207,0.13916,0.15625,0.12207,0.119629,0.140381
2018-01-19T02:20:00Z,293.55469,291.44531,292.14844,287.22656,294.60938,290.03906,290.74219,285.11719,290.74219,292.85156,289.33594,289.6875,12.77344,9.90234,11.83594,12.07031,12.07031,12.01172,11.95313,12.1875,12.77344,12.83203,12.30469,11.89453,12.24609,0.13916,0.163574,0.145264,0.124512,0.163574,0.159912,0.112305,0.125732,0.135498,0.119629,0.123291
2018-01-19T02:30:00Z,289.33594,291.44531,293.20313,290.03906,291.44531,300.58594,292.5,288.98438,297.77344,295.66406,292.5,293.20313,12.12891,9.66797,10.83984,11.30859,11.25,11.48438,11.60156,11.07422,12.07031,11.54297,11.66016,11.60156,11.95313,0.155029,0.153809,0.118408,0.130615,0.148926,0.177002,0.12207,0.17334,0.155029,0.168457,0.135498
2018-01-19T02:40:00Z,293.20313,297.42188,291.09375,292.85156,287.57813,294.25781,295.66406,293.20313,291.79688,291.79688,292.85156,290.39063,12.24609,9.14063,10.07813,10.42969,10.78125,11.36719,11.83594,11.48438,11.54297,11.30859,11.25,11.48438,11.89453,0.141602,0.163574,0.148926,0.136719,0.123291,0.109863,0.133057,0.125732,0.128174,0.147705,0.117188
2018-01-19T02:50:00Z,290.39063,288.63281,286.17188,290.74219,288.28125,291.09375,292.5,290.39063,287.22656,291.09375,292.5,293.90625,12.1875,9.60938,11.30859,11.60156,11.25,12.30469,12.42188,12.01172,11.77734,12.1875,12.65625,12.77344,11.71875,0.134277,0.136719,0.146484,0.126953,0.098877,0.140381,0.125732,0.137939,0.10376,0.123291,0.159912
2018-01-19T03:00:00Z,285.82031,287.92969,288.28125,288.98438,287.57813,284.41406,291.44531,288.63281,288.28125,287.57813,287.57813,287.92969,12.12891,9.84375,11.42578,11.30859,11.77734,11.25,11.54297,12.01172,11.77734,11.66016,11.66016,11.89453,11.83594,0.134277,0.123291,0.117188,0.146484,0.131836,0.091553,0.128174,0.135498,0.115967,0.112305,0.142822
2018-01-19T03:10:00Z,283.71094,286.17188,281.95313,285.82031,283.71094,280.54688,283.71094,285.46875,285.11719,282.30469,289.33594,284.41406,12.01172,9.60938,11.19141,11.36719,12.24609,11.77734,11.83594,12.1875,12.59766,12.48047,12.48047,12.1875,11.83594,0.161133,0.136719,0.131836,0.134277,0.130615,0.131836,0.109863,0.137939,0.102539,0.098877,0.13916
2018-01-19T03:20:00Z,280.19531,284.41406,283.71094,285.11719,285.82031,285.46875,284.0625,286.52344,285.11719,287.92969,287.22656,292.85156,13.06641,10.54688,12.24609,12.36328,12.53906,12.59766,12.48047,12.59766,12.48047,12.59766,12.12891,12.36328,11.89453,0.152588,0.10376,0.112305,0.125732,0.117188,0.111084,0.133057,0.101318,0.109863,0.123291,0.147705
2018-01-19T03:30:00Z,285.11719,283.35938,286.875,288.63281,284.76563,285.82031,285.46875,293.20313,287.57813,290.03906,284.76563,292.14844,13.35938,9.84375,10.42969,10.3125,10.66406,10.95703,10.83984,11.48438,11.36719,11.01563,10.60547,11.19141,11.25,0.148926,0.159912,0.133057,0.135498,0.163574,0.134277,0.137939,0.159912,0.145264,0.111084,0.128174
2018-01-19T03:40:00Z,281.60156,287.22656,287.92969,283.35938,285.11719,288.28125,286.875,285.46875,289.33594,284.41406,291.79688,291.79688,12.71484,9.78516,11.66016,11.89453,11.95313,12.30469,11.83594,11.83594,12.01172,12.01172,12.1875,11.60156,11.48438,0.10376,0.136719,0.140381,0.134277,0.109863,0.123291,0.141602,0.135498,0.118408,0.141602,0.085449
2018-01-19T03:50:00Z,282.65625,279.84375,285.11719,286.52344,281.95313,290.39063,286.52344,285.11719,283.35938,286.875,289.6875,295.3125,12.42188,10.01953,10.72266,11.25,10.60547,11.48438,11.66016,10.83984,10.66406,11.42578,11.71875,11.66016,10.72266,0.117188,0.136719,0.153809,0.125732,0.130615,0.150146,0.141602,0.12207,0.113525,0.119629,0.130615
2018-01-19T04:00:00Z,286.17188,290.03906,288.98438,290.39063,292.14844,293.55469,292.14844,290.39063,294.96094,294.96094,291.44531,295.3125,11.42578,8.96484,9.55078,9.66797,10.07813,10.42969,10.48828,10.66406,10.89844,10.83984,10.95703,11.25,11.36719,0.162354,0.125732,0.180664,0.167236,0.151367,0.134277,0.19165,0.125732,0.10498,0.164795,0.124512
2018-01-19T04:10:00Z,286.17188,282.30469,286.52344,285.46875,288.63281,288.98438,291.09375,290.39063,287.57813,288.98438,291.44531,293.20313,11.25,8.96484,10.07813,10.42969,9.90234,10.89844,10.72266,10.89844,10.48828,10.72266,11.19141,11.25,10.89844,0.123291,0.106201,0.119629,0.118408,0.140381,0.12085,0.159912,0.141602,0.106201,0.129395,0.123291
2018-01-19T04:20:00Z,287.57813,289.33594,285.82031,287.57813,288.63281,287.22656,285.82031,290.03906,285.11719,291.09375,289.33594,290.03906,11.48438,9.19922,10.83984,10.89844,10.95703,11.25,11.07422,11.66016,11.25,11.54297,11.42578,11.30859,11.01563,0.152588,0.130615,0.115967,0.097656,0.153809,0.130615,0.10498,0.144043,0.142822,0.140381,0.130615
2018-01-19T04:30:00Z,285.82031,289.6875,288.63281,291.79688,288.98438,291.09375,292.85156,294.60938,290.74219,293.90625,293.90625,292.14844,12.07031,9.66797,10.42969,10.95703,10.48828,11.60156,11.19141,10.95703,11.19141,12.07031,11.83594,11.95313,11.71875,0.135498,0.147705,0.141602,0.145264,0.124512,0.126953,0.15625,0.125732,0.111084,0.111084,0.102539
2018-01-19T04:40:00Z,290.03906,290.03906,286.17188,285.82031,286.17188,290.39063,288.28125,287.57813,288.98438,292.85156,290.39063,294.60938,10.66406,8.55469,9.14063,9.14063,9.43359,9.78516,9.90234,9.96094,10.13672,10.19531,10.60547,10.78125,10.89844,0.157471,0.151367,0.128174,0.123291,0.144043,0.164795,0.161133,0.125732,0.123291,0.186768,0.15625
2018-01-19T04:50:00Z,286.17188,290.74219,290.03906,288.98438,286.52344,291.44531,291.79688,291.44531,290.03906,286.52344,290.39063,291.79688,11.77734,8.49609,10.01953,10.3125,10.25391,10.78125,10.72266,10.66406,10.66406,10.83984,11.07422,11.30859,10.89844,0.155029,0.172119,0.146484,0.125732,0.164795,0.136719,0.148926,0.145264,0.128174,0.136719,0.157471
2018-01-19T05:00:00Z,288.98438,293.20313,291.44531,290.39063,290.03906,287.92969,287.57813,287.22656,290.39063,290.39063,286.875,291.09375,10.95703,8.90625,10.19531,10.13672,10.72266,10.60547,10.78125,11.07422,11.13281,11.13281,10.89844,11.36719,11.48438,0.123291,0.151367,0.148926,0.130615,0.141602,0.161133,0.133057,0.12207,0.125732,0.162354,0.124512
2018-01-19T05:10:00Z,285.11719,286.17188,291.09375,288.63281,287.57813,289.6875,289.33594,290.03906,290.74219,287.57813,286.52344,290.39063,11.30859,9.375,10.37109,10.66406,10.72266,10.95703,11.71875,11.36719,11.13281,10.83984,11.66016,12.12891,12.07031,0.150146,0.145264,0.131836,0.123291,0.114746,0.128174,0.124512,0.158691,0.12085,0.141602,0.10498
2018-01-19T05:20:00Z,288.28125,286.52344,286.52344,287.92969,289.6875,287.22656,283.35938,284.0625,290.39063,284.41406,286.52344,284.76563,12.30469,9.66797,11.07422,11.48438,10.60547,11.25,10.95703,11.66016,11.54297,11.48438,11.25,12.12891,11.71875,0.161133,0.125732,0.113525,0.125732,0.125732,0.12085,0.111084,0.131836,0.153809,0.10376,0.124512
2018-01-19T05:30:00Z,284.76563,288.98438,290.03906,284.41406,283.00781,287.92969,286.52344,287.22656,285.82031,284.0625,285.46875,285.82031,12.42188,9.66797,11.54297,11.42578,11.77734,11.71875,11.95313,12.1875,11.71875,11.48438,11.60156,12.42188,12.30469,0.129395,0.123291,0.112305,0.115967,0.146484,0.137939,0.100098,0.126953,0.152588,0.124512,0.141602
2018-01-19T05:40:00Z,287.57813,288.28125,289.6875,286.52344,286.17188,283.35938,281.95313,288.28125,286.875,291.44531,284.0625,290.39063,13.18359,10.42969,12.48047,12.24609,12.65625,12.01172,12.24609,13.06641,13.24219,13.125,13.125,12.89063,12.83203,0.135498,0.148926,0.131836,0.131836,0.153809,0.117188,0.100098,0.126953,0.129395,0.108643,0.095215
2018-01-19T05:50:00Z,287.22656,293.90625,291.09375,287.22656,292.5,291.09375,291.44531,292.85156,291.79688,289.33594,288.63281,290.03906,13.18359,10.78125,12.94922,12.77344,13.00781,12.65625,13.30078,13.59375,13.76953,13.53516,13.76953,13.71094,13.41797,0.157471,0.111084,0.145264,0.130615,0.109863,0.091553,0.115967,0.098877,0.114746,0.126953,0.133057
2018-01-19T06:00:00Z,288.63281,287.22656,287.22656,291.09375,287.92969,292.14844,289.33594,283.35938,287.92969,287.22656,285.82031,285.82031,13.71094,10.25391,11.89453,12.07031,12.07031,12.48047,12.36328,12.12891,12.42188,13.00781,12.71484,12.53906,13.00781,0.141602,0.125732,0.142822,0.118408,0.12207,0.131836,0.136719,0.137939,0.146484,0.123291,0.118408
2018-01-19T06:10:00Z,285.46875,286.17188,285.46875,285.82031,288.98438,286.52344,281.95313,288.63281,282.30469,284.0625,282.65625,284.76563,12.01172,9.84375,11.25,11.77734,11.71875,12.12891,12.1875,12.42188,12.42188,12.30469,12.30469,12.48047,12.48047,0.133057,0.151367,0.130615,0.150146,0.115967,0.144043,0.093994,0.131836,0.144043,0.142822,0.119629
2018-01-19T06:20:00Z,284.0625,286.17188,285.82031,287.22656,285.82031,281.60156,284.76563,290.03906,282.65625,286.875,285.11719,285.11719,13.00781,10.37109,11.89453,12.1875,12.36328,12.71484,13.18359,13.24219,12.71484,13.53516,13.53516,13.41797,12.94922,0.107422,0.124512,0.137939,0.111084,0.115967,0.12085,0.13916,0.109863,0.135498,0.119629,0.107422
2018-01-19T06:30:00Z,284.76563,280.54688,280.89844,284.41406,280.54688,280.19531,282.30469,284.41406,283.35938,285.82031,281.25,286.875,12.65625,10.25391,11.95313,12.12891,12.42188,12.48047,12.65625,13.125,13.47656,13.30078,12.77344,13.00781,13.18359,0.153809,0.118408,0.115967,0.112305,0.125732,0.135498,0.108643,0.112305,0.115967,0.125732,0.117188
2018-01-19T06:40:00Z,281.25,283.35938,281.25,278.08594,278.4375,286.17188,279.84375,283.35938,279.84375,280.19531,282.30469,280.89844,12.36328,9.96094,11.71875,11.66016,11.83594,12.30469,12.48047,12.53906,12.59766,12.77344,12.83203,12.77344,13.24219,0.113525,0.178223,0.167236,0.136719,0.128174,0.113525,0.158691,0.128174,0.141602,0.125732,0.148926
2018-01-19T06:50:00Z,274.92188,270.70313,276.67969,279.14063,276.67969,280.19531,278.08594,277.73438,277.03125,275.97656,275.97656,282.30469,13.41797,10.54688,12.94922,13.53516,13.06641,13.76953,13.76953,13.71094,13.65234,14.0625,14.47266,14.58984,13.88672,0.142822,0.136719,0.117188,0.12085,0.095215,0.128174,0.089111,0.106201,0.111084,0.115967,0.108643
2018-01-19T07:00:00Z,277.03125,277.73438,277.38281,277.03125,275.625,273.51563,276.32813,279.49219,277.03125,279.84375,277.73438,279.84375,13.06641,10.95703,12.94922,12.89063,13.30078,13.24219,13.59375,13.71094,13.88672,13.71094,13.82813,13.65234,13.94531,0.137939,0.13916,0.153809,0.130615,0.123291,0.107422,0.124512,0.126953,0.118408,0.12085,0.119629
2018-01-19T07:10:00Z,274.57031,278.4375,274.21875,274.21875,274.92188,277.73438,277.38281,275.625,280.54688,276.32813,277.73438,277.73438,13.41797,10.89844,13.18359,13.30078,12.94922,13.24219,13.59375,13.65234,14.0625,13.47656,13.88672,13.65234,13.47656,0.146484,0.158691,0.131836,0.114746,0.115967,0.10376,0.090332,0.146484,0.133057,0.10498,0.13916
2018-01-19T07:20:00Z,276.67969,280.19531,281.60156,283.00781,278.4375,283.35938,280.89844,280.89844,281.95313,278.78906,277.73438,281.25,12.77344,10.3125,12.07031,12.07031,12.48047,12.53906,12.89063,13.30078,13.24219,12.77344,12.77344,12.83203,13.47656,0.130615,0.137939,0.12085,0.146484,0.128174,0.109863,0.131836,0.146484,0.133057,0.108643,0.142822
2018-01-19T07:30:00Z,281.95313,284.41406,284.76563,280.89844,283.00781,283.00781,285.11719,285.82031,283.71094,286.875,286.52344,281.95313,12.59766,10.07813,11.89453,11.89453,12.01172,12.07031,12.1875,12.36328,11.89453,12.53906,12.1875,11.95313,12.07031,0.151367,0.144043,0.153809,0.115967,0.125732,0.109863,0.126953,0.118408,0.112305,0.145264,0.146484
2018-01-19T07:40:00Z,283.71094,283.00781,282.30469,286.52344,285.11719,286.875,283.71094,281.60156,282.30469,280.89844,280.19531,285.11719,12.01172,9.60938,10.72266,11.71875,11.13281,12.01172,11.89453,11.48438,12.07031,11.89453,12.1875,12.48047,12.30469,0.125732,0.144043,0.158691,0.136719,0.126953,0.155029,0.128174,0.131836,0.144043,0.131836,0.117188
2018-01-19T07:50:00Z,282.65625,281.60156,281.60156,278.08594,279.49219,281.60156,283.00781,280.54688,284.0625,280.89844,283.71094,285.11719,12.12891,9.19922,11.01563,11.13281,11.36719,11.48438,11.48438,11.42578,11.36719,11.66016,11.83594,11.95313,11.60156,0.098877,0.130615,0.114746,0.134277,0.098877,0.136719,0.146484,0.150146,0.145264,0.136719,0.157471
2018-01-19T08:00:00Z,279.49219,278.78906,283.00781,283.35938,284.76563,284.41406,282.30469,281.25,284.76563,286.52344,280.89844,280.54688,11.71875,9.60938,11.60156,11.42578,11.19141,11.83594,11.54297,11.54297,11.54297,12.07031,11.89453,11.95313,11.83594,0.128174,0.125732,0.151367,0.134277,0.135498,0.145264,0.130615,0.131836,0.135498,0.15625,0.153809
2018-01-19T08:10:00Z,282.65625,286.17188,285.82031,284.41406,283.00781,288.28125,286.52344,285.82031,282.65625,284.76563,285.11719,282.65625,11.71875,9.43359,10.66406,10.89844,10.72266,11.19141,11.13281,11.13281,10.78125,11.48438,11.30859,11.07422,11.13281,0.124512,0.12207,0.134277,0.108643,0.159912,0.141602,0.153809,0.140381,0.126953,0.151367,0.113525
2018-01-19T08:20:00Z,284.0625,282.65625,286.17188,281.25,279.49219,286.875,284.41406,279.84375,280.54688,283.35938,280.54688,281.60156,11.19141,8.90625,10.25391,10.48828,10.37109,11.07422,10.95703,10.72266,10.66406,11.13281,11.07422,11.13281,10.83984,0.151367,0.133057,0.125732,0.10376,0.137939,0.172119,0.130615,0.15625,0.113525,0.108643,0.137939
2018-01-19T08:30:00Z,279.49219,281.25,275.625,279.49219,275.625,279.49219,279.49219,280.19531,276.32813,274.57031,279.14063,278.78906,11.13281,8.67188,9.60938,9.84375,10.01953,10.3125,10.83984,10.13672,10.07813,10.07813,10.78125,10.89844,10.72266,0.142822,0.151367,0.135498,0.161133,0.112305,0.17334,0.12207,0.124512,0.126953,0.115967,0.106201
2018-01-19T08:40:00Z,278.08594,275.97656,278.4375,280.19531,278.08594,279.84375,279.14063,278.08594,278.4375,281.25,278.4375,278.4375,11.48438,8.49609,10.13672,10.25391,9.96094,10.60547,10.48828,10.48828,10.66406,10.72266,10.83984,11.01563,10.89844,0.153809,0.113525,0.140381,0.129395,0.115967,0.131836,0.136719,0.119629,0.137939,0.118408,0.119629
2018-01-19T08:50:00Z,276.67969,276.67969,279.84375,276.32813,279.84375,276.67969,276.32813,272.46094,277.03125,276.32813,274.57031,275.97656,11.07422,8.90625,10.72266,10.54688,10.78125,10.54688,10.54688,10.66406,10.95703,10.83984,10.78125,10.83984,11.01563,0.136719,0.144043,0.125732,0.118408,0.155029,0.167236,0.12207,0.128174,0.130615,0.101318,0.112305
2018-01-19T09:00:00Z,279.49219,277.03125,279.14063,279.49219,279.49219,279.84375,275.97656,278.78906,281.95313,280.54688,275.97656,277.03125,10.37109,8.61328,10.07813,10.19531,10.07813,10.48828,10.19531,10.78125,10.72266,10.78125,10.54688,10.83984,10.72266,0.133057,0.136719,0.137939,0.13916,0.126953,0.145264,0.123291,0.087891,0.145264,0.163574,0.130615
2018-01-19T09:10:00Z,278.78906,279.49219,283.35938,277.38281,280.89844,277.38281,276.67969,276.32813,273.51563,276.32813,276.67969,277.03125,10.60547,8.37891,9.78516,9.90234,10.07813,9.90234,10.07813,10.42969,10.25391,10.54688,10.72266,10.72266,10.66406,0.10376,0.136719,0.136719,0.159912,0.125732,0.100098,0.117188,0.119629,0.12207,0.100098,0.124512
2018-01-19T09:20:00Z,276.67969,274.57031,279.14063,272.8125,278.78906,271.05469,275.97656,274.57031,275.27344,275.97656,273.51563,271.75781,11.19141,8.32031,10.83984,10.60547,10.95703,10.25391,10.83984,11.13281,11.36719,11.30859,11.13281,10.95703,11.01563,0.12207,0.159912,0.135498,0.140381,0.12207,0.115967,0.10376,0.140381,0.095215,0.12085,0.083008
2018-01-19T09:30:00Z,274.92188,273.51563,275.97656,273.16406,272.8125,273.51563,270.70313,275.625,271.40625,273.51563,272.10938,272.8125,10.95703,8.78906,10.25391,10.42969,10.60547,10.72266,10.78125,11.19141,11.13281,11.13281,10.95703,11.13281,11.07422,0.133057,0.118408,0.150146,0.135498,0.141602,0.123291,0.102539,0.112305,0.130615,0.107422,0.085449
2018-01-19T09:40:00Z,271.05469,267.53906,271.05469,272.10938,273.51563,273.16406,267.53906,273.16406,270.0,272.10938,274.57031,274.57031,10.83984,8.32031,10.48828,10.78125,10.37109,10.83984,10.48828,10.72266,10.60547,11.01563,10.95703,11.19141,11.01563,0.146484,0.12085,0.114746,0.10498,0.147705,0.118408,0.102539,0.129395,0.106201,0.090332,0.095215
2018-01-19T09:50:00Z,275.27344,276.67969,277.03125,272.46094,276.67969,273.86719,279.49219,273.86719,276.32813,271.40625,274.57031,273.86719,10.42969,8.14453,10.13672,10.48828,10.60547,10.78125,10.78125,10.48828,10.83984,10.89844,10.83984,10.66406,10.19531,0.151367,0.135498,0.133057,0.119629,0.091553,0.128174,0.109863,0.12207,0.100098,0.093994,0.118408
2018-01-19T10:00:00Z,273.51563,275.97656,272.10938,268.94531,271.40625,274.21875,271.05469,269.29688,270.70313,272.8125,273.16406,270.35156,11.71875,8.26172,10.3125,10.25391,10.72266,10.72266,10.60547,10.95703,11.25,11.13281,11.07422,10.95703,11.01563,0.152588,0.129395,0.129395,0.087891,0.125732,0.12207,0.101318,0.117188,0.123291,0.113525,0.115967
2018-01-19T10:10:00Z,269.29688,272.10938,272.10938,267.53906,273.51563,271.75781,270.35156,270.35156,270.0,270.70313,269.29688,268.24219,11.25,8.37891,9.78516,10.13672,10.37109,10.3125,10.25391,10.42969,10.3125,10.48828,10.48828,10.37109,10.60547,0.129395,0.128174,0.114746,0.134277,0.098877,0.115967,0.098877,0.108643,0.133057,0.100098,0.115967
2018-01-19T10:20:00Z,272.46094,273.51563,268.94531,270.0,272.10938,270.70313,271.75781,273.51563,273.51563,271.40625,269.29688,272.10938,9.96094,7.91016,9.55078,9.78516,10.25391,10.01953,10.42969,10.25391,10.3125,10.19531,9.96094,9.78516,10.3125,0.119629,0.101318,0.125732,0.096436,0.124512,0.117188,0.12207,0.090332,0.106201,0.119629,0.119629
2018-01-19T10:30:00Z,268.59375,271.05469,269.64844,273.86719,270.35156,272.10938,273.51563,274.92188,271.75781,271.40625,271.75781,270.70313,10.54688,7.67578,9.08203,9.43359,9.43359,9.31641,9.72656,9.72656,9.84375,9.66797,10.01953,9.96094,9.96094,0.146484,0.137939,0.133057,0.102539,0.098877,0.133057,0.10376,0.113525,0.109863,0.107422,0.085449
2018-01-19T10:40:00Z,273.16406,274.57031,275.97656,273.51563,277.03125,270.70313,271.75781,269.64844,272.46094,272.8125,270.70313,271.75781,9.55078,7.38281,8.73047,9.14063,9.02344,9.02344,9.19922,9.14063,9.25781,9.19922,9.375,9.25781,9.375,0.153809,0.13916,0.152588,0.140381,0.125732,0.141602,0.129395,0.097656,0.117188,0.109863,0.151367
2018-01-19T10:50:00Z,272.10938,273.16406,270.70313,276.67969,273.16406,273.51563,272.10938,275.27344,275.625,270.70313,273.51563,272.10938,9.60938,6.85547,8.55469,9.31641,9.02344,8.84766,9.19922,9.43359,9.375,9.31641,9.43359,9.66797,9.72656,0.148926,0.148926,0.111084,0.167236,0.12085,0.090332,0.142822,0.161133,0.123291,0.133057,0.136719
2018-01-19T11:00:00Z,271.75781,267.89063,266.48438,267.53906,267.53906,267.53906,269.64844,269.29688,265.42969,266.83594,267.53906,266.48438,9.55078,6.97266,8.49609,8.55469,8.55469,9.02344,9.19922,9.60938,9.02344,9.25781,9.08203,9.60938,9.43359,0.131836,0.097656,0.131836,0.117188,0.111084,0.146484,0.128174,0.095215,0.124512,0.108643,0.137939
2018-01-19T11:10:00Z,267.1875,274.92188,272.46094,275.625,272.46094,268.24219,271.40625,270.70313,271.75781,273.86719,273.86719,271.05469,8.90625,7.20703,8.55469,8.49609,8.78906,8.78906,8.96484,8.96484,9.31641,9.25781,8.84766,8.84766,9.08203,0.129395,0.141602,0.136719,0.10376,0.095215,0.145264,0.119629,0.117188,0.12085,0.151367,0.111084
2018-01-19T11:20:00Z,270.70313,271.05469,273.16406,271.05469,267.53906,270.70313,270.0,269.29688,274.92188,272.8125,269.64844,275.27344,9.02344,7.03125,9.08203,8.96484,9.19922,9.08203,9.08203,9.08203,9.31641,9.19922,9.08203,9.49219,9.43359,0.12085,0.152588,0.119629,0.10376,0.128174,0.080566,0.111084,0.108643,0.117188,0.117188,0.109863
2018-01-19T11:30:00Z,267.89063,265.42969,265.07813,268.24219,268.24219,268.94531,271.05469,272.8125,270.35156,271.40625,270.35156,269.29688,9.43359,7.61719,9.14063,9.31641,9.08203,9.49219,9.60938,9.49219,9.49219,9.55078,9.49219,9.78516,9.375,0.087891,0.102539,0.10376,0.146484,0.130615,0.118408,0.115967,0.117188,0.098877,0.113525,0.10376
2018-01-19T11:40:00Z,261.91406,265.07813,262.96875,266.13281,264.02344,264.02344,263.32031,261.91406,266.83594,263.32031,264.375,263.32031,10.54688,7.73438,9.02344,9.08203,9.25781,9.43359,9.72656,9.66797,9.66797,9.78516,9.43359,9.66797,9.66797,0.115967,0.115967,0.144043,0.113525,0.117188,0.125732,0.108643,0.114746,0.126953,0.12207,0.144043
2018-01-19T11:50:00Z,266.83594,272.46094,273.86719,269.64844,270.0,266.83594,268.59375,271.05469,267.53906,270.0,267.53906,267.1875,9.90234,7.73438,9.60938,9.43359,9.72656,9.60938,9.96094,10.19531,10.01953,10.01953,9.96094,10.19531,10.48828,0.12085,0.12085,0.140381,0.12207,0.081787,0.124512,0.144043,0.133057,0.114746,0.129395,0.12207
2018-01-19T12:00:00Z,268.59375,268.94531,268.24219,267.89063,265.78125,267.89063,266.13281,267.1875,264.72656,260.85938,265.78125,264.72656,9.31641,7.14844,8.61328,8.67188,8.73047,9.08203,9.375,9.25781,9.49219,9.43359,9.84375,9.66797,9.66797,0.150146,0.131836,0.100098,0.119629,0.129395,0.135498,0.115967,0.137939,0.124512,0.100098,0.106201
2018-01-19T12:10:00Z,262.26563,264.375,262.61719,262.26563,260.15625,264.72656,263.67188,265.42969,263.32031,265.07813,265.42969,262.96875,10.13672,7.5,9.78516,10.01953,9.96094,10.07813,10.13672,10.07813,9.96094,9.90234,10.3125,10.07813,9.90234,0.130615,0.128174,0.140381,0.145264,0.10498,0.109863,0.137939,0.136719,0.117188,0.117188,0.111084
2018-01-19T12:20:00Z,264.375,266.13281,265.78125,270.35156,268.94531,268.24219,266.13281,266.13281,267.89063,267.53906,263.67188,266.83594,10.01953,7.91016,9.43359,9.96094,9.55078,9.96094,9.84375,10.07813,10.3125,10.3125,10.01953,10.3125,10.19531,0.144043,0.10376,0.117188,0.125732,0.108643,0.124512,0.107422,0.129395,0.115967,0.128174,0.150146
2018-01-19T12:30:00Z,265.07813,264.02344,266.13281,261.5625,261.5625,265.42969,263.32031,263.67188,268.59375,265.78125,265.42969,265.42969,9.96094,7.85156,9.60938,9.375,9.60938,9.43359,9.66797,9.78516,10.01953,10.01953,9.72656,9.78516,9.72656,0.141602,0.123291,0.109863,0.12085,0.134277,0.114746,0.123291,0.141602,0.115967,0.129395,0.142822
2018-01-19T12:40:00Z,268.94531,267.89063,269.64844,266.83594,265.78125,267.53906,264.72656,270.35156,268.59375,269.29688,269.64844,267.89063,9.96094,7.14844,8.49609,8.4375,8.78906,8.67188,9.02344,9.08203,9.31641,9.19922,9.49219,9.375,9.66797,0.170898,0.15625,0.109863,0.163574,0.15625,0.131836,0.137939,0.129395,0.123291,0.148926,0.131836
2018-01-19T12:50:00Z,266.48438,263.32031,261.21094,259.45313,264.02344,259.10156,262.61719,262.61719,261.21094,259.45313,261.5625,261.91406,9.60938,7.5,8.96484,9.14063,9.31641,9.375,9.72656,10.07813,10.13672,9.84375,9.90234,10.25391,10.25391,0.142822,0.133057,0.155029,0.142822,0.134277,0.102539,0.115967,0.12207,0.136719,0.134277,0.083008
2018-01-19T13:00:00Z,260.85938,259.10156,261.91406,262.26563,262.26563,261.5625,259.10156,256.28906,258.75,261.21094,261.21094,261.5625,9.66797,7.55859,9.02344,9.49219,9.02344,9.375,9.43359,9.375,9.90234,9.84375,10.25391,10.19531,10.19531,0.145264,0.128174,0.167236,0.13916,0.159912,0.135498,0.169678,0.12207,0.095215,0.108643,0.101318
2018-01-19T13:10:00Z,258.04688,255.58594,255.58594,255.58594,256.28906,255.9375,257.69531,258.04688,259.10156,256.99219,256.28906,256.64063,10.25391,8.08594,9.66797,9.90234,9.60938,10.13672,10.42969,10.48828,10.42969,10.48828,10.60547,10.72266,11.07422,0.136719,0.134277,0.140381,0.144043,0.177002,0.096436,0.153809,0.128174,0.124512,0.155029,0.12085
2018-01-19T13:20:00Z,256.99219,256.28906,255.58594,255.9375,257.69531,257.69531,259.45313,258.04688,255.23438,257.34375,259.45313,257.34375,10.07813,8.14453,9.78516,10.19531,9.84375,10.25391,10.37109,10.60547,10.37109,10.54688,10.89844,10.72266,10.54688,0.146484,0.166016,0.151367,0.145264,0.134277,0.093994,0.158691,0.125732,0.112305,0.145264,0.140381
2018-01-19T13:30:00Z,254.88281,256.99219,253.47656,254.88281,255.58594,255.23438,249.25781,254.53125,256.99219,254.53125,255.58594,256.99219,11.07422,8.49609,10.19531,10.48828,10.37109,10.89844,10.54688,11.19141,11.48438,11.48438,11.36719,11.42578,11.36719,0.131836,0.123291,0.12085,0.131836,0.163574,0.090332,0.095215,0.12085,0.098877,0.147705,0.125732
2018-01-19T13:40:00Z,253.47656,253.47656,254.88281,251.36719,250.66406,253.47656,260.15625,257.69531,255.23438,253.82813,257.69531,254.88281,11.25,8.96484,10.42969,10.54688,10.83984,11.19141,11.48438,11.42578,11.42578,11.48438,11.71875,11.48438,11.07422,0.119629,0.153809,0.162354,0.166016,0.140381,0.118408,0.128174,0.130615,0.162354,0.131836,0.137939
2018-01-19T13:50:00Z,256.64063,258.75,259.80469,256.28906,257.34375,256.64063,256.28906,257.69531,258.04688,256.64063,255.58594,257.69531,12.07031,9.72656,11.71875,11.83594,11.77734,12.12891,12.07031,12.24609,12.1875,12.36328,12.07031,12.30469,12.12891,0.141602,0.129395,0.159912,0.141602,0.128174,0.126953,0.161133,0.135498,0.109863,0.155029,0.112305
2018-01-19T14:00:00Z,256.64063,262.26563,256.28906,256.64063,256.99219,257.34375,258.04688,255.9375,260.50781,255.23438,259.10156,256.28906,11.89453,9.60938,11.13281,11.25,12.07031,11.66016,12.30469,12.1875,12.48047,12.42188,11.95313,11.77734,12.30469,0.13916,0.126953,0.169678,0.144043,0.150146,0.141602,0.113525,0.095215,0.150146,0.147705,0.125732
2018-01-19T14:10:00Z,256.28906,260.15625,255.58594,260.50781,261.5625,259.45313,259.10156,260.50781,260.15625,262.61719,259.10156,261.21094,11.71875,9.49219,10.83984,11.13281,11.36719,11.48438,11.60156,11.48438,11.89453,12.24609,12.07031,11.95313,12.07031,0.141602,0.155029,0.196533,0.114746,0.161133,0.158691,0.15625,0.169678,0.131836,0.114746,0.150146
2018-01-19T14:20:00Z,260.85938,258.39844,260.15625,259.45313,259.45313,261.5625,261.5625,259.10156,261.91406,261.5625,263.67188,259.10156,11.60156,9.43359,11.07422,11.71875,10.95703,11.95313,11.71875,11.60156,11.77734,11.77734,12.24609,12.30469,11.89453,0.142822,0.135498,0.129395,0.102539,0.126953,0.126953,0.107422,0.109863,0.130615,0.123291,0.130615
2018-01-19T14:30:00Z,258.04688,256.99219,260.85938,260.15625,264.375,257.69531,261.91406,259.80469,258.04688,265.07813,259.10156,259.80469,11.89453,9.72656,11.25,11.19141,11.01563,10.89844,11.25,11.42578,11.95313,12.01172,11.95313,11.71875,11.66016,0.147705,0.113525,0.133057,0.137939,0.161133,0.135498,0.118408,0.133057,0.128174,0.119629,0.12207
2018-01-19T14:40:00Z,261.21094,266.48438,268.24219,269.64844,264.375,262.61719,262.26563,264.375,262.26563,259.10156,266.13281,261.21094,11.36719,8.96484,11.01563,10.83984,11.07422,10.89844,11.48438,11.36719,11.60156,11.30859,11.42578,11.54297,11.60156,0.107422,0.137939,0.126953,0.136719,0.092773,0.128174,0.134277,0.133057,0.142822,0.136719,0.12085
2018-01-19T14:50:00Z,265.42969,267.1875,267.53906,265.07813,264.72656,265.78125,266.48438,264.02344,263.67188,260.15625,268.24219,265.07813,11.36719,9.43359,10.78125,10.95703,11.13281,11.19141,11.36719,11.48438,11.19141,11.36719,12.07031,11.95313,11.13281,0.125732,0.17334,0.126953,0.112305,0.131836,0.106201,0.093994,0.115967,0.108643,0.096436,0.140381
2018-01-19T15:00:00Z,264.72656,263.67188,264.375,261.5625,264.375,263.67188,264.02344,262.26563,264.375,263.32031,264.375,264.72656,10.78125,9.08203,10.83984,11.30859,10.60547,10.78125,11.13281,11.19141,10.83984,11.19141,11.13281,11.07422,10.66406,0.108643,0.109863,0.108643,0.142822,0.107422,0.096436,0.115967,0.106201,0.097656,0.137939,0.134277
2018-01-19T15:10:00Z,259.80469,261.91406,262.26563,258.39844,262.26563,260.15625,259.45313,258.75,260.50781,259.45313,261.91406,261.21094,11.48438,9.25781,11.13281,11.19141,11.48438,10.95703,11.07422,11.07422,11.30859,11.30859,11.25,11.19141,11.13281,0.109863,0.123291,0.106201,0.093994,0.119629,0.109863,0.111084,0.109863,0.128174,0.115967,0.114746
2018-01-19T15:20:00Z,262.26563,261.91406,262.61719,260.15625,262.96875,262.26563,262.61719,260.15625,264.72656,266.48438,261.91406,261.21094,10.66406,8.90625,10.13672,10.25391,10.19531,10.37109,10.42969,10.37109,10.66406,10.95703,10.66406,10.42969,10.72266,0.10498,0.084229,0.117188,0.091553,0.091553,0.092773,0.100098,0.098877,0.080566,0.124512,0.108643
2018-01-19T15:30:00Z,260.50781,265.78125,264.02344,260.85938,267.1875,262.96875,266.13281,266.13281,266.13281,265.42969,267.1875,266.48438,10.89844,8.55469,9.96094,10.3125,10.25391,10.60547,10.83984,11.01563,10.83984,10.89844,11.01563,11.30859,11.25,0.128174,0.144043,0.13916,0.148926,0.115967,0.124512,0.123291,0.135498,0.151367,0.097656,0.12207
2018-01-19T15:40:00Z,263.32031,262.26563,261.5625,259.10156,263.32031,260.50781,259.80469,266.13281,264.375,262.61719,263.67188,265.78125,10.83984,8.78906,10.13672,10.3125,10.13672,10.19531,10.37109,10.83984,11.01563,10.60547,10.95703,10.78125,10.78125,0.112305,0.093994,0.089111,0.095215,0.090332,0.092773,0.097656,0.115967,0.107422,0.100098,0.098877
2018-01-19T15:50:00Z,260.15625,264.375,260.50781,256.99219,262.26563,262.61719,261.91406,261.21094,259.80469,261.91406,265.42969,265.07813,10.60547,8.67188,9.84375,10.25391,10.13672,10.37109,10.25391,9.84375,10.19531,10.54688,10.66406,10.54688,10.42969,0.126953,0.125732,0.155029,0.142822,0.113525,0.123291,0.113525,0.119629,0.087891,0.109863,0.112305
2018-01-19T16:00:00Z,260.50781,261.5625,259.80469,264.02344,260.50781,259.45313,263.32031,259.45313,261.5625,259.80469,261.91406,266.13281,11.30859,9.08203,10.54688,11.19141,10.95703,10.95703,11.30859,11.36719,11.01563,11.30859,11.54297,11.71875,11.36719,0.108643,0.108643,0.093994,0.114746,0.106201,0.089111,0.092773,0.10376,0.080566,0.08667,0.135498
2018-01-19T16:10:00Z,259.10156,260.15625,261.21094,263.32031,264.02344,264.375,265.42969,259.10156,261.21094,262.96875,264.375,261.21094,11.60156,9.60938,10.66406,10.89844,10.72266,11.36719,11.19141,11.01563,11.13281,11.48438,11.36719,11.30859,11.19141,0.148926,0.091553,0.113525,0.106201,0.119629,0.10376,0.107422,0.107422,0.096436,0.117188,0.111084
2018-01-19T16:20:00Z,262.26563,260.50781,259.45313,260.50781,258.75,260.50781,262.26563,257.69531,261.91406,261.91406,262.26563,260.50781,11.77734,8.90625,10.78125,10.95703,10.89844,11.19141,11.30859,11.07422,11.13281,11.42578,11.25,11.07422,10.95703,0.109863,0.134277,0.118408,0.119629,0.126953,0.106201,0.112305,0.100098,0.10376,0.123291,0.136719
2018-01-19T16:30:00Z,256.28906,254.88281,256.28906,256.28906,257.69531,254.88281,256.64063,260.15625,257.69531,261.5625,258.04688,258.39844,12.07031,9.49219,10.54688,10.78125,10.78125,10.95703,10.89844,11.25,11.25,10.95703,11.07422,11.30859,11.60156,0.126953,0.107422,0.095215,0.093994,0.119629,0.084229,0.112305,0.109863,0.08667,0.10376,0.093994
2018-01-19T16:40:00Z,257.34375,261.21094,258.39844,261.5625,263.67188,263.67188,260.50781,265.78125,261.91406,262.61719,263.67188,259.45313,10.89844,8.78906,9.72656,10.13672,9.90234,10.13672,10.19531,10.07813,10.37109,10.01953,10.3125,10.3125,10.07813,0.109863,0.146484,0.129395,0.119629,0.117188,0.083008,0.108643,0.12085,0.12207,0.111084,0.114746
2018-01-19T16:50:00Z,258.04688,258.75,258.04688,258.39844,259.45313,259.45313,261.91406,259.10156,261.5625,261.21094,259.45313,262.96875,10.3125,8.26172,9.55078,9.49219,9.78516,9.78516,10.01953,9.84375,10.13672,9.96094,10.48828,10.60547,10.13672,0.119629,0.141602,0.136719,0.112305,0.100098,0.147705,0.151367,0.117188,0.150146,0.130615,0.118408
2018-01-19T17:00:00Z,261.5625,264.375,265.42969,267.53906,264.72656,267.89063,265.78125,264.72656,265.42969,265.07813,268.59375,262.61719,11.54297,8.67188,10.01953,10.54688,10.37109,10.72266,10.83984,10.37109,10.66406,11.07422,11.07422,10.95703,10.72266,0.125732,0.12207,0.136719,0.134277,0.119629,0.126953,0.141602,0.123291,0.140381,0.112305,0.131836
2018-01-19T17:10:00Z,265.07813,265.07813,268.59375,269.29688,266.13281,270.35156,268.59375,263.67188,269.29688,266.48438,268.24219,269.64844,11.07422,9.02344,10.3125,10.54688,10.54688,10.72266,10.95703,10.83984,11.25,11.48438,11.30859,11.42578,11.77734,0.100098,0.13916,0.080566,0.125732,0.10376,0.115967,0.089111,0.115967,0.109863,0.125732,0.126953
2018-01-19T17:20:00Z,267.89063,267.53906,267.1875,271.05469,268.24219,270.70313,268.94531,271.40625,270.70313,271.75781,267.89063,268.24219,11.07422,9.14063,10.60547,11.01563,11.01563,10.89844,11.30859,11.30859,11.01563,11.25,11.07422,11.54297,11.77734,0.13916,0.12085,0.12207,0.10376,0.12085,0.136719,0.136719,0.147705,0.107422,0.123291,0.142822
2018-01-19T17:30:00Z,271.40625,270.35156,269.64844,270.35156,274.92188,271.05469,269.64844,266.13281,274.92188,274.21875,271.40625,268.94531,10.83984,8.73047,10.72266,10.72266,10.54688,10.89844,10.66406,10.54688,10.78125,11.54297,10.89844,10.95703,10.66406,0.135498,0.134277,0.133057,0.124512,0.130615,0.128174,0.128174,0.128174,0.124512,0.146484,0.128174
2018-01-19T17:40:00Z,263.32031,267.1875,268.94531,268.24219,270.35156,271.40625,264.02344,274.21875,266.83594,269.29688,269.64844,271.40625,11.30859,9.08203,10.19531,10.54688,10.19531,10.89844,10.89844,10.72266,10.95703,10.78125,11.42578,11.01563,11.19141,0.148926,0.162354,0.123291,0.124512,0.096436,0.151367,0.114746,0.133057,0.148926,0.111084,0.137939
2018-01-19T17:50:00Z,269.64844,267.53906,266.83594,267.53906,268.59375,271.05469,268.94531,267.1875,270.0,266.13281,268.94531,268.94531,10.13672,8.02734,9.19922,9.66797,9.55078,9.49219,9.49219,9.49219,10.01953,10.07813,9.90234,10.13672,10.25391,0.133057,0.167236,0.087891,0.150146,0.150146,0.128174,0.113525,0.131836,0.13916,0.10376,0.107422
2018-01-19T18:00:00Z,265.07813,268.94531,266.13281,266.48438,267.53906,267.1875,268.24219,267.53906,265.78125,266.48438,268.94531,268.59375,12.48047,8.90625,11.36719,11.30859,11.48438,11.48438,12.07031,11.89453,11.77734,12.30469,12.24609,11.95313,12.01172,0.13916,0.135498,0.13916,0.166016,0.150146,0.126953,0.12085,0.126953,0.131836,0.159912,0.109863
2018-01-19T18:10:00Z,272.8125,272.46094,271.40625,271.05469,277.03125,270.0,275.625,272.46094,273.86719,269.64844,268.94531,268.24219,12.53906,9.72656,11.42578,11.89453,11.89453,11.77734,12.01172,12.07031,11.77734,11.83594,11.83594,12.42188,12.59766,0.142822,0.166016,0.136719,0.142822,0.140381,0.146484,0.164795,0.137939,0.128174,0.12207,0.119629
2018-01-19T18:20:00Z,269.64844,270.70313,273.16406,273.51563,274.92188,276.32813,274.21875,270.0,268.59375,272.8125,272.10938,271.05469,12.65625,10.07813,11.95313,12.24609,11.89453,12.71484,12.42188,12.42188,12.48047,13.41797,13.47656,12.89063,12.48047,0.153809,0.166016,0.118408,0.108643,0.159912,0.130615,0.134277,0.10376,0.118408,0.128174,0.13916
2018-01-19T18:30:00Z,271.05469,267.89063,271.05469,265.42969,269.64844,269.29688,266.48438,270.70313,265.42969,271.40625,270.35156,271.75781,12.30469,9.96094,11.95313,11.95313,11.66016,12.24609,11.71875,12.24609,12.59766,13.24219,12.83203,12.71484,12.48047,0.13916,0.148926,0.148926,0.158691,0.15625,0.133057,0.119629,0.111084,0.126953,0.129395,0.107422
2018-01-19T18:40:00Z,265.78125,268.94531,268.59375,266.48438,265.78125,268.59375,270.70313,268.24219,272.10938,270.35156,270.70313,269.64844,12.77344,9.84375,12.01172,12.07031,12.24609,12.1875,12.83203,12.42188,12.12891,12.30469,12.65625,12.77344,12.48047,0.140381,0.126953,0.140381,0.159912,0.118408,0.124512,0.152588,0.151367,0.135498,0.133057,0.142822
2018-01-19T18:50:00Z,273.86719,278.4375,275.625,275.97656,279.49219,274.21875,277.38281,274.57031,278.4375,274.57031,281.25,278.08594,12.36328,9.66797,11.48438,11.71875,11.77734,11.95313,11.95313,11.89453,12.30469,12.59766,12.83203,12.59766,12.77344,0.13916,0.135498,0.144043,0.124512,0.130615,0.117188,0.124512,0.144043,0.12207,0.125732,0.142822
2018-01-19T19:00:00Z,270.0,265.07813,268.24219,266.48438,267.89063,268.94531,270.35156,268.59375,271.05469,267.89063,268.59375,269.64844,12.59766,9.90234,11.42578,12.01172,11.60156,12.36328,12.77344,12.59766,12.59766,12.53906,12.89063,12.77344,13.00781,0.135498,0.117188,0.131836,0.096436,0.12207,0.150146,0.12207,0.140381,0.119629,0.130615,0.15625
2018-01-19T19:10:00Z,265.07813,270.0,270.0,269.64844,265.42969,268.94531,273.16406,269.29688,271.05469,271.05469,275.97656,271.05469,12.59766,9.60938,12.01172,12.36328,12.48047,12.53906,13.41797,12.65625,13.24219,13.59375,13.94531,13.24219,13.41797,0.146484,0.098877,0.148926,0.100098,0.151367,0.170898,0.183105,0.15625,0.152588,0.102539,0.097656
2018-01-19T19:20:00Z,269.64844,269.64844,272.8125,274.57031,271.05469,271.40625,273.16406,272.8125,272.8125,275.625,273.51563,275.27344,12.71484,10.01953,12.12891,12.36328,12.1875,12.59766,12.94922,13.35938,13.18359,13.41797,13.41797,12.94922,13.06641,0.155029,0.155029,0.135498,0.136719,0.133057,0.136719,0.151367,0.12207,0.133057,0.12207,0.141602
2018-01-19T19:30:00Z,271.05469,274.57031,270.70313,272.46094,273.51563,272.8125,273.86719,275.97656,270.0,272.10938,280.89844,277.38281,12.77344,10.07813,12.1875,12.53906,12.36328,13.06641,12.83203,12.48047,12.1875,12.59766,13.24219,13.00781,12.42188,0.164795,0.133057,0.134277,0.12207,0.174561,0.126953,0.155029,0.133057,0.150146,0.102539,0.141602
2018-01-19T19:40:00Z,272.46094,275.27344,273.51563,272.46094,275.625,274.21875,271.05469,275.97656,274.21875,273.51563,271.75781,274.21875,12.30469,9.19922,10.78125,11.19141,11.25,11.60156,11.30859,11.95313,11.54297,11.77734,11.83594,11.77734,12.30469,0.178223,0.151367,0.181885,0.109863,0.166016,0.123291,0.128174,0.109863,0.108643,0.151367,0.115967
2018-01-19T19:50:00Z,270.35156,270.35156,270.70313,268.24219,272.8125,266.48438,271.75781,272.10938,271.05469,271.40625,273.86719,270.35156,11.42578,9.25781,11.36719,11.36719,11.36719,11.25,11.42578,11.83594,11.77734,11.66016,11.54297,11.42578,11.54297,0.12085,0.126953,0.144043,0.157471,0.128174,0.135498,0.15625,0.130615,0.100098,0.113525,0.145264
2018-01-19T20:00:00Z,268.94531,268.24219,272.46094,270.70313,272.46094,269.29688,272.46094,270.70313,273.16406,271.05469,270.70313,272.46094,10.83984,8.73047,9.84375,10.3125,9.78516,10.42969,10.37109,10.42969,10.89844,10.72266,10.78125,11.42578,11.30859,0.166016,0.142822,0.12085,0.151367,0.15625,0.097656,0.119629,0.125732,0.136719,0.109863,0.107422
2018-01-19T20:10:00Z,271.05469,273.51563,273.51563,280.19531,273.16406,274.57031,273.51563,271.75781,278.08594,274.57031,274.92188,274.92188,11.25,8.61328,10.78125,11.13281,10.95703,11.54297,11.83594,12.30469,12.36328,12.42188,12.42188,12.59766,12.1875,0.172119,0.144043,0.158691,0.158691,0.174561,0.155029,0.164795,0.131836,0.189209,0.184326,0.147705
2018-01-19T20:20:00Z,278.4375,283.00781,283.35938,284.76563,281.95313,286.52344,283.35938,286.52344,284.41406,287.57813,277.73438,280.89844,13.59375,10.54688,13.30078,13.65234,13.24219,13.94531,13.94531,14.00391,14.23828,14.12109,13.30078,13.18359,13.30078,0.168457,0.168457,0.136719,0.13916,0.168457,0.162354,0.175781,0.145264,0.195313,0.19043,0.212402
2018-01-19T20:30:00Z,295.3125,297.77344,297.77344,301.64063,299.53125,296.71875,293.55469,296.36719,294.96094,293.90625,292.5,288.28125,15.76172,11.36719,12.24609,12.36328,11.95313,12.36328,12.36328,12.42188,12.65625,13.00781,12.77344,12.65625,12.71484,0.19165,0.206299,0.20874,0.161133,0.19043,0.216064,0.214844,0.134277,0.133057,0.145264,0.174561
2018-01-19T20:40:00Z,304.45313,298.82813,293.90625,297.77344,295.3125,291.09375,279.84375,277.73438,277.73438,275.97656,273.86719,269.29688,12.89063,7.20703,6.73828,7.08984,6.91406,7.38281,7.79297,8.32031,9.14063,9.49219,9.55078,9.55078,10.13672,0.181885,0.155029,0.164795,0.166016,0.164795,0.184326,0.163574,0.153809,0.166016,0.177002,0.19165
2018-01-19T20:50:00Z,287.57813,281.25,279.49219,278.4375,275.625,273.51563,272.10938,274.21875,268.94531,271.40625,270.0,263.32031,6.79688,4.92188,5.27344,5.21484,5.56641,5.80078,5.97656,6.79688,7.08984,7.67578,7.61719,7.79297,7.67578,0.15625,0.178223,0.168457,0.184326,0.144043,0.144043,0.159912,0.155029,0.147705,0.200195,0.152588
2018-01-19T21:00:00Z,276.67969,272.46094,266.48438,270.70313,267.1875,265.42969,261.91406,266.13281,259.45313,258.04688,259.10156,257.34375,6.03516,4.74609,5.21484,5.56641,5.50781,5.80078,5.97656,6.5625,6.5625,6.73828,7.20703,7.38281,8.14453,0.184326,0.12085,0.112305,0.113525,0.141602,0.146484,0.141602,0.123291,0.150146,0.145264,0.118408
2018-01-19T21:10:00Z,260.15625,253.82813,250.3125,252.07031,252.42188,251.36719,249.60938,252.77344,252.07031,251.01563,253.125,253.47656,5.97656,4.45313,5.33203,5.625,5.625,5.97656,6.09375,6.73828,6.91406,7.26563,7.32422,7.61719,8.20313,0.125732,0.168457,0.136719,0.172119,0.148926,0.163574,0.145264,0.17334,0.10498,0.15625,0.152588
2018-01-19T21:20:00Z,248.55469,254.88281,254.88281,252.07031,254.88281,256.28906,257.69531,257.34375,255.9375,258.04688,265.07813,266.83594,7.96875,5.21484,7.14844,7.5,7.61719,7.73438,8.02734,8.14453,8.61328,9.25781,9.78516,10.37109,11.30859,0.214844,0.20874,0.230713,0.224609,0.195313,0.183105,0.183105,0.201416,0.20874,0.20874,0.196533
2018-01-19T21:30:00Z,260.85938,268.94531,266.83594,271.05469,267.89063,271.40625,272.10938,270.70313,268.94531,272.46094,271.40625,273.16406,13.41797,8.14453,11.95313,12.42188,12.77344,13.59375,14.35547,14.12109,13.71094,14.00391,14.53125,15.17578,15.46875,0.209961,0.230713,0.205078,0.201416,0.212402,0.175781,0.164795,0.162354,0.136719,0.101318,0.13916
2018-01-19T21:40:00Z,275.97656,273.51563,273.51563,275.97656,276.67969,274.92188,274.21875,275.625,275.27344,273.86719,270.35156,273.86719,14.41406,10.89844,13.00781,13.53516,13.47656,13.47656,14.12109,14.12109,14.23828,14.58984,14.47266,14.64844,14.88281,0.158691,0.141602,0.15625,0.155029,0.134277,0.114746,0.129395,0.12207,0.124512,0.126953,0.124512
2018-01-19T21:50:00Z,280.19531,281.60156,278.08594,280.89844,279.14063,279.84375,283.35938,279.84375,279.84375,278.78906,279.84375,279.14063,13.65234,10.42969,12.71484,13.06641,13.24219,13.82813,14.64844,14.94141,14.76563,14.53125,14.88281,15.41016,15.58594,0.145264,0.115967,0.153809,0.131836,0.131836,0.098877,0.119629,0.107422,0.097656,0.118408,0.10376
2018-01-19T22:00:00Z,280.54688,277.38281,279.84375,283.00781,279.84375,280.54688,278.78906,283.00781,284.41406,280.54688,280.19531,281.60156,13.24219,10.37109,12.24609,12.83203,12.36328,13.00781,13.53516,13.88672,13.82813,13.35938,13.35938,13.88672,13.88672,0.147705,0.140381,0.117188,0.150146,0.128174,0.10376,0.123291,0.109863,0.12207,0.101318,0.118408
2018-01-19T22:10:00Z,280.19531,276.32813,277.38281,276.32813,275.625,278.78906,277.38281,278.08594,273.51563,277.73438,277.03125,272.46094,11.83594,9.14063,11.30859,11.83594,11.48438,12.36328,12.71484,12.83203,12.65625,12.89063,13.24219,13.24219,13.41797,0.148926,0.097656,0.152588,0.090332,0.125732,0.087891,0.126953,0.130615,0.085449,0.124512,0.107422
2018-01-19T22:20:00Z,278.4375,282.65625,279.84375,283.00781,279.49219,281.25,277.73438,277.38281,275.27344,280.19531,280.54688,278.4375,11.89453,9.19922,11.66016,12.07031,12.48047,12.53906,12.53906,12.59766,13.00781,13.47656,13.30078,13.125,13.30078,0.131836,0.124512,0.106201,0.112305,0.124512,0.136719,0.146484,0.124512,0.126953,0.095215,0.123291
2018-01-19T22:30:00Z,280.19531,276.32813,279.14063,277.73438,277.73438,278.08594,280.54688,282.65625,279.49219,276.32813,278.08594,281.25,11.77734,9.375,11.71875,12.01172,11.77734,12.42188,12.89063,12.59766,12.65625,12.53906,12.83203,13.18359,13.30078,0.12085,0.133057,0.101318,0.133057,0.097656,0.108643,0.118408,0.144043,0.112305,0.10498,0.098877
2018-01-19T22:40:00Z,275.97656,278.08594,277.03125,277.38281,272.8125,274.92188,277.03125,275.27344,276.67969,273.16406,276.32813,274.92188,12.71484,9.49219,12.07031,12.48047,12.53906,12.89063,13.30078,13.47656,13.59375,13.35938,13.76953,13.53516,13.65234,0.159912,0.118408,0.13916,0.119629,0.137939,0.087891,0.118408,0.125732,0.131836,0.109863,0.102539
2018-01-19T22:50:00Z,277.38281,279.84375,281.60156,276.32813,277.73438,272.46094,275.97656,276.67969,275.625,273.51563,275.625,275.97656,12.01172,9.84375,13.06641,13.18359,13.35938,13.35938,13.65234,13.88672,13.94531,13.59375,13.82813,13.59375,13.35938,0.112305,0.081787,0.089111,0.095215,0.117188,0.100098,0.114746,0.142822,0.092773,0.128174,0.125732
2018-01-19T23:00:00Z,276.67969,278.4375,275.27344,280.89844,275.97656,277.73438,279.14063,275.97656,275.625,275.97656,277.38281,277.03125,12.89063,9.60938,11.89453,12.30469,12.24609,13.30078,13.71094,13.65234,13.53516,13.41797,13.94531,14.12109,13.88672,0.135498,0.128174,0.124512,0.118408,0.109863,0.10498,0.10498,0.106201,0.106201,0.089111,0.106201
2018-01-19T23:10:00Z,275.27344,278.4375,278.4375,276.67969,276.67969,279.84375,279.84375,276.32813,276.32813,275.625,275.27344,272.8125,12.36328,9.72656,12.42188,12.48047,12.77344,12.94922,13.125,13.125,13.06641,13.06641,13.18359,13.00781,12.94922,0.112305,0.100098,0.125732,0.10376,0.10376,0.130615,0.126953,0.106201,0.112305,0.102539,0.101318
2018-01-19T23:20:00Z,275.97656,274.21875,276.32813,276.32813,276.67969,276.67969,276.32813,275.97656,277.38281,274.21875,274.57031,275.97656,12.01172,9.49219,11.71875,12.12891,12.12891,12.1875,12.48047,12.83203,12.53906,12.77344,12.71484,13.06641,13.18359,0.136719,0.129395,0.08667,0.111084,0.123291,0.123291,0.119629,0.115967,0.12085,0.100098,0.109863
2018-01-19T23:30:00Z,274.92188,272.8125,274.57031,273.51563,273.51563,273.86719,280.19531,280.54688,275.27344,275.97656,277.03125,275.625,12.71484,9.60938,12.07031,12.48047,12.30469,12.89063,13.125,12.94922,12.42188,12.59766,13.00781,13.125,12.89063,0.142822,0.134277,0.136719,0.112305,0.114746,0.133057,0.13916,0.106201,0.135498,0.133057,0.107422
2018-01-19T23:40:00Z,274.21875,273.16406,276.32813,273.86719,274.57031,278.08594,273.86719,274.92188,278.08594,279.49219,275.97656,272.8125,11.71875,9.08203,11.19141,11.13281,11.60156,11.71875,11.77734,12.01172,12.30469,12.59766,12.07031,12.1875,12.42188,0.172119,0.170898,0.187988,0.115967,0.128174,0.130615,0.131836,0.124512,0.102539,0.113525,0.119629
2018-01-19T23:50:00Z,278.08594,278.4375,275.97656,275.27344,275.625,275.27344,274.92188,275.27344,276.32813,278.78906,276.32813,274.57031,11.95313,8.90625,11.25,11.60156,11.77734,12.07031,12.36328,12.36328,12.89063,13.125,12.53906,12.77344,12.77344,0.158691,0.13916,0.159912,0.12207,0.135498,0.12085,0.091553,0.085449,0.119629,0.114746,0.091553